   6.9764325e-03   0.0000000e+00
   6.9764325e-03   7.5187970e-03
   7.6303907e-03   1.5037594e-02
   8.2843488e-03   2.2556391e-02
   9.5922651e-03   3.0075188e-02
   1.0900181e-02   3.7593985e-02
   1.1336153e-02   4.5112782e-02
   1.1554140e-02   5.2631579e-02
   1.1772126e-02   6.0150376e-02
   1.2426084e-02   7.5187970e-02
   1.3734000e-02   9.0225564e-02
   1.4387958e-02   1.0526316e-01
   1.4823930e-02   1.1278195e-01
   1.5041916e-02   1.2030075e-01
   1.5695874e-02   1.4285714e-01
   1.6349833e-02   1.5037594e-01
   1.6567819e-02   1.6541353e-01
   1.7875735e-02   1.7293233e-01
   2.0492446e-02   1.8045113e-01
   2.0709554e-02   1.8796992e-01
   2.2018349e-02   2.0300752e-01
   2.2890293e-02   2.1804511e-01
   2.3326265e-02   2.4060150e-01
   2.4416195e-02   2.4812030e-01
   2.4634181e-02   2.5563910e-01
   2.4852167e-02   2.7819549e-01
   2.5942098e-02   2.8571429e-01
   2.6160084e-02   2.9323308e-01
   2.7468000e-02   3.0075188e-01
   2.8993902e-02   3.0827068e-01
   3.1609735e-02   3.1578947e-01
   3.3135637e-02   3.3082707e-01
   3.4880405e-02   3.3834586e-01
   3.5098391e-02   3.4586466e-01
   3.5534363e-02   3.5338346e-01
   3.6188321e-02   3.6090226e-01
   3.6624293e-02   3.6842105e-01
   3.7714223e-02   3.7593985e-01
   3.8368181e-02   3.8345865e-01
   3.9676098e-02   3.9097744e-01
   4.1637972e-02   3.9849624e-01
   4.2509916e-02   4.0601504e-01
   4.2727902e-02   4.1353383e-01
   4.2945888e-02   4.2105263e-01
   4.3163874e-02   4.2857143e-01
   4.5125749e-02   4.3609023e-01
   4.6651651e-02   4.5112782e-01
   4.8177554e-02   4.6616541e-01
   4.8395540e-02   4.7368421e-01
   4.9486349e-02   4.8120301e-01
   5.0794265e-02   4.8872180e-01
   5.2756140e-02   5.0375940e-01
   5.3628084e-02   5.2631579e-01
   5.4064056e-02   5.3383459e-01
   5.4936000e-02   5.5639098e-01
   5.5807944e-02   5.6390977e-01
   5.7551833e-02   5.7142857e-01
   5.9077735e-02   5.7894737e-01
   5.9295721e-02   5.8646617e-01
   5.9513707e-02   5.9398496e-01
   6.0385651e-02   6.0902256e-01
   6.5836181e-02   6.1654135e-01
   6.6490140e-02   6.2406015e-01
   6.6708126e-02   6.3157895e-01
   6.8016042e-02   6.3909774e-01
   6.8670000e-02   6.4661654e-01
   6.9977916e-02   6.5413534e-01
   7.1503819e-02   6.6165414e-01
   7.2157777e-02   6.6917293e-01
   7.4119651e-02   6.7669173e-01
   7.4555623e-02   6.8421053e-01
   7.4773609e-02   6.9172932e-01
   7.6518377e-02   6.9924812e-01
   7.8044279e-02   7.0676692e-01
   7.8262265e-02   7.1428571e-01
   7.9134209e-02   7.2180451e-01
   7.9570181e-02   7.2932331e-01
   8.0660112e-02   7.3684211e-01
   8.2404000e-02   7.4436090e-01
   8.4583860e-02   7.5187970e-01
   8.5019833e-02   7.5939850e-01
   8.5237819e-02   7.6691729e-01
   8.6545735e-02   7.8195489e-01
   8.7199693e-02   7.8947368e-01
   8.9161567e-02   7.9699248e-01
   9.0034391e-02   8.0451128e-01
   9.1342307e-02   8.1203008e-01
   9.1996265e-02   8.1954887e-01
   9.2214251e-02   8.2706767e-01
   1.0442235e-01   8.3458647e-01
   1.0507631e-01   8.4210526e-01
   1.0682020e-01   8.4962406e-01
   1.0834610e-01   8.5714286e-01
   1.0965401e-01   8.7969925e-01
   1.0987200e-01   8.8721805e-01
   1.1096193e-01   8.9473684e-01
   1.1684843e-01   9.0225564e-01
   1.1946427e-01   9.0977444e-01
   1.2142614e-01   9.2481203e-01
   1.2229808e-01   9.3233083e-01
   1.2404197e-01   9.3984962e-01
   1.2491392e-01   9.4736842e-01
   1.2927364e-01   9.5488722e-01
   1.3581410e-01   9.6240602e-01
   1.3668604e-01   9.6992481e-01
   1.3908389e-01   9.7744361e-01
   1.3973785e-01   9.8496241e-01
   1.4540636e-01   9.9248120e-01
   1.5303587e-01   1.0000000e+00
