   7.5925617e-03   0.0000000e+00
   7.5925617e-03   6.1728395e-03
   7.7071260e-03   1.2345679e-02
   8.2864647e-03   1.8518519e-02
   9.2697001e-03   2.4691358e-02
   9.3767774e-03   3.0864198e-02
   9.9157376e-03   3.7037037e-02
   1.2256671e-02   4.3209877e-02
   1.2825040e-02   4.9382716e-02
   1.4250335e-02   5.5555556e-02
   1.4753761e-02   6.1728395e-02
   1.4849629e-02   6.7901235e-02
   1.5629142e-02   7.4074074e-02
   1.6285868e-02   8.0246914e-02
   1.7775869e-02   8.6419753e-02
   1.8088661e-02   9.2592593e-02
   1.8209431e-02   9.8765432e-02
   1.9577555e-02   1.0493827e-01
   2.0405123e-02   1.1111111e-01
   2.1108632e-02   1.1728395e-01
   2.1213335e-02   1.2345679e-01
   2.1284857e-02   1.2962963e-01
   2.1292900e-02   1.3580247e-01
   2.2056809e-02   1.4197531e-01
   2.2351989e-02   1.4814815e-01
   2.3222636e-02   1.5432099e-01
   2.4138207e-02   1.6049383e-01
   2.4372823e-02   1.6666667e-01
   2.4618562e-02   1.7283951e-01
   2.4640986e-02   1.7901235e-01
   2.6507100e-02   1.8518519e-01
   2.6518327e-02   1.9135802e-01
   2.6738642e-02   1.9753086e-01
   2.7628144e-02   2.0370370e-01
   2.8229831e-02   2.0987654e-01
   2.8485892e-02   2.1604938e-01
   2.9163245e-02   2.2222222e-01
   2.9610777e-02   2.2839506e-01
   2.9790747e-02   2.3456790e-01
   3.0620458e-02   2.4074074e-01
   3.1830710e-02   2.4691358e-01
   3.1834819e-02   2.5308642e-01
   3.2146386e-02   2.5925926e-01
   3.2205859e-02   2.6543210e-01
   3.2279442e-02   2.7160494e-01
   3.2639692e-02   2.7777778e-01
   3.4378685e-02   2.8395062e-01
   3.4925012e-02   2.9012346e-01
   3.5203262e-02   2.9629630e-01
   3.6122682e-02   3.0246914e-01
   3.6228199e-02   3.0864198e-01
   3.6929531e-02   3.1481481e-01
   3.7336055e-02   3.2098765e-01
   3.7904937e-02   3.2716049e-01
   3.8260284e-02   3.3333333e-01
   3.8620297e-02   3.3950617e-01
   3.9315591e-02   3.4567901e-01
   3.9380889e-02   3.5185185e-01
   4.0553319e-02   3.5802469e-01
   4.1045253e-02   3.6419753e-01
   4.1157998e-02   3.7037037e-01
   4.1788460e-02   3.7654321e-01
   4.3905444e-02   3.8271605e-01
   4.4125417e-02   3.8888889e-01
   4.4260242e-02   3.9506173e-01
   4.4397587e-02   4.0123457e-01
   4.5836912e-02   4.0740741e-01
   4.7049790e-02   4.1358025e-01
   4.7101063e-02   4.1975309e-01
   4.8213883e-02   4.2592593e-01
   5.0750802e-02   4.3209877e-01
   5.1295927e-02   4.3827160e-01
   5.1560849e-02   4.4444444e-01
   5.2218820e-02   4.5061728e-01
   5.3715208e-02   4.5679012e-01
   5.5912368e-02   4.6296296e-01
   5.6137671e-02   4.6913580e-01
   5.7648483e-02   4.7530864e-01
   5.8092772e-02   4.8148148e-01
   5.9175838e-02   4.8765432e-01
   5.9198589e-02   4.9382716e-01
   6.1029254e-02   5.0000000e-01
   6.1520998e-02   5.0617284e-01
   6.1597063e-02   5.1234568e-01
   6.1659003e-02   5.1851852e-01
   6.1685706e-02   5.2469136e-01
   6.1825122e-02   5.3086420e-01
   6.2135852e-02   5.3703704e-01
   6.2447400e-02   5.4320988e-01
   6.2853497e-02   5.4938272e-01
   6.3264551e-02   5.5555556e-01
   6.4013184e-02   5.6172840e-01
   6.6803515e-02   5.6790123e-01
   6.7367522e-02   5.7407407e-01
   6.8058125e-02   5.8024691e-01
   6.8453535e-02   5.8641975e-01
   7.0906851e-02   5.9259259e-01
   7.1388596e-02   5.9876543e-01
   7.1417527e-02   6.0493827e-01
   7.3647009e-02   6.1111111e-01
   7.6680655e-02   6.1728395e-01
   7.7869588e-02   6.2345679e-01
   8.1587133e-02   6.2962963e-01
   8.2173477e-02   6.3580247e-01
   8.3418942e-02   6.4197531e-01
   8.4455410e-02   6.4814815e-01
   8.6618897e-02   6.5432099e-01
   8.7091907e-02   6.6049383e-01
   8.7331566e-02   6.6666667e-01
   8.8675316e-02   6.7283951e-01
   8.9205788e-02   6.7901235e-01
   9.0091013e-02   6.8518519e-01
   9.1373335e-02   6.9135802e-01
   9.2044612e-02   6.9753086e-01
   9.2307946e-02   7.0370370e-01
   9.2572423e-02   7.0987654e-01
   9.8492325e-02   7.1604938e-01
   1.0051725e-01   7.2222222e-01
   1.0128396e-01   7.2839506e-01
   1.0266852e-01   7.3456790e-01
   1.0678480e-01   7.4074074e-01
   1.0827535e-01   7.4691358e-01
   1.0996378e-01   7.5308642e-01
   1.1132092e-01   7.5925926e-01
   1.1180665e-01   7.6543210e-01
   1.1405411e-01   7.7160494e-01
   1.1448844e-01   7.7777778e-01
   1.1709144e-01   7.8395062e-01
   1.1732402e-01   7.9012346e-01
   1.1761262e-01   7.9629630e-01
   1.1815732e-01   8.0246914e-01
   1.1843538e-01   8.0864198e-01
   1.1880137e-01   8.1481481e-01
   1.2050762e-01   8.2098765e-01
   1.2366846e-01   8.2716049e-01
   1.2571822e-01   8.3333333e-01
   1.2726253e-01   8.3950617e-01
   1.3297313e-01   8.4567901e-01
   1.3418573e-01   8.5185185e-01
   1.3535399e-01   8.5802469e-01
   1.3835318e-01   8.6419753e-01
   1.3849839e-01   8.7037037e-01
   1.4167532e-01   8.7654321e-01
   1.4178841e-01   8.8271605e-01
   1.4513942e-01   8.8888889e-01
   1.4580810e-01   8.9506173e-01
   1.4696314e-01   9.0123457e-01
   1.4711336e-01   9.0740741e-01
   1.5110478e-01   9.1358025e-01
   1.5131221e-01   9.1975309e-01
   1.5384880e-01   9.2592593e-01
   1.5665161e-01   9.3209877e-01
   1.5762025e-01   9.3827160e-01
   1.6171803e-01   9.4444444e-01
   1.6820894e-01   9.5061728e-01
   1.7665941e-01   9.5679012e-01
   1.7691111e-01   9.6296296e-01
   1.8110470e-01   9.6913580e-01
   1.8607195e-01   9.7530864e-01
   1.8916033e-01   9.8148148e-01
   2.1193780e-01   9.8765432e-01
   2.2204441e-01   9.9382716e-01
   2.4052088e-01   1.0000000e+00
