   6.1038291e-03   0.0000000e+00
   6.1038291e-03   7.5187970e-03
   6.7577872e-03   1.5037594e-02
   6.9759930e-03   3.0075188e-02
   7.6299512e-03   3.7593985e-02
   9.5918256e-03   5.2631579e-02
   1.1554359e-02   6.0150376e-02
   1.3516234e-02   6.7669173e-02
   1.3733780e-02   7.5187970e-02
   1.3951986e-02   8.2706767e-02
   1.5259902e-02   9.0225564e-02
   1.5478108e-02   9.7744361e-02
   1.5913860e-02   1.1278195e-01
   1.6132066e-02   1.2030075e-01
   1.6350272e-02   1.2781955e-01
   1.7004230e-02   1.4285714e-01
   1.7875735e-02   1.5789474e-01
   1.8530352e-02   1.8045113e-01
   1.8747899e-02   1.8796992e-01
   1.8966105e-02   1.9548872e-01
   1.9184310e-02   2.0300752e-01
   1.9838269e-02   2.1052632e-01
   2.2671648e-02   2.1804511e-01
   2.3980223e-02   2.2556391e-01
   2.4634181e-02   2.3308271e-01
   2.5069934e-02   2.4060150e-01
   2.5288140e-02   2.6315789e-01
   2.6160303e-02   2.7067669e-01
   2.6377850e-02   2.9323308e-01
   2.7468220e-02   3.0075188e-01
   2.8122178e-02   3.1578947e-01
   2.8993683e-02   3.2330827e-01
   2.9211888e-02   3.3082707e-01
   2.9647641e-02   3.4586466e-01
   3.0302258e-02   3.5338346e-01
   3.0738010e-02   3.6090226e-01
   3.2045927e-02   3.6842105e-01
   3.2264133e-02   3.7593985e-01
   3.2918091e-02   3.9097744e-01
   3.4226007e-02   3.9849624e-01
   3.4444213e-02   4.0601504e-01
   3.6406087e-02   4.2105263e-01
   3.6624293e-02   4.2857143e-01
   3.6841840e-02   4.3609023e-01
   3.7060045e-02   4.4360902e-01
   3.7714003e-02   4.5112782e-01
   3.9240126e-02   4.6616541e-01
   3.9457672e-02   4.7368421e-01
   3.9675878e-02   4.8120301e-01
   4.1202000e-02   4.8872180e-01
   4.1637752e-02   4.9624060e-01
   4.3600286e-02   5.0375940e-01
   4.4471791e-02   5.1127820e-01
   4.7088283e-02   5.1879699e-01
   4.7524035e-02   5.2631579e-01
   4.9050157e-02   5.3383459e-01
   4.9922321e-02   5.4135338e-01
   5.0139867e-02   5.4887218e-01
   5.1012031e-02   5.5639098e-01
   5.1665990e-02   5.6390977e-01
   5.2101742e-02   5.7142857e-01
   5.2973906e-02   5.7894737e-01
   5.3409658e-02   5.8646617e-01
   5.4935780e-02   5.9398496e-01
   5.6897655e-02   6.0150376e-01
   5.7988024e-02   6.0902256e-01
   5.8423777e-02   6.2406015e-01
   5.9514146e-02   6.3157895e-01
   6.0386310e-02   6.3909774e-01
   6.2348185e-02   6.4661654e-01
   6.3002143e-02   6.5413534e-01
   6.6707686e-02   6.6917293e-01
   6.7579850e-02   6.7669173e-01
   6.8016262e-02   6.8421053e-01
   6.9978136e-02   6.9924812e-01
   7.1286052e-02   7.0676692e-01
   7.2158216e-02   7.1428571e-01
   7.2812174e-02   7.2932331e-01
   7.5209801e-02   7.3684211e-01
   7.6517717e-02   7.4436090e-01
   7.9351756e-02   7.5187970e-01
   8.0223920e-02   7.5939850e-01
   8.1314290e-02   7.6691729e-01
   8.2404000e-02   7.7443609e-01
   8.3057958e-02   7.8195489e-01
   8.4365874e-02   7.8947368e-01
   8.9379993e-02   8.0451128e-01
   9.3303742e-02   8.1954887e-01
   9.5483822e-02   8.2706767e-01
   9.6574192e-02   8.3458647e-01
   9.8971819e-02   8.4210526e-01
   1.0027973e-01   8.4962406e-01
   1.0049794e-01   8.5714286e-01
   1.0093369e-01   8.6466165e-01
   1.0224227e-01   8.7218045e-01
   1.0573027e-01   8.7969925e-01
   1.0769214e-01   8.8721805e-01
   1.0812789e-01   8.9473684e-01
   1.0834610e-01   9.0225564e-01
   1.0900006e-01   9.0977444e-01
   1.0921826e-01   9.1729323e-01
   1.1379597e-01   9.2481203e-01
   1.1881009e-01   9.3233083e-01
   1.2033621e-01   9.3984962e-01
   1.2077196e-01   9.4736842e-01
   1.2099017e-01   9.5488722e-01
   1.2360600e-01   9.6240602e-01
   1.2578608e-01   9.6992481e-01
   1.5194572e-01   9.7744361e-01
   1.6088425e-01   9.8496241e-01
   1.7309191e-01   9.9248120e-01
   1.9576422e-01   1.0000000e+00
