   4.7959128e-03   0.0000000e+00
   4.7959128e-03   6.1728395e-03
   5.4498709e-03   1.8518519e-02
   5.6680767e-03   2.4691358e-02
   5.8862825e-03   3.0864198e-02
   6.1038291e-03   4.3209877e-02
   6.7577872e-03   4.9382716e-02
   6.9759930e-03   6.1728395e-02
   7.6299512e-03   6.7901235e-02
   7.8481570e-03   7.4074074e-02
   8.2839093e-03   8.0246914e-02
   8.9378675e-03   8.6419753e-02
   9.5918256e-03   9.8765432e-02
   1.0899742e-02   1.0493827e-01
   1.1554359e-02   1.1111111e-01
   1.1771906e-02   1.1728395e-01
   1.2208317e-02   1.2345679e-01
   1.3079822e-02   1.2962963e-01
   1.3516234e-02   1.4197531e-01
   1.3733780e-02   1.4814815e-01
   1.3951986e-02   1.5432099e-01
   1.5259902e-02   1.6049383e-01
   1.5478108e-02   1.6666667e-01
   1.5696314e-02   1.7283951e-01
   1.5913860e-02   1.8518519e-01
   1.6132066e-02   1.9753086e-01
   1.6350272e-02   2.0987654e-01
   1.7004230e-02   2.2222222e-01
   1.7875735e-02   2.3456790e-01
   1.8530352e-02   2.5308642e-01
   1.8747899e-02   2.5925926e-01
   1.8966105e-02   2.6543210e-01
   1.9184310e-02   2.7160494e-01
   1.9838269e-02   2.7777778e-01
   2.1363731e-02   2.8395062e-01
   2.1581937e-02   2.9012346e-01
   2.2017690e-02   2.9629630e-01
   2.2671648e-02   3.0864198e-01
   2.3108059e-02   3.1481481e-01
   2.3980223e-02   3.2098765e-01
   2.4634181e-02   3.2716049e-01
   2.5069934e-02   3.3333333e-01
   2.5288140e-02   3.5185185e-01
   2.5723892e-02   3.5802469e-01
   2.6160303e-02   3.7037037e-01
   2.6377850e-02   3.8888889e-01
   2.7250014e-02   3.9506173e-01
   2.7468220e-02   4.0123457e-01
   2.8122178e-02   4.1975309e-01
   2.8993683e-02   4.2592593e-01
   2.9211888e-02   4.3209877e-01
   2.9647641e-02   4.4444444e-01
   3.0302258e-02   4.5061728e-01
   3.0738010e-02   4.5679012e-01
   3.2045927e-02   4.6296296e-01
   3.2264133e-02   4.6913580e-01
   3.2918091e-02   4.8148148e-01
   3.4226007e-02   4.8765432e-01
   3.4444213e-02   4.9382716e-01
   3.6406087e-02   5.0617284e-01
   3.6624293e-02   5.1234568e-01
   3.6841840e-02   5.1851852e-01
   3.7060045e-02   5.2469136e-01
   3.7714003e-02   5.3703704e-01
   3.9240126e-02   5.4938272e-01
   3.9457672e-02   5.5555556e-01
   3.9675878e-02   5.6790123e-01
   4.1202000e-02   5.7407407e-01
   4.1637752e-02   5.8024691e-01
   4.3600286e-02   5.8641975e-01
   4.4471791e-02   5.9259259e-01
   4.7088283e-02   5.9876543e-01
   4.7524035e-02   6.0493827e-01
   4.9050157e-02   6.1111111e-01
   4.9922321e-02   6.1728395e-01
   5.0139867e-02   6.2345679e-01
   5.1012031e-02   6.2962963e-01
   5.1665990e-02   6.3580247e-01
   5.2101742e-02   6.4197531e-01
   5.2973906e-02   6.4814815e-01
   5.3409658e-02   6.5432099e-01
   5.4935780e-02   6.6049383e-01
   5.6897655e-02   6.6666667e-01
   5.7988024e-02   6.7283951e-01
   5.8423777e-02   6.8518519e-01
   5.9514146e-02   6.9135802e-01
   6.0386310e-02   6.9753086e-01
   6.2348185e-02   7.0370370e-01
   6.3002143e-02   7.0987654e-01
   6.6707686e-02   7.2222222e-01
   6.7579850e-02   7.2839506e-01
   6.8016262e-02   7.3456790e-01
   6.9978136e-02   7.4691358e-01
   7.1286052e-02   7.5308642e-01
   7.2158216e-02   7.5925926e-01
   7.2812174e-02   7.7160494e-01
   7.5209801e-02   7.7777778e-01
   7.6517717e-02   7.8395062e-01
   7.8697798e-02   7.9012346e-01
   7.9351756e-02   7.9629630e-01
   8.0223920e-02   8.0246914e-01
   8.1314290e-02   8.0864198e-01
   8.2404000e-02   8.1481481e-01
   8.3057958e-02   8.2098765e-01
   8.4365874e-02   8.2716049e-01
   8.9379993e-02   8.3950617e-01
   9.3303742e-02   8.5185185e-01
   9.5483822e-02   8.5802469e-01
   9.6574192e-02   8.6419753e-01
   9.8971819e-02   8.7037037e-01
   1.0027973e-01   8.7654321e-01
   1.0049794e-01   8.8271605e-01
   1.0093369e-01   8.8888889e-01
   1.0224227e-01   8.9506173e-01
   1.0573027e-01   9.0123457e-01
   1.0769214e-01   9.0740741e-01
   1.0812789e-01   9.1358025e-01
   1.0834610e-01   9.1975309e-01
   1.0900006e-01   9.2592593e-01
   1.0921826e-01   9.3209877e-01
   1.1379597e-01   9.3827160e-01
   1.1881009e-01   9.4444444e-01
   1.2033621e-01   9.5061728e-01
   1.2077196e-01   9.5679012e-01
   1.2099017e-01   9.6296296e-01
   1.2360600e-01   9.6913580e-01
   1.2578608e-01   9.7530864e-01
   1.5194572e-01   9.8148148e-01
   1.6088425e-01   9.8765432e-01
   1.7309191e-01   9.9382716e-01
   1.9576422e-01   1.0000000e+00
