   4.2808377e-03   0.0000000e+00
   4.2808377e-03   4.6728972e-03
   4.6159017e-03   9.3457944e-03
   5.2421105e-03   1.8691589e-02
   5.3005373e-03   2.3364486e-02
   5.5881913e-03   2.8037383e-02
   5.8977947e-03   3.2710280e-02
   6.0751046e-03   3.7383178e-02
   6.2766524e-03   4.2056075e-02
   6.3276443e-03   4.6728972e-02
   6.4790006e-03   5.1401869e-02
   6.5684492e-03   5.6074766e-02
   6.6026649e-03   6.0747664e-02
   6.7163707e-03   6.5420561e-02
   6.8799515e-03   7.0093458e-02
   6.8912300e-03   7.4766355e-02
   6.8965764e-03   8.4112150e-02
   7.1944718e-03   8.8785047e-02
   7.2080320e-03   1.0280374e-01
   7.2205755e-03   1.0747664e-01
   7.5338372e-03   1.1214953e-01
   7.5515746e-03   1.2149533e-01
   7.5740695e-03   1.2616822e-01
   7.6252816e-03   1.4018692e-01
   7.6691392e-03   1.4485981e-01
   7.7543528e-03   1.4953271e-01
   7.8631582e-03   1.5420561e-01
   7.8732790e-03   1.5887850e-01
   7.9080895e-03   1.6355140e-01
   8.0060958e-03   1.6822430e-01
   8.0542785e-03   1.7289720e-01
   8.1889606e-03   1.7757009e-01
   8.3547789e-03   1.8224299e-01
   8.3959078e-03   1.8691589e-01
   8.5262799e-03   1.9158879e-01
   8.5838571e-03   1.9626168e-01
   8.6535673e-03   2.0093458e-01
   8.8435881e-03   2.0560748e-01
   8.8607886e-03   2.1028037e-01
   8.8742974e-03   2.1495327e-01
   9.1739686e-03   2.1962617e-01
   9.1795837e-03   2.2897196e-01
   9.2150434e-03   2.4299065e-01
   9.3017177e-03   2.4766355e-01
   9.3305115e-03   2.5233645e-01
   9.4740726e-03   2.5700935e-01
   9.5262531e-03   2.6168224e-01
   9.5787144e-03   2.6635514e-01
   9.5983852e-03   2.7570093e-01
   9.7149393e-03   2.8037383e-01
   9.8290948e-03   2.8504673e-01
   9.8813258e-03   2.8971963e-01
   1.0072428e-02   2.9439252e-01
   1.0104778e-02   2.9906542e-01
   1.0153612e-02   3.0841121e-01
   1.0170833e-02   3.1308411e-01
   1.0239884e-02   3.1775701e-01
   1.0352637e-02   3.2242991e-01
   1.0484779e-02   3.3177570e-01
   1.0522435e-02   3.3644860e-01
   1.0615493e-02   3.4112150e-01
   1.0718583e-02   3.4579439e-01
   1.0808408e-02   3.5046729e-01
   1.0830907e-02   3.5514019e-01
   1.0882324e-02   3.5981308e-01
   1.0892261e-02   3.6448598e-01
   1.0900775e-02   3.6915888e-01
   1.0978452e-02   3.7850467e-01
   1.1112435e-02   3.8317757e-01
   1.1141961e-02   3.8785047e-01
   1.1181907e-02   3.9252336e-01
   1.1250871e-02   4.0186916e-01
   1.1260542e-02   4.0654206e-01
   1.1282537e-02   4.1588785e-01
   1.1363300e-02   4.2056075e-01
   1.1487948e-02   4.2523364e-01
   1.1515099e-02   4.2990654e-01
   1.1527215e-02   4.3457944e-01
   1.1596326e-02   4.3925234e-01
   1.1763855e-02   4.4392523e-01
   1.1795016e-02   4.4859813e-01
   1.1906108e-02   4.5327103e-01
   1.1928540e-02   4.5794393e-01
   1.2009144e-02   4.6261682e-01
   1.2135879e-02   4.6728972e-01
   1.2150889e-02   4.7196262e-01
   1.2450142e-02   4.7663551e-01
   1.2656404e-02   4.8130841e-01
   1.2773586e-02   4.8598131e-01
   1.2790787e-02   4.9065421e-01
   1.2839204e-02   4.9532710e-01
   1.2902020e-02   5.0000000e-01
   1.3046466e-02   5.0467290e-01
   1.3104442e-02   5.0934579e-01
   1.3184050e-02   5.1401869e-01
   1.3189598e-02   5.1869159e-01
   1.3296517e-02   5.2336449e-01
   1.3379891e-02   5.2803738e-01
   1.3442679e-02   5.3271028e-01
   1.3446261e-02   5.3738318e-01
   1.3489324e-02   5.4205607e-01
   1.3495324e-02   5.5140187e-01
   1.3567357e-02   5.5607477e-01
   1.3758772e-02   5.6074766e-01
   1.3782460e-02   5.6542056e-01
   1.3794282e-02   5.7009346e-01
   1.3939993e-02   5.7476636e-01
   1.3984144e-02   5.7943925e-01
   1.4060499e-02   5.8411215e-01
   1.4083432e-02   5.8878505e-01
   1.4139789e-02   5.9813084e-01
   1.4213611e-02   6.0280374e-01
   1.4230132e-02   6.0747664e-01
   1.4416079e-02   6.1214953e-01
   1.4448718e-02   6.1682243e-01
   1.4449385e-02   6.2149533e-01
   1.4750290e-02   6.2616822e-01
   1.4756174e-02   6.3084112e-01
   1.4860481e-02   6.3551402e-01
   1.4981183e-02   6.4018692e-01
   1.5162865e-02   6.4485981e-01
   1.5237221e-02   6.4953271e-01
   1.5393917e-02   6.5420561e-01
   1.5404596e-02   6.5887850e-01
   1.5442516e-02   6.6355140e-01
   1.5456122e-02   6.6822430e-01
   1.5723324e-02   6.7289720e-01
   1.5944975e-02   6.7757009e-01
   1.6058422e-02   6.8224299e-01
   1.6094679e-02   6.8691589e-01
   1.6547545e-02   6.9158879e-01
   1.6721653e-02   6.9626168e-01
   1.6792251e-02   7.0093458e-01
   1.6805560e-02   7.0560748e-01
   1.7045281e-02   7.1028037e-01
   1.7168834e-02   7.1495327e-01
   1.7291171e-02   7.1962617e-01
   1.7398061e-02   7.2429907e-01
   1.7435325e-02   7.2897196e-01
   1.7508854e-02   7.3364486e-01
   1.7776140e-02   7.3831776e-01
   1.8072744e-02   7.4299065e-01
   1.8282763e-02   7.4766355e-01
   1.8406382e-02   7.5233645e-01
   1.8464874e-02   7.5700935e-01
   1.8470682e-02   7.6168224e-01
   1.8790903e-02   7.6635514e-01
   1.8828838e-02   7.7102804e-01
   1.9944324e-02   7.7570093e-01
   2.0124517e-02   7.8037383e-01
   2.0663125e-02   7.8504673e-01
   2.0829081e-02   7.8971963e-01
   2.0964519e-02   7.9439252e-01
   2.0968985e-02   7.9906542e-01
   2.1117669e-02   8.0373832e-01
   2.1316228e-02   8.1308411e-01
   2.1509912e-02   8.1775701e-01
   2.2226941e-02   8.2242991e-01
   2.2353207e-02   8.2710280e-01
   2.2600845e-02   8.3177570e-01
   2.3581933e-02   8.3644860e-01
   2.3661894e-02   8.4112150e-01
   2.4236804e-02   8.4579439e-01
   2.4874521e-02   8.5046729e-01
   2.4926255e-02   8.5514019e-01
   2.5389288e-02   8.5981308e-01
   2.5852031e-02   8.6448598e-01
   2.5980290e-02   8.6915888e-01
   2.6074616e-02   8.7383178e-01
   2.6766195e-02   8.7850467e-01
   2.6866780e-02   8.8317757e-01
   2.7118454e-02   8.8785047e-01
   2.7992644e-02   8.9252336e-01
   2.8153837e-02   8.9719626e-01
   2.9153228e-02   9.0186916e-01
   2.9162413e-02   9.0654206e-01
   2.9237643e-02   9.1121495e-01
   3.1031925e-02   9.1588785e-01
   3.3456106e-02   9.2056075e-01
   3.3973255e-02   9.2523364e-01
   3.6938669e-02   9.2990654e-01
   4.1932065e-02   9.3457944e-01
   4.2760984e-02   9.3925234e-01
   4.4543321e-02   9.4392523e-01
   4.5151446e-02   9.4859813e-01
   4.7017244e-02   9.5327103e-01
   4.9238015e-02   9.5794393e-01
   5.3388387e-02   9.6261682e-01
   5.4824724e-02   9.6728972e-01
   5.5715980e-02   9.7196262e-01
   6.1027047e-02   9.7663551e-01
   6.9542812e-02   9.8130841e-01
   8.9022373e-02   9.8598131e-01
   1.0546784e-01   9.9065421e-01
   1.6790192e-01   9.9532710e-01
   1.6981242e-01   1.0000000e+00
