   3.7576000e-03   0.0000000e+00
   3.7576000e-03   2.4390244e-03
   4.0992000e-03   4.8780488e-03
   5.1240000e-03   9.7560976e-03
   5.4656000e-03   1.4634146e-02
   5.8072000e-03   2.1951220e-02
   6.1488000e-03   2.6829268e-02
   6.4904000e-03   4.1463415e-02
   6.8320000e-03   4.8780488e-02
   7.1736000e-03   6.3414634e-02
   7.5152000e-03   7.0731707e-02
   7.8568000e-03   8.0487805e-02
   8.1984000e-03   9.7560976e-02
   8.5400000e-03   1.1219512e-01
   8.8816000e-03   1.3414634e-01
   9.2232000e-03   1.4146341e-01
   9.5648000e-03   1.4634146e-01
   9.9064000e-03   1.5853659e-01
   1.0248000e-02   1.6829268e-01
   1.0589600e-02   1.9512195e-01
   1.0931200e-02   2.0731707e-01
   1.1272800e-02   2.3658537e-01
   1.1613600e-02   2.4146341e-01
   1.1955200e-02   2.8048780e-01
   1.2296800e-02   3.0731707e-01
   1.2639200e-02   3.4146341e-01
   1.2980000e-02   3.5365854e-01
   1.3321600e-02   3.8780488e-01
   1.3663200e-02   3.9268293e-01
   1.4004800e-02   4.1219512e-01
   1.4346400e-02   4.3170732e-01
   1.4688000e-02   4.4390244e-01
   1.5029600e-02   4.6341463e-01
   1.5371200e-02   4.7804878e-01
   1.5712800e-02   4.9756098e-01
   1.6054400e-02   5.0975610e-01
   1.6396000e-02   5.3170732e-01
   1.6737600e-02   5.4146341e-01
   1.7079200e-02   5.5853659e-01
   1.7420800e-02   5.7073171e-01
   1.7762400e-02   5.7317073e-01
   1.8104000e-02   5.7804878e-01
   1.8445600e-02   5.9268293e-01
   1.8787200e-02   6.0487805e-01
   1.9128800e-02   6.1219512e-01
   1.9470400e-02   6.2195122e-01
   1.9812000e-02   6.3658537e-01
   2.0153600e-02   6.4390244e-01
   2.0495200e-02   6.5853659e-01
   2.0836800e-02   6.6341463e-01
   2.1178400e-02   6.8292683e-01
   2.1520000e-02   6.8780488e-01
   2.1861600e-02   7.0487805e-01
   2.2203200e-02   7.0975610e-01
   2.2544800e-02   7.2439024e-01
   2.2886400e-02   7.2926829e-01
   2.3228000e-02   7.4878049e-01
   2.3569600e-02   7.5609756e-01
   2.3911200e-02   7.6341463e-01
   2.4252800e-02   7.6829268e-01
   2.4594400e-02   7.7804878e-01
   2.4936000e-02   7.8536585e-01
   2.5277600e-02   7.9268293e-01
   2.5619200e-02   8.0000000e-01
   2.5960800e-02   8.0487805e-01
   2.6644000e-02   8.2195122e-01
   2.6985600e-02   8.2926829e-01
   2.7668800e-02   8.3902439e-01
   2.8693600e-02   8.4390244e-01
   2.9035200e-02   8.5121951e-01
   2.9376800e-02   8.5609756e-01
   3.0060000e-02   8.5853659e-01
   3.0401600e-02   8.6341463e-01
   3.0743200e-02   8.6829268e-01
   3.1084800e-02   8.7804878e-01
   3.2109600e-02   8.8048780e-01
   3.2451200e-02   8.8292683e-01
   3.2792800e-02   8.8536585e-01
   3.3134400e-02   8.8780488e-01
   3.3476000e-02   8.9024390e-01
   3.3817600e-02   8.9268293e-01
   3.4159200e-02   8.9512195e-01
   3.4500000e-02   9.0243902e-01
   3.5183200e-02   9.0487805e-01
   3.5866400e-02   9.0731707e-01
   3.6208800e-02   9.0975610e-01
   3.6549600e-02   9.1219512e-01
   3.6891200e-02   9.1463415e-01
   3.7232800e-02   9.1707317e-01
   3.7916000e-02   9.2195122e-01
   3.8599200e-02   9.2682927e-01
   3.9282400e-02   9.2926829e-01
   3.9965600e-02   9.3658537e-01
   4.0307200e-02   9.3902439e-01
   4.0990400e-02   9.4146341e-01
   4.2015200e-02   9.4634146e-01
   4.2356800e-02   9.5121951e-01
   4.5089600e-02   9.5365854e-01
   4.7139200e-02   9.5609756e-01
   4.7822400e-02   9.5853659e-01
   4.8164000e-02   9.6097561e-01
   5.1580000e-02   9.6585366e-01
   5.2946400e-02   9.6829268e-01
   5.7728800e-02   9.7073171e-01
   6.0119200e-02   9.7317073e-01
   6.1144000e-02   9.7560976e-01
   6.2510400e-02   9.7804878e-01
   6.4901600e-02   9.8048780e-01
   6.6268000e-02   9.8292683e-01
   7.5149600e-02   9.8536585e-01
   7.5491200e-02   9.8780488e-01
   7.5832800e-02   9.9024390e-01
   7.8224000e-02   9.9268293e-01
   8.3347200e-02   9.9512195e-01
   8.5396800e-02   9.9756098e-01
   1.0657520e-01   1.0000000e+00
