   2.5480000e-03   0.0000000e+00
   2.5480000e-03   1.2820513e-02
   3.2760000e-03   3.2051282e-02
   3.6400000e-03   5.1282051e-02
   4.0040000e-03   8.3333333e-02
   4.3680000e-03   1.0897436e-01
   4.7312000e-03   1.2179487e-01
   5.0952000e-03   1.7948718e-01
   5.4592000e-03   2.2435897e-01
   5.8232000e-03   2.7564103e-01
   6.1872000e-03   3.0128205e-01
   6.5512000e-03   3.5897436e-01
   6.9152000e-03   3.6538462e-01
   7.2792000e-03   3.9102564e-01
   7.6432000e-03   4.0384615e-01
   8.0072000e-03   4.1025641e-01
   8.3712000e-03   4.4230769e-01
   8.7352000e-03   4.6153846e-01
   9.0992000e-03   5.0000000e-01
   9.4632000e-03   5.1923077e-01
   9.8272000e-03   5.3205128e-01
   1.0191200e-02   5.3846154e-01
   1.0555200e-02   5.5769231e-01
   1.1647200e-02   5.7051282e-01
   1.2375200e-02   5.9615385e-01
   1.2739200e-02   6.0256410e-01
   1.3103200e-02   6.1538462e-01
   1.3467200e-02   6.2820513e-01
   1.3830400e-02   6.4102564e-01
   1.4194400e-02   6.6025641e-01
   1.4558400e-02   6.6666667e-01
   1.5286400e-02   6.7307692e-01
   1.5650400e-02   6.7948718e-01
   1.6742400e-02   6.9230769e-01
   1.7106400e-02   6.9871795e-01
   1.8562400e-02   7.0512821e-01
   1.8926400e-02   7.1153846e-01
   1.9290400e-02   7.1794872e-01
   1.9654400e-02   7.2435897e-01
   2.0018400e-02   7.3076923e-01
   2.1110400e-02   7.3717949e-01
   2.1837600e-02   7.4358974e-01
   2.4385600e-02   7.5000000e-01
   2.4749600e-02   7.5641026e-01
   2.5477600e-02   7.6923077e-01
   2.5841600e-02   7.7564103e-01
   2.7661600e-02   7.8205128e-01
   2.8753600e-02   7.8846154e-01
   2.9845600e-02   8.0128205e-01
   3.0209600e-02   8.1410256e-01
   3.1301600e-02   8.2051282e-01
   3.1664800e-02   8.2692308e-01
   3.4212800e-02   8.3333333e-01
   3.5304800e-02   8.3974359e-01
   3.6760800e-02   8.5256410e-01
   3.7488800e-02   8.5897436e-01
   3.8580800e-02   8.7179487e-01
   3.9308800e-02   8.7820513e-01
   3.9672800e-02   8.8461538e-01
   4.0764000e-02   8.9102564e-01
   4.2584000e-02   8.9743590e-01
   4.4768000e-02   9.0384615e-01
   4.5860000e-02   9.1025641e-01
   4.8771200e-02   9.1666667e-01
   4.9863200e-02   9.2307692e-01
   5.0955200e-02   9.2948718e-01
   5.1319200e-02   9.3589744e-01
   5.2411200e-02   9.4230769e-01
   5.5687200e-02   9.4871795e-01
   6.3330400e-02   9.5512821e-01
   6.5514400e-02   9.6153846e-01
   6.6242400e-02   9.6794872e-01
   6.7333600e-02   9.7435897e-01
   6.9153600e-02   9.8076923e-01
   7.1337600e-02   9.8717949e-01
   7.3157600e-02   9.9358974e-01
   8.0072800e-02   1.0000000e+00
