   7.3613329e-03   0.0000000e+00
   7.3613329e-03   3.8461538e-03
   7.5864754e-03   7.6923077e-03
   9.5950633e-03   1.1538462e-02
   1.0387031e-02   1.5384615e-02
   1.0446603e-02   1.9230769e-02
   1.0683660e-02   2.3076923e-02
   1.0900901e-02   2.6923077e-02
   1.0957277e-02   3.0769231e-02
   1.1420831e-02   3.4615385e-02
   1.1712465e-02   3.8461538e-02
   1.2118539e-02   4.2307692e-02
   1.2418734e-02   5.0000000e-02
   1.2964475e-02   5.3846154e-02
   1.3276137e-02   5.7692308e-02
   1.3290019e-02   6.5384615e-02
   1.3477745e-02   6.9230769e-02
   1.3577979e-02   7.6923077e-02
   1.3831101e-02   8.0769231e-02
   1.3986189e-02   8.8461538e-02
   1.4228806e-02   9.2307692e-02
   1.4404540e-02   1.0000000e-01
   1.4411768e-02   1.0384615e-01
   1.4546968e-02   1.0769231e-01
   1.4556311e-02   1.1153846e-01
   1.4723119e-02   1.1923077e-01
   1.4969360e-02   1.2307692e-01
   1.5551411e-02   1.2692308e-01
   1.5627520e-02   1.3076923e-01
   1.5683240e-02   1.3461538e-01
   1.5708556e-02   1.3846154e-01
   1.5844604e-02   1.4230769e-01
   1.5880319e-02   1.4615385e-01
   1.6271328e-02   1.5000000e-01
   1.6427569e-02   1.5384615e-01
   1.6456556e-02   1.5769231e-01
   1.6671091e-02   1.6153846e-01
   1.6673571e-02   1.6538462e-01
   1.7023588e-02   1.6923077e-01
   1.7033128e-02   1.7307692e-01
   1.7043904e-02   1.7692308e-01
   1.7094031e-02   1.8076923e-01
   1.7144950e-02   1.8461538e-01
   1.7285796e-02   1.8846154e-01
   1.7592710e-02   1.9230769e-01
   1.7776679e-02   1.9615385e-01
   1.8045631e-02   2.0000000e-01
   1.8209612e-02   2.0384615e-01
   1.8323269e-02   2.0769231e-01
   1.8445056e-02   2.1153846e-01
   1.8527973e-02   2.1538462e-01
   1.8530637e-02   2.2307692e-01
   1.8722315e-02   2.2692308e-01
   1.8725860e-02   2.3076923e-01
   1.9152003e-02   2.3461538e-01
   1.9174194e-02   2.3846154e-01
   1.9219259e-02   2.4230769e-01
   1.9303042e-02   2.4615385e-01
   1.9479701e-02   2.5000000e-01
   1.9583801e-02   2.5384615e-01
   1.9683142e-02   2.5769231e-01
   1.9871857e-02   2.6538462e-01
   1.9876975e-02   2.6923077e-01
   1.9905307e-02   2.7692308e-01
   1.9966774e-02   2.8076923e-01
   1.9988168e-02   2.8461538e-01
   2.0382253e-02   2.8846154e-01
   2.0395544e-02   2.9230769e-01
   2.0466740e-02   2.9615385e-01
   2.0569705e-02   3.0000000e-01
   2.0592342e-02   3.0384615e-01
   2.0741714e-02   3.0769231e-01
   2.0947430e-02   3.1153846e-01
   2.1493718e-02   3.1538462e-01
   2.1558961e-02   3.1923077e-01
   2.1607116e-02   3.2307692e-01
   2.1726614e-02   3.2692308e-01
   2.1805737e-02   3.3076923e-01
   2.2114249e-02   3.3461538e-01
   2.2122501e-02   3.4230769e-01
   2.2353602e-02   3.4615385e-01
   2.2387727e-02   3.5000000e-01
   2.2463411e-02   3.5384615e-01
   2.2621867e-02   3.5769231e-01
   2.2801801e-02   3.6153846e-01
   2.2933044e-02   3.6538462e-01
   2.3033482e-02   3.6923077e-01
   2.3067820e-02   3.7307692e-01
   2.3163297e-02   3.8076923e-01
   2.3244187e-02   3.8461538e-01
   2.3518892e-02   3.8846154e-01
   2.3761964e-02   3.9230769e-01
   2.3786347e-02   3.9615385e-01
   2.4124474e-02   4.0000000e-01
   2.4206252e-02   4.0769231e-01
   2.4432802e-02   4.1153846e-01
   2.4495202e-02   4.1538462e-01
   2.5208355e-02   4.1923077e-01
   2.5343396e-02   4.2307692e-01
   2.5535641e-02   4.2692308e-01
   2.5550354e-02   4.3461538e-01
   2.5610659e-02   4.3846154e-01
   2.5641614e-02   4.4230769e-01
   2.5671902e-02   4.4615385e-01
   2.5676700e-02   4.5000000e-01
   2.5969853e-02   4.5384615e-01
   2.6370010e-02   4.5769231e-01
   2.6389622e-02   4.6153846e-01
   2.6497660e-02   4.6538462e-01
   2.6580483e-02   4.6923077e-01
   2.6648419e-02   4.7307692e-01
   2.6900348e-02   4.7692308e-01
   2.6945709e-02   4.8076923e-01
   2.6971991e-02   4.8461538e-01
   2.7070810e-02   4.8846154e-01
   2.7296623e-02   4.9230769e-01
   2.7352773e-02   4.9615385e-01
   2.7392638e-02   5.0000000e-01
   2.7404230e-02   5.0384615e-01
   2.7490488e-02   5.0769231e-01
   2.8211450e-02   5.1153846e-01
   2.8217605e-02   5.1538462e-01
   2.8626178e-02   5.1923077e-01
   2.8729737e-02   5.2307692e-01
   2.9386969e-02   5.2692308e-01
   2.9711065e-02   5.3076923e-01
   3.0601796e-02   5.3461538e-01
   3.1078133e-02   5.3846154e-01
   3.1302982e-02   5.4230769e-01
   3.1539510e-02   5.4615385e-01
   3.1822735e-02   5.5000000e-01
   3.2376633e-02   5.5384615e-01
   3.2428056e-02   5.5769231e-01
   3.2442750e-02   5.6153846e-01
   3.3082736e-02   5.6538462e-01
   3.3750699e-02   5.6923077e-01
   3.3982895e-02   5.7307692e-01
   3.4292312e-02   5.7692308e-01
   3.4599386e-02   5.8076923e-01
   3.5661923e-02   5.8461538e-01
   3.5715677e-02   5.8846154e-01
   3.5729718e-02   5.9230769e-01
   3.5792569e-02   5.9615385e-01
   3.6612465e-02   6.0000000e-01
   3.7053780e-02   6.0384615e-01
   3.7261147e-02   6.0769231e-01
   3.7329037e-02   6.1153846e-01
   3.7930898e-02   6.1538462e-01
   3.7980210e-02   6.1923077e-01
   3.8682641e-02   6.2307692e-01
   3.8900305e-02   6.2692308e-01
   4.0464197e-02   6.3076923e-01
   4.0763798e-02   6.3461538e-01
   4.0786251e-02   6.3846154e-01
   4.1165880e-02   6.4230769e-01
   4.2264328e-02   6.4615385e-01
   4.2736414e-02   6.5000000e-01
   4.3129907e-02   6.5384615e-01
   4.3847428e-02   6.5769231e-01
   4.4227779e-02   6.6153846e-01
   4.4341854e-02   6.6538462e-01
   4.4736992e-02   6.6923077e-01
   4.5401583e-02   6.7307692e-01
   4.5682743e-02   6.7692308e-01
   4.5738354e-02   6.8076923e-01
   4.6650670e-02   6.8461538e-01
   4.6746683e-02   6.8846154e-01
   4.7114032e-02   6.9230769e-01
   4.7435566e-02   6.9615385e-01
   4.8241969e-02   7.0000000e-01
   4.8526386e-02   7.0384615e-01
   4.9793082e-02   7.0769231e-01
   5.0715179e-02   7.1153846e-01
   5.0947095e-02   7.1538462e-01
   5.1016616e-02   7.1923077e-01
   5.1134721e-02   7.2307692e-01
   5.1434764e-02   7.2692308e-01
   5.1629909e-02   7.3076923e-01
   5.2001368e-02   7.3461538e-01
   5.2610192e-02   7.3846154e-01
   5.2796055e-02   7.4230769e-01
   5.2833092e-02   7.4615385e-01
   5.2852146e-02   7.5000000e-01
   5.3681915e-02   7.5384615e-01
   5.4316106e-02   7.5769231e-01
   5.4599903e-02   7.6153846e-01
   5.4616053e-02   7.6538462e-01
   5.5275050e-02   7.6923077e-01
   5.5719491e-02   7.7307692e-01
   5.6034471e-02   7.7692308e-01
   5.6878208e-02   7.8076923e-01
   5.6901748e-02   7.8461538e-01
   5.6913456e-02   7.8846154e-01
   5.7126002e-02   7.9230769e-01
   5.7358610e-02   7.9615385e-01
   5.7366514e-02   8.0000000e-01
   5.7618159e-02   8.0384615e-01
   5.8223745e-02   8.0769231e-01
   5.8242105e-02   8.1153846e-01
   5.9265313e-02   8.1538462e-01
   6.3814738e-02   8.1923077e-01
   6.3836956e-02   8.2307692e-01
   6.3892266e-02   8.2692308e-01
   6.4616693e-02   8.3461538e-01
   6.5742940e-02   8.3846154e-01
   6.6541572e-02   8.4230769e-01
   6.6616575e-02   8.4615385e-01
   6.7044925e-02   8.5000000e-01
   6.8038223e-02   8.5384615e-01
   6.9645454e-02   8.5769231e-01
   6.9664037e-02   8.6153846e-01
   6.9741150e-02   8.6538462e-01
   6.9839494e-02   8.6923077e-01
   7.1423871e-02   8.7307692e-01
   7.1643263e-02   8.7692308e-01
   7.1664421e-02   8.8076923e-01
   7.2203787e-02   8.8461538e-01
   7.4847879e-02   8.8846154e-01
   7.5279401e-02   8.9230769e-01
   7.5457662e-02   8.9615385e-01
   7.5653277e-02   9.0000000e-01
   8.0884568e-02   9.0384615e-01
   8.2259451e-02   9.0769231e-01
   8.2710626e-02   9.1153846e-01
   8.3021167e-02   9.1538462e-01
   8.3939089e-02   9.1923077e-01
   8.3976591e-02   9.2307692e-01
   8.5783544e-02   9.2692308e-01
   8.7826045e-02   9.3076923e-01
   8.8951954e-02   9.3461538e-01
   8.9265541e-02   9.3846154e-01
   9.1119544e-02   9.4230769e-01
   9.3037546e-02   9.4615385e-01
   9.3694805e-02   9.5000000e-01
   9.5519658e-02   9.5384615e-01
   9.5720082e-02   9.5769231e-01
   9.6818856e-02   9.6153846e-01
   1.0071230e-01   9.6538462e-01
   1.0203751e-01   9.6923077e-01
   1.0524931e-01   9.7307692e-01
   1.0902728e-01   9.7692308e-01
   1.2087580e-01   9.8076923e-01
   1.2323581e-01   9.8461538e-01
   1.2380162e-01   9.8846154e-01
   1.2988381e-01   9.9230769e-01
   1.3114471e-01   9.9615385e-01
   1.3663032e-01   1.0000000e+00
