   4.5001664e-03   0.0000000e+00
   4.5001664e-03   2.6595745e-03
   4.7562438e-03   5.3191489e-03
   5.0760142e-03   7.9787234e-03
   5.1073384e-03   1.0638298e-02
   5.2643206e-03   1.3297872e-02
   5.4731270e-03   1.5957447e-02
   5.6567122e-03   1.8617021e-02
   5.8515332e-03   2.1276596e-02
   5.8937681e-03   2.3936170e-02
   6.0652014e-03   2.6595745e-02
   6.2037516e-03   2.9255319e-02
   6.2390465e-03   3.1914894e-02
   6.2954541e-03   3.4574468e-02
   6.4754679e-03   3.7234043e-02
   6.6346156e-03   4.2553191e-02
   6.6571768e-03   4.5212766e-02
   6.7333963e-03   4.7872340e-02
   6.8238077e-03   5.3191489e-02
   6.8889126e-03   5.5851064e-02
   6.9464964e-03   5.8510638e-02
   7.0292551e-03   6.3829787e-02
   7.0507350e-03   6.6489362e-02
   7.0678114e-03   6.9148936e-02
   7.1586379e-03   7.1808511e-02
   7.4108114e-03   7.4468085e-02
   7.4829601e-03   7.7127660e-02
   7.6376027e-03   7.9787234e-02
   7.6610023e-03   8.5106383e-02
   7.7286249e-03   8.7765957e-02
   7.7992049e-03   9.0425532e-02
   7.9979192e-03   9.3085106e-02
   8.0619941e-03   9.5744681e-02
   8.0772113e-03   1.0638298e-01
   8.2985518e-03   1.0904255e-01
   8.4349756e-03   1.1170213e-01
   8.5295933e-03   1.1968085e-01
   8.5528523e-03   1.2500000e-01
   8.5802307e-03   1.2765957e-01
   8.8013322e-03   1.3031915e-01
   8.8145965e-03   1.3297872e-01
   8.8408097e-03   1.3563830e-01
   8.9178377e-03   1.3829787e-01
   8.9699818e-03   1.4095745e-01
   9.0003328e-03   1.4361702e-01
   9.1065343e-03   1.4627660e-01
   9.1311976e-03   1.5159574e-01
   9.1744827e-03   1.5425532e-01
   9.1759209e-03   1.5691489e-01
   9.1936502e-03   1.5957447e-01
   9.2451854e-03   1.6223404e-01
   9.3589665e-03   1.6489362e-01
   9.4059127e-03   1.6755319e-01
   9.6216704e-03   1.7021277e-01
   9.6943743e-03   1.7819149e-01
   9.7108644e-03   1.8085106e-01
   9.7131940e-03   1.8351064e-01
   9.7647205e-03   1.8617021e-01
   9.7687725e-03   1.8882979e-01
   9.8235070e-03   1.9148936e-01
   9.8600123e-03   1.9414894e-01
   9.9944166e-03   1.9680851e-01
   1.0022085e-02   1.9946809e-01
   1.0215162e-02   2.0212766e-01
   1.0281929e-02   2.0744681e-01
   1.0355823e-02   2.1010638e-01
   1.0556394e-02   2.1276596e-01
   1.0577635e-02   2.1542553e-01
   1.0627186e-02   2.1808511e-01
   1.0658804e-02   2.2340426e-01
   1.0731934e-02   2.2606383e-01
   1.0808771e-02   2.2872340e-01
   1.0914202e-02   2.3670213e-01
   1.1115458e-02   2.3936170e-01
   1.1162505e-02   2.4202128e-01
   1.1220359e-02   2.5265957e-01
   1.1312600e-02   2.5531915e-01
   1.1374504e-02   2.5797872e-01
   1.1402624e-02   2.6329787e-01
   1.1460175e-02   2.6595745e-01
   1.1460450e-02   2.6861702e-01
   1.1490768e-02   2.7925532e-01
   1.1551333e-02   2.8191489e-01
   1.1643112e-02   2.8989362e-01
   1.1645352e-02   2.9255319e-01
   1.1767127e-02   2.9787234e-01
   1.1806443e-02   3.0053191e-01
   1.1814169e-02   3.0319149e-01
   1.1996414e-02   3.0585106e-01
   1.2050131e-02   3.1117021e-01
   1.2088780e-02   3.1382979e-01
   1.2125650e-02   3.1648936e-01
   1.2338194e-02   3.1914894e-01
   1.2356092e-02   3.2712766e-01
   1.2383296e-02   3.3244681e-01
   1.2408085e-02   3.3510638e-01
   1.2502544e-02   3.3776596e-01
   1.2632121e-02   3.4042553e-01
   1.2639932e-02   3.4308511e-01
   1.2740191e-02   3.4574468e-01
   1.2770234e-02   3.4840426e-01
   1.2879740e-02   3.5106383e-01
   1.2950920e-02   3.5372340e-01
   1.3219177e-02   3.5638298e-01
   1.3231243e-02   3.5904255e-01
   1.3334613e-02   3.6170213e-01
   1.3342680e-02   3.6436170e-01
   1.3455272e-02   3.6702128e-01
   1.3468898e-02   3.6968085e-01
   1.3542560e-02   3.7234043e-01
   1.3595487e-02   3.7500000e-01
   1.3674602e-02   3.7765957e-01
   1.3849853e-02   3.8031915e-01
   1.3852468e-02   3.8297872e-01
   1.3906193e-02   3.8563830e-01
   1.3913973e-02   3.8829787e-01
   1.4020301e-02   3.9361702e-01
   1.4167863e-02   3.9627660e-01
   1.4332453e-02   3.9893617e-01
   1.4400909e-02   4.0159574e-01
   1.4456793e-02   4.0425532e-01
   1.4498860e-02   4.0691489e-01
   1.4651816e-02   4.0957447e-01
   1.4688025e-02   4.1489362e-01
   1.4734578e-02   4.1755319e-01
   1.4784214e-02   4.2021277e-01
   1.4829281e-02   4.2287234e-01
   1.4866515e-02   4.2819149e-01
   1.4966051e-02   4.3085106e-01
   1.5005322e-02   4.3351064e-01
   1.5060538e-02   4.3617021e-01
   1.5275293e-02   4.3882979e-01
   1.5321024e-02   4.4148936e-01
   1.5460741e-02   4.4414894e-01
   1.5724222e-02   4.4680851e-01
   1.5877390e-02   4.4946809e-01
   1.6154295e-02   4.5212766e-01
   1.6397673e-02   4.5478723e-01
   1.6537339e-02   4.5744681e-01
   1.6727170e-02   4.6010638e-01
   1.6751938e-02   4.6276596e-01
   1.7018772e-02   4.6542553e-01
   1.7603778e-02   4.7074468e-01
   1.7932721e-02   4.7340426e-01
   1.7952178e-02   4.7606383e-01
   1.7965254e-02   4.7872340e-01
   1.8018491e-02   4.8404255e-01
   1.8430238e-02   4.8670213e-01
   1.8558490e-02   4.8936170e-01
   1.8786762e-02   4.9202128e-01
   1.9012173e-02   4.9468085e-01
   1.9125124e-02   5.0000000e-01
   1.9205774e-02   5.0531915e-01
   1.9619451e-02   5.0797872e-01
   1.9705813e-02   5.1063830e-01
   1.9783335e-02   5.1329787e-01
   1.9904928e-02   5.1595745e-01
   2.0018611e-02   5.1861702e-01
   2.0610958e-02   5.2127660e-01
   2.0712757e-02   5.2393617e-01
   2.0987839e-02   5.2659574e-01
   2.1062649e-02   5.2925532e-01
   2.1087993e-02   5.3191489e-01
   2.1260756e-02   5.3457447e-01
   2.1403227e-02   5.3723404e-01
   2.1513444e-02   5.3989362e-01
   2.1729776e-02   5.4255319e-01
   2.1795470e-02   5.4521277e-01
   2.2060880e-02   5.4787234e-01
   2.2096899e-02   5.5053191e-01
   2.2251149e-02   5.5319149e-01
   2.2266156e-02   5.5585106e-01
   2.2336797e-02   5.5851064e-01
   2.2405178e-02   5.6117021e-01
   2.2634343e-02   5.6382979e-01
   2.2639231e-02   5.6648936e-01
   2.2862226e-02   5.6914894e-01
   2.2936946e-02   5.7180851e-01
   2.3299654e-02   5.7446809e-01
   2.3863117e-02   5.7712766e-01
   2.4441088e-02   5.7978723e-01
   2.4473957e-02   5.8244681e-01
   2.4599816e-02   5.8510638e-01
   2.4969043e-02   5.8776596e-01
   2.4970778e-02   5.9042553e-01
   2.4976468e-02   5.9574468e-01
   2.4997978e-02   5.9840426e-01
   2.5076480e-02   6.0106383e-01
   2.5265059e-02   6.0372340e-01
   2.5280994e-02   6.0904255e-01
   2.5466995e-02   6.1170213e-01
   2.5821934e-02   6.1436170e-01
   2.5946204e-02   6.1702128e-01
   2.6074801e-02   6.1968085e-01
   2.6156107e-02   6.2234043e-01
   2.6446263e-02   6.2500000e-01
   2.6940560e-02   6.2765957e-01
   2.7379966e-02   6.3031915e-01
   2.7523448e-02   6.3297872e-01
   2.7882402e-02   6.3563830e-01
   2.8506243e-02   6.3829787e-01
   2.8881924e-02   6.4095745e-01
   2.9297490e-02   6.4361702e-01
   2.9442490e-02   6.4627660e-01
   2.9731781e-02   6.4893617e-01
   2.9830216e-02   6.5159574e-01
   3.0324061e-02   6.5425532e-01
   3.0603763e-02   6.6223404e-01
   3.1012493e-02   6.6489362e-01
   3.1137278e-02   6.6755319e-01
   3.1319922e-02   6.7021277e-01
   3.2261339e-02   6.7287234e-01
   3.2358115e-02   6.7553191e-01
   3.2473567e-02   6.7819149e-01
   3.2728254e-02   6.8085106e-01
   3.3212047e-02   6.8351064e-01
   3.3590290e-02   6.8617021e-01
   3.3797027e-02   6.8882979e-01
   3.4374491e-02   6.9148936e-01
   3.4482659e-02   6.9414894e-01
   3.4526915e-02   6.9680851e-01
   3.4583905e-02   6.9946809e-01
   3.5248978e-02   7.0212766e-01
   3.5386129e-02   7.0478723e-01
   3.5798679e-02   7.0744681e-01
   3.6173656e-02   7.1010638e-01
   3.7299588e-02   7.1276596e-01
   3.8742157e-02   7.1542553e-01
   3.8820313e-02   7.1808511e-01
   3.8967002e-02   7.2074468e-01
   3.9152621e-02   7.2340426e-01
   3.9192251e-02   7.2606383e-01
   3.9376532e-02   7.2872340e-01
   4.0252215e-02   7.3138298e-01
   4.0283589e-02   7.3404255e-01
   4.0502629e-02   7.3670213e-01
   4.0629535e-02   7.3936170e-01
   4.0814124e-02   7.4202128e-01
   4.0982301e-02   7.4468085e-01
   4.1732263e-02   7.4734043e-01
   4.2015792e-02   7.5000000e-01
   4.2768463e-02   7.5265957e-01
   4.4423121e-02   7.5531915e-01
   4.5381987e-02   7.5797872e-01
   4.5440567e-02   7.6063830e-01
   4.5724560e-02   7.6329787e-01
   4.5840757e-02   7.6595745e-01
   4.6120444e-02   7.6861702e-01
   4.6210731e-02   7.7127660e-01
   4.6374005e-02   7.7393617e-01
   4.8157328e-02   7.7659574e-01
   4.8185212e-02   7.7925532e-01
   4.9630930e-02   7.8191489e-01
   5.0326953e-02   7.8457447e-01
   5.0644456e-02   7.8723404e-01
   5.1338619e-02   7.8989362e-01
   5.1548223e-02   7.9255319e-01
   5.1818825e-02   7.9521277e-01
   5.1904617e-02   7.9787234e-01
   5.2395875e-02   8.0053191e-01
   5.3459893e-02   8.0319149e-01
   5.4354397e-02   8.0585106e-01
   5.4402617e-02   8.0851064e-01
   5.4626999e-02   8.1117021e-01
   5.5679204e-02   8.1382979e-01
   5.5886406e-02   8.1648936e-01
   5.5945448e-02   8.1914894e-01
   5.6778502e-02   8.2180851e-01
   5.7246960e-02   8.2446809e-01
   5.7370445e-02   8.2712766e-01
   5.7664283e-02   8.2978723e-01
   5.9097128e-02   8.3244681e-01
   5.9582062e-02   8.3510638e-01
   6.0248951e-02   8.3776596e-01
   6.1247729e-02   8.4042553e-01
   6.2772045e-02   8.4308511e-01
   6.2780946e-02   8.4574468e-01
   6.2853208e-02   8.4840426e-01
   6.2918072e-02   8.5106383e-01
   6.5211591e-02   8.5372340e-01
   6.6390179e-02   8.5638298e-01
   6.7347034e-02   8.5904255e-01
   6.7650201e-02   8.6170213e-01
   6.8318136e-02   8.6436170e-01
   7.0265666e-02   8.6702128e-01
   7.0540088e-02   8.6968085e-01
   7.0549677e-02   8.7234043e-01
   7.0857056e-02   8.7500000e-01
   7.0949440e-02   8.7765957e-01
   7.2950732e-02   8.8031915e-01
   7.3284177e-02   8.8297872e-01
   7.3898734e-02   8.8563830e-01
   7.3963989e-02   8.8829787e-01
   7.4191311e-02   8.9095745e-01
   7.5208144e-02   8.9361702e-01
   7.7408428e-02   8.9627660e-01
   7.8020798e-02   8.9893617e-01
   8.0048756e-02   9.0159574e-01
   8.0397100e-02   9.0425532e-01
   8.8980273e-02   9.0691489e-01
   9.0032099e-02   9.0957447e-01
   9.0565420e-02   9.1223404e-01
   9.0889721e-02   9.1489362e-01
   9.1577435e-02   9.1755319e-01
   9.1872433e-02   9.2021277e-01
   9.4575377e-02   9.2287234e-01
   9.5240039e-02   9.2553191e-01
   9.5501919e-02   9.2819149e-01
   9.6207074e-02   9.3085106e-01
   9.6532251e-02   9.3351064e-01
   9.6628070e-02   9.3617021e-01
   9.7820253e-02   9.3882979e-01
   9.8708135e-02   9.4148936e-01
   9.8875481e-02   9.4414894e-01
   1.0309645e-01   9.4680851e-01
   1.0643296e-01   9.4946809e-01
   1.0726404e-01   9.5212766e-01
   1.0828849e-01   9.5478723e-01
   1.0958327e-01   9.5744681e-01
   1.1138371e-01   9.6010638e-01
   1.1191658e-01   9.6276596e-01
   1.1589563e-01   9.6542553e-01
   1.1797144e-01   9.6808511e-01
   1.1824072e-01   9.7074468e-01
   1.2379324e-01   9.7340426e-01
   1.2990830e-01   9.7606383e-01
   1.3355995e-01   9.7872340e-01
   1.3989579e-01   9.8138298e-01
   1.5613743e-01   9.8404255e-01
   1.5621478e-01   9.8670213e-01
   1.5964717e-01   9.8936170e-01
   1.6038202e-01   9.9202128e-01
   1.6457975e-01   9.9468085e-01
   1.7424650e-01   9.9734043e-01
   1.8171465e-01   1.0000000e+00
