   2.8472000e-03   0.0000000e+00
   2.8472000e-03   1.1148272e-03
   3.3216000e-03   3.3444816e-03
   3.7960000e-03   8.9186176e-03
   4.2704000e-03   2.3411371e-02
   4.7448000e-03   4.3478261e-02
   5.2192000e-03   6.3545151e-02
   5.6936000e-03   9.6989967e-02
   6.1688000e-03   1.2820513e-01
   6.6432000e-03   1.5496098e-01
   7.1176000e-03   1.8060201e-01
   7.5920000e-03   2.1070234e-01
   8.0664000e-03   2.4303233e-01
   8.5408000e-03   2.6867336e-01
   9.0152000e-03   2.9654404e-01
   9.4896000e-03   3.1549610e-01
   9.9640000e-03   3.3444816e-01
   1.0439200e-02   3.5340022e-01
   1.0913600e-02   3.7123746e-01
   1.1388000e-02   3.9241918e-01
   1.1862400e-02   4.0468227e-01
   1.2336800e-02   4.3589744e-01
   1.2811200e-02   4.4258640e-01
   1.3285600e-02   4.5596433e-01
   1.3760800e-02   4.7491639e-01
   1.4235200e-02   4.8717949e-01
   1.4709600e-02   4.9275362e-01
   1.5184000e-02   5.3288740e-01
   1.5658400e-02   5.3846154e-01
   1.6132800e-02   5.4403567e-01
   1.6607200e-02   5.5964326e-01
   1.7081600e-02   5.6967670e-01
   1.7556000e-02   5.7636566e-01
   1.8031200e-02   5.8528428e-01
   1.8505600e-02   5.9420290e-01
   1.8980000e-02   6.0312152e-01
   1.9454400e-02   6.0981048e-01
   1.9928800e-02   6.1761427e-01
   2.0403200e-02   6.2541806e-01
   2.0877600e-02   6.3322185e-01
   2.1352000e-02   6.3768116e-01
   2.1826400e-02   6.4659978e-01
   2.2301600e-02   6.5217391e-01
   2.2776000e-02   6.6109253e-01
   2.3250400e-02   6.6220736e-01
   2.3724800e-02   6.7447046e-01
   2.4199200e-02   6.8115942e-01
   2.4673600e-02   6.9007804e-01
   2.5148000e-02   6.9676700e-01
   2.5623200e-02   7.0457079e-01
   2.6097600e-02   7.1571906e-01
   2.6572000e-02   7.2352285e-01
   2.7046400e-02   7.3021182e-01
   2.7520800e-02   7.3578595e-01
   2.7995200e-02   7.3801561e-01
   2.8469600e-02   7.4136009e-01
   2.8944000e-02   7.4804905e-01
   2.9418400e-02   7.5027871e-01
   2.9892800e-02   7.5473802e-01
   3.0368000e-02   7.6031215e-01
   3.0842400e-02   7.6700111e-01
   3.1316800e-02   7.7257525e-01
   3.1791200e-02   7.8149387e-01
   3.2265600e-02   7.8483835e-01
   3.2740000e-02   7.8595318e-01
   3.3689600e-02   7.8818283e-01
   3.4164000e-02   7.9264214e-01
   3.4638400e-02   7.9821628e-01
   3.5112800e-02   8.0156076e-01
   3.5587200e-02   8.0602007e-01
   3.6061600e-02   8.0936455e-01
   3.6536000e-02   8.1047938e-01
   3.7010400e-02   8.1159420e-01
   3.7485600e-02   8.1828317e-01
   3.7960000e-02   8.2051282e-01
   3.8434400e-02   8.2608696e-01
   3.8908800e-02   8.2831661e-01
   3.9383200e-02   8.3389075e-01
   3.9857600e-02   8.3612040e-01
   4.0332000e-02   8.3835006e-01
   4.0806400e-02   8.4169454e-01
   4.1280800e-02   8.4615385e-01
   4.1755200e-02   8.4726867e-01
   4.2230400e-02   8.5395764e-01
   4.2704800e-02   8.5730212e-01
   4.3179200e-02   8.6399108e-01
   4.3653600e-02   8.6845039e-01
   4.4128000e-02   8.7179487e-01
   4.4602400e-02   8.7402453e-01
   4.5076800e-02   8.7625418e-01
   4.5551200e-02   8.8071349e-01
   4.6500800e-02   8.8294314e-01
   4.6975200e-02   8.8851728e-01
   4.7449600e-02   8.8963211e-01
   4.8398400e-02   8.9520624e-01
   4.8872800e-02   8.9632107e-01
   4.9348000e-02   8.9855072e-01
   4.9822400e-02   8.9966555e-01
   5.0296800e-02   9.0078038e-01
   5.0771200e-02   9.0189521e-01
   5.1245600e-02   9.0523969e-01
   5.2668800e-02   9.0858417e-01
   5.3617600e-02   9.1192865e-01
   5.4092800e-02   9.1638796e-01
   5.4567200e-02   9.1973244e-01
   5.5041600e-02   9.2196210e-01
   5.5516000e-02   9.2307692e-01
   5.6464800e-02   9.2530658e-01
   5.6939200e-02   9.2753623e-01
   5.7413600e-02   9.2865106e-01
   5.7888800e-02   9.3088071e-01
   5.8363200e-02   9.3199554e-01
   5.9312000e-02   9.3422520e-01
   5.9786400e-02   9.3534002e-01
   6.0735200e-02   9.3868450e-01
   6.1684800e-02   9.4091416e-01
   6.2159200e-02   9.4314381e-01
   6.5480800e-02   9.4537347e-01
   6.5955200e-02   9.4648829e-01
   6.6429600e-02   9.4983278e-01
   6.7378400e-02   9.5206243e-01
   6.7852800e-02   9.5317726e-01
   6.8327200e-02   9.5540691e-01
   6.9276800e-02   9.5652174e-01
   7.0700000e-02   9.5875139e-01
   7.2597600e-02   9.6098105e-01
   7.3072800e-02   9.6209588e-01
   7.4021600e-02   9.6432553e-01
   7.5444800e-02   9.6655518e-01
   7.6868000e-02   9.6878484e-01
   7.7343200e-02   9.7324415e-01
   7.7817600e-02   9.7435897e-01
   7.8766400e-02   9.7658863e-01
   7.9240800e-02   9.7770346e-01
   7.9715200e-02   9.7881828e-01
   8.2562400e-02   9.7993311e-01
   8.3985600e-02   9.8104794e-01
   8.5409600e-02   9.8327759e-01
   8.7307200e-02   9.8439242e-01
   8.7781600e-02   9.8550725e-01
   8.8730400e-02   9.8662207e-01
   8.9680000e-02   9.8773690e-01
   9.1103200e-02   9.8885173e-01
   9.7746400e-02   9.8996656e-01
   9.9169600e-02   9.9108138e-01
   1.0011840e-01   9.9219621e-01
   1.0154240e-01   9.9331104e-01
   1.0628720e-01   9.9554069e-01
   1.1340480e-01   9.9665552e-01
   1.2147120e-01   9.9777035e-01
   1.2763920e-01   9.9888517e-01
   1.5990480e-01   1.0000000e+00
