   4.8319195e-03   0.0000000e+00
   4.8319195e-03   4.5248869e-04
   4.9120173e-03   9.0497738e-04
   5.1995610e-03   1.8099548e-03
   5.4614338e-03   2.2624434e-03
   5.5078578e-03   2.7149321e-03
   5.5319391e-03   3.1674208e-03
   5.6878650e-03   3.6199095e-03
   5.8494888e-03   4.9773756e-03
   5.9379566e-03   6.3348416e-03
   6.0946700e-03   8.1447964e-03
   6.1427933e-03   8.5972851e-03
   6.1568005e-03   1.0407240e-02
   6.1722522e-03   1.0859729e-02
   6.2097014e-03   1.2669683e-02
   6.3142576e-03   1.3122172e-02
   6.3287062e-03   1.4932127e-02
   6.4789444e-03   1.5384615e-02
   6.5000049e-03   1.6742081e-02
   6.5110982e-03   1.8099548e-02
   6.5240235e-03   1.9004525e-02
   6.5843440e-03   2.1719457e-02
   6.6327867e-03   2.2171946e-02
   6.7306701e-03   2.3529412e-02
   6.7516953e-03   2.3981900e-02
   6.8011169e-03   2.4434389e-02
   6.8059233e-03   2.5339367e-02
   6.8149032e-03   2.6244344e-02
   6.8588088e-03   2.9411765e-02
   6.8860495e-03   2.9864253e-02
   6.9361329e-03   3.0316742e-02
   6.9715839e-03   3.1674208e-02
   7.1264842e-03   3.3484163e-02
   7.1426508e-03   3.5746606e-02
   7.1493906e-03   4.0271493e-02
   7.1622413e-03   4.2081448e-02
   7.2313660e-03   4.3438914e-02
   7.3669877e-03   4.4796380e-02
   7.3701101e-03   4.5701357e-02
   7.4066661e-03   4.6153846e-02
   7.4551976e-03   4.8868778e-02
   7.4593279e-03   4.9773756e-02
   7.5075417e-03   5.3846154e-02
   7.5617477e-03   5.5656109e-02
   7.6163111e-03   5.8371041e-02
   7.7739801e-03   6.0633484e-02
   7.7769590e-03   6.2443439e-02
   7.7993185e-03   6.6063348e-02
   7.8022502e-03   6.8325792e-02
   7.8040214e-03   6.9230769e-02
   7.8468775e-03   7.0135747e-02
   7.8790052e-03   7.3303167e-02
   7.8843227e-03   7.4208145e-02
   7.9881330e-03   7.4660633e-02
   8.0106656e-03   7.9185520e-02
   8.0188802e-03   8.0090498e-02
   8.1035981e-03   8.2805430e-02
   8.1045767e-03   8.5067873e-02
   8.1551466e-03   8.5520362e-02
   8.1575063e-03   8.9140271e-02
   8.1921507e-03   8.9592760e-02
   8.2572672e-03   9.0950226e-02
   8.2608287e-03   9.5475113e-02
   8.4082688e-03   9.5927602e-02
   8.4143333e-03   9.7737557e-02
   8.4193829e-03   9.8190045e-02
   8.4212647e-03   1.0226244e-01
   8.4439097e-03   1.0588235e-01
   8.4498345e-03   1.0723982e-01
   8.5162394e-03   1.1085973e-01
   8.5268680e-03   1.1719457e-01
   8.5858186e-03   1.1764706e-01
   8.6131917e-03   1.1809955e-01
   8.6359137e-03   1.1855204e-01
   8.6528338e-03   1.2126697e-01
   8.6896739e-03   1.2171946e-01
   8.7492290e-03   1.2624434e-01
   8.7540413e-03   1.2941176e-01
   8.7931523e-03   1.3303167e-01
   8.8069445e-03   1.3891403e-01
   8.8247801e-03   1.4027149e-01
   8.8838549e-03   1.4208145e-01
   8.9071723e-03   1.4343891e-01
   9.0208335e-03   1.4389140e-01
   9.0398570e-03   1.4434389e-01
   9.0524733e-03   1.4660633e-01
   9.0699806e-03   1.4751131e-01
   9.0867445e-03   1.4796380e-01
   9.0992202e-03   1.5565611e-01
   9.1385087e-03   1.5610860e-01
   9.1496487e-03   1.5837104e-01
   9.1756478e-03   1.6425339e-01
   9.2584723e-03   1.6515837e-01
   9.2958839e-03   1.6696833e-01
   9.2962284e-03   1.6787330e-01
   9.3959813e-03   1.7104072e-01
   9.4035693e-03   1.7828054e-01
   9.4106576e-03   1.7873303e-01
   9.4321508e-03   1.8371041e-01
   9.4565347e-03   1.8642534e-01
   9.4568973e-03   1.8687783e-01
   9.4593454e-03   1.8959276e-01
   9.4721130e-03   1.9004525e-01
   9.5138059e-03   1.9276018e-01
   9.5534419e-03   1.9411765e-01
   9.5894450e-03   1.9457014e-01
   9.6041661e-03   1.9502262e-01
   9.6386902e-03   1.9638009e-01
   9.6649158e-03   1.9773756e-01
   9.6925436e-03   1.9954751e-01
   9.7183864e-03   2.0633484e-01
   9.7304167e-03   2.1493213e-01
   9.7497363e-03   2.1945701e-01
   9.7858009e-03   2.2398190e-01
   9.8040823e-03   2.2488688e-01
   9.8235324e-03   2.3031674e-01
   9.8732530e-03   2.3122172e-01
   9.8842067e-03   2.3257919e-01
   9.9078776e-03   2.3303167e-01
   9.9398288e-03   2.3529412e-01
   1.0010073e-02   2.3574661e-01
   1.0023168e-02   2.3619910e-01
   1.0042090e-02   2.4434389e-01
   1.0053719e-02   2.5067873e-01
   1.0073601e-02   2.5248869e-01
   1.0092359e-02   2.5294118e-01
   1.0096896e-02   2.5384615e-01
   1.0106092e-02   2.5701357e-01
   1.0146277e-02   2.5927602e-01
   1.0199693e-02   2.6380090e-01
   1.0259488e-02   2.6561086e-01
   1.0292047e-02   2.6606335e-01
   1.0334510e-02   2.6696833e-01
   1.0366958e-02   2.7013575e-01
   1.0374970e-02   2.7375566e-01
   1.0399664e-02   2.7737557e-01
   1.0412754e-02   2.7918552e-01
   1.0424130e-02   2.8099548e-01
   1.0472108e-02   2.8461538e-01
   1.0506780e-02   2.8778281e-01
   1.0512207e-02   2.8914027e-01
   1.0524117e-02   2.9049774e-01
   1.0529875e-02   2.9095023e-01
   1.0584689e-02   2.9321267e-01
   1.0689726e-02   2.9592760e-01
   1.0702783e-02   3.0090498e-01
   1.0715645e-02   3.0769231e-01
   1.0715762e-02   3.0904977e-01
   1.0735326e-02   3.0950226e-01
   1.0755694e-02   3.1809955e-01
   1.0780632e-02   3.2081448e-01
   1.0806277e-02   3.2126697e-01
   1.0847440e-02   3.2262443e-01
   1.0922167e-02   3.2352941e-01
   1.0976373e-02   3.2624434e-01
   1.1015716e-02   3.2760181e-01
   1.1020676e-02   3.2986425e-01
   1.1025825e-02   3.3031674e-01
   1.1049050e-02   3.3981900e-01
   1.1062757e-02   3.4479638e-01
   1.1121460e-02   3.4524887e-01
   1.1142196e-02   3.4705882e-01
   1.1143769e-02   3.4977376e-01
   1.1144556e-02   3.5067873e-01
   1.1202597e-02   3.5158371e-01
   1.1229963e-02   3.5475113e-01
   1.1261359e-02   3.5565611e-01
   1.1337153e-02   3.5610860e-01
   1.1352442e-02   3.5972851e-01
   1.1358470e-02   3.6334842e-01
   1.1374624e-02   3.6877828e-01
   1.1405411e-02   3.7330317e-01
   1.1414069e-02   3.7375566e-01
   1.1414525e-02   3.7466063e-01
   1.1416924e-02   3.7647059e-01
   1.1494868e-02   3.7782805e-01
   1.1512330e-02   3.7873303e-01
   1.1555177e-02   3.7918552e-01
   1.1576512e-02   3.8054299e-01
   1.1602795e-02   3.8235294e-01
   1.1619526e-02   3.8597285e-01
   1.1642198e-02   3.8687783e-01
   1.1664603e-02   3.8959276e-01
   1.1665787e-02   3.9321267e-01
   1.1699566e-02   3.9547511e-01
   1.1703692e-02   3.9728507e-01
   1.1767829e-02   3.9773756e-01
   1.1769814e-02   3.9954751e-01
   1.1776940e-02   4.0090498e-01
   1.1779459e-02   4.0180995e-01
   1.1807542e-02   4.0226244e-01
   1.1822802e-02   4.0271493e-01
   1.1875744e-02   4.0723982e-01
   1.1885130e-02   4.0950226e-01
   1.1972327e-02   4.0995475e-01
   1.1984262e-02   4.1447964e-01
   1.2002172e-02   4.1583710e-01
   1.2002703e-02   4.1628959e-01
   1.2005104e-02   4.1674208e-01
   1.2011924e-02   4.1719457e-01
   1.2016113e-02   4.1945701e-01
   1.2027778e-02   4.1990950e-01
   1.2055080e-02   4.2126697e-01
   1.2055147e-02   4.2352941e-01
   1.2141618e-02   4.2443439e-01
   1.2142069e-02   4.2895928e-01
   1.2188935e-02   4.2986425e-01
   1.2263074e-02   4.3031674e-01
   1.2264048e-02   4.3348416e-01
   1.2311949e-02   4.3710407e-01
   1.2313587e-02   4.4027149e-01
   1.2345133e-02   4.4117647e-01
   1.2349494e-02   4.4343891e-01
   1.2411652e-02   4.4479638e-01
   1.2416324e-02   4.4524887e-01
   1.2417788e-02   4.4615385e-01
   1.2418787e-02   4.4841629e-01
   1.2451167e-02   4.4886878e-01
   1.2511816e-02   4.4977376e-01
   1.2522117e-02   4.5158371e-01
   1.2603207e-02   4.5248869e-01
   1.2632735e-02   4.5429864e-01
   1.2646511e-02   4.5520362e-01
   1.2651859e-02   4.5791855e-01
   1.2657858e-02   4.5972851e-01
   1.2693497e-02   4.6108597e-01
   1.2704775e-02   4.6561086e-01
   1.2774028e-02   4.6651584e-01
   1.2790616e-02   4.6742081e-01
   1.2808915e-02   4.6787330e-01
   1.2824669e-02   4.6923077e-01
   1.2892456e-02   4.7013575e-01
   1.2908056e-02   4.7149321e-01
   1.2959018e-02   4.7194570e-01
   1.2962681e-02   4.7285068e-01
   1.2986793e-02   4.7511312e-01
   1.2998879e-02   4.7918552e-01
   1.3004257e-02   4.7963801e-01
   1.3022522e-02   4.8099548e-01
   1.3048047e-02   4.8144796e-01
   1.3057261e-02   4.8190045e-01
   1.3062707e-02   4.8235294e-01
   1.3068469e-02   4.8416290e-01
   1.3140527e-02   4.8506787e-01
   1.3168688e-02   4.8597285e-01
   1.3204548e-02   4.8642534e-01
   1.3236971e-02   4.8778281e-01
   1.3249015e-02   4.8823529e-01
   1.3264479e-02   4.8959276e-01
   1.3280861e-02   4.9004525e-01
   1.3291302e-02   4.9321267e-01
   1.3299947e-02   4.9683258e-01
   1.3301595e-02   4.9954751e-01
   1.3333547e-02   5.0271493e-01
   1.3354566e-02   5.0316742e-01
   1.3407058e-02   5.0407240e-01
   1.3407885e-02   5.0452489e-01
   1.3419226e-02   5.0497738e-01
   1.3438727e-02   5.0633484e-01
   1.3445071e-02   5.0769231e-01
   1.3553045e-02   5.0904977e-01
   1.3602234e-02   5.0950226e-01
   1.3605287e-02   5.1312217e-01
   1.3611854e-02   5.1447964e-01
   1.3630311e-02   5.1538462e-01
   1.3646912e-02   5.1764706e-01
   1.3649395e-02   5.1855204e-01
   1.3652884e-02   5.1900452e-01
   1.3681972e-02   5.1945701e-01
   1.3685070e-02   5.2171946e-01
   1.3697951e-02   5.2217195e-01
   1.3717104e-02   5.2443439e-01
   1.3771434e-02   5.2488688e-01
   1.3810732e-02   5.2579186e-01
   1.3815574e-02   5.2760181e-01
   1.3871596e-02   5.2805430e-01
   1.3887708e-02   5.2850679e-01
   1.3928573e-02   5.2895928e-01
   1.3936660e-02   5.2941176e-01
   1.3943826e-02   5.2986425e-01
   1.3951923e-02   5.3076923e-01
   1.3974371e-02   5.3303167e-01
   1.4004302e-02   5.3438914e-01
   1.4042234e-02   5.3574661e-01
   1.4073422e-02   5.3665158e-01
   1.4086505e-02   5.3936652e-01
   1.4100274e-02   5.4072398e-01
   1.4199131e-02   5.4162896e-01
   1.4252432e-02   5.4389140e-01
   1.4261091e-02   5.4434389e-01
   1.4299323e-02   5.4615385e-01
   1.4301291e-02   5.4751131e-01
   1.4366321e-02   5.4977376e-01
   1.4404032e-02   5.5158371e-01
   1.4421067e-02   5.5203620e-01
   1.4462879e-02   5.5339367e-01
   1.4507848e-02   5.5384615e-01
   1.4512231e-02   5.5429864e-01
   1.4554952e-02   5.5475113e-01
   1.4577565e-02   5.5565611e-01
   1.4587638e-02   5.5701357e-01
   1.4601137e-02   5.6018100e-01
   1.4616133e-02   5.6063348e-01
   1.4654055e-02   5.6108597e-01
   1.4679170e-02   5.6153846e-01
   1.4702998e-02   5.6199095e-01
   1.4735550e-02   5.6334842e-01
   1.4769455e-02   5.6470588e-01
   1.4812971e-02   5.6515837e-01
   1.4833187e-02   5.6561086e-01
   1.4844485e-02   5.6696833e-01
   1.4888693e-02   5.6787330e-01
   1.4899767e-02   5.6968326e-01
   1.4910395e-02   5.7013575e-01
   1.4917529e-02   5.7104072e-01
   1.4918937e-02   5.7239819e-01
   1.4923521e-02   5.7330317e-01
   1.4948709e-02   5.7375566e-01
   1.4964062e-02   5.7420814e-01
   1.5016211e-02   5.7556561e-01
   1.5035104e-02   5.7601810e-01
   1.5037909e-02   5.7692308e-01
   1.5110271e-02   5.7873303e-01
   1.5139521e-02   5.7918552e-01
   1.5145003e-02   5.8009050e-01
   1.5225556e-02   5.8054299e-01
   1.5228468e-02   5.8144796e-01
   1.5232160e-02   5.8325792e-01
   1.5250921e-02   5.8597285e-01
   1.5258587e-02   5.8642534e-01
   1.5303025e-02   5.8687783e-01
   1.5303893e-02   5.8823529e-01
   1.5316130e-02   5.8959276e-01
   1.5353927e-02   5.9004525e-01
   1.5380383e-02   5.9185520e-01
   1.5384097e-02   5.9321267e-01
   1.5423295e-02   5.9411765e-01
   1.5491296e-02   5.9457014e-01
   1.5513286e-02   5.9502262e-01
   1.5547371e-02   5.9638009e-01
   1.5553918e-02   5.9683258e-01
   1.5559185e-02   5.9728507e-01
   1.5562713e-02   5.9864253e-01
   1.5599225e-02   5.9954751e-01
   1.5604010e-02   6.0045249e-01
   1.5624203e-02   6.0180995e-01
   1.5650999e-02   6.0226244e-01
   1.5665025e-02   6.0271493e-01
   1.5673294e-02   6.0361991e-01
   1.5753081e-02   6.0407240e-01
   1.5758502e-02   6.0452489e-01
   1.5769082e-02   6.0542986e-01
   1.5783200e-02   6.0588235e-01
   1.5874238e-02   6.0723982e-01
   1.5874903e-02   6.0814480e-01
   1.5876942e-02   6.0859729e-01
   1.5889799e-02   6.0950226e-01
   1.5901532e-02   6.1040724e-01
   1.5953673e-02   6.1085973e-01
   1.5954731e-02   6.1221719e-01
   1.6020891e-02   6.1357466e-01
   1.6032871e-02   6.1402715e-01
   1.6034621e-02   6.1493213e-01
   1.6047570e-02   6.1538462e-01
   1.6137764e-02   6.1628959e-01
   1.6139629e-02   6.1674208e-01
   1.6174856e-02   6.1719457e-01
   1.6195161e-02   6.1809955e-01
   1.6207196e-02   6.1945701e-01
   1.6209056e-02   6.1990950e-01
   1.6209154e-02   6.2126697e-01
   1.6222078e-02   6.2171946e-01
   1.6245831e-02   6.2262443e-01
   1.6248611e-02   6.2307692e-01
   1.6261155e-02   6.2352941e-01
   1.6267468e-02   6.2398190e-01
   1.6309824e-02   6.2443439e-01
   1.6315013e-02   6.2579186e-01
   1.6405791e-02   6.2850679e-01
   1.6422563e-02   6.2986425e-01
   1.6514268e-02   6.3031674e-01
   1.6521014e-02   6.3122172e-01
   1.6522127e-02   6.3212670e-01
   1.6523573e-02   6.3348416e-01
   1.6550545e-02   6.3438914e-01
   1.6594697e-02   6.3574661e-01
   1.6600370e-02   6.3619910e-01
   1.6601429e-02   6.3665158e-01
   1.6603533e-02   6.3710407e-01
   1.6659394e-02   6.3755656e-01
   1.6663197e-02   6.3846154e-01
   1.6668355e-02   6.3936652e-01
   1.6681627e-02   6.4027149e-01
   1.6768010e-02   6.4072398e-01
   1.6784017e-02   6.4162896e-01
   1.6803830e-02   6.4208145e-01
   1.6843074e-02   6.4253394e-01
   1.6858598e-02   6.4389140e-01
   1.6887819e-02   6.4434389e-01
   1.6899127e-02   6.4570136e-01
   1.6911898e-02   6.4660633e-01
   1.6947201e-02   6.4751131e-01
   1.6955923e-02   6.4796380e-01
   1.6963913e-02   6.4886878e-01
   1.7027973e-02   6.4932127e-01
   1.7031368e-02   6.5022624e-01
   1.7039010e-02   6.5067873e-01
   1.7053736e-02   6.5113122e-01
   1.7062489e-02   6.5158371e-01
   1.7168502e-02   6.5203620e-01
   1.7171867e-02   6.5294118e-01
   1.7189216e-02   6.5339367e-01
   1.7200939e-02   6.5475113e-01
   1.7212660e-02   6.5565611e-01
   1.7226383e-02   6.5610860e-01
   1.7234330e-02   6.5656109e-01
   1.7236975e-02   6.5791855e-01
   1.7253334e-02   6.5882353e-01
   1.7272226e-02   6.5927602e-01
   1.7304366e-02   6.5972851e-01
   1.7305453e-02   6.6018100e-01
   1.7379812e-02   6.6063348e-01
   1.7397975e-02   6.6153846e-01
   1.7466392e-02   6.6199095e-01
   1.7491178e-02   6.6244344e-01
   1.7498982e-02   6.6380090e-01
   1.7508083e-02   6.6470588e-01
   1.7529769e-02   6.6606335e-01
   1.7541071e-02   6.6651584e-01
   1.7549055e-02   6.6877828e-01
   1.7585663e-02   6.7013575e-01
   1.7613369e-02   6.7194570e-01
   1.7649161e-02   6.7239819e-01
   1.7665308e-02   6.7285068e-01
   1.7701954e-02   6.7420814e-01
   1.7703814e-02   6.7466063e-01
   1.7767279e-02   6.7601810e-01
   1.7806056e-02   6.7647059e-01
   1.7815674e-02   6.7692308e-01
   1.7821371e-02   6.7737557e-01
   1.7833622e-02   6.7828054e-01
   1.7854106e-02   6.7873303e-01
   1.7873288e-02   6.7918552e-01
   1.7875297e-02   6.7963801e-01
   1.7903144e-02   6.8144796e-01
   1.7940948e-02   6.8190045e-01
   1.7948470e-02   6.8235294e-01
   1.7979499e-02   6.8325792e-01
   1.8029137e-02   6.8371041e-01
   1.8078318e-02   6.8552036e-01
   1.8105375e-02   6.8597285e-01
   1.8139961e-02   6.8642534e-01
   1.8144474e-02   6.8687783e-01
   1.8157596e-02   6.8733032e-01
   1.8173373e-02   6.8778281e-01
   1.8198440e-02   6.8868778e-01
   1.8200941e-02   6.8959276e-01
   1.8224936e-02   6.9004525e-01
   1.8278050e-02   6.9049774e-01
   1.8299297e-02   6.9140271e-01
   1.8350171e-02   6.9185520e-01
   1.8396966e-02   6.9230769e-01
   1.8455712e-02   6.9276018e-01
   1.8462987e-02   6.9366516e-01
   1.8478511e-02   6.9457014e-01
   1.8500042e-02   6.9638009e-01
   1.8517385e-02   6.9683258e-01
   1.8577809e-02   6.9773756e-01
   1.8591768e-02   6.9819005e-01
   1.8616433e-02   6.9864253e-01
   1.8628489e-02   6.9954751e-01
   1.8697813e-02   7.0045249e-01
   1.8726321e-02   7.0090498e-01
   1.8787733e-02   7.0226244e-01
   1.8791363e-02   7.0271493e-01
   1.8816945e-02   7.0316742e-01
   1.8820969e-02   7.0361991e-01
   1.8848956e-02   7.0407240e-01
   1.8864788e-02   7.0452489e-01
   1.8904910e-02   7.0497738e-01
   1.8912463e-02   7.0633484e-01
   1.8934982e-02   7.0678733e-01
   1.8943499e-02   7.0723982e-01
   1.8986564e-02   7.0769231e-01
   1.8999129e-02   7.0904977e-01
   1.9004717e-02   7.0950226e-01
   1.9023256e-02   7.1040724e-01
   1.9027612e-02   7.1085973e-01
   1.9044002e-02   7.1131222e-01
   1.9110530e-02   7.1221719e-01
   1.9118895e-02   7.1312217e-01
   1.9124261e-02   7.1357466e-01
   1.9141192e-02   7.1402715e-01
   1.9150459e-02   7.1447964e-01
   1.9158917e-02   7.1538462e-01
   1.9178633e-02   7.1583710e-01
   1.9202853e-02   7.1674208e-01
   1.9277644e-02   7.1809955e-01
   1.9295614e-02   7.1855204e-01
   1.9324887e-02   7.1900452e-01
   1.9328755e-02   7.1990950e-01
   1.9331511e-02   7.2081448e-01
   1.9373861e-02   7.2126697e-01
   1.9379005e-02   7.2171946e-01
   1.9385758e-02   7.2307692e-01
   1.9436192e-02   7.2443439e-01
   1.9437962e-02   7.2533937e-01
   1.9456715e-02   7.2624434e-01
   1.9460833e-02   7.2714932e-01
   1.9498884e-02   7.2760181e-01
   1.9505452e-02   7.2895928e-01
   1.9562615e-02   7.2986425e-01
   1.9608515e-02   7.3031674e-01
   1.9647065e-02   7.3122172e-01
   1.9658850e-02   7.3167421e-01
   1.9753032e-02   7.3212670e-01
   1.9758229e-02   7.3257919e-01
   1.9768591e-02   7.3303167e-01
   1.9769195e-02   7.3529412e-01
   1.9804564e-02   7.3574661e-01
   1.9879850e-02   7.3619910e-01
   1.9926753e-02   7.3755656e-01
   1.9930270e-02   7.3800905e-01
   1.9965847e-02   7.3846154e-01
   2.0084181e-02   7.3936652e-01
   2.0085299e-02   7.3981900e-01
   2.0106308e-02   7.4072398e-01
   2.0137037e-02   7.4117647e-01
   2.0147202e-02   7.4208145e-01
   2.0148858e-02   7.4298643e-01
   2.0164378e-02   7.4343891e-01
   2.0184369e-02   7.4389140e-01
   2.0212184e-02   7.4479638e-01
   2.0254350e-02   7.4524887e-01
   2.0272084e-02   7.4615385e-01
   2.0292346e-02   7.4660633e-01
   2.0295597e-02   7.4705882e-01
   2.0395744e-02   7.4751131e-01
   2.0406027e-02   7.4796380e-01
   2.0417778e-02   7.4841629e-01
   2.0426928e-02   7.4886878e-01
   2.0434508e-02   7.4932127e-01
   2.0445214e-02   7.4977376e-01
   2.0495352e-02   7.5022624e-01
   2.0502587e-02   7.5203620e-01
   2.0524356e-02   7.5248869e-01
   2.0615123e-02   7.5294118e-01
   2.0662592e-02   7.5339367e-01
   2.0731726e-02   7.5384615e-01
   2.0733363e-02   7.5429864e-01
   2.0749941e-02   7.5475113e-01
   2.0756492e-02   7.5520362e-01
   2.0782442e-02   7.5565611e-01
   2.0788374e-02   7.5610860e-01
   2.0798786e-02   7.5746606e-01
   2.0831443e-02   7.5791855e-01
   2.0836887e-02   7.5837104e-01
   2.0861252e-02   7.5927602e-01
   2.0944836e-02   7.5972851e-01
   2.1024850e-02   7.6018100e-01
   2.1048993e-02   7.6063348e-01
   2.1053999e-02   7.6153846e-01
   2.1061616e-02   7.6244344e-01
   2.1067004e-02   7.6425339e-01
   2.1088142e-02   7.6470588e-01
   2.1135756e-02   7.6515837e-01
   2.1203194e-02   7.6561086e-01
   2.1225217e-02   7.6696833e-01
   2.1273711e-02   7.6742081e-01
   2.1280850e-02   7.6787330e-01
   2.1289156e-02   7.6877828e-01
   2.1317484e-02   7.6968326e-01
   2.1378916e-02   7.7013575e-01
   2.1382638e-02   7.7104072e-01
   2.1394891e-02   7.7194570e-01
   2.1428564e-02   7.7239819e-01
   2.1432599e-02   7.7285068e-01
   2.1448714e-02   7.7330317e-01
   2.1470225e-02   7.7375566e-01
   2.1483303e-02   7.7420814e-01
   2.1511468e-02   7.7466063e-01
   2.1585915e-02   7.7511312e-01
   2.1593026e-02   7.7647059e-01
   2.1648138e-02   7.7692308e-01
   2.1667807e-02   7.7782805e-01
   2.1702635e-02   7.7828054e-01
   2.1707320e-02   7.7918552e-01
   2.1716279e-02   7.8009050e-01
   2.1724908e-02   7.8054299e-01
   2.1804527e-02   7.8099548e-01
   2.1839990e-02   7.8144796e-01
   2.1845035e-02   7.8190045e-01
   2.1859644e-02   7.8235294e-01
   2.1875673e-02   7.8371041e-01
   2.1922977e-02   7.8416290e-01
   2.1952745e-02   7.8461538e-01
   2.2026213e-02   7.8506787e-01
   2.2031431e-02   7.8552036e-01
   2.2040223e-02   7.8642534e-01
   2.2061351e-02   7.8687783e-01
   2.2075550e-02   7.8733032e-01
   2.2098688e-02   7.8778281e-01
   2.2125515e-02   7.8868778e-01
   2.2177212e-02   7.8914027e-01
   2.2282615e-02   7.8959276e-01
   2.2341746e-02   7.9004525e-01
   2.2350249e-02   7.9095023e-01
   2.2376857e-02   7.9140271e-01
   2.2399789e-02   7.9230769e-01
   2.2418073e-02   7.9276018e-01
   2.2420750e-02   7.9321267e-01
   2.2452193e-02   7.9366516e-01
   2.2514400e-02   7.9411765e-01
   2.2557291e-02   7.9457014e-01
   2.2613868e-02   7.9502262e-01
   2.2673715e-02   7.9547511e-01
   2.2686324e-02   7.9592760e-01
   2.2686340e-02   7.9728507e-01
   2.2705456e-02   7.9819005e-01
   2.2716435e-02   7.9864253e-01
   2.2720496e-02   7.9909502e-01
   2.2721618e-02   8.0000000e-01
   2.2833848e-02   8.0045249e-01
   2.2921298e-02   8.0090498e-01
   2.2998546e-02   8.0135747e-01
   2.3001079e-02   8.0180995e-01
   2.3014939e-02   8.0226244e-01
   2.3021354e-02   8.0271493e-01
   2.3049657e-02   8.0316742e-01
   2.3052899e-02   8.0361991e-01
   2.3060035e-02   8.0407240e-01
   2.3105118e-02   8.0452489e-01
   2.3109958e-02   8.0542986e-01
   2.3173169e-02   8.0633484e-01
   2.3191816e-02   8.0678733e-01
   2.3205261e-02   8.0723982e-01
   2.3284789e-02   8.0769231e-01
   2.3321351e-02   8.0814480e-01
   2.3368353e-02   8.0859729e-01
   2.3396293e-02   8.0904977e-01
   2.3398544e-02   8.0950226e-01
   2.3406893e-02   8.1085973e-01
   2.3460484e-02   8.1131222e-01
   2.3523717e-02   8.1176471e-01
   2.3539628e-02   8.1266968e-01
   2.3588677e-02   8.1312217e-01
   2.3606902e-02   8.1357466e-01
   2.3634124e-02   8.1402715e-01
   2.3647482e-02   8.1493213e-01
   2.3653405e-02   8.1538462e-01
   2.3666244e-02   8.1583710e-01
   2.3736573e-02   8.1628959e-01
   2.3743690e-02   8.1674208e-01
   2.3820202e-02   8.1719457e-01
   2.3822524e-02   8.1764706e-01
   2.3964034e-02   8.1809955e-01
   2.3977634e-02   8.1855204e-01
   2.4004275e-02   8.1900452e-01
   2.4015896e-02   8.1945701e-01
   2.4024903e-02   8.1990950e-01
   2.4048517e-02   8.2081448e-01
   2.4055937e-02   8.2126697e-01
   2.4109174e-02   8.2171946e-01
   2.4110160e-02   8.2217195e-01
   2.4161386e-02   8.2262443e-01
   2.4276975e-02   8.2307692e-01
   2.4295371e-02   8.2352941e-01
   2.4313731e-02   8.2398190e-01
   2.4345107e-02   8.2443439e-01
   2.4377870e-02   8.2488688e-01
   2.4401834e-02   8.2533937e-01
   2.4432534e-02   8.2579186e-01
   2.4527637e-02   8.2624434e-01
   2.4550094e-02   8.2669683e-01
   2.4654557e-02   8.2714932e-01
   2.4662475e-02   8.2805430e-01
   2.4748356e-02   8.2850679e-01
   2.4759323e-02   8.2895928e-01
   2.4771535e-02   8.3031674e-01
   2.4788022e-02   8.3076923e-01
   2.4906498e-02   8.3122172e-01
   2.4942158e-02   8.3212670e-01
   2.4943917e-02   8.3257919e-01
   2.4963170e-02   8.3303167e-01
   2.5023633e-02   8.3348416e-01
   2.5057891e-02   8.3393665e-01
   2.5102188e-02   8.3484163e-01
   2.5204674e-02   8.3529412e-01
   2.5276247e-02   8.3574661e-01
   2.5282678e-02   8.3619910e-01
   2.5343271e-02   8.3665158e-01
   2.5416534e-02   8.3710407e-01
   2.5475030e-02   8.3755656e-01
   2.5527532e-02   8.3800905e-01
   2.5547607e-02   8.3846154e-01
   2.5588906e-02   8.3891403e-01
   2.5593086e-02   8.4072398e-01
   2.5632294e-02   8.4117647e-01
   2.5636980e-02   8.4162896e-01
   2.5677523e-02   8.4253394e-01
   2.5770851e-02   8.4298643e-01
   2.5785954e-02   8.4343891e-01
   2.5874585e-02   8.4389140e-01
   2.5912966e-02   8.4434389e-01
   2.5916337e-02   8.4479638e-01
   2.5974087e-02   8.4524887e-01
   2.5998347e-02   8.4660633e-01
   2.6045044e-02   8.4705882e-01
   2.6059337e-02   8.4796380e-01
   2.6114763e-02   8.4841629e-01
   2.6136426e-02   8.4886878e-01
   2.6149969e-02   8.4977376e-01
   2.6207238e-02   8.5022624e-01
   2.6228801e-02   8.5067873e-01
   2.6236915e-02   8.5113122e-01
   2.6248211e-02   8.5158371e-01
   2.6262120e-02   8.5203620e-01
   2.6264487e-02   8.5248869e-01
   2.6275505e-02   8.5339367e-01
   2.6287065e-02   8.5384615e-01
   2.6319427e-02   8.5429864e-01
   2.6409444e-02   8.5475113e-01
   2.6456320e-02   8.5520362e-01
   2.6504974e-02   8.5565611e-01
   2.6518734e-02   8.5610860e-01
   2.6564229e-02   8.5656109e-01
   2.6573947e-02   8.5701357e-01
   2.6600556e-02   8.5746606e-01
   2.6603764e-02   8.5837104e-01
   2.6604644e-02   8.5882353e-01
   2.6648275e-02   8.5972851e-01
   2.6651809e-02   8.6018100e-01
   2.6667581e-02   8.6063348e-01
   2.6696315e-02   8.6108597e-01
   2.6851222e-02   8.6153846e-01
   2.6894181e-02   8.6199095e-01
   2.6948988e-02   8.6244344e-01
   2.7001974e-02   8.6289593e-01
   2.7017802e-02   8.6334842e-01
   2.7089995e-02   8.6425339e-01
   2.7205530e-02   8.6470588e-01
   2.7252957e-02   8.6515837e-01
   2.7260118e-02   8.6561086e-01
   2.7280578e-02   8.6606335e-01
   2.7298791e-02   8.6651584e-01
   2.7358864e-02   8.6696833e-01
   2.7395901e-02   8.6742081e-01
   2.7449601e-02   8.6787330e-01
   2.7540413e-02   8.6832579e-01
   2.7561161e-02   8.6877828e-01
   2.7564536e-02   8.6923077e-01
   2.7602821e-02   8.6968326e-01
   2.7743474e-02   8.7013575e-01
   2.7752250e-02   8.7058824e-01
   2.7857695e-02   8.7104072e-01
   2.7872928e-02   8.7149321e-01
   2.7873321e-02   8.7239819e-01
   2.7948177e-02   8.7285068e-01
   2.8008605e-02   8.7330317e-01
   2.8040857e-02   8.7375566e-01
   2.8084930e-02   8.7420814e-01
   2.8155872e-02   8.7466063e-01
   2.8175071e-02   8.7511312e-01
   2.8179961e-02   8.7601810e-01
   2.8186815e-02   8.7647059e-01
   2.8187566e-02   8.7692308e-01
   2.8245877e-02   8.7737557e-01
   2.8248796e-02   8.7828054e-01
   2.8281809e-02   8.7873303e-01
   2.8363925e-02   8.7918552e-01
   2.8369520e-02   8.7963801e-01
   2.8553057e-02   8.8054299e-01
   2.8659846e-02   8.8099548e-01
   2.8808514e-02   8.8144796e-01
   2.8827861e-02   8.8190045e-01
   2.8888764e-02   8.8235294e-01
   2.8898687e-02   8.8280543e-01
   2.8909173e-02   8.8325792e-01
   2.9018539e-02   8.8371041e-01
   2.9078301e-02   8.8416290e-01
   2.9164769e-02   8.8461538e-01
   2.9357872e-02   8.8506787e-01
   2.9382614e-02   8.8552036e-01
   2.9405613e-02   8.8597285e-01
   2.9499094e-02   8.8687783e-01
   2.9548613e-02   8.8733032e-01
   2.9601555e-02   8.8778281e-01
   2.9625942e-02   8.8868778e-01
   2.9640754e-02   8.8914027e-01
   2.9718787e-02   8.9004525e-01
   2.9800126e-02   8.9049774e-01
   2.9803090e-02   8.9095023e-01
   2.9810807e-02   8.9140271e-01
   2.9819679e-02   8.9230769e-01
   2.9844352e-02   8.9276018e-01
   3.0075338e-02   8.9321267e-01
   3.0127400e-02   8.9366516e-01
   3.0160027e-02   8.9411765e-01
   3.0279041e-02   8.9457014e-01
   3.0318276e-02   8.9502262e-01
   3.0502418e-02   8.9547511e-01
   3.0600199e-02   8.9592760e-01
   3.0720739e-02   8.9638009e-01
   3.0802606e-02   8.9683258e-01
   3.0848985e-02   8.9773756e-01
   3.0862542e-02   8.9819005e-01
   3.0876519e-02   8.9864253e-01
   3.0981949e-02   8.9909502e-01
   3.1100899e-02   9.0045249e-01
   3.1119502e-02   9.0090498e-01
   3.1140678e-02   9.0135747e-01
   3.1366972e-02   9.0180995e-01
   3.1433042e-02   9.0271493e-01
   3.1558733e-02   9.0316742e-01
   3.1617548e-02   9.0361991e-01
   3.1753883e-02   9.0407240e-01
   3.1801225e-02   9.0497738e-01
   3.1847836e-02   9.0542986e-01
   3.1909942e-02   9.0588235e-01
   3.1980027e-02   9.0633484e-01
   3.2068523e-02   9.0678733e-01
   3.2068643e-02   9.0723982e-01
   3.2082133e-02   9.0769231e-01
   3.2108908e-02   9.0859729e-01
   3.2146810e-02   9.0950226e-01
   3.2201222e-02   9.0995475e-01
   3.2267163e-02   9.1040724e-01
   3.2279508e-02   9.1085973e-01
   3.2286955e-02   9.1131222e-01
   3.2345496e-02   9.1176471e-01
   3.2398342e-02   9.1221719e-01
   3.2398506e-02   9.1266968e-01
   3.2451835e-02   9.1312217e-01
   3.2625137e-02   9.1357466e-01
   3.2683926e-02   9.1402715e-01
   3.2799004e-02   9.1447964e-01
   3.2808654e-02   9.1493213e-01
   3.2851114e-02   9.1538462e-01
   3.3249166e-02   9.1583710e-01
   3.3304910e-02   9.1628959e-01
   3.3373541e-02   9.1719457e-01
   3.3448067e-02   9.1764706e-01
   3.3464198e-02   9.1809955e-01
   3.3540864e-02   9.1855204e-01
   3.3543102e-02   9.1900452e-01
   3.3572671e-02   9.1945701e-01
   3.3626953e-02   9.1990950e-01
   3.3836590e-02   9.2036199e-01
   3.3888003e-02   9.2081448e-01
   3.4029906e-02   9.2126697e-01
   3.4041204e-02   9.2217195e-01
   3.4150958e-02   9.2262443e-01
   3.4215828e-02   9.2307692e-01
   3.4334803e-02   9.2352941e-01
   3.4484112e-02   9.2398190e-01
   3.4610458e-02   9.2443439e-01
   3.4748455e-02   9.2488688e-01
   3.4808056e-02   9.2533937e-01
   3.4863249e-02   9.2579186e-01
   3.5023247e-02   9.2624434e-01
   3.5212592e-02   9.2669683e-01
   3.5405132e-02   9.2714932e-01
   3.5503082e-02   9.2760181e-01
   3.5509894e-02   9.2805430e-01
   3.5756508e-02   9.2850679e-01
   3.6006978e-02   9.2941176e-01
   3.6013546e-02   9.2986425e-01
   3.6030351e-02   9.3031674e-01
   3.6100704e-02   9.3076923e-01
   3.6689723e-02   9.3122172e-01
   3.6927666e-02   9.3167421e-01
   3.6934641e-02   9.3212670e-01
   3.7086050e-02   9.3257919e-01
   3.7156736e-02   9.3303167e-01
   3.7235148e-02   9.3348416e-01
   3.7463946e-02   9.3393665e-01
   3.7550872e-02   9.3438914e-01
   3.7566189e-02   9.3484163e-01
   3.7577371e-02   9.3529412e-01
   3.8189374e-02   9.3574661e-01
   3.8221059e-02   9.3619910e-01
   3.8277675e-02   9.3665158e-01
   3.8412898e-02   9.3710407e-01
   3.8547362e-02   9.3755656e-01
   3.8618588e-02   9.3800905e-01
   3.8866185e-02   9.3846154e-01
   3.8961504e-02   9.3891403e-01
   3.9204281e-02   9.3936652e-01
   3.9318811e-02   9.3981900e-01
   3.9517000e-02   9.4027149e-01
   3.9588272e-02   9.4072398e-01
   4.0036866e-02   9.4117647e-01
   4.0175074e-02   9.4162896e-01
   4.0350912e-02   9.4208145e-01
   4.0415807e-02   9.4253394e-01
   4.0549458e-02   9.4298643e-01
   4.0584693e-02   9.4343891e-01
   4.0708019e-02   9.4389140e-01
   4.0835555e-02   9.4434389e-01
   4.0899783e-02   9.4479638e-01
   4.1149998e-02   9.4524887e-01
   4.1164479e-02   9.4570136e-01
   4.1172884e-02   9.4615385e-01
   4.1204879e-02   9.4660633e-01
   4.1314301e-02   9.4705882e-01
   4.1608849e-02   9.4751131e-01
   4.1809981e-02   9.4796380e-01
   4.1889051e-02   9.4841629e-01
   4.2127164e-02   9.4886878e-01
   4.2621485e-02   9.4932127e-01
   4.3151753e-02   9.4977376e-01
   4.3325762e-02   9.5022624e-01
   4.3576587e-02   9.5067873e-01
   4.3611925e-02   9.5113122e-01
   4.3835309e-02   9.5158371e-01
   4.3848400e-02   9.5203620e-01
   4.4080446e-02   9.5248869e-01
   4.4194671e-02   9.5294118e-01
   4.4375121e-02   9.5339367e-01
   4.4394322e-02   9.5384615e-01
   4.4455998e-02   9.5429864e-01
   4.4891550e-02   9.5475113e-01
   4.4954771e-02   9.5520362e-01
   4.5643310e-02   9.5610860e-01
   4.5678377e-02   9.5656109e-01
   4.5736920e-02   9.5701357e-01
   4.6153246e-02   9.5746606e-01
   4.6466132e-02   9.5837104e-01
   4.6812145e-02   9.5882353e-01
   4.6888285e-02   9.5927602e-01
   4.6942820e-02   9.5972851e-01
   4.7683953e-02   9.6018100e-01
   4.7955793e-02   9.6063348e-01
   4.8196055e-02   9.6108597e-01
   4.8200351e-02   9.6153846e-01
   4.8966575e-02   9.6199095e-01
   4.9109060e-02   9.6244344e-01
   4.9348742e-02   9.6289593e-01
   4.9593316e-02   9.6334842e-01
   4.9603453e-02   9.6380090e-01
   5.0302025e-02   9.6425339e-01
   5.0531031e-02   9.6470588e-01
   5.0669270e-02   9.6515837e-01
   5.0887751e-02   9.6561086e-01
   5.1356170e-02   9.6606335e-01
   5.1583755e-02   9.6651584e-01
   5.2251506e-02   9.6696833e-01
   5.2410047e-02   9.6742081e-01
   5.2756653e-02   9.6787330e-01
   5.2999368e-02   9.6832579e-01
   5.3562380e-02   9.6877828e-01
   5.3821394e-02   9.6923077e-01
   5.4789269e-02   9.6968326e-01
   5.5096621e-02   9.7013575e-01
   5.5272019e-02   9.7058824e-01
   5.5389605e-02   9.7104072e-01
   5.5610879e-02   9.7149321e-01
   5.5712139e-02   9.7194570e-01
   5.6245858e-02   9.7239819e-01
   5.6292957e-02   9.7285068e-01
   5.6800957e-02   9.7330317e-01
   5.7056536e-02   9.7375566e-01
   5.7552292e-02   9.7420814e-01
   5.7602158e-02   9.7466063e-01
   5.7750821e-02   9.7511312e-01
   5.8322983e-02   9.7556561e-01
   5.8329538e-02   9.7601810e-01
   5.8498824e-02   9.7647059e-01
   5.8521618e-02   9.7692308e-01
   5.9361554e-02   9.7737557e-01
   5.9525716e-02   9.7782805e-01
   5.9937066e-02   9.7828054e-01
   6.0247767e-02   9.7873303e-01
   6.0816253e-02   9.7918552e-01
   6.1429234e-02   9.7963801e-01
   6.1544035e-02   9.8009050e-01
   6.2494542e-02   9.8054299e-01
   6.3696214e-02   9.8099548e-01
   6.4187196e-02   9.8144796e-01
   6.4975814e-02   9.8190045e-01
   6.5444923e-02   9.8235294e-01
   6.6086315e-02   9.8280543e-01
   6.6181669e-02   9.8325792e-01
   6.7369265e-02   9.8371041e-01
   6.7713660e-02   9.8416290e-01
   6.7943802e-02   9.8461538e-01
   6.9528675e-02   9.8506787e-01
   7.0611725e-02   9.8552036e-01
   7.0742121e-02   9.8597285e-01
   7.1689867e-02   9.8642534e-01
   7.1919048e-02   9.8687783e-01
   7.2736384e-02   9.8733032e-01
   7.3206037e-02   9.8778281e-01
   7.6643168e-02   9.8823529e-01
   7.6878584e-02   9.8868778e-01
   7.7925344e-02   9.8914027e-01
   7.8371596e-02   9.8959276e-01
   7.8405708e-02   9.9004525e-01
   7.8997339e-02   9.9049774e-01
   7.9360682e-02   9.9095023e-01
   8.1573326e-02   9.9140271e-01
   8.1757952e-02   9.9185520e-01
   8.3776751e-02   9.9230769e-01
   8.6788782e-02   9.9276018e-01
   8.7645450e-02   9.9321267e-01
   8.8604333e-02   9.9366516e-01
   8.9295699e-02   9.9411765e-01
   9.0233145e-02   9.9457014e-01
   9.2035188e-02   9.9502262e-01
   9.2855693e-02   9.9547511e-01
   9.3264826e-02   9.9592760e-01
   9.4919526e-02   9.9638009e-01
   9.8754111e-02   9.9683258e-01
   1.0519420e-01   9.9728507e-01
   1.0521585e-01   9.9773756e-01
   1.0703541e-01   9.9819005e-01
   1.0817464e-01   9.9864253e-01
   1.2401638e-01   9.9909502e-01
   1.3429443e-01   9.9954751e-01
   1.3447158e-01   1.0000000e+00
