   3.4224000e-03   0.0000000e+00
   3.4224000e-03   3.5087719e-03
   3.8504000e-03   1.0025063e-02
   4.2784000e-03   1.7543860e-02
   4.7056000e-03   2.7067669e-02
   5.1336000e-03   4.8621554e-02
   5.5616000e-03   7.2180451e-02
   5.9896000e-03   9.8245614e-02
   6.4168000e-03   1.4385965e-01
   6.8448000e-03   1.9298246e-01
   7.2728000e-03   2.3609023e-01
   7.7008000e-03   2.9473684e-01
   8.1280000e-03   3.3934837e-01
   8.5560000e-03   3.9147870e-01
   8.9840000e-03   4.2656642e-01
   9.4120000e-03   4.6416040e-01
   9.8392000e-03   4.9122807e-01
   1.0267200e-02   5.1278195e-01
   1.0695200e-02   5.4185464e-01
   1.1123200e-02   5.7092732e-01
   1.1550400e-02   5.8796992e-01
   1.1978400e-02   6.0852130e-01
   1.2406400e-02   6.3508772e-01
   1.2834400e-02   6.5463659e-01
   1.3261600e-02   6.7017544e-01
   1.3689600e-02   6.9824561e-01
   1.4117600e-02   7.1328321e-01
   1.4545600e-02   7.2481203e-01
   1.4973600e-02   7.4786967e-01
   1.5400800e-02   7.5689223e-01
   1.5828800e-02   7.6441103e-01
   1.6256800e-02   7.7994987e-01
   1.6684800e-02   7.9047619e-01
   1.7112000e-02   8.0200501e-01
   1.7540000e-02   8.1804511e-01
   1.7968000e-02   8.2305764e-01
   1.8396000e-02   8.3107769e-01
   1.8823200e-02   8.4310777e-01
   1.9251200e-02   8.5162907e-01
   1.9679200e-02   8.5764411e-01
   2.0107200e-02   8.6766917e-01
   2.0534400e-02   8.7318296e-01
   2.0962400e-02   8.7669173e-01
   2.1390400e-02   8.8270677e-01
   2.1818400e-02   8.9022556e-01
   2.2245600e-02   8.9573935e-01
   2.2673600e-02   8.9924812e-01
   2.3101600e-02   9.0325815e-01
   2.3529600e-02   9.0676692e-01
   2.3957600e-02   9.0927318e-01
   2.4384800e-02   9.1278195e-01
   2.4812800e-02   9.1528822e-01
   2.5240800e-02   9.1829574e-01
   2.5668800e-02   9.2030075e-01
   2.6096000e-02   9.2431078e-01
   2.6524000e-02   9.2731830e-01
   2.6952000e-02   9.3032581e-01
   2.7380000e-02   9.3283208e-01
   2.7807200e-02   9.3533835e-01
   2.8235200e-02   9.3734336e-01
   2.8663200e-02   9.3884712e-01
   2.9091200e-02   9.3934837e-01
   2.9518400e-02   9.4035088e-01
   2.9946400e-02   9.4235589e-01
   3.0374400e-02   9.4436090e-01
   3.0802400e-02   9.4887218e-01
   3.1229600e-02   9.5137845e-01
   3.1657600e-02   9.5288221e-01
   3.2085600e-02   9.5338346e-01
   3.2513600e-02   9.5739348e-01
   3.3368800e-02   9.5839599e-01
   3.3796800e-02   9.6190476e-01
   3.4224800e-02   9.6340852e-01
   3.4652000e-02   9.6390977e-01
   3.5080000e-02   9.6691729e-01
   3.5508000e-02   9.6842105e-01
   3.5936000e-02   9.7142857e-01
   3.6364000e-02   9.7493734e-01
   3.6791200e-02   9.7744361e-01
   3.7647200e-02   9.7794486e-01
   3.8075200e-02   9.7844612e-01
   3.8502400e-02   9.7894737e-01
   3.8930400e-02   9.7994987e-01
   3.9786400e-02   9.8045113e-01
   4.0213600e-02   9.8145363e-01
   4.1069600e-02   9.8295739e-01
   4.1497600e-02   9.8345865e-01
   4.2352800e-02   9.8395990e-01
   4.2780800e-02   9.8496241e-01
   4.4492000e-02   9.8546366e-01
   4.6631200e-02   9.8596491e-01
   4.7059200e-02   9.8646617e-01
   4.7486400e-02   9.8746867e-01
   4.7914400e-02   9.8847118e-01
   4.8770400e-02   9.8997494e-01
   5.1764800e-02   9.9047619e-01
   5.3048000e-02   9.9097744e-01
   5.4759200e-02   9.9147870e-01
   5.5615200e-02   9.9197995e-01
   5.7326400e-02   9.9248120e-01
   5.7754400e-02   9.9298246e-01
   5.8609600e-02   9.9348371e-01
   5.9465600e-02   9.9398496e-01
   6.3315200e-02   9.9448622e-01
   6.3743200e-02   9.9498747e-01
   6.4171200e-02   9.9548872e-01
   6.4599200e-02   9.9598997e-01
   6.5026400e-02   9.9649123e-01
   6.6737600e-02   9.9699248e-01
   6.8021600e-02   9.9749373e-01
   7.6149600e-02   9.9799499e-01
   8.9839200e-02   9.9849624e-01
   1.0181840e-01   9.9899749e-01
   1.3390400e-01   9.9949875e-01
   1.5614960e-01   1.0000000e+00
