   4.5029629e-03   0.0000000e+00
   4.5029629e-03   9.2850511e-04
   6.0441794e-03   1.8570102e-03
   6.2837136e-03   2.7855153e-03
   6.4080751e-03   3.7140204e-03
   6.6360351e-03   4.6425255e-03
   6.8775734e-03   5.5710306e-03
   7.2283203e-03   6.4995357e-03
   7.3996105e-03   7.4280409e-03
   7.4710244e-03   9.2850511e-03
   7.5580797e-03   1.0213556e-02
   7.6744665e-03   1.1142061e-02
   7.6779533e-03   1.2070566e-02
   7.7266962e-03   1.4856082e-02
   7.8204539e-03   1.6713092e-02
   7.9587420e-03   1.9498607e-02
   7.9655095e-03   2.0427112e-02
   7.9822141e-03   2.1355617e-02
   7.9936578e-03   2.2284123e-02
   8.0650560e-03   2.5998143e-02
   8.1371318e-03   2.7855153e-02
   8.1460164e-03   2.8783658e-02
   8.1798022e-03   2.9712163e-02
   8.2624239e-03   3.0640669e-02
   8.2702443e-03   3.1569174e-02
   8.2966519e-03   3.3426184e-02
   8.3352845e-03   3.5283194e-02
   8.3736552e-03   3.7140204e-02
   8.4139642e-03   3.8997214e-02
   8.5290094e-03   3.9925720e-02
   8.5466109e-03   4.2711235e-02
   8.5565909e-03   4.3639740e-02
   8.5872135e-03   4.4568245e-02
   8.7102861e-03   4.5496750e-02
   8.7182599e-03   4.6425255e-02
   8.7709855e-03   4.8282266e-02
   8.8407037e-03   4.9210771e-02
   8.8633256e-03   5.2924791e-02
   8.9157109e-03   5.3853296e-02
   8.9205182e-03   5.5710306e-02
   8.9456859e-03   5.7567317e-02
   9.1357142e-03   5.9424327e-02
   9.1819500e-03   6.0352832e-02
   9.1965864e-03   6.1281337e-02
   9.3006681e-03   6.2209842e-02
   9.3270176e-03   6.3138347e-02
   9.4401859e-03   6.4995357e-02
   9.4617546e-03   6.9637883e-02
   9.5003848e-03   7.0566388e-02
   9.5101840e-03   7.3351903e-02
   9.5198044e-03   7.5208914e-02
   9.5998115e-03   7.8922934e-02
   9.6863255e-03   7.9851439e-02
   9.7399577e-03   8.0779944e-02
   9.7447886e-03   8.1708449e-02
   9.7755966e-03   8.6350975e-02
   9.8475727e-03   8.8207985e-02
   9.8848637e-03   9.0993500e-02
   9.9540526e-03   9.2850511e-02
   9.9557579e-03   9.3779016e-02
   1.0030840e-02   9.5636026e-02
   1.0049984e-02   9.9350046e-02
   1.0094913e-02   1.0027855e-01
   1.0097279e-02   1.0120706e-01
   1.0193207e-02   1.0399257e-01
   1.0267848e-02   1.0584958e-01
   1.0315311e-02   1.0677809e-01
   1.0327983e-02   1.0863510e-01
   1.0332142e-02   1.1606314e-01
   1.0358095e-02   1.1792015e-01
   1.0421930e-02   1.1977716e-01
   1.0470216e-02   1.2070566e-01
   1.0472435e-02   1.2163417e-01
   1.0475200e-02   1.2256267e-01
   1.0546276e-02   1.2627669e-01
   1.0620858e-02   1.2720520e-01
   1.0643507e-02   1.3277623e-01
   1.0682875e-02   1.3556175e-01
   1.0786224e-02   1.3649025e-01
   1.0861325e-02   1.3834726e-01
   1.0906059e-02   1.4020427e-01
   1.0916739e-02   1.4484680e-01
   1.0923997e-02   1.4577530e-01
   1.0941187e-02   1.4670381e-01
   1.0964079e-02   1.5227484e-01
   1.0997911e-02   1.5413185e-01
   1.1035511e-02   1.5598886e-01
   1.1048429e-02   1.5691736e-01
   1.1056791e-02   1.5784587e-01
   1.1138259e-02   1.5970288e-01
   1.1211881e-02   1.6063138e-01
   1.1218065e-02   1.6620241e-01
   1.1236748e-02   1.6898793e-01
   1.1256274e-02   1.6991643e-01
   1.1272574e-02   1.7177344e-01
   1.1293073e-02   1.7548747e-01
   1.1325161e-02   1.7641597e-01
   1.1505480e-02   1.7734448e-01
   1.1516642e-02   1.7920149e-01
   1.1525585e-02   1.8012999e-01
   1.1554037e-02   1.8105850e-01
   1.1557810e-02   1.8198700e-01
   1.1576223e-02   1.8291551e-01
   1.1629775e-02   1.8755803e-01
   1.1643934e-02   1.9127205e-01
   1.1731560e-02   1.9220056e-01
   1.1802662e-02   1.9405757e-01
   1.1818158e-02   1.9498607e-01
   1.1830280e-02   1.9962860e-01
   1.1838257e-02   2.0055710e-01
   1.1843792e-02   2.0148561e-01
   1.1861698e-02   2.0241411e-01
   1.1974159e-02   2.0705664e-01
   1.2019656e-02   2.0798514e-01
   1.2108894e-02   2.1169916e-01
   1.2152107e-02   2.1262767e-01
   1.2155037e-02   2.1355617e-01
   1.2205348e-02   2.1448468e-01
   1.2228505e-02   2.1541318e-01
   1.2231347e-02   2.1634169e-01
   1.2324397e-02   2.1912721e-01
   1.2394331e-02   2.2098422e-01
   1.2401162e-02   2.2191272e-01
   1.2420789e-02   2.2562674e-01
   1.2423505e-02   2.2655525e-01
   1.2432724e-02   2.2748375e-01
   1.2451736e-02   2.2841226e-01
   1.2482088e-02   2.3026927e-01
   1.2596343e-02   2.3119777e-01
   1.2605852e-02   2.3212628e-01
   1.2614457e-02   2.3305478e-01
   1.2632026e-02   2.3398329e-01
   1.2680564e-02   2.3584030e-01
   1.2696566e-02   2.3862581e-01
   1.2735887e-02   2.4141133e-01
   1.2746462e-02   2.4512535e-01
   1.2795479e-02   2.4605385e-01
   1.2802055e-02   2.4698236e-01
   1.2818455e-02   2.4883937e-01
   1.2819805e-02   2.4976787e-01
   1.2895953e-02   2.5069638e-01
   1.2981728e-02   2.5162488e-01
   1.2986256e-02   2.5255339e-01
   1.2990801e-02   2.5348189e-01
   1.3004983e-02   2.5441040e-01
   1.3015968e-02   2.5533890e-01
   1.3017927e-02   2.5719591e-01
   1.3042177e-02   2.5812442e-01
   1.3060389e-02   2.5905292e-01
   1.3076030e-02   2.6090994e-01
   1.3161259e-02   2.6183844e-01
   1.3192602e-02   2.6276695e-01
   1.3220079e-02   2.6369545e-01
   1.3234995e-02   2.6462396e-01
   1.3275670e-02   2.6555246e-01
   1.3317300e-02   2.6648097e-01
   1.3340791e-02   2.6833798e-01
   1.3408793e-02   2.7019499e-01
   1.3412253e-02   2.7205200e-01
   1.3510011e-02   2.7390901e-01
   1.3567873e-02   2.7762303e-01
   1.3570933e-02   2.7855153e-01
   1.3578374e-02   2.7948004e-01
   1.3611831e-02   2.8133705e-01
   1.3634473e-02   2.8226555e-01
   1.3670503e-02   2.8319406e-01
   1.3705166e-02   2.8505107e-01
   1.3742420e-02   2.8597957e-01
   1.3754643e-02   2.8783658e-01
   1.3755212e-02   2.8876509e-01
   1.3870513e-02   2.9062210e-01
   1.3888215e-02   2.9155060e-01
   1.3935132e-02   2.9247911e-01
   1.3955585e-02   2.9340761e-01
   1.3997794e-02   2.9433612e-01
   1.4006581e-02   2.9526462e-01
   1.4033406e-02   2.9619313e-01
   1.4102749e-02   2.9712163e-01
   1.4156155e-02   2.9897864e-01
   1.4160506e-02   3.0269266e-01
   1.4160885e-02   3.0362117e-01
   1.4170720e-02   3.0454968e-01
   1.4175313e-02   3.0547818e-01
   1.4205227e-02   3.0640669e-01
   1.4223600e-02   3.0826370e-01
   1.4297422e-02   3.0919220e-01
   1.4348577e-02   3.1104921e-01
   1.4368236e-02   3.1197772e-01
   1.4368866e-02   3.1290622e-01
   1.4457877e-02   3.1662024e-01
   1.4459195e-02   3.1754875e-01
   1.4484440e-02   3.1847725e-01
   1.4528941e-02   3.1940576e-01
   1.4533840e-02   3.2033426e-01
   1.4535538e-02   3.2311978e-01
   1.4588309e-02   3.2404828e-01
   1.4598335e-02   3.2497679e-01
   1.4750545e-02   3.2590529e-01
   1.4762378e-02   3.2683380e-01
   1.4762661e-02   3.2961931e-01
   1.4776214e-02   3.3054782e-01
   1.4825918e-02   3.3147632e-01
   1.4858919e-02   3.3426184e-01
   1.4934804e-02   3.3519034e-01
   1.4938643e-02   3.3611885e-01
   1.4942555e-02   3.3704735e-01
   1.5047859e-02   3.3797586e-01
   1.5049342e-02   3.4076137e-01
   1.5049404e-02   3.4168988e-01
   1.5119927e-02   3.4261838e-01
   1.5123303e-02   3.4354689e-01
   1.5178066e-02   3.4540390e-01
   1.5181750e-02   3.4726091e-01
   1.5273038e-02   3.4818942e-01
   1.5304877e-02   3.5190344e-01
   1.5380525e-02   3.5283194e-01
   1.5392699e-02   3.5376045e-01
   1.5433850e-02   3.5468895e-01
   1.5453392e-02   3.5561746e-01
   1.5501453e-02   3.5654596e-01
   1.5536682e-02   3.5840297e-01
   1.5636359e-02   3.5933148e-01
   1.5641154e-02   3.6025998e-01
   1.5642029e-02   3.6118849e-01
   1.5694984e-02   3.6304550e-01
   1.5789721e-02   3.6397400e-01
   1.5883124e-02   3.6583101e-01
   1.5907583e-02   3.6675952e-01
   1.5948136e-02   3.6768802e-01
   1.5949364e-02   3.6861653e-01
   1.5963796e-02   3.7047354e-01
   1.5986764e-02   3.7233055e-01
   1.5998559e-02   3.7325905e-01
   1.6047934e-02   3.7418756e-01
   1.6063686e-02   3.7511606e-01
   1.6084778e-02   3.7604457e-01
   1.6087330e-02   3.7790158e-01
   1.6139258e-02   3.7883008e-01
   1.6261491e-02   3.8068709e-01
   1.6277144e-02   3.8161560e-01
   1.6291203e-02   3.8254410e-01
   1.6335510e-02   3.8347261e-01
   1.6359414e-02   3.8532962e-01
   1.6468886e-02   3.8625812e-01
   1.6476689e-02   3.8718663e-01
   1.6540489e-02   3.8904364e-01
   1.6548456e-02   3.8997214e-01
   1.6581303e-02   3.9090065e-01
   1.6581437e-02   3.9182916e-01
   1.6593950e-02   3.9368617e-01
   1.6636224e-02   3.9461467e-01
   1.6670153e-02   3.9647168e-01
   1.6708547e-02   3.9740019e-01
   1.6724299e-02   3.9832869e-01
   1.6724314e-02   3.9925720e-01
   1.6746885e-02   4.0018570e-01
   1.6800973e-02   4.0111421e-01
   1.6815105e-02   4.0204271e-01
   1.6827294e-02   4.0297122e-01
   1.6855139e-02   4.0389972e-01
   1.6860164e-02   4.0482823e-01
   1.6879767e-02   4.0575673e-01
   1.6950022e-02   4.0668524e-01
   1.6977943e-02   4.0761374e-01
   1.7051637e-02   4.0854225e-01
   1.7058019e-02   4.0947075e-01
   1.7093664e-02   4.1039926e-01
   1.7130053e-02   4.1132776e-01
   1.7134083e-02   4.1318477e-01
   1.7161663e-02   4.1411328e-01
   1.7182260e-02   4.1504178e-01
   1.7196510e-02   4.1689879e-01
   1.7236509e-02   4.1782730e-01
   1.7279533e-02   4.1875580e-01
   1.7318403e-02   4.2061281e-01
   1.7318585e-02   4.2246982e-01
   1.7416911e-02   4.2339833e-01
   1.7436122e-02   4.2432683e-01
   1.7443324e-02   4.2525534e-01
   1.7448838e-02   4.2711235e-01
   1.7492948e-02   4.2804085e-01
   1.7500335e-02   4.2989786e-01
   1.7541971e-02   4.3175487e-01
   1.7562564e-02   4.3268338e-01
   1.7572324e-02   4.3361188e-01
   1.7651259e-02   4.3454039e-01
   1.7663502e-02   4.3546890e-01
   1.7667135e-02   4.3639740e-01
   1.7704559e-02   4.3732591e-01
   1.7719111e-02   4.3825441e-01
   1.7726644e-02   4.4011142e-01
   1.7756826e-02   4.4103993e-01
   1.7774747e-02   4.4289694e-01
   1.7823413e-02   4.4382544e-01
   1.7830823e-02   4.4568245e-01
   1.7890702e-02   4.4753946e-01
   1.7904890e-02   4.4939647e-01
   1.7912532e-02   4.5032498e-01
   1.7925674e-02   4.5125348e-01
   1.8013606e-02   4.5218199e-01
   1.8018551e-02   4.5311049e-01
   1.8027818e-02   4.5403900e-01
   1.8029301e-02   4.5589601e-01
   1.8042028e-02   4.5868152e-01
   1.8053207e-02   4.5961003e-01
   1.8073497e-02   4.6146704e-01
   1.8137894e-02   4.6239554e-01
   1.8186801e-02   4.6332405e-01
   1.8220138e-02   4.6425255e-01
   1.8257861e-02   4.6518106e-01
   1.8305608e-02   4.6610956e-01
   1.8362769e-02   4.6703807e-01
   1.8367208e-02   4.6889508e-01
   1.8425296e-02   4.6982358e-01
   1.8586368e-02   4.7075209e-01
   1.8601912e-02   4.7168059e-01
   1.8612944e-02   4.7260910e-01
   1.8641374e-02   4.7446611e-01
   1.8664897e-02   4.7539461e-01
   1.8688593e-02   4.7632312e-01
   1.8792730e-02   4.7725162e-01
   1.8795705e-02   4.7818013e-01
   1.8804931e-02   4.7910864e-01
   1.8860586e-02   4.8003714e-01
   1.8887401e-02   4.8282266e-01
   1.8891497e-02   4.8375116e-01
   1.8922876e-02   4.8467967e-01
   1.8959796e-02   4.8839369e-01
   1.9014527e-02   4.8932219e-01
   1.9019838e-02   4.9025070e-01
   1.9085861e-02   4.9117920e-01
   1.9100957e-02   4.9210771e-01
   1.9194021e-02   4.9396472e-01
   1.9198521e-02   4.9582173e-01
   1.9199623e-02   4.9675023e-01
   1.9229485e-02   4.9767874e-01
   1.9229662e-02   4.9860724e-01
   1.9283590e-02   5.0139276e-01
   1.9292591e-02   5.0232126e-01
   1.9458197e-02   5.0324977e-01
   1.9470892e-02   5.0510678e-01
   1.9479367e-02   5.0603528e-01
   1.9489924e-02   5.0696379e-01
   1.9505965e-02   5.0789229e-01
   1.9568913e-02   5.0974930e-01
   1.9616157e-02   5.1067781e-01
   1.9694633e-02   5.1160631e-01
   1.9770412e-02   5.1253482e-01
   1.9792986e-02   5.1346332e-01
   1.9819310e-02   5.1439183e-01
   1.9949466e-02   5.1532033e-01
   1.9977239e-02   5.1717734e-01
   2.0031908e-02   5.1810585e-01
   2.0038320e-02   5.2274838e-01
   2.0060551e-02   5.2367688e-01
   2.0145414e-02   5.2553389e-01
   2.0193745e-02   5.2646240e-01
   2.0197701e-02   5.2739090e-01
   2.0288837e-02   5.2831941e-01
   2.0355080e-02   5.2924791e-01
   2.0380262e-02   5.3110492e-01
   2.0408281e-02   5.3203343e-01
   2.0500264e-02   5.3296193e-01
   2.0543872e-02   5.3574745e-01
   2.0545159e-02   5.3667595e-01
   2.0548986e-02   5.3760446e-01
   2.0631277e-02   5.3853296e-01
   2.0632216e-02   5.3946147e-01
   2.0655449e-02   5.4038997e-01
   2.0663704e-02   5.4131848e-01
   2.0677539e-02   5.4224698e-01
   2.0732753e-02   5.4317549e-01
   2.0739649e-02   5.4410399e-01
   2.0772095e-02   5.4503250e-01
   2.0802727e-02   5.4596100e-01
   2.0883057e-02   5.4781801e-01
   2.0905321e-02   5.4874652e-01
   2.0923046e-02   5.4967502e-01
   2.0940691e-02   5.5060353e-01
   2.1004652e-02   5.5153203e-01
   2.1032477e-02   5.5246054e-01
   2.1066294e-02   5.5338904e-01
   2.1092716e-02   5.5524605e-01
   2.1118588e-02   5.5617456e-01
   2.1241716e-02   5.5710306e-01
   2.1244043e-02   5.5803157e-01
   2.1286451e-02   5.6081708e-01
   2.1330853e-02   5.6174559e-01
   2.1333897e-02   5.6267409e-01
   2.1397200e-02   5.6360260e-01
   2.1411314e-02   5.6453110e-01
   2.1450917e-02   5.6545961e-01
   2.1476777e-02   5.6638812e-01
   2.1536018e-02   5.6731662e-01
   2.1565736e-02   5.6824513e-01
   2.1604831e-02   5.6917363e-01
   2.1738314e-02   5.7010214e-01
   2.1820215e-02   5.7195915e-01
   2.1832645e-02   5.7474466e-01
   2.1847994e-02   5.7660167e-01
   2.1849364e-02   5.7845868e-01
   2.1880053e-02   5.7938719e-01
   2.1891620e-02   5.8031569e-01
   2.1904997e-02   5.8124420e-01
   2.1923919e-02   5.8217270e-01
   2.1991673e-02   5.8310121e-01
   2.2042672e-02   5.8495822e-01
   2.2086000e-02   5.8588672e-01
   2.2126117e-02   5.8681523e-01
   2.2158307e-02   5.8774373e-01
   2.2166664e-02   5.8867224e-01
   2.2195713e-02   5.8960074e-01
   2.2254600e-02   5.9145775e-01
   2.2408517e-02   5.9238626e-01
   2.2436747e-02   5.9424327e-01
   2.2440591e-02   5.9610028e-01
   2.2490085e-02   5.9702878e-01
   2.2491892e-02   5.9795729e-01
   2.2516569e-02   5.9981430e-01
   2.2586214e-02   6.0074280e-01
   2.2634569e-02   6.0167131e-01
   2.2715848e-02   6.0259981e-01
   2.2742430e-02   6.0352832e-01
   2.2767000e-02   6.0445682e-01
   2.2848769e-02   6.0538533e-01
   2.2869772e-02   6.0631383e-01
   2.2897765e-02   6.0724234e-01
   2.2914092e-02   6.0817084e-01
   2.3008208e-02   6.0909935e-01
   2.3011562e-02   6.1002786e-01
   2.3066830e-02   6.1188487e-01
   2.3109777e-02   6.1281337e-01
   2.3116205e-02   6.1559889e-01
   2.3151332e-02   6.1745590e-01
   2.3226123e-02   6.1931291e-01
   2.3252218e-02   6.2116992e-01
   2.3287435e-02   6.2395543e-01
   2.3317737e-02   6.2581244e-01
   2.3328539e-02   6.2674095e-01
   2.3353976e-02   6.2766945e-01
   2.3386930e-02   6.2952646e-01
   2.3463191e-02   6.3045497e-01
   2.3473561e-02   6.3138347e-01
   2.3585478e-02   6.3324048e-01
   2.3601732e-02   6.3416899e-01
   2.3611031e-02   6.3509749e-01
   2.3632505e-02   6.3602600e-01
   2.3644655e-02   6.3788301e-01
   2.3663628e-02   6.3881151e-01
   2.3710498e-02   6.3974002e-01
   2.3730421e-02   6.4066852e-01
   2.3818272e-02   6.4159703e-01
   2.3896529e-02   6.4252553e-01
   2.3938125e-02   6.4345404e-01
   2.3981000e-02   6.4438254e-01
   2.3992157e-02   6.4623955e-01
   2.4037941e-02   6.4716806e-01
   2.4055280e-02   6.4809656e-01
   2.4198996e-02   6.4995357e-01
   2.4221301e-02   6.5088208e-01
   2.4222518e-02   6.5181058e-01
   2.4295885e-02   6.5273909e-01
   2.4304799e-02   6.5366760e-01
   2.4447698e-02   6.5459610e-01
   2.4501575e-02   6.5552461e-01
   2.4502266e-02   6.5645311e-01
   2.4574538e-02   6.5738162e-01
   2.4615589e-02   6.5923863e-01
   2.4789351e-02   6.6016713e-01
   2.5041994e-02   6.6109564e-01
   2.5051009e-02   6.6202414e-01
   2.5066331e-02   6.6295265e-01
   2.5076397e-02   6.6388115e-01
   2.5094702e-02   6.6480966e-01
   2.5185947e-02   6.6573816e-01
   2.5226272e-02   6.6666667e-01
   2.5241258e-02   6.6759517e-01
   2.5298263e-02   6.6945218e-01
   2.5384059e-02   6.7038069e-01
   2.5385716e-02   6.7130919e-01
   2.5404310e-02   6.7223770e-01
   2.5423498e-02   6.7316620e-01
   2.5466078e-02   6.7409471e-01
   2.5590004e-02   6.7502321e-01
   2.5639609e-02   6.7595172e-01
   2.5720971e-02   6.7688022e-01
   2.5820709e-02   6.7780873e-01
   2.5833791e-02   6.7873723e-01
   2.5854764e-02   6.7966574e-01
   2.5859930e-02   6.8059424e-01
   2.5952579e-02   6.8152275e-01
   2.5967861e-02   6.8245125e-01
   2.5997393e-02   6.8337976e-01
   2.6009967e-02   6.8430826e-01
   2.6035280e-02   6.8523677e-01
   2.6076317e-02   6.8616527e-01
   2.6086663e-02   6.8802228e-01
   2.6129762e-02   6.8895079e-01
   2.6152591e-02   6.8987929e-01
   2.6261114e-02   6.9080780e-01
   2.6279273e-02   6.9266481e-01
   2.6286222e-02   6.9359331e-01
   2.6322518e-02   6.9452182e-01
   2.6370145e-02   6.9545032e-01
   2.6385878e-02   6.9637883e-01
   2.6439098e-02   6.9730734e-01
   2.6487206e-02   6.9823584e-01
   2.6527348e-02   6.9916435e-01
   2.6551877e-02   7.0009285e-01
   2.6600018e-02   7.0102136e-01
   2.6746452e-02   7.0194986e-01
   2.6817802e-02   7.0380687e-01
   2.6852053e-02   7.0473538e-01
   2.6852831e-02   7.0566388e-01
   2.6903313e-02   7.0659239e-01
   2.6904432e-02   7.0752089e-01
   2.6915889e-02   7.0937790e-01
   2.6936088e-02   7.1123491e-01
   2.6951099e-02   7.1216342e-01
   2.7010073e-02   7.1309192e-01
   2.7081116e-02   7.1402043e-01
   2.7136282e-02   7.1494893e-01
   2.7156197e-02   7.1587744e-01
   2.7187929e-02   7.1680594e-01
   2.7333266e-02   7.1773445e-01
   2.7351231e-02   7.1866295e-01
   2.7458917e-02   7.1959146e-01
   2.7589108e-02   7.2051996e-01
   2.7604086e-02   7.2144847e-01
   2.7629791e-02   7.2237697e-01
   2.7733847e-02   7.2330548e-01
   2.7742152e-02   7.2423398e-01
   2.7748497e-02   7.2609099e-01
   2.7869721e-02   7.2701950e-01
   2.8013163e-02   7.2794800e-01
   2.8148117e-02   7.2887651e-01
   2.8323717e-02   7.2980501e-01
   2.8330578e-02   7.3073352e-01
   2.8353732e-02   7.3166202e-01
   2.8385120e-02   7.3259053e-01
   2.8450281e-02   7.3351903e-01
   2.8464070e-02   7.3444754e-01
   2.8479611e-02   7.3537604e-01
   2.8489102e-02   7.3630455e-01
   2.8535911e-02   7.3723305e-01
   2.8560075e-02   7.3816156e-01
   2.8616531e-02   7.3909006e-01
   2.8631154e-02   7.4001857e-01
   2.8685396e-02   7.4094708e-01
   2.8689654e-02   7.4187558e-01
   2.8732549e-02   7.4280409e-01
   2.8735803e-02   7.4373259e-01
   2.8810772e-02   7.4558960e-01
   2.8913442e-02   7.4744661e-01
   2.8937528e-02   7.4837512e-01
   2.9201934e-02   7.4930362e-01
   2.9291742e-02   7.5023213e-01
   2.9326756e-02   7.5208914e-01
   2.9401042e-02   7.5580316e-01
   2.9506419e-02   7.5673166e-01
   2.9524542e-02   7.5766017e-01
   2.9542206e-02   7.5951718e-01
   2.9555938e-02   7.6044568e-01
   2.9595083e-02   7.6137419e-01
   2.9652242e-02   7.6230269e-01
   2.9798128e-02   7.6415970e-01
   2.9885223e-02   7.6508821e-01
   2.9920973e-02   7.6601671e-01
   2.9991919e-02   7.6694522e-01
   3.0071229e-02   7.6787372e-01
   3.0113541e-02   7.6880223e-01
   3.0230893e-02   7.6973073e-01
   3.0247194e-02   7.7065924e-01
   3.0332024e-02   7.7158774e-01
   3.0356589e-02   7.7437326e-01
   3.0389170e-02   7.7530176e-01
   3.0466083e-02   7.7623027e-01
   3.0501871e-02   7.7715877e-01
   3.0722734e-02   7.7808728e-01
   3.0841021e-02   7.7901578e-01
   3.0907384e-02   7.7994429e-01
   3.0984473e-02   7.8180130e-01
   3.1020737e-02   7.8272981e-01
   3.1172603e-02   7.8365831e-01
   3.1271873e-02   7.8458682e-01
   3.1283574e-02   7.8551532e-01
   3.1303436e-02   7.8644383e-01
   3.1324329e-02   7.8737233e-01
   3.1353655e-02   7.8830084e-01
   3.1388948e-02   7.8922934e-01
   3.1537195e-02   7.9015785e-01
   3.1653733e-02   7.9108635e-01
   3.1766248e-02   7.9201486e-01
   3.1862632e-02   7.9294336e-01
   3.1876360e-02   7.9387187e-01
   3.1929958e-02   7.9480037e-01
   3.2012382e-02   7.9572888e-01
   3.2099469e-02   7.9665738e-01
   3.2173579e-02   7.9758589e-01
   3.2202882e-02   7.9851439e-01
   3.2269193e-02   7.9944290e-01
   3.2270002e-02   8.0037140e-01
   3.2503850e-02   8.0129991e-01
   3.2522989e-02   8.0222841e-01
   3.2623608e-02   8.0408542e-01
   3.2744313e-02   8.0501393e-01
   3.2772569e-02   8.0594243e-01
   3.2847359e-02   8.0687094e-01
   3.2855022e-02   8.0779944e-01
   3.3025160e-02   8.0872795e-01
   3.3090242e-02   8.0965645e-01
   3.3144578e-02   8.1058496e-01
   3.3169696e-02   8.1151346e-01
   3.3227831e-02   8.1244197e-01
   3.3251569e-02   8.1337047e-01
   3.3302858e-02   8.1429898e-01
   3.3313924e-02   8.1522748e-01
   3.3351047e-02   8.1615599e-01
   3.3362030e-02   8.1708449e-01
   3.3449107e-02   8.1801300e-01
   3.3547612e-02   8.1987001e-01
   3.3710270e-02   8.2079851e-01
   3.3755858e-02   8.2172702e-01
   3.3768349e-02   8.2265552e-01
   3.3900694e-02   8.2451253e-01
   3.3927216e-02   8.2544104e-01
   3.4009136e-02   8.2636955e-01
   3.4080276e-02   8.2822656e-01
   3.4213530e-02   8.2915506e-01
   3.4295152e-02   8.3008357e-01
   3.4349902e-02   8.3101207e-01
   3.4393414e-02   8.3194058e-01
   3.4491939e-02   8.3286908e-01
   3.4549352e-02   8.3379759e-01
   3.4636806e-02   8.3472609e-01
   3.4666795e-02   8.3565460e-01
   3.4833849e-02   8.3658310e-01
   3.4890286e-02   8.3751161e-01
   3.4907404e-02   8.3844011e-01
   3.4956972e-02   8.3936862e-01
   3.4968784e-02   8.4029712e-01
   3.5001210e-02   8.4122563e-01
   3.5330439e-02   8.4215413e-01
   3.5855522e-02   8.4308264e-01
   3.5872557e-02   8.4401114e-01
   3.5906617e-02   8.4493965e-01
   3.5951505e-02   8.4586815e-01
   3.6000151e-02   8.4679666e-01
   3.6037103e-02   8.4772516e-01
   3.6078079e-02   8.4865367e-01
   3.6141762e-02   8.4958217e-01
   3.6265837e-02   8.5051068e-01
   3.6361377e-02   8.5143918e-01
   3.6519982e-02   8.5236769e-01
   3.6852661e-02   8.5329619e-01
   3.6880188e-02   8.5422470e-01
   3.6993815e-02   8.5515320e-01
   3.7215197e-02   8.5608171e-01
   3.7326974e-02   8.5701021e-01
   3.7592097e-02   8.5793872e-01
   3.7683165e-02   8.5886722e-01
   3.7870768e-02   8.5979573e-01
   3.7918910e-02   8.6072423e-01
   3.8013594e-02   8.6165274e-01
   3.8050257e-02   8.6350975e-01
   3.8090318e-02   8.6443825e-01
   3.8331111e-02   8.6536676e-01
   3.8357431e-02   8.6629526e-01
   3.8585285e-02   8.6722377e-01
   3.8632651e-02   8.6815227e-01
   3.8699818e-02   8.6908078e-01
   3.9014950e-02   8.7000929e-01
   3.9237368e-02   8.7093779e-01
   3.9422983e-02   8.7186630e-01
   3.9459698e-02   8.7279480e-01
   3.9551363e-02   8.7372331e-01
   3.9589964e-02   8.7465181e-01
   3.9591915e-02   8.7558032e-01
   3.9857914e-02   8.7650882e-01
   3.9916985e-02   8.7743733e-01
   4.0240441e-02   8.7929434e-01
   4.0290792e-02   8.8022284e-01
   4.0342360e-02   8.8115135e-01
   4.0417037e-02   8.8207985e-01
   4.0447706e-02   8.8300836e-01
   4.0478716e-02   8.8393686e-01
   4.0537249e-02   8.8486537e-01
   4.0596343e-02   8.8579387e-01
   4.0723172e-02   8.8672238e-01
   4.0967584e-02   8.8765088e-01
   4.1096906e-02   8.8857939e-01
   4.1627659e-02   8.8950789e-01
   4.1750083e-02   8.9043640e-01
   4.1802549e-02   8.9136490e-01
   4.1899927e-02   8.9229341e-01
   4.1919203e-02   8.9415042e-01
   4.1944784e-02   8.9507892e-01
   4.1959438e-02   8.9600743e-01
   4.2189694e-02   8.9693593e-01
   4.2237579e-02   8.9786444e-01
   4.2257947e-02   8.9879294e-01
   4.2622386e-02   8.9972145e-01
   4.2661072e-02   9.0064995e-01
   4.2868857e-02   9.0157846e-01
   4.2889391e-02   9.0250696e-01
   4.3023300e-02   9.0343547e-01
   4.3394685e-02   9.0436397e-01
   4.3531366e-02   9.0529248e-01
   4.3640316e-02   9.0622098e-01
   4.3661546e-02   9.0714949e-01
   4.3741710e-02   9.0807799e-01
   4.3985873e-02   9.0900650e-01
   4.4005721e-02   9.0993500e-01
   4.4200249e-02   9.1086351e-01
   4.4288561e-02   9.1179201e-01
   4.4557193e-02   9.1272052e-01
   4.4971999e-02   9.1364903e-01
   4.5370497e-02   9.1457753e-01
   4.5757789e-02   9.1550604e-01
   4.5817841e-02   9.1643454e-01
   4.5964323e-02   9.1736305e-01
   4.6096858e-02   9.1829155e-01
   4.6320090e-02   9.1922006e-01
   4.6433282e-02   9.2014856e-01
   4.6462721e-02   9.2107707e-01
   4.6501669e-02   9.2200557e-01
   4.6688178e-02   9.2293408e-01
   4.6777064e-02   9.2386258e-01
   4.7085761e-02   9.2479109e-01
   4.7368643e-02   9.2571959e-01
   4.7496657e-02   9.2664810e-01
   4.7536990e-02   9.2757660e-01
   4.8463980e-02   9.2850511e-01
   4.8946302e-02   9.2943361e-01
   4.9342032e-02   9.3036212e-01
   4.9935255e-02   9.3129062e-01
   4.9990610e-02   9.3221913e-01
   5.0249351e-02   9.3314763e-01
   5.0685054e-02   9.3407614e-01
   5.0718911e-02   9.3500464e-01
   5.0768965e-02   9.3593315e-01
   5.0883393e-02   9.3686165e-01
   5.1340626e-02   9.3779016e-01
   5.2114172e-02   9.3871866e-01
   5.2422525e-02   9.3964717e-01
   5.2501544e-02   9.4057567e-01
   5.3266530e-02   9.4150418e-01
   5.4127201e-02   9.4243268e-01
   5.4313526e-02   9.4336119e-01
   5.4421842e-02   9.4428969e-01
   5.4933178e-02   9.4521820e-01
   5.5891869e-02   9.4614670e-01
   5.6026936e-02   9.4707521e-01
   5.7160497e-02   9.4800371e-01
   5.8490730e-02   9.4893222e-01
   5.8681466e-02   9.4986072e-01
   5.8706451e-02   9.5078923e-01
   5.9133933e-02   9.5171773e-01
   6.0031878e-02   9.5264624e-01
   6.1395838e-02   9.5357474e-01
   6.3528397e-02   9.5450325e-01
   6.3988819e-02   9.5543175e-01
   6.4129658e-02   9.5636026e-01
   6.4539047e-02   9.5728877e-01
   6.4826725e-02   9.5821727e-01
   6.5261147e-02   9.5914578e-01
   6.5975087e-02   9.6007428e-01
   6.7088919e-02   9.6100279e-01
   6.7471266e-02   9.6193129e-01
   6.8383464e-02   9.6285980e-01
   6.8961223e-02   9.6378830e-01
   7.0233628e-02   9.6471681e-01
   7.2854794e-02   9.6564531e-01
   7.3845720e-02   9.6657382e-01
   7.4433746e-02   9.6750232e-01
   7.4444625e-02   9.6843083e-01
   7.5617149e-02   9.6935933e-01
   7.6085427e-02   9.7028784e-01
   7.7109666e-02   9.7121634e-01
   7.7942763e-02   9.7214485e-01
   7.9427307e-02   9.7307335e-01
   7.9674407e-02   9.7400186e-01
   7.9675540e-02   9.7493036e-01
   7.9935554e-02   9.7585887e-01
   8.0561652e-02   9.7678737e-01
   8.0852165e-02   9.7771588e-01
   8.5404918e-02   9.7864438e-01
   8.6399289e-02   9.7957289e-01
   8.6813210e-02   9.8050139e-01
   8.6949936e-02   9.8142990e-01
   8.8322333e-02   9.8235840e-01
   9.3897642e-02   9.8328691e-01
   9.6468487e-02   9.8421541e-01
   1.0143723e-01   9.8514392e-01
   1.0285763e-01   9.8607242e-01
   1.0289356e-01   9.8700093e-01
   1.0560376e-01   9.8792943e-01
   1.0647312e-01   9.8885794e-01
   1.0824742e-01   9.8978644e-01
   1.1582800e-01   9.9071495e-01
   1.2503214e-01   9.9164345e-01
   1.3035558e-01   9.9257196e-01
   1.3290966e-01   9.9350046e-01
   1.3524406e-01   9.9442897e-01
   1.5896704e-01   9.9535747e-01
   1.6345181e-01   9.9628598e-01
   1.7532934e-01   9.9721448e-01
   2.0041891e-01   9.9814299e-01
   2.3201432e-01   9.9907149e-01
   2.8615979e-01   1.0000000e+00
