   2.8672000e-03   0.0000000e+00
   2.8672000e-03   5.5401662e-04
   3.3456000e-03   1.1080332e-03
   3.8232000e-03   4.9861496e-03
   4.3008000e-03   1.0526316e-02
   4.7792000e-03   2.4930748e-02
   5.2568000e-03   5.6509695e-02
   5.7344000e-03   8.3656510e-02
   6.2128000e-03   1.1911357e-01
   6.6904000e-03   1.8836565e-01
   7.1688000e-03   2.3213296e-01
   7.6464000e-03   2.6759003e-01
   8.1240000e-03   3.3130194e-01
   8.6024000e-03   3.6177285e-01
   9.0800000e-03   3.9501385e-01
   9.5576000e-03   4.5207756e-01
   1.0036000e-02   4.8199446e-01
   1.0513600e-02   5.0969529e-01
   1.0991200e-02   5.4293629e-01
   1.1469600e-02   5.6565097e-01
   1.1947200e-02   5.9168975e-01
   1.2425600e-02   6.1218837e-01
   1.2903200e-02   6.4376731e-01
   1.3380800e-02   6.6925208e-01
   1.3859200e-02   6.8476454e-01
   1.4336800e-02   7.0470914e-01
   1.4815200e-02   7.2686981e-01
   1.5292800e-02   7.4459834e-01
   1.5770400e-02   7.5346260e-01
   1.6248800e-02   7.7174515e-01
   1.6726400e-02   7.8282548e-01
   1.7204000e-02   7.9168975e-01
   1.7682400e-02   8.0831025e-01
   1.8160000e-02   8.1828255e-01
   1.8637600e-02   8.2548476e-01
   1.9116000e-02   8.3601108e-01
   1.9593600e-02   8.4764543e-01
   2.0072000e-02   8.5484765e-01
   2.0549600e-02   8.6481994e-01
   2.1027200e-02   8.6814404e-01
   2.1505600e-02   8.7534626e-01
   2.1983200e-02   8.8587258e-01
   2.2461600e-02   8.9307479e-01
   2.2939200e-02   8.9861496e-01
   2.3416800e-02   9.0304709e-01
   2.3895200e-02   9.0526316e-01
   2.4372800e-02   9.1523546e-01
   2.4850400e-02   9.1800554e-01
   2.5328800e-02   9.2132964e-01
   2.5806400e-02   9.2686981e-01
   2.6284000e-02   9.2853186e-01
   2.6762400e-02   9.3351801e-01
   2.7240000e-02   9.3739612e-01
   2.7718400e-02   9.3905817e-01
   2.8196000e-02   9.4072022e-01
   2.8673600e-02   9.4459834e-01
   2.9152000e-02   9.4847645e-01
   2.9629600e-02   9.5013850e-01
   3.0107200e-02   9.5180055e-01
   3.0585600e-02   9.5235457e-01
   3.1063200e-02   9.5290859e-01
   3.1541600e-02   9.5401662e-01
   3.2496800e-02   9.5457064e-01
   3.3452800e-02   9.5512465e-01
   3.3930400e-02   9.5623269e-01
   3.4886400e-02   9.5734072e-01
   3.5364800e-02   9.5789474e-01
   3.5842400e-02   9.5900277e-01
   3.6320000e-02   9.5955679e-01
   3.7276000e-02   9.6011080e-01
   3.7753600e-02   9.6232687e-01
   3.8232000e-02   9.6288089e-01
   3.8709600e-02   9.6343490e-01
   3.9188000e-02   9.6398892e-01
   4.0143200e-02   9.6454294e-01
   4.0621600e-02   9.6620499e-01
   4.1099200e-02   9.6731302e-01
   4.1576800e-02   9.6897507e-01
   4.2055200e-02   9.7008310e-01
   4.2532800e-02   9.7119114e-01
   4.3488800e-02   9.7174515e-01
   4.3966400e-02   9.7285319e-01
   4.4444800e-02   9.7396122e-01
   4.5400000e-02   9.7617729e-01
   4.5878400e-02   9.7673130e-01
   4.6356000e-02   9.7728532e-01
   4.6833600e-02   9.7839335e-01
   4.7312000e-02   9.7894737e-01
   4.7789600e-02   9.8060942e-01
   4.8267200e-02   9.8116343e-01
   4.8745600e-02   9.8171745e-01
   4.9701600e-02   9.8227147e-01
   5.0179200e-02   9.8282548e-01
   5.0656800e-02   9.8337950e-01
   5.1135200e-02   9.8393352e-01
   5.1612800e-02   9.8448753e-01
   5.3524800e-02   9.8559557e-01
   5.4480000e-02   9.8614958e-01
   5.5436000e-02   9.8670360e-01
   5.7825600e-02   9.8725762e-01
   5.8303200e-02   9.8836565e-01
   5.9736800e-02   9.8891967e-01
   6.0215200e-02   9.8947368e-01
   6.0692800e-02   9.9002770e-01
   6.2126400e-02   9.9058172e-01
   6.3082400e-02   9.9113573e-01
   6.4516000e-02   9.9168975e-01
   6.4993600e-02   9.9224377e-01
   6.7383200e-02   9.9279778e-01
   6.7861600e-02   9.9335180e-01
   6.8339200e-02   9.9445983e-01
   7.0728800e-02   9.9501385e-01
   7.1206400e-02   9.9556787e-01
   7.3596000e-02   9.9612188e-01
   7.6941600e-02   9.9667590e-01
   8.0764800e-02   9.9778393e-01
   8.5544000e-02   9.9833795e-01
   8.6977600e-02   9.9889197e-01
   8.8411200e-02   9.9944598e-01
   9.7491200e-02   1.0000000e+00
