   2.9912000e-03   0.0000000e+00
   2.9912000e-03   2.2573363e-03
   3.4192000e-03   4.5146727e-03
   3.8464000e-03   6.7720090e-03
   4.2736000e-03   1.1286682e-02
   4.7008000e-03   2.2573363e-02
   5.1280000e-03   3.1602709e-02
   5.5552000e-03   3.6117381e-02
   5.9832000e-03   4.7404063e-02
   6.4104000e-03   6.0948081e-02
   6.8376000e-03   6.7720090e-02
   7.2648000e-03   7.6749436e-02
   7.6920000e-03   8.1264108e-02
   8.1200000e-03   1.0158014e-01
   8.5472000e-03   1.1060948e-01
   8.9744000e-03   1.2189616e-01
   9.4016000e-03   1.4221219e-01
   9.8288000e-03   1.5349887e-01
   1.0256800e-02   1.6478555e-01
   1.0684000e-02   1.7832957e-01
   1.1111200e-02   1.9864560e-01
   1.1538400e-02   2.0541761e-01
   1.1965600e-02   2.2573363e-01
   1.2393600e-02   2.4153499e-01
   1.2820800e-02   2.5056433e-01
   1.3248000e-02   2.6636569e-01
   1.3675200e-02   2.8668172e-01
   1.4102400e-02   3.0022573e-01
   1.4529600e-02   3.0474041e-01
   1.4957600e-02   3.2279910e-01
   1.5384800e-02   3.2957111e-01
   1.5812000e-02   3.5665914e-01
   1.6239200e-02   3.9051919e-01
   1.6666400e-02   4.0632054e-01
   1.7094400e-02   4.1309255e-01
   1.7521600e-02   4.4695260e-01
   1.7948800e-02   4.5372460e-01
   1.8376000e-02   4.7178330e-01
   1.8803200e-02   4.8984199e-01
   1.9231200e-02   4.9435666e-01
   1.9658400e-02   5.1241535e-01
   2.0085600e-02   5.3047404e-01
   2.0512800e-02   5.3724605e-01
   2.0940000e-02   5.5079007e-01
   2.1367200e-02   5.7336343e-01
   2.1795200e-02   5.8465011e-01
   2.2222400e-02   5.9593679e-01
   2.2649600e-02   6.0722348e-01
   2.3076800e-02   6.1625282e-01
   2.3504000e-02   6.2302483e-01
   2.3932000e-02   6.3882619e-01
   2.4359200e-02   6.4785553e-01
   2.4786400e-02   6.5688488e-01
   2.5213600e-02   6.6591422e-01
   2.5640800e-02   6.7494357e-01
   2.6068800e-02   6.7945824e-01
   2.6496000e-02   6.9074492e-01
   2.6923200e-02   6.9751693e-01
   2.7350400e-02   7.0203160e-01
   2.7777600e-02   7.1783296e-01
   2.8204800e-02   7.2686230e-01
   2.8632800e-02   7.3589165e-01
   2.9060000e-02   7.4040632e-01
   2.9487200e-02   7.4266366e-01
   2.9914400e-02   7.5169300e-01
   3.0341600e-02   7.5620767e-01
   3.0769600e-02   7.5846501e-01
   3.1196800e-02   7.6072235e-01
   3.1624000e-02   7.6749436e-01
   3.2051200e-02   7.7200903e-01
   3.2478400e-02   7.8555305e-01
   3.2906400e-02   7.9683973e-01
   3.3333600e-02   8.0586907e-01
   3.3760800e-02   8.1941309e-01
   3.4188000e-02   8.2167043e-01
   3.5042400e-02   8.3069977e-01
   3.5470400e-02   8.3521445e-01
   3.5897600e-02   8.4650113e-01
   3.6324800e-02   8.5778781e-01
   3.6752000e-02   8.6004515e-01
   3.7179200e-02   8.6455982e-01
   3.7607200e-02   8.6681716e-01
   3.8034400e-02   8.6907449e-01
   3.9316000e-02   8.7358916e-01
   3.9744000e-02   8.7810384e-01
   4.0171200e-02   8.8036117e-01
   4.0598400e-02   8.8487585e-01
   4.1025600e-02   8.8939052e-01
   4.2308000e-02   8.9164786e-01
   4.2735200e-02   8.9390519e-01
   4.3162400e-02   9.0067720e-01
   4.3589600e-02   9.0970655e-01
   4.4016800e-02   9.1647856e-01
   4.4444800e-02   9.2099323e-01
   4.5299200e-02   9.2325056e-01
   4.5726400e-02   9.2550790e-01
   4.6153600e-02   9.2776524e-01
   5.0000000e-02   9.3679458e-01
   5.1282400e-02   9.3905192e-01
   5.1709600e-02   9.4356659e-01
   5.2564000e-02   9.4582393e-01
   5.3418400e-02   9.4808126e-01
   5.3846400e-02   9.5033860e-01
   5.4700800e-02   9.5259594e-01
   5.5983200e-02   9.5711061e-01
   5.6410400e-02   9.6388262e-01
   5.7264800e-02   9.6839729e-01
   5.8120000e-02   9.7291196e-01
   6.1538400e-02   9.7516930e-01
   6.2393600e-02   9.7968397e-01
   6.4102400e-02   9.8194131e-01
   6.4957600e-02   9.8419865e-01
   6.6239200e-02   9.8645598e-01
   7.0940000e-02   9.8871332e-01
   7.3504000e-02   9.9097065e-01
   7.3931200e-02   9.9322799e-01
   7.5640800e-02   9.9548533e-01
   8.7179200e-02   9.9774266e-01
   1.1153840e-01   1.0000000e+00
