   4.5069422e-03   0.0000000e+00
   4.5069422e-03   3.9370079e-03
   5.5039913e-03   1.1811024e-02
   5.9411237e-03   1.5748031e-02
   6.1089689e-03   1.9685039e-02
   6.1486768e-03   2.3622047e-02
   6.3706931e-03   2.7559055e-02
   6.5569613e-03   3.1496063e-02
   6.5581170e-03   3.5433071e-02
   6.8325988e-03   3.9370079e-02
   6.8469906e-03   4.3307087e-02
   7.0093782e-03   4.7244094e-02
   7.1557532e-03   5.1181102e-02
   7.2462685e-03   5.9055118e-02
   7.4012635e-03   6.2992126e-02
   7.5805447e-03   7.0866142e-02
   7.6445738e-03   7.8740157e-02
   7.7061163e-03   9.4488189e-02
   7.7270929e-03   9.8425197e-02
   7.7406914e-03   1.0236220e-01
   7.9100133e-03   1.1023622e-01
   7.9245132e-03   1.1417323e-01
   8.1896619e-03   1.1811024e-01
   8.2535702e-03   1.2204724e-01
   8.2565515e-03   1.2598425e-01
   8.2699644e-03   1.2992126e-01
   8.2700663e-03   1.3385827e-01
   8.4661733e-03   1.3779528e-01
   8.6240530e-03   1.4173228e-01
   8.7354903e-03   1.4566929e-01
   8.7515657e-03   1.4960630e-01
   8.7539900e-03   1.5748031e-01
   8.8022355e-03   1.6141732e-01
   8.8069146e-03   1.6535433e-01
   8.8114324e-03   1.6929134e-01
   8.8865615e-03   1.7322835e-01
   9.1046267e-03   1.8110236e-01
   9.1214908e-03   1.8897638e-01
   9.2817929e-03   1.9291339e-01
   9.3461979e-03   1.9685039e-01
   9.7721605e-03   2.0078740e-01
   9.8286105e-03   2.0866142e-01
   9.8528845e-03   2.1653543e-01
   1.0037418e-02   2.2047244e-01
   1.0060868e-02   2.2440945e-01
   1.0100320e-02   2.2834646e-01
   1.0107458e-02   2.3228346e-01
   1.0111451e-02   2.3622047e-01
   1.0120285e-02   2.4015748e-01
   1.0221850e-02   2.4409449e-01
   1.0375756e-02   2.4803150e-01
   1.0470336e-02   2.5196850e-01
   1.0646493e-02   2.5590551e-01
   1.0702101e-02   2.5984252e-01
   1.0704400e-02   2.6377953e-01
   1.0957942e-02   2.6771654e-01
   1.0993730e-02   2.7165354e-01
   1.1009112e-02   2.7952756e-01
   1.1208985e-02   2.8740157e-01
   1.1214351e-02   2.9133858e-01
   1.1305125e-02   2.9527559e-01
   1.1322295e-02   2.9921260e-01
   1.1324783e-02   3.0314961e-01
   1.1611251e-02   3.0708661e-01
   1.1686358e-02   3.1102362e-01
   1.1710205e-02   3.1496063e-01
   1.1739053e-02   3.1889764e-01
   1.1778518e-02   3.3070866e-01
   1.1802574e-02   3.3464567e-01
   1.1872591e-02   3.3858268e-01
   1.2019606e-02   3.4251969e-01
   1.2049233e-02   3.4645669e-01
   1.2052271e-02   3.5039370e-01
   1.2191575e-02   3.5433071e-01
   1.2427738e-02   3.5826772e-01
   1.2563138e-02   3.6220472e-01
   1.2580875e-02   3.6614173e-01
   1.2660273e-02   3.7007874e-01
   1.2773608e-02   3.7401575e-01
   1.2846231e-02   3.7795276e-01
   1.2903102e-02   3.8188976e-01
   1.2973638e-02   3.8582677e-01
   1.3147282e-02   3.8976378e-01
   1.3320452e-02   3.9370079e-01
   1.3380990e-02   3.9763780e-01
   1.3483666e-02   4.0157480e-01
   1.3615801e-02   4.0551181e-01
   1.3832158e-02   4.0944882e-01
   1.3841877e-02   4.1732283e-01
   1.3852539e-02   4.2125984e-01
   1.3955636e-02   4.2519685e-01
   1.4017514e-02   4.2913386e-01
   1.4310158e-02   4.3307087e-01
   1.4372692e-02   4.3700787e-01
   1.4391807e-02   4.4094488e-01
   1.4481918e-02   4.4488189e-01
   1.4504556e-02   4.5275591e-01
   1.4554536e-02   4.6062992e-01
   1.4801977e-02   4.6456693e-01
   1.4941882e-02   4.6850394e-01
   1.4954028e-02   4.7244094e-01
   1.5041509e-02   4.7637795e-01
   1.5091277e-02   4.8031496e-01
   1.5403972e-02   4.8425197e-01
   1.5849527e-02   4.8818898e-01
   1.5920789e-02   4.9212598e-01
   1.6204907e-02   5.0000000e-01
   1.6558653e-02   5.0393701e-01
   1.6714654e-02   5.0787402e-01
   1.7063466e-02   5.1181102e-01
   1.7140369e-02   5.1968504e-01
   1.7200398e-02   5.2362205e-01
   1.7252981e-02   5.2755906e-01
   1.7507980e-02   5.3149606e-01
   1.8138067e-02   5.3543307e-01
   1.8290578e-02   5.3937008e-01
   1.8714699e-02   5.4330709e-01
   1.9342805e-02   5.4724409e-01
   1.9381959e-02   5.5118110e-01
   1.9414183e-02   5.5511811e-01
   2.0747815e-02   5.5905512e-01
   2.0781394e-02   5.6299213e-01
   2.1200152e-02   5.6692913e-01
   2.1229075e-02   5.7086614e-01
   2.1408800e-02   5.7480315e-01
   2.1650449e-02   5.7874016e-01
   2.1904880e-02   5.8267717e-01
   2.2115060e-02   5.8661417e-01
   2.2329787e-02   5.9055118e-01
   2.2404243e-02   5.9448819e-01
   2.2455177e-02   5.9842520e-01
   2.3372930e-02   6.0236220e-01
   2.3565653e-02   6.0629921e-01
   2.3669385e-02   6.1023622e-01
   2.4000959e-02   6.1417323e-01
   2.4382805e-02   6.1811024e-01
   2.4587401e-02   6.2204724e-01
   2.4676397e-02   6.2598425e-01
   2.5135106e-02   6.2992126e-01
   2.5142977e-02   6.3385827e-01
   2.5174826e-02   6.3779528e-01
   2.5478245e-02   6.4173228e-01
   2.5506679e-02   6.4566929e-01
   2.5754162e-02   6.4960630e-01
   2.5809574e-02   6.5354331e-01
   2.5947504e-02   6.5748031e-01
   2.7125044e-02   6.6141732e-01
   2.7154055e-02   6.6535433e-01
   2.7339084e-02   6.6929134e-01
   2.7361275e-02   6.7322835e-01
   2.8123954e-02   6.7716535e-01
   2.8474060e-02   6.8110236e-01
   2.8763473e-02   6.8503937e-01
   2.9316005e-02   6.8897638e-01
   2.9532927e-02   6.9291339e-01
   2.9706954e-02   6.9685039e-01
   2.9978515e-02   7.0078740e-01
   3.0304553e-02   7.0472441e-01
   3.0515867e-02   7.0866142e-01
   3.1208573e-02   7.1259843e-01
   3.1442534e-02   7.1653543e-01
   3.2726823e-02   7.2047244e-01
   3.2904874e-02   7.2440945e-01
   3.3555726e-02   7.2834646e-01
   3.3601025e-02   7.3228346e-01
   3.4881545e-02   7.3622047e-01
   3.4945593e-02   7.4015748e-01
   3.5602052e-02   7.4409449e-01
   3.6262682e-02   7.4803150e-01
   3.6754199e-02   7.5196850e-01
   3.8178961e-02   7.5590551e-01
   3.9455819e-02   7.5984252e-01
   3.9705833e-02   7.6377953e-01
   4.0271620e-02   7.6771654e-01
   4.0518651e-02   7.7165354e-01
   4.1210064e-02   7.7559055e-01
   4.1227932e-02   7.7952756e-01
   4.1351229e-02   7.8346457e-01
   4.2242806e-02   7.8740157e-01
   4.3405841e-02   7.9133858e-01
   4.4670036e-02   7.9527559e-01
   4.6418135e-02   7.9921260e-01
   4.6572873e-02   8.0314961e-01
   4.6812294e-02   8.0708661e-01
   4.7833185e-02   8.1102362e-01
   4.8118737e-02   8.1496063e-01
   4.8917002e-02   8.1889764e-01
   4.9423291e-02   8.2283465e-01
   5.2195668e-02   8.2677165e-01
   5.2712526e-02   8.3070866e-01
   5.3457286e-02   8.3464567e-01
   5.3850233e-02   8.3858268e-01
   5.5165103e-02   8.4251969e-01
   5.5698334e-02   8.4645669e-01
   5.6793883e-02   8.5039370e-01
   5.9630602e-02   8.5433071e-01
   6.0831424e-02   8.5826772e-01
   6.1765373e-02   8.6220472e-01
   6.2349133e-02   8.6614173e-01
   6.3093423e-02   8.7007874e-01
   6.3622873e-02   8.7401575e-01
   6.3716538e-02   8.7795276e-01
   6.3991001e-02   8.8188976e-01
   6.5318742e-02   8.8582677e-01
   6.5435292e-02   8.8976378e-01
   6.5534070e-02   8.9370079e-01
   6.6886170e-02   8.9763780e-01
   7.0014345e-02   9.0157480e-01
   7.3262830e-02   9.0551181e-01
   7.5288660e-02   9.0944882e-01
   7.5624408e-02   9.1338583e-01
   7.7105446e-02   9.1732283e-01
   8.6775045e-02   9.2125984e-01
   8.9962064e-02   9.2519685e-01
   9.0091868e-02   9.2913386e-01
   9.0978611e-02   9.3307087e-01
   9.4746822e-02   9.3700787e-01
   9.4780393e-02   9.4094488e-01
   1.0017922e-01   9.4488189e-01
   1.0080174e-01   9.4881890e-01
   1.1860787e-01   9.5275591e-01
   1.4807995e-01   9.5669291e-01
   1.5014813e-01   9.6062992e-01
   1.5220298e-01   9.6456693e-01
   1.5686199e-01   9.6850394e-01
   1.7643847e-01   9.7244094e-01
   1.9830412e-01   9.7637795e-01
   2.0139520e-01   9.8031496e-01
   2.3582839e-01   9.8425197e-01
   2.6394757e-01   9.8818898e-01
   2.6495765e-01   9.9212598e-01
   3.4808314e-01   9.9606299e-01
   4.1112246e-01   1.0000000e+00
