   2.6048000e-03   0.0000000e+00
   2.6048000e-03   1.8018018e-03
   2.9768000e-03   9.0090090e-03
   3.3488000e-03   1.4414414e-02
   3.7208000e-03   3.0630631e-02
   4.0928000e-03   4.8648649e-02
   4.4648000e-03   9.5495495e-02
   4.8376000e-03   1.2972973e-01
   5.2096000e-03   2.0540541e-01
   5.5816000e-03   2.3963964e-01
   5.9536000e-03   2.9189189e-01
   6.3256000e-03   3.5495495e-01
   6.6976000e-03   4.1081081e-01
   7.0696000e-03   4.5945946e-01
   7.4416000e-03   4.8648649e-01
   7.8136000e-03   5.3693694e-01
   8.1864000e-03   5.6036036e-01
   8.5584000e-03   5.9459459e-01
   8.9304000e-03   6.1801802e-01
   9.3024000e-03   6.4324324e-01
   9.6744000e-03   6.5765766e-01
   1.0046400e-02   6.7927928e-01
   1.0418400e-02   7.0450450e-01
   1.0790400e-02   7.2432432e-01
   1.1163200e-02   7.3693694e-01
   1.1535200e-02   7.4414414e-01
   1.1907200e-02   7.4954955e-01
   1.2279200e-02   7.6576577e-01
   1.2651200e-02   7.7837838e-01
   1.3023200e-02   7.9639640e-01
   1.3395200e-02   7.9819820e-01
   1.3767200e-02   8.1261261e-01
   1.4139200e-02   8.1801802e-01
   1.4511200e-02   8.2522523e-01
   1.4884000e-02   8.3063063e-01
   1.5256000e-02   8.3963964e-01
   1.5628000e-02   8.5045045e-01
   1.6000000e-02   8.5225225e-01
   1.6372000e-02   8.5585586e-01
   1.6744000e-02   8.5945946e-01
   1.7116000e-02   8.6306306e-01
   1.8232800e-02   8.6846847e-01
   1.8604800e-02   8.7387387e-01
   1.9348800e-02   8.8108108e-01
   1.9720800e-02   8.9009009e-01
   2.0092800e-02   8.9369369e-01
   2.0464800e-02   8.9909910e-01
   2.1209600e-02   9.0270270e-01
   2.1581600e-02   9.0810811e-01
   2.1953600e-02   9.1531532e-01
   2.2697600e-02   9.1711712e-01
   2.3069600e-02   9.1891892e-01
   2.3441600e-02   9.2612613e-01
   2.4186400e-02   9.3153153e-01
   2.4558400e-02   9.3333333e-01
   2.5302400e-02   9.3513514e-01
   2.6046400e-02   9.3873874e-01
   2.6418400e-02   9.4054054e-01
   2.6790400e-02   9.4414414e-01
   2.7162400e-02   9.4594595e-01
   2.7535200e-02   9.4774775e-01
   2.7907200e-02   9.5135135e-01
   2.8279200e-02   9.5315315e-01
   2.8651200e-02   9.5495495e-01
   2.9023200e-02   9.6036036e-01
   3.2372000e-02   9.6216216e-01
   3.3488800e-02   9.6396396e-01
   3.5720800e-02   9.6576577e-01
   3.7953600e-02   9.6756757e-01
   3.8325600e-02   9.6936937e-01
   3.8697600e-02   9.7117117e-01
   4.3163200e-02   9.7297297e-01
   4.3535200e-02   9.7477477e-01
   4.3907200e-02   9.7657658e-01
   4.4279200e-02   9.7837838e-01
   4.4651200e-02   9.8198198e-01
   4.6511200e-02   9.8378378e-01
   4.8000000e-02   9.8558559e-01
   4.9488000e-02   9.8738739e-01
   6.1023200e-02   9.8918919e-01
   6.5116000e-02   9.9099099e-01
   6.9953600e-02   9.9279279e-01
   8.0372000e-02   9.9459459e-01
   1.0753520e-01   9.9639640e-01
   1.1125600e-01   9.9819820e-01
   1.4213920e-01   1.0000000e+00
