   3.3488000e-03   0.0000000e+00
   3.3488000e-03   5.2631579e-03
   3.7208000e-03   1.3157895e-02
   4.0928000e-03   2.8947368e-02
   4.4648000e-03   6.8421053e-02
   4.8376000e-03   8.6842105e-02
   5.2096000e-03   1.3947368e-01
   5.5816000e-03   1.6842105e-01
   5.9536000e-03   2.1578947e-01
   6.3256000e-03   2.6315789e-01
   6.6976000e-03   2.9736842e-01
   7.0696000e-03   3.4473684e-01
   7.4416000e-03   3.7368421e-01
   7.8136000e-03   4.2105263e-01
   8.1864000e-03   4.5000000e-01
   8.5584000e-03   4.8684211e-01
   8.9304000e-03   5.1842105e-01
   9.3024000e-03   5.5263158e-01
   9.6744000e-03   5.7105263e-01
   1.0046400e-02   6.0000000e-01
   1.0418400e-02   6.3684211e-01
   1.0790400e-02   6.6052632e-01
   1.1163200e-02   6.7631579e-01
   1.1535200e-02   6.8684211e-01
   1.1907200e-02   6.9210526e-01
   1.2279200e-02   7.1315789e-01
   1.2651200e-02   7.2368421e-01
   1.3023200e-02   7.4210526e-01
   1.3395200e-02   7.4473684e-01
   1.3767200e-02   7.6578947e-01
   1.4139200e-02   7.7105263e-01
   1.4511200e-02   7.8157895e-01
   1.4884000e-02   7.8684211e-01
   1.5256000e-02   7.9736842e-01
   1.5628000e-02   8.1315789e-01
   1.6000000e-02   8.1578947e-01
   1.6744000e-02   8.1842105e-01
   1.7116000e-02   8.2368421e-01
   1.8232800e-02   8.3157895e-01
   1.8604800e-02   8.3947368e-01
   1.9348800e-02   8.5000000e-01
   1.9720800e-02   8.5789474e-01
   2.0092800e-02   8.6315789e-01
   2.0464800e-02   8.6842105e-01
   2.1209600e-02   8.7105263e-01
   2.1581600e-02   8.7894737e-01
   2.1953600e-02   8.8947368e-01
   2.2697600e-02   8.9210526e-01
   2.3069600e-02   8.9473684e-01
   2.3441600e-02   9.0526316e-01
   2.4186400e-02   9.1052632e-01
   2.4558400e-02   9.1315789e-01
   2.5302400e-02   9.1578947e-01
   2.6046400e-02   9.2105263e-01
   2.6418400e-02   9.2368421e-01
   2.6790400e-02   9.2631579e-01
   2.7535200e-02   9.2894737e-01
   2.7907200e-02   9.3421053e-01
   2.8279200e-02   9.3684211e-01
   2.8651200e-02   9.3947368e-01
   2.9023200e-02   9.4473684e-01
   3.2372000e-02   9.4736842e-01
   3.3488800e-02   9.5000000e-01
   3.5720800e-02   9.5263158e-01
   3.7953600e-02   9.5526316e-01
   3.8325600e-02   9.5789474e-01
   3.8697600e-02   9.6052632e-01
   4.3163200e-02   9.6315789e-01
   4.3535200e-02   9.6578947e-01
   4.3907200e-02   9.6842105e-01
   4.4279200e-02   9.7105263e-01
   4.4651200e-02   9.7631579e-01
   4.6511200e-02   9.7894737e-01
   4.8000000e-02   9.8157895e-01
   4.9488000e-02   9.8421053e-01
   6.1023200e-02   9.8684211e-01
   6.5116000e-02   9.8947368e-01
   6.9953600e-02   9.9210526e-01
   8.0372000e-02   9.9473684e-01
   1.0753520e-01   9.9736842e-01
   1.4213920e-01   1.0000000e+00
