   4.7056000e-03   0.0000000e+00
   4.7056000e-03   1.0471204e-02
   5.0200000e-03   2.6178010e-02
   5.3336000e-03   3.6649215e-02
   5.6472000e-03   4.7120419e-02
   6.2744000e-03   6.2827225e-02
   6.5880000e-03   7.8534031e-02
   6.9016000e-03   1.0994764e-01
   7.5296000e-03   1.5183246e-01
   8.1568000e-03   1.7277487e-01
   8.7840000e-03   1.9371728e-01
   9.0984000e-03   2.1465969e-01
   9.4120000e-03   2.5130890e-01
   1.0039200e-02   2.6178010e-01
   1.0666400e-02   2.7748691e-01
   1.0980000e-02   2.8272251e-01
   1.1294400e-02   3.0890052e-01
   1.1921600e-02   3.3507853e-01
   1.2235200e-02   3.5078534e-01
   1.2548800e-02   3.7696335e-01
   1.2862400e-02   3.8743455e-01
   1.3176800e-02   4.0314136e-01
   1.3490400e-02   4.1884817e-01
   1.3804000e-02   4.6073298e-01
   1.4117600e-02   4.6596859e-01
   1.4431200e-02   5.0261780e-01
   1.4744800e-02   5.1308901e-01
   1.5058400e-02   5.3403141e-01
   1.5372800e-02   5.4450262e-01
   1.5686400e-02   5.5497382e-01
   1.6000000e-02   5.6544503e-01
   1.6313600e-02   5.8115183e-01
   1.6627200e-02   5.9685864e-01
   1.6941600e-02   6.0209424e-01
   1.7568800e-02   6.1256545e-01
   1.7882400e-02   6.1780105e-01
   1.8196000e-02   6.4921466e-01
   1.8509600e-02   6.5968586e-01
   1.8823200e-02   6.7015707e-01
   1.9451200e-02   6.8062827e-01
   2.0078400e-02   7.0157068e-01
   2.0392000e-02   7.0680628e-01
   2.1960800e-02   7.1204188e-01
   2.2588000e-02   7.2251309e-01
   2.2902400e-02   7.2774869e-01
   2.3216000e-02   7.3298429e-01
   2.3843200e-02   7.3821990e-01
   2.4470400e-02   7.5392670e-01
   2.5725600e-02   7.5916230e-01
   2.6352800e-02   7.6439791e-01
   2.7921600e-02   7.6963351e-01
   2.8235200e-02   7.7486911e-01
   2.8548800e-02   7.8010471e-01
   3.0744800e-02   7.8534031e-01
   3.2627200e-02   7.9581152e-01
   3.3882400e-02   8.1151832e-01
   3.4509600e-02   8.1675393e-01
   3.4823200e-02   8.2198953e-01
   3.5764800e-02   8.2722513e-01
   3.6078400e-02   8.4293194e-01
   3.6392000e-02   8.4816754e-01
   3.6705600e-02   8.5340314e-01
   3.7333600e-02   8.5863874e-01
   3.7647200e-02   8.6387435e-01
   3.8588000e-02   8.7958115e-01
   3.8901600e-02   8.8481675e-01
   4.0470400e-02   8.9005236e-01
   4.1098400e-02   8.9528796e-01
   4.1412000e-02   9.0052356e-01
   4.2666400e-02   9.1099476e-01
   4.3294400e-02   9.1623037e-01
   4.3921600e-02   9.2146597e-01
   4.4235200e-02   9.3717277e-01
   4.5804000e-02   9.4240838e-01
   4.7372800e-02   9.5287958e-01
   4.8627200e-02   9.5811518e-01
   4.9255200e-02   9.6335079e-01
   4.9882400e-02   9.6858639e-01
   5.2078400e-02   9.7382199e-01
   6.2744800e-02   9.7905759e-01
   7.3412000e-02   9.8429319e-01
   7.6862400e-02   9.8952880e-01
   8.0940800e-02   9.9476440e-01
   1.6721600e-01   1.0000000e+00
