   2.9944000e-03   0.0000000e+00
   2.9944000e-03   1.0178117e-03
   3.4224000e-03   6.6157761e-03
   3.8504000e-03   1.5267176e-02
   4.2784000e-03   2.4936387e-02
   4.7056000e-03   4.4274809e-02
   5.1336000e-03   8.0916031e-02
   5.5616000e-03   1.2569975e-01
   5.9896000e-03   1.9236641e-01
   6.4168000e-03   2.7124682e-01
   6.8448000e-03   3.5623410e-01
   7.2728000e-03   4.3053435e-01
   7.7008000e-03   5.1094148e-01
   8.1280000e-03   5.7302799e-01
   8.5560000e-03   6.2391858e-01
   8.9840000e-03   6.7888041e-01
   9.4120000e-03   7.1857506e-01
   9.8392000e-03   7.5368957e-01
   1.0267200e-02   7.8218830e-01
   1.0695200e-02   8.0152672e-01
   1.1123200e-02   8.2340967e-01
   1.1550400e-02   8.4122137e-01
   1.1978400e-02   8.5750636e-01
   1.2406400e-02   8.7175573e-01
   1.2834400e-02   8.8651399e-01
   1.3261600e-02   8.9770992e-01
   1.3689600e-02   9.0941476e-01
   1.4117600e-02   9.1603053e-01
   1.4545600e-02   9.2213740e-01
   1.4973600e-02   9.3129771e-01
   1.5400800e-02   9.4045802e-01
   1.5828800e-02   9.4605598e-01
   1.6256800e-02   9.5521628e-01
   1.6684800e-02   9.5979644e-01
   1.7112000e-02   9.6284987e-01
   1.7540000e-02   9.6844784e-01
   1.7968000e-02   9.6946565e-01
   1.8396000e-02   9.7251908e-01
   1.8823200e-02   9.7659033e-01
   1.9251200e-02   9.7811705e-01
   1.9679200e-02   9.7913486e-01
   2.0107200e-02   9.8066158e-01
   2.0534400e-02   9.8269720e-01
   2.0962400e-02   9.8473282e-01
   2.1390400e-02   9.8625954e-01
   2.1818400e-02   9.8727735e-01
   2.2245600e-02   9.8982188e-01
   2.2673600e-02   9.9083969e-01
   2.3101600e-02   9.9338422e-01
   2.3529600e-02   9.9389313e-01
   2.3957600e-02   9.9440204e-01
   2.5240800e-02   9.9491094e-01
   2.5668800e-02   9.9592875e-01
   2.7807200e-02   9.9643766e-01
   2.8663200e-02   9.9694656e-01
   2.9518400e-02   9.9745547e-01
   2.9946400e-02   9.9796438e-01
   3.1229600e-02   9.9847328e-01
   3.1657600e-02   9.9898219e-01
   4.6203200e-02   9.9949109e-01
   4.6631200e-02   1.0000000e+00
