   4.5417885e-03   0.0000000e+00
   4.5417885e-03   1.4577259e-03
   5.9830355e-03   2.9154519e-03
   6.2915928e-03   5.8309038e-03
   6.4166927e-03   8.7463557e-03
   6.5657689e-03   1.0204082e-02
   6.5998402e-03   1.1661808e-02
   6.6605993e-03   1.3119534e-02
   6.8130191e-03   1.4577259e-02
   6.8540437e-03   1.6034985e-02
   7.0432142e-03   1.7492711e-02
   7.1205431e-03   1.8950437e-02
   7.1942587e-03   2.0408163e-02
   7.2191909e-03   2.1865889e-02
   7.2891733e-03   2.3323615e-02
   7.4368242e-03   2.4781341e-02
   7.4637330e-03   2.6239067e-02
   7.6329362e-03   2.7696793e-02
   7.6701718e-03   2.9154519e-02
   7.8390913e-03   3.0612245e-02
   7.8394983e-03   3.2069971e-02
   7.9183414e-03   3.3527697e-02
   8.0543681e-03   3.4985423e-02
   8.0608023e-03   3.6443149e-02
   8.0842296e-03   3.7900875e-02
   8.1074064e-03   3.9358601e-02
   8.1110650e-03   4.0816327e-02
   8.1851996e-03   4.2274052e-02
   8.3064648e-03   4.3731778e-02
   8.4022647e-03   4.5189504e-02
   8.4609494e-03   4.8104956e-02
   8.5464644e-03   5.1020408e-02
   8.6065964e-03   5.2478134e-02
   8.6729846e-03   5.3935860e-02
   8.6865562e-03   5.5393586e-02
   8.7348463e-03   5.6851312e-02
   8.8076401e-03   5.8309038e-02
   8.9248632e-03   5.9766764e-02
   9.0195266e-03   6.4139942e-02
   9.0544949e-03   6.5597668e-02
   9.0797873e-03   6.8513120e-02
   9.0842497e-03   7.2886297e-02
   9.1752740e-03   7.4344023e-02
   9.3395483e-03   8.6005831e-02
   9.3503855e-03   8.8921283e-02
   9.4368251e-03   9.0379009e-02
   9.4855041e-03   9.1836735e-02
   9.5194194e-03   9.3294461e-02
   9.6398470e-03   9.6209913e-02
   9.6538254e-03   1.0349854e-01
   9.6669782e-03   1.0495627e-01
   9.7091564e-03   1.0641399e-01
   9.7341785e-03   1.0787172e-01
   9.8041319e-03   1.1224490e-01
   9.9001577e-03   1.1516035e-01
   9.9379848e-03   1.1807580e-01
   9.9534742e-03   1.1953353e-01
   9.9574071e-03   1.2099125e-01
   9.9903692e-03   1.2390671e-01
   9.9998757e-03   1.2536443e-01
   1.0081509e-02   1.2682216e-01
   1.0109899e-02   1.2973761e-01
   1.0179959e-02   1.3119534e-01
   1.0234305e-02   1.3265306e-01
   1.0280905e-02   1.3411079e-01
   1.0316675e-02   1.3702624e-01
   1.0433358e-02   1.3848397e-01
   1.0564589e-02   1.4139942e-01
   1.0578567e-02   1.4431487e-01
   1.0681678e-02   1.4723032e-01
   1.0808542e-02   1.4868805e-01
   1.0883618e-02   1.5306122e-01
   1.0896081e-02   1.5597668e-01
   1.0945215e-02   1.5743440e-01
   1.0966342e-02   1.6180758e-01
   1.1061842e-02   1.6472303e-01
   1.1137944e-02   1.6618076e-01
   1.1191302e-02   1.6909621e-01
   1.1195344e-02   1.7201166e-01
   1.1246509e-02   1.7346939e-01
   1.1324294e-02   1.7638484e-01
   1.1352011e-02   1.7784257e-01
   1.1354375e-02   1.8075802e-01
   1.1436127e-02   1.8513120e-01
   1.1513204e-02   1.8658892e-01
   1.1533907e-02   1.9096210e-01
   1.1554717e-02   1.9241983e-01
   1.1595816e-02   1.9679300e-01
   1.1629977e-02   1.9825073e-01
   1.1690180e-02   1.9970845e-01
   1.1738071e-02   2.0116618e-01
   1.1758769e-02   2.0262391e-01
   1.1816141e-02   2.0408163e-01
   1.1818444e-02   2.0845481e-01
   1.1874763e-02   2.1428571e-01
   1.1891231e-02   2.1574344e-01
   1.1953394e-02   2.1865889e-01
   1.1966071e-02   2.2011662e-01
   1.2129787e-02   2.2157434e-01
   1.2132187e-02   2.2448980e-01
   1.2166039e-02   2.2594752e-01
   1.2167780e-02   2.2740525e-01
   1.2207475e-02   2.3032070e-01
   1.2387305e-02   2.3177843e-01
   1.2454345e-02   2.3323615e-01
   1.2499517e-02   2.3469388e-01
   1.2582263e-02   2.3760933e-01
   1.2582579e-02   2.4198251e-01
   1.2751093e-02   2.4344023e-01
   1.2755931e-02   2.4489796e-01
   1.2779094e-02   2.4635569e-01
   1.2832926e-02   2.4781341e-01
   1.2838066e-02   2.4927114e-01
   1.3001077e-02   2.5072886e-01
   1.3045677e-02   2.5218659e-01
   1.3069652e-02   2.5510204e-01
   1.3073151e-02   2.5801749e-01
   1.3110426e-02   2.5947522e-01
   1.3211764e-02   2.6093294e-01
   1.3226581e-02   2.6239067e-01
   1.3279107e-02   2.6384840e-01
   1.3378716e-02   2.6530612e-01
   1.3408093e-02   2.6967930e-01
   1.3416064e-02   2.7113703e-01
   1.3423106e-02   2.7259475e-01
   1.3445462e-02   2.7405248e-01
   1.3525746e-02   2.7551020e-01
   1.3615940e-02   2.7696793e-01
   1.3625605e-02   2.7842566e-01
   1.3635320e-02   2.7988338e-01
   1.3682670e-02   2.8279883e-01
   1.3688418e-02   2.8425656e-01
   1.3817872e-02   2.8571429e-01
   1.4003788e-02   2.8717201e-01
   1.4028859e-02   2.8862974e-01
   1.4111124e-02   2.9008746e-01
   1.4206109e-02   2.9154519e-01
   1.4306785e-02   2.9300292e-01
   1.4335365e-02   2.9446064e-01
   1.4355014e-02   2.9591837e-01
   1.4387971e-02   2.9737609e-01
   1.4437285e-02   2.9883382e-01
   1.4583468e-02   3.0029155e-01
   1.4629795e-02   3.0174927e-01
   1.4671030e-02   3.0320700e-01
   1.4731444e-02   3.0466472e-01
   1.4740155e-02   3.0758017e-01
   1.4835665e-02   3.1049563e-01
   1.4872981e-02   3.1341108e-01
   1.4926954e-02   3.1486880e-01
   1.4941656e-02   3.1632653e-01
   1.4984395e-02   3.1778426e-01
   1.5057922e-02   3.1924198e-01
   1.5074994e-02   3.2069971e-01
   1.5102587e-02   3.2507289e-01
   1.5236824e-02   3.2653061e-01
   1.5277928e-02   3.2798834e-01
   1.5421770e-02   3.2944606e-01
   1.5497441e-02   3.3090379e-01
   1.5548250e-02   3.3236152e-01
   1.5584449e-02   3.3381924e-01
   1.5678327e-02   3.3527697e-01
   1.5835559e-02   3.3673469e-01
   1.5859833e-02   3.3819242e-01
   1.5863559e-02   3.3965015e-01
   1.5890262e-02   3.4110787e-01
   1.6093177e-02   3.4256560e-01
   1.6299759e-02   3.4402332e-01
   1.6464291e-02   3.4548105e-01
   1.6482680e-02   3.4693878e-01
   1.6483240e-02   3.4839650e-01
   1.6506607e-02   3.4985423e-01
   1.6555118e-02   3.5131195e-01
   1.6627253e-02   3.5422741e-01
   1.6707260e-02   3.5568513e-01
   1.6790986e-02   3.5860058e-01
   1.6838522e-02   3.6005831e-01
   1.6902611e-02   3.6151603e-01
   1.6978805e-02   3.6297376e-01
   1.6981135e-02   3.6443149e-01
   1.7103004e-02   3.6588921e-01
   1.7140671e-02   3.6734694e-01
   1.7183874e-02   3.7026239e-01
   1.7256325e-02   3.7172012e-01
   1.7318645e-02   3.7317784e-01
   1.7327249e-02   3.7463557e-01
   1.7351236e-02   3.7755102e-01
   1.7393754e-02   3.7900875e-01
   1.7413427e-02   3.8046647e-01
   1.7428980e-02   3.8192420e-01
   1.7468897e-02   3.8338192e-01
   1.7499455e-02   3.8483965e-01
   1.7767729e-02   3.8775510e-01
   1.7812144e-02   3.9212828e-01
   1.7837402e-02   3.9358601e-01
   1.7849726e-02   3.9504373e-01
   1.8000401e-02   3.9650146e-01
   1.8036406e-02   3.9795918e-01
   1.8039053e-02   3.9941691e-01
   1.8055623e-02   4.0087464e-01
   1.8063101e-02   4.0233236e-01
   1.8109642e-02   4.0379009e-01
   1.8350548e-02   4.0524781e-01
   1.8357295e-02   4.0816327e-01
   1.8392379e-02   4.0962099e-01
   1.8476818e-02   4.1107872e-01
   1.8609941e-02   4.1253644e-01
   1.8642588e-02   4.1399417e-01
   1.8659730e-02   4.1545190e-01
   1.8679728e-02   4.1690962e-01
   1.8682097e-02   4.1836735e-01
   1.8788932e-02   4.1982507e-01
   1.8790897e-02   4.2128280e-01
   1.8861463e-02   4.2274052e-01
   1.8874171e-02   4.2419825e-01
   1.8970606e-02   4.2565598e-01
   1.8979272e-02   4.2711370e-01
   1.9038839e-02   4.2857143e-01
   1.9104646e-02   4.3002915e-01
   1.9215377e-02   4.3148688e-01
   1.9352836e-02   4.3294461e-01
   1.9386869e-02   4.3440233e-01
   1.9468357e-02   4.3586006e-01
   1.9470269e-02   4.3731778e-01
   1.9595023e-02   4.3877551e-01
   1.9599665e-02   4.4169096e-01
   1.9604681e-02   4.4314869e-01
   1.9641271e-02   4.4460641e-01
   1.9697274e-02   4.4752187e-01
   1.9733043e-02   4.4897959e-01
   1.9875970e-02   4.5043732e-01
   1.9900941e-02   4.5189504e-01
   1.9999751e-02   4.5335277e-01
   2.0006553e-02   4.5481050e-01
   2.0038745e-02   4.5626822e-01
   2.0071691e-02   4.5918367e-01
   2.0076645e-02   4.6064140e-01
   2.0115701e-02   4.6209913e-01
   2.0131934e-02   4.6501458e-01
   2.0214786e-02   4.6647230e-01
   2.0394132e-02   4.6793003e-01
   2.0438624e-02   4.6938776e-01
   2.0496658e-02   4.7084548e-01
   2.0532628e-02   4.7230321e-01
   2.0609203e-02   4.7376093e-01
   2.0633673e-02   4.7521866e-01
   2.0675464e-02   4.7667638e-01
   2.0836244e-02   4.7813411e-01
   2.0853073e-02   4.7959184e-01
   2.0856876e-02   4.8104956e-01
   2.0865317e-02   4.8250729e-01
   2.0942902e-02   4.8396501e-01
   2.0988467e-02   4.8542274e-01
   2.1030763e-02   4.8688047e-01
   2.1091764e-02   4.8833819e-01
   2.1114527e-02   4.8979592e-01
   2.1151076e-02   4.9125364e-01
   2.1187076e-02   4.9271137e-01
   2.1390219e-02   4.9416910e-01
   2.1425580e-02   4.9562682e-01
   2.1463499e-02   4.9708455e-01
   2.1470105e-02   4.9854227e-01
   2.1482139e-02   5.0000000e-01
   2.1494744e-02   5.0145773e-01
   2.1579965e-02   5.0291545e-01
   2.1659277e-02   5.0437318e-01
   2.1754800e-02   5.0583090e-01
   2.1816355e-02   5.0728863e-01
   2.2067680e-02   5.0874636e-01
   2.2088289e-02   5.1020408e-01
   2.2153540e-02   5.1166181e-01
   2.2288924e-02   5.1311953e-01
   2.2406638e-02   5.1457726e-01
   2.2445484e-02   5.1603499e-01
   2.2709182e-02   5.1749271e-01
   2.2837001e-02   5.1895044e-01
   2.2933533e-02   5.2040816e-01
   2.3012957e-02   5.2186589e-01
   2.3321331e-02   5.2332362e-01
   2.3349187e-02   5.2478134e-01
   2.3359160e-02   5.2623907e-01
   2.3406280e-02   5.2769679e-01
   2.3444785e-02   5.2915452e-01
   2.3546568e-02   5.3061224e-01
   2.3906873e-02   5.3206997e-01
   2.4010463e-02   5.3352770e-01
   2.4096763e-02   5.3498542e-01
   2.4296724e-02   5.3644315e-01
   2.4382000e-02   5.3790087e-01
   2.4567327e-02   5.3935860e-01
   2.4582223e-02   5.4227405e-01
   2.4583477e-02   5.4373178e-01
   2.4615704e-02   5.4518950e-01
   2.4725474e-02   5.4664723e-01
   2.4760620e-02   5.4810496e-01
   2.4905176e-02   5.4956268e-01
   2.5137009e-02   5.5102041e-01
   2.5257246e-02   5.5247813e-01
   2.5354210e-02   5.5393586e-01
   2.5370754e-02   5.5539359e-01
   2.5615731e-02   5.5685131e-01
   2.5788007e-02   5.5830904e-01
   2.5829068e-02   5.5976676e-01
   2.5832768e-02   5.6122449e-01
   2.5965134e-02   5.6413994e-01
   2.6139931e-02   5.6559767e-01
   2.6161606e-02   5.6705539e-01
   2.6219736e-02   5.6851312e-01
   2.6226921e-02   5.6997085e-01
   2.6235538e-02   5.7142857e-01
   2.6306892e-02   5.7288630e-01
   2.6451837e-02   5.7434402e-01
   2.6453608e-02   5.7580175e-01
   2.6462253e-02   5.7725948e-01
   2.6494972e-02   5.7871720e-01
   2.6500807e-02   5.8017493e-01
   2.6684227e-02   5.8163265e-01
   2.6692686e-02   5.8309038e-01
   2.6743446e-02   5.8454810e-01
   2.6787973e-02   5.8600583e-01
   2.6913656e-02   5.8746356e-01
   2.6929780e-02   5.8892128e-01
   2.6964126e-02   5.9037901e-01
   2.7021113e-02   5.9183673e-01
   2.7403133e-02   5.9329446e-01
   2.7416746e-02   5.9475219e-01
   2.7432194e-02   5.9620991e-01
   2.7674509e-02   5.9766764e-01
   2.7677989e-02   5.9912536e-01
   2.7709307e-02   6.0058309e-01
   2.7728935e-02   6.0204082e-01
   2.7893844e-02   6.0349854e-01
   2.8222843e-02   6.0495627e-01
   2.8335889e-02   6.0641399e-01
   2.8464708e-02   6.0787172e-01
   2.8515915e-02   6.0932945e-01
   2.8561969e-02   6.1078717e-01
   2.8612974e-02   6.1224490e-01
   2.8919940e-02   6.1370262e-01
   2.8940096e-02   6.1516035e-01
   2.8962030e-02   6.1661808e-01
   2.9000290e-02   6.1807580e-01
   2.9231631e-02   6.1953353e-01
   2.9234280e-02   6.2099125e-01
   2.9252733e-02   6.2244898e-01
   2.9630688e-02   6.2390671e-01
   2.9721659e-02   6.2536443e-01
   2.9915879e-02   6.2682216e-01
   3.0000319e-02   6.2827988e-01
   3.0370324e-02   6.2973761e-01
   3.0383416e-02   6.3119534e-01
   3.0384607e-02   6.3265306e-01
   3.0466874e-02   6.3411079e-01
   3.0538919e-02   6.3556851e-01
   3.1043041e-02   6.3702624e-01
   3.1076815e-02   6.3848397e-01
   3.1161150e-02   6.3994169e-01
   3.1371013e-02   6.4139942e-01
   3.1405403e-02   6.4285714e-01
   3.1413815e-02   6.4431487e-01
   3.1467264e-02   6.4577259e-01
   3.1671118e-02   6.4723032e-01
   3.1694231e-02   6.4868805e-01
   3.1719595e-02   6.5014577e-01
   3.1749024e-02   6.5160350e-01
   3.1780140e-02   6.5306122e-01
   3.1915720e-02   6.5451895e-01
   3.1996442e-02   6.5597668e-01
   3.2036707e-02   6.5743440e-01
   3.2320854e-02   6.5889213e-01
   3.2940628e-02   6.6034985e-01
   3.2984462e-02   6.6180758e-01
   3.3433291e-02   6.6326531e-01
   3.3444621e-02   6.6472303e-01
   3.3477384e-02   6.6618076e-01
   3.3681395e-02   6.6763848e-01
   3.3813854e-02   6.6909621e-01
   3.3831622e-02   6.7055394e-01
   3.3957251e-02   6.7201166e-01
   3.3974659e-02   6.7346939e-01
   3.3998970e-02   6.7492711e-01
   3.4055327e-02   6.7638484e-01
   3.4241639e-02   6.7784257e-01
   3.4336562e-02   6.7930029e-01
   3.4397115e-02   6.8075802e-01
   3.4460037e-02   6.8221574e-01
   3.4521704e-02   6.8367347e-01
   3.4827456e-02   6.8513120e-01
   3.4828765e-02   6.8658892e-01
   3.4889504e-02   6.8804665e-01
   3.4894560e-02   6.8950437e-01
   3.4912641e-02   6.9096210e-01
   3.5063287e-02   6.9241983e-01
   3.5141663e-02   6.9387755e-01
   3.5142963e-02   6.9533528e-01
   3.5342249e-02   6.9679300e-01
   3.5474090e-02   6.9825073e-01
   3.5604917e-02   6.9970845e-01
   3.5700642e-02   7.0116618e-01
   3.5704329e-02   7.0262391e-01
   3.5886200e-02   7.0408163e-01
   3.6148049e-02   7.0553936e-01
   3.6216448e-02   7.0699708e-01
   3.6345593e-02   7.0845481e-01
   3.6445733e-02   7.0991254e-01
   3.6880361e-02   7.1137026e-01
   3.7201024e-02   7.1282799e-01
   3.7401290e-02   7.1428571e-01
   3.7661782e-02   7.1574344e-01
   3.7723864e-02   7.1720117e-01
   3.7958667e-02   7.1865889e-01
   3.8028873e-02   7.2011662e-01
   3.8183780e-02   7.2157434e-01
   3.8328143e-02   7.2303207e-01
   3.8331566e-02   7.2448980e-01
   3.8347040e-02   7.2594752e-01
   3.8418037e-02   7.2740525e-01
   3.8789811e-02   7.2886297e-01
   3.8829306e-02   7.3032070e-01
   3.8873934e-02   7.3177843e-01
   3.8916069e-02   7.3323615e-01
   3.8951047e-02   7.3469388e-01
   3.9464351e-02   7.3615160e-01
   3.9725079e-02   7.3760933e-01
   3.9852768e-02   7.3906706e-01
   4.0066568e-02   7.4052478e-01
   4.0119123e-02   7.4198251e-01
   4.0149150e-02   7.4344023e-01
   4.0429571e-02   7.4489796e-01
   4.0487575e-02   7.4635569e-01
   4.0507870e-02   7.4781341e-01
   4.0796192e-02   7.4927114e-01
   4.0832317e-02   7.5072886e-01
   4.0836636e-02   7.5218659e-01
   4.1122653e-02   7.5364431e-01
   4.1278930e-02   7.5510204e-01
   4.1384289e-02   7.5655977e-01
   4.1666700e-02   7.5801749e-01
   4.1730267e-02   7.5947522e-01
   4.1830288e-02   7.6093294e-01
   4.1860756e-02   7.6239067e-01
   4.1873746e-02   7.6384840e-01
   4.1997442e-02   7.6530612e-01
   4.2299980e-02   7.6676385e-01
   4.2485917e-02   7.6822157e-01
   4.2629127e-02   7.6967930e-01
   4.2679560e-02   7.7113703e-01
   4.2969200e-02   7.7259475e-01
   4.3221768e-02   7.7405248e-01
   4.3532494e-02   7.7551020e-01
   4.3533944e-02   7.7696793e-01
   4.3596773e-02   7.7842566e-01
   4.4497135e-02   7.7988338e-01
   4.4623503e-02   7.8134111e-01
   4.4808117e-02   7.8279883e-01
   4.4818528e-02   7.8425656e-01
   4.5141981e-02   7.8571429e-01
   4.5174205e-02   7.8717201e-01
   4.5193270e-02   7.8862974e-01
   4.5198159e-02   7.9008746e-01
   4.5308218e-02   7.9154519e-01
   4.6352082e-02   7.9300292e-01
   4.6544021e-02   7.9446064e-01
   4.6611769e-02   7.9591837e-01
   4.6658188e-02   7.9737609e-01
   4.7214606e-02   7.9883382e-01
   4.7250355e-02   8.0029155e-01
   4.7452406e-02   8.0174927e-01
   4.8415130e-02   8.0320700e-01
   4.8764626e-02   8.0466472e-01
   4.8819249e-02   8.0612245e-01
   4.9730764e-02   8.0758017e-01
   4.9907165e-02   8.0903790e-01
   4.9907810e-02   8.1049563e-01
   5.0021498e-02   8.1195335e-01
   5.0064542e-02   8.1341108e-01
   5.0526558e-02   8.1486880e-01
   5.0747083e-02   8.1632653e-01
   5.1388357e-02   8.1778426e-01
   5.1665350e-02   8.1924198e-01
   5.2008478e-02   8.2069971e-01
   5.2029196e-02   8.2215743e-01
   5.2596940e-02   8.2361516e-01
   5.2897614e-02   8.2507289e-01
   5.2980639e-02   8.2653061e-01
   5.3165175e-02   8.2798834e-01
   5.3286055e-02   8.2944606e-01
   5.3656084e-02   8.3090379e-01
   5.3941499e-02   8.3236152e-01
   5.4013910e-02   8.3381924e-01
   5.4118881e-02   8.3527697e-01
   5.4130999e-02   8.3673469e-01
   5.4939595e-02   8.3819242e-01
   5.4998202e-02   8.3965015e-01
   5.5481287e-02   8.4110787e-01
   5.5802439e-02   8.4256560e-01
   5.6540128e-02   8.4402332e-01
   5.6949623e-02   8.4548105e-01
   5.7311077e-02   8.4693878e-01
   5.9197226e-02   8.4839650e-01
   5.9312548e-02   8.4985423e-01
   5.9372684e-02   8.5131195e-01
   5.9414167e-02   8.5276968e-01
   5.9419636e-02   8.5422741e-01
   5.9551018e-02   8.5568513e-01
   5.9553066e-02   8.5714286e-01
   5.9891023e-02   8.5860058e-01
   6.0384517e-02   8.6005831e-01
   6.0499047e-02   8.6151603e-01
   6.0701837e-02   8.6297376e-01
   6.0761801e-02   8.6443149e-01
   6.1198147e-02   8.6588921e-01
   6.1396729e-02   8.6734694e-01
   6.1662699e-02   8.6880466e-01
   6.1833541e-02   8.7026239e-01
   6.1989541e-02   8.7317784e-01
   6.2252704e-02   8.7463557e-01
   6.2284932e-02   8.7609329e-01
   6.3083261e-02   8.7755102e-01
   6.3945741e-02   8.7900875e-01
   6.4073082e-02   8.8046647e-01
   6.4195719e-02   8.8192420e-01
   6.4281539e-02   8.8338192e-01
   6.4467992e-02   8.8483965e-01
   6.4718601e-02   8.8629738e-01
   6.5336998e-02   8.8775510e-01
   6.7103825e-02   8.8921283e-01
   6.7577886e-02   8.9067055e-01
   6.9107716e-02   8.9212828e-01
   6.9774098e-02   8.9358601e-01
   6.9927848e-02   8.9504373e-01
   7.0127969e-02   8.9650146e-01
   7.0506326e-02   8.9795918e-01
   7.0726943e-02   8.9941691e-01
   7.0830542e-02   9.0087464e-01
   7.1469813e-02   9.0233236e-01
   7.2443300e-02   9.0379009e-01
   7.2823468e-02   9.0524781e-01
   7.3178794e-02   9.0670554e-01
   7.3699600e-02   9.0816327e-01
   7.3896375e-02   9.0962099e-01
   7.4029177e-02   9.1107872e-01
   7.4431267e-02   9.1253644e-01
   7.4600193e-02   9.1399417e-01
   7.5353289e-02   9.1545190e-01
   7.6038400e-02   9.1690962e-01
   7.7163895e-02   9.1836735e-01
   7.7172535e-02   9.1982507e-01
   7.7433055e-02   9.2128280e-01
   7.7921009e-02   9.2274052e-01
   7.8056766e-02   9.2419825e-01
   7.8159510e-02   9.2565598e-01
   7.8189015e-02   9.2711370e-01
   8.0055421e-02   9.2857143e-01
   8.0265360e-02   9.3002915e-01
   8.0446786e-02   9.3148688e-01
   8.1824965e-02   9.3294461e-01
   8.1866209e-02   9.3440233e-01
   8.3049731e-02   9.3586006e-01
   8.5498164e-02   9.3731778e-01
   8.6479822e-02   9.3877551e-01
   8.6577476e-02   9.4023324e-01
   8.6758399e-02   9.4169096e-01
   8.6978448e-02   9.4314869e-01
   8.7733538e-02   9.4460641e-01
   8.8046741e-02   9.4606414e-01
   8.8102349e-02   9.4752187e-01
   8.8864959e-02   9.4897959e-01
   8.9872749e-02   9.5043732e-01
   9.0642393e-02   9.5189504e-01
   9.2666630e-02   9.5335277e-01
   9.6666217e-02   9.5481050e-01
   9.8204898e-02   9.5626822e-01
   9.9023530e-02   9.5772595e-01
   9.9328211e-02   9.5918367e-01
   1.0093435e-01   9.6064140e-01
   1.0202315e-01   9.6209913e-01
   1.0377380e-01   9.6355685e-01
   1.0416690e-01   9.6501458e-01
   1.0518062e-01   9.6647230e-01
   1.0961825e-01   9.6793003e-01
   1.1354470e-01   9.6938776e-01
   1.1502630e-01   9.7084548e-01
   1.2051454e-01   9.7230321e-01
   1.2896744e-01   9.7376093e-01
   1.3461359e-01   9.7521866e-01
   1.3638138e-01   9.7667638e-01
   1.4118301e-01   9.7813411e-01
   1.4273363e-01   9.7959184e-01
   1.4367234e-01   9.8104956e-01
   1.4367955e-01   9.8250729e-01
   1.5534456e-01   9.8396501e-01
   1.6003906e-01   9.8542274e-01
   1.6407166e-01   9.8688047e-01
   1.6422729e-01   9.8833819e-01
   1.6854042e-01   9.8979592e-01
   1.6937340e-01   9.9125364e-01
   1.7211741e-01   9.9271137e-01
   1.9160278e-01   9.9416910e-01
   1.9283507e-01   9.9562682e-01
   1.9666664e-01   9.9708455e-01
   2.3410584e-01   9.9854227e-01
   2.4708407e-01   1.0000000e+00
