   6.4368076e-03   0.0000000e+00
   6.4368076e-03   1.3157895e-02
   1.9510534e-02   2.6315789e-02
   2.0423106e-02   3.9473684e-02
   2.2501393e-02   5.2631579e-02
   2.7815206e-02   6.5789474e-02
   2.8466922e-02   7.8947368e-02
   3.2243752e-02   9.2105263e-02
   3.4639108e-02   1.0526316e-01
   3.5529870e-02   1.1842105e-01
   3.5983609e-02   1.3157895e-01
   3.6326551e-02   1.4473684e-01
   3.7017868e-02   1.5789474e-01
   3.9120399e-02   1.7105263e-01
   4.1235964e-02   1.8421053e-01
   4.3388831e-02   1.9736842e-01
   4.4023371e-02   2.1052632e-01
   4.4810938e-02   2.2368421e-01
   4.4900216e-02   2.3684211e-01
   4.5741966e-02   2.5000000e-01
   4.6573194e-02   2.6315789e-01
   4.9573402e-02   2.7631579e-01
   4.9892694e-02   2.8947368e-01
   5.3831652e-02   3.0263158e-01
   5.3871931e-02   3.1578947e-01
   5.5185955e-02   3.2894737e-01
   5.5322762e-02   3.4210526e-01
   5.5346900e-02   3.5526316e-01
   5.6143275e-02   3.6842105e-01
   6.0278299e-02   3.8157895e-01
   6.4166137e-02   3.9473684e-01
   6.6372697e-02   4.0789474e-01
   6.9133883e-02   4.2105263e-01
   6.9296506e-02   4.3421053e-01
   7.0656187e-02   4.4736842e-01
   7.1840140e-02   4.6052632e-01
   7.2984944e-02   4.7368421e-01
   7.4805618e-02   4.8684211e-01
   7.5003104e-02   5.0000000e-01
   7.5101745e-02   5.1315789e-01
   7.5121142e-02   5.2631579e-01
   7.5497473e-02   5.3947368e-01
   7.7616137e-02   5.5263158e-01
   7.7801054e-02   5.6578947e-01
   7.8845942e-02   5.7894737e-01
   8.1798694e-02   5.9210526e-01
   8.3592509e-02   6.0526316e-01
   8.5521456e-02   6.1842105e-01
   8.5605207e-02   6.3157895e-01
   8.6004559e-02   6.4473684e-01
   8.6793036e-02   6.5789474e-01
   8.7433746e-02   6.7105263e-01
   8.9276848e-02   6.8421053e-01
   9.1990165e-02   6.9736842e-01
   9.2753760e-02   7.1052632e-01
   9.3772429e-02   7.2368421e-01
   9.7559007e-02   7.3684211e-01
   9.7782754e-02   7.5000000e-01
   1.0006856e-01   7.6315789e-01
   1.0083524e-01   7.7631579e-01
   1.1780649e-01   7.8947368e-01
   1.2175775e-01   8.0263158e-01
   1.2245127e-01   8.1578947e-01
   1.2474243e-01   8.2894737e-01
   1.2626494e-01   8.4210526e-01
   1.2736809e-01   8.5526316e-01
   1.3291392e-01   8.6842105e-01
   1.4430509e-01   8.8157895e-01
   1.4449953e-01   8.9473684e-01
   1.4688537e-01   9.0789474e-01
   1.4990947e-01   9.2105263e-01
   1.6959066e-01   9.3421053e-01
   1.7653946e-01   9.4736842e-01
   1.7983870e-01   9.6052632e-01
   1.8081426e-01   9.7368421e-01
   1.9802658e-01   9.8684211e-01
   2.0881514e-01   1.0000000e+00
