   9.1520000e-03   0.0000000e+00
   9.1520000e-03   8.6956522e-03
   1.1058400e-02   1.7391304e-02
   1.1820800e-02   2.6086957e-02
   1.3346400e-02   3.4782609e-02
   1.3727200e-02   4.3478261e-02
   1.4108800e-02   5.2173913e-02
   1.5633600e-02   6.0869565e-02
   1.6777600e-02   6.9565217e-02
   1.7540800e-02   1.3913043e-01
   1.7921600e-02   1.5652174e-01
   1.8303200e-02   1.7391304e-01
   1.8684800e-02   1.8260870e-01
   1.9065600e-02   1.9130435e-01
   1.9828000e-02   2.1739130e-01
   2.0209600e-02   2.2608696e-01
   2.0591200e-02   2.4347826e-01
   2.1353600e-02   2.5217391e-01
   2.1735200e-02   2.6956522e-01
   2.2497600e-02   2.9565217e-01
   2.2879200e-02   3.2173913e-01
   2.3260000e-02   3.3913043e-01
   2.4404000e-02   3.4782609e-01
   2.4785600e-02   3.6521739e-01
   2.5167200e-02   3.7391304e-01
   2.5548000e-02   3.8260870e-01
   2.5929600e-02   3.9130435e-01
   2.6311200e-02   4.2608696e-01
   2.7073600e-02   4.4347826e-01
   2.7836000e-02   4.6086957e-01
   2.8217600e-02   4.6956522e-01
   2.8598400e-02   4.7826087e-01
   2.8980000e-02   4.9565217e-01
   2.9361600e-02   5.1304348e-01
   2.9742400e-02   5.2173913e-01
   3.0124000e-02   5.3043478e-01
   3.1268000e-02   5.7391304e-01
   3.2792800e-02   5.8260870e-01
   3.3174400e-02   6.0000000e-01
   3.3936800e-02   6.0869565e-01
   3.4318400e-02   6.2608696e-01
   3.5080800e-02   6.3478261e-01
   3.7368800e-02   6.5217391e-01
   3.7750400e-02   6.6086957e-01
   3.8131200e-02   6.6956522e-01
   3.9275200e-02   6.7826087e-01
   3.9656800e-02   6.9565217e-01
   4.0038400e-02   7.1304348e-01
   4.0419200e-02   7.3043478e-01
   4.1944800e-02   7.5652174e-01
   4.2326400e-02   7.6521739e-01
   4.2707200e-02   7.8260870e-01
   4.3088800e-02   8.0000000e-01
   4.3469600e-02   8.0869565e-01
   4.4613600e-02   8.1739130e-01
   4.6139200e-02   8.2608696e-01
   4.6520800e-02   8.4347826e-01
   4.6901600e-02   8.5217391e-01
   4.7664800e-02   8.6086957e-01
   4.8427200e-02   8.6956522e-01
   4.9952000e-02   8.7826087e-01
   5.2240000e-02   8.8695652e-01
   5.5672000e-02   8.9565217e-01
   5.6816000e-02   9.1304348e-01
   5.8341600e-02   9.2173913e-01
   6.1392000e-02   9.3913043e-01
   6.2154400e-02   9.4782609e-01
   6.7111200e-02   9.6521739e-01
   7.7407200e-02   9.7391304e-01
   7.7788800e-02   9.8260870e-01
   8.4270400e-02   9.9130435e-01
   8.5033600e-02   1.0000000e+00
