   4.4136000e-03   0.0000000e+00
   4.4136000e-03   1.8348624e-03
   5.5176000e-03   5.5045872e-03
   6.0688000e-03   1.4678899e-02
   6.6208000e-03   3.3027523e-02
   7.1728000e-03   4.7706422e-02
   7.7240000e-03   5.8715596e-02
   8.2760000e-03   6.7889908e-02
   8.8272000e-03   8.0733945e-02
   9.3792000e-03   1.0091743e-01
   9.9312000e-03   1.1559633e-01
   1.0482400e-02   1.4862385e-01
   1.1034400e-02   1.5412844e-01
   1.1586400e-02   1.8899083e-01
   1.2137600e-02   2.1100917e-01
   1.2689600e-02   2.3853211e-01
   1.3241600e-02   2.6055046e-01
   1.3792800e-02   2.7706422e-01
   1.4344800e-02   3.0642202e-01
   1.4896800e-02   3.3944954e-01
   1.5448000e-02   3.6513761e-01
   1.6000000e-02   3.7981651e-01
   1.6552000e-02   4.1284404e-01
   1.7103200e-02   4.4954128e-01
   1.7655200e-02   4.7522936e-01
   1.8207200e-02   4.9174312e-01
   1.8758400e-02   5.1559633e-01
   1.9310400e-02   5.3027523e-01
   1.9862400e-02   5.5045872e-01
   2.0413600e-02   5.7247706e-01
   2.0965600e-02   5.8899083e-01
   2.1517600e-02   6.0733945e-01
   2.2068800e-02   6.2201835e-01
   2.2620800e-02   6.2935780e-01
   2.3172800e-02   6.4220183e-01
   2.3724000e-02   6.6238532e-01
   2.4276000e-02   6.7339450e-01
   2.4827200e-02   6.9174312e-01
   2.5379200e-02   7.0091743e-01
   2.5931200e-02   7.1926606e-01
   2.6482400e-02   7.3211009e-01
   2.7034400e-02   7.5596330e-01
   2.7586400e-02   7.6697248e-01
   2.8137600e-02   7.7981651e-01
   2.8689600e-02   7.9082569e-01
   2.9241600e-02   7.9816514e-01
   2.9792800e-02   8.0550459e-01
   3.0344800e-02   8.1651376e-01
   3.0896800e-02   8.2201835e-01
   3.1448000e-02   8.2385321e-01
   3.2000000e-02   8.3119266e-01
   3.2552000e-02   8.3486239e-01
   3.3103200e-02   8.3853211e-01
   3.3655200e-02   8.4587156e-01
   3.4207200e-02   8.4770642e-01
   3.4758400e-02   8.4954128e-01
   3.5310400e-02   8.5504587e-01
   3.5862400e-02   8.5688073e-01
   3.6413600e-02   8.6055046e-01
   3.6965600e-02   8.6605505e-01
   3.7517600e-02   8.6972477e-01
   3.8068800e-02   8.7339450e-01
   3.8620800e-02   8.7706422e-01
   3.9172800e-02   8.7889908e-01
   3.9724000e-02   8.8073394e-01
   4.0276000e-02   8.8440367e-01
   4.0827200e-02   8.8807339e-01
   4.1379200e-02   8.9724771e-01
   4.1931200e-02   8.9908257e-01
   4.2482400e-02   9.0275229e-01
   4.3586400e-02   9.1192661e-01
   4.4689600e-02   9.1559633e-01
   4.5792800e-02   9.1743119e-01
   4.6344800e-02   9.2110092e-01
   4.6896800e-02   9.2660550e-01
   4.7448000e-02   9.3027523e-01
   4.8000000e-02   9.3211009e-01
   4.8552000e-02   9.3394495e-01
   4.9103200e-02   9.3761468e-01
   5.0758400e-02   9.3944954e-01
   5.2413600e-02   9.4128440e-01
   5.3517600e-02   9.4495413e-01
   5.5172000e-02   9.4862385e-01
   5.6276000e-02   9.5045872e-01
   5.6828000e-02   9.5229358e-01
   5.8483200e-02   9.5412844e-01
   5.9034400e-02   9.5596330e-01
   6.0689600e-02   9.5779817e-01
   6.1241600e-02   9.5963303e-01
   6.2344800e-02   9.6146789e-01
   6.2896800e-02   9.6330275e-01
   6.5103200e-02   9.6697248e-01
   7.0068800e-02   9.6880734e-01
   7.2276000e-02   9.7064220e-01
   7.3931200e-02   9.7431193e-01
   7.4482400e-02   9.7614679e-01
   7.5034400e-02   9.7798165e-01
   8.0000000e-02   9.7981651e-01
   8.1103200e-02   9.8165138e-01
   8.2758400e-02   9.8348624e-01
   8.6068800e-02   9.8532110e-01
   9.2137600e-02   9.8715596e-01
   9.4896800e-02   9.8899083e-01
   9.9310400e-02   9.9082569e-01
   1.0041360e-01   9.9266055e-01
   1.0372400e-01   9.9449541e-01
   1.2744800e-01   9.9633028e-01
   1.2965520e-01   9.9816514e-01
   1.7820720e-01   1.0000000e+00
