   4.5870765e-03   0.0000000e+00
   4.5870765e-03   1.2970169e-03
   6.0545504e-03   2.5940337e-03
   6.1181093e-03   3.8910506e-03
   6.4374760e-03   5.1880674e-03
   6.6488112e-03   6.4850843e-03
   6.7481174e-03   7.7821012e-03
   6.7573155e-03   9.0791180e-03
   6.8613490e-03   1.0376135e-02
   6.8800592e-03   1.1673152e-02
   7.3239743e-03   1.2970169e-02
   7.4780823e-03   1.4267185e-02
   7.6774801e-03   1.5564202e-02
   7.6844154e-03   1.6861219e-02
   7.7678856e-03   2.0752270e-02
   7.9090689e-03   2.2049287e-02
   7.9590028e-03   2.4643320e-02
   7.9714838e-03   2.5940337e-02
   7.9972383e-03   2.7237354e-02
   8.3115278e-03   2.8534371e-02
   8.4058745e-03   2.9831388e-02
   8.4093949e-03   3.1128405e-02
   8.5941710e-03   3.2425422e-02
   8.6116068e-03   3.3722438e-02
   8.6752279e-03   3.5019455e-02
   8.9160971e-03   3.6316472e-02
   8.9205110e-03   4.0207523e-02
   8.9400457e-03   4.1504540e-02
   8.9575546e-03   4.2801556e-02
   8.9706000e-03   4.5395590e-02
   9.0436554e-03   4.7989624e-02
   9.1371808e-03   5.0583658e-02
   9.1741530e-03   5.1880674e-02
   9.2310633e-03   5.3177691e-02
   9.2506648e-03   5.4474708e-02
   9.2546581e-03   5.7068742e-02
   9.3148219e-03   5.9662776e-02
   9.3233548e-03   6.0959792e-02
   9.3462699e-03   6.2256809e-02
   9.4215676e-03   6.3553826e-02
   9.5543555e-03   6.7444877e-02
   9.5546084e-03   6.8741894e-02
   9.5875634e-03   7.0038911e-02
   9.5969775e-03   7.1335927e-02
   9.5970268e-03   7.2632944e-02
   9.6816470e-03   7.5226978e-02
   9.8078684e-03   7.7821012e-02
   9.8863031e-03   7.9118029e-02
   9.8903319e-03   8.0415045e-02
   9.9539519e-03   8.3009079e-02
   9.9735593e-03   8.4306096e-02
   9.9847431e-03   8.5603113e-02
   1.0058453e-02   8.6900130e-02
   1.0176433e-02   8.9494163e-02
   1.0192735e-02   9.0791180e-02
   1.0224888e-02   9.2088197e-02
   1.0237036e-02   9.7276265e-02
   1.0300589e-02   9.8573281e-02
   1.0320344e-02   1.0246433e-01
   1.0442746e-02   1.0376135e-01
   1.0504529e-02   1.0635538e-01
   1.0517906e-02   1.1024643e-01
   1.0529486e-02   1.1154345e-01
   1.0567499e-02   1.1284047e-01
   1.0570674e-02   1.1543450e-01
   1.0598984e-02   1.1673152e-01
   1.0601948e-02   1.1802853e-01
   1.0660565e-02   1.1932555e-01
   1.0695231e-02   1.2321660e-01
   1.0755320e-02   1.2451362e-01
   1.0788835e-02   1.2581064e-01
   1.0823792e-02   1.2710765e-01
   1.0831591e-02   1.2840467e-01
   1.0834182e-02   1.2970169e-01
   1.0854361e-02   1.3099870e-01
   1.0876508e-02   1.3359274e-01
   1.0921752e-02   1.3488975e-01
   1.0952338e-02   1.3618677e-01
   1.0959183e-02   1.4007782e-01
   1.0989381e-02   1.4137484e-01
   1.1026151e-02   1.4267185e-01
   1.1169230e-02   1.4656291e-01
   1.1196547e-02   1.4785992e-01
   1.1232016e-02   1.4915694e-01
   1.1232848e-02   1.5045396e-01
   1.1278875e-02   1.5175097e-01
   1.1332796e-02   1.5434501e-01
   1.1395511e-02   1.5564202e-01
   1.1457000e-02   1.5693904e-01
   1.1470006e-02   1.5823606e-01
   1.1484372e-02   1.6342412e-01
   1.1516517e-02   1.6472114e-01
   1.1545173e-02   1.6601816e-01
   1.1597648e-02   1.6731518e-01
   1.1640218e-02   1.6861219e-01
   1.1713708e-02   1.6990921e-01
   1.1768903e-02   1.7250324e-01
   1.1779298e-02   1.7639429e-01
   1.1784270e-02   1.7898833e-01
   1.1808451e-02   1.8158236e-01
   1.1836569e-02   1.8287938e-01
   1.2045023e-02   1.8417639e-01
   1.2095345e-02   1.8677043e-01
   1.2101229e-02   1.8806744e-01
   1.2109101e-02   1.8936446e-01
   1.2115997e-02   1.9195850e-01
   1.2169668e-02   1.9455253e-01
   1.2236724e-02   1.9584955e-01
   1.2349612e-02   1.9844358e-01
   1.2416756e-02   1.9974060e-01
   1.2448248e-02   2.0103761e-01
   1.2619684e-02   2.0233463e-01
   1.2670807e-02   2.0363165e-01
   1.2681247e-02   2.0492866e-01
   1.2732014e-02   2.0622568e-01
   1.2736111e-02   2.0752270e-01
   1.2747721e-02   2.0881971e-01
   1.2894383e-02   2.1271077e-01
   1.2932252e-02   2.1400778e-01
   1.3054989e-02   2.1660182e-01
   1.3087516e-02   2.1789883e-01
   1.3151667e-02   2.1919585e-01
   1.3298307e-02   2.2049287e-01
   1.3357165e-02   2.2178988e-01
   1.3368411e-02   2.2308690e-01
   1.3371296e-02   2.2438392e-01
   1.3386987e-02   2.2697795e-01
   1.3435470e-02   2.2957198e-01
   1.3496896e-02   2.3216602e-01
   1.3524724e-02   2.3346304e-01
   1.3623542e-02   2.3476005e-01
   1.3688091e-02   2.3605707e-01
   1.3692812e-02   2.3865110e-01
   1.3713846e-02   2.4124514e-01
   1.3761230e-02   2.4254215e-01
   1.3791572e-02   2.4383917e-01
   1.3915435e-02   2.4513619e-01
   1.4006455e-02   2.4643320e-01
   1.4014212e-02   2.4773022e-01
   1.4119085e-02   2.4902724e-01
   1.4119315e-02   2.5162127e-01
   1.4260841e-02   2.5291829e-01
   1.4323995e-02   2.5421530e-01
   1.4337821e-02   2.5551232e-01
   1.4345786e-02   2.5680934e-01
   1.4394818e-02   2.5940337e-01
   1.4522986e-02   2.6070039e-01
   1.4556151e-02   2.6329442e-01
   1.4579140e-02   2.6459144e-01
   1.4642596e-02   2.6718547e-01
   1.4743082e-02   2.6848249e-01
   1.4743404e-02   2.6977951e-01
   1.4793426e-02   2.7107652e-01
   1.4867039e-02   2.7237354e-01
   1.4960249e-02   2.7496757e-01
   1.5006554e-02   2.7626459e-01
   1.5023200e-02   2.7885863e-01
   1.5029361e-02   2.8015564e-01
   1.5161644e-02   2.8145266e-01
   1.5192179e-02   2.8404669e-01
   1.5255946e-02   2.8793774e-01
   1.5278324e-02   2.8923476e-01
   1.5280859e-02   2.9053178e-01
   1.5304607e-02   2.9182879e-01
   1.5312584e-02   2.9312581e-01
   1.5318491e-02   2.9442283e-01
   1.5368367e-02   2.9571984e-01
   1.5432340e-02   2.9831388e-01
   1.5535622e-02   3.0090791e-01
   1.5588502e-02   3.0220493e-01
   1.5596751e-02   3.0350195e-01
   1.5646433e-02   3.0479896e-01
   1.5799912e-02   3.0739300e-01
   1.5805042e-02   3.0869001e-01
   1.5817466e-02   3.1258106e-01
   1.5851071e-02   3.1387808e-01
   1.5918179e-02   3.1517510e-01
   1.5918530e-02   3.1647211e-01
   1.5943468e-02   3.1906615e-01
   1.5996016e-02   3.2036316e-01
   1.6056619e-02   3.2166018e-01
   1.6329713e-02   3.2295720e-01
   1.6405339e-02   3.2555123e-01
   1.6492318e-02   3.2684825e-01
   1.6539090e-02   3.2814527e-01
   1.6553536e-02   3.2944228e-01
   1.6664702e-02   3.3073930e-01
   1.6693240e-02   3.3203632e-01
   1.6710810e-02   3.3333333e-01
   1.6788986e-02   3.3463035e-01
   1.6810627e-02   3.3592737e-01
   1.6870075e-02   3.3722438e-01
   1.6878313e-02   3.3852140e-01
   1.6886067e-02   3.3981842e-01
   1.6925672e-02   3.4241245e-01
   1.6989838e-02   3.4370947e-01
   1.7048423e-02   3.4500649e-01
   1.7077221e-02   3.4760052e-01
   1.7082150e-02   3.4889754e-01
   1.7188872e-02   3.5149157e-01
   1.7193877e-02   3.5278859e-01
   1.7222640e-02   3.5408560e-01
   1.7250758e-02   3.5538262e-01
   1.7251171e-02   3.5667964e-01
   1.7322861e-02   3.5797665e-01
   1.7449468e-02   3.5927367e-01
   1.7519198e-02   3.6057069e-01
   1.7524540e-02   3.6186770e-01
   1.7541905e-02   3.6316472e-01
   1.7570740e-02   3.6446174e-01
   1.7716867e-02   3.6575875e-01
   1.7825971e-02   3.6705577e-01
   1.7831641e-02   3.6964981e-01
   1.7880514e-02   3.7224384e-01
   1.7888228e-02   3.7354086e-01
   1.8025808e-02   3.7743191e-01
   1.8139204e-02   3.7872892e-01
   1.8347857e-02   3.8002594e-01
   1.8460997e-02   3.8261997e-01
   1.8500755e-02   3.8391699e-01
   1.8802257e-02   3.8521401e-01
   1.8850332e-02   3.8780804e-01
   1.9100670e-02   3.9040208e-01
   1.9103874e-02   3.9169909e-01
   1.9108195e-02   3.9299611e-01
   1.9140985e-02   3.9429313e-01
   1.9174411e-02   3.9559014e-01
   1.9180668e-02   3.9688716e-01
   1.9193786e-02   3.9818418e-01
   1.9363725e-02   3.9948119e-01
   1.9364312e-02   4.0077821e-01
   1.9438238e-02   4.0466926e-01
   1.9633307e-02   4.0726329e-01
   1.9726909e-02   4.0856031e-01
   1.9734328e-02   4.0985733e-01
   1.9747300e-02   4.1115435e-01
   1.9780108e-02   4.1374838e-01
   1.9789351e-02   4.1504540e-01
   1.9891292e-02   4.1763943e-01
   2.0116907e-02   4.1893645e-01
   2.0188402e-02   4.2023346e-01
   2.0221985e-02   4.2153048e-01
   2.0272056e-02   4.2282750e-01
   2.0371747e-02   4.2542153e-01
   2.0399566e-02   4.2671855e-01
   2.0449293e-02   4.2801556e-01
   2.0460310e-02   4.2931258e-01
   2.0473535e-02   4.3060960e-01
   2.0492079e-02   4.3190661e-01
   2.0657556e-02   4.3320363e-01
   2.0683724e-02   4.3450065e-01
   2.0704627e-02   4.3579767e-01
   2.0725605e-02   4.3709468e-01
   2.0752195e-02   4.3839170e-01
   2.0764154e-02   4.4098573e-01
   2.0793525e-02   4.4228275e-01
   2.0827800e-02   4.4357977e-01
   2.0930407e-02   4.4487678e-01
   2.1058972e-02   4.4747082e-01
   2.1203097e-02   4.4876783e-01
   2.1332773e-02   4.5006485e-01
   2.1338617e-02   4.5136187e-01
   2.1358893e-02   4.5265888e-01
   2.1490556e-02   4.5395590e-01
   2.1550194e-02   4.5525292e-01
   2.1962452e-02   4.5654994e-01
   2.1971078e-02   4.6044099e-01
   2.2017451e-02   4.6173800e-01
   2.2048912e-02   4.6303502e-01
   2.2052573e-02   4.6433204e-01
   2.2107138e-02   4.6562905e-01
   2.2289569e-02   4.6692607e-01
   2.2301796e-02   4.6822309e-01
   2.2338464e-02   4.6952010e-01
   2.2466002e-02   4.7081712e-01
   2.2556803e-02   4.7211414e-01
   2.2644104e-02   4.7341115e-01
   2.2665744e-02   4.7470817e-01
   2.2928594e-02   4.7600519e-01
   2.2977674e-02   4.7730220e-01
   2.3242229e-02   4.7859922e-01
   2.3265738e-02   4.7989624e-01
   2.3322853e-02   4.8119326e-01
   2.3427594e-02   4.8249027e-01
   2.3441892e-02   4.8378729e-01
   2.3558013e-02   4.8508431e-01
   2.3568541e-02   4.8638132e-01
   2.3834968e-02   4.8767834e-01
   2.3915583e-02   4.8897536e-01
   2.4027038e-02   4.9027237e-01
   2.4191743e-02   4.9156939e-01
   2.4196001e-02   4.9286641e-01
   2.4205141e-02   4.9416342e-01
   2.4231370e-02   4.9675746e-01
   2.4418624e-02   4.9805447e-01
   2.4494423e-02   4.9935149e-01
   2.4509617e-02   5.0194553e-01
   2.4531428e-02   5.0324254e-01
   2.4594762e-02   5.0453956e-01
   2.4956072e-02   5.0583658e-01
   2.5158013e-02   5.0713359e-01
   2.5248038e-02   5.0843061e-01
   2.5379060e-02   5.0972763e-01
   2.5438586e-02   5.1102464e-01
   2.5463435e-02   5.1232166e-01
   2.5496008e-02   5.1361868e-01
   2.5591929e-02   5.1491569e-01
   2.5798478e-02   5.1621271e-01
   2.6005639e-02   5.1750973e-01
   2.6017949e-02   5.1880674e-01
   2.6109953e-02   5.2010376e-01
   2.6175612e-02   5.2140078e-01
   2.6403558e-02   5.2269780e-01
   2.6496041e-02   5.2399481e-01
   2.6527473e-02   5.2529183e-01
   2.6564690e-02   5.2788586e-01
   2.6664646e-02   5.2918288e-01
   2.6791398e-02   5.3047990e-01
   2.6943236e-02   5.3177691e-01
   2.6993131e-02   5.3307393e-01
   2.7029372e-02   5.3437095e-01
   2.7134781e-02   5.3566796e-01
   2.7349387e-02   5.3696498e-01
   2.7427693e-02   5.3826200e-01
   2.7475146e-02   5.3955901e-01
   2.7582539e-02   5.4085603e-01
   2.7764467e-02   5.4215305e-01
   2.7902067e-02   5.4345006e-01
   2.8052084e-02   5.4474708e-01
   2.8094585e-02   5.4604410e-01
   2.8258233e-02   5.4734112e-01
   2.8336452e-02   5.4863813e-01
   2.8440980e-02   5.4993515e-01
   2.8521201e-02   5.5123217e-01
   2.8548915e-02   5.5252918e-01
   2.8582969e-02   5.5382620e-01
   2.8653685e-02   5.5512322e-01
   2.8675488e-02   5.5642023e-01
   2.8789635e-02   5.5771725e-01
   2.8886589e-02   5.5901427e-01
   2.8983650e-02   5.6031128e-01
   2.9158281e-02   5.6160830e-01
   2.9181813e-02   5.6420233e-01
   2.9284095e-02   5.6549935e-01
   2.9285736e-02   5.6679637e-01
   2.9373755e-02   5.6809339e-01
   2.9419438e-02   5.6939040e-01
   2.9486157e-02   5.7068742e-01
   2.9538340e-02   5.7198444e-01
   2.9606569e-02   5.7328145e-01
   2.9657785e-02   5.7457847e-01
   2.9894450e-02   5.7717250e-01
   3.0174883e-02   5.7846952e-01
   3.0242225e-02   5.7976654e-01
   3.0424591e-02   5.8106355e-01
   3.0566060e-02   5.8236057e-01
   3.0695386e-02   5.8365759e-01
   3.0901543e-02   5.8495460e-01
   3.1003088e-02   5.8625162e-01
   3.1017877e-02   5.8754864e-01
   3.1141222e-02   5.8884565e-01
   3.1303225e-02   5.9014267e-01
   3.1403523e-02   5.9143969e-01
   3.1491976e-02   5.9273671e-01
   3.1588459e-02   5.9403372e-01
   3.1593119e-02   5.9533074e-01
   3.1635169e-02   5.9662776e-01
   3.1645281e-02   5.9792477e-01
   3.1693615e-02   5.9922179e-01
   3.1717613e-02   6.0181582e-01
   3.1855870e-02   6.0311284e-01
   3.2213199e-02   6.0440986e-01
   3.2266935e-02   6.0570687e-01
   3.2517924e-02   6.0700389e-01
   3.2572095e-02   6.0959792e-01
   3.2609870e-02   6.1089494e-01
   3.2782612e-02   6.1219196e-01
   3.2849449e-02   6.1348898e-01
   3.2877672e-02   6.1478599e-01
   3.3044076e-02   6.1608301e-01
   3.3148546e-02   6.1738003e-01
   3.3166144e-02   6.1867704e-01
   3.3376637e-02   6.1997406e-01
   3.3516600e-02   6.2127108e-01
   3.3589167e-02   6.2256809e-01
   3.3690869e-02   6.2386511e-01
   3.3761893e-02   6.2516213e-01
   3.3851344e-02   6.2645914e-01
   3.3869703e-02   6.2905318e-01
   3.3887297e-02   6.3035019e-01
   3.4146349e-02   6.3164721e-01
   3.4163190e-02   6.3294423e-01
   3.4370601e-02   6.3424125e-01
   3.4430549e-02   6.3553826e-01
   3.4559522e-02   6.3683528e-01
   3.4559730e-02   6.3813230e-01
   3.4719334e-02   6.3942931e-01
   3.4745283e-02   6.4072633e-01
   3.4838699e-02   6.4202335e-01
   3.5035946e-02   6.4332036e-01
   3.5065411e-02   6.4461738e-01
   3.5285282e-02   6.4591440e-01
   3.5354914e-02   6.4721141e-01
   3.5540428e-02   6.4850843e-01
   3.5609593e-02   6.4980545e-01
   3.5617899e-02   6.5110246e-01
   3.5759987e-02   6.5239948e-01
   3.5777547e-02   6.5369650e-01
   3.5829088e-02   6.5499351e-01
   3.5979458e-02   6.5629053e-01
   3.6031270e-02   6.5758755e-01
   3.6591657e-02   6.5888457e-01
   3.6857859e-02   6.6018158e-01
   3.6965891e-02   6.6147860e-01
   3.6989454e-02   6.6277562e-01
   3.7184845e-02   6.6407263e-01
   3.7241280e-02   6.6536965e-01
   3.7293204e-02   6.6666667e-01
   3.7561570e-02   6.6796368e-01
   3.7573274e-02   6.6926070e-01
   3.7605079e-02   6.7055772e-01
   3.8088923e-02   6.7315175e-01
   3.8455393e-02   6.7444877e-01
   3.8524985e-02   6.7574578e-01
   3.8577132e-02   6.7704280e-01
   3.8579536e-02   6.7833982e-01
   3.8626762e-02   6.7963684e-01
   3.8734224e-02   6.8093385e-01
   3.8830057e-02   6.8223087e-01
   3.8891009e-02   6.8352789e-01
   3.8989146e-02   6.8482490e-01
   3.9176050e-02   6.8612192e-01
   3.9179277e-02   6.8741894e-01
   3.9235850e-02   6.8871595e-01
   3.9247315e-02   6.9001297e-01
   3.9485975e-02   6.9130999e-01
   3.9506157e-02   6.9260700e-01
   3.9700078e-02   6.9390402e-01
   3.9783240e-02   6.9520104e-01
   3.9813203e-02   6.9649805e-01
   4.0323460e-02   6.9779507e-01
   4.0344469e-02   6.9909209e-01
   4.0551324e-02   7.0038911e-01
   4.0775957e-02   7.0168612e-01
   4.0941573e-02   7.0298314e-01
   4.0974422e-02   7.0428016e-01
   4.1064889e-02   7.0557717e-01
   4.1106962e-02   7.0687419e-01
   4.1137620e-02   7.0817121e-01
   4.1315113e-02   7.0946822e-01
   4.1556541e-02   7.1076524e-01
   4.1734344e-02   7.1206226e-01
   4.1771178e-02   7.1335927e-01
   4.2016985e-02   7.1465629e-01
   4.2024898e-02   7.1595331e-01
   4.2109407e-02   7.1725032e-01
   4.2236050e-02   7.1854734e-01
   4.2280463e-02   7.1984436e-01
   4.2546380e-02   7.2114137e-01
   4.2703925e-02   7.2243839e-01
   4.2781620e-02   7.2373541e-01
   4.2926826e-02   7.2503243e-01
   4.3371243e-02   7.2632944e-01
   4.3632664e-02   7.2762646e-01
   4.3880562e-02   7.2892348e-01
   4.3924962e-02   7.3022049e-01
   4.4244090e-02   7.3151751e-01
   4.4271337e-02   7.3281453e-01
   4.4298261e-02   7.3411154e-01
   4.4528896e-02   7.3540856e-01
   4.4785714e-02   7.3670558e-01
   4.5374483e-02   7.3800259e-01
   4.5473544e-02   7.3929961e-01
   4.5485689e-02   7.4059663e-01
   4.5555467e-02   7.4189364e-01
   4.5571746e-02   7.4319066e-01
   4.5592438e-02   7.4448768e-01
   4.5715403e-02   7.4578470e-01
   4.5758347e-02   7.4708171e-01
   4.6105913e-02   7.4837873e-01
   4.6166834e-02   7.4967575e-01
   4.6215448e-02   7.5097276e-01
   4.6483853e-02   7.5226978e-01
   4.6625782e-02   7.5356680e-01
   4.6654855e-02   7.5486381e-01
   4.6792429e-02   7.5616083e-01
   4.7137081e-02   7.5745785e-01
   4.7290896e-02   7.5875486e-01
   4.7430975e-02   7.6005188e-01
   4.7507081e-02   7.6134890e-01
   4.7767738e-02   7.6264591e-01
   4.7874170e-02   7.6394293e-01
   4.7925658e-02   7.6523995e-01
   4.8129318e-02   7.6653696e-01
   4.8488062e-02   7.6783398e-01
   4.8897988e-02   7.6913100e-01
   4.9020997e-02   7.7042802e-01
   4.9024356e-02   7.7172503e-01
   4.9027666e-02   7.7302205e-01
   4.9039742e-02   7.7431907e-01
   4.9379671e-02   7.7561608e-01
   4.9424324e-02   7.7691310e-01
   4.9858808e-02   7.7821012e-01
   4.9909570e-02   7.7950713e-01
   5.0000472e-02   7.8080415e-01
   5.0089667e-02   7.8210117e-01
   5.0216812e-02   7.8339818e-01
   5.0325246e-02   7.8469520e-01
   5.0377552e-02   7.8599222e-01
   5.0495898e-02   7.8728923e-01
   5.1056819e-02   7.8858625e-01
   5.1411703e-02   7.8988327e-01
   5.1416956e-02   7.9118029e-01
   5.1446635e-02   7.9247730e-01
   5.1483604e-02   7.9377432e-01
   5.1536920e-02   7.9507134e-01
   5.1567215e-02   7.9636835e-01
   5.1724776e-02   7.9766537e-01
   5.1824114e-02   7.9896239e-01
   5.2013148e-02   8.0025940e-01
   5.2206435e-02   8.0155642e-01
   5.2219980e-02   8.0285344e-01
   5.2306969e-02   8.0415045e-01
   5.2328917e-02   8.0544747e-01
   5.2560089e-02   8.0674449e-01
   5.2786446e-02   8.0804150e-01
   5.3287162e-02   8.0933852e-01
   5.3885294e-02   8.1063554e-01
   5.3928510e-02   8.1193256e-01
   5.4229635e-02   8.1322957e-01
   5.4261247e-02   8.1452659e-01
   5.4450769e-02   8.1582361e-01
   5.4671645e-02   8.1712062e-01
   5.4698651e-02   8.1841764e-01
   5.5070355e-02   8.1971466e-01
   5.5248186e-02   8.2101167e-01
   5.5434457e-02   8.2230869e-01
   5.5611647e-02   8.2360571e-01
   5.5675502e-02   8.2490272e-01
   5.5773978e-02   8.2619974e-01
   5.5776614e-02   8.2749676e-01
   5.6250621e-02   8.2879377e-01
   5.6379165e-02   8.3009079e-01
   5.6443012e-02   8.3138781e-01
   5.6890118e-02   8.3268482e-01
   5.7081779e-02   8.3398184e-01
   5.7128564e-02   8.3527886e-01
   5.7366063e-02   8.3657588e-01
   5.7453227e-02   8.3787289e-01
   5.8021769e-02   8.3916991e-01
   5.8248386e-02   8.4046693e-01
   5.8574806e-02   8.4176394e-01
   5.8586363e-02   8.4306096e-01
   5.8801383e-02   8.4435798e-01
   5.9391435e-02   8.4565499e-01
   5.9525940e-02   8.4695201e-01
   6.0007377e-02   8.4824903e-01
   6.0666607e-02   8.4954604e-01
   6.0866441e-02   8.5084306e-01
   6.1063493e-02   8.5214008e-01
   6.1127907e-02   8.5343709e-01
   6.1282002e-02   8.5473411e-01
   6.1290829e-02   8.5603113e-01
   6.1368346e-02   8.5732815e-01
   6.1446735e-02   8.5862516e-01
   6.2730114e-02   8.5992218e-01
   6.2871723e-02   8.6121920e-01
   6.2879977e-02   8.6251621e-01
   6.3053255e-02   8.6381323e-01
   6.3154019e-02   8.6511025e-01
   6.3365094e-02   8.6640726e-01
   6.3560813e-02   8.6770428e-01
   6.3840588e-02   8.6900130e-01
   6.4200525e-02   8.7029831e-01
   6.4219978e-02   8.7159533e-01
   6.4422619e-02   8.7418936e-01
   6.4432000e-02   8.7548638e-01
   6.5202110e-02   8.7678340e-01
   6.5602848e-02   8.7808042e-01
   6.5993767e-02   8.7937743e-01
   6.6051258e-02   8.8067445e-01
   6.6608077e-02   8.8197147e-01
   6.6632633e-02   8.8326848e-01
   6.7087278e-02   8.8456550e-01
   6.7210706e-02   8.8586252e-01
   6.7245699e-02   8.8715953e-01
   6.7360370e-02   8.8845655e-01
   6.7403785e-02   8.8975357e-01
   6.7499595e-02   8.9105058e-01
   6.8820608e-02   8.9234760e-01
   6.8948001e-02   8.9364462e-01
   6.9118732e-02   8.9494163e-01
   6.9218894e-02   8.9623865e-01
   6.9223136e-02   8.9753567e-01
   6.9438409e-02   8.9883268e-01
   7.0550472e-02   9.0012970e-01
   7.1043979e-02   9.0142672e-01
   7.1235798e-02   9.0272374e-01
   7.2441797e-02   9.0402075e-01
   7.2770107e-02   9.0531777e-01
   7.3754063e-02   9.0661479e-01
   7.3865995e-02   9.0791180e-01
   7.3876701e-02   9.0920882e-01
   7.4393964e-02   9.1050584e-01
   7.5563103e-02   9.1180285e-01
   7.6045075e-02   9.1309987e-01
   7.6178970e-02   9.1439689e-01
   7.6488583e-02   9.1569390e-01
   7.7538855e-02   9.1699092e-01
   7.8019736e-02   9.1828794e-01
   7.8313524e-02   9.1958495e-01
   7.8463212e-02   9.2088197e-01
   7.8925415e-02   9.2217899e-01
   7.9488988e-02   9.2347601e-01
   7.9857440e-02   9.2477302e-01
   7.9910037e-02   9.2607004e-01
   8.0490331e-02   9.2736706e-01
   8.0976716e-02   9.2866407e-01
   8.1002037e-02   9.2996109e-01
   8.1273732e-02   9.3125811e-01
   8.1469613e-02   9.3255512e-01
   8.3841431e-02   9.3385214e-01
   8.4479763e-02   9.3514916e-01
   8.4744901e-02   9.3644617e-01
   8.5434442e-02   9.3774319e-01
   8.5997706e-02   9.3904021e-01
   8.6133149e-02   9.4033722e-01
   8.6323648e-02   9.4163424e-01
   8.6344358e-02   9.4293126e-01
   8.7318676e-02   9.4422827e-01
   8.7539719e-02   9.4552529e-01
   8.7659677e-02   9.4682231e-01
   8.7754755e-02   9.4811933e-01
   8.7851503e-02   9.4941634e-01
   8.7942409e-02   9.5071336e-01
   8.8662001e-02   9.5201038e-01
   8.8713830e-02   9.5460441e-01
   8.9253233e-02   9.5590143e-01
   8.9308343e-02   9.5719844e-01
   9.2574434e-02   9.5849546e-01
   9.2702399e-02   9.5979248e-01
   9.2783454e-02   9.6108949e-01
   9.3522997e-02   9.6238651e-01
   9.3667377e-02   9.6368353e-01
   9.4155187e-02   9.6498054e-01
   9.6568959e-02   9.6627756e-01
   9.8315096e-02   9.6757458e-01
   1.0054184e-01   9.6887160e-01
   1.0132598e-01   9.7016861e-01
   1.0254812e-01   9.7146563e-01
   1.0262213e-01   9.7276265e-01
   1.0286073e-01   9.7405966e-01
   1.0428770e-01   9.7535668e-01
   1.0618474e-01   9.7665370e-01
   1.0705349e-01   9.7795071e-01
   1.0721406e-01   9.7924773e-01
   1.0976334e-01   9.8054475e-01
   1.1088738e-01   9.8184176e-01
   1.1097059e-01   9.8313878e-01
   1.1305499e-01   9.8443580e-01
   1.1308832e-01   9.8573281e-01
   1.1408465e-01   9.8702983e-01
   1.1610748e-01   9.8832685e-01
   1.1870276e-01   9.8962387e-01
   1.1997702e-01   9.9092088e-01
   1.2064526e-01   9.9221790e-01
   1.2654683e-01   9.9351492e-01
   1.3029247e-01   9.9481193e-01
   1.4214304e-01   9.9610895e-01
   1.4274700e-01   9.9740597e-01
   1.6482896e-01   9.9870298e-01
   1.8230518e-01   1.0000000e+00
