   8.8335534e-03   0.0000000e+00
   8.8335534e-03   5.5248619e-03
   9.8216048e-03   1.1049724e-02
   1.0814536e-02   1.6574586e-02
   1.0913201e-02   2.2099448e-02
   1.1174347e-02   2.7624309e-02
   1.2077653e-02   3.3149171e-02
   1.2650063e-02   3.8674033e-02
   1.3654834e-02   4.4198895e-02
   1.3697018e-02   4.9723757e-02
   1.4800039e-02   5.5248619e-02
   1.4875218e-02   6.6298343e-02
   1.4938738e-02   7.1823204e-02
   1.5781157e-02   8.2872928e-02
   1.7353603e-02   8.8397790e-02
   1.7853466e-02   9.3922652e-02
   1.8005259e-02   9.9447514e-02
   1.8298333e-02   1.0497238e-01
   1.8825391e-02   1.1049724e-01
   1.9207789e-02   1.1602210e-01
   1.9271569e-02   1.2154696e-01
   1.9303881e-02   1.2707182e-01
   2.0205266e-02   1.3259669e-01
   2.0579807e-02   1.3812155e-01
   2.0837780e-02   1.4364641e-01
   2.1138012e-02   1.4917127e-01
   2.1143591e-02   1.5469613e-01
   2.2085470e-02   1.6022099e-01
   2.2199266e-02   1.6574586e-01
   2.2770079e-02   1.7127072e-01
   2.3366307e-02   1.7679558e-01
   2.3463526e-02   1.8232044e-01
   2.4049292e-02   1.8784530e-01
   2.4330715e-02   1.9337017e-01
   2.4434238e-02   1.9889503e-01
   2.4835636e-02   2.0994475e-01
   2.5037447e-02   2.1546961e-01
   2.5595120e-02   2.2099448e-01
   2.5863274e-02   2.2651934e-01
   2.6131659e-02   2.3204420e-01
   2.6199186e-02   2.3756906e-01
   2.6626000e-02   2.4309392e-01
   2.7414405e-02   2.4861878e-01
   2.7463185e-02   2.5414365e-01
   2.7492000e-02   2.5966851e-01
   2.8577087e-02   2.6519337e-01
   2.8947599e-02   2.7071823e-01
   2.9057706e-02   2.7624309e-01
   2.9365509e-02   2.8176796e-01
   2.9727008e-02   2.8729282e-01
   3.0290373e-02   2.9281768e-01
   3.1831243e-02   2.9834254e-01
   3.1920721e-02   3.0386740e-01
   3.2486641e-02   3.0939227e-01
   3.3175716e-02   3.1491713e-01
   3.4693471e-02   3.2044199e-01
   3.4711975e-02   3.2596685e-01
   3.4870714e-02   3.3149171e-01
   3.4968575e-02   3.3701657e-01
   3.5380671e-02   3.4254144e-01
   3.5714516e-02   3.4806630e-01
   3.5758414e-02   3.5359116e-01
   3.6259760e-02   3.5911602e-01
   3.6349055e-02   3.6464088e-01
   3.6448720e-02   3.7016575e-01
   3.6749071e-02   3.7569061e-01
   3.7544855e-02   3.8121547e-01
   3.8881796e-02   3.8674033e-01
   3.9005457e-02   3.9226519e-01
   3.9196865e-02   3.9779006e-01
   3.9329708e-02   4.0331492e-01
   3.9385745e-02   4.0883978e-01
   3.9751531e-02   4.1436464e-01
   3.9985197e-02   4.1988950e-01
   4.0792334e-02   4.2541436e-01
   4.1181563e-02   4.3093923e-01
   4.1593305e-02   4.3646409e-01
   4.1959568e-02   4.4198895e-01
   4.1994928e-02   4.4751381e-01
   4.3375126e-02   4.5303867e-01
   4.3400487e-02   4.5856354e-01
   4.4611763e-02   4.6408840e-01
   4.5429612e-02   4.6961326e-01
   4.5820388e-02   4.7513812e-01
   4.6137479e-02   4.8066298e-01
   4.6785249e-02   4.8618785e-01
   4.6909585e-02   4.9171271e-01
   4.7380483e-02   4.9723757e-01
   4.7420519e-02   5.0276243e-01
   4.8459684e-02   5.0828729e-01
   4.8853280e-02   5.1381215e-01
   4.9927435e-02   5.1933702e-01
   5.0073644e-02   5.2486188e-01
   5.0641827e-02   5.3038674e-01
   5.3688536e-02   5.3591160e-01
   5.3821990e-02   5.4143646e-01
   5.4376326e-02   5.4696133e-01
   5.4379745e-02   5.5248619e-01
   5.4754551e-02   5.5801105e-01
   5.4892195e-02   5.6353591e-01
   5.4986769e-02   5.7458564e-01
   5.5258167e-02   5.8011050e-01
   5.5317435e-02   5.8563536e-01
   5.5944264e-02   5.9116022e-01
   5.6170902e-02   5.9668508e-01
   5.6497276e-02   6.0220994e-01
   5.6596913e-02   6.0773481e-01
   5.7085841e-02   6.1325967e-01
   5.7229986e-02   6.1878453e-01
   6.0174951e-02   6.2430939e-01
   6.0541320e-02   6.2983425e-01
   6.1227595e-02   6.3535912e-01
   6.1923055e-02   6.4088398e-01
   6.2053258e-02   6.4640884e-01
   6.2863405e-02   6.5193370e-01
   6.3149979e-02   6.5745856e-01
   6.5940733e-02   6.6298343e-01
   6.6143667e-02   6.6850829e-01
   6.6681857e-02   6.7403315e-01
   6.6735191e-02   6.7955801e-01
   6.6846512e-02   6.8508287e-01
   6.8151333e-02   6.9060773e-01
   6.8247722e-02   6.9613260e-01
   6.9383839e-02   7.0165746e-01
   6.9483405e-02   7.0718232e-01
   7.0042224e-02   7.1270718e-01
   7.0761898e-02   7.1823204e-01
   7.2365913e-02   7.2375691e-01
   7.2624502e-02   7.2928177e-01
   7.3144072e-02   7.3480663e-01
   7.6331105e-02   7.4033149e-01
   7.7133190e-02   7.4585635e-01
   7.7378296e-02   7.5138122e-01
   7.7442362e-02   7.5690608e-01
   7.7444610e-02   7.6243094e-01
   7.9391742e-02   7.6795580e-01
   7.9843431e-02   7.7348066e-01
   8.0133050e-02   7.7900552e-01
   8.1453672e-02   7.8453039e-01
   8.1908968e-02   7.9005525e-01
   8.3061294e-02   7.9558011e-01
   8.4714367e-02   8.0110497e-01
   8.5163333e-02   8.0662983e-01
   8.6189320e-02   8.1215470e-01
   8.6533690e-02   8.1767956e-01
   8.7914836e-02   8.2320442e-01
   8.8973651e-02   8.2872928e-01
   9.1567424e-02   8.3425414e-01
   9.3397911e-02   8.3977901e-01
   9.3436352e-02   8.4530387e-01
   9.4649461e-02   8.5082873e-01
   9.6256749e-02   8.5635359e-01
   9.7455404e-02   8.6187845e-01
   9.7950442e-02   8.6740331e-01
   9.8745635e-02   8.7292818e-01
   1.0253559e-01   8.7845304e-01
   1.0618865e-01   8.8397790e-01
   1.0704899e-01   8.8950276e-01
   1.1185152e-01   8.9502762e-01
   1.1900801e-01   9.0055249e-01
   1.2241004e-01   9.0607735e-01
   1.2276280e-01   9.1160221e-01
   1.2318376e-01   9.1712707e-01
   1.2815389e-01   9.2265193e-01
   1.3006821e-01   9.2817680e-01
   1.3084105e-01   9.3370166e-01
   1.3544359e-01   9.3922652e-01
   1.3615455e-01   9.4475138e-01
   1.3629458e-01   9.5027624e-01
   1.3854386e-01   9.5580110e-01
   1.3976395e-01   9.6132597e-01
   1.5201610e-01   9.6685083e-01
   1.5705429e-01   9.7237569e-01
   1.6985359e-01   9.7790055e-01
   2.2008139e-01   9.8342541e-01
   2.2393461e-01   9.8895028e-01
   2.2734972e-01   9.9447514e-01
   2.3417366e-01   1.0000000e+00
