   6.0698128e-03   0.0000000e+00
   6.0698128e-03   2.0000000e-02
   8.2897450e-03   4.0000000e-02
   8.9190796e-03   6.0000000e-02
   8.9974532e-03   8.0000000e-02
   1.0649118e-02   1.0000000e-01
   1.2423818e-02   1.2000000e-01
   1.3252835e-02   1.4000000e-01
   1.3845860e-02   1.6000000e-01
   1.3912061e-02   1.8000000e-01
   1.5738937e-02   2.0000000e-01
   1.6800359e-02   2.2000000e-01
   1.7512371e-02   2.4000000e-01
   1.9356283e-02   2.6000000e-01
   2.0052754e-02   2.8000000e-01
   2.0267924e-02   3.0000000e-01
   2.4428973e-02   3.2000000e-01
   2.7340884e-02   3.4000000e-01
   2.8940589e-02   3.6000000e-01
   3.0699960e-02   3.8000000e-01
   3.1587542e-02   4.0000000e-01
   3.3200387e-02   4.2000000e-01
   3.3609833e-02   4.4000000e-01
   3.4195063e-02   4.6000000e-01
   3.8666579e-02   4.8000000e-01
   3.9688018e-02   5.0000000e-01
   4.0090081e-02   5.2000000e-01
   4.0607630e-02   5.4000000e-01
   4.1656523e-02   5.6000000e-01
   4.3052229e-02   5.8000000e-01
   4.7502652e-02   6.0000000e-01
   4.8631931e-02   6.2000000e-01
   5.4486171e-02   6.4000000e-01
   5.5615192e-02   6.6000000e-01
   5.5891178e-02   6.8000000e-01
   6.2756411e-02   7.0000000e-01
   6.6393077e-02   7.2000000e-01
   6.6868644e-02   7.4000000e-01
   6.7448585e-02   7.6000000e-01
   7.1787461e-02   7.8000000e-01
   7.3718317e-02   8.0000000e-01
   7.6236028e-02   8.2000000e-01
   8.2514180e-02   8.4000000e-01
   9.6120153e-02   8.6000000e-01
   9.8640600e-02   8.8000000e-01
   1.0304711e-01   9.0000000e-01
   1.0994110e-01   9.2000000e-01
   1.7176861e-01   9.4000000e-01
   1.8565624e-01   9.6000000e-01
   2.5572103e-01   9.8000000e-01
   4.2196637e-01   1.0000000e+00
