   3.0568000e-03   0.0000000e+00
   3.0568000e-03   7.1428571e-03
   3.4936000e-03   1.4285714e-02
   4.3672000e-03   2.1428571e-02
   4.8032000e-03   2.8571429e-02
   5.2400000e-03   4.2857143e-02
   5.6768000e-03   7.1428571e-02
   6.1136000e-03   9.2857143e-02
   6.5504000e-03   1.2142857e-01
   6.9872000e-03   1.4285714e-01
   7.4232000e-03   1.6428571e-01
   7.8600000e-03   1.8571429e-01
   8.2968000e-03   2.6428571e-01
   9.1704000e-03   3.2142857e-01
   9.6072000e-03   3.2857143e-01
   1.0044000e-02   3.5000000e-01
   1.0480000e-02   3.7857143e-01
   1.0916800e-02   4.2142857e-01
   1.1353600e-02   4.3571429e-01
   1.1790400e-02   4.5714286e-01
   1.2227200e-02   4.7857143e-01
   1.2664000e-02   5.1428571e-01
   1.3100800e-02   5.4285714e-01
   1.3536800e-02   5.7142857e-01
   1.3973600e-02   5.9285714e-01
   1.4410400e-02   6.4285714e-01
   1.4847200e-02   6.8571429e-01
   1.5720800e-02   7.0714286e-01
   1.6156800e-02   7.2857143e-01
   1.6593600e-02   7.4285714e-01
   1.7030400e-02   7.6428571e-01
   1.7467200e-02   7.7142857e-01
   1.8340800e-02   7.8571429e-01
   1.8777600e-02   8.0714286e-01
   2.0524000e-02   8.2142857e-01
   2.0960800e-02   8.4285714e-01
   2.1397600e-02   8.5000000e-01
   2.2707200e-02   8.5714286e-01
   2.3144000e-02   8.6428571e-01
   2.3580800e-02   8.7142857e-01
   2.4017600e-02   8.7857143e-01
   2.5764000e-02   8.8571429e-01
   2.7511200e-02   8.9285714e-01
   3.1004000e-02   9.0000000e-01
   3.4497600e-02   9.0714286e-01
   3.6244800e-02   9.2142857e-01
   3.7991200e-02   9.2857143e-01
   4.1484800e-02   9.3571429e-01
   4.1921600e-02   9.4285714e-01
   4.4978400e-02   9.5000000e-01
   5.0218400e-02   9.5714286e-01
   5.5021600e-02   9.6428571e-01
   5.8515200e-02   9.7142857e-01
   6.3755200e-02   9.7857143e-01
   7.4672800e-02   9.8571429e-01
   8.6026400e-02   9.9285714e-01
   1.7772960e-01   1.0000000e+00
