   2.3856000e-03   0.0000000e+00
   2.3856000e-03   7.1890726e-04
   2.7832000e-03   2.8756290e-03
   3.1808000e-03   3.5945363e-03
   3.5784000e-03   1.2221423e-02
   3.9760000e-03   1.6534867e-02
   4.3736000e-03   3.4507549e-02
   4.7712000e-03   5.3918045e-02
   5.1688000e-03   7.4766355e-02
   5.5664000e-03   1.0711718e-01
   5.9640000e-03   1.3084112e-01
   6.3616000e-03   1.7469446e-01
   6.7592000e-03   2.1782890e-01
   7.1568000e-03   2.6455787e-01
   7.5544000e-03   3.3429188e-01
   7.9520000e-03   3.7670740e-01
   8.3496000e-03   4.1624730e-01
   8.7472000e-03   4.7232207e-01
   9.1448000e-03   4.9029475e-01
   9.5424000e-03   5.1114306e-01
   9.9400000e-03   5.5930985e-01
   1.0337600e-02   5.8015816e-01
   1.0735200e-02   6.0747664e-01
   1.1133600e-02   6.4342200e-01
   1.1530400e-02   6.6498922e-01
   1.1928800e-02   6.8727534e-01
   1.2326400e-02   7.0668584e-01
   1.2724000e-02   7.2753415e-01
   1.3121600e-02   7.5125809e-01
   1.3519200e-02   7.6132279e-01
   1.3916800e-02   7.7929547e-01
   1.4314400e-02   7.9367362e-01
   1.4712000e-02   8.0948958e-01
   1.5109600e-02   8.2386772e-01
   1.5507200e-02   8.3680805e-01
   1.5904800e-02   8.4184040e-01
   1.6302400e-02   8.5046729e-01
   1.6700000e-02   8.5549964e-01
   1.7097600e-02   8.6268871e-01
   1.7495200e-02   8.7706686e-01
   1.7892800e-02   8.8425593e-01
   1.8290400e-02   8.8713156e-01
   1.8688000e-02   8.9863408e-01
   1.9085600e-02   9.0294752e-01
   1.9483200e-02   9.0438533e-01
   1.9880800e-02   9.1157441e-01
   2.0278400e-02   9.1301222e-01
   2.0676000e-02   9.1804457e-01
   2.1073600e-02   9.2379583e-01
   2.1471200e-02   9.2739037e-01
   2.1868800e-02   9.3026600e-01
   2.2266400e-02   9.3314162e-01
   2.2664000e-02   9.3889288e-01
   2.3061600e-02   9.4033070e-01
   2.3856800e-02   9.4392523e-01
   2.4254400e-02   9.4536305e-01
   2.4652000e-02   9.4823868e-01
   2.5049600e-02   9.5111431e-01
   2.5447200e-02   9.5183321e-01
   2.5844800e-02   9.5327103e-01
   2.6640000e-02   9.5398994e-01
   2.7037600e-02   9.5542775e-01
   2.7435200e-02   9.5614666e-01
   2.7832800e-02   9.5686556e-01
   2.8230400e-02   9.5830338e-01
   2.8628000e-02   9.5902229e-01
   2.9025600e-02   9.6117901e-01
   2.9423200e-02   9.6405464e-01
   3.0218400e-02   9.6477354e-01
   3.0616000e-02   9.6621136e-01
   3.1013600e-02   9.6764917e-01
   3.1411200e-02   9.6980590e-01
   3.1808800e-02   9.7052480e-01
   3.2206400e-02   9.7124371e-01
   3.2604800e-02   9.7196262e-01
   3.3001600e-02   9.7340043e-01
   3.4194400e-02   9.7411934e-01
   3.4592800e-02   9.7483825e-01
   3.4990400e-02   9.7843278e-01
   3.5388000e-02   9.7915169e-01
   3.5785600e-02   9.7987060e-01
   3.6183200e-02   9.8274623e-01
   3.6580800e-02   9.8562185e-01
   3.6978400e-02   9.8777858e-01
   3.7376000e-02   9.8849748e-01
   3.9364000e-02   9.8921639e-01
   4.0159200e-02   9.8993530e-01
   4.0556800e-02   9.9065421e-01
   4.1749600e-02   9.9137311e-01
   4.2544800e-02   9.9209202e-01
   4.4135200e-02   9.9424874e-01
   4.5725600e-02   9.9496765e-01
   4.6918400e-02   9.9568656e-01
   4.7713600e-02   9.9640546e-01
   4.8508800e-02   9.9712437e-01
   4.8906400e-02   9.9784328e-01
   6.2425600e-02   9.9856219e-01
   7.2763200e-02   9.9928109e-01
   7.6739200e-02   1.0000000e+00
