   3.2450654e-02   0.0000000e+00
   3.2450654e-02   2.7027027e-02
   3.4752361e-02   5.4054054e-02
   3.9568245e-02   8.1081081e-02
   4.0060483e-02   1.0810811e-01
   4.1707414e-02   1.3513514e-01
   4.3783003e-02   1.6216216e-01
   4.7376464e-02   1.8918919e-01
   4.8776453e-02   2.1621622e-01
   4.9002467e-02   2.4324324e-01
   4.9699662e-02   2.7027027e-01
   5.0765968e-02   2.9729730e-01
   5.2590330e-02   3.2432432e-01
   5.3073233e-02   3.5135135e-01
   5.4382316e-02   3.7837838e-01
   5.4847127e-02   4.0540541e-01
   5.6723049e-02   4.3243243e-01
   5.6928691e-02   4.5945946e-01
   5.9979077e-02   4.8648649e-01
   6.1910513e-02   5.1351351e-01
   6.2849520e-02   5.4054054e-01
   6.4351799e-02   5.6756757e-01
   6.4557062e-02   5.9459459e-01
   6.7719864e-02   6.2162162e-01
   6.8983355e-02   6.4864865e-01
   7.1125908e-02   6.7567568e-01
   8.0513033e-02   7.0270270e-01
   8.1874963e-02   7.2972973e-01
   8.2957935e-02   7.5675676e-01
   8.9142150e-02   7.8378378e-01
   9.1391520e-02   8.1081081e-01
   9.4820861e-02   8.3783784e-01
   9.7418103e-02   8.6486486e-01
   1.0252413e-01   8.9189189e-01
   1.0601495e-01   9.1891892e-01
   1.1153052e-01   9.4594595e-01
   1.2072427e-01   9.7297297e-01
   1.2529178e-01   1.0000000e+00
