   3.4384000e-03   0.0000000e+00
   3.4384000e-03   3.2258065e-03
   4.2024000e-03   6.4516129e-03
   5.3488000e-03   1.6129032e-02
   5.7304000e-03   2.2580645e-02
   6.1128000e-03   4.1935484e-02
   6.4944000e-03   4.5161290e-02
   6.8768000e-03   7.4193548e-02
   7.2592000e-03   8.7096774e-02
   7.6408000e-03   1.0000000e-01
   8.0232000e-03   1.2580645e-01
   8.4048000e-03   1.3870968e-01
   8.7872000e-03   1.5161290e-01
   9.5512000e-03   1.5806452e-01
   9.9328000e-03   1.7096774e-01
   1.0315200e-02   1.8709677e-01
   1.0696800e-02   2.1290323e-01
   1.1079200e-02   2.4193548e-01
   1.1461600e-02   2.6129032e-01
   1.2225600e-02   2.8387097e-01
   1.2607200e-02   2.9354839e-01
   1.2989600e-02   3.0967742e-01
   1.3371200e-02   3.2258065e-01
   1.3753600e-02   3.2903226e-01
   1.4136000e-02   3.3870968e-01
   1.4517600e-02   3.4516129e-01
   1.4900000e-02   3.5806452e-01
   1.5664000e-02   3.7096774e-01
   1.6428000e-02   3.9354839e-01
   1.7192000e-02   4.0322581e-01
   1.7574400e-02   4.1612903e-01
   1.7956000e-02   4.3225806e-01
   1.8338400e-02   4.4838710e-01
   1.9102400e-02   4.7096774e-01
   1.9484000e-02   4.8064516e-01
   1.9866400e-02   4.8709677e-01
   2.0248000e-02   4.9032258e-01
   2.0630400e-02   5.0000000e-01
   2.1012800e-02   5.0322581e-01
   2.1394400e-02   5.1290323e-01
   2.1776800e-02   5.2580645e-01
   2.2158400e-02   5.2903226e-01
   2.2540800e-02   5.3870968e-01
   2.2922400e-02   5.4516129e-01
   2.3304800e-02   5.4838710e-01
   2.3686400e-02   5.5161290e-01
   2.4068800e-02   5.5806452e-01
   2.4451200e-02   5.7096774e-01
   2.5215200e-02   5.7741935e-01
   2.5596800e-02   5.8064516e-01
   2.5979200e-02   5.9032258e-01
   2.6743200e-02   5.9354839e-01
   2.7124800e-02   6.0000000e-01
   2.7507200e-02   6.0322581e-01
   2.8271200e-02   6.0967742e-01
   2.8653600e-02   6.1935484e-01
   2.9035200e-02   6.2258065e-01
   2.9799200e-02   6.2903226e-01
   3.0563200e-02   6.3870968e-01
   3.0945600e-02   6.4193548e-01
   3.1327200e-02   6.4838710e-01
   3.2856000e-02   6.5161290e-01
   3.3237600e-02   6.5483871e-01
   3.3620000e-02   6.6129032e-01
   3.4001600e-02   6.6774194e-01
   3.4766400e-02   6.7419355e-01
   3.5148000e-02   6.8064516e-01
   3.5530400e-02   6.8387097e-01
   3.6294400e-02   6.8709677e-01
   3.6676000e-02   6.9032258e-01
   3.7440000e-02   7.0000000e-01
   3.8204000e-02   7.0645161e-01
   3.8586400e-02   7.0967742e-01
   3.8968800e-02   7.1612903e-01
   3.9350400e-02   7.2903226e-01
   4.0114400e-02   7.3548387e-01
   4.0496800e-02   7.3870968e-01
   4.1643200e-02   7.4193548e-01
   4.2024800e-02   7.4516129e-01
   4.2407200e-02   7.4838710e-01
   4.2788800e-02   7.5161290e-01
   4.3552800e-02   7.5806452e-01
   4.3935200e-02   7.6129032e-01
   4.4699200e-02   7.6774194e-01
   4.5080800e-02   7.7096774e-01
   4.5463200e-02   7.8064516e-01
   4.5845600e-02   7.8387097e-01
   4.6227200e-02   7.9032258e-01
   4.6991200e-02   7.9354839e-01
   4.7373600e-02   8.0000000e-01
   4.7755200e-02   8.0645161e-01
   4.8520000e-02   8.0967742e-01
   4.9665600e-02   8.1290323e-01
   5.0048000e-02   8.1935484e-01
   5.0812000e-02   8.2258065e-01
   5.1576000e-02   8.2580645e-01
   5.1958400e-02   8.2903226e-01
   5.2340000e-02   8.3225806e-01
   5.3104000e-02   8.4193548e-01
   5.4632000e-02   8.4838710e-01
   5.5014400e-02   8.5161290e-01
   5.6160800e-02   8.5483871e-01
   5.6542400e-02   8.5806452e-01
   5.7306400e-02   8.6129032e-01
   5.7688800e-02   8.6451613e-01
   5.8834400e-02   8.7096774e-01
   5.9216800e-02   8.7419355e-01
   5.9980800e-02   8.7741935e-01
   6.0363200e-02   8.8387097e-01
   6.1891200e-02   8.8709677e-01
   6.4565600e-02   8.9032258e-01
   6.5329600e-02   8.9677419e-01
   6.8385600e-02   9.0000000e-01
   7.2588000e-02   9.0322581e-01
   7.6026400e-02   9.0967742e-01
   7.6408800e-02   9.1612903e-01
   7.6791200e-02   9.1935484e-01
   7.7172800e-02   9.2258065e-01
   7.7555200e-02   9.2580645e-01
   7.8319200e-02   9.3225806e-01
   8.0993600e-02   9.3548387e-01
   8.2139200e-02   9.3870968e-01
   8.3285600e-02   9.4193548e-01
   8.3668000e-02   9.4516129e-01
   8.4049600e-02   9.4838710e-01
   9.0162400e-02   9.5161290e-01
   9.4747200e-02   9.5483871e-01
   9.7803200e-02   9.5806452e-01
   1.0085920e-01   9.6129032e-01
   1.0315200e-01   9.6451613e-01
   1.0926480e-01   9.6774194e-01
   1.1423120e-01   9.7096774e-01
   1.1690560e-01   9.7419355e-01
   1.1881600e-01   9.7741935e-01
   1.2645680e-01   9.8064516e-01
   1.4364880e-01   9.8387097e-01
   1.4670480e-01   9.8709677e-01
   1.5434560e-01   9.9032258e-01
   1.8643760e-01   9.9354839e-01
   1.9255040e-01   9.9677419e-01
   1.9713440e-01   1.0000000e+00
