   1.0147415e-02   0.0000000e+00
   1.0147415e-02   3.9682540e-03
   1.0487866e-02   7.9365079e-03
   1.1047418e-02   1.1904762e-02
   1.1338708e-02   1.5873016e-02
   1.1477399e-02   1.9841270e-02
   1.2477031e-02   2.3809524e-02
   1.2570114e-02   2.7777778e-02
   1.2891875e-02   3.1746032e-02
   1.3776898e-02   3.5714286e-02
   1.3847510e-02   3.9682540e-02
   1.4105688e-02   4.7619048e-02
   1.4399770e-02   5.1587302e-02
   1.4806903e-02   5.5555556e-02
   1.4914531e-02   5.9523810e-02
   1.5088037e-02   6.3492063e-02
   1.5697493e-02   6.7460317e-02
   1.5707937e-02   7.1428571e-02
   1.5938596e-02   7.5396825e-02
   1.6126914e-02   7.9365079e-02
   1.6389151e-02   8.3333333e-02
   1.6443354e-02   8.7301587e-02
   1.6486475e-02   9.1269841e-02
   1.6541297e-02   9.5238095e-02
   1.6606783e-02   9.9206349e-02
   1.6696828e-02   1.0317460e-01
   1.6841990e-02   1.0714286e-01
   1.7006163e-02   1.1111111e-01
   1.7210735e-02   1.1507937e-01
   1.7763058e-02   1.1904762e-01
   1.7891617e-02   1.2301587e-01
   1.8078345e-02   1.2698413e-01
   1.8334800e-02   1.3095238e-01
   1.8373791e-02   1.3492063e-01
   1.8391922e-02   1.3888889e-01
   1.8399811e-02   1.4285714e-01
   1.8489295e-02   1.4682540e-01
   1.9000702e-02   1.5079365e-01
   1.9258965e-02   1.5873016e-01
   1.9605008e-02   1.6269841e-01
   1.9641075e-02   1.7063492e-01
   1.9850568e-02   1.7460317e-01
   1.9926670e-02   1.7857143e-01
   2.0050712e-02   1.8253968e-01
   2.0183600e-02   1.8650794e-01
   2.0800198e-02   1.9047619e-01
   2.0802893e-02   1.9444444e-01
   2.0804487e-02   1.9841270e-01
   2.0833104e-02   2.0238095e-01
   2.0910583e-02   2.0634921e-01
   2.1136380e-02   2.1031746e-01
   2.1345681e-02   2.1428571e-01
   2.1382092e-02   2.1825397e-01
   2.1415317e-02   2.2222222e-01
   2.1439695e-02   2.2619048e-01
   2.1527001e-02   2.3412698e-01
   2.1676164e-02   2.3809524e-01
   2.1795249e-02   2.4206349e-01
   2.1808651e-02   2.4603175e-01
   2.2107487e-02   2.5000000e-01
   2.2649452e-02   2.5396825e-01
   2.2711083e-02   2.5793651e-01
   2.2756439e-02   2.6190476e-01
   2.2974078e-02   2.6587302e-01
   2.3009014e-02   2.7380952e-01
   2.3100284e-02   2.8174603e-01
   2.3287938e-02   2.8571429e-01
   2.3526398e-02   2.8968254e-01
   2.3658643e-02   2.9365079e-01
   2.3882299e-02   2.9761905e-01
   2.3888535e-02   3.0158730e-01
   2.3931564e-02   3.0555556e-01
   2.3939653e-02   3.0952381e-01
   2.3943150e-02   3.1349206e-01
   2.4482812e-02   3.2142857e-01
   2.4562917e-02   3.2539683e-01
   2.4625153e-02   3.2936508e-01
   2.4760321e-02   3.3333333e-01
   2.4901922e-02   3.3730159e-01
   2.4964028e-02   3.4126984e-01
   2.5025633e-02   3.4523810e-01
   2.5115130e-02   3.4920635e-01
   2.5134821e-02   3.5317460e-01
   2.5144397e-02   3.5714286e-01
   2.5348920e-02   3.6111111e-01
   2.5473985e-02   3.6507937e-01
   2.5567609e-02   3.6904762e-01
   2.5729832e-02   3.7301587e-01
   2.5953468e-02   3.7698413e-01
   2.5978842e-02   3.8095238e-01
   2.6030830e-02   3.8492063e-01
   2.6165981e-02   3.8888889e-01
   2.6200801e-02   3.9285714e-01
   2.6324605e-02   3.9682540e-01
   2.6338478e-02   4.0079365e-01
   2.6815911e-02   4.0476190e-01
   2.6876422e-02   4.0873016e-01
   2.7357535e-02   4.1269841e-01
   2.7926569e-02   4.1666667e-01
   2.8167695e-02   4.2063492e-01
   2.8392346e-02   4.2460317e-01
   2.8448724e-02   4.2857143e-01
   2.8608126e-02   4.3253968e-01
   2.8786399e-02   4.3650794e-01
   2.8802593e-02   4.4047619e-01
   2.8915388e-02   4.4444444e-01
   2.8915661e-02   4.4841270e-01
   2.9278103e-02   4.5238095e-01
   2.9362551e-02   4.5634921e-01
   2.9763515e-02   4.6031746e-01
   2.9839362e-02   4.6428571e-01
   2.9967854e-02   4.6825397e-01
   3.0285199e-02   4.7222222e-01
   3.0390785e-02   4.7619048e-01
   3.1083205e-02   4.8015873e-01
   3.1370366e-02   4.8809524e-01
   3.1637068e-02   4.9206349e-01
   3.1848956e-02   4.9603175e-01
   3.1897595e-02   5.0000000e-01
   3.2161726e-02   5.0396825e-01
   3.2353782e-02   5.0793651e-01
   3.2629086e-02   5.1190476e-01
   3.2973577e-02   5.1587302e-01
   3.3049931e-02   5.1984127e-01
   3.3588054e-02   5.2380952e-01
   3.3909236e-02   5.2777778e-01
   3.3952745e-02   5.3174603e-01
   3.4479702e-02   5.3571429e-01
   3.4568762e-02   5.3968254e-01
   3.4602022e-02   5.4365079e-01
   3.5249078e-02   5.4761905e-01
   3.5541230e-02   5.5158730e-01
   3.5541792e-02   5.5555556e-01
   3.5620758e-02   5.5952381e-01
   3.6006470e-02   5.6349206e-01
   3.6184414e-02   5.6746032e-01
   3.6191074e-02   5.7142857e-01
   3.6271286e-02   5.7539683e-01
   3.6482279e-02   5.7936508e-01
   3.6752929e-02   5.8333333e-01
   3.7054137e-02   5.8730159e-01
   3.7058023e-02   5.9126984e-01
   3.7479312e-02   5.9523810e-01
   3.7783764e-02   5.9920635e-01
   3.8208809e-02   6.0317460e-01
   3.8781956e-02   6.0714286e-01
   3.8926558e-02   6.1111111e-01
   3.9140087e-02   6.1507937e-01
   3.9229675e-02   6.1904762e-01
   3.9266658e-02   6.2301587e-01
   3.9392457e-02   6.2698413e-01
   3.9526263e-02   6.3095238e-01
   3.9751375e-02   6.3492063e-01
   4.0042211e-02   6.3888889e-01
   4.0583598e-02   6.4285714e-01
   4.1065602e-02   6.4682540e-01
   4.1341106e-02   6.5079365e-01
   4.1370770e-02   6.5476190e-01
   4.1464958e-02   6.5873016e-01
   4.1898648e-02   6.6269841e-01
   4.1952593e-02   6.6666667e-01
   4.2288072e-02   6.7063492e-01
   4.2566520e-02   6.7460317e-01
   4.2939723e-02   6.7857143e-01
   4.3969563e-02   6.8253968e-01
   4.4065630e-02   6.8650794e-01
   4.4879534e-02   6.9047619e-01
   4.5740057e-02   6.9444444e-01
   4.5799762e-02   6.9841270e-01
   4.5822033e-02   7.0238095e-01
   4.6052711e-02   7.0634921e-01
   4.6664038e-02   7.1031746e-01
   4.6845139e-02   7.1428571e-01
   4.7126855e-02   7.1825397e-01
   4.7162630e-02   7.2222222e-01
   4.7186793e-02   7.2619048e-01
   4.7266607e-02   7.3015873e-01
   4.7414787e-02   7.3412698e-01
   4.7851993e-02   7.3809524e-01
   4.8074385e-02   7.4206349e-01
   4.8708958e-02   7.4603175e-01
   4.9098657e-02   7.5000000e-01
   4.9310125e-02   7.5396825e-01
   4.9644505e-02   7.5793651e-01
   5.0659460e-02   7.6190476e-01
   5.0679277e-02   7.6587302e-01
   5.0807105e-02   7.6984127e-01
   5.1011642e-02   7.7380952e-01
   5.1284755e-02   7.7777778e-01
   5.2057027e-02   7.8174603e-01
   5.2085729e-02   7.8571429e-01
   5.2280812e-02   7.8968254e-01
   5.2380684e-02   7.9365079e-01
   5.2603956e-02   7.9761905e-01
   5.3353309e-02   8.0158730e-01
   5.5129393e-02   8.0555556e-01
   5.7372488e-02   8.0952381e-01
   5.7740819e-02   8.1349206e-01
   5.8519815e-02   8.1746032e-01
   5.8524076e-02   8.2142857e-01
   5.9658123e-02   8.2539683e-01
   6.1019673e-02   8.2936508e-01
   6.1835331e-02   8.3333333e-01
   6.2140666e-02   8.3730159e-01
   6.4616273e-02   8.4126984e-01
   6.4743168e-02   8.4523810e-01
   6.8801531e-02   8.4920635e-01
   6.9060524e-02   8.5317460e-01
   7.0749891e-02   8.5714286e-01
   7.1063272e-02   8.6111111e-01
   7.2107710e-02   8.6507937e-01
   7.3506445e-02   8.6904762e-01
   7.5407199e-02   8.7301587e-01
   7.6061479e-02   8.7698413e-01
   7.7037343e-02   8.8095238e-01
   7.9077084e-02   8.8492063e-01
   7.9859532e-02   8.8888889e-01
   8.0083384e-02   8.9285714e-01
   8.2937102e-02   8.9682540e-01
   8.5048811e-02   9.0079365e-01
   8.5700979e-02   9.0476190e-01
   8.6347433e-02   9.0873016e-01
   8.7691200e-02   9.1269841e-01
   9.1091501e-02   9.1666667e-01
   9.4721262e-02   9.2063492e-01
   9.7919661e-02   9.2460317e-01
   9.8299829e-02   9.2857143e-01
   9.9384694e-02   9.3253968e-01
   1.0036404e-01   9.3650794e-01
   1.0239298e-01   9.4047619e-01
   1.0653331e-01   9.4444444e-01
   1.0670366e-01   9.4841270e-01
   1.0737684e-01   9.5238095e-01
   1.1085221e-01   9.5634921e-01
   1.1886869e-01   9.6031746e-01
   1.1946590e-01   9.6428571e-01
   1.1951261e-01   9.6825397e-01
   1.2759558e-01   9.7222222e-01
   1.3634565e-01   9.7619048e-01
   1.3704563e-01   9.8015873e-01
   1.4606815e-01   9.8412698e-01
   1.5576401e-01   9.8809524e-01
   1.6120869e-01   9.9206349e-01
   1.6128523e-01   9.9603175e-01
   2.0128948e-01   1.0000000e+00
