   3.6200000e-03   0.0000000e+00
   3.6200000e-03   4.2826552e-03
   4.3440000e-03   6.4239829e-03
   4.7056000e-03   8.5653105e-03
   5.0680000e-03   1.2847966e-02
   5.7920000e-03   1.4989293e-02
   6.1536000e-03   2.9978587e-02
   6.5160000e-03   3.8543897e-02
   6.8776000e-03   5.3533191e-02
   7.2400000e-03   6.4239829e-02
   7.6016000e-03   9.2077088e-02
   7.9640000e-03   1.0278373e-01
   8.3256000e-03   1.0920771e-01
   8.6880000e-03   1.1991435e-01
   9.0496000e-03   1.5417559e-01
   9.4120000e-03   1.6274090e-01
   9.7736000e-03   1.7558887e-01
   1.0136000e-02   1.8201285e-01
   1.0497600e-02   1.9271949e-01
   1.0860000e-02   2.0770878e-01
   1.1221600e-02   2.2698073e-01
   1.1584000e-02   2.3768737e-01
   1.1945600e-02   2.6124197e-01
   1.2308000e-02   2.8479657e-01
   1.2669600e-02   2.9764454e-01
   1.3032000e-02   3.0835118e-01
   1.3393600e-02   3.1691649e-01
   1.3756000e-02   3.4047109e-01
   1.4117600e-02   3.6616702e-01
   1.4480000e-02   3.8758030e-01
   1.4841600e-02   4.0042827e-01
   1.5204000e-02   4.2398287e-01
   1.5565600e-02   4.3683084e-01
   1.5928000e-02   4.5182013e-01
   1.6289600e-02   4.6252677e-01
   1.6651200e-02   4.7965739e-01
   1.7013600e-02   4.9250535e-01
   1.7375200e-02   5.0963597e-01
   1.7737600e-02   5.1177730e-01
   1.8099200e-02   5.2890792e-01
   1.8461600e-02   5.3747323e-01
   1.8823200e-02   5.5888651e-01
   1.9185600e-02   5.6316916e-01
   1.9547200e-02   5.6745182e-01
   1.9909600e-02   5.7387580e-01
   2.0271200e-02   5.8029979e-01
   2.0995200e-02   5.8458244e-01
   2.1357600e-02   5.9743041e-01
   2.1719200e-02   6.0171306e-01
   2.2081600e-02   6.0385439e-01
   2.2443200e-02   6.1241970e-01
   2.2805600e-02   6.1670236e-01
   2.3167200e-02   6.3383298e-01
   2.3529600e-02   6.3597430e-01
   2.3891200e-02   6.4025696e-01
   2.4253600e-02   6.4668094e-01
   2.4615200e-02   6.4882227e-01
   2.4977600e-02   6.5952891e-01
   2.5339200e-02   6.6381156e-01
   2.5701600e-02   6.7237687e-01
   2.6425600e-02   6.8736617e-01
   2.6787200e-02   6.9379015e-01
   2.7149600e-02   7.0449679e-01
   2.7511200e-02   7.0663812e-01
   2.7873600e-02   7.1306210e-01
   2.8235200e-02   7.1520343e-01
   2.8597600e-02   7.1948608e-01
   2.9321600e-02   7.2376874e-01
   2.9683200e-02   7.3019272e-01
   3.0407200e-02   7.3661670e-01
   3.0769600e-02   7.4518201e-01
   3.1131200e-02   7.5374732e-01
   3.1492800e-02   7.5802998e-01
   3.1855200e-02   7.6017131e-01
   3.2217600e-02   7.6445396e-01
   3.2579200e-02   7.6659529e-01
   3.2940800e-02   7.7087794e-01
   3.3303200e-02   7.7301927e-01
   3.3664800e-02   7.7944325e-01
   3.4027200e-02   7.8372591e-01
   3.4388800e-02   7.8586724e-01
   3.4751200e-02   7.9229122e-01
   3.5112800e-02   7.9443255e-01
   3.5475200e-02   7.9871520e-01
   3.5836800e-02   8.0085653e-01
   3.6199200e-02   8.0299786e-01
   3.6923200e-02   8.0513919e-01
   3.7284800e-02   8.0728051e-01
   3.7647200e-02   8.1370450e-01
   3.8008800e-02   8.1584582e-01
   3.8371200e-02   8.1798715e-01
   3.9819200e-02   8.2655246e-01
   4.0543200e-02   8.2869379e-01
   4.1267200e-02   8.3083512e-01
   4.1991200e-02   8.3297645e-01
   4.2352800e-02   8.3940043e-01
   4.2715200e-02   8.4154176e-01
   4.3076800e-02   8.4796574e-01
   4.3800800e-02   8.5224839e-01
   4.4163200e-02   8.5867238e-01
   4.4524800e-02   8.6081370e-01
   4.5248800e-02   8.6295503e-01
   4.5611200e-02   8.6509636e-01
   4.5972800e-02   8.7152034e-01
   4.6696800e-02   8.7366167e-01
   4.8868800e-02   8.8008565e-01
   4.9954400e-02   8.8436831e-01
   5.0316800e-02   8.8650964e-01
   5.0678400e-02   8.9079229e-01
   5.1040800e-02   8.9293362e-01
   5.2488800e-02   8.9507495e-01
   5.4660800e-02   8.9721627e-01
   5.5746400e-02   8.9935760e-01
   5.7194400e-02   9.0364026e-01
   6.0090400e-02   9.0578158e-01
   6.0814400e-02   9.0792291e-01
   6.2262400e-02   9.1220557e-01
   6.6244000e-02   9.1434690e-01
   6.6606400e-02   9.1648822e-01
   6.9140000e-02   9.1862955e-01
   7.0226400e-02   9.2077088e-01
   7.1674400e-02   9.2291221e-01
   7.2398400e-02   9.2719486e-01
   7.3846400e-02   9.2933619e-01
   7.6018400e-02   9.3361884e-01
   7.7104000e-02   9.3576017e-01
   7.8913600e-02   9.3790150e-01
   8.1085600e-02   9.4004283e-01
   8.2172000e-02   9.4218415e-01
   8.2533600e-02   9.4432548e-01
   8.3257600e-02   9.4646681e-01
   8.3620000e-02   9.4860814e-01
   8.4705600e-02   9.5074946e-01
   8.8325600e-02   9.5289079e-01
   8.9049600e-02   9.5503212e-01
   9.2669600e-02   9.5717345e-01
   9.5204000e-02   9.5931478e-01
   9.6289600e-02   9.6145610e-01
   1.0099520e-01   9.6788009e-01
   1.0497760e-01   9.7002141e-01
   1.0968320e-01   9.7216274e-01
   1.1221680e-01   9.7430407e-01
   1.1330320e-01   9.7644540e-01
   1.1837120e-01   9.7858672e-01
   1.2235280e-01   9.8072805e-01
   1.2850640e-01   9.8286938e-01
   1.3429840e-01   9.8501071e-01
   1.3502240e-01   9.8715203e-01
   1.4515840e-01   9.8929336e-01
   1.4986400e-01   9.9143469e-01
   1.5095040e-01   9.9357602e-01
   1.5529440e-01   9.9571734e-01
   1.5927600e-01   9.9785867e-01
   1.9257920e-01   1.0000000e+00
