   8.4516438e-03   0.0000000e+00
   8.4516438e-03   3.5971223e-03
   9.3413342e-03   7.1942446e-03
   9.4757240e-03   1.0791367e-02
   9.7856674e-03   1.4388489e-02
   1.0441015e-02   1.7985612e-02
   1.0834664e-02   2.1582734e-02
   1.1079675e-02   2.5179856e-02
   1.1242710e-02   2.8776978e-02
   1.1617968e-02   3.2374101e-02
   1.1892066e-02   3.5971223e-02
   1.2214850e-02   3.9568345e-02
   1.2534880e-02   4.3165468e-02
   1.2624758e-02   4.6762590e-02
   1.2699355e-02   5.0359712e-02
   1.2837789e-02   5.3956835e-02
   1.3016932e-02   5.7553957e-02
   1.3253041e-02   6.1151079e-02
   1.3295422e-02   6.4748201e-02
   1.4022148e-02   6.8345324e-02
   1.4404615e-02   7.1942446e-02
   1.4745356e-02   7.5539568e-02
   1.5306733e-02   7.9136691e-02
   1.5835247e-02   8.6330935e-02
   1.5988925e-02   8.9928058e-02
   1.6174898e-02   9.3525180e-02
   1.6391115e-02   9.7122302e-02
   1.6527171e-02   1.0071942e-01
   1.6545127e-02   1.0431655e-01
   1.7193962e-02   1.0791367e-01
   1.7493543e-02   1.1151079e-01
   1.7688433e-02   1.1510791e-01
   1.7706956e-02   1.1870504e-01
   1.7797235e-02   1.2230216e-01
   1.7971801e-02   1.2589928e-01
   1.8077236e-02   1.2949640e-01
   1.8299284e-02   1.3309353e-01
   1.8359354e-02   1.3669065e-01
   1.8682668e-02   1.4028777e-01
   1.8932542e-02   1.4388489e-01
   1.8951448e-02   1.4748201e-01
   1.9562208e-02   1.5107914e-01
   1.9680353e-02   1.5467626e-01
   1.9758897e-02   1.5827338e-01
   1.9904332e-02   1.6187050e-01
   2.0377288e-02   1.6546763e-01
   2.0380055e-02   1.6906475e-01
   2.0545785e-02   1.7625899e-01
   2.0836966e-02   1.7985612e-01
   2.0848832e-02   1.8345324e-01
   2.0852586e-02   1.9064748e-01
   2.0894824e-02   1.9424460e-01
   2.1027782e-02   1.9784173e-01
   2.1093435e-02   2.0143885e-01
   2.1138258e-02   2.0863309e-01
   2.1199074e-02   2.1223022e-01
   2.1199282e-02   2.1582734e-01
   2.1271469e-02   2.1942446e-01
   2.1346075e-02   2.2302158e-01
   2.1568982e-02   2.2661871e-01
   2.1883227e-02   2.3021583e-01
   2.2073559e-02   2.3381295e-01
   2.2172901e-02   2.3741007e-01
   2.2332635e-02   2.4100719e-01
   2.2484291e-02   2.4460432e-01
   2.2725049e-02   2.4820144e-01
   2.3057717e-02   2.5179856e-01
   2.3451219e-02   2.5539568e-01
   2.3458916e-02   2.5899281e-01
   2.3652592e-02   2.6258993e-01
   2.3714380e-02   2.6618705e-01
   2.3897784e-02   2.6978417e-01
   2.3942026e-02   2.7338129e-01
   2.4062838e-02   2.7697842e-01
   2.4186977e-02   2.8057554e-01
   2.4261435e-02   2.8417266e-01
   2.4446199e-02   2.8776978e-01
   2.4482270e-02   2.9136691e-01
   2.4485510e-02   2.9496403e-01
   2.4579455e-02   2.9856115e-01
   2.4742861e-02   3.0215827e-01
   2.4789443e-02   3.0575540e-01
   2.4905078e-02   3.0935252e-01
   2.5163046e-02   3.1294964e-01
   2.5194093e-02   3.1654676e-01
   2.5511362e-02   3.2014388e-01
   2.5529725e-02   3.2374101e-01
   2.5940029e-02   3.2733813e-01
   2.6281974e-02   3.3093525e-01
   2.6442851e-02   3.3453237e-01
   2.6599780e-02   3.3812950e-01
   2.6688656e-02   3.4172662e-01
   2.6923342e-02   3.4532374e-01
   2.7086671e-02   3.4892086e-01
   2.7304535e-02   3.5251799e-01
   2.7369194e-02   3.5611511e-01
   2.7422403e-02   3.5971223e-01
   2.7448577e-02   3.6330935e-01
   2.7539277e-02   3.6690647e-01
   2.7671817e-02   3.7050360e-01
   2.7899600e-02   3.7410072e-01
   2.8142031e-02   3.7769784e-01
   2.8149257e-02   3.8129496e-01
   2.8185726e-02   3.8489209e-01
   2.8335431e-02   3.8848921e-01
   2.8412893e-02   3.9208633e-01
   2.8427172e-02   3.9568345e-01
   2.8541144e-02   3.9928058e-01
   2.9329033e-02   4.0287770e-01
   2.9545279e-02   4.0647482e-01
   2.9780160e-02   4.1007194e-01
   2.9885077e-02   4.1366906e-01
   3.0055469e-02   4.1726619e-01
   3.0323727e-02   4.2086331e-01
   3.0563403e-02   4.2446043e-01
   3.1433353e-02   4.2805755e-01
   3.1548590e-02   4.3165468e-01
   3.1670330e-02   4.3525180e-01
   3.1704649e-02   4.3884892e-01
   3.1711235e-02   4.4244604e-01
   3.1882746e-02   4.4604317e-01
   3.2071887e-02   4.4964029e-01
   3.2386754e-02   4.5323741e-01
   3.2719551e-02   4.5683453e-01
   3.2795262e-02   4.6043165e-01
   3.3136596e-02   4.6402878e-01
   3.3606730e-02   4.6762590e-01
   3.3886366e-02   4.7122302e-01
   3.4060013e-02   4.7482014e-01
   3.4343208e-02   4.7841727e-01
   3.4388428e-02   4.8201439e-01
   3.4413202e-02   4.8561151e-01
   3.4848069e-02   4.8920863e-01
   3.4868482e-02   4.9280576e-01
   3.6350428e-02   4.9640288e-01
   3.6775073e-02   5.0000000e-01
   3.7143387e-02   5.0359712e-01
   3.7159576e-02   5.0719424e-01
   3.7362216e-02   5.1079137e-01
   3.7391490e-02   5.1438849e-01
   3.7447047e-02   5.1798561e-01
   3.8249365e-02   5.2158273e-01
   3.8483467e-02   5.2517986e-01
   3.8903531e-02   5.2877698e-01
   3.8935677e-02   5.3237410e-01
   3.9037901e-02   5.3597122e-01
   3.9205946e-02   5.3956835e-01
   3.9843025e-02   5.4316547e-01
   3.9918166e-02   5.4676259e-01
   4.0053797e-02   5.5035971e-01
   4.0520176e-02   5.5395683e-01
   4.1676717e-02   5.5755396e-01
   4.1777228e-02   5.6115108e-01
   4.1787383e-02   5.6474820e-01
   4.1817207e-02   5.6834532e-01
   4.1963582e-02   5.7194245e-01
   4.1975107e-02   5.7553957e-01
   4.3203330e-02   5.7913669e-01
   4.3871520e-02   5.8273381e-01
   4.4215585e-02   5.8633094e-01
   4.4561503e-02   5.8992806e-01
   4.4947420e-02   5.9352518e-01
   4.5117150e-02   5.9712230e-01
   4.5924615e-02   6.0071942e-01
   4.6021019e-02   6.0431655e-01
   4.6066653e-02   6.0791367e-01
   4.6465754e-02   6.1151079e-01
   4.6708961e-02   6.1510791e-01
   4.6752123e-02   6.1870504e-01
   4.6782217e-02   6.2230216e-01
   4.6855575e-02   6.2589928e-01
   4.7515537e-02   6.2949640e-01
   4.7555130e-02   6.3309353e-01
   4.7855756e-02   6.3669065e-01
   4.7936528e-02   6.4028777e-01
   4.8028693e-02   6.4388489e-01
   4.8917358e-02   6.4748201e-01
   4.8964540e-02   6.5107914e-01
   4.9217204e-02   6.5467626e-01
   4.9350420e-02   6.5827338e-01
   4.9685148e-02   6.6187050e-01
   5.0683314e-02   6.6546763e-01
   5.1312521e-02   6.6906475e-01
   5.1373212e-02   6.7266187e-01
   5.1434534e-02   6.7625899e-01
   5.1803385e-02   6.7985612e-01
   5.2288092e-02   6.8345324e-01
   5.2827688e-02   6.8705036e-01
   5.4435392e-02   6.9064748e-01
   5.4667439e-02   6.9424460e-01
   5.5896948e-02   6.9784173e-01
   5.7263249e-02   7.0143885e-01
   5.7286206e-02   7.0503597e-01
   5.7518534e-02   7.0863309e-01
   5.8285654e-02   7.1223022e-01
   5.9520238e-02   7.1582734e-01
   5.9639307e-02   7.1942446e-01
   6.0973734e-02   7.2302158e-01
   6.2098961e-02   7.2661871e-01
   6.2218531e-02   7.3021583e-01
   6.2427441e-02   7.3381295e-01
   6.2509670e-02   7.3741007e-01
   6.3242843e-02   7.4100719e-01
   6.3484358e-02   7.4460432e-01
   6.4037640e-02   7.4820144e-01
   6.5308098e-02   7.5179856e-01
   6.5425865e-02   7.5539568e-01
   6.5744720e-02   7.5899281e-01
   6.5892374e-02   7.6258993e-01
   6.6001532e-02   7.6618705e-01
   6.6398379e-02   7.6978417e-01
   6.7485494e-02   7.7338129e-01
   6.8562805e-02   7.7697842e-01
   6.8604581e-02   7.8057554e-01
   6.8970200e-02   7.8417266e-01
   6.9328178e-02   7.8776978e-01
   7.0414472e-02   7.9136691e-01
   7.2161593e-02   7.9496403e-01
   7.2317392e-02   7.9856115e-01
   7.2579178e-02   8.0215827e-01
   7.4034973e-02   8.0575540e-01
   7.5723939e-02   8.0935252e-01
   7.6161335e-02   8.1294964e-01
   7.6245068e-02   8.1654676e-01
   7.8599699e-02   8.2014388e-01
   7.9017479e-02   8.2374101e-01
   8.0204755e-02   8.2733813e-01
   8.1030283e-02   8.3093525e-01
   8.1040353e-02   8.3453237e-01
   8.1160564e-02   8.3812950e-01
   8.1540151e-02   8.4172662e-01
   8.3959422e-02   8.4532374e-01
   8.5364518e-02   8.4892086e-01
   8.7567274e-02   8.5251799e-01
   8.8838265e-02   8.5611511e-01
   8.9114199e-02   8.5971223e-01
   9.0041521e-02   8.6330935e-01
   9.0475107e-02   8.6690647e-01
   9.0915432e-02   8.7050360e-01
   9.0958887e-02   8.7410072e-01
   9.1635811e-02   8.7769784e-01
   9.5870957e-02   8.8129496e-01
   9.6252599e-02   8.8489209e-01
   9.7781452e-02   8.8848921e-01
   9.9624555e-02   8.9208633e-01
   9.9992281e-02   8.9568345e-01
   1.0214983e-01   8.9928058e-01
   1.0223295e-01   9.0287770e-01
   1.0254118e-01   9.0647482e-01
   1.0515093e-01   9.1007194e-01
   1.0536155e-01   9.1366906e-01
   1.0665651e-01   9.1726619e-01
   1.0727903e-01   9.2086331e-01
   1.0926339e-01   9.2446043e-01
   1.1319511e-01   9.2805755e-01
   1.1818956e-01   9.3165468e-01
   1.2022169e-01   9.3525180e-01
   1.2317152e-01   9.3884892e-01
   1.2841117e-01   9.4244604e-01
   1.2851642e-01   9.4604317e-01
   1.2912366e-01   9.4964029e-01
   1.3006147e-01   9.5323741e-01
   1.3188551e-01   9.5683453e-01
   1.4006998e-01   9.6043165e-01
   1.4186927e-01   9.6402878e-01
   1.6020311e-01   9.6762590e-01
   1.8015329e-01   9.7122302e-01
   1.8086991e-01   9.7482014e-01
   1.8644832e-01   9.7841727e-01
   1.8857692e-01   9.8201439e-01
   1.9513752e-01   9.8561151e-01
   2.0104628e-01   9.8920863e-01
   2.0444955e-01   9.9280576e-01
   2.7874358e-01   9.9640288e-01
   3.3806556e-01   1.0000000e+00
