   4.7470199e-03   0.0000000e+00
   4.7470199e-03   1.9880716e-03
   5.3926785e-03   3.9761431e-03
   5.8723864e-03   5.9642147e-03
   5.8891535e-03   7.9522863e-03
   5.9782498e-03   9.9403579e-03
   6.3585220e-03   1.1928429e-02
   6.3806069e-03   1.3916501e-02
   6.8279382e-03   1.5904573e-02
   7.0878874e-03   1.7892644e-02
   7.1036613e-03   1.9880716e-02
   7.5143443e-03   2.1868787e-02
   7.5566349e-03   2.3856859e-02
   7.8222056e-03   2.5844930e-02
   7.9051032e-03   2.7833002e-02
   7.9849078e-03   3.1809145e-02
   8.0249815e-03   3.3797217e-02
   8.0934820e-03   3.7773360e-02
   8.2358590e-03   3.9761431e-02
   8.3078270e-03   4.1749503e-02
   8.4515594e-03   4.3737575e-02
   8.6763843e-03   4.5725646e-02
   8.7053923e-03   4.7713718e-02
   9.0120387e-03   4.9701789e-02
   9.1143194e-03   5.1689861e-02
   9.1749441e-03   5.3677932e-02
   9.2254249e-03   5.7654076e-02
   9.4320683e-03   5.9642147e-02
   9.5786710e-03   6.1630219e-02
   9.6173217e-03   6.3618290e-02
   9.6731209e-03   6.5606362e-02
   9.8138045e-03   6.7594433e-02
   9.8532612e-03   6.9582505e-02
   9.8608009e-03   7.1570577e-02
   9.8629200e-03   7.3558648e-02
   9.9012274e-03   7.5546720e-02
   9.9321946e-03   7.7534791e-02
   1.0043522e-02   7.9522863e-02
   1.0081552e-02   8.3499006e-02
   1.0086905e-02   8.5487078e-02
   1.0135712e-02   8.7475149e-02
   1.0213636e-02   8.9463221e-02
   1.0332635e-02   9.1451292e-02
   1.0346507e-02   9.3439364e-02
   1.0508805e-02   9.5427435e-02
   1.0550177e-02   9.7415507e-02
   1.0564144e-02   9.9403579e-02
   1.0655492e-02   1.0139165e-01
   1.0812059e-02   1.0337972e-01
   1.0856199e-02   1.0536779e-01
   1.0896145e-02   1.0735586e-01
   1.1026105e-02   1.0934394e-01
   1.1053290e-02   1.1133201e-01
   1.1071170e-02   1.1332008e-01
   1.1188293e-02   1.1530815e-01
   1.1254076e-02   1.1729622e-01
   1.1256226e-02   1.1928429e-01
   1.1277956e-02   1.2326044e-01
   1.1319154e-02   1.2524851e-01
   1.1357323e-02   1.2723658e-01
   1.1379606e-02   1.2922465e-01
   1.1389155e-02   1.3121272e-01
   1.1634111e-02   1.3320080e-01
   1.1724379e-02   1.3518887e-01
   1.1833380e-02   1.3717694e-01
   1.1955983e-02   1.3916501e-01
   1.2037986e-02   1.4115308e-01
   1.2192759e-02   1.4512922e-01
   1.2373287e-02   1.4711730e-01
   1.2433178e-02   1.4910537e-01
   1.2434411e-02   1.5308151e-01
   1.2461614e-02   1.5506958e-01
   1.2568066e-02   1.5705765e-01
   1.2662142e-02   1.5904573e-01
   1.2716517e-02   1.6103380e-01
   1.2778583e-02   1.6302187e-01
   1.2840062e-02   1.6500994e-01
   1.2926759e-02   1.6699801e-01
   1.3114318e-02   1.6898608e-01
   1.3208051e-02   1.7097416e-01
   1.3223873e-02   1.7296223e-01
   1.3317700e-02   1.7693837e-01
   1.3429642e-02   1.8091451e-01
   1.3442186e-02   1.8290258e-01
   1.3492127e-02   1.8489066e-01
   1.3554877e-02   1.8687873e-01
   1.3620092e-02   1.8886680e-01
   1.3639643e-02   1.9085487e-01
   1.3640862e-02   1.9284294e-01
   1.3843335e-02   1.9483101e-01
   1.3856440e-02   1.9880716e-01
   1.3857284e-02   2.0079523e-01
   1.3900069e-02   2.0278330e-01
   1.3913542e-02   2.0477137e-01
   1.3945258e-02   2.0675944e-01
   1.4070424e-02   2.0874751e-01
   1.4078669e-02   2.1073559e-01
   1.4089807e-02   2.1272366e-01
   1.4175265e-02   2.1471173e-01
   1.4241060e-02   2.1669980e-01
   1.4340181e-02   2.1868787e-01
   1.4357551e-02   2.2266402e-01
   1.4535415e-02   2.2664016e-01
   1.4539888e-02   2.2862823e-01
   1.4559522e-02   2.3061630e-01
   1.4571337e-02   2.3260437e-01
   1.4668045e-02   2.3459245e-01
   1.4787108e-02   2.3856859e-01
   1.4809834e-02   2.4055666e-01
   1.5007622e-02   2.4254473e-01
   1.5013101e-02   2.4652087e-01
   1.5240668e-02   2.4850895e-01
   1.5345395e-02   2.5049702e-01
   1.5391484e-02   2.5248509e-01
   1.5404893e-02   2.5447316e-01
   1.5446082e-02   2.5646123e-01
   1.5472430e-02   2.6043738e-01
   1.5478863e-02   2.6242545e-01
   1.5580978e-02   2.6640159e-01
   1.5720036e-02   2.7037773e-01
   1.5844600e-02   2.7236581e-01
   1.5913847e-02   2.7435388e-01
   1.5947805e-02   2.8230616e-01
   1.5948654e-02   2.8429423e-01
   1.6002135e-02   2.8628231e-01
   1.6177462e-02   2.8827038e-01
   1.6177486e-02   2.9224652e-01
   1.6191144e-02   2.9622266e-01
   1.6199222e-02   2.9821074e-01
   1.6218399e-02   3.0019881e-01
   1.6258930e-02   3.0218688e-01
   1.6410239e-02   3.0815109e-01
   1.6437252e-02   3.1013917e-01
   1.6461544e-02   3.1212724e-01
   1.6652480e-02   3.1809145e-01
   1.6733896e-02   3.2007952e-01
   1.6884637e-02   3.2206759e-01
   1.6934614e-02   3.2604374e-01
   1.6941246e-02   3.3200795e-01
   1.7018683e-02   3.3399602e-01
   1.7047186e-02   3.3598410e-01
   1.7115499e-02   3.3797217e-01
   1.7129834e-02   3.4194831e-01
   1.7347673e-02   3.4393638e-01
   1.7377264e-02   3.4592445e-01
   1.7584830e-02   3.4791252e-01
   1.7626694e-02   3.4990060e-01
   1.7663679e-02   3.5188867e-01
   1.7666332e-02   3.5387674e-01
   1.7816722e-02   3.5785288e-01
   1.7820447e-02   3.6182903e-01
   1.7825945e-02   3.6381710e-01
   1.7836544e-02   3.6580517e-01
   1.7846398e-02   3.6779324e-01
   1.8060826e-02   3.6978131e-01
   1.8135682e-02   3.7176938e-01
   1.8250360e-02   3.7375746e-01
   1.8286358e-02   3.7773360e-01
   1.8288737e-02   3.7972167e-01
   1.8316113e-02   3.8369781e-01
   1.8412778e-02   3.8568588e-01
   1.8520691e-02   3.8767396e-01
   1.8528651e-02   3.8966203e-01
   1.8549051e-02   3.9165010e-01
   1.8620745e-02   3.9363817e-01
   1.8655807e-02   3.9562624e-01
   1.8718216e-02   3.9761431e-01
   1.8764502e-02   3.9960239e-01
   1.8771035e-02   4.0159046e-01
   1.8796703e-02   4.0357853e-01
   1.8818857e-02   4.0556660e-01
   1.8997101e-02   4.0954274e-01
   1.9045969e-02   4.1351889e-01
   1.9061216e-02   4.1550696e-01
   1.9224064e-02   4.1749503e-01
   1.9255543e-02   4.1948310e-01
   1.9298004e-02   4.2345924e-01
   1.9370484e-02   4.2544732e-01
   1.9478220e-02   4.2743539e-01
   1.9493263e-02   4.2942346e-01
   1.9505402e-02   4.3141153e-01
   1.9511469e-02   4.3339960e-01
   1.9677023e-02   4.3538767e-01
   1.9694016e-02   4.3737575e-01
   1.9703655e-02   4.3936382e-01
   1.9721381e-02   4.4333996e-01
   1.9725258e-02   4.4532803e-01
   1.9729053e-02   4.4731610e-01
   1.9864570e-02   4.4930417e-01
   1.9926672e-02   4.5129225e-01
   1.9932064e-02   4.5328032e-01
   2.0062355e-02   4.5526839e-01
   2.0122302e-02   4.5725646e-01
   2.0184244e-02   4.5924453e-01
   2.0227592e-02   4.6123260e-01
   2.0326038e-02   4.6322068e-01
   2.0401187e-02   4.6520875e-01
   2.0443048e-02   4.6719682e-01
   2.0468403e-02   4.6918489e-01
   2.0531283e-02   4.7316103e-01
   2.0590484e-02   4.7514911e-01
   2.0661627e-02   4.7713718e-01
   2.0664688e-02   4.7912525e-01
   2.0693135e-02   4.8111332e-01
   2.0793876e-02   4.8310139e-01
   2.0863972e-02   4.8707753e-01
   2.0945200e-02   4.9105368e-01
   2.0952128e-02   4.9304175e-01
   2.1058735e-02   4.9502982e-01
   2.1099223e-02   4.9701789e-01
   2.1100320e-02   4.9900596e-01
   2.1108582e-02   5.0099404e-01
   2.1111869e-02   5.0298211e-01
   2.1209511e-02   5.0497018e-01
   2.1295487e-02   5.0695825e-01
   2.1356402e-02   5.0894632e-01
   2.1399144e-02   5.1093439e-01
   2.1469243e-02   5.1292247e-01
   2.1594920e-02   5.1491054e-01
   2.1801988e-02   5.1689861e-01
   2.1826090e-02   5.1888668e-01
   2.1841677e-02   5.2087475e-01
   2.2062267e-02   5.2286282e-01
   2.2081511e-02   5.2485089e-01
   2.2090046e-02   5.2683897e-01
   2.2252614e-02   5.2882704e-01
   2.2273524e-02   5.3280318e-01
   2.2529382e-02   5.3479125e-01
   2.2637824e-02   5.3677932e-01
   2.2747950e-02   5.3876740e-01
   2.2792659e-02   5.4274354e-01
   2.2955296e-02   5.4473161e-01
   2.2980633e-02   5.4671968e-01
   2.2990308e-02   5.4870775e-01
   2.3044676e-02   5.5069583e-01
   2.3190295e-02   5.5268390e-01
   2.3221298e-02   5.5467197e-01
   2.3267588e-02   5.5666004e-01
   2.3434539e-02   5.5864811e-01
   2.3463382e-02   5.6063618e-01
   2.3774313e-02   5.6262425e-01
   2.3986860e-02   5.6461233e-01
   2.3995439e-02   5.6660040e-01
   2.4024833e-02   5.6858847e-01
   2.4043048e-02   5.7057654e-01
   2.4202363e-02   5.7256461e-01
   2.4283286e-02   5.7455268e-01
   2.4386364e-02   5.7654076e-01
   2.4472814e-02   5.7852883e-01
   2.4741722e-02   5.8051690e-01
   2.4743290e-02   5.8250497e-01
   2.4849288e-02   5.8449304e-01
   2.4854333e-02   5.8648111e-01
   2.4868811e-02   5.8846918e-01
   2.4917800e-02   5.9045726e-01
   2.4939958e-02   5.9244533e-01
   2.5113935e-02   5.9443340e-01
   2.5137092e-02   5.9642147e-01
   2.5141119e-02   5.9840954e-01
   2.5177039e-02   6.0039761e-01
   2.5211784e-02   6.0238569e-01
   2.5354161e-02   6.0437376e-01
   2.5469599e-02   6.0636183e-01
   2.5673247e-02   6.0834990e-01
   2.5807523e-02   6.1033797e-01
   2.5849353e-02   6.1232604e-01
   2.5884921e-02   6.1431412e-01
   2.5951871e-02   6.1630219e-01
   2.6043763e-02   6.1829026e-01
   2.6212440e-02   6.2226640e-01
   2.6273070e-02   6.2425447e-01
   2.6300172e-02   6.2624254e-01
   2.6371770e-02   6.2823062e-01
   2.6384058e-02   6.3021869e-01
   2.6414882e-02   6.3220676e-01
   2.6464459e-02   6.3419483e-01
   2.6566224e-02   6.3618290e-01
   2.6634723e-02   6.3817097e-01
   2.6651638e-02   6.4015905e-01
   2.6698394e-02   6.4214712e-01
   2.6962261e-02   6.4612326e-01
   2.6973129e-02   6.4811133e-01
   2.7105508e-02   6.5009940e-01
   2.7194094e-02   6.5208748e-01
   2.7201391e-02   6.5407555e-01
   2.7413127e-02   6.5606362e-01
   2.7428437e-02   6.5805169e-01
   2.7496369e-02   6.6003976e-01
   2.7551064e-02   6.6202783e-01
   2.7556526e-02   6.6401590e-01
   2.7625085e-02   6.6600398e-01
   2.7834100e-02   6.6799205e-01
   2.7881249e-02   6.6998012e-01
   2.7944310e-02   6.7196819e-01
   2.7966671e-02   6.7395626e-01
   2.8134812e-02   6.7594433e-01
   2.8140284e-02   6.7793241e-01
   2.8156815e-02   6.7992048e-01
   2.8167677e-02   6.8190855e-01
   2.8271283e-02   6.8588469e-01
   2.8528997e-02   6.8787276e-01
   2.8556259e-02   6.8986083e-01
   2.8559115e-02   6.9184891e-01
   2.8666569e-02   6.9383698e-01
   2.8838560e-02   6.9582505e-01
   2.9014511e-02   6.9781312e-01
   2.9076608e-02   6.9980119e-01
   2.9118463e-02   7.0178926e-01
   2.9142787e-02   7.0377734e-01
   2.9219747e-02   7.0576541e-01
   2.9287345e-02   7.0775348e-01
   2.9320976e-02   7.0974155e-01
   2.9360190e-02   7.1172962e-01
   2.9416459e-02   7.1371769e-01
   2.9476819e-02   7.1570577e-01
   2.9540130e-02   7.1769384e-01
   2.9544822e-02   7.1968191e-01
   2.9564709e-02   7.2166998e-01
   2.9690563e-02   7.2365805e-01
   2.9801986e-02   7.2564612e-01
   2.9963177e-02   7.2763419e-01
   3.0007239e-02   7.2962227e-01
   3.0019638e-02   7.3161034e-01
   3.0057433e-02   7.3359841e-01
   3.0058914e-02   7.3558648e-01
   3.0126869e-02   7.3757455e-01
   3.0241584e-02   7.3956262e-01
   3.0488206e-02   7.4155070e-01
   3.0506927e-02   7.4353877e-01
   3.0513759e-02   7.4552684e-01
   3.0629149e-02   7.4751491e-01
   3.0748303e-02   7.4950298e-01
   3.0810076e-02   7.5149105e-01
   3.0892800e-02   7.5347913e-01
   3.0956595e-02   7.5546720e-01
   3.1052631e-02   7.5745527e-01
   3.1218915e-02   7.5944334e-01
   3.1221416e-02   7.6143141e-01
   3.1338977e-02   7.6341948e-01
   3.1468478e-02   7.6540755e-01
   3.1487506e-02   7.6739563e-01
   3.1897375e-02   7.6938370e-01
   3.2020118e-02   7.7137177e-01
   3.2182150e-02   7.7335984e-01
   3.2219531e-02   7.7534791e-01
   3.2518465e-02   7.7733598e-01
   3.2607577e-02   7.7932406e-01
   3.2655215e-02   7.8131213e-01
   3.2892108e-02   7.8330020e-01
   3.3073895e-02   7.8528827e-01
   3.3113158e-02   7.8727634e-01
   3.3291471e-02   7.8926441e-01
   3.3367976e-02   7.9125249e-01
   3.3525238e-02   7.9324056e-01
   3.3594621e-02   7.9522863e-01
   3.3665329e-02   7.9721670e-01
   3.4120916e-02   7.9920477e-01
   3.4215226e-02   8.0119284e-01
   3.4246215e-02   8.0516899e-01
   3.4284780e-02   8.0715706e-01
   3.4680193e-02   8.0914513e-01
   3.4799368e-02   8.1113320e-01
   3.4901698e-02   8.1312127e-01
   3.4913674e-02   8.1510934e-01
   3.5098649e-02   8.1709742e-01
   3.5175055e-02   8.1908549e-01
   3.5398321e-02   8.2107356e-01
   3.5445697e-02   8.2306163e-01
   3.5654430e-02   8.2504970e-01
   3.5760602e-02   8.2703777e-01
   3.5804966e-02   8.2902584e-01
   3.5853920e-02   8.3101392e-01
   3.5896292e-02   8.3300199e-01
   3.5980897e-02   8.3499006e-01
   3.6320856e-02   8.3697813e-01
   3.6440410e-02   8.3896620e-01
   3.6770977e-02   8.4294235e-01
   3.6954249e-02   8.4493042e-01
   3.7203456e-02   8.4691849e-01
   3.7345080e-02   8.4890656e-01
   3.7745165e-02   8.5089463e-01
   3.7937787e-02   8.5288270e-01
   3.7976015e-02   8.5487078e-01
   3.7977851e-02   8.5685885e-01
   3.8234364e-02   8.5884692e-01
   3.9626027e-02   8.6083499e-01
   4.0324843e-02   8.6282306e-01
   4.0595409e-02   8.6481113e-01
   4.0833012e-02   8.6679920e-01
   4.0835192e-02   8.6878728e-01
   4.0925368e-02   8.7077535e-01
   4.0961676e-02   8.7276342e-01
   4.1288570e-02   8.7475149e-01
   4.2037179e-02   8.7872763e-01
   4.2468733e-02   8.8071571e-01
   4.3092629e-02   8.8270378e-01
   4.4454439e-02   8.8469185e-01
   4.4507998e-02   8.8667992e-01
   4.4592444e-02   8.8866799e-01
   4.4838739e-02   8.9065606e-01
   4.5316399e-02   8.9264414e-01
   4.5716107e-02   8.9463221e-01
   4.6482191e-02   8.9662028e-01
   4.6781025e-02   8.9860835e-01
   4.6801850e-02   9.0059642e-01
   4.7121636e-02   9.0258449e-01
   4.7395163e-02   9.0457256e-01
   4.7834357e-02   9.0656064e-01
   4.8093258e-02   9.0854871e-01
   4.8328732e-02   9.1053678e-01
   4.8454903e-02   9.1252485e-01
   4.8496462e-02   9.1451292e-01
   4.8776872e-02   9.1650099e-01
   4.8909093e-02   9.1848907e-01
   4.9470407e-02   9.2047714e-01
   5.0269723e-02   9.2246521e-01
   5.0880750e-02   9.2445328e-01
   5.0930414e-02   9.2644135e-01
   5.0971025e-02   9.2842942e-01
   5.1349827e-02   9.3041750e-01
   5.1641114e-02   9.3240557e-01
   5.1656445e-02   9.3439364e-01
   5.2449908e-02   9.3638171e-01
   5.2837957e-02   9.3836978e-01
   5.3350885e-02   9.4035785e-01
   5.3548706e-02   9.4234592e-01
   5.4542192e-02   9.4433400e-01
   5.5052913e-02   9.4632207e-01
   5.6229396e-02   9.4831014e-01
   5.8402664e-02   9.5029821e-01
   6.0367166e-02   9.5228628e-01
   6.2946904e-02   9.5427435e-01
   6.4053151e-02   9.5626243e-01
   6.5342670e-02   9.5825050e-01
   6.7154091e-02   9.6023857e-01
   6.8532873e-02   9.6222664e-01
   7.0214115e-02   9.6421471e-01
   7.1522267e-02   9.6620278e-01
   7.2033438e-02   9.6819085e-01
   7.2355896e-02   9.7017893e-01
   7.3016849e-02   9.7216700e-01
   7.8599239e-02   9.7415507e-01
   7.9371362e-02   9.7614314e-01
   8.2298132e-02   9.7813121e-01
   8.6511002e-02   9.8011928e-01
   9.1143025e-02   9.8210736e-01
   9.7199436e-02   9.8409543e-01
   9.9479641e-02   9.8608350e-01
   1.0403302e-01   9.8807157e-01
   1.0471145e-01   9.9005964e-01
   1.0576347e-01   9.9204771e-01
   1.1061862e-01   9.9403579e-01
   1.1230561e-01   9.9602386e-01
   1.1242024e-01   9.9801193e-01
   1.1817886e-01   1.0000000e+00
