   4.7616000e-03   0.0000000e+00
   4.7616000e-03   1.9455253e-03
   6.2272000e-03   1.3618677e-02
   6.9600000e-03   1.7509728e-02
   7.3264000e-03   2.3346304e-02
   7.6920000e-03   3.6964981e-02
   8.0584000e-03   5.2529183e-02
   8.7912000e-03   6.8093385e-02
   9.1576000e-03   7.3929961e-02
   9.5240000e-03   7.9766537e-02
   9.8904000e-03   8.7548638e-02
   1.0256800e-02   9.1439689e-02
   1.0622400e-02   1.0311284e-01
   1.0988800e-02   1.1867704e-01
   1.1355200e-02   1.4396887e-01
   1.1721600e-02   1.5369650e-01
   1.2088000e-02   1.6342412e-01
   1.2454400e-02   1.8871595e-01
   1.2820800e-02   1.9455253e-01
   1.3187200e-02   2.0817121e-01
   1.3552800e-02   2.3151751e-01
   1.3919200e-02   2.5097276e-01
   1.4285600e-02   2.6264591e-01
   1.4652000e-02   2.8210117e-01
   1.5018400e-02   3.1322957e-01
   1.5384800e-02   3.3268482e-01
   1.5751200e-02   3.5408560e-01
   1.6117600e-02   3.7743191e-01
   1.6483200e-02   3.8521401e-01
   1.6849600e-02   4.0077821e-01
   1.7216000e-02   4.1634241e-01
   1.7582400e-02   4.5136187e-01
   1.7948800e-02   4.6498054e-01
   1.8315200e-02   4.8054475e-01
   1.8681600e-02   5.0194553e-01
   1.9048000e-02   5.1945525e-01
   1.9413600e-02   5.3501946e-01
   1.9780000e-02   5.4280156e-01
   2.0146400e-02   5.5447471e-01
   2.0512800e-02   5.6809339e-01
   2.0879200e-02   5.7782101e-01
   2.1245600e-02   6.1284047e-01
   2.1612000e-02   6.2062257e-01
   2.1978400e-02   6.3229572e-01
   2.2344000e-02   6.4202335e-01
   2.2710400e-02   6.5564202e-01
   2.3076800e-02   6.7509728e-01
   2.3443200e-02   6.8093385e-01
   2.3809600e-02   6.9260700e-01
   2.4176000e-02   7.0233463e-01
   2.4542400e-02   7.0817121e-01
   2.4908000e-02   7.1206226e-01
   2.5274400e-02   7.1789883e-01
   2.5640800e-02   7.2957198e-01
   2.6007200e-02   7.3735409e-01
   2.6373600e-02   7.3929961e-01
   2.6740000e-02   7.4708171e-01
   2.7106400e-02   7.5680934e-01
   2.7472800e-02   7.6070039e-01
   2.7839200e-02   7.6264591e-01
   2.8204800e-02   7.6848249e-01
   2.8571200e-02   7.7042802e-01
   2.9304000e-02   7.7431907e-01
   2.9670400e-02   7.8015564e-01
   3.0036800e-02   7.9182879e-01
   3.0403200e-02   7.9766537e-01
   3.1135200e-02   8.0350195e-01
   3.1501600e-02   8.0933852e-01
   3.1868000e-02   8.1128405e-01
   3.2234400e-02   8.1322957e-01
   3.2600800e-02   8.1712062e-01
   3.2967200e-02   8.1906615e-01
   3.3700000e-02   8.2101167e-01
   3.4432000e-02   8.2490272e-01
   3.4798400e-02   8.2684825e-01
   3.5164800e-02   8.3073930e-01
   3.5531200e-02   8.3463035e-01
   3.5897600e-02   8.3657588e-01
   3.6264000e-02   8.4824903e-01
   3.6996000e-02   8.5214008e-01
   3.7362400e-02   8.5797665e-01
   3.7728800e-02   8.6186770e-01
   3.8095200e-02   8.6575875e-01
   3.8461600e-02   8.6964981e-01
   3.8828000e-02   8.7159533e-01
   3.9194400e-02   8.7354086e-01
   3.9560800e-02   8.7548638e-01
   3.9926400e-02   8.7743191e-01
   4.0292800e-02   8.8326848e-01
   4.0659200e-02   8.8715953e-01
   4.1025600e-02   8.8910506e-01
   4.1392000e-02   8.9299611e-01
   4.1758400e-02   9.0077821e-01
   4.2491200e-02   9.0661479e-01
   4.2856800e-02   9.0856031e-01
   4.3589600e-02   9.1050584e-01
   4.4322400e-02   9.1828794e-01
   4.4688800e-02   9.2217899e-01
   4.5055200e-02   9.2607004e-01
   4.5421600e-02   9.2801556e-01
   4.6153600e-02   9.2996109e-01
   4.6520000e-02   9.3190661e-01
   4.6886400e-02   9.3385214e-01
   4.7252800e-02   9.3968872e-01
   4.7619200e-02   9.4163424e-01
   4.7985600e-02   9.4357977e-01
   4.8352000e-02   9.4552529e-01
   4.8717600e-02   9.4747082e-01
   4.9084000e-02   9.4941634e-01
   4.9450400e-02   9.5136187e-01
   5.1282400e-02   9.5719844e-01
   5.2014400e-02   9.5914397e-01
   5.2747200e-02   9.6108949e-01
   5.3480000e-02   9.6303502e-01
   5.3846400e-02   9.6498054e-01
   5.4212800e-02   9.6887160e-01
   5.4944800e-02   9.7081712e-01
   5.6410400e-02   9.7276265e-01
   5.6776800e-02   9.7470817e-01
   5.8608000e-02   9.7665370e-01
   5.8974400e-02   9.7859922e-01
   5.9340800e-02   9.8054475e-01
   6.0073600e-02   9.8249027e-01
   6.0805600e-02   9.8443580e-01
   6.1172000e-02   9.8638132e-01
   6.5934400e-02   9.8832685e-01
   6.6300800e-02   9.9027237e-01
   6.8864800e-02   9.9221790e-01
   7.6190400e-02   9.9416342e-01
   8.1318400e-02   9.9610895e-01
   9.3772800e-02   9.9805447e-01
   1.0842480e-01   1.0000000e+00
