   2.4368000e-03   0.0000000e+00
   2.4368000e-03   1.9230769e-03
   3.8296000e-03   1.5384615e-02
   4.1776000e-03   1.9230769e-02
   4.5256000e-03   3.2692308e-02
   4.8736000e-03   3.6538462e-02
   5.2216000e-03   5.1923077e-02
   5.5704000e-03   6.5384615e-02
   5.9184000e-03   8.8461538e-02
   6.2664000e-03   1.0192308e-01
   6.6144000e-03   1.1538462e-01
   6.9624000e-03   1.3269231e-01
   7.3104000e-03   1.5961538e-01
   7.6592000e-03   1.8653846e-01
   8.0072000e-03   1.9615385e-01
   8.3552000e-03   2.1923077e-01
   8.7032000e-03   2.2500000e-01
   9.0512000e-03   2.6538462e-01
   9.3992000e-03   2.7884615e-01
   9.7472000e-03   3.0192308e-01
   1.0096000e-02   3.1153846e-01
   1.0444000e-02   3.3076923e-01
   1.0792000e-02   3.4230769e-01
   1.1140000e-02   3.6153846e-01
   1.1488000e-02   3.7115385e-01
   1.1836000e-02   3.9038462e-01
   1.2184800e-02   4.0961538e-01
   1.2532800e-02   4.2500000e-01
   1.2880800e-02   4.3846154e-01
   1.3228800e-02   4.5000000e-01
   1.3576800e-02   4.6538462e-01
   1.3924800e-02   4.7307692e-01
   1.4273600e-02   4.9423077e-01
   1.4621600e-02   5.0576923e-01
   1.4969600e-02   5.3076923e-01
   1.5317600e-02   5.4423077e-01
   1.5665600e-02   5.5384615e-01
   1.6013600e-02   5.6346154e-01
   1.6362400e-02   5.8076923e-01
   1.6710400e-02   5.9423077e-01
   1.7058400e-02   6.0000000e-01
   1.7406400e-02   6.0961538e-01
   1.7754400e-02   6.1538462e-01
   1.8102400e-02   6.2307692e-01
   1.8451200e-02   6.2884615e-01
   1.8799200e-02   6.4038462e-01
   1.9147200e-02   6.4807692e-01
   1.9495200e-02   6.5576923e-01
   1.9843200e-02   6.5961538e-01
   2.0191200e-02   6.7115385e-01
   2.0539200e-02   6.7884615e-01
   2.0888000e-02   6.8269231e-01
   2.1236000e-02   6.9038462e-01
   2.1584000e-02   6.9615385e-01
   2.1932000e-02   7.1346154e-01
   2.2280000e-02   7.1538462e-01
   2.2628800e-02   7.2500000e-01
   2.2976800e-02   7.2884615e-01
   2.3324800e-02   7.3461538e-01
   2.3672800e-02   7.3653846e-01
   2.4020800e-02   7.4615385e-01
   2.4368800e-02   7.5000000e-01
   2.4716800e-02   7.5384615e-01
   2.5065600e-02   7.5576923e-01
   2.5413600e-02   7.6538462e-01
   2.5761600e-02   7.7115385e-01
   2.6109600e-02   7.7307692e-01
   2.6457600e-02   7.7692308e-01
   2.6805600e-02   7.8653846e-01
   2.7154400e-02   8.0384615e-01
   2.7850400e-02   8.0961538e-01
   2.8198400e-02   8.1346154e-01
   2.8546400e-02   8.1923077e-01
   2.8894400e-02   8.2307692e-01
   2.9591200e-02   8.3653846e-01
   2.9939200e-02   8.3846154e-01
   3.0287200e-02   8.4615385e-01
   3.0635200e-02   8.4807692e-01
   3.0983200e-02   8.5384615e-01
   3.1331200e-02   8.5576923e-01
   3.1680000e-02   8.6153846e-01
   3.2028000e-02   8.6346154e-01
   3.2376000e-02   8.6730769e-01
   3.3420800e-02   8.7115385e-01
   3.3768800e-02   8.7307692e-01
   3.4116800e-02   8.7500000e-01
   3.4464800e-02   8.7692308e-01
   3.4812800e-02   8.7884615e-01
   3.5508800e-02   8.8461538e-01
   3.5857600e-02   8.8846154e-01
   3.6205600e-02   8.9423077e-01
   3.6901600e-02   8.9615385e-01
   3.7249600e-02   8.9807692e-01
   3.7597600e-02   9.0384615e-01
   3.7946400e-02   9.0769231e-01
   3.8294400e-02   9.1153846e-01
   3.8642400e-02   9.1538462e-01
   3.9338400e-02   9.1923077e-01
   4.0034400e-02   9.2115385e-01
   4.0731200e-02   9.2307692e-01
   4.1079200e-02   9.2692308e-01
   4.1775200e-02   9.2884615e-01
   4.3516000e-02   9.3076923e-01
   4.4560800e-02   9.3653846e-01
   4.4908800e-02   9.3846154e-01
   4.5256800e-02   9.4230769e-01
   4.5604800e-02   9.4423077e-01
   4.6300800e-02   9.4615385e-01
   4.7693600e-02   9.4807692e-01
   4.8737600e-02   9.5000000e-01
   4.9086400e-02   9.5384615e-01
   4.9434400e-02   9.5576923e-01
   5.0478400e-02   9.5769231e-01
   5.0827200e-02   9.5961538e-01
   5.1871200e-02   9.6153846e-01
   5.2915200e-02   9.6538462e-01
   5.3612000e-02   9.6730769e-01
   5.4308000e-02   9.6923077e-01
   5.5700800e-02   9.7115385e-01
   5.6744800e-02   9.7307692e-01
   5.8137600e-02   9.7500000e-01
   6.0922400e-02   9.7692308e-01
   6.2315200e-02   9.7884615e-01
   6.2663200e-02   9.8076923e-01
   6.3359200e-02   9.8269231e-01
   6.4752000e-02   9.8461538e-01
   6.5100000e-02   9.8653846e-01
   6.6144800e-02   9.8846154e-01
   6.6492800e-02   9.9038462e-01
   7.4848000e-02   9.9230769e-01
   7.5544000e-02   9.9423077e-01
   7.9024800e-02   9.9615385e-01
   8.9120800e-02   9.9807692e-01
   9.4343200e-02   1.0000000e+00
