   1.5472000e-03   0.0000000e+00
   1.5472000e-03   2.6595745e-03
   1.9344000e-03   5.3191489e-03
   2.3208000e-03   1.5957447e-02
   2.7080000e-03   2.1276596e-02
   3.0944000e-03   3.9893617e-02
   3.4816000e-03   5.0531915e-02
   3.8688000e-03   7.1808511e-02
   4.2552000e-03   7.9787234e-02
   4.6424000e-03   9.5744681e-02
   5.0288000e-03   1.2765957e-01
   5.4160000e-03   1.3031915e-01
   5.8024000e-03   1.4893617e-01
   6.1896000e-03   1.7553191e-01
   6.5768000e-03   1.8882979e-01
   6.9632000e-03   2.1808511e-01
   7.3504000e-03   2.6861702e-01
   7.7368000e-03   2.9521277e-01
   8.1240000e-03   3.1914894e-01
   8.5104000e-03   3.5372340e-01
   8.8976000e-03   3.8563830e-01
   9.2840000e-03   4.0425532e-01
   9.6712000e-03   4.1489362e-01
   1.0058400e-02   4.4680851e-01
   1.0444800e-02   4.4946809e-01
   1.0832000e-02   4.5744681e-01
   1.1218400e-02   4.7606383e-01
   1.1605600e-02   4.9468085e-01
   1.1992000e-02   5.0265957e-01
   1.2379200e-02   5.1861702e-01
   1.2765600e-02   5.2393617e-01
   1.3152800e-02   5.4255319e-01
   1.3540000e-02   5.4521277e-01
   1.3926400e-02   5.5319149e-01
   1.4313600e-02   5.6648936e-01
   1.4700000e-02   5.8244681e-01
   1.5087200e-02   5.9308511e-01
   1.5473600e-02   5.9840426e-01
   1.6248000e-02   6.0904255e-01
   1.6634400e-02   6.1170213e-01
   1.7408000e-02   6.2234043e-01
   1.7795200e-02   6.2500000e-01
   1.8181600e-02   6.3297872e-01
   1.8568800e-02   6.5425532e-01
   1.8955200e-02   6.6223404e-01
   1.9342400e-02   6.6489362e-01
   1.9728800e-02   6.6755319e-01
   2.0116000e-02   6.7021277e-01
   2.0503200e-02   6.7553191e-01
   2.0889600e-02   6.7819149e-01
   2.1276800e-02   6.8882979e-01
   2.1663200e-02   6.9148936e-01
   2.2436800e-02   7.0212766e-01
   2.2824000e-02   7.0478723e-01
   2.3597600e-02   7.1542553e-01
   2.3984800e-02   7.1808511e-01
   2.4371200e-02   7.2872340e-01
   2.4758400e-02   7.3404255e-01
   2.5144800e-02   7.3670213e-01
   2.5532000e-02   7.3936170e-01
   2.5918400e-02   7.4468085e-01
   2.6305600e-02   7.5265957e-01
   2.6692800e-02   7.5797872e-01
   2.8240000e-02   7.6595745e-01
   2.8626400e-02   7.6861702e-01
   2.9013600e-02   7.7127660e-01
   2.9400000e-02   7.7393617e-01
   2.9787200e-02   7.7925532e-01
   3.0174400e-02   7.8191489e-01
   3.0560800e-02   7.8457447e-01
   3.1721600e-02   7.8989362e-01
   3.2108000e-02   7.9255319e-01
   3.2495200e-02   7.9521277e-01
   3.3268800e-02   7.9787234e-01
   3.4042400e-02   8.0585106e-01
   3.4816000e-02   8.1382979e-01
   3.5976800e-02   8.1648936e-01
   3.6364000e-02   8.1914894e-01
   3.7137600e-02   8.2180851e-01
   3.7524000e-02   8.2446809e-01
   3.9458400e-02   8.2712766e-01
   3.9845600e-02   8.2978723e-01
   4.0619200e-02   8.3776596e-01
   4.1779200e-02   8.4042553e-01
   4.2166400e-02   8.4308511e-01
   4.2553600e-02   8.4574468e-01
   4.3327200e-02   8.5372340e-01
   4.4874400e-02   8.5638298e-01
   4.6034400e-02   8.5904255e-01
   4.6421600e-02   8.6170213e-01
   4.6808800e-02   8.6702128e-01
   4.7968800e-02   8.6968085e-01
   4.8356000e-02   8.7234043e-01
   4.9903200e-02   8.7500000e-01
   5.0676800e-02   8.7765957e-01
   5.1064000e-02   8.8031915e-01
   5.1450400e-02   8.8297872e-01
   5.1837600e-02   8.8829787e-01
   5.2611200e-02   8.9095745e-01
   5.2998400e-02   8.9361702e-01
   5.3772000e-02   8.9627660e-01
   5.4932000e-02   9.0159574e-01
   5.5705600e-02   9.0691489e-01
   5.6480000e-02   9.0957447e-01
   5.9187200e-02   9.1489362e-01
   5.9961600e-02   9.2021277e-01
   6.1121600e-02   9.3085106e-01
   6.1508800e-02   9.3351064e-01
   6.3056000e-02   9.3882979e-01
   6.3443200e-02   9.4148936e-01
   6.3829600e-02   9.4414894e-01
   6.4603200e-02   9.4680851e-01
   6.4990400e-02   9.4946809e-01
   6.6537600e-02   9.5212766e-01
   6.7698400e-02   9.5478723e-01
   7.0406400e-02   9.5744681e-01
   7.0792800e-02   9.6010638e-01
   7.3888000e-02   9.6276596e-01
   7.8916800e-02   9.6542553e-01
   8.2785600e-02   9.6808511e-01
   8.3945600e-02   9.7074468e-01
   8.9748800e-02   9.7340426e-01
   9.0522400e-02   9.7872340e-01
   9.2069600e-02   9.8138298e-01
   9.2843200e-02   9.8404255e-01
   9.6324800e-02   9.8670213e-01
   9.7485600e-02   9.8936170e-01
   9.9420000e-02   9.9202128e-01
   1.1837520e-01   9.9468085e-01
   1.2495200e-01   9.9734043e-01
   1.3346240e-01   1.0000000e+00
