   3.6512000e-03   0.0000000e+00
   3.6512000e-03   2.9585799e-02
   3.9832000e-03   4.7337278e-02
   4.9792000e-03   1.6568047e-01
   5.6432000e-03   1.8343195e-01
   5.9752000e-03   1.9526627e-01
   6.3072000e-03   2.7218935e-01
   6.9712000e-03   2.7810651e-01
   7.3032000e-03   3.0769231e-01
   7.6352000e-03   3.6094675e-01
   8.2984000e-03   3.6686391e-01
   8.6304000e-03   3.9644970e-01
   8.9624000e-03   4.2011834e-01
   9.6264000e-03   4.2603550e-01
   9.9584000e-03   4.9112426e-01
   1.0290400e-02   4.9704142e-01
   1.0622400e-02   5.0887574e-01
   1.1286400e-02   5.4437870e-01
   1.1618400e-02   5.5029586e-01
   1.2282400e-02   5.5621302e-01
   1.2614400e-02   5.8579882e-01
   1.2946400e-02   5.9171598e-01
   1.3278400e-02   5.9763314e-01
   1.3609600e-02   6.2721893e-01
   1.3941600e-02   6.4497041e-01
   1.4273600e-02   6.5088757e-01
   1.4937600e-02   6.6272189e-01
   1.5269600e-02   6.6863905e-01
   1.5601600e-02   6.7455621e-01
   1.6265600e-02   6.8047337e-01
   1.6929600e-02   6.8639053e-01
   1.7261600e-02   6.9230769e-01
   1.7593600e-02   6.9822485e-01
   1.7925600e-02   7.0414201e-01
   1.8920800e-02   7.1005917e-01
   1.9916800e-02   7.2189349e-01
   2.0248800e-02   7.3964497e-01
   2.1244800e-02   7.4556213e-01
   2.1908800e-02   7.5147929e-01
   2.2240800e-02   7.5739645e-01
   2.2572800e-02   7.6331361e-01
   2.3568800e-02   7.8106509e-01
   2.3900000e-02   7.8698225e-01
   2.5560000e-02   7.9289941e-01
   2.6888000e-02   7.9881657e-01
   2.8548000e-02   8.0473373e-01
   3.0207200e-02   8.1065089e-01
   3.0539200e-02   8.1656805e-01
   3.0871200e-02   8.2248521e-01
   3.3195200e-02   8.3431953e-01
   3.3527200e-02   8.4023669e-01
   3.4522400e-02   8.4615385e-01
   3.4855200e-02   8.5207101e-01
   3.7178400e-02   8.5798817e-01
   3.7510400e-02   8.6390533e-01
   3.8174400e-02   8.6982249e-01
   3.8838400e-02   8.7573964e-01
   4.4149600e-02   8.8165680e-01
   4.5808800e-02   8.8757396e-01
   4.8796800e-02   8.9349112e-01
   4.9128800e-02   8.9940828e-01
   5.2448000e-02   9.0532544e-01
   5.5104000e-02   9.1124260e-01
   5.7427200e-02   9.1715976e-01
   6.7053600e-02   9.2307692e-01
   7.1037600e-02   9.2899408e-01
   7.3028800e-02   9.3491124e-01
   7.5020800e-02   9.4082840e-01
   7.7012800e-02   9.4674556e-01
   8.5311200e-02   9.5266272e-01
   1.4141040e-01   9.5857988e-01
   1.5070560e-01   9.6449704e-01
   1.5535280e-01   9.7041420e-01
   1.6763520e-01   9.7633136e-01
   1.6829840e-01   9.8224852e-01
   1.9120320e-01   9.8816568e-01
   1.9784240e-01   9.9408284e-01
   2.1178400e-01   1.0000000e+00
