   5.1776000e-03   0.0000000e+00
   5.1776000e-03   6.4516129e-03
   6.4728000e-03   1.9354839e-02
   6.9040000e-03   3.2258065e-02
   8.6304000e-03   3.8709677e-02
   1.1219200e-02   5.1612903e-02
   1.2081600e-02   5.8064516e-02
   1.2513600e-02   7.0967742e-02
   1.2944800e-02   8.3870968e-02
   1.3376800e-02   9.6774194e-02
   1.3808000e-02   1.0322581e-01
   1.5102400e-02   1.1612903e-01
   1.5534400e-02   1.2258065e-01
   1.5965600e-02   1.4838710e-01
   1.6396800e-02   1.6129032e-01
   1.6828800e-02   1.6774194e-01
   1.7691200e-02   1.7419355e-01
   1.8554400e-02   1.8064516e-01
   1.9848800e-02   1.8709677e-01
   2.0280800e-02   2.1290323e-01
   2.0712000e-02   2.3225806e-01
   2.1143200e-02   2.5161290e-01
   2.2006400e-02   2.5806452e-01
   2.2437600e-02   2.7741935e-01
   2.2869600e-02   2.8387097e-01
   2.4164000e-02   2.9677419e-01
   2.4595200e-02   3.2258065e-01
   2.5027200e-02   3.3548387e-01
   2.5458400e-02   3.4838710e-01
   2.5890400e-02   3.6129032e-01
   2.6321600e-02   3.6774194e-01
   2.6752800e-02   3.7419355e-01
   2.7184800e-02   3.8064516e-01
   2.7616000e-02   3.9354839e-01
   2.8047200e-02   4.0000000e-01
   2.8910400e-02   4.1935484e-01
   2.9342400e-02   4.2580645e-01
   3.0636800e-02   4.3870968e-01
   3.1068000e-02   4.4516129e-01
   3.1931200e-02   4.5806452e-01
   3.2362400e-02   4.7096774e-01
   3.3225600e-02   4.7741935e-01
   3.4088800e-02   4.8387097e-01
   3.4520000e-02   4.9032258e-01
   3.4951200e-02   5.0967742e-01
   3.5814400e-02   5.1612903e-01
   3.6245600e-02   5.2903226e-01
   3.6677600e-02   5.3548387e-01
   3.7108800e-02   5.4193548e-01
   3.7540800e-02   5.6129032e-01
   4.0129600e-02   5.7419355e-01
   4.0560800e-02   5.8064516e-01
   4.0992800e-02   5.8709677e-01
   4.1424000e-02   5.9354839e-01
   4.2718400e-02   6.0000000e-01
   4.3149600e-02   6.0645161e-01
   4.3581600e-02   6.1290323e-01
   4.4444800e-02   6.1935484e-01
   4.4876000e-02   6.3225806e-01
   4.5739200e-02   6.4516129e-01
   4.6170400e-02   6.5806452e-01
   4.7464800e-02   6.6451613e-01
   4.7896800e-02   6.7096774e-01
   4.8328000e-02   6.7741935e-01
   4.8759200e-02   6.9677419e-01
   4.9191200e-02   7.0322581e-01
   4.9622400e-02   7.0967742e-01
   5.0053600e-02   7.2258065e-01
   5.0485600e-02   7.3548387e-01
   5.0916800e-02   7.4193548e-01
   5.1348800e-02   7.5483871e-01
   5.1780000e-02   7.7419355e-01
   5.3505600e-02   7.8064516e-01
   5.5232000e-02   7.8709677e-01
   5.5663200e-02   7.9354839e-01
   5.6957600e-02   8.0000000e-01
   5.9978400e-02   8.0645161e-01
   6.0841600e-02   8.1290323e-01
   6.1272800e-02   8.1935484e-01
   6.3861600e-02   8.2580645e-01
   6.4293600e-02   8.3225806e-01
   6.6019200e-02   8.3870968e-01
   6.6451200e-02   8.4516129e-01
   6.7313600e-02   8.5161290e-01
   6.8608800e-02   8.6451613e-01
   7.0765600e-02   8.7096774e-01
   7.3786400e-02   8.7741935e-01
   7.5512800e-02   8.8387097e-01
   7.8532800e-02   8.9032258e-01
   8.5005600e-02   9.0322581e-01
   8.5868000e-02   9.0967742e-01
   8.7594400e-02   9.1612903e-01
   8.8888800e-02   9.2258065e-01
   8.9752000e-02   9.2903226e-01
   9.1477600e-02   9.3548387e-01
   9.7519200e-02   9.4193548e-01
   9.8813600e-02   9.4838710e-01
   1.0140240e-01   9.5483871e-01
   1.1262160e-01   9.6129032e-01
   1.2125120e-01   9.6774194e-01
   1.2470320e-01   9.7419355e-01
   1.2556640e-01   9.8064516e-01
   1.3808000e-01   9.8709677e-01
   1.6699040e-01   9.9354839e-01
   1.7260000e-01   1.0000000e+00
