   3.1192000e-03   0.0000000e+00
   3.1192000e-03   4.4247788e-03
   3.5088000e-03   7.3746313e-03
   3.8984000e-03   1.4749263e-02
   4.2888000e-03   3.0973451e-02
   4.6784000e-03   3.6873156e-02
   5.0680000e-03   6.3421829e-02
   5.4584000e-03   7.6696165e-02
   5.8480000e-03   9.7345133e-02
   6.2376000e-03   1.5486726e-01
   6.6280000e-03   1.7846608e-01
   7.0176000e-03   2.1828909e-01
   7.4072000e-03   2.6991150e-01
   7.7976000e-03   2.9351032e-01
   8.1872000e-03   3.4808260e-01
   8.5768000e-03   3.8348083e-01
   8.9672000e-03   4.1002950e-01
   9.3568000e-03   4.3657817e-01
   9.7464000e-03   4.5280236e-01
   1.0136800e-02   4.8967552e-01
   1.0526400e-02   5.1917404e-01
   1.0916000e-02   5.3097345e-01
   1.1306400e-02   5.5457227e-01
   1.1696000e-02   5.7227139e-01
   1.2085600e-02   5.8702065e-01
   1.2476000e-02   6.0766962e-01
   1.2865600e-02   6.1651917e-01
   1.3255200e-02   6.2979351e-01
   1.3644800e-02   6.4454277e-01
   1.4035200e-02   6.5339233e-01
   1.4424800e-02   6.7551622e-01
   1.4815200e-02   6.8141593e-01
   1.5204800e-02   6.9174041e-01
   1.5594400e-02   7.0501475e-01
   1.5984800e-02   7.1238938e-01
   1.6374400e-02   7.2713864e-01
   1.6764000e-02   7.2861357e-01
   1.7153600e-02   7.3156342e-01
   1.7544000e-02   7.3746313e-01
   1.7933600e-02   7.4188791e-01
   1.8324000e-02   7.4631268e-01
   1.8713600e-02   7.5811209e-01
   1.9103200e-02   7.5958702e-01
   1.9492800e-02   7.7138643e-01
   1.9883200e-02   7.8023599e-01
   2.0272800e-02   7.8613569e-01
   2.0663200e-02   7.9203540e-01
   2.1052800e-02   7.9941003e-01
   2.1442400e-02   8.0678466e-01
   2.1832000e-02   8.1563422e-01
   2.2612000e-02   8.1858407e-01
   2.3001600e-02   8.2448378e-01
   2.3781600e-02   8.2890855e-01
   2.4171200e-02   8.3185841e-01
   2.4561600e-02   8.3333333e-01
   2.4951200e-02   8.3480826e-01
   2.5340800e-02   8.3775811e-01
   2.5731200e-02   8.4218289e-01
   2.6120800e-02   8.4660767e-01
   2.6510400e-02   8.5103245e-01
   2.6900800e-02   8.5545723e-01
   2.7680000e-02   8.5840708e-01
   2.8460000e-02   8.6135693e-01
   2.8849600e-02   8.6578171e-01
   2.9629600e-02   8.7020649e-01
   3.0019200e-02   8.7168142e-01
   3.0799200e-02   8.7463127e-01
   3.1188800e-02   8.7758112e-01
   3.1579200e-02   8.8053097e-01
   3.1968800e-02   8.8200590e-01
   3.2358400e-02   8.8348083e-01
   3.2748800e-02   8.8643068e-01
   3.3138400e-02   8.9085546e-01
   3.3528000e-02   8.9380531e-01
   3.3918400e-02   8.9528024e-01
   3.4308000e-02   8.9675516e-01
   3.4697600e-02   8.9823009e-01
   3.5477600e-02   9.0265487e-01
   3.5867200e-02   9.0560472e-01
   3.6257600e-02   9.0855457e-01
   3.6647200e-02   9.1150442e-01
   3.7036800e-02   9.1592920e-01
   3.7427200e-02   9.2035398e-01
   3.8596800e-02   9.2182891e-01
   3.8986400e-02   9.2477876e-01
   4.2495200e-02   9.2772861e-01
   4.2884800e-02   9.2920354e-01
   4.4444800e-02   9.3215339e-01
   4.5224000e-02   9.3362832e-01
   4.6004000e-02   9.3510324e-01
   4.6393600e-02   9.3657817e-01
   4.6783200e-02   9.4100295e-01
   4.7173600e-02   9.4247788e-01
   4.7563200e-02   9.4542773e-01
   4.7953600e-02   9.4690265e-01
   4.8343200e-02   9.4837758e-01
   4.9512800e-02   9.4985251e-01
   4.9902400e-02   9.5132743e-01
   5.1852000e-02   9.5280236e-01
   5.3801600e-02   9.5427729e-01
   5.4580800e-02   9.5722714e-01
   5.4970400e-02   9.6017699e-01
   5.5360800e-02   9.6165192e-01
   5.6530400e-02   9.6312684e-01
   5.8089600e-02   9.6607670e-01
   5.8479200e-02   9.6755162e-01
   5.9648800e-02   9.6902655e-01
   6.0818400e-02   9.7050147e-01
   6.1208800e-02   9.7197640e-01
   6.1988000e-02   9.7345133e-01
   6.9785600e-02   9.7492625e-01
   7.2514400e-02   9.7640118e-01
   7.4853600e-02   9.7787611e-01
   7.9532000e-02   9.7935103e-01
   8.0701600e-02   9.8082596e-01
   8.1481600e-02   9.8230088e-01
   8.3820800e-02   9.8525074e-01
   8.4210400e-02   9.8672566e-01
   8.4600000e-02   9.8820059e-01
   9.2008000e-02   9.8967552e-01
   9.4347200e-02   9.9115044e-01
   9.5516800e-02   9.9262537e-01
   9.8245600e-02   9.9410029e-01
   1.0799200e-01   9.9557522e-01
   1.1890800e-01   9.9705015e-01
   1.2163760e-01   9.9852507e-01
   1.2670560e-01   1.0000000e+00
