   4.0728000e-03   0.0000000e+00
   4.0728000e-03   3.3898305e-03
   4.9776000e-03   1.3559322e-02
   5.4296000e-03   2.3728814e-02
   5.8824000e-03   4.0677966e-02
   6.3352000e-03   5.0847458e-02
   6.7872000e-03   5.7627119e-02
   7.2400000e-03   7.1186441e-02
   7.6920000e-03   8.1355932e-02
   8.1448000e-03   1.0169492e-01
   8.5976000e-03   1.1186441e-01
   9.0496000e-03   1.1525424e-01
   9.5024000e-03   1.2542373e-01
   9.9544000e-03   1.4576271e-01
   1.0407200e-02   1.4915254e-01
   1.0860000e-02   1.6271186e-01
   1.1312000e-02   1.6949153e-01
   1.1764800e-02   1.8305085e-01
   1.2217600e-02   1.9661017e-01
   1.2669600e-02   2.1355932e-01
   1.3122400e-02   2.3050847e-01
   1.3574400e-02   2.4067797e-01
   1.4027200e-02   2.6440678e-01
   1.4480000e-02   2.7796610e-01
   1.4932000e-02   2.9830508e-01
   1.5384800e-02   3.1864407e-01
   1.5836800e-02   3.3220339e-01
   1.6289600e-02   3.5593220e-01
   1.6742400e-02   3.6610169e-01
   1.7194400e-02   3.8305085e-01
   1.7647200e-02   3.9322034e-01
   1.8099200e-02   4.2033898e-01
   1.8552000e-02   4.2711864e-01
   1.9004800e-02   4.3728814e-01
   1.9456800e-02   4.4067797e-01
   1.9909600e-02   4.5084746e-01
   2.0361600e-02   4.5762712e-01
   2.0814400e-02   4.6779661e-01
   2.1267200e-02   4.7796610e-01
   2.1719200e-02   4.9491525e-01
   2.2172000e-02   5.0847458e-01
   2.2624800e-02   5.1525424e-01
   2.3529600e-02   5.2203390e-01
   2.3981600e-02   5.4237288e-01
   2.4434400e-02   5.4915254e-01
   2.4887200e-02   5.6610169e-01
   2.5339200e-02   5.7288136e-01
   2.5792000e-02   5.7966102e-01
   2.6244000e-02   5.8983051e-01
   2.6696800e-02   6.0677966e-01
   2.7149600e-02   6.1355932e-01
   2.7601600e-02   6.2372881e-01
   2.8054400e-02   6.3389831e-01
   2.8506400e-02   6.4067797e-01
   2.8959200e-02   6.4406780e-01
   2.9412000e-02   6.6440678e-01
   2.9864000e-02   6.7457627e-01
   3.0316800e-02   6.8474576e-01
   3.0769600e-02   6.9152542e-01
   3.1221600e-02   6.9830508e-01
   3.1674400e-02   7.0169492e-01
   3.2126400e-02   7.0847458e-01
   3.2579200e-02   7.1186441e-01
   3.3032000e-02   7.2542373e-01
   3.3484000e-02   7.2881356e-01
   3.3936800e-02   7.3559322e-01
   3.4388800e-02   7.3898305e-01
   3.4841600e-02   7.4237288e-01
   3.5294400e-02   7.4915254e-01
   3.5746400e-02   7.5932203e-01
   3.6652000e-02   7.7288136e-01
   3.7104000e-02   7.7627119e-01
   3.7556800e-02   7.8644068e-01
   3.8461600e-02   8.0000000e-01
   3.8913600e-02   8.0677966e-01
   3.9819200e-02   8.1355932e-01
   4.0271200e-02   8.1694915e-01
   4.0724000e-02   8.2372881e-01
   4.1628800e-02   8.3728814e-01
   4.2081600e-02   8.4067797e-01
   4.2533600e-02   8.4406780e-01
   4.2986400e-02   8.4745763e-01
   4.3891200e-02   8.5084746e-01
   4.4796000e-02   8.5423729e-01
   4.5701600e-02   8.7118644e-01
   4.6606400e-02   8.7457627e-01
   4.7511200e-02   8.7796610e-01
   4.7964000e-02   8.8135593e-01
   4.8416000e-02   8.8474576e-01
   4.8868800e-02   8.9152542e-01
   4.9321600e-02   9.0169492e-01
   4.9773600e-02   9.0508475e-01
   5.0678400e-02   9.1186441e-01
   5.2940800e-02   9.1864407e-01
   5.3846400e-02   9.2203390e-01
   5.4298400e-02   9.2542373e-01
   5.4751200e-02   9.2881356e-01
   5.6108800e-02   9.3220339e-01
   5.6560800e-02   9.3559322e-01
   5.9276000e-02   9.3898305e-01
   6.0633600e-02   9.4237288e-01
   6.3348800e-02   9.4576271e-01
   6.3800800e-02   9.4915254e-01
   6.4253600e-02   9.5254237e-01
   6.6063200e-02   9.5593220e-01
   6.6516000e-02   9.5932203e-01
   6.7873600e-02   9.6271186e-01
   6.9231200e-02   9.6610169e-01
   6.9683200e-02   9.6949153e-01
   7.2398400e-02   9.7288136e-01
   7.4660800e-02   9.7627119e-01
   7.5565600e-02   9.7966102e-01
   7.6923200e-02   9.8305085e-01
   7.8280800e-02   9.8644068e-01
   9.1402400e-02   9.8983051e-01
   9.9547200e-02   9.9322034e-01
   1.0090480e-01   9.9661017e-01
   1.1764720e-01   1.0000000e+00
