   2.7088000e-03   0.0000000e+00
   2.7088000e-03   1.3495277e-03
   3.6120000e-03   2.6990553e-03
   4.0632000e-03   5.3981107e-03
   4.5144000e-03   8.0971660e-03
   4.9664000e-03   1.8893387e-02
   5.4176000e-03   4.3184885e-02
   5.8688000e-03   5.5330634e-02
   6.3208000e-03   7.8272605e-02
   6.7720000e-03   1.0796221e-01
   7.2232000e-03   1.2415655e-01
   7.6752000e-03   1.5384615e-01
   8.1264000e-03   1.7543860e-01
   8.5776000e-03   1.9028340e-01
   9.0296000e-03   2.0917679e-01
   9.4808000e-03   2.3481781e-01
   9.9320000e-03   2.5101215e-01
   1.0384000e-02   2.7935223e-01
   1.0835200e-02   2.9554656e-01
   1.1286400e-02   3.1174089e-01
   1.1738400e-02   3.2928475e-01
   1.2189600e-02   3.4682861e-01
   1.2640800e-02   3.6842105e-01
   1.3092800e-02   3.8326586e-01
   1.3544000e-02   3.9811066e-01
   1.3995200e-02   4.1430499e-01
   1.4447200e-02   4.3184885e-01
   1.4898400e-02   4.5479082e-01
   1.5349600e-02   4.6558704e-01
   1.5801600e-02   4.8178138e-01
   1.6252800e-02   5.0067476e-01
   1.6704000e-02   5.1551957e-01
   1.7156000e-02   5.2631579e-01
   1.7607200e-02   5.3441296e-01
   1.8058400e-02   5.5060729e-01
   1.8510400e-02   5.5870445e-01
   1.8961600e-02   5.7219973e-01
   1.9412800e-02   5.8434548e-01
   1.9864800e-02   5.9244265e-01
   2.0316000e-02   6.0053981e-01
   2.0767200e-02   6.1943320e-01
   2.1219200e-02   6.2348178e-01
   2.1670400e-02   6.3157895e-01
   2.2121600e-02   6.3697706e-01
   2.2573600e-02   6.4372470e-01
   2.3024800e-02   6.4912281e-01
   2.3476000e-02   6.5452092e-01
   2.3928000e-02   6.6261808e-01
   2.4379200e-02   6.6801619e-01
   2.4830400e-02   6.8286100e-01
   2.5282400e-02   6.9095816e-01
   2.5733600e-02   6.9230769e-01
   2.6184800e-02   7.0310391e-01
   2.6636800e-02   7.1120108e-01
   2.7088000e-02   7.1794872e-01
   2.7539200e-02   7.2334683e-01
   2.7991200e-02   7.3144399e-01
   2.8442400e-02   7.3549258e-01
   2.8893600e-02   7.4493927e-01
   2.9345600e-02   7.5033738e-01
   2.9796800e-02   7.5303644e-01
   3.0248000e-02   7.5843455e-01
   3.0700000e-02   7.5978408e-01
   3.1151200e-02   7.6653171e-01
   3.1602400e-02   7.6923077e-01
   3.2054400e-02   7.7192982e-01
   3.2505600e-02   7.7597841e-01
   3.2956800e-02   7.7867746e-01
   3.3408800e-02   7.8002699e-01
   3.3860000e-02   7.9082321e-01
   3.4311200e-02   7.9487179e-01
   3.4763200e-02   8.0026991e-01
   3.5214400e-02   8.0701754e-01
   3.5665600e-02   8.0971660e-01
   3.6117600e-02   8.1376518e-01
   3.6568800e-02   8.1646424e-01
   3.7020000e-02   8.1916329e-01
   3.7472000e-02   8.2591093e-01
   3.7923200e-02   8.2860999e-01
   3.8374400e-02   8.3670715e-01
   3.8826400e-02   8.4210526e-01
   3.9277600e-02   8.4885290e-01
   3.9728800e-02   8.5155196e-01
   4.0180800e-02   8.5290148e-01
   4.0632000e-02   8.5695007e-01
   4.1986400e-02   8.5964912e-01
   4.2437600e-02   8.6099865e-01
   4.2889600e-02   8.6504723e-01
   4.3340800e-02   8.7044534e-01
   4.3792000e-02   8.7314440e-01
   4.4244000e-02   8.7719298e-01
   4.5146400e-02   8.7854251e-01
   4.5598400e-02   8.8124157e-01
   4.6952800e-02   8.8529015e-01
   4.7404000e-02   8.8663968e-01
   4.7855200e-02   8.9068826e-01
   4.8758400e-02   8.9608637e-01
   4.9661600e-02   8.9743590e-01
   5.0112800e-02   8.9878543e-01
   5.1016000e-02   9.0013495e-01
   5.2821600e-02   9.0553306e-01
   5.3724800e-02   9.0823212e-01
   5.4627200e-02   9.1228070e-01
   5.5079200e-02   9.1363023e-01
   5.5530400e-02   9.1632928e-01
   5.5981600e-02   9.1767881e-01
   5.6884800e-02   9.1902834e-01
   5.7336000e-02   9.2307692e-01
   5.8690400e-02   9.2442645e-01
   5.9142400e-02   9.2847503e-01
   5.9593600e-02   9.2982456e-01
   6.1399200e-02   9.3252362e-01
   6.2753600e-02   9.3522267e-01
   6.3205600e-02   9.3657220e-01
   6.3656800e-02   9.3927126e-01
   6.4108000e-02   9.4062078e-01
   6.5011200e-02   9.4197031e-01
   6.6365600e-02   9.4601889e-01
   6.8171200e-02   9.4736842e-01
   6.9074400e-02   9.5006748e-01
   6.9977600e-02   9.5141700e-01
   7.4040800e-02   9.5276653e-01
   7.5395200e-02   9.5411606e-01
   7.5846400e-02   9.5681511e-01
   7.9458400e-02   9.5816464e-01
   7.9909600e-02   9.6086370e-01
   8.0812800e-02   9.6356275e-01
   8.3069600e-02   9.6491228e-01
   8.3521600e-02   9.6626181e-01
   8.4424000e-02   9.6761134e-01
   8.6230400e-02   9.6896086e-01
   8.6681600e-02   9.7031039e-01
   8.8036000e-02   9.7165992e-01
   8.8487200e-02   9.7300945e-01
   8.9841600e-02   9.7570850e-01
   9.1648000e-02   9.7705803e-01
   9.3453600e-02   9.7840756e-01
   9.5711200e-02   9.7975709e-01
   9.7516800e-02   9.8110661e-01
   9.8871200e-02   9.8245614e-01
   1.0158000e-01   9.8515520e-01
   1.0203200e-01   9.8650472e-01
   1.0338640e-01   9.8785425e-01
   1.0474080e-01   9.8920378e-01
   1.0564320e-01   9.9055331e-01
   1.0609520e-01   9.9190283e-01
   1.0835200e-01   9.9325236e-01
   1.0880400e-01   9.9460189e-01
   1.1241520e-01   9.9595142e-01
   1.1467280e-01   9.9730094e-01
   1.3047440e-01   9.9865047e-01
   1.4492080e-01   1.0000000e+00
