   3.2000000e-03   0.0000000e+00
   3.2000000e-03   1.4316392e-03
   3.6568000e-03   2.1474588e-03
   4.1144000e-03   5.0107373e-03
   4.5712000e-03   2.0042949e-02
   5.0288000e-03   4.0801718e-02
   5.4856000e-03   7.0866142e-02
   5.9432000e-03   1.1238368e-01
   6.4000000e-03   1.6034359e-01
   6.8568000e-03   2.0687187e-01
   7.3144000e-03   2.5912670e-01
   7.7712000e-03   3.0136006e-01
   8.2288000e-03   3.4430923e-01
   8.6856000e-03   3.8869005e-01
   9.1432000e-03   4.2161775e-01
   9.6000000e-03   4.5740873e-01
   1.0056800e-02   4.9033644e-01
   1.0514400e-02   5.2183250e-01
   1.0971200e-02   5.4688618e-01
   1.1428800e-02   5.7695061e-01
   1.1885600e-02   6.0272011e-01
   1.2343200e-02   6.2133142e-01
   1.2800000e-02   6.4495347e-01
   1.3256800e-02   6.7072298e-01
   1.3714400e-02   6.9005011e-01
   1.4171200e-02   7.1009306e-01
   1.4628800e-02   7.3657838e-01
   1.5085600e-02   7.5447387e-01
   1.5543200e-02   7.6735863e-01
   1.6000000e-02   7.8310666e-01
   1.6456800e-02   7.9384395e-01
   1.6914400e-02   8.0171797e-01
   1.7371200e-02   8.1460272e-01
   1.7828800e-02   8.2319256e-01
   1.8285600e-02   8.3178239e-01
   1.8743200e-02   8.4251969e-01
   1.9200000e-02   8.4538296e-01
   1.9656800e-02   8.5540444e-01
   2.0114400e-02   8.6399427e-01
   2.0571200e-02   8.6972083e-01
   2.1028800e-02   8.7473157e-01
   2.1485600e-02   8.8332140e-01
   2.1943200e-02   8.9119542e-01
   2.2400000e-02   8.9763780e-01
   2.2856800e-02   9.0050107e-01
   2.3314400e-02   9.0909091e-01
   2.3771200e-02   9.1410165e-01
   2.4228800e-02   9.2269148e-01
   2.4685600e-02   9.2770222e-01
   2.5143200e-02   9.3128132e-01
   2.5600000e-02   9.3414460e-01
   2.6056800e-02   9.3772369e-01
   2.6514400e-02   9.4130279e-01
   2.6971200e-02   9.4488189e-01
   2.7428800e-02   9.4631353e-01
   2.8343200e-02   9.4774517e-01
   2.8800000e-02   9.4846099e-01
   2.9256800e-02   9.4989263e-01
   2.9714400e-02   9.5060845e-01
   3.0171200e-02   9.5275591e-01
   3.0628800e-02   9.5418754e-01
   3.2000000e-02   9.5776664e-01
   3.2914400e-02   9.5919828e-01
   3.3371200e-02   9.5991410e-01
   3.3828800e-02   9.6062992e-01
   3.4285600e-02   9.6134574e-01
   3.4743200e-02   9.6206156e-01
   3.5200000e-02   9.6420902e-01
   3.5656800e-02   9.6707230e-01
   3.6571200e-02   9.6778812e-01
   3.7485600e-02   9.6921976e-01
   3.7943200e-02   9.7065140e-01
   3.8400000e-02   9.7136722e-01
   3.8856800e-02   9.7208304e-01
   4.0228800e-02   9.7279885e-01
   4.0685600e-02   9.7351467e-01
   4.1600000e-02   9.7494631e-01
   4.2056800e-02   9.7566213e-01
   4.3428800e-02   9.7709377e-01
   4.3885600e-02   9.7852541e-01
   4.4343200e-02   9.7924123e-01
   4.5256800e-02   9.8138869e-01
   4.5714400e-02   9.8282033e-01
   4.6628800e-02   9.8353615e-01
   4.7085600e-02   9.8568361e-01
   4.7543200e-02   9.8711525e-01
   4.9371200e-02   9.8783107e-01
   5.1200000e-02   9.8926271e-01
   5.2571200e-02   9.8997853e-01
   5.3028800e-02   9.9069435e-01
   5.3485600e-02   9.9141016e-01
   5.4856800e-02   9.9212598e-01
   5.8971200e-02   9.9284180e-01
   6.6285600e-02   9.9355762e-01
   6.8114400e-02   9.9427344e-01
   6.9485600e-02   9.9498926e-01
   7.2228800e-02   9.9570508e-01
   7.4971200e-02   9.9713672e-01
   7.5885600e-02   9.9785254e-01
   7.8171200e-02   9.9856836e-01
   8.8228800e-02   9.9928418e-01
   9.4628800e-02   1.0000000e+00
