   6.5542826e-03   0.0000000e+00
   6.5542826e-03   7.8740157e-03
   6.6017786e-03   1.5748031e-02
   7.9912875e-03   2.3622047e-02
   8.8031602e-03   3.1496063e-02
   1.0047071e-02   3.9370079e-02
   1.0780102e-02   4.7244094e-02
   1.0913808e-02   5.5118110e-02
   1.1218802e-02   6.2992126e-02
   1.1291208e-02   7.0866142e-02
   1.1469846e-02   7.8740157e-02
   1.2379073e-02   8.6614173e-02
   1.2906213e-02   9.4488189e-02
   1.3552285e-02   1.0236220e-01
   1.3801370e-02   1.1023622e-01
   1.4204378e-02   1.1811024e-01
   1.4655166e-02   1.2598425e-01
   1.4924831e-02   1.3385827e-01
   1.5194074e-02   1.4173228e-01
   1.6134536e-02   1.4960630e-01
   1.6353872e-02   1.5748031e-01
   1.6881316e-02   1.6535433e-01
   1.7061338e-02   1.7322835e-01
   1.7389264e-02   1.8110236e-01
   1.7518046e-02   1.8897638e-01
   1.7799059e-02   1.9685039e-01
   1.8033635e-02   2.0472441e-01
   1.8787517e-02   2.1259843e-01
   1.9159894e-02   2.2047244e-01
   1.9746273e-02   2.3622047e-01
   1.9865790e-02   2.4409449e-01
   1.9892842e-02   2.5196850e-01
   2.2180622e-02   2.5984252e-01
   2.2423870e-02   2.6771654e-01
   2.2424713e-02   2.7559055e-01
   2.3857645e-02   2.8346457e-01
   2.4181238e-02   2.9133858e-01
   2.5036365e-02   2.9921260e-01
   2.5079429e-02   3.0708661e-01
   2.5411332e-02   3.1496063e-01
   2.5958013e-02   3.2283465e-01
   2.6053820e-02   3.3070866e-01
   2.7321886e-02   3.3858268e-01
   2.7499099e-02   3.4645669e-01
   2.9321063e-02   3.5433071e-01
   2.9444584e-02   3.6220472e-01
   2.9802535e-02   3.7007874e-01
   3.0370832e-02   3.7795276e-01
   3.0505981e-02   3.8582677e-01
   3.0598924e-02   3.9370079e-01
   3.0952827e-02   4.0157480e-01
   3.1114565e-02   4.0944882e-01
   3.2009186e-02   4.1732283e-01
   3.2476333e-02   4.2519685e-01
   3.4201475e-02   4.3307087e-01
   3.4657707e-02   4.4094488e-01
   3.4801113e-02   4.4881890e-01
   3.5171014e-02   4.5669291e-01
   3.5566745e-02   4.6456693e-01
   3.5748383e-02   4.7244094e-01
   3.6698144e-02   4.8031496e-01
   3.7886619e-02   4.8818898e-01
   3.8070183e-02   4.9606299e-01
   3.8760470e-02   5.0393701e-01
   3.8788515e-02   5.1181102e-01
   4.0611046e-02   5.1968504e-01
   4.1436955e-02   5.2755906e-01
   4.1550577e-02   5.3543307e-01
   4.2582961e-02   5.4330709e-01
   4.3848165e-02   5.5118110e-01
   4.4114983e-02   5.5905512e-01
   4.4152391e-02   5.6692913e-01
   4.4691006e-02   5.7480315e-01
   4.5163064e-02   5.8267717e-01
   4.5481520e-02   5.9055118e-01
   4.5849194e-02   5.9842520e-01
   4.6127900e-02   6.0629921e-01
   4.6687867e-02   6.1417323e-01
   4.7143858e-02   6.2204724e-01
   4.7900217e-02   6.2992126e-01
   4.8920200e-02   6.3779528e-01
   4.9580939e-02   6.4566929e-01
   5.0688282e-02   6.5354331e-01
   5.0704528e-02   6.6141732e-01
   5.1618887e-02   6.6929134e-01
   5.1812472e-02   6.7716535e-01
   5.2032839e-02   6.8503937e-01
   5.2507877e-02   6.9291339e-01
   5.2544791e-02   7.0078740e-01
   5.3503263e-02   7.0866142e-01
   5.4149909e-02   7.1653543e-01
   5.4643420e-02   7.2440945e-01
   5.4711961e-02   7.3228346e-01
   5.5787569e-02   7.4015748e-01
   5.6514291e-02   7.4803150e-01
   5.6826645e-02   7.5590551e-01
   5.8211376e-02   7.6377953e-01
   5.9032320e-02   7.7165354e-01
   6.0498443e-02   7.7952756e-01
   6.2146665e-02   7.8740157e-01
   6.3762980e-02   7.9527559e-01
   6.4510620e-02   8.0314961e-01
   6.4620934e-02   8.1102362e-01
   6.5541172e-02   8.1889764e-01
   6.7228890e-02   8.2677165e-01
   6.8224529e-02   8.3464567e-01
   6.8455982e-02   8.4251969e-01
   6.9334304e-02   8.5039370e-01
   7.1476917e-02   8.5826772e-01
   7.1674869e-02   8.6614173e-01
   7.4065810e-02   8.7401575e-01
   7.6498520e-02   8.8188976e-01
   7.9297531e-02   8.8976378e-01
   8.1983108e-02   8.9763780e-01
   8.4322582e-02   9.0551181e-01
   8.4820406e-02   9.1338583e-01
   8.5312633e-02   9.2125984e-01
   8.7281730e-02   9.2913386e-01
   8.9095632e-02   9.3700787e-01
   9.3681781e-02   9.4488189e-01
   1.0008413e-01   9.5275591e-01
   1.0273447e-01   9.6062992e-01
   1.0490184e-01   9.6850394e-01
   1.2670700e-01   9.7637795e-01
   1.3072138e-01   9.8425197e-01
   1.7905855e-01   9.9212598e-01
   2.3343516e-01   1.0000000e+00
