   3.7808000e-03   0.0000000e+00
   3.7808000e-03   1.0000000e-02
   5.6712000e-03   2.0000000e-02
   6.0488000e-03   3.0000000e-02
   7.1832000e-03   4.0000000e-02
   7.5616000e-03   5.0000000e-02
   7.9392000e-03   6.0000000e-02
   8.3176000e-03   7.0000000e-02
   8.6960000e-03   9.0000000e-02
   9.0736000e-03   1.1000000e-01
   9.4520000e-03   1.2000000e-01
   9.8296000e-03   1.5000000e-01
   1.0208000e-02   1.7000000e-01
   1.0964000e-02   1.9000000e-01
   1.1342400e-02   2.1000000e-01
   1.2098400e-02   2.2000000e-01
   1.2476000e-02   2.5000000e-01
   1.2854400e-02   2.7000000e-01
   1.3232800e-02   2.8000000e-01
   1.3610400e-02   2.9000000e-01
   1.3988800e-02   3.0000000e-01
   1.4744800e-02   3.2000000e-01
   1.5123200e-02   3.4000000e-01
   1.5500800e-02   3.5000000e-01
   1.6256800e-02   3.6000000e-01
   1.7013600e-02   3.9000000e-01
   1.7391200e-02   4.1000000e-01
   1.8904000e-02   4.4000000e-01
   1.9281600e-02   4.5000000e-01
   1.9660000e-02   4.7000000e-01
   2.0037600e-02   4.8000000e-01
   2.0416000e-02   4.9000000e-01
   2.0793600e-02   5.0000000e-01
   2.1172000e-02   5.1000000e-01
   2.1928000e-02   5.3000000e-01
   2.2306400e-02   5.4000000e-01
   2.2684000e-02   5.5000000e-01
   2.3062400e-02   5.6000000e-01
   2.4196800e-02   5.7000000e-01
   2.4952800e-02   5.8000000e-01
   2.5330400e-02   6.0000000e-01
   2.7221600e-02   6.2000000e-01
   2.9111200e-02   6.3000000e-01
   2.9868000e-02   6.4000000e-01
   3.1001600e-02   6.5000000e-01
   3.1380000e-02   6.6000000e-01
   3.2136000e-02   6.7000000e-01
   3.2514400e-02   6.8000000e-01
   3.2892000e-02   6.9000000e-01
   3.4404800e-02   7.1000000e-01
   3.5160800e-02   7.3000000e-01
   3.5538400e-02   7.5000000e-01
   3.6295200e-02   7.6000000e-01
   4.3478400e-02   7.7000000e-01
   4.4612800e-02   7.8000000e-01
   4.6880800e-02   7.9000000e-01
   4.7259200e-02   8.1000000e-01
   4.8771200e-02   8.2000000e-01
   5.2552000e-02   8.3000000e-01
   5.4064000e-02   8.4000000e-01
   5.4442400e-02   8.5000000e-01
   5.8600800e-02   8.6000000e-01
   6.1625600e-02   8.7000000e-01
   6.2381600e-02   8.8000000e-01
   7.6370400e-02   8.9000000e-01
   7.9772800e-02   9.0000000e-01
   9.3005600e-02   9.1000000e-01
   9.7542400e-02   9.2000000e-01
   1.0359200e-01   9.3000000e-01
   1.1795840e-01   9.4000000e-01
   1.2892240e-01   9.5000000e-01
   1.3988640e-01   9.6000000e-01
   1.5576560e-01   9.7000000e-01
   1.5803440e-01   9.8000000e-01
   1.7126640e-01   9.9000000e-01
   1.9357280e-01   1.0000000e+00
