   3.3984000e-03   0.0000000e+00
   3.3984000e-03   4.5112782e-03
   3.8832000e-03   7.5187970e-03
   4.3688000e-03   1.0526316e-02
   4.8544000e-03   2.8571429e-02
   5.3400000e-03   3.9097744e-02
   5.8256000e-03   6.6165414e-02
   6.3104000e-03   1.0375940e-01
   6.7960000e-03   1.3984962e-01
   7.2816000e-03   1.6992481e-01
   7.7672000e-03   2.0902256e-01
   8.2528000e-03   2.3007519e-01
   8.7376000e-03   2.6616541e-01
   9.2232000e-03   2.9172932e-01
   9.7088000e-03   3.0827068e-01
   1.0194400e-02   3.2932331e-01
   1.0680000e-02   3.5187970e-01
   1.1164800e-02   3.6541353e-01
   1.1650400e-02   3.7894737e-01
   1.2136000e-02   3.9699248e-01
   1.2621600e-02   4.0751880e-01
   1.3106400e-02   4.2556391e-01
   1.3592000e-02   4.4511278e-01
   1.4077600e-02   4.5714286e-01
   1.4563200e-02   4.7819549e-01
   1.5048800e-02   4.9924812e-01
   1.5534400e-02   5.0676692e-01
   1.6019200e-02   5.2481203e-01
   1.6504800e-02   5.4887218e-01
   1.6990400e-02   5.6691729e-01
   1.7476000e-02   5.7142857e-01
   1.7960800e-02   5.8796992e-01
   1.8446400e-02   5.9548872e-01
   1.8932000e-02   6.0451128e-01
   1.9417600e-02   6.1954887e-01
   1.9903200e-02   6.2857143e-01
   2.0388000e-02   6.4210526e-01
   2.0873600e-02   6.4812030e-01
   2.1359200e-02   6.5714286e-01
   2.1844800e-02   6.6466165e-01
   2.2330400e-02   6.7067669e-01
   2.2815200e-02   6.7969925e-01
   2.3300800e-02   6.8120301e-01
   2.3786400e-02   6.8872180e-01
   2.4272000e-02   6.9323308e-01
   2.4757600e-02   7.0075188e-01
   2.5242400e-02   7.0977444e-01
   2.5728000e-02   7.1879699e-01
   2.6213600e-02   7.2180451e-01
   2.6699200e-02   7.2631579e-01
   2.7184800e-02   7.4135338e-01
   2.7669600e-02   7.4436090e-01
   2.8155200e-02   7.5187970e-01
   2.8640800e-02   7.5488722e-01
   2.9126400e-02   7.5789474e-01
   2.9612000e-02   7.6240602e-01
   3.0096800e-02   7.6842105e-01
   3.0582400e-02   7.6992481e-01
   3.1068000e-02   7.7593985e-01
   3.1553600e-02   7.8045113e-01
   3.2039200e-02   7.8496241e-01
   3.2524000e-02   7.8646617e-01
   3.3009600e-02   7.8947368e-01
   3.3495200e-02   7.9398496e-01
   3.3980800e-02   7.9699248e-01
   3.4466400e-02   7.9849624e-01
   3.4951200e-02   8.0150376e-01
   3.5436800e-02   8.0300752e-01
   3.5922400e-02   8.0601504e-01
   3.6408000e-02   8.0902256e-01
   3.6892800e-02   8.1503759e-01
   3.7378400e-02   8.1804511e-01
   3.7864000e-02   8.1954887e-01
   3.8349600e-02   8.2105263e-01
   3.8835200e-02   8.2255639e-01
   3.9320000e-02   8.3007519e-01
   3.9805600e-02   8.3157895e-01
   4.0291200e-02   8.3609023e-01
   4.0776800e-02   8.3759398e-01
   4.1262400e-02   8.3909774e-01
   4.1748000e-02   8.4360902e-01
   4.2232800e-02   8.4511278e-01
   4.2718400e-02   8.4962406e-01
   4.3204000e-02   8.5112782e-01
   4.4174400e-02   8.5263158e-01
   4.4660000e-02   8.5413534e-01
   4.5145600e-02   8.5563910e-01
   4.5631200e-02   8.6165414e-01
   4.6601600e-02   8.6616541e-01
   4.7087200e-02   8.6766917e-01
   4.7572800e-02   8.7368421e-01
   4.8544000e-02   8.7819549e-01
   4.9028800e-02   8.7969925e-01
   4.9514400e-02   8.8571429e-01
   5.0485600e-02   8.8721805e-01
   5.1456000e-02   8.8872180e-01
   5.2427200e-02   8.9774436e-01
   5.2912800e-02   9.0225564e-01
   5.3398400e-02   9.0375940e-01
   5.4368800e-02   9.0676692e-01
   5.4854400e-02   9.1278195e-01
   5.5340000e-02   9.1428571e-01
   5.5825600e-02   9.1879699e-01
   5.6796000e-02   9.2030075e-01
   5.7281600e-02   9.2330827e-01
   5.7767200e-02   9.2481203e-01
   5.8252800e-02   9.2631579e-01
   5.8737600e-02   9.2781955e-01
   6.0194400e-02   9.3233083e-01
   6.0680000e-02   9.3383459e-01
   6.2136000e-02   9.3533835e-01
   6.2621600e-02   9.3984962e-01
   6.3106400e-02   9.4135338e-01
   6.4077600e-02   9.4436090e-01
   6.4563200e-02   9.4586466e-01
   6.7960800e-02   9.4736842e-01
   6.8446400e-02   9.4887218e-01
   6.8932000e-02   9.5037594e-01
   7.0873600e-02   9.5187970e-01
   7.1359200e-02   9.5488722e-01
   7.2330400e-02   9.5639098e-01
   7.3300800e-02   9.5789474e-01
   7.3786400e-02   9.5939850e-01
   7.5242400e-02   9.6090226e-01
   7.5728000e-02   9.6240602e-01
   7.7669600e-02   9.6390977e-01
   7.8640800e-02   9.6691729e-01
   7.9126400e-02   9.6842105e-01
   8.0096800e-02   9.6992481e-01
   8.5922400e-02   9.7142857e-01
   9.2232800e-02   9.7293233e-01
   9.4660000e-02   9.7443609e-01
   9.5145600e-02   9.7593985e-01
   1.0097120e-01   9.7744361e-01
   1.0339840e-01   9.7894737e-01
   1.0485440e-01   9.8045113e-01
   1.0679600e-01   9.8345865e-01
   1.1650480e-01   9.8496241e-01
   1.2427200e-01   9.8646617e-01
   1.2475760e-01   9.8796992e-01
   1.3446640e-01   9.8947368e-01
   1.3543680e-01   9.9097744e-01
   1.3640800e-01   9.9248120e-01
   1.3883520e-01   9.9398496e-01
   1.4902880e-01   9.9548872e-01
   1.5485440e-01   9.9699248e-01
   1.6553360e-01   9.9849624e-01
   1.8834960e-01   1.0000000e+00
