   5.4615752e-03   0.0000000e+00
   5.4615752e-03   7.9051383e-04
   5.9907471e-03   1.5810277e-03
   6.0750389e-03   2.3715415e-03
   6.2329906e-03   3.1620553e-03
   6.4524316e-03   3.9525692e-03
   6.5494790e-03   4.7430830e-03
   6.7088557e-03   6.3241107e-03
   6.8858106e-03   7.1146245e-03
   7.2101937e-03   7.9051383e-03
   7.2704655e-03   8.6956522e-03
   7.4175614e-03   9.4861660e-03
   7.4316375e-03   1.0276680e-02
   7.4881242e-03   1.1067194e-02
   7.5515200e-03   1.1857708e-02
   7.7502342e-03   1.5019763e-02
   7.7897080e-03   1.5810277e-02
   7.8403181e-03   1.6600791e-02
   7.8967910e-03   1.7391304e-02
   7.9095105e-03   1.8972332e-02
   7.9566621e-03   1.9762846e-02
   8.0302086e-03   2.0553360e-02
   8.1317177e-03   2.1343874e-02
   8.1381469e-03   2.3715415e-02
   8.1408083e-03   2.4505929e-02
   8.1639301e-03   2.5296443e-02
   8.1712014e-03   2.6877470e-02
   8.3751350e-03   2.7667984e-02
   8.3856326e-03   2.8458498e-02
   8.3927675e-03   3.0039526e-02
   8.5092802e-03   3.0830040e-02
   8.5784466e-03   3.2411067e-02
   8.6778580e-03   3.3201581e-02
   8.7102187e-03   3.3992095e-02
   8.8542685e-03   3.7154150e-02
   8.9030643e-03   3.8735178e-02
   8.9528678e-03   3.9525692e-02
   9.0373556e-03   4.0316206e-02
   9.0498651e-03   4.1106719e-02
   9.0833307e-03   4.2687747e-02
   9.0932143e-03   4.4268775e-02
   9.1120549e-03   4.6640316e-02
   9.1554858e-03   4.9011858e-02
   9.2718368e-03   5.0592885e-02
   9.2783134e-03   5.1383399e-02
   9.3378440e-03   5.2173913e-02
   9.3458729e-03   5.2964427e-02
   9.3540070e-03   5.4545455e-02
   9.3667695e-03   5.6916996e-02
   9.3984789e-03   6.1660079e-02
   9.4207797e-03   6.2450593e-02
   9.4676803e-03   6.3241107e-02
   9.5714915e-03   6.4031621e-02
   9.5804971e-03   6.7193676e-02
   9.5865613e-03   7.5098814e-02
   9.5992983e-03   7.5889328e-02
   9.6135739e-03   7.6679842e-02
   9.6699067e-03   7.9841897e-02
   9.6761747e-03   8.0632411e-02
   9.6889765e-03   8.2213439e-02
   9.7228685e-03   8.3003953e-02
   9.8129867e-03   8.5375494e-02
   9.8142894e-03   8.6956522e-02
   9.8402402e-03   8.7747036e-02
   9.8888683e-03   8.9328063e-02
   9.9780568e-03   9.0118577e-02
   1.0049952e-02   9.0909091e-02
   1.0060719e-02   9.4071146e-02
   1.0093809e-02   9.6442688e-02
   1.0097302e-02   1.0118577e-01
   1.0149960e-02   1.0197628e-01
   1.0150099e-02   1.0355731e-01
   1.0155652e-02   1.0434783e-01
   1.0228810e-02   1.0671937e-01
   1.0235592e-02   1.0830040e-01
   1.0283346e-02   1.0909091e-01
   1.0291982e-02   1.0988142e-01
   1.0308394e-02   1.1067194e-01
   1.0313759e-02   1.1146245e-01
   1.0314735e-02   1.1304348e-01
   1.0329167e-02   1.1383399e-01
   1.0359199e-02   1.1462451e-01
   1.0425008e-02   1.1541502e-01
   1.0477774e-02   1.1620553e-01
   1.0528678e-02   1.1699605e-01
   1.0538258e-02   1.2094862e-01
   1.0540426e-02   1.2332016e-01
   1.0574582e-02   1.2490119e-01
   1.0622927e-02   1.2885375e-01
   1.0630448e-02   1.2964427e-01
   1.0698025e-02   1.3043478e-01
   1.0707531e-02   1.3122530e-01
   1.0753995e-02   1.3201581e-01
   1.0769319e-02   1.3359684e-01
   1.0771664e-02   1.3596838e-01
   1.0788996e-02   1.3675889e-01
   1.0794842e-02   1.3754941e-01
   1.0828883e-02   1.4071146e-01
   1.0840444e-02   1.4229249e-01
   1.0900896e-02   1.4308300e-01
   1.0905948e-02   1.4466403e-01
   1.0933934e-02   1.4545455e-01
   1.0973132e-02   1.4703557e-01
   1.0992580e-02   1.4861660e-01
   1.1014799e-02   1.5098814e-01
   1.1020743e-02   1.5177866e-01
   1.1042915e-02   1.5494071e-01
   1.1044701e-02   1.5573123e-01
   1.1055408e-02   1.5889328e-01
   1.1061230e-02   1.6047431e-01
   1.1076213e-02   1.6126482e-01
   1.1098889e-02   1.6205534e-01
   1.1110737e-02   1.6363636e-01
   1.1132044e-02   1.6442688e-01
   1.1161335e-02   1.6600791e-01
   1.1185941e-02   1.6679842e-01
   1.1225900e-02   1.6758893e-01
   1.1247288e-02   1.6837945e-01
   1.1250864e-02   1.6916996e-01
   1.1263628e-02   1.6996047e-01
   1.1276090e-02   1.7075099e-01
   1.1281611e-02   1.7154150e-01
   1.1301013e-02   1.7233202e-01
   1.1320570e-02   1.7312253e-01
   1.1346760e-02   1.7391304e-01
   1.1357531e-02   1.7628458e-01
   1.1385696e-02   1.7707510e-01
   1.1470101e-02   1.7786561e-01
   1.1486057e-02   1.8023715e-01
   1.1491084e-02   1.8418972e-01
   1.1501104e-02   1.8577075e-01
   1.1516782e-02   1.8656126e-01
   1.1531529e-02   1.8814229e-01
   1.1561781e-02   1.9130435e-01
   1.1590552e-02   1.9367589e-01
   1.1664990e-02   1.9446640e-01
   1.1697612e-02   1.9525692e-01
   1.1724889e-02   1.9762846e-01
   1.1731281e-02   1.9920949e-01
   1.1772771e-02   2.0158103e-01
   1.1801232e-02   2.0316206e-01
   1.1814478e-02   2.0395257e-01
   1.1826289e-02   2.0632411e-01
   1.1838898e-02   2.0711462e-01
   1.1865025e-02   2.0790514e-01
   1.1933768e-02   2.0869565e-01
   1.1936670e-02   2.0948617e-01
   1.1948959e-02   2.1106719e-01
   1.1965219e-02   2.1581028e-01
   1.1968290e-02   2.1660079e-01
   1.1990572e-02   2.1897233e-01
   1.2001234e-02   2.1976285e-01
   1.2016416e-02   2.2134387e-01
   1.2032641e-02   2.2213439e-01
   1.2070915e-02   2.2292490e-01
   1.2093028e-02   2.2371542e-01
   1.2099485e-02   2.2450593e-01
   1.2144317e-02   2.2529644e-01
   1.2149376e-02   2.2608696e-01
   1.2170416e-02   2.2766798e-01
   1.2210640e-02   2.3083004e-01
   1.2214821e-02   2.3241107e-01
   1.2236903e-02   2.3557312e-01
   1.2270425e-02   2.3715415e-01
   1.2281375e-02   2.3873518e-01
   1.2294905e-02   2.4110672e-01
   1.2314833e-02   2.4189723e-01
   1.2345550e-02   2.4347826e-01
   1.2363132e-02   2.4505929e-01
   1.2371664e-02   2.4584980e-01
   1.2426891e-02   2.4822134e-01
   1.2444544e-02   2.4901186e-01
   1.2445693e-02   2.5138340e-01
   1.2461353e-02   2.5375494e-01
   1.2503615e-02   2.5691700e-01
   1.2526623e-02   2.5770751e-01
   1.2551406e-02   2.5849802e-01
   1.2643391e-02   2.6007905e-01
   1.2668245e-02   2.6086957e-01
   1.2681820e-02   2.6324111e-01
   1.2690637e-02   2.6403162e-01
   1.2713108e-02   2.6561265e-01
   1.2717046e-02   2.6640316e-01
   1.2718821e-02   2.6719368e-01
   1.2820457e-02   2.6798419e-01
   1.2905475e-02   2.6877470e-01
   1.2940705e-02   2.7114625e-01
   1.2945004e-02   2.7272727e-01
   1.2964064e-02   2.7351779e-01
   1.2978015e-02   2.7509881e-01
   1.3002728e-02   2.7667984e-01
   1.3008632e-02   2.7826087e-01
   1.3029265e-02   2.8063241e-01
   1.3099392e-02   2.8142292e-01
   1.3102536e-02   2.8221344e-01
   1.3107553e-02   2.8300395e-01
   1.3160565e-02   2.8379447e-01
   1.3187334e-02   2.8695652e-01
   1.3193466e-02   2.8774704e-01
   1.3198326e-02   2.9169960e-01
   1.3295479e-02   2.9249012e-01
   1.3296193e-02   2.9328063e-01
   1.3395638e-02   2.9407115e-01
   1.3400772e-02   2.9644269e-01
   1.3449283e-02   2.9802372e-01
   1.3511755e-02   2.9960474e-01
   1.3557709e-02   3.0039526e-01
   1.3564837e-02   3.0118577e-01
   1.3575909e-02   3.0197628e-01
   1.3638864e-02   3.0434783e-01
   1.3645014e-02   3.0513834e-01
   1.3650788e-02   3.0592885e-01
   1.3668082e-02   3.0671937e-01
   1.3669019e-02   3.0830040e-01
   1.3707342e-02   3.1146245e-01
   1.3720072e-02   3.1304348e-01
   1.3723501e-02   3.1383399e-01
   1.3747238e-02   3.1462451e-01
   1.3772072e-02   3.1620553e-01
   1.3784606e-02   3.1699605e-01
   1.3835866e-02   3.1857708e-01
   1.3861819e-02   3.1936759e-01
   1.3863237e-02   3.2015810e-01
   1.3882516e-02   3.2094862e-01
   1.3892519e-02   3.2173913e-01
   1.3908145e-02   3.2252964e-01
   1.3939023e-02   3.2411067e-01
   1.3968761e-02   3.2490119e-01
   1.3992223e-02   3.2648221e-01
   1.3993060e-02   3.2727273e-01
   1.4017032e-02   3.2806324e-01
   1.4029657e-02   3.2885375e-01
   1.4066818e-02   3.2964427e-01
   1.4109770e-02   3.3122530e-01
   1.4118426e-02   3.3280632e-01
   1.4159191e-02   3.3359684e-01
   1.4179546e-02   3.3438735e-01
   1.4191721e-02   3.3596838e-01
   1.4203668e-02   3.3675889e-01
   1.4204036e-02   3.3754941e-01
   1.4232099e-02   3.3913043e-01
   1.4247826e-02   3.3992095e-01
   1.4300826e-02   3.4071146e-01
   1.4357772e-02   3.4229249e-01
   1.4362211e-02   3.4308300e-01
   1.4382729e-02   3.4545455e-01
   1.4541606e-02   3.4624506e-01
   1.4572520e-02   3.4782609e-01
   1.4610565e-02   3.4861660e-01
   1.4625035e-02   3.4940711e-01
   1.4642099e-02   3.5019763e-01
   1.4651672e-02   3.5177866e-01
   1.4701712e-02   3.5415020e-01
   1.4745001e-02   3.5573123e-01
   1.4766576e-02   3.5652174e-01
   1.4801946e-02   3.5731225e-01
   1.4820883e-02   3.5810277e-01
   1.4835659e-02   3.5889328e-01
   1.4838742e-02   3.5968379e-01
   1.4845493e-02   3.6205534e-01
   1.4869748e-02   3.6284585e-01
   1.4900622e-02   3.6442688e-01
   1.4911384e-02   3.6521739e-01
   1.4953474e-02   3.6600791e-01
   1.5020668e-02   3.6837945e-01
   1.5037473e-02   3.6916996e-01
   1.5076216e-02   3.6996047e-01
   1.5077528e-02   3.7233202e-01
   1.5093543e-02   3.7312253e-01
   1.5110037e-02   3.7391304e-01
   1.5122673e-02   3.7470356e-01
   1.5165144e-02   3.7549407e-01
   1.5171376e-02   3.7707510e-01
   1.5177048e-02   3.7786561e-01
   1.5233478e-02   3.7944664e-01
   1.5272242e-02   3.8023715e-01
   1.5309757e-02   3.8102767e-01
   1.5314286e-02   3.8260870e-01
   1.5321231e-02   3.8418972e-01
   1.5344377e-02   3.8577075e-01
   1.5345015e-02   3.8656126e-01
   1.5433308e-02   3.8893281e-01
   1.5435170e-02   3.9051383e-01
   1.5467894e-02   3.9130435e-01
   1.5493299e-02   3.9288538e-01
   1.5506186e-02   3.9446640e-01
   1.5554861e-02   3.9604743e-01
   1.5582303e-02   3.9762846e-01
   1.5584668e-02   3.9841897e-01
   1.5598531e-02   4.0000000e-01
   1.5601377e-02   4.0079051e-01
   1.5645853e-02   4.0158103e-01
   1.5680237e-02   4.0237154e-01
   1.5700558e-02   4.0316206e-01
   1.5704927e-02   4.0395257e-01
   1.5742751e-02   4.0474308e-01
   1.5779559e-02   4.0632411e-01
   1.5787895e-02   4.0711462e-01
   1.5798992e-02   4.0869565e-01
   1.5801676e-02   4.1264822e-01
   1.5815423e-02   4.1343874e-01
   1.5819524e-02   4.1422925e-01
   1.5855220e-02   4.1660079e-01
   1.5862168e-02   4.1818182e-01
   1.5867298e-02   4.1976285e-01
   1.5888712e-02   4.2134387e-01
   1.5908017e-02   4.2213439e-01
   1.5913845e-02   4.2292490e-01
   1.5968742e-02   4.2529644e-01
   1.5980448e-02   4.2608696e-01
   1.6022953e-02   4.2687747e-01
   1.6045337e-02   4.2924901e-01
   1.6051356e-02   4.3083004e-01
   1.6052635e-02   4.3162055e-01
   1.6061054e-02   4.3241107e-01
   1.6081554e-02   4.3320158e-01
   1.6113692e-02   4.3399209e-01
   1.6126566e-02   4.3557312e-01
   1.6169065e-02   4.3636364e-01
   1.6185810e-02   4.3794466e-01
   1.6217715e-02   4.3873518e-01
   1.6258465e-02   4.4031621e-01
   1.6263217e-02   4.4110672e-01
   1.6271870e-02   4.4189723e-01
   1.6294989e-02   4.4584980e-01
   1.6304952e-02   4.4664032e-01
   1.6327714e-02   4.4743083e-01
   1.6362185e-02   4.4822134e-01
   1.6364173e-02   4.4901186e-01
   1.6375111e-02   4.4980237e-01
   1.6384976e-02   4.5138340e-01
   1.6395002e-02   4.5454545e-01
   1.6445489e-02   4.5533597e-01
   1.6510443e-02   4.5612648e-01
   1.6521940e-02   4.5691700e-01
   1.6531116e-02   4.5849802e-01
   1.6539438e-02   4.5928854e-01
   1.6562282e-02   4.6007905e-01
   1.6679288e-02   4.6086957e-01
   1.6704271e-02   4.6166008e-01
   1.6737942e-02   4.6245059e-01
   1.6753874e-02   4.6403162e-01
   1.6770139e-02   4.6482213e-01
   1.6783757e-02   4.6640316e-01
   1.6801278e-02   4.6719368e-01
   1.6823768e-02   4.6798419e-01
   1.6826229e-02   4.6877470e-01
   1.6922842e-02   4.7193676e-01
   1.6940318e-02   4.7272727e-01
   1.6989566e-02   4.7351779e-01
   1.6990160e-02   4.7430830e-01
   1.6993438e-02   4.7509881e-01
   1.6998687e-02   4.7667984e-01
   1.7011466e-02   4.7747036e-01
   1.7053513e-02   4.7826087e-01
   1.7057677e-02   4.7905138e-01
   1.7170848e-02   4.7984190e-01
   1.7229358e-02   4.8063241e-01
   1.7234179e-02   4.8221344e-01
   1.7246697e-02   4.8300395e-01
   1.7266150e-02   4.8458498e-01
   1.7302269e-02   4.8537549e-01
   1.7316955e-02   4.8616601e-01
   1.7355617e-02   4.8695652e-01
   1.7371851e-02   4.8853755e-01
   1.7377777e-02   4.8932806e-01
   1.7399301e-02   4.9011858e-01
   1.7467508e-02   4.9169960e-01
   1.7473080e-02   4.9249012e-01
   1.7498119e-02   4.9328063e-01
   1.7534095e-02   4.9407115e-01
   1.7577733e-02   4.9486166e-01
   1.7588104e-02   4.9565217e-01
   1.7603903e-02   4.9644269e-01
   1.7615219e-02   4.9723320e-01
   1.7701059e-02   4.9802372e-01
   1.7704314e-02   4.9881423e-01
   1.7708954e-02   5.0039526e-01
   1.7711243e-02   5.0197628e-01
   1.7721131e-02   5.0276680e-01
   1.7722388e-02   5.0513834e-01
   1.7746201e-02   5.0592885e-01
   1.7780806e-02   5.0671937e-01
   1.7784775e-02   5.0988142e-01
   1.7797019e-02   5.1067194e-01
   1.7913129e-02   5.1146245e-01
   1.7933940e-02   5.1225296e-01
   1.7946163e-02   5.1304348e-01
   1.7952394e-02   5.1383399e-01
   1.7952759e-02   5.1462451e-01
   1.7972241e-02   5.1541502e-01
   1.8003953e-02   5.1699605e-01
   1.8003970e-02   5.1778656e-01
   1.8048726e-02   5.1857708e-01
   1.8106728e-02   5.2015810e-01
   1.8133086e-02   5.2094862e-01
   1.8176912e-02   5.2252964e-01
   1.8176995e-02   5.2332016e-01
   1.8187764e-02   5.2569170e-01
   1.8198930e-02   5.2648221e-01
   1.8200674e-02   5.2727273e-01
   1.8226814e-02   5.2806324e-01
   1.8259266e-02   5.2885375e-01
   1.8261279e-02   5.2964427e-01
   1.8265010e-02   5.3043478e-01
   1.8316878e-02   5.3122530e-01
   1.8353741e-02   5.3201581e-01
   1.8386387e-02   5.3280632e-01
   1.8406394e-02   5.3359684e-01
   1.8424879e-02   5.3517787e-01
   1.8432518e-02   5.3596838e-01
   1.8447244e-02   5.3675889e-01
   1.8452095e-02   5.3754941e-01
   1.8456038e-02   5.3833992e-01
   1.8460332e-02   5.3913043e-01
   1.8460728e-02   5.4071146e-01
   1.8484707e-02   5.4150198e-01
   1.8520054e-02   5.4229249e-01
   1.8529780e-02   5.4308300e-01
   1.8574875e-02   5.4387352e-01
   1.8578901e-02   5.4545455e-01
   1.8587117e-02   5.4703557e-01
   1.8612295e-02   5.4782609e-01
   1.8665175e-02   5.5177866e-01
   1.8666524e-02   5.5335968e-01
   1.8675078e-02   5.5415020e-01
   1.8680820e-02   5.5494071e-01
   1.8698470e-02   5.5573123e-01
   1.8706883e-02   5.5652174e-01
   1.8733539e-02   5.5810277e-01
   1.8735284e-02   5.5889328e-01
   1.8781474e-02   5.5968379e-01
   1.8812958e-02   5.6205534e-01
   1.8831414e-02   5.6363636e-01
   1.8907367e-02   5.6442688e-01
   1.8911754e-02   5.6521739e-01
   1.8923280e-02   5.6600791e-01
   1.8934868e-02   5.6679842e-01
   1.8965485e-02   5.6758893e-01
   1.9013624e-02   5.6837945e-01
   1.9044818e-02   5.6916996e-01
   1.9120799e-02   5.6996047e-01
   1.9135926e-02   5.7075099e-01
   1.9152558e-02   5.7154150e-01
   1.9160430e-02   5.7233202e-01
   1.9173123e-02   5.7312253e-01
   1.9185048e-02   5.7391304e-01
   1.9188091e-02   5.7549407e-01
   1.9198597e-02   5.7628458e-01
   1.9206828e-02   5.7707510e-01
   1.9272644e-02   5.7786561e-01
   1.9277569e-02   5.7865613e-01
   1.9293299e-02   5.7944664e-01
   1.9320570e-02   5.8023715e-01
   1.9339813e-02   5.8102767e-01
   1.9391614e-02   5.8260870e-01
   1.9412992e-02   5.8339921e-01
   1.9425756e-02   5.8498024e-01
   1.9446226e-02   5.8577075e-01
   1.9446456e-02   5.8656126e-01
   1.9470254e-02   5.8735178e-01
   1.9490708e-02   5.8893281e-01
   1.9524683e-02   5.8972332e-01
   1.9527404e-02   5.9051383e-01
   1.9586535e-02   5.9130435e-01
   1.9621386e-02   5.9209486e-01
   1.9629100e-02   5.9288538e-01
   1.9641202e-02   5.9446640e-01
   1.9649172e-02   5.9525692e-01
   1.9668175e-02   5.9604743e-01
   1.9707382e-02   5.9762846e-01
   1.9757663e-02   5.9841897e-01
   1.9786396e-02   5.9920949e-01
   1.9790334e-02   6.0000000e-01
   1.9820609e-02   6.0079051e-01
   1.9881428e-02   6.0158103e-01
   1.9888755e-02   6.0237154e-01
   1.9926423e-02   6.0711462e-01
   1.9937246e-02   6.0790514e-01
   2.0002351e-02   6.0869565e-01
   2.0010322e-02   6.0948617e-01
   2.0074584e-02   6.1027668e-01
   2.0095754e-02   6.1106719e-01
   2.0099366e-02   6.1264822e-01
   2.0106423e-02   6.1343874e-01
   2.0110618e-02   6.1422925e-01
   2.0114572e-02   6.1581028e-01
   2.0120872e-02   6.1660079e-01
   2.0174256e-02   6.1739130e-01
   2.0187617e-02   6.1897233e-01
   2.0195245e-02   6.2055336e-01
   2.0238893e-02   6.2134387e-01
   2.0260999e-02   6.2213439e-01
   2.0300305e-02   6.2292490e-01
   2.0340499e-02   6.2371542e-01
   2.0405874e-02   6.2450593e-01
   2.0407167e-02   6.2529644e-01
   2.0410239e-02   6.2845850e-01
   2.0442251e-02   6.2924901e-01
   2.0452242e-02   6.3003953e-01
   2.0456981e-02   6.3162055e-01
   2.0473122e-02   6.3241107e-01
   2.0512301e-02   6.3320158e-01
   2.0575167e-02   6.3399209e-01
   2.0578582e-02   6.3557312e-01
   2.0583906e-02   6.3636364e-01
   2.0628641e-02   6.3873518e-01
   2.0628917e-02   6.3952569e-01
   2.0653375e-02   6.4031621e-01
   2.0667417e-02   6.4110672e-01
   2.0716621e-02   6.4189723e-01
   2.0717438e-02   6.4268775e-01
   2.0719001e-02   6.4347826e-01
   2.0732127e-02   6.4426877e-01
   2.0742579e-02   6.4505929e-01
   2.0819484e-02   6.4584980e-01
   2.0850807e-02   6.4664032e-01
   2.0887953e-02   6.4822134e-01
   2.0927069e-02   6.4901186e-01
   2.0954645e-02   6.4980237e-01
   2.1061464e-02   6.5059289e-01
   2.1072830e-02   6.5138340e-01
   2.1076617e-02   6.5296443e-01
   2.1080852e-02   6.5375494e-01
   2.1122313e-02   6.5454545e-01
   2.1132711e-02   6.5533597e-01
   2.1140132e-02   6.5612648e-01
   2.1187846e-02   6.5770751e-01
   2.1246513e-02   6.5849802e-01
   2.1248306e-02   6.5928854e-01
   2.1260281e-02   6.6007905e-01
   2.1298766e-02   6.6086957e-01
   2.1310882e-02   6.6245059e-01
   2.1332714e-02   6.6324111e-01
   2.1334401e-02   6.6403162e-01
   2.1344844e-02   6.6482213e-01
   2.1353755e-02   6.6640316e-01
   2.1356978e-02   6.6719368e-01
   2.1468865e-02   6.6798419e-01
   2.1495154e-02   6.6877470e-01
   2.1507350e-02   6.6956522e-01
   2.1543328e-02   6.7035573e-01
   2.1561726e-02   6.7114625e-01
   2.1577491e-02   6.7272727e-01
   2.1590263e-02   6.7351779e-01
   2.1609943e-02   6.7430830e-01
   2.1629990e-02   6.7588933e-01
   2.1666034e-02   6.7667984e-01
   2.1670493e-02   6.7826087e-01
   2.1715092e-02   6.7905138e-01
   2.1775308e-02   6.7984190e-01
   2.1791497e-02   6.8063241e-01
   2.1795951e-02   6.8142292e-01
   2.1802071e-02   6.8221344e-01
   2.1846551e-02   6.8300395e-01
   2.1893924e-02   6.8379447e-01
   2.1949452e-02   6.8458498e-01
   2.1981448e-02   6.8537549e-01
   2.2014577e-02   6.8616601e-01
   2.2042053e-02   6.8695652e-01
   2.2085973e-02   6.8774704e-01
   2.2177009e-02   6.8853755e-01
   2.2250658e-02   6.8932806e-01
   2.2277472e-02   6.9011858e-01
   2.2305433e-02   6.9090909e-01
   2.2329652e-02   6.9169960e-01
   2.2391122e-02   6.9249012e-01
   2.2407846e-02   6.9328063e-01
   2.2463268e-02   6.9407115e-01
   2.2494575e-02   6.9644269e-01
   2.2559550e-02   6.9723320e-01
   2.2570196e-02   6.9802372e-01
   2.2601549e-02   6.9881423e-01
   2.2684558e-02   6.9960474e-01
   2.2716175e-02   7.0118577e-01
   2.2753691e-02   7.0276680e-01
   2.2775438e-02   7.0355731e-01
   2.2779512e-02   7.0434783e-01
   2.2793269e-02   7.0513834e-01
   2.2810989e-02   7.0671937e-01
   2.2900497e-02   7.0750988e-01
   2.2909959e-02   7.0830040e-01
   2.2940846e-02   7.0909091e-01
   2.2972654e-02   7.0988142e-01
   2.2972659e-02   7.1067194e-01
   2.2982776e-02   7.1146245e-01
   2.3032305e-02   7.1225296e-01
   2.3123744e-02   7.1304348e-01
   2.3134282e-02   7.1383399e-01
   2.3172872e-02   7.1462451e-01
   2.3215562e-02   7.1541502e-01
   2.3226962e-02   7.1620553e-01
   2.3229484e-02   7.1699605e-01
   2.3254467e-02   7.1778656e-01
   2.3256565e-02   7.1936759e-01
   2.3291195e-02   7.2094862e-01
   2.3333086e-02   7.2173913e-01
   2.3333446e-02   7.2252964e-01
   2.3390489e-02   7.2332016e-01
   2.3422210e-02   7.2411067e-01
   2.3451242e-02   7.2490119e-01
   2.3460061e-02   7.2569170e-01
   2.3478667e-02   7.2648221e-01
   2.3482590e-02   7.2727273e-01
   2.3524367e-02   7.2806324e-01
   2.3567145e-02   7.2885375e-01
   2.3706584e-02   7.3043478e-01
   2.3871635e-02   7.3201581e-01
   2.3930476e-02   7.3280632e-01
   2.3993119e-02   7.3438735e-01
   2.4083207e-02   7.3517787e-01
   2.4100788e-02   7.3596838e-01
   2.4120965e-02   7.3675889e-01
   2.4167512e-02   7.3833992e-01
   2.4170071e-02   7.3913043e-01
   2.4182725e-02   7.3992095e-01
   2.4198264e-02   7.4071146e-01
   2.4258676e-02   7.4150198e-01
   2.4284987e-02   7.4229249e-01
   2.4321774e-02   7.4387352e-01
   2.4386840e-02   7.4466403e-01
   2.4407119e-02   7.4545455e-01
   2.4409734e-02   7.4624506e-01
   2.4421853e-02   7.4703557e-01
   2.4487924e-02   7.4861660e-01
   2.4491644e-02   7.4940711e-01
   2.4533628e-02   7.5019763e-01
   2.4563879e-02   7.5098814e-01
   2.4592295e-02   7.5177866e-01
   2.4646988e-02   7.5256917e-01
   2.4653444e-02   7.5335968e-01
   2.4659634e-02   7.5415020e-01
   2.4671277e-02   7.5494071e-01
   2.4679953e-02   7.5573123e-01
   2.4690479e-02   7.5652174e-01
   2.4690686e-02   7.5731225e-01
   2.4698029e-02   7.5810277e-01
   2.4766388e-02   7.5889328e-01
   2.4777982e-02   7.5968379e-01
   2.4797501e-02   7.6047431e-01
   2.4853781e-02   7.6205534e-01
   2.4885604e-02   7.6284585e-01
   2.4891465e-02   7.6442688e-01
   2.4895093e-02   7.6521739e-01
   2.4923267e-02   7.6600791e-01
   2.4931461e-02   7.6679842e-01
   2.4994969e-02   7.6758893e-01
   2.5049187e-02   7.6837945e-01
   2.5139118e-02   7.6916996e-01
   2.5176533e-02   7.6996047e-01
   2.5178323e-02   7.7075099e-01
   2.5278753e-02   7.7154150e-01
   2.5604333e-02   7.7233202e-01
   2.5604477e-02   7.7312253e-01
   2.5613801e-02   7.7391304e-01
   2.5617256e-02   7.7470356e-01
   2.5635788e-02   7.7549407e-01
   2.5641135e-02   7.7628458e-01
   2.5721117e-02   7.7707510e-01
   2.5739827e-02   7.7786561e-01
   2.5856049e-02   7.7865613e-01
   2.5881524e-02   7.7944664e-01
   2.5927100e-02   7.8102767e-01
   2.5952292e-02   7.8181818e-01
   2.5955977e-02   7.8260870e-01
   2.6019862e-02   7.8339921e-01
   2.6060887e-02   7.8498024e-01
   2.6093396e-02   7.8577075e-01
   2.6124338e-02   7.8656126e-01
   2.6128601e-02   7.8735178e-01
   2.6130036e-02   7.8814229e-01
   2.6167854e-02   7.8893281e-01
   2.6192924e-02   7.8972332e-01
   2.6205566e-02   7.9051383e-01
   2.6220290e-02   7.9209486e-01
   2.6256858e-02   7.9288538e-01
   2.6263419e-02   7.9446640e-01
   2.6282476e-02   7.9525692e-01
   2.6357051e-02   7.9604743e-01
   2.6368138e-02   7.9683794e-01
   2.6486501e-02   7.9762846e-01
   2.6527588e-02   7.9841897e-01
   2.6557624e-02   7.9920949e-01
   2.6591722e-02   8.0000000e-01
   2.6619013e-02   8.0079051e-01
   2.6733793e-02   8.0158103e-01
   2.6774448e-02   8.0237154e-01
   2.6802143e-02   8.0316206e-01
   2.6806401e-02   8.0395257e-01
   2.6812905e-02   8.0474308e-01
   2.6844554e-02   8.0553360e-01
   2.6931522e-02   8.0632411e-01
   2.6959829e-02   8.0711462e-01
   2.6966310e-02   8.0790514e-01
   2.7024028e-02   8.0869565e-01
   2.7136724e-02   8.1027668e-01
   2.7258655e-02   8.1106719e-01
   2.7531824e-02   8.1185771e-01
   2.7536128e-02   8.1264822e-01
   2.7544145e-02   8.1343874e-01
   2.7595685e-02   8.1422925e-01
   2.7609251e-02   8.1501976e-01
   2.7751143e-02   8.1581028e-01
   2.7784422e-02   8.1660079e-01
   2.7805552e-02   8.1739130e-01
   2.7878584e-02   8.1818182e-01
   2.7886742e-02   8.1897233e-01
   2.8011840e-02   8.1976285e-01
   2.8097208e-02   8.2055336e-01
   2.8100944e-02   8.2134387e-01
   2.8146211e-02   8.2213439e-01
   2.8261311e-02   8.2292490e-01
   2.8284984e-02   8.2371542e-01
   2.8318381e-02   8.2450593e-01
   2.8463738e-02   8.2529644e-01
   2.8480532e-02   8.2608696e-01
   2.8530075e-02   8.2766798e-01
   2.8684018e-02   8.2845850e-01
   2.8724423e-02   8.2924901e-01
   2.8766017e-02   8.3003953e-01
   2.8816482e-02   8.3083004e-01
   2.8905312e-02   8.3162055e-01
   2.8956231e-02   8.3320158e-01
   2.9082859e-02   8.3399209e-01
   2.9128023e-02   8.3478261e-01
   2.9221131e-02   8.3557312e-01
   2.9325350e-02   8.3636364e-01
   2.9432409e-02   8.3715415e-01
   2.9451098e-02   8.3794466e-01
   2.9561628e-02   8.3873518e-01
   2.9637362e-02   8.3952569e-01
   2.9689859e-02   8.4031621e-01
   2.9697271e-02   8.4110672e-01
   2.9765330e-02   8.4189723e-01
   2.9768153e-02   8.4268775e-01
   2.9801191e-02   8.4347826e-01
   2.9912410e-02   8.4505929e-01
   2.9933388e-02   8.4584980e-01
   2.9982906e-02   8.4664032e-01
   3.0019749e-02   8.4743083e-01
   3.0065366e-02   8.4822134e-01
   3.0081367e-02   8.4901186e-01
   3.0177643e-02   8.4980237e-01
   3.0202089e-02   8.5059289e-01
   3.0244826e-02   8.5138340e-01
   3.0492597e-02   8.5217391e-01
   3.0590850e-02   8.5296443e-01
   3.0605967e-02   8.5375494e-01
   3.0627979e-02   8.5454545e-01
   3.0657513e-02   8.5533597e-01
   3.0724850e-02   8.5612648e-01
   3.0805483e-02   8.5691700e-01
   3.0810996e-02   8.5770751e-01
   3.0869685e-02   8.5849802e-01
   3.0873698e-02   8.5928854e-01
   3.0876524e-02   8.6007905e-01
   3.0903953e-02   8.6086957e-01
   3.1141555e-02   8.6166008e-01
   3.1152544e-02   8.6245059e-01
   3.1273410e-02   8.6324111e-01
   3.1358790e-02   8.6403162e-01
   3.1371349e-02   8.6482213e-01
   3.1416825e-02   8.6561265e-01
   3.1462719e-02   8.6640316e-01
   3.1585444e-02   8.6719368e-01
   3.1639048e-02   8.6798419e-01
   3.1668778e-02   8.6877470e-01
   3.1706464e-02   8.6956522e-01
   3.1758372e-02   8.7035573e-01
   3.1891567e-02   8.7114625e-01
   3.1904993e-02   8.7193676e-01
   3.1932162e-02   8.7272727e-01
   3.1967843e-02   8.7351779e-01
   3.2035403e-02   8.7430830e-01
   3.2090674e-02   8.7509881e-01
   3.2114434e-02   8.7588933e-01
   3.2253201e-02   8.7667984e-01
   3.2354792e-02   8.7747036e-01
   3.2371004e-02   8.7826087e-01
   3.2406031e-02   8.7905138e-01
   3.2600465e-02   8.7984190e-01
   3.2645390e-02   8.8142292e-01
   3.2658552e-02   8.8221344e-01
   3.2920079e-02   8.8300395e-01
   3.3029596e-02   8.8379447e-01
   3.3315170e-02   8.8458498e-01
   3.3343867e-02   8.8537549e-01
   3.3542576e-02   8.8616601e-01
   3.3554720e-02   8.8695652e-01
   3.3568488e-02   8.8774704e-01
   3.3745860e-02   8.8853755e-01
   3.3753725e-02   8.8932806e-01
   3.4001518e-02   8.9011858e-01
   3.4016768e-02   8.9090909e-01
   3.4175609e-02   8.9169960e-01
   3.4231465e-02   8.9249012e-01
   3.4251767e-02   8.9328063e-01
   3.4346206e-02   8.9407115e-01
   3.4705168e-02   8.9486166e-01
   3.4856917e-02   8.9565217e-01
   3.4898289e-02   8.9644269e-01
   3.4923030e-02   8.9723320e-01
   3.4924029e-02   8.9802372e-01
   3.4937287e-02   8.9881423e-01
   3.5012349e-02   8.9960474e-01
   3.5089872e-02   9.0039526e-01
   3.5175077e-02   9.0118577e-01
   3.5244927e-02   9.0197628e-01
   3.5252621e-02   9.0276680e-01
   3.5307192e-02   9.0355731e-01
   3.5403771e-02   9.0434783e-01
   3.5675647e-02   9.0513834e-01
   3.5732984e-02   9.0592885e-01
   3.5858418e-02   9.0671937e-01
   3.5892274e-02   9.0750988e-01
   3.6082169e-02   9.0830040e-01
   3.6134524e-02   9.0909091e-01
   3.6169976e-02   9.0988142e-01
   3.6279302e-02   9.1067194e-01
   3.6448446e-02   9.1146245e-01
   3.6556104e-02   9.1225296e-01
   3.6700689e-02   9.1304348e-01
   3.7036697e-02   9.1383399e-01
   3.7086474e-02   9.1462451e-01
   3.7104836e-02   9.1541502e-01
   3.7158234e-02   9.1620553e-01
   3.7191431e-02   9.1699605e-01
   3.7193295e-02   9.1778656e-01
   3.7649208e-02   9.1857708e-01
   3.7814809e-02   9.1936759e-01
   3.7954469e-02   9.2015810e-01
   3.8059675e-02   9.2094862e-01
   3.8074524e-02   9.2173913e-01
   3.8286834e-02   9.2252964e-01
   3.8598846e-02   9.2332016e-01
   3.8715211e-02   9.2411067e-01
   3.8747837e-02   9.2490119e-01
   3.8803868e-02   9.2569170e-01
   3.9048372e-02   9.2648221e-01
   3.9135142e-02   9.2727273e-01
   3.9242771e-02   9.2806324e-01
   3.9371611e-02   9.2885375e-01
   3.9617082e-02   9.2964427e-01
   4.0149820e-02   9.3043478e-01
   4.0220541e-02   9.3122530e-01
   4.0478963e-02   9.3201581e-01
   4.0627157e-02   9.3280632e-01
   4.0725794e-02   9.3359684e-01
   4.1134357e-02   9.3438735e-01
   4.1198628e-02   9.3517787e-01
   4.1647572e-02   9.3596838e-01
   4.2065601e-02   9.3675889e-01
   4.2879396e-02   9.3754941e-01
   4.3127775e-02   9.3833992e-01
   4.3371353e-02   9.3913043e-01
   4.3780503e-02   9.3992095e-01
   4.3875582e-02   9.4071146e-01
   4.4049259e-02   9.4150198e-01
   4.4563322e-02   9.4229249e-01
   4.4792143e-02   9.4308300e-01
   4.4993857e-02   9.4387352e-01
   4.5005945e-02   9.4466403e-01
   4.5022134e-02   9.4545455e-01
   4.5603688e-02   9.4624506e-01
   4.6383823e-02   9.4703557e-01
   4.6582391e-02   9.4782609e-01
   4.6593527e-02   9.4861660e-01
   4.6940183e-02   9.4940711e-01
   4.6949801e-02   9.5019763e-01
   4.7412041e-02   9.5098814e-01
   4.7421069e-02   9.5177866e-01
   4.7633449e-02   9.5256917e-01
   4.7782198e-02   9.5335968e-01
   4.7975228e-02   9.5415020e-01
   4.8095462e-02   9.5494071e-01
   4.8798962e-02   9.5573123e-01
   5.0214220e-02   9.5652174e-01
   5.0302462e-02   9.5731225e-01
   5.0534453e-02   9.5810277e-01
   5.0747601e-02   9.5889328e-01
   5.2682744e-02   9.5968379e-01
   5.2751385e-02   9.6047431e-01
   5.4076110e-02   9.6126482e-01
   5.4146650e-02   9.6205534e-01
   5.4368341e-02   9.6284585e-01
   5.4738246e-02   9.6363636e-01
   5.4812527e-02   9.6442688e-01
   5.4873512e-02   9.6521739e-01
   5.5061451e-02   9.6600791e-01
   5.5140169e-02   9.6679842e-01
   5.5737135e-02   9.6758893e-01
   5.5975875e-02   9.6837945e-01
   5.6127302e-02   9.6916996e-01
   5.6415677e-02   9.6996047e-01
   5.6489128e-02   9.7075099e-01
   5.6901142e-02   9.7154150e-01
   5.7397270e-02   9.7233202e-01
   5.7667970e-02   9.7312253e-01
   5.8643652e-02   9.7391304e-01
   5.8995237e-02   9.7470356e-01
   5.9122835e-02   9.7549407e-01
   5.9134003e-02   9.7628458e-01
   5.9449423e-02   9.7707510e-01
   6.0314265e-02   9.7786561e-01
   6.0342866e-02   9.7865613e-01
   6.0395125e-02   9.7944664e-01
   6.0429333e-02   9.8023715e-01
   6.0851906e-02   9.8102767e-01
   6.1610966e-02   9.8181818e-01
   6.2341740e-02   9.8260870e-01
   6.2453441e-02   9.8339921e-01
   6.3278719e-02   9.8418972e-01
   6.5372789e-02   9.8498024e-01
   6.5528574e-02   9.8577075e-01
   6.7992200e-02   9.8656126e-01
   6.8195954e-02   9.8735178e-01
   6.9433361e-02   9.8814229e-01
   6.9871161e-02   9.8893281e-01
   7.1811057e-02   9.8972332e-01
   7.7543749e-02   9.9051383e-01
   8.0534940e-02   9.9130435e-01
   8.1907777e-02   9.9209486e-01
   8.4701062e-02   9.9288538e-01
   8.6010889e-02   9.9367589e-01
   9.2801465e-02   9.9446640e-01
   9.5990025e-02   9.9525692e-01
   9.9111331e-02   9.9604743e-01
   9.9565491e-02   9.9683794e-01
   1.0436279e-01   9.9762846e-01
   1.0980965e-01   9.9841897e-01
   1.3601285e-01   9.9920949e-01
   1.8801728e-01   1.0000000e+00
