   5.4533175e-03   0.0000000e+00
   5.4533175e-03   1.4749263e-03
   5.5383671e-03   2.9498525e-03
   6.3679639e-03   4.4247788e-03
   6.4309608e-03   5.8997050e-03
   6.7854637e-03   7.3746313e-03
   7.5751917e-03   8.8495575e-03
   7.5867803e-03   1.0324484e-02
   7.8783748e-03   1.1799410e-02
   7.9284092e-03   1.3274336e-02
   8.1800110e-03   1.6224189e-02
   8.2559892e-03   1.7699115e-02
   8.2985990e-03   1.9174041e-02
   8.3607030e-03   2.0648968e-02
   8.4855762e-03   2.2123894e-02
   8.5073057e-03   2.3598820e-02
   8.5385296e-03   2.5073746e-02
   8.6063250e-03   2.8023599e-02
   8.6149856e-03   2.9498525e-02
   8.7853871e-03   3.0973451e-02
   8.8644449e-03   3.2448378e-02
   9.0930838e-03   3.3923304e-02
   9.0935541e-03   3.5398230e-02
   9.1344178e-03   3.6873156e-02
   9.2137407e-03   3.8348083e-02
   9.2864422e-03   3.9823009e-02
   9.3336778e-03   4.4247788e-02
   9.4090389e-03   4.5722714e-02
   9.4666607e-03   5.0147493e-02
   9.7005847e-03   5.1622419e-02
   9.7319108e-03   5.4572271e-02
   9.7424243e-03   5.7522124e-02
   9.9137041e-03   6.0471976e-02
   9.9973588e-03   6.3421829e-02
   1.0010983e-02   6.6371681e-02
   1.0088809e-02   6.7846608e-02
   1.0178436e-02   6.9321534e-02
   1.0301808e-02   7.3746313e-02
   1.0308337e-02   7.8171091e-02
   1.0351331e-02   8.2595870e-02
   1.0395153e-02   8.4070796e-02
   1.0429698e-02   8.5545723e-02
   1.0475806e-02   8.7020649e-02
   1.0495185e-02   8.8495575e-02
   1.0542173e-02   8.9970501e-02
   1.0612657e-02   9.1445428e-02
   1.0629953e-02   9.2920354e-02
   1.0656872e-02   9.4395280e-02
   1.0673656e-02   9.5870206e-02
   1.0690170e-02   9.7345133e-02
   1.0735052e-02   9.8820059e-02
   1.0913105e-02   1.0029499e-01
   1.0960181e-02   1.0176991e-01
   1.1210584e-02   1.0324484e-01
   1.1238579e-02   1.0619469e-01
   1.1289276e-02   1.0766962e-01
   1.1325520e-02   1.0914454e-01
   1.1391885e-02   1.1356932e-01
   1.1461371e-02   1.1504425e-01
   1.1752741e-02   1.1651917e-01
   1.1819781e-02   1.1799410e-01
   1.1924880e-02   1.1946903e-01
   1.1998865e-02   1.2241888e-01
   1.2011931e-02   1.2389381e-01
   1.2057763e-02   1.2536873e-01
   1.2119653e-02   1.2684366e-01
   1.2252345e-02   1.2831858e-01
   1.2270602e-02   1.3126844e-01
   1.2423899e-02   1.3274336e-01
   1.2424723e-02   1.3421829e-01
   1.2455925e-02   1.3569322e-01
   1.2473639e-02   1.3716814e-01
   1.2492751e-02   1.3864307e-01
   1.2516153e-02   1.4011799e-01
   1.2776645e-02   1.4159292e-01
   1.2786789e-02   1.4306785e-01
   1.2870234e-02   1.4454277e-01
   1.2944690e-02   1.4749263e-01
   1.2965135e-02   1.4896755e-01
   1.3032596e-02   1.5044248e-01
   1.3064612e-02   1.5191740e-01
   1.3105765e-02   1.5339233e-01
   1.3124825e-02   1.5486726e-01
   1.3213477e-02   1.5634218e-01
   1.3252328e-02   1.5781711e-01
   1.3294118e-02   1.6076696e-01
   1.3329247e-02   1.6224189e-01
   1.3338260e-02   1.6371681e-01
   1.3349174e-02   1.6519174e-01
   1.3395639e-02   1.6666667e-01
   1.3436155e-02   1.6814159e-01
   1.3643626e-02   1.6961652e-01
   1.3673314e-02   1.7109145e-01
   1.3734117e-02   1.7404130e-01
   1.3775624e-02   1.7551622e-01
   1.3776149e-02   1.7699115e-01
   1.3936267e-02   1.7846608e-01
   1.3942240e-02   1.7994100e-01
   1.3974271e-02   1.8141593e-01
   1.4005083e-02   1.8584071e-01
   1.4078355e-02   1.8731563e-01
   1.4238608e-02   1.8879056e-01
   1.4367757e-02   1.9174041e-01
   1.4451769e-02   1.9321534e-01
   1.4462277e-02   1.9469027e-01
   1.4539822e-02   1.9616519e-01
   1.4542937e-02   1.9764012e-01
   1.4546154e-02   1.9911504e-01
   1.4565762e-02   2.0058997e-01
   1.4574199e-02   2.0206490e-01
   1.4613396e-02   2.0353982e-01
   1.4855297e-02   2.0501475e-01
   1.4897239e-02   2.0648968e-01
   1.4906467e-02   2.0943953e-01
   1.5036786e-02   2.1238938e-01
   1.5051855e-02   2.1386431e-01
   1.5145457e-02   2.1533923e-01
   1.5149859e-02   2.1681416e-01
   1.5150329e-02   2.1828909e-01
   1.5160760e-02   2.1976401e-01
   1.5174121e-02   2.2123894e-01
   1.5174967e-02   2.2271386e-01
   1.5277638e-02   2.2418879e-01
   1.5295092e-02   2.2566372e-01
   1.5449953e-02   2.2713864e-01
   1.5460876e-02   2.3008850e-01
   1.5496268e-02   2.3156342e-01
   1.5514683e-02   2.3451327e-01
   1.5623923e-02   2.3598820e-01
   1.5636980e-02   2.3746313e-01
   1.5742778e-02   2.3893805e-01
   1.5751340e-02   2.4041298e-01
   1.5776355e-02   2.4188791e-01
   1.5817979e-02   2.4336283e-01
   1.5820967e-02   2.4483776e-01
   1.5822452e-02   2.4631268e-01
   1.5831690e-02   2.4778761e-01
   1.5881434e-02   2.5073746e-01
   1.6108850e-02   2.5221239e-01
   1.6150093e-02   2.5368732e-01
   1.6205991e-02   2.5811209e-01
   1.6251886e-02   2.5958702e-01
   1.6326754e-02   2.6106195e-01
   1.6378183e-02   2.6253687e-01
   1.6419030e-02   2.6401180e-01
   1.6437873e-02   2.6548673e-01
   1.6440541e-02   2.6696165e-01
   1.6678852e-02   2.6843658e-01
   1.6696329e-02   2.6991150e-01
   1.6754595e-02   2.7138643e-01
   1.6777808e-02   2.7286136e-01
   1.6804380e-02   2.7433628e-01
   1.6860421e-02   2.7581121e-01
   1.6912235e-02   2.7728614e-01
   1.7120936e-02   2.8023599e-01
   1.7163339e-02   2.8171091e-01
   1.7297348e-02   2.8318584e-01
   1.7326269e-02   2.8466077e-01
   1.7381515e-02   2.8613569e-01
   1.7386633e-02   2.8908555e-01
   1.7400024e-02   2.9056047e-01
   1.7570713e-02   2.9203540e-01
   1.7578503e-02   2.9351032e-01
   1.7607912e-02   2.9498525e-01
   1.7658298e-02   2.9646018e-01
   1.7672506e-02   2.9793510e-01
   1.7693376e-02   2.9941003e-01
   1.7932484e-02   3.0088496e-01
   1.7961146e-02   3.0235988e-01
   1.8004895e-02   3.0383481e-01
   1.8177640e-02   3.0530973e-01
   1.8192159e-02   3.0678466e-01
   1.8217377e-02   3.0825959e-01
   1.8267148e-02   3.0973451e-01
   1.8428109e-02   3.1120944e-01
   1.8437575e-02   3.1268437e-01
   1.8538267e-02   3.1563422e-01
   1.8596783e-02   3.1710914e-01
   1.8774142e-02   3.1858407e-01
   1.8778712e-02   3.2005900e-01
   1.8798983e-02   3.2153392e-01
   1.8824980e-02   3.2300885e-01
   1.8865966e-02   3.2448378e-01
   1.8875461e-02   3.2595870e-01
   1.8946513e-02   3.2743363e-01
   1.8968978e-02   3.2890855e-01
   1.8981657e-02   3.3038348e-01
   1.9019268e-02   3.3185841e-01
   1.9089502e-02   3.3333333e-01
   1.9111165e-02   3.3480826e-01
   1.9139798e-02   3.3628319e-01
   1.9166077e-02   3.3775811e-01
   1.9195102e-02   3.3923304e-01
   1.9292773e-02   3.4070796e-01
   1.9369394e-02   3.4218289e-01
   1.9508054e-02   3.4365782e-01
   1.9526595e-02   3.4513274e-01
   1.9554533e-02   3.4660767e-01
   1.9643293e-02   3.4808260e-01
   1.9706132e-02   3.5545723e-01
   1.9919069e-02   3.5693215e-01
   1.9977223e-02   3.5840708e-01
   1.9998483e-02   3.5988201e-01
   1.9999081e-02   3.6135693e-01
   2.0062190e-02   3.6283186e-01
   2.0102191e-02   3.6430678e-01
   2.0309862e-02   3.6578171e-01
   2.0327607e-02   3.6725664e-01
   2.0355527e-02   3.6873156e-01
   2.0356873e-02   3.7020649e-01
   2.0370321e-02   3.7315634e-01
   2.0388392e-02   3.7463127e-01
   2.0396896e-02   3.7610619e-01
   2.0430538e-02   3.7758112e-01
   2.0539617e-02   3.7905605e-01
   2.0601152e-02   3.8053097e-01
   2.0603617e-02   3.8348083e-01
   2.0605413e-02   3.8495575e-01
   2.0650722e-02   3.8643068e-01
   2.0661317e-02   3.8790560e-01
   2.0718889e-02   3.8938053e-01
   2.0759330e-02   3.9085546e-01
   2.0935881e-02   3.9233038e-01
   2.1031836e-02   3.9380531e-01
   2.1039920e-02   3.9675516e-01
   2.1129429e-02   3.9823009e-01
   2.1161541e-02   3.9970501e-01
   2.1225083e-02   4.0117994e-01
   2.1311512e-02   4.0265487e-01
   2.1380860e-02   4.0412979e-01
   2.1466725e-02   4.0560472e-01
   2.1472236e-02   4.0707965e-01
   2.1479730e-02   4.0855457e-01
   2.1516640e-02   4.1002950e-01
   2.1570078e-02   4.1150442e-01
   2.1574117e-02   4.1297935e-01
   2.1587945e-02   4.1592920e-01
   2.1720508e-02   4.1740413e-01
   2.1813339e-02   4.1887906e-01
   2.1820289e-02   4.2035398e-01
   2.1832987e-02   4.2182891e-01
   2.1868525e-02   4.2330383e-01
   2.2053486e-02   4.2477876e-01
   2.2114758e-02   4.2625369e-01
   2.2124993e-02   4.2772861e-01
   2.2183387e-02   4.2920354e-01
   2.2256963e-02   4.3067847e-01
   2.2477157e-02   4.3215339e-01
   2.2578552e-02   4.3362832e-01
   2.2627712e-02   4.3510324e-01
   2.2682669e-02   4.3657817e-01
   2.2725655e-02   4.3805310e-01
   2.2745312e-02   4.3952802e-01
   2.2760901e-02   4.4100295e-01
   2.2783623e-02   4.4247788e-01
   2.2794549e-02   4.4395280e-01
   2.2802625e-02   4.4542773e-01
   2.2866354e-02   4.4690265e-01
   2.2893037e-02   4.4837758e-01
   2.2925798e-02   4.4985251e-01
   2.3032199e-02   4.5132743e-01
   2.3035300e-02   4.5280236e-01
   2.3143521e-02   4.5427729e-01
   2.3290655e-02   4.5575221e-01
   2.3432778e-02   4.5722714e-01
   2.3515561e-02   4.5870206e-01
   2.3635705e-02   4.6017699e-01
   2.3635852e-02   4.6165192e-01
   2.3694483e-02   4.6312684e-01
   2.3705507e-02   4.6460177e-01
   2.3746970e-02   4.6607670e-01
   2.3785626e-02   4.6755162e-01
   2.3834229e-02   4.6902655e-01
   2.3899304e-02   4.7050147e-01
   2.4093488e-02   4.7197640e-01
   2.4355821e-02   4.7345133e-01
   2.4358820e-02   4.7492625e-01
   2.4372021e-02   4.7640118e-01
   2.4424169e-02   4.7787611e-01
   2.4426748e-02   4.7935103e-01
   2.4540033e-02   4.8082596e-01
   2.4540100e-02   4.8230088e-01
   2.4555876e-02   4.8377581e-01
   2.4717199e-02   4.8525074e-01
   2.4847193e-02   4.8820059e-01
   2.4858115e-02   4.8967552e-01
   2.5185732e-02   4.9115044e-01
   2.5301616e-02   4.9262537e-01
   2.5448485e-02   4.9410029e-01
   2.5457282e-02   4.9557522e-01
   2.5541202e-02   4.9705015e-01
   2.5574114e-02   5.0000000e-01
   2.5615774e-02   5.0147493e-01
   2.5783302e-02   5.0294985e-01
   2.5819469e-02   5.0442478e-01
   2.5963363e-02   5.0589971e-01
   2.6090125e-02   5.0737463e-01
   2.6105352e-02   5.0884956e-01
   2.6121885e-02   5.1032448e-01
   2.6361650e-02   5.1179941e-01
   2.6426819e-02   5.1327434e-01
   2.6519295e-02   5.1474926e-01
   2.6737923e-02   5.1622419e-01
   2.6940112e-02   5.1769912e-01
   2.7067877e-02   5.1917404e-01
   2.7197995e-02   5.2064897e-01
   2.7306038e-02   5.2212389e-01
   2.7346659e-02   5.2359882e-01
   2.7650650e-02   5.2507375e-01
   2.7673244e-02   5.2654867e-01
   2.7676151e-02   5.2802360e-01
   2.7886506e-02   5.3097345e-01
   2.7914885e-02   5.3244838e-01
   2.8009035e-02   5.3539823e-01
   2.8145900e-02   5.3687316e-01
   2.8156710e-02   5.3834808e-01
   2.8310776e-02   5.3982301e-01
   2.8373010e-02   5.4129794e-01
   2.8653035e-02   5.4277286e-01
   2.8764994e-02   5.4424779e-01
   2.8828746e-02   5.4572271e-01
   2.8925707e-02   5.4719764e-01
   2.9079471e-02   5.4867257e-01
   2.9209223e-02   5.5162242e-01
   2.9211907e-02   5.5309735e-01
   2.9293823e-02   5.5457227e-01
   2.9322096e-02   5.5604720e-01
   2.9350393e-02   5.5752212e-01
   2.9413407e-02   5.5899705e-01
   2.9851834e-02   5.6047198e-01
   2.9854912e-02   5.6194690e-01
   3.0003158e-02   5.6342183e-01
   3.0232584e-02   5.6489676e-01
   3.0318724e-02   5.6637168e-01
   3.0349934e-02   5.6784661e-01
   3.0426611e-02   5.6932153e-01
   3.0428078e-02   5.7079646e-01
   3.0445086e-02   5.7227139e-01
   3.0720889e-02   5.7374631e-01
   3.1141263e-02   5.7669617e-01
   3.1198551e-02   5.7817109e-01
   3.1269723e-02   5.7964602e-01
   3.1316261e-02   5.8112094e-01
   3.1466542e-02   5.8259587e-01
   3.1532626e-02   5.8407080e-01
   3.1778382e-02   5.8554572e-01
   3.1895911e-02   5.8702065e-01
   3.2154076e-02   5.8849558e-01
   3.2249033e-02   5.8997050e-01
   3.2338134e-02   5.9144543e-01
   3.2471628e-02   5.9292035e-01
   3.2609538e-02   5.9439528e-01
   3.2621109e-02   5.9587021e-01
   3.2653247e-02   5.9734513e-01
   3.2679631e-02   5.9882006e-01
   3.2756478e-02   6.0029499e-01
   3.3024374e-02   6.0176991e-01
   3.3211137e-02   6.0324484e-01
   3.3341221e-02   6.0471976e-01
   3.3392160e-02   6.0619469e-01
   3.3442343e-02   6.0766962e-01
   3.3489395e-02   6.0914454e-01
   3.3715183e-02   6.1061947e-01
   3.3836798e-02   6.1209440e-01
   3.4068177e-02   6.1356932e-01
   3.4175508e-02   6.1504425e-01
   3.4276995e-02   6.1651917e-01
   3.4315420e-02   6.1799410e-01
   3.4326678e-02   6.1946903e-01
   3.4410199e-02   6.2094395e-01
   3.4468385e-02   6.2241888e-01
   3.4505573e-02   6.2389381e-01
   3.4649485e-02   6.2536873e-01
   3.4652215e-02   6.2684366e-01
   3.4773190e-02   6.2831858e-01
   3.4776926e-02   6.2979351e-01
   3.4782424e-02   6.3126844e-01
   3.4849819e-02   6.3274336e-01
   3.5081984e-02   6.3421829e-01
   3.5245595e-02   6.3569322e-01
   3.5623668e-02   6.3716814e-01
   3.5895655e-02   6.3864307e-01
   3.6009329e-02   6.4011799e-01
   3.6107522e-02   6.4159292e-01
   3.6248599e-02   6.4306785e-01
   3.6271885e-02   6.4454277e-01
   3.6478556e-02   6.4601770e-01
   3.6486156e-02   6.4749263e-01
   3.6603701e-02   6.4896755e-01
   3.6961534e-02   6.5191740e-01
   3.6968077e-02   6.5339233e-01
   3.7017324e-02   6.5486726e-01
   3.7043334e-02   6.5634218e-01
   3.7405635e-02   6.5781711e-01
   3.7437169e-02   6.5929204e-01
   3.7596909e-02   6.6076696e-01
   3.7597869e-02   6.6224189e-01
   3.7660690e-02   6.6371681e-01
   3.8060791e-02   6.6519174e-01
   3.8155415e-02   6.6666667e-01
   3.8185150e-02   6.6814159e-01
   3.8344473e-02   6.6961652e-01
   3.8390026e-02   6.7109145e-01
   3.8410780e-02   6.7256637e-01
   3.8420431e-02   6.7404130e-01
   3.8456392e-02   6.7551622e-01
   3.8485590e-02   6.7699115e-01
   3.8542300e-02   6.7846608e-01
   3.8561004e-02   6.7994100e-01
   3.8627683e-02   6.8141593e-01
   3.8777603e-02   6.8289086e-01
   3.8794801e-02   6.8436578e-01
   3.8833279e-02   6.8584071e-01
   3.9689519e-02   6.8731563e-01
   3.9727775e-02   6.8879056e-01
   3.9765567e-02   6.9026549e-01
   3.9982328e-02   6.9174041e-01
   3.9983762e-02   6.9321534e-01
   4.0009441e-02   6.9469027e-01
   4.0114759e-02   6.9616519e-01
   4.0671329e-02   6.9764012e-01
   4.1095837e-02   6.9911504e-01
   4.1470457e-02   7.0058997e-01
   4.1699337e-02   7.0206490e-01
   4.1903348e-02   7.0353982e-01
   4.2043614e-02   7.0501475e-01
   4.2134684e-02   7.0648968e-01
   4.2324384e-02   7.0796460e-01
   4.2361139e-02   7.0943953e-01
   4.2416726e-02   7.1091445e-01
   4.2429365e-02   7.1238938e-01
   4.2537887e-02   7.1386431e-01
   4.2768082e-02   7.1533923e-01
   4.2876058e-02   7.1681416e-01
   4.3040468e-02   7.1828909e-01
   4.3076279e-02   7.1976401e-01
   4.3106061e-02   7.2123894e-01
   4.3141857e-02   7.2271386e-01
   4.3345121e-02   7.2418879e-01
   4.3626149e-02   7.2566372e-01
   4.3637855e-02   7.2713864e-01
   4.3696716e-02   7.2861357e-01
   4.3722729e-02   7.3008850e-01
   4.3732749e-02   7.3156342e-01
   4.3861301e-02   7.3451327e-01
   4.4287973e-02   7.3598820e-01
   4.4503228e-02   7.3746313e-01
   4.4532478e-02   7.3893805e-01
   4.4987983e-02   7.4041298e-01
   4.5050135e-02   7.4188791e-01
   4.5138227e-02   7.4336283e-01
   4.5206427e-02   7.4483776e-01
   4.5315782e-02   7.4631268e-01
   4.5323726e-02   7.4778761e-01
   4.5667333e-02   7.4926254e-01
   4.6170076e-02   7.5073746e-01
   4.6432211e-02   7.5221239e-01
   4.6499151e-02   7.5368732e-01
   4.6996475e-02   7.5516224e-01
   4.7037598e-02   7.5663717e-01
   4.7185693e-02   7.5811209e-01
   4.7354677e-02   7.5958702e-01
   4.7404513e-02   7.6106195e-01
   4.7506746e-02   7.6401180e-01
   4.7860217e-02   7.6548673e-01
   4.7864717e-02   7.6696165e-01
   4.7867160e-02   7.6843658e-01
   4.7882541e-02   7.6991150e-01
   4.8160819e-02   7.7286136e-01
   4.8352764e-02   7.7433628e-01
   4.8428583e-02   7.7581121e-01
   4.8564430e-02   7.7728614e-01
   4.9138836e-02   7.7876106e-01
   4.9221236e-02   7.8023599e-01
   4.9428039e-02   7.8171091e-01
   4.9805443e-02   7.8318584e-01
   5.0354559e-02   7.8466077e-01
   5.0432353e-02   7.8613569e-01
   5.0455482e-02   7.8761062e-01
   5.0609932e-02   7.8908555e-01
   5.0799268e-02   7.9056047e-01
   5.0830415e-02   7.9203540e-01
   5.0998271e-02   7.9351032e-01
   5.1091055e-02   7.9498525e-01
   5.1300777e-02   7.9646018e-01
   5.1323766e-02   7.9793510e-01
   5.1649756e-02   7.9941003e-01
   5.1717992e-02   8.0088496e-01
   5.1756542e-02   8.0235988e-01
   5.1866058e-02   8.0383481e-01
   5.2700861e-02   8.0530973e-01
   5.2717886e-02   8.0678466e-01
   5.2751016e-02   8.0825959e-01
   5.2938182e-02   8.0973451e-01
   5.3309700e-02   8.1120944e-01
   5.3432261e-02   8.1268437e-01
   5.3676134e-02   8.1415929e-01
   5.3720415e-02   8.1563422e-01
   5.3925120e-02   8.1710914e-01
   5.4084580e-02   8.1858407e-01
   5.4246410e-02   8.2005900e-01
   5.4486955e-02   8.2153392e-01
   5.4532065e-02   8.2300885e-01
   5.4942468e-02   8.2448378e-01
   5.5012765e-02   8.2595870e-01
   5.5044946e-02   8.2743363e-01
   5.5387390e-02   8.2890855e-01
   5.5718653e-02   8.3038348e-01
   5.5855877e-02   8.3185841e-01
   5.6052993e-02   8.3333333e-01
   5.6207777e-02   8.3480826e-01
   5.6575308e-02   8.3628319e-01
   5.6634418e-02   8.3775811e-01
   5.6696981e-02   8.3923304e-01
   5.6762044e-02   8.4070796e-01
   5.6826383e-02   8.4218289e-01
   5.6977266e-02   8.4365782e-01
   5.7209843e-02   8.4513274e-01
   5.7881675e-02   8.4660767e-01
   5.8171239e-02   8.4808260e-01
   5.8387686e-02   8.4955752e-01
   5.8675237e-02   8.5103245e-01
   5.8717764e-02   8.5250737e-01
   5.8759767e-02   8.5398230e-01
   5.9045397e-02   8.5545723e-01
   5.9672416e-02   8.5693215e-01
   6.0027797e-02   8.5840708e-01
   6.0718772e-02   8.5988201e-01
   6.1259023e-02   8.6135693e-01
   6.1385120e-02   8.6283186e-01
   6.1945808e-02   8.6430678e-01
   6.2197026e-02   8.6578171e-01
   6.2199920e-02   8.6725664e-01
   6.2283646e-02   8.6873156e-01
   6.2321756e-02   8.7020649e-01
   6.2553273e-02   8.7168142e-01
   6.2734330e-02   8.7315634e-01
   6.2835959e-02   8.7463127e-01
   6.4614281e-02   8.7610619e-01
   6.5488015e-02   8.7758112e-01
   6.5569293e-02   8.7905605e-01
   6.6377450e-02   8.8053097e-01
   6.6956080e-02   8.8200590e-01
   6.7050275e-02   8.8348083e-01
   6.7677125e-02   8.8495575e-01
   6.8570078e-02   8.8643068e-01
   6.8957915e-02   8.8790560e-01
   6.9471975e-02   8.8938053e-01
   6.9916955e-02   8.9085546e-01
   7.0155209e-02   8.9233038e-01
   7.0340451e-02   8.9380531e-01
   7.0837745e-02   8.9528024e-01
   7.1765984e-02   8.9675516e-01
   7.2382973e-02   8.9823009e-01
   7.3951838e-02   8.9970501e-01
   7.4192165e-02   9.0117994e-01
   7.5208077e-02   9.0265487e-01
   7.5301220e-02   9.0412979e-01
   7.5675183e-02   9.0560472e-01
   7.5741104e-02   9.0707965e-01
   7.5790029e-02   9.0855457e-01
   7.7559935e-02   9.1002950e-01
   7.8112085e-02   9.1150442e-01
   7.9494834e-02   9.1297935e-01
   7.9766171e-02   9.1445428e-01
   8.1079838e-02   9.1592920e-01
   8.1103473e-02   9.1740413e-01
   8.1168264e-02   9.1887906e-01
   8.1501232e-02   9.2035398e-01
   8.1677960e-02   9.2182891e-01
   8.2400480e-02   9.2330383e-01
   8.2408955e-02   9.2477876e-01
   8.3618188e-02   9.2625369e-01
   8.3742604e-02   9.2772861e-01
   8.3889195e-02   9.2920354e-01
   8.4485318e-02   9.3067847e-01
   8.5037889e-02   9.3215339e-01
   8.7258127e-02   9.3362832e-01
   8.9155216e-02   9.3510324e-01
   9.0640667e-02   9.3657817e-01
   9.0673931e-02   9.3805310e-01
   9.1000683e-02   9.3952802e-01
   9.2127819e-02   9.4100295e-01
   9.3871492e-02   9.4247788e-01
   9.7165672e-02   9.4395280e-01
   9.8158912e-02   9.4542773e-01
   9.8272456e-02   9.4690265e-01
   9.8463569e-02   9.4837758e-01
   9.8538643e-02   9.4985251e-01
   9.9087931e-02   9.5132743e-01
   9.9424482e-02   9.5280236e-01
   1.0001261e-01   9.5427729e-01
   1.0120428e-01   9.5575221e-01
   1.0427043e-01   9.5722714e-01
   1.0445993e-01   9.5870206e-01
   1.0529264e-01   9.6017699e-01
   1.0823979e-01   9.6165192e-01
   1.0938660e-01   9.6312684e-01
   1.0970681e-01   9.6460177e-01
   1.1039192e-01   9.6607670e-01
   1.1047920e-01   9.6755162e-01
   1.1050409e-01   9.6902655e-01
   1.1143731e-01   9.7050147e-01
   1.1315707e-01   9.7197640e-01
   1.1520202e-01   9.7345133e-01
   1.2495282e-01   9.7492625e-01
   1.2590497e-01   9.7640118e-01
   1.2664890e-01   9.7787611e-01
   1.3481873e-01   9.7935103e-01
   1.3670203e-01   9.8082596e-01
   1.3706831e-01   9.8230088e-01
   1.3905410e-01   9.8377581e-01
   1.4009643e-01   9.8525074e-01
   1.4062212e-01   9.8672566e-01
   1.4418927e-01   9.8820059e-01
   1.4495442e-01   9.8967552e-01
   1.4769283e-01   9.9115044e-01
   1.4912759e-01   9.9262537e-01
   1.6140489e-01   9.9410029e-01
   1.6344866e-01   9.9557522e-01
   1.6646023e-01   9.9705015e-01
   1.7151609e-01   9.9852507e-01
   1.8213564e-01   1.0000000e+00
