   2.6472000e-03   0.0000000e+00
   2.6472000e-03   8.6281277e-04
   2.9776000e-03   2.5884383e-03
   3.3088000e-03   3.4512511e-03
   3.6392000e-03   7.7653149e-03
   3.9704000e-03   1.4667817e-02
   4.3008000e-03   2.5884383e-02
   4.6320000e-03   2.9335634e-02
   4.9624000e-03   7.5927524e-02
   5.2936000e-03   8.6281277e-02
   5.6248000e-03   1.2942192e-01
   5.9552000e-03   1.4581536e-01
   6.2864000e-03   2.1829163e-01
   6.6168000e-03   2.2950820e-01
   6.9480000e-03   2.7610009e-01
   7.2784000e-03   2.9853322e-01
   7.6096000e-03   3.4167386e-01
   7.9408000e-03   3.5030198e-01
   8.2712000e-03   3.6755824e-01
   8.6024000e-03   3.9344262e-01
   8.9328000e-03   4.1760138e-01
   9.2640000e-03   4.2622951e-01
   9.5944000e-03   4.4607420e-01
   9.9256000e-03   4.6678171e-01
   1.0256800e-02   4.7886109e-01
   1.0587200e-02   5.0043141e-01
   1.0918400e-02   5.0992235e-01
   1.1248800e-02   5.3839517e-01
   1.1580000e-02   5.4961173e-01
   1.1910400e-02   5.7118205e-01
   1.2241600e-02   5.7808456e-01
   1.2572800e-02   5.9792925e-01
   1.2903200e-02   6.0224331e-01
   1.3234400e-02   6.1432269e-01
   1.3564800e-02   6.2036238e-01
   1.3896000e-02   6.4279551e-01
   1.4226400e-02   6.4883520e-01
   1.4557600e-02   6.6436583e-01
   1.4888000e-02   6.7299396e-01
   1.5219200e-02   6.8507334e-01
   1.5550400e-02   6.9283865e-01
   1.5880800e-02   6.9887834e-01
   1.6212000e-02   7.1095772e-01
   1.6542400e-02   7.1786022e-01
   1.6873600e-02   7.2389991e-01
   1.7204000e-02   7.2735116e-01
   1.7535200e-02   7.3684211e-01
   1.7866400e-02   7.4201898e-01
   1.8196800e-02   7.4892148e-01
   1.8528000e-02   7.5150992e-01
   1.8858400e-02   7.6531493e-01
   1.9189600e-02   7.6704055e-01
   1.9520000e-02   7.7221743e-01
   1.9851200e-02   7.7653149e-01
   2.0181600e-02   7.8515962e-01
   2.0512800e-02   7.9119931e-01
   2.0844000e-02   7.9637619e-01
   2.1174400e-02   8.0069025e-01
   2.1505600e-02   8.0931838e-01
   2.1836000e-02   8.1104400e-01
   2.2167200e-02   8.1967213e-01
   2.2497600e-02   8.2053494e-01
   2.2828800e-02   8.2484901e-01
   2.3159200e-02   8.3175151e-01
   2.3490400e-02   8.3433995e-01
   2.3821600e-02   8.3951682e-01
   2.4152000e-02   8.4296808e-01
   2.4483200e-02   8.4641933e-01
   2.4813600e-02   8.4728214e-01
   2.5144800e-02   8.5159620e-01
   2.5475200e-02   8.5332183e-01
   2.5806400e-02   8.6022433e-01
   2.6137600e-02   8.6194996e-01
   2.6468000e-02   8.6971527e-01
   2.6799200e-02   8.7402934e-01
   2.7129600e-02   8.7748059e-01
   2.7460800e-02   8.7920621e-01
   2.7791200e-02   8.8006903e-01
   2.8122400e-02   8.8093184e-01
   2.8453600e-02   8.8610871e-01
   2.8784000e-02   8.8697153e-01
   2.9115200e-02   8.9042278e-01
   2.9445600e-02   8.9301122e-01
   2.9776800e-02   8.9559965e-01
   3.0107200e-02   8.9818809e-01
   3.0438400e-02   8.9991372e-01
   3.0769600e-02   9.0163934e-01
   3.1431200e-02   9.0336497e-01
   3.1761600e-02   9.0767903e-01
   3.2092800e-02   9.0940466e-01
   3.2754400e-02   9.1113028e-01
   3.3084800e-02   9.1199310e-01
   3.3416000e-02   9.1285591e-01
   3.3747200e-02   9.1371872e-01
   3.4077600e-02   9.1630716e-01
   3.4408800e-02   9.1803279e-01
   3.4739200e-02   9.2062123e-01
   3.5070400e-02   9.2234685e-01
   3.5732000e-02   9.2320966e-01
   3.6063200e-02   9.2407248e-01
   3.6393600e-02   9.2579810e-01
   3.7716800e-02   9.2752373e-01
   3.8048000e-02   9.2838654e-01
   3.8379200e-02   9.2924935e-01
   3.8709600e-02   9.3011217e-01
   3.9040800e-02   9.3097498e-01
   3.9371200e-02   9.3183779e-01
   3.9702400e-02   9.3356342e-01
   4.0032800e-02   9.3615186e-01
   4.0364000e-02   9.3701467e-01
   4.0694400e-02   9.4132873e-01
   4.1687200e-02   9.4219154e-01
   4.2018400e-02   9.4391717e-01
   4.2348800e-02   9.4477998e-01
   4.3010400e-02   9.4736842e-01
   4.3341600e-02   9.4823123e-01
   4.4003200e-02   9.4909405e-01
   4.4334400e-02   9.4995686e-01
   4.4996000e-02   9.5168248e-01
   4.5326400e-02   9.5599655e-01
   4.5657600e-02   9.5685936e-01
   4.5988800e-02   9.5772217e-01
   4.7642400e-02   9.5944780e-01
   4.8635200e-02   9.6031061e-01
   4.8966400e-02   9.6203624e-01
   4.9296800e-02   9.6376186e-01
   5.0289600e-02   9.6635030e-01
   5.0620000e-02   9.6721311e-01
   5.1282400e-02   9.6807593e-01
   5.1612800e-02   9.6893874e-01
   5.1944000e-02   9.6980155e-01
   5.2936000e-02   9.7066437e-01
   5.4590400e-02   9.7152718e-01
   5.5913600e-02   9.7238999e-01
   5.6906400e-02   9.7411562e-01
   5.7237600e-02   9.7497843e-01
   5.8229600e-02   9.7584124e-01
   5.8560800e-02   9.7670406e-01
   5.9553600e-02   9.7756687e-01
   6.0215200e-02   9.7929249e-01
   6.0545600e-02   9.8015531e-01
   6.2200000e-02   9.8101812e-01
   6.3524000e-02   9.8188093e-01
   6.3854400e-02   9.8274374e-01
   6.4185600e-02   9.8360656e-01
   6.5508800e-02   9.8446937e-01
   6.7493600e-02   9.8533218e-01
   7.1132800e-02   9.8619500e-01
   7.2787200e-02   9.8705781e-01
   7.3780000e-02   9.8792062e-01
   7.5764800e-02   9.8878343e-01
   7.8080800e-02   9.8964625e-01
   8.6352000e-02   9.9050906e-01
   8.6683200e-02   9.9137187e-01
   8.7014400e-02   9.9223469e-01
   8.9330400e-02   9.9309750e-01
   1.0057920e-01   9.9396031e-01
   1.0157120e-01   9.9482312e-01
   1.0587280e-01   9.9568594e-01
   1.0885040e-01   9.9654875e-01
   1.1414400e-01   9.9741156e-01
   1.2870160e-01   9.9827437e-01
   1.3167920e-01   9.9913719e-01
   1.7899120e-01   1.0000000e+00
