   2.3144000e-03   0.0000000e+00
   2.3144000e-03   4.4052863e-03
   2.9752000e-03   8.8105727e-03
   3.3056000e-03   1.7621145e-02
   3.6360000e-03   3.0837004e-02
   3.9672000e-03   5.2863436e-02
   4.2976000e-03   7.0484581e-02
   4.6280000e-03   1.0132159e-01
   4.9584000e-03   1.4096916e-01
   5.2896000e-03   1.9823789e-01
   5.6200000e-03   2.3348018e-01
   5.9504000e-03   2.3788546e-01
   6.2808000e-03   2.6431718e-01
   6.6112000e-03   2.9515419e-01
   6.9424000e-03   3.1277533e-01
   7.2728000e-03   3.3920705e-01
   7.6032000e-03   3.5242291e-01
   7.9336000e-03   3.6563877e-01
   8.2648000e-03   3.9207048e-01
   8.5952000e-03   3.9647577e-01
   8.9256000e-03   4.1409692e-01
   9.2560000e-03   4.3171806e-01
   9.5864000e-03   4.5814978e-01
   9.9176000e-03   4.6255507e-01
   1.0248000e-02   4.6696035e-01
   1.0908800e-02   4.8017621e-01
   1.1240000e-02   4.8898678e-01
   1.1570400e-02   5.0220264e-01
   1.1900800e-02   5.1101322e-01
   1.2231200e-02   5.1541850e-01
   1.2562400e-02   5.3303965e-01
   1.2892800e-02   5.3744493e-01
   1.3223200e-02   5.5506608e-01
   1.3553600e-02   5.6387665e-01
   1.3884000e-02   5.7709251e-01
   1.4215200e-02   5.9471366e-01
   1.4545600e-02   5.9911894e-01
   1.4876000e-02   6.2114537e-01
   1.5537600e-02   6.2995595e-01
   1.5868000e-02   6.3876652e-01
   1.6198400e-02   6.5638767e-01
   1.6859200e-02   6.7400881e-01
   1.7520800e-02   6.8281938e-01
   1.7851200e-02   6.9162996e-01
   1.8181600e-02   7.0484581e-01
   1.8843200e-02   7.1806167e-01
   1.9504000e-02   7.2687225e-01
   1.9834400e-02   7.3127753e-01
   2.0496000e-02   7.4008811e-01
   2.1156800e-02   7.4889868e-01
   2.1488000e-02   7.5330396e-01
   2.2148800e-02   7.5770925e-01
   2.2479200e-02   7.6211454e-01
   2.2809600e-02   7.6651982e-01
   2.3140800e-02   7.7533040e-01
   2.3471200e-02   7.8414097e-01
   2.4463200e-02   7.8854626e-01
   2.5124000e-02   7.9295154e-01
   2.5784800e-02   7.9735683e-01
   2.6116000e-02   8.0176211e-01
   2.6446400e-02   8.0616740e-01
   2.7768800e-02   8.1057269e-01
   2.8429600e-02   8.2378855e-01
   2.9752000e-02   8.2819383e-01
   3.0082400e-02   8.3259912e-01
   3.3719200e-02   8.3700441e-01
   3.5702400e-02   8.4140969e-01
   3.7355200e-02   8.4581498e-01
   3.7685600e-02   8.5022026e-01
   3.9008000e-02   8.5462555e-01
   3.9339200e-02   8.5903084e-01
   4.0330400e-02   8.6784141e-01
   4.0660800e-02   8.7224670e-01
   4.2314400e-02   8.7665198e-01
   4.5950400e-02   8.8105727e-01
   4.8595200e-02   8.8546256e-01
   4.9586400e-02   8.9427313e-01
   5.3223200e-02   8.9867841e-01
   5.5206400e-02   9.0748899e-01
   5.6859200e-02   9.1189427e-01
   5.7851200e-02   9.1629956e-01
   5.8181600e-02   9.2070485e-01
   5.8843200e-02   9.2511013e-01
   6.0826400e-02   9.2951542e-01
   6.1156800e-02   9.3392070e-01
   6.1487200e-02   9.3832599e-01
   6.2479200e-02   9.4273128e-01
   6.5454400e-02   9.4713656e-01
   6.6776800e-02   9.5154185e-01
   6.7107200e-02   9.5594714e-01
   6.9091200e-02   9.6035242e-01
   7.3719200e-02   9.6475771e-01
   7.8677600e-02   9.6916300e-01
   8.8595200e-02   9.7356828e-01
   8.9256000e-02   9.7797357e-01
   1.0611600e-01   9.8237885e-01
   1.1768560e-01   9.8678414e-01
   1.3057840e-01   9.9118943e-01
   1.7652880e-01   9.9559471e-01
   1.8280960e-01   1.0000000e+00
