   8.6402157e-03   0.0000000e+00
   8.6402157e-03   1.9455253e-03
   8.9416633e-03   3.8910506e-03
   9.2477410e-03   5.8365759e-03
   9.2536105e-03   9.7276265e-03
   1.0026337e-02   1.1673152e-02
   1.0066540e-02   1.3618677e-02
   1.0301123e-02   1.5564202e-02
   1.0547918e-02   1.7509728e-02
   1.0637693e-02   1.9455253e-02
   1.0855019e-02   2.1400778e-02
   1.0883957e-02   2.3346304e-02
   1.1264159e-02   2.5291829e-02
   1.1705868e-02   2.7237354e-02
   1.1827050e-02   2.9182879e-02
   1.2008056e-02   3.1128405e-02
   1.2489064e-02   3.3073930e-02
   1.2613149e-02   3.5019455e-02
   1.2828962e-02   3.6964981e-02
   1.3051943e-02   4.0856031e-02
   1.3131922e-02   4.2801556e-02
   1.3356911e-02   4.4747082e-02
   1.3639667e-02   4.6692607e-02
   1.3693664e-02   4.8638132e-02
   1.3735479e-02   5.0583658e-02
   1.3844584e-02   5.2529183e-02
   1.3877269e-02   5.4474708e-02
   1.4010261e-02   5.6420233e-02
   1.4177827e-02   5.8365759e-02
   1.4217795e-02   6.0311284e-02
   1.4256066e-02   6.2256809e-02
   1.4468568e-02   6.6147860e-02
   1.4512100e-02   6.8093385e-02
   1.4515403e-02   7.0038911e-02
   1.4566541e-02   7.1984436e-02
   1.4567337e-02   7.3929961e-02
   1.4597453e-02   7.5875486e-02
   1.4748773e-02   7.7821012e-02
   1.4768485e-02   7.9766537e-02
   1.5038920e-02   8.1712062e-02
   1.5183204e-02   8.3657588e-02
   1.5205392e-02   8.5603113e-02
   1.5320101e-02   8.7548638e-02
   1.5330913e-02   8.9494163e-02
   1.5586199e-02   9.1439689e-02
   1.5598970e-02   9.3385214e-02
   1.5871553e-02   9.5330739e-02
   1.5910853e-02   9.7276265e-02
   1.6097227e-02   9.9221790e-02
   1.6332610e-02   1.0116732e-01
   1.6416436e-02   1.0311284e-01
   1.6456234e-02   1.0505837e-01
   1.6505230e-02   1.0894942e-01
   1.6660048e-02   1.1089494e-01
   1.6696114e-02   1.1284047e-01
   1.6712799e-02   1.1478599e-01
   1.6896022e-02   1.1867704e-01
   1.7002758e-02   1.2062257e-01
   1.7017691e-02   1.2256809e-01
   1.7045644e-02   1.2451362e-01
   1.7136580e-02   1.2645914e-01
   1.7284602e-02   1.2840467e-01
   1.7458826e-02   1.3035019e-01
   1.7500417e-02   1.3229572e-01
   1.7545797e-02   1.3424125e-01
   1.7554455e-02   1.3618677e-01
   1.7579273e-02   1.3813230e-01
   1.7762002e-02   1.4007782e-01
   1.7807025e-02   1.4202335e-01
   1.7817680e-02   1.4396887e-01
   1.7883901e-02   1.4591440e-01
   1.7891241e-02   1.4785992e-01
   1.7944074e-02   1.4980545e-01
   1.8011381e-02   1.5175097e-01
   1.8105828e-02   1.5369650e-01
   1.8117594e-02   1.5564202e-01
   1.8133189e-02   1.5758755e-01
   1.8303132e-02   1.5953307e-01
   1.8373817e-02   1.6147860e-01
   1.8437452e-02   1.6342412e-01
   1.8645720e-02   1.6536965e-01
   1.8657246e-02   1.6731518e-01
   1.8658649e-02   1.6926070e-01
   1.8680749e-02   1.7120623e-01
   1.8708822e-02   1.7315175e-01
   1.9008088e-02   1.7509728e-01
   1.9149062e-02   1.7704280e-01
   1.9238082e-02   1.7898833e-01
   1.9238132e-02   1.8093385e-01
   1.9282787e-02   1.8287938e-01
   1.9408302e-02   1.8482490e-01
   1.9480541e-02   1.8677043e-01
   1.9492265e-02   1.8871595e-01
   1.9570003e-02   1.9066148e-01
   1.9755358e-02   1.9260700e-01
   1.9958912e-02   1.9455253e-01
   2.0035528e-02   1.9649805e-01
   2.0136326e-02   1.9844358e-01
   2.0141077e-02   2.0038911e-01
   2.0189963e-02   2.0233463e-01
   2.0318025e-02   2.0428016e-01
   2.0321355e-02   2.0622568e-01
   2.0339513e-02   2.1011673e-01
   2.0443895e-02   2.1206226e-01
   2.0479151e-02   2.1595331e-01
   2.0579798e-02   2.1789883e-01
   2.0590540e-02   2.1984436e-01
   2.0640953e-02   2.2178988e-01
   2.0645958e-02   2.2373541e-01
   2.0697955e-02   2.2568093e-01
   2.0820534e-02   2.2762646e-01
   2.0838169e-02   2.2957198e-01
   2.0880582e-02   2.3151751e-01
   2.0894788e-02   2.3346304e-01
   2.0907578e-02   2.3540856e-01
   2.1095484e-02   2.3735409e-01
   2.1165111e-02   2.3929961e-01
   2.1172306e-02   2.4124514e-01
   2.1266988e-02   2.4319066e-01
   2.1322037e-02   2.4513619e-01
   2.1426238e-02   2.4708171e-01
   2.1440028e-02   2.4902724e-01
   2.1511322e-02   2.5291829e-01
   2.1518819e-02   2.5486381e-01
   2.1569238e-02   2.5680934e-01
   2.1603768e-02   2.5875486e-01
   2.1618358e-02   2.6070039e-01
   2.1709771e-02   2.6264591e-01
   2.1710631e-02   2.6653696e-01
   2.1728476e-02   2.7042802e-01
   2.1768386e-02   2.7237354e-01
   2.1828855e-02   2.7431907e-01
   2.1982167e-02   2.7626459e-01
   2.2165965e-02   2.7821012e-01
   2.2174507e-02   2.8015564e-01
   2.2283311e-02   2.8210117e-01
   2.2422884e-02   2.8404669e-01
   2.2558380e-02   2.8599222e-01
   2.2811618e-02   2.8793774e-01
   2.2854599e-02   2.9182879e-01
   2.2892369e-02   2.9377432e-01
   2.3091209e-02   2.9571984e-01
   2.3099249e-02   2.9766537e-01
   2.3102682e-02   2.9961089e-01
   2.3119190e-02   3.0155642e-01
   2.3184696e-02   3.0350195e-01
   2.3198267e-02   3.0544747e-01
   2.3258985e-02   3.0739300e-01
   2.3291440e-02   3.0933852e-01
   2.3388481e-02   3.1128405e-01
   2.3410617e-02   3.1517510e-01
   2.3413512e-02   3.1906615e-01
   2.3453751e-02   3.2101167e-01
   2.3650456e-02   3.2295720e-01
   2.3657034e-02   3.2490272e-01
   2.3657804e-02   3.2684825e-01
   2.3676500e-02   3.2879377e-01
   2.3894546e-02   3.3268482e-01
   2.3931367e-02   3.3463035e-01
   2.3941823e-02   3.3657588e-01
   2.3966660e-02   3.4046693e-01
   2.4045826e-02   3.4241245e-01
   2.4080390e-02   3.4435798e-01
   2.4137648e-02   3.4630350e-01
   2.4489387e-02   3.4824903e-01
   2.4544106e-02   3.5019455e-01
   2.4602729e-02   3.5214008e-01
   2.4661308e-02   3.5408560e-01
   2.4665317e-02   3.5603113e-01
   2.4734814e-02   3.5797665e-01
   2.4807372e-02   3.5992218e-01
   2.4835305e-02   3.6186770e-01
   2.4871266e-02   3.6381323e-01
   2.4901438e-02   3.6575875e-01
   2.5107484e-02   3.6770428e-01
   2.5135639e-02   3.6964981e-01
   2.5317811e-02   3.7159533e-01
   2.5322102e-02   3.7548638e-01
   2.5397016e-02   3.7937743e-01
   2.5437137e-02   3.8132296e-01
   2.5494682e-02   3.8326848e-01
   2.5508891e-02   3.8715953e-01
   2.5620858e-02   3.9105058e-01
   2.5625257e-02   3.9299611e-01
   2.5650723e-02   3.9494163e-01
   2.5658403e-02   3.9688716e-01
   2.5747815e-02   3.9883268e-01
   2.5920093e-02   4.0077821e-01
   2.5958801e-02   4.0272374e-01
   2.5969132e-02   4.0466926e-01
   2.5983156e-02   4.0661479e-01
   2.6048898e-02   4.0856031e-01
   2.6079129e-02   4.1050584e-01
   2.6218600e-02   4.1245136e-01
   2.6240430e-02   4.1439689e-01
   2.6348459e-02   4.1634241e-01
   2.6432896e-02   4.1828794e-01
   2.6437570e-02   4.2023346e-01
   2.6442376e-02   4.2217899e-01
   2.6461756e-02   4.2412451e-01
   2.6487637e-02   4.2607004e-01
   2.6493894e-02   4.2801556e-01
   2.6562579e-02   4.3190661e-01
   2.6600492e-02   4.3385214e-01
   2.6635133e-02   4.3579767e-01
   2.6637339e-02   4.3774319e-01
   2.6710303e-02   4.3968872e-01
   2.6796497e-02   4.4163424e-01
   2.6883405e-02   4.4357977e-01
   2.6969181e-02   4.4552529e-01
   2.6995584e-02   4.4747082e-01
   2.6995800e-02   4.4941634e-01
   2.7001457e-02   4.5330739e-01
   2.7033357e-02   4.5525292e-01
   2.7125871e-02   4.5719844e-01
   2.7134353e-02   4.5914397e-01
   2.7137409e-02   4.6108949e-01
   2.7198273e-02   4.6303502e-01
   2.7257421e-02   4.6498054e-01
   2.7338365e-02   4.6692607e-01
   2.7515598e-02   4.6887160e-01
   2.7525352e-02   4.7081712e-01
   2.7601759e-02   4.7276265e-01
   2.7643422e-02   4.7470817e-01
   2.7824891e-02   4.7665370e-01
   2.7886141e-02   4.7859922e-01
   2.7901959e-02   4.8054475e-01
   2.7929300e-02   4.8249027e-01
   2.8078896e-02   4.8443580e-01
   2.8103173e-02   4.8638132e-01
   2.8355026e-02   4.8832685e-01
   2.8379214e-02   4.9027237e-01
   2.8571141e-02   4.9221790e-01
   2.8692036e-02   4.9416342e-01
   2.8766978e-02   4.9610895e-01
   2.8937224e-02   5.0000000e-01
   2.9003920e-02   5.0194553e-01
   2.9073693e-02   5.0389105e-01
   2.9195327e-02   5.0583658e-01
   2.9284852e-02   5.0972763e-01
   2.9384122e-02   5.1167315e-01
   2.9501818e-02   5.1361868e-01
   2.9547201e-02   5.1556420e-01
   2.9619242e-02   5.1750973e-01
   2.9641271e-02   5.1945525e-01
   2.9710034e-02   5.2140078e-01
   2.9717123e-02   5.2334630e-01
   2.9743773e-02   5.2529183e-01
   2.9788413e-02   5.2723735e-01
   2.9846235e-02   5.2918288e-01
   2.9926232e-02   5.3112840e-01
   3.0036327e-02   5.3307393e-01
   3.0380401e-02   5.3501946e-01
   3.0410785e-02   5.3696498e-01
   3.0453540e-02   5.3891051e-01
   3.0468877e-02   5.4085603e-01
   3.0481167e-02   5.4280156e-01
   3.0575596e-02   5.4474708e-01
   3.0662920e-02   5.4669261e-01
   3.0760994e-02   5.5058366e-01
   3.0840259e-02   5.5252918e-01
   3.0890132e-02   5.5447471e-01
   3.1037068e-02   5.5642023e-01
   3.1067909e-02   5.5836576e-01
   3.1113150e-02   5.6031128e-01
   3.1176288e-02   5.6225681e-01
   3.1271661e-02   5.6420233e-01
   3.1457913e-02   5.6614786e-01
   3.1492933e-02   5.6809339e-01
   3.1529685e-02   5.7003891e-01
   3.1603682e-02   5.7198444e-01
   3.1621579e-02   5.7392996e-01
   3.1702012e-02   5.7587549e-01
   3.1727415e-02   5.7782101e-01
   3.1746624e-02   5.7976654e-01
   3.1886266e-02   5.8171206e-01
   3.1964255e-02   5.8560311e-01
   3.2020964e-02   5.8754864e-01
   3.2179980e-02   5.8949416e-01
   3.2183461e-02   5.9338521e-01
   3.2193944e-02   5.9533074e-01
   3.2665740e-02   5.9727626e-01
   3.2701748e-02   5.9922179e-01
   3.2957257e-02   6.0116732e-01
   3.3111093e-02   6.0311284e-01
   3.3175005e-02   6.0505837e-01
   3.3215932e-02   6.0700389e-01
   3.3262100e-02   6.0894942e-01
   3.3307657e-02   6.1089494e-01
   3.3320606e-02   6.1284047e-01
   3.3424966e-02   6.1478599e-01
   3.3457977e-02   6.1673152e-01
   3.3628612e-02   6.1867704e-01
   3.3636845e-02   6.2062257e-01
   3.3736050e-02   6.2256809e-01
   3.3885303e-02   6.2645914e-01
   3.4318884e-02   6.2840467e-01
   3.4448245e-02   6.3035019e-01
   3.4474265e-02   6.3229572e-01
   3.4546908e-02   6.3424125e-01
   3.4573112e-02   6.3618677e-01
   3.4596934e-02   6.3813230e-01
   3.4796544e-02   6.4007782e-01
   3.4835900e-02   6.4202335e-01
   3.5039349e-02   6.4396887e-01
   3.5065990e-02   6.4591440e-01
   3.5079693e-02   6.4785992e-01
   3.5096224e-02   6.4980545e-01
   3.5335563e-02   6.5175097e-01
   3.5339059e-02   6.5369650e-01
   3.5349985e-02   6.5564202e-01
   3.5619864e-02   6.5758755e-01
   3.5650347e-02   6.5953307e-01
   3.5672044e-02   6.6147860e-01
   3.5680887e-02   6.6342412e-01
   3.5888739e-02   6.6536965e-01
   3.5962583e-02   6.6731518e-01
   3.5979836e-02   6.6926070e-01
   3.6023235e-02   6.7120623e-01
   3.6240351e-02   6.7315175e-01
   3.6240788e-02   6.7509728e-01
   3.6284452e-02   6.7704280e-01
   3.6409830e-02   6.7898833e-01
   3.6451630e-02   6.8093385e-01
   3.6652137e-02   6.8287938e-01
   3.7229263e-02   6.8482490e-01
   3.7243767e-02   6.8677043e-01
   3.7468315e-02   6.8871595e-01
   3.7523713e-02   6.9066148e-01
   3.7592486e-02   6.9260700e-01
   3.7628000e-02   6.9455253e-01
   3.7850905e-02   6.9649805e-01
   3.8140230e-02   6.9844358e-01
   3.8144353e-02   7.0038911e-01
   3.8258122e-02   7.0233463e-01
   3.8678258e-02   7.0428016e-01
   3.8688859e-02   7.0622568e-01
   3.8794974e-02   7.0817121e-01
   3.8887712e-02   7.1011673e-01
   3.9021435e-02   7.1206226e-01
   3.9243211e-02   7.1400778e-01
   3.9347953e-02   7.1595331e-01
   3.9510716e-02   7.1789883e-01
   3.9534778e-02   7.1984436e-01
   3.9607463e-02   7.2178988e-01
   3.9741178e-02   7.2373541e-01
   3.9744290e-02   7.2568093e-01
   3.9844487e-02   7.2762646e-01
   3.9847042e-02   7.2957198e-01
   3.9892490e-02   7.3151751e-01
   4.0100198e-02   7.3346304e-01
   4.0104723e-02   7.3540856e-01
   4.0219833e-02   7.3735409e-01
   4.0407160e-02   7.3929961e-01
   4.0468580e-02   7.4124514e-01
   4.0932258e-02   7.4319066e-01
   4.1201880e-02   7.4513619e-01
   4.1463798e-02   7.4708171e-01
   4.2082389e-02   7.4902724e-01
   4.2329014e-02   7.5097276e-01
   4.2348043e-02   7.5291829e-01
   4.2603819e-02   7.5486381e-01
   4.2856089e-02   7.5680934e-01
   4.3023217e-02   7.5875486e-01
   4.3224055e-02   7.6070039e-01
   4.3429611e-02   7.6264591e-01
   4.3743848e-02   7.6459144e-01
   4.3933943e-02   7.6653696e-01
   4.4305456e-02   7.6848249e-01
   4.4359560e-02   7.7042802e-01
   4.4617838e-02   7.7237354e-01
   4.4793121e-02   7.7431907e-01
   4.4844654e-02   7.7626459e-01
   4.4883916e-02   7.7821012e-01
   4.5117891e-02   7.8015564e-01
   4.5242899e-02   7.8210117e-01
   4.5326559e-02   7.8404669e-01
   4.5447283e-02   7.8599222e-01
   4.6237362e-02   7.8793774e-01
   4.6239459e-02   7.8988327e-01
   4.6345533e-02   7.9182879e-01
   4.6932645e-02   7.9377432e-01
   4.7148247e-02   7.9571984e-01
   4.7882521e-02   7.9766537e-01
   4.8034076e-02   7.9961089e-01
   4.8057486e-02   8.0155642e-01
   4.8058542e-02   8.0350195e-01
   4.8073764e-02   8.0544747e-01
   4.8451651e-02   8.0739300e-01
   4.8496294e-02   8.0933852e-01
   4.8720981e-02   8.1128405e-01
   4.8767188e-02   8.1322957e-01
   4.9973805e-02   8.1517510e-01
   5.0085513e-02   8.1712062e-01
   5.0431883e-02   8.1906615e-01
   5.0717823e-02   8.2101167e-01
   5.0884874e-02   8.2295720e-01
   5.1018372e-02   8.2490272e-01
   5.1053636e-02   8.2684825e-01
   5.1138048e-02   8.2879377e-01
   5.1341035e-02   8.3073930e-01
   5.1495631e-02   8.3268482e-01
   5.1542834e-02   8.3463035e-01
   5.2060587e-02   8.3657588e-01
   5.2581352e-02   8.3852140e-01
   5.2664834e-02   8.4046693e-01
   5.2884264e-02   8.4241245e-01
   5.3179529e-02   8.4435798e-01
   5.3203888e-02   8.4630350e-01
   5.3342514e-02   8.4824903e-01
   5.4166289e-02   8.5019455e-01
   5.5100894e-02   8.5214008e-01
   5.5326459e-02   8.5408560e-01
   5.5756949e-02   8.5603113e-01
   5.5828108e-02   8.5797665e-01
   5.6027545e-02   8.5992218e-01
   5.7067625e-02   8.6186770e-01
   5.7122231e-02   8.6381323e-01
   5.7596570e-02   8.6575875e-01
   5.7867888e-02   8.6770428e-01
   5.7876973e-02   8.6964981e-01
   5.8168406e-02   8.7159533e-01
   5.8204073e-02   8.7354086e-01
   5.8409880e-02   8.7548638e-01
   5.8457415e-02   8.7743191e-01
   5.8572880e-02   8.7937743e-01
   5.9087375e-02   8.8132296e-01
   5.9173075e-02   8.8326848e-01
   5.9275280e-02   8.8521401e-01
   5.9462202e-02   8.8715953e-01
   5.9544497e-02   8.8910506e-01
   6.0446369e-02   8.9105058e-01
   6.0703376e-02   8.9299611e-01
   6.0867654e-02   8.9494163e-01
   6.0985671e-02   8.9688716e-01
   6.1215100e-02   8.9883268e-01
   6.1468215e-02   9.0077821e-01
   6.1497242e-02   9.0272374e-01
   6.1523756e-02   9.0466926e-01
   6.1903075e-02   9.0661479e-01
   6.2032519e-02   9.0856031e-01
   6.2171380e-02   9.1050584e-01
   6.2197875e-02   9.1245136e-01
   6.2254295e-02   9.1439689e-01
   6.2620124e-02   9.1634241e-01
   6.2915203e-02   9.1828794e-01
   6.3235450e-02   9.2023346e-01
   6.3278520e-02   9.2217899e-01
   6.6508334e-02   9.2412451e-01
   6.6688795e-02   9.2607004e-01
   6.7038230e-02   9.2801556e-01
   6.7518973e-02   9.2996109e-01
   6.7709041e-02   9.3190661e-01
   6.8485818e-02   9.3385214e-01
   7.0348903e-02   9.3579767e-01
   7.1230354e-02   9.3774319e-01
   7.1461740e-02   9.3968872e-01
   7.2857235e-02   9.4163424e-01
   7.2869001e-02   9.4357977e-01
   7.3462246e-02   9.4552529e-01
   7.3784151e-02   9.4747082e-01
   7.4385795e-02   9.4941634e-01
   7.5533864e-02   9.5136187e-01
   7.6539651e-02   9.5330739e-01
   7.6962613e-02   9.5525292e-01
   7.8200529e-02   9.5719844e-01
   7.8334700e-02   9.5914397e-01
   7.9500322e-02   9.6108949e-01
   8.0074817e-02   9.6303502e-01
   8.0784746e-02   9.6498054e-01
   8.2838421e-02   9.6692607e-01
   8.2885360e-02   9.6887160e-01
   8.2983294e-02   9.7081712e-01
   8.4276728e-02   9.7276265e-01
   8.5087751e-02   9.7470817e-01
   8.9220590e-02   9.7665370e-01
   9.1099568e-02   9.7859922e-01
   9.1709000e-02   9.8054475e-01
   9.2690362e-02   9.8249027e-01
   9.2761398e-02   9.8443580e-01
   9.4376978e-02   9.8638132e-01
   9.5996175e-02   9.8832685e-01
   9.8005225e-02   9.9027237e-01
   9.9988903e-02   9.9221790e-01
   1.3070693e-01   9.9416342e-01
   1.5199770e-01   9.9610895e-01
   1.6137749e-01   9.9805447e-01
   1.6800264e-01   1.0000000e+00
