   3.2040000e-03   0.0000000e+00
   3.2040000e-03   3.0769231e-03
   4.1192000e-03   9.2307692e-03
   4.5768000e-03   2.7692308e-02
   5.0344000e-03   4.0000000e-02
   5.4920000e-03   5.5384615e-02
   5.9496000e-03   6.1538462e-02
   6.4072000e-03   8.9230769e-02
   6.8648000e-03   1.2307692e-01
   7.3224000e-03   1.5692308e-01
   7.7800000e-03   1.9076923e-01
   8.2376000e-03   2.1230769e-01
   8.6960000e-03   2.5230769e-01
   9.1536000e-03   2.8307692e-01
   9.6112000e-03   3.0153846e-01
   1.0068800e-02   3.2307692e-01
   1.0526400e-02   3.3846154e-01
   1.0984000e-02   3.6307692e-01
   1.1441600e-02   3.9076923e-01
   1.1899200e-02   4.1230769e-01
   1.2356800e-02   4.1846154e-01
   1.2814400e-02   4.3384615e-01
   1.3272000e-02   4.3692308e-01
   1.3730400e-02   4.5230769e-01
   1.4188000e-02   4.7692308e-01
   1.4645600e-02   4.8307692e-01
   1.5560800e-02   4.9230769e-01
   1.6018400e-02   5.0153846e-01
   1.6476000e-02   5.2615385e-01
   1.6933600e-02   5.3846154e-01
   1.7391200e-02   5.4461538e-01
   1.7848800e-02   5.6000000e-01
   1.8764000e-02   5.6923077e-01
   1.9222400e-02   5.7538462e-01
   1.9679200e-02   5.7846154e-01
   2.0137600e-02   5.8153846e-01
   2.0595200e-02   5.9692308e-01
   2.1052800e-02   6.1230769e-01
   2.1510400e-02   6.2153846e-01
   2.1968000e-02   6.2461538e-01
   2.2425600e-02   6.2769231e-01
   2.2883200e-02   6.4000000e-01
   2.3340800e-02   6.4615385e-01
   2.3798400e-02   6.4923077e-01
   2.4256000e-02   6.6153846e-01
   2.5171200e-02   6.6769231e-01
   2.5629600e-02   6.7384615e-01
   2.6087200e-02   6.7692308e-01
   2.6544800e-02   6.8307692e-01
   2.7460000e-02   6.8923077e-01
   2.7917600e-02   7.0153846e-01
   2.8375200e-02   7.0769231e-01
   2.8832800e-02   7.1076923e-01
   2.9290400e-02   7.2307692e-01
   2.9748000e-02   7.2923077e-01
   3.0205600e-02   7.3230769e-01
   3.0664000e-02   7.3538462e-01
   3.1579200e-02   7.4153846e-01
   3.2494400e-02   7.4769231e-01
   3.2952000e-02   7.5076923e-01
   3.3409600e-02   7.5384615e-01
   3.3867200e-02   7.5692308e-01
   3.4324800e-02   7.6000000e-01
   3.4782400e-02   7.6307692e-01
   3.5697600e-02   7.6923077e-01
   3.6613600e-02   7.7230769e-01
   3.7071200e-02   7.7538462e-01
   3.7528800e-02   7.7846154e-01
   3.7986400e-02   7.8153846e-01
   3.8444000e-02   7.8461538e-01
   3.8901600e-02   7.8769231e-01
   3.9816800e-02   7.9076923e-01
   4.0732000e-02   7.9384615e-01
   4.1189600e-02   8.0307692e-01
   4.1648000e-02   8.0923077e-01
   4.2105600e-02   8.1846154e-01
   4.2563200e-02   8.2153846e-01
   4.3936000e-02   8.2461538e-01
   4.4393600e-02   8.2769231e-01
   4.4851200e-02   8.3076923e-01
   4.6681600e-02   8.3692308e-01
   4.7139200e-02   8.4000000e-01
   4.8055200e-02   8.4923077e-01
   4.8970400e-02   8.5230769e-01
   5.0800800e-02   8.5538462e-01
   5.1258400e-02   8.6153846e-01
   5.3089600e-02   8.6461538e-01
   5.4462400e-02   8.6769231e-01
   5.4920000e-02   8.7076923e-01
   5.5835200e-02   8.7384615e-01
   5.7208000e-02   8.7692308e-01
   5.7665600e-02   8.8000000e-01
   5.8123200e-02   8.8307692e-01
   6.4531200e-02   8.8615385e-01
   6.7276800e-02   8.8923077e-01
   6.7734400e-02   8.9230769e-01
   6.8192000e-02   8.9538462e-01
   7.0023200e-02   8.9846154e-01
   7.0938400e-02   9.0153846e-01
   7.1853600e-02   9.0461538e-01
   7.2311200e-02   9.0769231e-01
   7.4141600e-02   9.1076923e-01
   7.5515200e-02   9.1692308e-01
   7.5972800e-02   9.2000000e-01
   7.6888000e-02   9.2307692e-01
   7.8718400e-02   9.2615385e-01
   7.9176000e-02   9.2923077e-01
   8.0091200e-02   9.3230769e-01
   9.0160000e-02   9.3538462e-01
   9.3821600e-02   9.3846154e-01
   9.5652000e-02   9.4153846e-01
   9.6109600e-02   9.4461538e-01
   9.9313600e-02   9.4769231e-01
   1.0068640e-01   9.5076923e-01
   1.0205920e-01   9.5384615e-01
   1.1395920e-01   9.5692308e-01
   1.1762000e-01   9.6000000e-01
   1.2585840e-01   9.6307692e-01
   1.2677360e-01   9.6615385e-01
   1.2768880e-01   9.6923077e-01
   1.4782640e-01   9.7230769e-01
   1.6704800e-01   9.7538462e-01
   1.7894720e-01   9.7846154e-01
   1.9222000e-01   9.8153846e-01
   2.0091520e-01   9.8461538e-01
   2.0823760e-01   9.8769231e-01
   2.1052640e-01   9.9076923e-01
   2.1281440e-01   9.9384615e-01
   2.2013760e-01   9.9692308e-01
   2.5446240e-01   1.0000000e+00
