   4.9339497e-03   0.0000000e+00
   4.9339497e-03   2.9940120e-03
   5.1548943e-03   5.9880240e-03
   5.2527990e-03   1.1976048e-02
   5.6869918e-03   1.4970060e-02
   6.0895643e-03   1.7964072e-02
   6.2199729e-03   2.6946108e-02
   6.2612801e-03   2.9940120e-02
   6.3665205e-03   3.2934132e-02
   6.5738664e-03   3.5928144e-02
   6.6154722e-03   3.8922156e-02
   6.8255170e-03   4.1916168e-02
   6.9952785e-03   5.0898204e-02
   7.0301518e-03   5.3892216e-02
   7.2627035e-03   5.6886228e-02
   7.2882663e-03   6.2874251e-02
   7.3296147e-03   6.5868263e-02
   7.4576071e-03   7.4850299e-02
   7.5338538e-03   7.7844311e-02
   7.5388024e-03   8.3832335e-02
   7.5983841e-03   8.6826347e-02
   7.7819438e-03   8.9820359e-02
   7.8140368e-03   9.2814371e-02
   7.8237705e-03   9.5808383e-02
   7.8646331e-03   9.8802395e-02
   7.9519226e-03   1.0179641e-01
   8.0712978e-03   1.0778443e-01
   8.1908359e-03   1.1077844e-01
   8.3380868e-03   1.1676647e-01
   8.3590582e-03   1.2275449e-01
   8.4005352e-03   1.2574850e-01
   8.4145415e-03   1.2874251e-01
   8.4427707e-03   1.3173653e-01
   8.4827486e-03   1.3473054e-01
   8.5737079e-03   1.3772455e-01
   8.6124370e-03   1.4071856e-01
   8.6403513e-03   1.4670659e-01
   8.6496589e-03   1.4970060e-01
   8.7045945e-03   1.5269461e-01
   8.7188639e-03   1.5568862e-01
   8.7445838e-03   1.5868263e-01
   8.8758264e-03   1.6167665e-01
   8.9219363e-03   1.6467066e-01
   8.9362544e-03   1.6766467e-01
   9.0142441e-03   1.7365269e-01
   9.0291880e-03   1.7664671e-01
   9.1235279e-03   1.8263473e-01
   9.1478901e-03   1.8862275e-01
   9.1779348e-03   1.9161677e-01
   9.1831855e-03   1.9461078e-01
   9.2381424e-03   1.9760479e-01
   9.3436618e-03   2.0059880e-01
   9.4278770e-03   2.0359281e-01
   9.5466424e-03   2.1257485e-01
   9.6262064e-03   2.1556886e-01
   9.6511234e-03   2.1856287e-01
   9.6631551e-03   2.2455090e-01
   9.7144993e-03   2.2754491e-01
   9.7182698e-03   2.3353293e-01
   9.7732402e-03   2.3652695e-01
   9.9656532e-03   2.3952096e-01
   9.9673650e-03   2.4550898e-01
   9.9858924e-03   2.4850299e-01
   1.0008327e-02   2.5149701e-01
   1.0184799e-02   2.5449102e-01
   1.0223909e-02   2.6347305e-01
   1.0224937e-02   2.7544910e-01
   1.0309951e-02   2.7844311e-01
   1.0312880e-02   2.8143713e-01
   1.0391583e-02   2.8443114e-01
   1.0466421e-02   2.8742515e-01
   1.0489803e-02   2.9041916e-01
   1.0503496e-02   2.9640719e-01
   1.0545228e-02   2.9940120e-01
   1.0639129e-02   3.0239521e-01
   1.0642400e-02   3.0538922e-01
   1.0731750e-02   3.0838323e-01
   1.0762485e-02   3.1437126e-01
   1.0788868e-02   3.2035928e-01
   1.0843344e-02   3.2934132e-01
   1.0921265e-02   3.3233533e-01
   1.0923460e-02   3.3532934e-01
   1.1041900e-02   3.4131737e-01
   1.1078860e-02   3.4730539e-01
   1.1159915e-02   3.5029940e-01
   1.1238593e-02   3.5628743e-01
   1.1299620e-02   3.6227545e-01
   1.1300502e-02   3.6526946e-01
   1.1374471e-02   3.6826347e-01
   1.1378876e-02   3.7125749e-01
   1.1449140e-02   3.7425150e-01
   1.1557332e-02   3.7724551e-01
   1.1681729e-02   3.8023952e-01
   1.1769225e-02   3.8323353e-01
   1.1868043e-02   3.8922156e-01
   1.1880658e-02   3.9221557e-01
   1.1978570e-02   3.9520958e-01
   1.1988692e-02   3.9820359e-01
   1.2103374e-02   4.0119760e-01
   1.2147655e-02   4.0718563e-01
   1.2395886e-02   4.1017964e-01
   1.2440574e-02   4.1317365e-01
   1.2450469e-02   4.1616766e-01
   1.2522560e-02   4.1916168e-01
   1.2641824e-02   4.2215569e-01
   1.2650466e-02   4.2514970e-01
   1.2655523e-02   4.2814371e-01
   1.2912045e-02   4.3113772e-01
   1.2913360e-02   4.3712575e-01
   1.2932001e-02   4.4011976e-01
   1.3061145e-02   4.4311377e-01
   1.3147076e-02   4.4610778e-01
   1.3179715e-02   4.4910180e-01
   1.3193394e-02   4.5209581e-01
   1.3206732e-02   4.5508982e-01
   1.3269501e-02   4.5808383e-01
   1.3392554e-02   4.6107784e-01
   1.3437099e-02   4.6407186e-01
   1.3450176e-02   4.7005988e-01
   1.3621851e-02   4.7305389e-01
   1.3651034e-02   4.7604790e-01
   1.3675875e-02   4.7904192e-01
   1.3787032e-02   4.8203593e-01
   1.3843257e-02   4.8502994e-01
   1.3877333e-02   4.8802395e-01
   1.3962988e-02   4.9101796e-01
   1.4042506e-02   4.9401198e-01
   1.4065287e-02   4.9700599e-01
   1.4100337e-02   5.0000000e-01
   1.4255532e-02   5.0299401e-01
   1.4335484e-02   5.0898204e-01
   1.4439136e-02   5.1197605e-01
   1.4489810e-02   5.1497006e-01
   1.4637842e-02   5.1796407e-01
   1.4802519e-02   5.2095808e-01
   1.4933770e-02   5.2395210e-01
   1.4965824e-02   5.2694611e-01
   1.5077605e-02   5.2994012e-01
   1.5090425e-02   5.3293413e-01
   1.5133375e-02   5.3592814e-01
   1.5237371e-02   5.3892216e-01
   1.5360614e-02   5.4191617e-01
   1.5373320e-02   5.4491018e-01
   1.5432530e-02   5.4790419e-01
   1.5854435e-02   5.5089820e-01
   1.5869307e-02   5.5688623e-01
   1.5890940e-02   5.5988024e-01
   1.5897202e-02   5.6287425e-01
   1.5965410e-02   5.6586826e-01
   1.6033838e-02   5.6886228e-01
   1.6119475e-02   5.7185629e-01
   1.6294474e-02   5.7485030e-01
   1.6407809e-02   5.7784431e-01
   1.6471871e-02   5.8083832e-01
   1.6676728e-02   5.8383234e-01
   1.6874252e-02   5.8682635e-01
   1.6946316e-02   5.8982036e-01
   1.6949137e-02   5.9281437e-01
   1.7219746e-02   5.9580838e-01
   1.7577105e-02   5.9880240e-01
   1.7846646e-02   6.0179641e-01
   1.7871888e-02   6.0479042e-01
   1.8021645e-02   6.0778443e-01
   1.8076868e-02   6.1077844e-01
   1.8317361e-02   6.1377246e-01
   1.8833782e-02   6.1676647e-01
   1.8874305e-02   6.1976048e-01
   1.8896866e-02   6.2275449e-01
   1.9011284e-02   6.2574850e-01
   1.9045806e-02   6.2874251e-01
   1.9093285e-02   6.3473054e-01
   1.9111813e-02   6.3772455e-01
   1.9115622e-02   6.4371257e-01
   1.9194088e-02   6.4670659e-01
   1.9325626e-02   6.4970060e-01
   1.9557193e-02   6.5269461e-01
   1.9636562e-02   6.5568862e-01
   1.9682823e-02   6.5868263e-01
   1.9847517e-02   6.6167665e-01
   1.9910375e-02   6.6467066e-01
   2.0038162e-02   6.6766467e-01
   2.0167983e-02   6.7065868e-01
   2.0556080e-02   6.7365269e-01
   2.0692977e-02   6.7664671e-01
   2.0783818e-02   6.7964072e-01
   2.0979033e-02   6.8263473e-01
   2.1140717e-02   6.8562874e-01
   2.1264234e-02   6.8862275e-01
   2.1852768e-02   6.9161677e-01
   2.2112577e-02   6.9461078e-01
   2.2157220e-02   6.9760479e-01
   2.2278944e-02   7.0059880e-01
   2.2325751e-02   7.0359281e-01
   2.2370164e-02   7.0658683e-01
   2.2400665e-02   7.0958084e-01
   2.2905050e-02   7.1257485e-01
   2.3305654e-02   7.1556886e-01
   2.3402427e-02   7.2155689e-01
   2.3594396e-02   7.2455090e-01
   2.3644678e-02   7.2754491e-01
   2.3696809e-02   7.3053892e-01
   2.3760725e-02   7.3353293e-01
   2.4288968e-02   7.3652695e-01
   2.4429343e-02   7.3952096e-01
   2.4601371e-02   7.4251497e-01
   2.5014239e-02   7.4550898e-01
   2.5100566e-02   7.4850299e-01
   2.5242982e-02   7.5149701e-01
   2.5510611e-02   7.5449102e-01
   2.5568593e-02   7.5748503e-01
   2.5720773e-02   7.6047904e-01
   2.5763666e-02   7.6347305e-01
   2.5921575e-02   7.6646707e-01
   2.6168088e-02   7.6946108e-01
   2.6294352e-02   7.7245509e-01
   2.7042915e-02   7.7544910e-01
   2.7072401e-02   7.7844311e-01
   2.7169422e-02   7.8143713e-01
   2.7183126e-02   7.8443114e-01
   2.7435239e-02   7.9041916e-01
   2.7473278e-02   7.9341317e-01
   2.7625591e-02   7.9640719e-01
   2.7710798e-02   7.9940120e-01
   2.8248757e-02   8.0239521e-01
   2.8828671e-02   8.0538922e-01
   2.8886839e-02   8.0838323e-01
   2.8911586e-02   8.1137725e-01
   2.9581514e-02   8.1437126e-01
   2.9596267e-02   8.1736527e-01
   2.9649470e-02   8.2035928e-01
   2.9873614e-02   8.2335329e-01
   3.0995348e-02   8.2634731e-01
   3.2365476e-02   8.2934132e-01
   3.3088172e-02   8.3233533e-01
   3.3720465e-02   8.3532934e-01
   3.3888511e-02   8.3832335e-01
   3.4370357e-02   8.4131737e-01
   3.4501307e-02   8.4431138e-01
   3.5115999e-02   8.4730539e-01
   3.6034684e-02   8.5029940e-01
   3.6316029e-02   8.5329341e-01
   3.6705995e-02   8.5628743e-01
   3.8488494e-02   8.5928144e-01
   4.2605712e-02   8.6227545e-01
   4.4935767e-02   8.6526946e-01
   4.6422084e-02   8.6826347e-01
   4.7032648e-02   8.7125749e-01
   4.7036113e-02   8.7425150e-01
   4.8762664e-02   8.7724551e-01
   4.9490381e-02   8.8023952e-01
   5.4409641e-02   8.8323353e-01
   5.5138775e-02   8.8622754e-01
   5.5284198e-02   8.8922156e-01
   5.6903318e-02   8.9221557e-01
   6.2179060e-02   8.9520958e-01
   6.8272455e-02   8.9820359e-01
   6.8980077e-02   9.0119760e-01
   7.0612719e-02   9.0419162e-01
   7.8349322e-02   9.0718563e-01
   8.2239877e-02   9.1017964e-01
   8.2913513e-02   9.1317365e-01
   8.4454389e-02   9.1616766e-01
   8.9305352e-02   9.1916168e-01
   8.9813786e-02   9.2215569e-01
   9.4407627e-02   9.2514970e-01
   9.4951621e-02   9.2814371e-01
   9.7851135e-02   9.3113772e-01
   1.0276708e-01   9.3413174e-01
   1.0284927e-01   9.3712575e-01
   1.0570697e-01   9.4011976e-01
   1.0624268e-01   9.4311377e-01
   1.0864905e-01   9.4610778e-01
   1.1852505e-01   9.4910180e-01
   1.2373520e-01   9.5209581e-01
   1.2617699e-01   9.5508982e-01
   1.2748467e-01   9.5808383e-01
   1.3398968e-01   9.6107784e-01
   1.4586068e-01   9.6407186e-01
   1.6054718e-01   9.6706587e-01
   1.6054964e-01   9.7005988e-01
   1.6659731e-01   9.7305389e-01
   1.7700833e-01   9.7604790e-01
   1.7943050e-01   9.7904192e-01
   1.8774081e-01   9.8203593e-01
   1.9200173e-01   9.8502994e-01
   2.1338970e-01   9.8802395e-01
   2.1715861e-01   9.9101796e-01
   2.3569359e-01   9.9401198e-01
   2.4447292e-01   9.9700599e-01
   2.9799590e-01   1.0000000e+00
