   2.8904000e-03   0.0000000e+00
   2.8904000e-03   3.5842294e-03
   3.2520000e-03   7.1684588e-03
   3.6136000e-03   1.0752688e-02
   3.9744000e-03   2.5089606e-02
   4.3360000e-03   3.2258065e-02
   4.6976000e-03   5.7347670e-02
   5.0584000e-03   6.8100358e-02
   5.4200000e-03   1.0035842e-01
   5.7816000e-03   1.3978495e-01
   6.1424000e-03   2.1505376e-01
   6.5040000e-03   2.6881720e-01
   6.8656000e-03   3.2616487e-01
   7.2264000e-03   3.6200717e-01
   7.5880000e-03   4.0143369e-01
   7.9496000e-03   4.5878136e-01
   8.3104000e-03   4.9103943e-01
   8.6720000e-03   5.3046595e-01
   9.0336000e-03   5.6989247e-01
   9.3952000e-03   6.1290323e-01
   9.7560000e-03   6.1648746e-01
   1.0117600e-02   6.5232975e-01
   1.0479200e-02   6.6308244e-01
   1.0840000e-02   7.0250896e-01
   1.1201600e-02   7.3835125e-01
   1.1562400e-02   7.5985663e-01
   1.1924000e-02   7.7777778e-01
   1.2285600e-02   7.9211470e-01
   1.2646400e-02   8.0286738e-01
   1.3369600e-02   8.3154122e-01
   1.3731200e-02   8.4229391e-01
   1.4092000e-02   8.5663082e-01
   1.4453600e-02   8.8172043e-01
   1.4815200e-02   8.9247312e-01
   1.5176000e-02   8.9964158e-01
   1.5537600e-02   9.1039427e-01
   1.5898400e-02   9.2114695e-01
   1.6260000e-02   9.2473118e-01
   1.6983200e-02   9.2831541e-01
   1.7344000e-02   9.3548387e-01
   1.7705600e-02   9.3906810e-01
   1.8067200e-02   9.4982079e-01
   1.9151200e-02   9.5698925e-01
   2.0235200e-02   9.6057348e-01
   2.2041600e-02   9.6415771e-01
   2.2764000e-02   9.6774194e-01
   2.3487200e-02   9.7132616e-01
   2.3848000e-02   9.7491039e-01
   2.6016000e-02   9.7849462e-01
   2.9629600e-02   9.8207885e-01
   3.1436000e-02   9.8566308e-01
   4.1192800e-02   9.8924731e-01
   4.2999200e-02   9.9283154e-01
   8.4191200e-02   1.0000000e+00
