   5.5896000e-03   0.0000000e+00
   5.5896000e-03   1.3157895e-02
   1.0829600e-02   2.6315789e-02
   1.2576000e-02   3.9473684e-02
   1.5021600e-02   5.2631579e-02
   1.6768800e-02   6.5789474e-02
   1.8515200e-02   7.8947368e-02
   1.9214400e-02   9.2105263e-02
   2.2707200e-02   1.0526316e-01
   2.5851200e-02   1.1842105e-01
   2.6550400e-02   1.4473684e-01
   2.7248800e-02   1.5789474e-01
   2.7948000e-02   1.7105263e-01
   2.9344800e-02   1.8421053e-01
   3.0392800e-02   1.9736842e-01
   3.0742400e-02   2.1052632e-01
   3.1440800e-02   2.2368421e-01
   3.4236000e-02   2.6315789e-01
   3.5982400e-02   2.7631579e-01
   3.7380000e-02   2.8947368e-01
   3.8078400e-02   3.1578947e-01
   3.8777600e-02   3.4210526e-01
   3.9126400e-02   3.5526316e-01
   4.1572000e-02   3.6842105e-01
   4.2270400e-02   3.8157895e-01
   4.3668000e-02   3.9473684e-01
   4.4017600e-02   4.0789474e-01
   4.5415200e-02   4.2105263e-01
   4.5764000e-02   4.3421053e-01
   4.7161600e-02   4.4736842e-01
   4.8209600e-02   4.6052632e-01
   4.8908000e-02   4.7368421e-01
   5.2052000e-02   5.0000000e-01
   5.2751200e-02   5.1315789e-01
   5.7991200e-02   5.2631579e-01
   5.9738400e-02   5.5263158e-01
   6.0087200e-02   5.6578947e-01
   6.1484800e-02   5.7894737e-01
   6.2532800e-02   5.9210526e-01
   6.2882400e-02   6.0526316e-01
   6.3231200e-02   6.1842105e-01
   6.3580800e-02   6.3157895e-01
   6.4628800e-02   6.4473684e-01
   6.8471200e-02   6.5789474e-01
   6.9520000e-02   6.7105263e-01
   7.0568000e-02   6.8421053e-01
   7.2314400e-02   6.9736842e-01
   7.2664000e-02   7.1052632e-01
   7.3012800e-02   7.2368421e-01
   7.3712000e-02   7.3684211e-01
   7.4060800e-02   7.5000000e-01
   7.6157600e-02   7.6315789e-01
   7.8952000e-02   7.7631579e-01
   8.1397600e-02   7.8947368e-01
   8.4541600e-02   8.0263158e-01
   8.6288000e-02   8.1578947e-01
   8.9083200e-02   8.2894737e-01
   8.9781600e-02   8.4210526e-01
   9.0131200e-02   8.5526316e-01
   9.0480000e-02   8.6842105e-01
   1.0061120e-01   8.8157895e-01
   1.1074240e-01   8.9473684e-01
   1.1668160e-01   9.0789474e-01
   1.2681200e-01   9.2105263e-01
   1.2786000e-01   9.3421053e-01
   1.3868960e-01   9.4736842e-01
   1.3903920e-01   9.6052632e-01
   1.4532720e-01   9.7368421e-01
   1.5301280e-01   9.8684211e-01
   1.5965040e-01   1.0000000e+00
