   2.2000000e-03   0.0000000e+00
   2.2000000e-03   1.6038492e-03
   2.5664000e-03   4.0096231e-03
   2.9328000e-03   6.4153970e-03
   3.3000000e-03   8.0192462e-03
   3.6664000e-03   1.6038492e-02
   4.0328000e-03   2.2453889e-02
   4.4000000e-03   3.6086608e-02
   4.7664000e-03   5.0521251e-02
   5.1328000e-03   6.7361668e-02
   5.4992000e-03   7.9390537e-02
   5.8664000e-03   9.3825180e-02
   6.2328000e-03   1.2991179e-01
   6.5992000e-03   1.4835605e-01
   6.9664000e-03   1.6920609e-01
   7.3328000e-03   1.9486768e-01
   7.6992000e-03   2.1972735e-01
   8.0656000e-03   2.4538893e-01
   8.4328000e-03   2.6383320e-01
   8.7992000e-03   2.9911788e-01
   9.1656000e-03   3.1114675e-01
   9.5328000e-03   3.2878909e-01
   9.8992000e-03   3.5685646e-01
   1.0265600e-02   3.7048917e-01
   1.0632800e-02   3.8732959e-01
   1.0999200e-02   4.0737771e-01
   1.1365600e-02   4.3303929e-01
   1.1732000e-02   4.4346431e-01
   1.2099200e-02   4.5870088e-01
   1.2465600e-02   4.9558941e-01
   1.2832000e-02   5.0761828e-01
   1.3199200e-02   5.2285485e-01
   1.3565600e-02   5.4049719e-01
   1.3932000e-02   5.5573376e-01
   1.4299200e-02   5.7497995e-01
   1.4665600e-02   5.8620690e-01
   1.5032000e-02   6.1908581e-01
   1.5398400e-02   6.2630313e-01
   1.5765600e-02   6.3592622e-01
   1.6132000e-02   6.4474739e-01
   1.6498400e-02   6.5437049e-01
   1.6865600e-02   6.6720128e-01
   1.7232000e-02   6.7923015e-01
   1.7598400e-02   6.9125902e-01
   1.7965600e-02   7.0489174e-01
   1.8332000e-02   7.1050521e-01
   1.8698400e-02   7.1852446e-01
   1.9064800e-02   7.2493986e-01
   1.9432000e-02   7.2975140e-01
   1.9798400e-02   7.3857257e-01
   2.0164800e-02   7.4739374e-01
   2.0531200e-02   7.5862069e-01
   2.0898400e-02   7.6503609e-01
   2.1264800e-02   7.8348035e-01
   2.1631200e-02   7.8909383e-01
   2.1998400e-02   7.9390537e-01
   2.2364800e-02   8.0032077e-01
   2.2731200e-02   8.0352847e-01
   2.3098400e-02   8.0834002e-01
   2.3464800e-02   8.1154771e-01
   2.3831200e-02   8.1395349e-01
   2.4198400e-02   8.1475541e-01
   2.4564800e-02   8.2036889e-01
   2.4931200e-02   8.2678428e-01
   2.5297600e-02   8.2919006e-01
   2.5664800e-02   8.3400160e-01
   2.6031200e-02   8.3881315e-01
   2.6397600e-02   8.4121893e-01
   2.6764000e-02   8.4362470e-01
   2.7131200e-02   8.4522855e-01
   2.7497600e-02   8.5324779e-01
   2.7864000e-02   8.5725742e-01
   2.8231200e-02   8.6126704e-01
   2.8597600e-02   8.6527666e-01
   2.8964000e-02   8.6928629e-01
   2.9331200e-02   8.7169206e-01
   2.9697600e-02   8.7249399e-01
   3.0064000e-02   8.7650361e-01
   3.0431200e-02   8.7730553e-01
   3.0797600e-02   8.7810746e-01
   3.1164000e-02   8.8211708e-01
   3.1530400e-02   8.8372093e-01
   3.1897600e-02   8.8612670e-01
   3.2264000e-02   8.8933440e-01
   3.2630400e-02   8.9334403e-01
   3.2997600e-02   8.9494787e-01
   3.3364000e-02   8.9574980e-01
   3.3730400e-02   9.0296712e-01
   3.4096800e-02   9.0617482e-01
   3.4464000e-02   9.1018444e-01
   3.4830400e-02   9.1339214e-01
   3.5196800e-02   9.1740176e-01
   3.5564000e-02   9.1980754e-01
   3.5930400e-02   9.2141139e-01
   3.6296800e-02   9.2622294e-01
   3.6664000e-02   9.2782678e-01
   3.7396800e-02   9.2943063e-01
   3.7763200e-02   9.3103448e-01
   3.8130400e-02   9.3504411e-01
   3.8496800e-02   9.3584603e-01
   3.8863200e-02   9.3825180e-01
   3.9596800e-02   9.3985565e-01
   3.9963200e-02   9.4065758e-01
   4.0329600e-02   9.4145950e-01
   4.0696800e-02   9.4226143e-01
   4.1063200e-02   9.4306335e-01
   4.1429600e-02   9.4386528e-01
   4.1796800e-02   9.4627105e-01
   4.2163200e-02   9.4707298e-01
   4.2896800e-02   9.4947875e-01
   4.3629600e-02   9.5028067e-01
   4.3996000e-02   9.5268645e-01
   4.4363200e-02   9.5589415e-01
   4.4729600e-02   9.5910184e-01
   4.5096000e-02   9.6230954e-01
   4.5829600e-02   9.6471532e-01
   4.6196000e-02   9.6631917e-01
   4.6929600e-02   9.6792302e-01
   4.7296000e-02   9.6872494e-01
   4.8029600e-02   9.7032879e-01
   4.8396000e-02   9.7113071e-01
   4.8762400e-02   9.7273456e-01
   5.0228800e-02   9.7353649e-01
   5.0596000e-02   9.7514034e-01
   5.0962400e-02   9.7594226e-01
   5.1328800e-02   9.7834804e-01
   5.1696000e-02   9.7914996e-01
   5.2062400e-02   9.7995188e-01
   5.2428800e-02   9.8155573e-01
   5.3162400e-02   9.8235766e-01
   5.3895200e-02   9.8476343e-01
   5.4628800e-02   9.8556536e-01
   5.5362400e-02   9.8636728e-01
   5.6095200e-02   9.8716921e-01
   5.6828800e-02   9.8797113e-01
   5.7561600e-02   9.8877306e-01
   5.7928800e-02   9.8957498e-01
   5.8661600e-02   9.9037690e-01
   6.0128000e-02   9.9117883e-01
   6.2328000e-02   9.9198075e-01
   6.2694400e-02   9.9358460e-01
   6.4161600e-02   9.9438653e-01
   6.5994400e-02   9.9518845e-01
   6.8560800e-02   9.9679230e-01
   6.9660800e-02   9.9759423e-01
   7.0760800e-02   9.9839615e-01
   7.7360000e-02   9.9919808e-01
   1.0412480e-01   1.0000000e+00
