   2.3504000e-03   0.0000000e+00
   2.3504000e-03   7.2621641e-04
   2.7424000e-03   1.4524328e-03
   3.1344000e-03   2.5417574e-03
   3.5256000e-03   9.0777052e-03
   3.9176000e-03   1.7429194e-02
   4.3096000e-03   3.5221496e-02
   4.7016000e-03   5.8460421e-02
   5.0928000e-03   1.0711692e-01
   5.4848000e-03   1.5359477e-01
   5.8768000e-03   1.9281046e-01
   6.2680000e-03   2.8976035e-01
   6.6600000e-03   3.4095861e-01
   7.0520000e-03   3.9106754e-01
   7.4440000e-03   4.7421932e-01
   7.8352000e-03   5.1452433e-01
   8.2272000e-03   5.5591866e-01
   8.6192000e-03   5.9985476e-01
   9.0104000e-03   6.3435004e-01
   9.4024000e-03   6.6303558e-01
   9.7944000e-03   6.8845316e-01
   1.0186400e-02   7.1241830e-01
   1.0577600e-02   7.3275236e-01
   1.0969600e-02   7.4763980e-01
   1.1361600e-02   7.7414670e-01
   1.1752800e-02   7.9084967e-01
   1.2144800e-02   8.0573711e-01
   1.2536800e-02   8.2679739e-01
   1.2928800e-02   8.3405955e-01
   1.3320000e-02   8.3986928e-01
   1.3712000e-02   8.6056645e-01
   1.4104000e-02   8.6673929e-01
   1.4496000e-02   8.7509078e-01
   1.4887200e-02   8.8562092e-01
   1.5279200e-02   8.9143065e-01
   1.5671200e-02   8.9869281e-01
   1.6062400e-02   9.0522876e-01
   1.6454400e-02   9.0958606e-01
   1.6846400e-02   9.1466957e-01
   1.7238400e-02   9.1902687e-01
   1.7629600e-02   9.2592593e-01
   1.8021600e-02   9.2883079e-01
   1.8413600e-02   9.3173566e-01
   1.8804800e-02   9.4008715e-01
   1.9196800e-02   9.4153958e-01
   1.9588800e-02   9.4335512e-01
   1.9980800e-02   9.4771242e-01
   2.0372000e-02   9.4880174e-01
   2.0764000e-02   9.5388526e-01
   2.1156000e-02   9.5896877e-01
   2.1547200e-02   9.6114742e-01
   2.1939200e-02   9.6405229e-01
   2.2331200e-02   9.6659405e-01
   2.2723200e-02   9.6840959e-01
   2.3114400e-02   9.6949891e-01
   2.3506400e-02   9.7022513e-01
   2.3898400e-02   9.7349310e-01
   2.4289600e-02   9.7458243e-01
   2.4681600e-02   9.7603486e-01
   2.5073600e-02   9.7639797e-01
   2.5464800e-02   9.7748729e-01
   2.5856800e-02   9.7893972e-01
   2.6248800e-02   9.8220770e-01
   2.6640800e-02   9.8366013e-01
   2.7032000e-02   9.8402324e-01
   2.7424000e-02   9.8474946e-01
   2.8207200e-02   9.8511256e-01
   2.8599200e-02   9.8692810e-01
   2.8991200e-02   9.8801743e-01
   2.9774400e-02   9.8874365e-01
   3.0166400e-02   9.8910675e-01
   3.1733600e-02   9.8946986e-01
   3.2516800e-02   9.9019608e-01
   3.3300800e-02   9.9055919e-01
   3.3692800e-02   9.9092229e-01
   3.6043200e-02   9.9128540e-01
   3.6826400e-02   9.9201162e-01
   3.7218400e-02   9.9237473e-01
   3.8001600e-02   9.9273784e-01
   3.9568800e-02   9.9310094e-01
   4.0352800e-02   9.9346405e-01
   4.1136000e-02   9.9382716e-01
   4.1920000e-02   9.9419027e-01
   4.3095200e-02   9.9455338e-01
   4.3878400e-02   9.9491649e-01
   4.5053600e-02   9.9527959e-01
   4.5837600e-02   9.9600581e-01
   4.7404800e-02   9.9636892e-01
   4.8188000e-02   9.9673203e-01
   4.8580000e-02   9.9709513e-01
   5.0538400e-02   9.9745824e-01
   5.3672800e-02   9.9782135e-01
   5.5632000e-02   9.9818446e-01
   5.6415200e-02   9.9854757e-01
   6.6992800e-02   9.9891068e-01
   6.9735200e-02   9.9927378e-01
   7.5612000e-02   9.9963689e-01
   8.1488800e-02   1.0000000e+00
