   3.8320000e-03   0.0000000e+00
   3.8320000e-03   2.3894863e-03
   4.3112000e-03   4.7789725e-03
   4.7904000e-03   1.1947431e-02
   5.2696000e-03   2.6284349e-02
   5.7488000e-03   3.4647551e-02
   6.2272000e-03   5.7347670e-02
   6.7064000e-03   7.6463560e-02
   7.1856000e-03   1.0633214e-01
   7.6648000e-03   1.3620072e-01
   8.1440000e-03   1.5292712e-01
   8.6224000e-03   1.8160096e-01
   9.1016000e-03   2.1744325e-01
   9.5808000e-03   2.4492234e-01
   1.0060000e-02   2.6284349e-01
   1.0539200e-02   2.9510155e-01
   1.1018400e-02   3.1541219e-01
   1.1496800e-02   3.3572282e-01
   1.1976000e-02   3.6081243e-01
   1.2455200e-02   3.7753883e-01
   1.2934400e-02   4.0023895e-01
   1.3413600e-02   4.2293907e-01
   1.3892000e-02   4.3608124e-01
   1.4371200e-02   4.5280765e-01
   1.4850400e-02   4.7192354e-01
   1.5329600e-02   4.9940263e-01
   1.5808800e-02   5.1971326e-01
   1.6287200e-02   5.3166069e-01
   1.6766400e-02   5.4599761e-01
   1.7245600e-02   5.5436081e-01
   1.7724800e-02   5.6511350e-01
   1.8204000e-02   5.7108722e-01
   1.8682400e-02   5.8183990e-01
   1.9161600e-02   5.9259259e-01
   1.9640800e-02   6.0812425e-01
   2.0120000e-02   6.2007168e-01
   2.0599200e-02   6.2724014e-01
   2.1077600e-02   6.4396655e-01
   2.1556800e-02   6.5232975e-01
   2.2036000e-02   6.5830346e-01
   2.2515200e-02   6.7502987e-01
   2.2994400e-02   6.8219833e-01
   2.3472800e-02   6.8936679e-01
   2.3952000e-02   6.9772999e-01
   2.4431200e-02   7.0848268e-01
   2.4910400e-02   7.1684588e-01
   2.5389600e-02   7.2759857e-01
   2.5868000e-02   7.3954600e-01
   2.6347200e-02   7.4910394e-01
   2.6826400e-02   7.5149343e-01
   2.7305600e-02   7.5985663e-01
   2.7784000e-02   7.6702509e-01
   2.8263200e-02   7.7419355e-01
   2.8742400e-02   7.8375149e-01
   2.9221600e-02   7.9091995e-01
   2.9700800e-02   7.9689367e-01
   3.0180000e-02   7.9928315e-01
   3.0658400e-02   8.0047790e-01
   3.1137600e-02   8.1123059e-01
   3.1616800e-02   8.2676225e-01
   3.2096000e-02   8.2795699e-01
   3.2575200e-02   8.2915173e-01
   3.3053600e-02   8.3393070e-01
   3.3532800e-02   8.3632019e-01
   3.4012000e-02   8.3870968e-01
   3.4491200e-02   8.4348865e-01
   3.4970400e-02   8.4707288e-01
   3.5448800e-02   8.5065711e-01
   3.5928000e-02   8.5424134e-01
   3.6407200e-02   8.5543608e-01
   3.6886400e-02   8.5902031e-01
   3.7365600e-02   8.6021505e-01
   3.7844000e-02   8.6140980e-01
   3.8323200e-02   8.6379928e-01
   3.9281600e-02   8.6618877e-01
   3.9760800e-02   8.7096774e-01
   4.0239200e-02   8.7335723e-01
   4.0718400e-02   8.7574671e-01
   4.1197600e-02   8.7933094e-01
   4.1676800e-02   8.8052569e-01
   4.2634400e-02   8.8530466e-01
   4.3113600e-02   8.8649940e-01
   4.3592800e-02   8.9008363e-01
   4.4072000e-02   8.9247312e-01
   4.4551200e-02   8.9486260e-01
   4.5029600e-02   8.9964158e-01
   4.6467200e-02   9.0203106e-01
   4.6946400e-02   9.0681004e-01
   4.7424800e-02   9.0800478e-01
   4.7904000e-02   9.1039427e-01
   4.8383200e-02   9.1158901e-01
   4.8862400e-02   9.1278375e-01
   4.9341600e-02   9.1517324e-01
   5.0299200e-02   9.1636798e-01
   5.0778400e-02   9.1756272e-01
   5.1257600e-02   9.1995221e-01
   5.1736800e-02   9.2114695e-01
   5.2215200e-02   9.2473118e-01
   5.3173600e-02   9.2592593e-01
   5.3652800e-02   9.2712067e-01
   5.4132000e-02   9.2951016e-01
   5.5568800e-02   9.3070490e-01
   5.6048000e-02   9.3189964e-01
   5.6527200e-02   9.3309438e-01
   5.7006400e-02   9.3548387e-01
   5.7484800e-02   9.3787336e-01
   5.7964000e-02   9.3906810e-01
   5.9400800e-02   9.4026284e-01
   6.0838400e-02   9.4145759e-01
   6.1317600e-02   9.4384707e-01
   6.3233600e-02   9.4504182e-01
   6.4670400e-02   9.4743130e-01
   6.6587200e-02   9.4862605e-01
   6.7544800e-02   9.4982079e-01
   6.8503200e-02   9.5101553e-01
   6.8981600e-02   9.5340502e-01
   6.9460800e-02   9.5459976e-01
   7.1377600e-02   9.5579450e-01
   7.2335200e-02   9.5698925e-01
   7.3772800e-02   9.5818399e-01
   7.5209600e-02   9.6057348e-01
   7.5688800e-02   9.6415771e-01
   7.7604800e-02   9.6654719e-01
   7.8084000e-02   9.6893668e-01
   7.8563200e-02   9.7132616e-01
   7.9041600e-02   9.7252091e-01
   7.9520800e-02   9.7371565e-01
   8.0958400e-02   9.7610514e-01
   8.1436800e-02   9.7729988e-01
   8.4311200e-02   9.7849462e-01
   8.5269600e-02   9.7968937e-01
   8.6706400e-02   9.8088411e-01
   9.0060000e-02   9.8327360e-01
   9.1017600e-02   9.8446834e-01
   9.2934400e-02   9.8566308e-01
   9.4850400e-02   9.8805257e-01
   1.0155680e-01   9.8924731e-01
   1.0443120e-01   9.9044205e-01
   1.0730560e-01   9.9163680e-01
   1.0874240e-01   9.9283154e-01
   1.0970080e-01   9.9402628e-01
   1.1257520e-01   9.9522103e-01
   1.2215600e-01   9.9641577e-01
   1.2311360e-01   9.9761051e-01
   1.5664640e-01   9.9880526e-01
   1.8778480e-01   1.0000000e+00
