   2.8688000e-03   0.0000000e+00
   2.8688000e-03   1.3550136e-03
   3.2784000e-03   3.3875339e-03
   3.6888000e-03   5.4200542e-03
   4.0984000e-03   2.3712737e-02
   4.5080000e-03   4.1327913e-02
   4.9184000e-03   6.0975610e-02
   5.3280000e-03   1.0636856e-01
   5.7376000e-03   1.3414634e-01
   6.1472000e-03   2.0596206e-01
   6.5576000e-03   2.5067751e-01
   6.9672000e-03   3.1978320e-01
   7.3768000e-03   3.7398374e-01
   7.7872000e-03   3.9972900e-01
   8.1968000e-03   4.5054201e-01
   8.6064000e-03   4.7831978e-01
   9.0160000e-03   5.0203252e-01
   9.4264000e-03   5.3658537e-01
   9.8360000e-03   5.5216802e-01
   1.0245600e-02   5.7926829e-01
   1.0656000e-02   6.0162602e-01
   1.1065600e-02   6.1924119e-01
   1.1475200e-02   6.4363144e-01
   1.1885600e-02   6.5447154e-01
   1.2295200e-02   6.7682927e-01
   1.2704800e-02   6.8970190e-01
   1.3114400e-02   7.0257453e-01
   1.3524800e-02   7.1747967e-01
   1.3934400e-02   7.2899729e-01
   1.4344000e-02   7.3848238e-01
   1.4754400e-02   7.4864499e-01
   1.5164000e-02   7.6490515e-01
   1.5573600e-02   7.7642276e-01
   1.5984000e-02   7.8319783e-01
   1.6393600e-02   7.9674797e-01
   1.6803200e-02   8.0420054e-01
   1.7212800e-02   8.1097561e-01
   1.7623200e-02   8.1978320e-01
   1.8032800e-02   8.2520325e-01
   1.8442400e-02   8.2994580e-01
   1.8852800e-02   8.3468835e-01
   1.9262400e-02   8.4146341e-01
   1.9672000e-02   8.4891599e-01
   2.0081600e-02   8.5636856e-01
   2.0492000e-02   8.6043360e-01
   2.0901600e-02   8.6449864e-01
   2.1311200e-02   8.6720867e-01
   2.1721600e-02   8.7466125e-01
   2.2131200e-02   8.7940379e-01
   2.2540800e-02   8.8346883e-01
   2.2950400e-02   8.8753388e-01
   2.3360800e-02   8.9159892e-01
   2.3770400e-02   8.9566396e-01
   2.4180000e-02   8.9837398e-01
   2.4590400e-02   9.0243902e-01
   2.5000000e-02   9.0718157e-01
   2.5409600e-02   9.1124661e-01
   2.5820000e-02   9.1734417e-01
   2.6229600e-02   9.2005420e-01
   2.7049600e-02   9.2208672e-01
   2.7459200e-02   9.2411924e-01
   2.7868800e-02   9.2615176e-01
   2.8688800e-02   9.2750678e-01
   2.9098400e-02   9.3021680e-01
   2.9508000e-02   9.3224932e-01
   2.9918400e-02   9.3631436e-01
   3.0328000e-02   9.3699187e-01
   3.0737600e-02   9.3970190e-01
   3.1147200e-02   9.4105691e-01
   3.1967200e-02   9.4308943e-01
   3.2376800e-02   9.4444444e-01
   3.2787200e-02   9.4579946e-01
   3.3196800e-02   9.4715447e-01
   3.4016800e-02   9.4783198e-01
   3.4426400e-02   9.4918699e-01
   3.4836000e-02   9.5189702e-01
   3.5245600e-02   9.5460705e-01
   3.6065600e-02   9.5528455e-01
   3.7295200e-02   9.5663957e-01
   3.7704800e-02   9.5867209e-01
   3.8114400e-02   9.5934959e-01
   3.8524800e-02   9.6002710e-01
   3.8934400e-02   9.6070461e-01
   3.9344000e-02   9.6138211e-01
   3.9754400e-02   9.6273713e-01
   4.0164000e-02   9.6476965e-01
   4.0573600e-02   9.6544715e-01
   4.0983200e-02   9.6680217e-01
   4.1393600e-02   9.6815718e-01
   4.2212800e-02   9.6951220e-01
   4.2623200e-02   9.7018970e-01
   4.3442400e-02   9.7357724e-01
   4.3852800e-02   9.7493225e-01
   4.4262400e-02   9.7560976e-01
   4.5901600e-02   9.7628726e-01
   4.6311200e-02   9.7764228e-01
   4.6721600e-02   9.7967480e-01
   4.7131200e-02   9.8102981e-01
   4.7540800e-02   9.8238482e-01
   4.7950400e-02   9.8306233e-01
   4.8360800e-02   9.8373984e-01
   5.0409600e-02   9.8441734e-01
   5.2048800e-02   9.8509485e-01
   5.2868800e-02   9.8577236e-01
   5.4508000e-02   9.8712737e-01
   5.5328000e-02   9.8848238e-01
   5.7376800e-02   9.8915989e-01
   5.9016800e-02   9.8983740e-01
   5.9426400e-02   9.9051491e-01
   5.9836000e-02   9.9119241e-01
   6.0245600e-02   9.9254743e-01
   6.3114400e-02   9.9322493e-01
   7.0081600e-02   9.9390244e-01
   7.0492000e-02   9.9457995e-01
   7.2951200e-02   9.9525745e-01
   7.7459200e-02   9.9593496e-01
   8.8524800e-02   9.9661247e-01
   9.9590400e-02   9.9728997e-01
   1.0122960e-01   9.9796748e-01
   1.6926240e-01   9.9864499e-01
   1.8975440e-01   9.9932249e-01
   1.9426240e-01   1.0000000e+00
