   1.9944000e-03   0.0000000e+00
   1.9944000e-03   2.0000000e-02
   5.9824000e-03   4.0000000e-02
   6.3808000e-03   6.0000000e-02
   7.5776000e-03   1.0000000e-01
   7.9760000e-03   1.4000000e-01
   8.3752000e-03   1.6000000e-01
   9.1728000e-03   2.0000000e-01
   9.9704000e-03   2.2000000e-01
   1.0368800e-02   2.4000000e-01
   1.1166400e-02   2.8000000e-01
   1.2363200e-02   3.0000000e-01
   1.2761600e-02   3.2000000e-01
   1.3958400e-02   3.4000000e-01
   1.6351200e-02   3.8000000e-01
   1.6749600e-02   4.4000000e-01
   1.7547200e-02   4.8000000e-01
   1.7946400e-02   5.0000000e-01
   1.8744000e-02   5.2000000e-01
   1.9940000e-02   5.4000000e-01
   2.0737600e-02   5.6000000e-01
   2.1934400e-02   5.8000000e-01
   2.8315200e-02   6.0000000e-01
   2.8713600e-02   6.6000000e-01
   3.1106400e-02   6.8000000e-01
   3.1904000e-02   7.0000000e-01
   3.2303200e-02   7.2000000e-01
   3.4296800e-02   7.6000000e-01
   3.5094400e-02   7.8000000e-01
   3.6689600e-02   8.0000000e-01
   3.7487200e-02   8.2000000e-01
   3.9481600e-02   8.4000000e-01
   4.4267200e-02   8.6000000e-01
   5.0648000e-02   8.8000000e-01
   5.1047200e-02   9.0000000e-01
   5.3440000e-02   9.2000000e-01
   9.0528800e-02   9.4000000e-01
   1.2721840e-01   9.6000000e-01
   1.4636080e-01   9.8000000e-01
   3.2063840e-01   1.0000000e+00
