   3.3616000e-03   0.0000000e+00
   3.3616000e-03   3.2760033e-03
   3.8416000e-03   1.1466011e-02
   4.3216000e-03   3.1122031e-02
   4.8016000e-03   5.4873055e-02
   5.2824000e-03   8.5995086e-02
   5.7624000e-03   1.2940213e-01
   6.2424000e-03   1.7444717e-01
   6.7224000e-03   2.1785422e-01
   7.2032000e-03   2.6617527e-01
   7.6832000e-03   3.0057330e-01
   8.1632000e-03   3.3660934e-01
   8.6432000e-03   3.7346437e-01
   9.1240000e-03   4.0950041e-01
   9.6040000e-03   4.3161343e-01
   1.0084000e-02   4.5208845e-01
   1.0564000e-02   4.8157248e-01
   1.1044800e-02   5.0040950e-01
   1.1524800e-02   5.2088452e-01
   1.2004800e-02   5.4545455e-01
   1.2484800e-02   5.6183456e-01
   1.2964800e-02   5.7493857e-01
   1.3445600e-02   5.8640459e-01
   1.3925600e-02   6.0360360e-01
   1.4405600e-02   6.1588862e-01
   1.4885600e-02   6.3308763e-01
   1.5366400e-02   6.5110565e-01
   1.5846400e-02   6.6994267e-01
   1.6326400e-02   6.8714169e-01
   1.6806400e-02   6.9451269e-01
   1.7287200e-02   7.0679771e-01
   1.7767200e-02   7.1662572e-01
   1.8247200e-02   7.3382473e-01
   1.8727200e-02   7.3791974e-01
   1.9208000e-02   7.4610975e-01
   1.9688000e-02   7.5593776e-01
   2.0168000e-02   7.6740377e-01
   2.0648000e-02   7.7477477e-01
   2.1128800e-02   7.8542179e-01
   2.1608800e-02   7.9524980e-01
   2.2088800e-02   8.0098280e-01
   2.2568800e-02   8.0917281e-01
   2.3049600e-02   8.1654382e-01
   2.3529600e-02   8.2309582e-01
   2.4009600e-02   8.3619984e-01
   2.4489600e-02   8.4357084e-01
   2.4970400e-02   8.4766585e-01
   2.5450400e-02   8.5667486e-01
   2.5930400e-02   8.5995086e-01
   2.6410400e-02   8.6076986e-01
   2.6890400e-02   8.6404586e-01
   2.7371200e-02   8.7059787e-01
   2.7851200e-02   8.7714988e-01
   2.8331200e-02   8.8042588e-01
   2.8811200e-02   8.8370188e-01
   2.9292000e-02   8.8697789e-01
   2.9772000e-02   8.8943489e-01
   3.0252000e-02   8.9189189e-01
   3.0732000e-02   8.9516790e-01
   3.1212800e-02   8.9598690e-01
   3.1692800e-02   8.9762490e-01
   3.2172800e-02   9.0008190e-01
   3.2652800e-02   9.0171990e-01
   3.3133600e-02   9.0499590e-01
   3.3613600e-02   9.0827191e-01
   3.4093600e-02   9.0990991e-01
   3.4573600e-02   9.1236691e-01
   3.5054400e-02   9.1400491e-01
   3.5534400e-02   9.1646192e-01
   3.6014400e-02   9.1809992e-01
   3.6494400e-02   9.1891892e-01
   3.7455200e-02   9.2055692e-01
   3.7935200e-02   9.2301392e-01
   3.8415200e-02   9.2628993e-01
   3.8895200e-02   9.2792793e-01
   3.9376000e-02   9.2956593e-01
   3.9856000e-02   9.3202293e-01
   4.0336000e-02   9.3366093e-01
   4.0816000e-02   9.3529894e-01
   4.1296800e-02   9.3611794e-01
   4.2256800e-02   9.4185094e-01
   4.3217600e-02   9.4266994e-01
   4.3697600e-02   9.4594595e-01
   4.4657600e-02   9.4840295e-01
   4.5138400e-02   9.5004095e-01
   4.6098400e-02   9.5085995e-01
   4.6578400e-02   9.5331695e-01
   4.7059200e-02   9.5495495e-01
   4.7539200e-02   9.5741196e-01
   4.8019200e-02   9.5823096e-01
   4.8499200e-02   9.5986896e-01
   4.8980000e-02   9.6068796e-01
   4.9460000e-02   9.6232596e-01
   4.9940000e-02   9.6314496e-01
   5.3781600e-02   9.6478296e-01
   5.4261600e-02   9.6560197e-01
   5.5222400e-02   9.6642097e-01
   5.5702400e-02   9.6805897e-01
   5.7143200e-02   9.6887797e-01
   5.7623200e-02   9.7051597e-01
   5.8103200e-02   9.7133497e-01
   5.9064000e-02   9.7297297e-01
   5.9544000e-02   9.7542998e-01
   6.0024000e-02   9.7624898e-01
   6.4825600e-02   9.7706798e-01
   6.6266400e-02   9.7788698e-01
   6.6746400e-02   9.7870598e-01
   6.8187200e-02   9.7952498e-01
   6.9628000e-02   9.8280098e-01
   7.0108000e-02   9.8361998e-01
   7.2028800e-02   9.8443898e-01
   7.6350400e-02   9.8607699e-01
   7.8271200e-02   9.8689599e-01
   8.0192000e-02   9.8771499e-01
   8.0672000e-02   9.8853399e-01
   8.1152800e-02   9.8935299e-01
   8.3073600e-02   9.9099099e-01
   8.8355200e-02   9.9180999e-01
   9.2196800e-02   9.9262899e-01
   9.6998400e-02   9.9344799e-01
   9.7959200e-02   9.9426699e-01
   1.0756320e-01   9.9508600e-01
   1.0852320e-01   9.9590500e-01
   1.1428560e-01   9.9672400e-01
   1.2052800e-01   9.9754300e-01
   1.4982000e-01   9.9836200e-01
   1.5990400e-01   9.9918100e-01
   1.8055200e-01   1.0000000e+00
