   5.0680000e-03   0.0000000e+00
   5.0680000e-03   1.5873016e-02
   5.4584000e-03   2.3809524e-02
   5.8480000e-03   3.1746032e-02
   6.2376000e-03   3.9682540e-02
   6.6280000e-03   4.7619048e-02
   7.0176000e-03   5.5555556e-02
   7.4072000e-03   9.5238095e-02
   8.1872000e-03   1.1111111e-01
   8.5768000e-03   1.2698413e-01
   8.9672000e-03   1.3492063e-01
   9.3568000e-03   1.4285714e-01
   9.7464000e-03   1.5873016e-01
   1.0526400e-02   2.0634921e-01
   1.0916000e-02   2.2222222e-01
   1.1306400e-02   2.5396825e-01
   1.1696000e-02   2.6190476e-01
   1.2476000e-02   3.0158730e-01
   1.2865600e-02   3.0952381e-01
   1.3255200e-02   3.3333333e-01
   1.3644800e-02   3.5714286e-01
   1.4035200e-02   3.6507937e-01
   1.4424800e-02   3.8095238e-01
   1.4815200e-02   4.0476190e-01
   1.5204800e-02   4.2063492e-01
   1.5594400e-02   4.3650794e-01
   1.6374400e-02   4.6825397e-01
   1.6764000e-02   4.7619048e-01
   1.7153600e-02   5.0793651e-01
   1.7544000e-02   5.2380952e-01
   1.7933600e-02   5.3174603e-01
   1.8324000e-02   5.3968254e-01
   1.8713600e-02   5.5555556e-01
   1.9103200e-02   5.7936508e-01
   1.9492800e-02   5.8730159e-01
   1.9883200e-02   5.9523810e-01
   2.0272800e-02   6.0317460e-01
   2.0663200e-02   6.1904762e-01
   2.1052800e-02   6.3492063e-01
   2.1442400e-02   6.5079365e-01
   2.1832000e-02   6.5873016e-01
   2.2222400e-02   6.7460317e-01
   2.3392000e-02   6.9047619e-01
   2.4171200e-02   6.9841270e-01
   2.4951200e-02   7.2222222e-01
   2.6120800e-02   7.3809524e-01
   2.6510400e-02   7.5396825e-01
   2.6900800e-02   7.6984127e-01
   2.7290400e-02   7.7777778e-01
   2.7680000e-02   7.8571429e-01
   2.8460000e-02   7.9365079e-01
   2.8849600e-02   8.0158730e-01
   3.0019200e-02   8.1746032e-01
   3.0409600e-02   8.2539683e-01
   3.0799200e-02   8.3333333e-01
   3.1579200e-02   8.4126984e-01
   3.2358400e-02   8.6507937e-01
   3.2748800e-02   8.7301587e-01
   3.3138400e-02   8.8095238e-01
   3.3528000e-02   8.8888889e-01
   3.3918400e-02   9.0476190e-01
   3.4308000e-02   9.1269841e-01
   3.4697600e-02   9.2857143e-01
   3.5088000e-02   9.3650794e-01
   3.7036800e-02   9.4444444e-01
   3.9376000e-02   9.5238095e-01
   3.9766400e-02   9.6031746e-01
   4.0156000e-02   9.6825397e-01
   4.4834400e-02   9.7619048e-01
   4.9902400e-02   9.8412698e-01
   5.1461600e-02   9.9206349e-01
   6.1208800e-02   1.0000000e+00
