   3.8312000e-03   0.0000000e+00
   3.8312000e-03   7.1428571e-03
   4.5976000e-03   1.0714286e-02
   4.9808000e-03   1.7857143e-02
   5.3640000e-03   2.5000000e-02
   5.7472000e-03   3.2142857e-02
   6.1304000e-03   3.9285714e-02
   6.5136000e-03   5.0000000e-02
   6.8968000e-03   8.2142857e-02
   7.2800000e-03   8.9285714e-02
   7.6632000e-03   1.0714286e-01
   8.0464000e-03   1.2500000e-01
   8.4288000e-03   1.4285714e-01
   8.8120000e-03   1.6785714e-01
   9.1952000e-03   1.8571429e-01
   9.5784000e-03   1.9642857e-01
   9.9616000e-03   2.2500000e-01
   1.0344800e-02   2.4285714e-01
   1.0728000e-02   2.5714286e-01
   1.1111200e-02   2.7142857e-01
   1.1494400e-02   3.0000000e-01
   1.1877600e-02   3.1071429e-01
   1.2260800e-02   3.2500000e-01
   1.2644000e-02   3.5714286e-01
   1.3026400e-02   3.7500000e-01
   1.3409600e-02   3.8214286e-01
   1.3792800e-02   4.1428571e-01
   1.4176000e-02   4.2142857e-01
   1.4559200e-02   4.3571429e-01
   1.4942400e-02   4.5000000e-01
   1.5325600e-02   4.5714286e-01
   1.5708800e-02   4.7142857e-01
   1.6092000e-02   4.8571429e-01
   1.6475200e-02   5.0714286e-01
   1.6858400e-02   5.3214286e-01
   1.7241600e-02   5.4642857e-01
   1.7624800e-02   5.5714286e-01
   1.8008000e-02   5.7857143e-01
   1.8390400e-02   5.8928571e-01
   1.8773600e-02   6.2500000e-01
   1.9540000e-02   6.3571429e-01
   1.9923200e-02   6.6428571e-01
   2.0306400e-02   6.7142857e-01
   2.0689600e-02   6.9285714e-01
   2.1072800e-02   7.0000000e-01
   2.1456000e-02   7.1071429e-01
   2.1839200e-02   7.1428571e-01
   2.2222400e-02   7.2500000e-01
   2.2605600e-02   7.4642857e-01
   2.2988800e-02   7.5000000e-01
   2.3372000e-02   7.5357143e-01
   2.3755200e-02   7.5714286e-01
   2.4137600e-02   7.6428571e-01
   2.4520800e-02   7.7142857e-01
   2.4904000e-02   7.7500000e-01
   2.5287200e-02   7.7857143e-01
   2.6053600e-02   7.8214286e-01
   2.6820000e-02   7.8571429e-01
   2.7586400e-02   7.9642857e-01
   2.8736000e-02   8.0357143e-01
   2.9119200e-02   8.0714286e-01
   2.9501600e-02   8.1071429e-01
   2.9884800e-02   8.1785714e-01
   3.1034400e-02   8.2142857e-01
   3.2567200e-02   8.2500000e-01
   3.2950400e-02   8.3214286e-01
   3.3333600e-02   8.3571429e-01
   3.3716800e-02   8.3928571e-01
   3.4100000e-02   8.4285714e-01
   3.4482400e-02   8.4642857e-01
   3.4865600e-02   8.5000000e-01
   3.5632000e-02   8.5357143e-01
   3.6015200e-02   8.5714286e-01
   3.6398400e-02   8.6071429e-01
   3.9080800e-02   8.6428571e-01
   4.0612800e-02   8.6785714e-01
   4.1379200e-02   8.7142857e-01
   4.2528800e-02   8.7857143e-01
   4.2912000e-02   8.8571429e-01
   4.4828000e-02   8.8928571e-01
   4.5976800e-02   9.0000000e-01
   4.8659200e-02   9.0357143e-01
   4.9808800e-02   9.0714286e-01
   5.0574400e-02   9.1071429e-01
   5.0957600e-02   9.1428571e-01
   5.1340800e-02   9.1785714e-01
   5.5555200e-02   9.2142857e-01
   5.7088000e-02   9.2500000e-01
   6.0536800e-02   9.2857143e-01
   6.1685600e-02   9.3214286e-01
   6.2452000e-02   9.3571429e-01
   6.4368000e-02   9.3928571e-01
   6.4751200e-02   9.4285714e-01
   6.7816000e-02   9.4642857e-01
   6.9732000e-02   9.5000000e-01
   7.3563200e-02   9.5357143e-01
   7.4329600e-02   9.5714286e-01
   7.4712800e-02   9.6071429e-01
   9.3869600e-02   9.6428571e-01
   1.0421440e-01   9.6785714e-01
   1.0842880e-01   9.7142857e-01
   1.0919520e-01   9.7500000e-01
   1.1149440e-01   9.7857143e-01
   1.1226080e-01   9.8214286e-01
   1.1379280e-01   9.8571429e-01
   1.2068960e-01   9.8928571e-01
   1.4482720e-01   9.9285714e-01
   1.4789280e-01   9.9642857e-01
   1.6513440e-01   1.0000000e+00
