   2.9008000e-03   0.0000000e+00
   2.9008000e-03   2.4390244e-03
   4.1904000e-03   7.3170732e-03
   4.5128000e-03   1.4634146e-02
   4.8352000e-03   2.1951220e-02
   5.1568000e-03   2.6829268e-02
   5.4792000e-03   3.1707317e-02
   5.8016000e-03   3.9024390e-02
   6.1240000e-03   4.6341463e-02
   6.4464000e-03   4.8780488e-02
   6.7688000e-03   5.1219512e-02
   7.0912000e-03   6.0975610e-02
   7.4136000e-03   7.5609756e-02
   7.7360000e-03   8.5365854e-02
   8.0576000e-03   1.0000000e-01
   8.3800000e-03   1.0243902e-01
   8.7024000e-03   1.3902439e-01
   9.0248000e-03   1.4878049e-01
   9.3472000e-03   1.6097561e-01
   9.6696000e-03   1.7073171e-01
   9.9920000e-03   1.9268293e-01
   1.0314400e-02   1.9512195e-01
   1.0636800e-02   2.1951220e-01
   1.0959200e-02   2.2682927e-01
   1.1280800e-02   2.7317073e-01
   1.1603200e-02   2.7804878e-01
   1.1925600e-02   3.0975610e-01
   1.2248000e-02   3.1951220e-01
   1.2570400e-02   3.4634146e-01
   1.2892800e-02   3.5853659e-01
   1.3215200e-02   3.9024390e-01
   1.3537600e-02   4.0487805e-01
   1.3860000e-02   4.3170732e-01
   1.4182400e-02   4.4878049e-01
   1.4504800e-02   4.5853659e-01
   1.4826400e-02   4.7317073e-01
   1.5148800e-02   4.9512195e-01
   1.5471200e-02   5.0975610e-01
   1.5793600e-02   5.2439024e-01
   1.6116000e-02   5.4390244e-01
   1.6438400e-02   5.5121951e-01
   1.6760800e-02   5.6341463e-01
   1.7083200e-02   5.7317073e-01
   1.7405600e-02   5.8780488e-01
   1.7727200e-02   5.9756098e-01
   1.8049600e-02   6.1219512e-01
   1.8372000e-02   6.1463415e-01
   1.8694400e-02   6.3414634e-01
   1.9016800e-02   6.4146341e-01
   1.9339200e-02   6.5609756e-01
   1.9661600e-02   6.6585366e-01
   1.9984000e-02   6.8048780e-01
   2.0628800e-02   6.9268293e-01
   2.0951200e-02   6.9756098e-01
   2.1273600e-02   7.1707317e-01
   2.1595200e-02   7.2682927e-01
   2.1917600e-02   7.4146341e-01
   2.2240000e-02   7.4390244e-01
   2.2562400e-02   7.6097561e-01
   2.2884800e-02   7.6585366e-01
   2.3207200e-02   7.7560976e-01
   2.3529600e-02   7.8048780e-01
   2.3852000e-02   7.8780488e-01
   2.4174400e-02   7.9024390e-01
   2.4496000e-02   8.0243902e-01
   2.4818400e-02   8.1707317e-01
   2.5785600e-02   8.1951220e-01
   2.6430400e-02   8.2682927e-01
   2.6752800e-02   8.3414634e-01
   2.7075200e-02   8.3658537e-01
   2.7397600e-02   8.4634146e-01
   2.7719200e-02   8.5121951e-01
   2.8364000e-02   8.5853659e-01
   2.8686400e-02   8.6341463e-01
   2.9331200e-02   8.6829268e-01
   2.9653600e-02   8.7560976e-01
   3.0942400e-02   8.8048780e-01
   3.1587200e-02   8.8536585e-01
   3.1909600e-02   8.8780488e-01
   3.2232000e-02   8.9512195e-01
   3.2554400e-02   9.0000000e-01
   3.3199200e-02   9.0243902e-01
   3.3521600e-02   9.0487805e-01
   3.3844000e-02   9.0731707e-01
   3.4810400e-02   9.1219512e-01
   3.5455200e-02   9.1463415e-01
   3.5777600e-02   9.1951220e-01
   3.6100000e-02   9.2195122e-01
   3.6744800e-02   9.2439024e-01
   3.8033600e-02   9.2682927e-01
   3.8678400e-02   9.3170732e-01
   4.0934400e-02   9.3414634e-01
   4.1256800e-02   9.3658537e-01
   4.2546400e-02   9.3902439e-01
   4.3513600e-02   9.4146341e-01
   4.4157600e-02   9.4634146e-01
   4.6092000e-02   9.4878049e-01
   4.6414400e-02   9.5121951e-01
   4.8348000e-02   9.5365854e-01
   5.0282400e-02   9.5609756e-01
   5.0604000e-02   9.5853659e-01
   5.1248800e-02   9.6097561e-01
   5.1571200e-02   9.6341463e-01
   5.3183200e-02   9.6585366e-01
   5.4472000e-02   9.6829268e-01
   5.5761600e-02   9.7073171e-01
   5.7695200e-02   9.7317073e-01
   5.8017600e-02   9.7560976e-01
   5.8662400e-02   9.7804878e-01
   5.9307200e-02   9.8048780e-01
   6.0596000e-02   9.8292683e-01
   6.2208000e-02   9.8536585e-01
   6.4786400e-02   9.8780488e-01
   6.5108800e-02   9.9024390e-01
   8.2836800e-02   9.9268293e-01
   8.3158400e-02   9.9512195e-01
   9.2184000e-02   9.9756098e-01
   1.1313440e-01   1.0000000e+00
