   6.9715430e-03   0.0000000e+00
   6.9715430e-03   2.3148148e-03
   7.4352271e-03   4.6296296e-03
   7.8810349e-03   6.9444444e-03
   7.8897403e-03   9.2592593e-03
   8.5169082e-03   1.1574074e-02
   8.7006363e-03   1.3888889e-02
   8.8063640e-03   1.6203704e-02
   8.9976264e-03   1.8518519e-02
   9.2479065e-03   2.0833333e-02
   9.3004004e-03   2.3148148e-02
   9.5203652e-03   2.5462963e-02
   9.5376448e-03   2.7777778e-02
   9.5518635e-03   3.0092593e-02
   9.8520159e-03   3.2407407e-02
   1.0087767e-02   3.4722222e-02
   1.0107030e-02   3.7037037e-02
   1.0372423e-02   3.9351852e-02
   1.0405077e-02   4.1666667e-02
   1.0665582e-02   4.3981481e-02
   1.0707860e-02   4.8611111e-02
   1.0780816e-02   5.0925926e-02
   1.0931737e-02   5.3240741e-02
   1.1270420e-02   6.0185185e-02
   1.1525906e-02   6.2500000e-02
   1.1543914e-02   6.7129630e-02
   1.1722957e-02   6.9444444e-02
   1.1769700e-02   7.1759259e-02
   1.1783950e-02   7.6388889e-02
   1.1788463e-02   7.8703704e-02
   1.1834075e-02   8.1018519e-02
   1.1874278e-02   8.5648148e-02
   1.1906165e-02   9.0277778e-02
   1.1921217e-02   9.2592593e-02
   1.2056554e-02   9.4907407e-02
   1.2276756e-02   9.7222222e-02
   1.2284042e-02   9.9537037e-02
   1.2325048e-02   1.0185185e-01
   1.2335436e-02   1.0416667e-01
   1.2422637e-02   1.0648148e-01
   1.2469241e-02   1.1111111e-01
   1.2667109e-02   1.1342593e-01
   1.3146733e-02   1.1574074e-01
   1.3182826e-02   1.1805556e-01
   1.3216374e-02   1.2037037e-01
   1.3219881e-02   1.2268519e-01
   1.3364831e-02   1.2731481e-01
   1.3365289e-02   1.2962963e-01
   1.3477133e-02   1.3425926e-01
   1.3591930e-02   1.3657407e-01
   1.3743846e-02   1.3888889e-01
   1.3913672e-02   1.4120370e-01
   1.3942653e-02   1.4351852e-01
   1.4088040e-02   1.4583333e-01
   1.4158641e-02   1.4814815e-01
   1.4226020e-02   1.5046296e-01
   1.4291095e-02   1.5277778e-01
   1.4305901e-02   1.5509259e-01
   1.4452551e-02   1.5740741e-01
   1.4576414e-02   1.5972222e-01
   1.4585462e-02   1.6203704e-01
   1.4588705e-02   1.6435185e-01
   1.4623441e-02   1.6666667e-01
   1.4654211e-02   1.7361111e-01
   1.4708233e-02   1.7592593e-01
   1.4721271e-02   1.7824074e-01
   1.4868597e-02   1.8055556e-01
   1.4906942e-02   1.8287037e-01
   1.4923965e-02   1.8518519e-01
   1.4965828e-02   1.8750000e-01
   1.4993969e-02   1.8981481e-01
   1.5045692e-02   1.9212963e-01
   1.5146001e-02   1.9444444e-01
   1.5180424e-02   1.9675926e-01
   1.5207234e-02   1.9907407e-01
   1.5267089e-02   2.0138889e-01
   1.5285059e-02   2.0370370e-01
   1.5413344e-02   2.0601852e-01
   1.5438470e-02   2.0833333e-01
   1.5613262e-02   2.1064815e-01
   1.5629590e-02   2.1296296e-01
   1.5702955e-02   2.1527778e-01
   1.5745169e-02   2.1759259e-01
   1.5858213e-02   2.1990741e-01
   1.5936792e-02   2.2222222e-01
   1.6044037e-02   2.2453704e-01
   1.6171284e-02   2.2685185e-01
   1.6171335e-02   2.2916667e-01
   1.6337673e-02   2.3148148e-01
   1.6385134e-02   2.3379630e-01
   1.6490562e-02   2.3611111e-01
   1.6587827e-02   2.3842593e-01
   1.6596993e-02   2.4074074e-01
   1.6673035e-02   2.4305556e-01
   1.6845158e-02   2.4537037e-01
   1.6906196e-02   2.5000000e-01
   1.6973814e-02   2.5231481e-01
   1.7141914e-02   2.5694444e-01
   1.7160564e-02   2.6157407e-01
   1.7166096e-02   2.6388889e-01
   1.7219448e-02   2.6620370e-01
   1.7419369e-02   2.6851852e-01
   1.7441762e-02   2.7083333e-01
   1.7504756e-02   2.7546296e-01
   1.7611662e-02   2.7777778e-01
   1.7682415e-02   2.8009259e-01
   1.7696605e-02   2.8240741e-01
   1.7723554e-02   2.8472222e-01
   1.7784327e-02   2.8703704e-01
   1.7957115e-02   2.8935185e-01
   1.7982151e-02   2.9166667e-01
   1.8494012e-02   2.9398148e-01
   1.8496055e-02   2.9629630e-01
   1.8497187e-02   3.0092593e-01
   1.8596565e-02   3.0324074e-01
   1.8849280e-02   3.0555556e-01
   1.8851263e-02   3.0787037e-01
   1.8864592e-02   3.1018519e-01
   1.8975429e-02   3.1250000e-01
   1.9103727e-02   3.1481481e-01
   1.9246551e-02   3.1712963e-01
   1.9298939e-02   3.1944444e-01
   1.9334684e-02   3.2175926e-01
   1.9445525e-02   3.2407407e-01
   1.9525476e-02   3.2870370e-01
   1.9603551e-02   3.3101852e-01
   1.9637407e-02   3.3333333e-01
   1.9639646e-02   3.3796296e-01
   1.9873327e-02   3.4027778e-01
   1.9934127e-02   3.4722222e-01
   1.9977857e-02   3.4953704e-01
   2.0076123e-02   3.5185185e-01
   2.0157733e-02   3.5648148e-01
   2.0175534e-02   3.5879630e-01
   2.0201301e-02   3.6111111e-01
   2.0469110e-02   3.6342593e-01
   2.0505159e-02   3.6574074e-01
   2.0540866e-02   3.6805556e-01
   2.0735752e-02   3.7037037e-01
   2.0762940e-02   3.7500000e-01
   2.0764155e-02   3.7731481e-01
   2.0864790e-02   3.7962963e-01
   2.0998859e-02   3.8194444e-01
   2.1105008e-02   3.8425926e-01
   2.1219289e-02   3.8657407e-01
   2.1285941e-02   3.8888889e-01
   2.1339029e-02   3.9120370e-01
   2.1470099e-02   3.9351852e-01
   2.1623645e-02   3.9814815e-01
   2.1659485e-02   4.0046296e-01
   2.1668021e-02   4.0277778e-01
   2.1722439e-02   4.0509259e-01
   2.1825437e-02   4.0740741e-01
   2.1856775e-02   4.0972222e-01
   2.1888085e-02   4.1203704e-01
   2.1925452e-02   4.1435185e-01
   2.2106241e-02   4.1666667e-01
   2.2176961e-02   4.1898148e-01
   2.2181944e-02   4.2129630e-01
   2.2186296e-02   4.2361111e-01
   2.2217467e-02   4.3055556e-01
   2.2231625e-02   4.3287037e-01
   2.2290518e-02   4.3518519e-01
   2.2326841e-02   4.3750000e-01
   2.2364051e-02   4.3981481e-01
   2.2440125e-02   4.4212963e-01
   2.2450375e-02   4.4444444e-01
   2.2708466e-02   4.4675926e-01
   2.2744705e-02   4.4907407e-01
   2.2771121e-02   4.5138889e-01
   2.2887755e-02   4.5370370e-01
   2.3052361e-02   4.5601852e-01
   2.3225983e-02   4.5833333e-01
   2.3249916e-02   4.6064815e-01
   2.3266461e-02   4.6296296e-01
   2.3312789e-02   4.6759259e-01
   2.3324766e-02   4.6990741e-01
   2.3383058e-02   4.7222222e-01
   2.3452361e-02   4.7453704e-01
   2.3576362e-02   4.7685185e-01
   2.3642684e-02   4.7916667e-01
   2.3698864e-02   4.8148148e-01
   2.3706528e-02   4.8379630e-01
   2.3733672e-02   4.8611111e-01
   2.4059887e-02   4.8842593e-01
   2.4231746e-02   4.9074074e-01
   2.4417240e-02   4.9305556e-01
   2.4424774e-02   4.9537037e-01
   2.4536356e-02   4.9768519e-01
   2.4605564e-02   5.0000000e-01
   2.4732063e-02   5.0231481e-01
   2.5031790e-02   5.0462963e-01
   2.5108390e-02   5.0694444e-01
   2.5222002e-02   5.1388889e-01
   2.5358461e-02   5.1620370e-01
   2.5424137e-02   5.1851852e-01
   2.5501487e-02   5.2083333e-01
   2.5634271e-02   5.2314815e-01
   2.5663579e-02   5.2546296e-01
   2.5779649e-02   5.2777778e-01
   2.6075189e-02   5.3009259e-01
   2.6103948e-02   5.3240741e-01
   2.6148123e-02   5.3472222e-01
   2.6432749e-02   5.3703704e-01
   2.6491032e-02   5.3935185e-01
   2.6537839e-02   5.4166667e-01
   2.6551117e-02   5.4398148e-01
   2.6626839e-02   5.4629630e-01
   2.6831853e-02   5.4861111e-01
   2.6905664e-02   5.5092593e-01
   2.6921376e-02   5.5324074e-01
   2.6923105e-02   5.5555556e-01
   2.7049366e-02   5.5787037e-01
   2.7050271e-02   5.6018519e-01
   2.7349959e-02   5.6250000e-01
   2.7432721e-02   5.6481481e-01
   2.7461147e-02   5.6712963e-01
   2.7488315e-02   5.6944444e-01
   2.7517414e-02   5.7175926e-01
   2.8203275e-02   5.7638889e-01
   2.8400167e-02   5.7870370e-01
   2.8561800e-02   5.8101852e-01
   2.8793952e-02   5.8564815e-01
   2.8795001e-02   5.8796296e-01
   2.8858101e-02   5.9027778e-01
   2.8868435e-02   5.9259259e-01
   2.8965860e-02   5.9490741e-01
   2.8994152e-02   5.9722222e-01
   2.9071442e-02   5.9953704e-01
   2.9177295e-02   6.0185185e-01
   2.9294357e-02   6.0416667e-01
   2.9303331e-02   6.0648148e-01
   2.9368175e-02   6.0879630e-01
   2.9395858e-02   6.1111111e-01
   2.9443361e-02   6.1342593e-01
   2.9528605e-02   6.1574074e-01
   2.9554796e-02   6.1805556e-01
   2.9704249e-02   6.2037037e-01
   2.9791139e-02   6.2268519e-01
   2.9871277e-02   6.2500000e-01
   2.9906190e-02   6.2731481e-01
   2.9996949e-02   6.2962963e-01
   3.0161745e-02   6.3194444e-01
   3.0394552e-02   6.3425926e-01
   3.0419148e-02   6.3657407e-01
   3.0604392e-02   6.3888889e-01
   3.0716581e-02   6.4120370e-01
   3.0797682e-02   6.4583333e-01
   3.1159973e-02   6.4814815e-01
   3.1259180e-02   6.5046296e-01
   3.1310831e-02   6.5277778e-01
   3.1375969e-02   6.5509259e-01
   3.1438012e-02   6.5740741e-01
   3.1503376e-02   6.6203704e-01
   3.1685844e-02   6.6666667e-01
   3.1693357e-02   6.6898148e-01
   3.2022712e-02   6.7129630e-01
   3.2037649e-02   6.7361111e-01
   3.2204020e-02   6.7592593e-01
   3.2333753e-02   6.7824074e-01
   3.2428720e-02   6.8055556e-01
   3.2797490e-02   6.8287037e-01
   3.2818542e-02   6.8518519e-01
   3.2906638e-02   6.8750000e-01
   3.3040217e-02   6.8981481e-01
   3.3065779e-02   6.9212963e-01
   3.3122328e-02   6.9444444e-01
   3.3151259e-02   6.9675926e-01
   3.3286960e-02   6.9907407e-01
   3.3712632e-02   7.0138889e-01
   3.3974969e-02   7.0370370e-01
   3.4121835e-02   7.0601852e-01
   3.4260830e-02   7.0833333e-01
   3.4578848e-02   7.1064815e-01
   3.5192301e-02   7.1296296e-01
   3.5246705e-02   7.1527778e-01
   3.5638173e-02   7.1759259e-01
   3.5794627e-02   7.1990741e-01
   3.5869656e-02   7.2222222e-01
   3.5948455e-02   7.2453704e-01
   3.6014230e-02   7.2685185e-01
   3.6371224e-02   7.2916667e-01
   3.6846597e-02   7.3148148e-01
   3.6991539e-02   7.3379630e-01
   3.7302113e-02   7.3611111e-01
   3.7510868e-02   7.3842593e-01
   3.7614927e-02   7.4074074e-01
   3.7715209e-02   7.4305556e-01
   3.7848789e-02   7.4537037e-01
   3.7987342e-02   7.4768519e-01
   3.8156180e-02   7.5000000e-01
   3.8695007e-02   7.5231481e-01
   3.8828530e-02   7.5462963e-01
   3.8856574e-02   7.5694444e-01
   3.8897549e-02   7.5925926e-01
   3.8949324e-02   7.6157407e-01
   3.9195424e-02   7.6388889e-01
   3.9381896e-02   7.6620370e-01
   3.9580767e-02   7.6851852e-01
   3.9958943e-02   7.7083333e-01
   4.0813679e-02   7.7314815e-01
   4.1500545e-02   7.7546296e-01
   4.1645571e-02   7.7777778e-01
   4.2044648e-02   7.8009259e-01
   4.2312418e-02   7.8240741e-01
   4.2686396e-02   7.8472222e-01
   4.2972299e-02   7.8703704e-01
   4.3245879e-02   7.8935185e-01
   4.3715487e-02   7.9166667e-01
   4.3809935e-02   7.9398148e-01
   4.4668737e-02   7.9629630e-01
   4.4859089e-02   7.9861111e-01
   4.4999659e-02   8.0092593e-01
   4.5466844e-02   8.0324074e-01
   4.5956223e-02   8.0555556e-01
   4.6011886e-02   8.0787037e-01
   4.6138637e-02   8.1018519e-01
   4.6521946e-02   8.1250000e-01
   4.6626152e-02   8.1481481e-01
   4.6797630e-02   8.1712963e-01
   4.7234102e-02   8.1944444e-01
   4.7589684e-02   8.2175926e-01
   4.7625280e-02   8.2407407e-01
   4.8380930e-02   8.2638889e-01
   4.9037646e-02   8.2870370e-01
   4.9054545e-02   8.3101852e-01
   4.9540510e-02   8.3333333e-01
   4.9889591e-02   8.3564815e-01
   4.9933011e-02   8.3796296e-01
   5.0735977e-02   8.4027778e-01
   5.0838422e-02   8.4259259e-01
   5.1736627e-02   8.4490741e-01
   5.1906691e-02   8.4722222e-01
   5.2074880e-02   8.4953704e-01
   5.2560720e-02   8.5185185e-01
   5.2641767e-02   8.5416667e-01
   5.2828109e-02   8.5648148e-01
   5.2922653e-02   8.5879630e-01
   5.3236791e-02   8.6111111e-01
   5.3432045e-02   8.6342593e-01
   5.3843121e-02   8.6574074e-01
   5.4155089e-02   8.6805556e-01
   5.4291790e-02   8.7037037e-01
   5.5428846e-02   8.7268519e-01
   5.5706251e-02   8.7500000e-01
   5.5839742e-02   8.7731481e-01
   5.6949910e-02   8.7962963e-01
   5.7671327e-02   8.8194444e-01
   5.7743243e-02   8.8425926e-01
   5.8202738e-02   8.8657407e-01
   5.9294164e-02   8.8888889e-01
   5.9426910e-02   8.9120370e-01
   6.0359065e-02   8.9351852e-01
   6.1524460e-02   8.9583333e-01
   6.2613535e-02   8.9814815e-01
   6.2812845e-02   9.0046296e-01
   6.3303176e-02   9.0277778e-01
   6.3391095e-02   9.0509259e-01
   6.4780487e-02   9.0740741e-01
   6.5569788e-02   9.0972222e-01
   6.5900148e-02   9.1203704e-01
   6.7323910e-02   9.1435185e-01
   6.7571353e-02   9.1666667e-01
   6.8469699e-02   9.1898148e-01
   6.8948223e-02   9.2129630e-01
   6.9604246e-02   9.2361111e-01
   7.0905433e-02   9.2592593e-01
   7.2885482e-02   9.2824074e-01
   7.4515442e-02   9.3055556e-01
   7.5764532e-02   9.3287037e-01
   7.6789105e-02   9.3518519e-01
   8.1121824e-02   9.3750000e-01
   8.2633170e-02   9.3981481e-01
   8.3106287e-02   9.4212963e-01
   8.4164767e-02   9.4444444e-01
   8.4417262e-02   9.4675926e-01
   8.4748369e-02   9.4907407e-01
   8.5383352e-02   9.5138889e-01
   8.6818748e-02   9.5370370e-01
   8.7139511e-02   9.5601852e-01
   8.8684955e-02   9.5833333e-01
   8.9763429e-02   9.6064815e-01
   9.0257398e-02   9.6296296e-01
   9.0380212e-02   9.6527778e-01
   9.1066489e-02   9.6759259e-01
   9.2924904e-02   9.6990741e-01
   9.5056369e-02   9.7222222e-01
   9.7624338e-02   9.7453704e-01
   1.0070509e-01   9.7685185e-01
   1.0372896e-01   9.7916667e-01
   1.0850929e-01   9.8148148e-01
   1.3139620e-01   9.8379630e-01
   1.3786898e-01   9.8611111e-01
   1.5698546e-01   9.8842593e-01
   1.6705460e-01   9.9074074e-01
   1.6951302e-01   9.9305556e-01
   1.7241059e-01   9.9537037e-01
   2.0161234e-01   9.9768519e-01
   2.3485893e-01   1.0000000e+00
