   3.0832000e-03   0.0000000e+00
   3.0832000e-03   1.3831259e-03
   3.4680000e-03   6.9156293e-03
   3.8536000e-03   8.2987552e-03
   4.2392000e-03   1.9363762e-02
   4.6240000e-03   2.2130014e-02
   5.0096000e-03   4.0110650e-02
   5.3952000e-03   4.9792531e-02
   5.7800000e-03   6.5006916e-02
   6.1656000e-03   8.7136929e-02
   6.5512000e-03   1.1341632e-01
   6.9368000e-03   1.4246196e-01
   7.3216000e-03   1.6182573e-01
   7.7072000e-03   1.9502075e-01
   8.0928000e-03   2.3098202e-01
   8.4776000e-03   2.4896266e-01
   8.8632000e-03   2.8907331e-01
   9.2488000e-03   3.0428769e-01
   9.6336000e-03   3.1950207e-01
   1.0019200e-02   3.5961272e-01
   1.0404800e-02   3.7482711e-01
   1.0789600e-02   3.9557400e-01
   1.1175200e-02   4.2600277e-01
   1.1560800e-02   4.3845090e-01
   1.1946400e-02   4.5781466e-01
   1.2331200e-02   4.7856155e-01
   1.2716800e-02   5.0207469e-01
   1.3102400e-02   5.2697095e-01
   1.3487200e-02   5.5048409e-01
   1.3872800e-02   5.7123098e-01
   1.4258400e-02   5.9474412e-01
   1.4643200e-02   6.0857538e-01
   1.5028800e-02   6.3070539e-01
   1.5414400e-02   6.4730290e-01
   1.5799200e-02   6.6113416e-01
   1.6184800e-02   6.7911480e-01
   1.6570400e-02   6.8188105e-01
   1.6956000e-02   6.9017981e-01
   1.7340800e-02   7.0124481e-01
   1.7726400e-02   7.0539419e-01
   1.8112000e-02   7.2060858e-01
   1.8496800e-02   7.3029046e-01
   1.8882400e-02   7.4412172e-01
   1.9268000e-02   7.5103734e-01
   1.9653600e-02   7.5933610e-01
   2.0038400e-02   7.7178423e-01
   2.0424000e-02   7.7316736e-01
   2.0809600e-02   7.7593361e-01
   2.1194400e-02   7.8976487e-01
   2.1580000e-02   7.9944675e-01
   2.1965600e-02   8.0497925e-01
   2.2350400e-02   8.1466113e-01
   2.2736000e-02   8.1742739e-01
   2.3121600e-02   8.2157676e-01
   2.3506400e-02   8.2295989e-01
   2.3892000e-02   8.2572614e-01
   2.4662400e-02   8.2849239e-01
   2.5048000e-02   8.3402490e-01
   2.5433600e-02   8.3540802e-01
   2.5819200e-02   8.3817427e-01
   2.6204000e-02   8.4647303e-01
   2.6589600e-02   8.4785615e-01
   2.7360000e-02   8.5062241e-01
   2.7745600e-02   8.5338866e-01
   2.8131200e-02   8.5477178e-01
   2.8516000e-02   8.5615491e-01
   2.9287200e-02   8.6168741e-01
   2.9672800e-02   8.6307054e-01
   3.0057600e-02   8.6583679e-01
   3.0828800e-02   8.6721992e-01
   3.1213600e-02   8.7551867e-01
   3.1599200e-02   8.7828492e-01
   3.1984800e-02   8.8105118e-01
   3.3140800e-02   8.8243430e-01
   3.3526400e-02   8.8381743e-01
   3.3911200e-02   8.8520055e-01
   3.4296800e-02   8.8796680e-01
   3.5067200e-02   8.9073306e-01
   3.5452800e-02   8.9488243e-01
   3.6223200e-02   8.9764869e-01
   3.6608800e-02   9.0041494e-01
   3.6994400e-02   9.0179806e-01
   3.7380000e-02   9.0456432e-01
   3.8920800e-02   9.0594744e-01
   3.9306400e-02   9.0733057e-01
   3.9692000e-02   9.0871369e-01
   4.0462400e-02   9.1009682e-01
   4.0848000e-02   9.1147994e-01
   4.1232800e-02   9.1562932e-01
   4.1618400e-02   9.1701245e-01
   4.2004000e-02   9.1839557e-01
   4.2388800e-02   9.2116183e-01
   4.2774400e-02   9.2254495e-01
   4.3160000e-02   9.2392808e-01
   4.5472000e-02   9.2807746e-01
   4.6243200e-02   9.3222683e-01
   4.6628000e-02   9.3360996e-01
   4.7013600e-02   9.3499308e-01
   4.9325600e-02   9.3775934e-01
   5.1252000e-02   9.3914246e-01
   5.2408800e-02   9.4052559e-01
   5.3564800e-02   9.4190871e-01
   5.3949600e-02   9.4329184e-01
   5.7032800e-02   9.4467497e-01
   5.8959200e-02   9.4605809e-01
   5.9344800e-02   9.5020747e-01
   5.9730400e-02   9.5159059e-01
   6.1272000e-02   9.5435685e-01
   6.2428000e-02   9.5573997e-01
   6.3198400e-02   9.5850622e-01
   6.3584000e-02   9.5988935e-01
   6.5510400e-02   9.6127248e-01
   6.7822400e-02   9.6265560e-01
   6.8208000e-02   9.6542185e-01
   6.9364000e-02   9.6957123e-01
   7.1291200e-02   9.7095436e-01
   7.1676000e-02   9.7233748e-01
   7.5144800e-02   9.7372061e-01
   7.6685600e-02   9.7510373e-01
   8.0154400e-02   9.7648686e-01
   8.0539200e-02   9.7786999e-01
   8.2466400e-02   9.7925311e-01
   8.3622400e-02   9.8063624e-01
   8.6320000e-02   9.8201936e-01
   8.9402400e-02   9.8340249e-01
   9.0173600e-02   9.8478562e-01
   9.1329600e-02   9.8616874e-01
   9.7880800e-02   9.8755187e-01
   9.8651200e-02   9.8893499e-01
   9.9807200e-02   9.9031812e-01
   1.0173440e-01   9.9170124e-01
   1.0366080e-01   9.9308437e-01
   1.1753360e-01   9.9446750e-01
   1.3217760e-01   9.9585062e-01
   1.3294800e-01   9.9723375e-01
   1.6955680e-01   9.9861687e-01
   1.7610800e-01   1.0000000e+00
