   4.2800000e-03   0.0000000e+00
   4.2800000e-03   2.5773196e-03
   4.9936000e-03   1.0309278e-02
   5.3496000e-03   1.2886598e-02
   5.7064000e-03   2.0618557e-02
   6.0632000e-03   2.5773196e-02
   6.4200000e-03   4.8969072e-02
   6.7768000e-03   5.6701031e-02
   7.1336000e-03   6.1855670e-02
   7.4896000e-03   8.7628866e-02
   7.8464000e-03   1.0309278e-01
   8.2032000e-03   1.1855670e-01
   8.5600000e-03   1.2886598e-01
   8.9168000e-03   1.3917526e-01
   9.2736000e-03   1.5206186e-01
   9.6296000e-03   1.6237113e-01
   9.9864000e-03   1.8556701e-01
   1.0343200e-02   2.1391753e-01
   1.0700000e-02   2.2164948e-01
   1.1056800e-02   2.3969072e-01
   1.1413600e-02   2.5515464e-01
   1.1769600e-02   2.8350515e-01
   1.2126400e-02   2.9381443e-01
   1.2483200e-02   3.0927835e-01
   1.2840000e-02   3.3247423e-01
   1.3196800e-02   3.4536082e-01
   1.3553600e-02   3.5567010e-01
   1.3909600e-02   3.5824742e-01
   1.4266400e-02   3.7371134e-01
   1.4623200e-02   3.8402062e-01
   1.4980000e-02   3.9432990e-01
   1.5336800e-02   4.0206186e-01
   1.5693600e-02   4.0979381e-01
   1.6049600e-02   4.3041237e-01
   1.6406400e-02   4.4587629e-01
   1.6763200e-02   4.7164948e-01
   1.7120000e-02   4.7680412e-01
   1.7476800e-02   4.8195876e-01
   1.7833600e-02   4.9226804e-01
   1.8189600e-02   4.9484536e-01
   1.8546400e-02   5.1030928e-01
   1.8903200e-02   5.1288660e-01
   1.9260000e-02   5.2835052e-01
   1.9616800e-02   5.3350515e-01
   1.9973600e-02   5.4123711e-01
   2.0329600e-02   5.5927835e-01
   2.0686400e-02   5.6443299e-01
   2.1043200e-02   5.6701031e-01
   2.1756800e-02   5.7474227e-01
   2.2469600e-02   5.8247423e-01
   2.3183200e-02   5.9278351e-01
   2.3896800e-02   5.9793814e-01
   2.4252800e-02   6.0567010e-01
   2.4609600e-02   6.0824742e-01
   2.4966400e-02   6.1855670e-01
   2.5323200e-02   6.2113402e-01
   2.5680000e-02   6.3144330e-01
   2.6036800e-02   6.4175258e-01
   2.6392800e-02   6.4690722e-01
   2.6749600e-02   6.5206186e-01
   2.7106400e-02   6.5463918e-01
   2.7463200e-02   6.6494845e-01
   2.7820000e-02   6.7010309e-01
   2.8176800e-02   6.7783505e-01
   2.8889600e-02   6.8041237e-01
   2.9246400e-02   6.8298969e-01
   3.0316800e-02   6.8814433e-01
   3.0673600e-02   7.0103093e-01
   3.1029600e-02   7.0876289e-01
   3.1386400e-02   7.1391753e-01
   3.2100000e-02   7.1649485e-01
   3.2456800e-02   7.2164948e-01
   3.2812800e-02   7.2680412e-01
   3.3883200e-02   7.2938144e-01
   3.4240000e-02   7.3453608e-01
   3.4596800e-02   7.3711340e-01
   3.5309600e-02   7.3969072e-01
   3.5666400e-02   7.4226804e-01
   3.6023200e-02   7.4484536e-01
   3.6380000e-02   7.5515464e-01
   3.6736800e-02   7.6288660e-01
   3.7092800e-02   7.7319588e-01
   3.7449600e-02   7.7577320e-01
   3.8876800e-02   7.7835052e-01
   3.9589600e-02   7.8350515e-01
   4.0303200e-02   7.8608247e-01
   4.0660000e-02   7.9123711e-01
   4.1016800e-02   7.9381443e-01
   4.1372800e-02   7.9896907e-01
   4.1729600e-02   8.0154639e-01
   4.2086400e-02   8.0412371e-01
   4.3512800e-02   8.0927835e-01
   4.4226400e-02   8.1958763e-01
   4.4583200e-02   8.2216495e-01
   4.4940000e-02   8.2989691e-01
   4.5296800e-02   8.3247423e-01
   4.6009600e-02   8.3762887e-01
   4.6366400e-02   8.4020619e-01
   4.6723200e-02   8.4278351e-01
   4.7080000e-02   8.4536082e-01
   4.7436800e-02   8.5051546e-01
   4.7792800e-02   8.5309278e-01
   4.8149600e-02   8.5567010e-01
   4.8506400e-02   8.5824742e-01
   4.8863200e-02   8.6082474e-01
   4.9220000e-02   8.6340206e-01
   4.9932800e-02   8.6855670e-01
   5.0289600e-02   8.7113402e-01
   5.0646400e-02   8.7628866e-01
   5.1003200e-02   8.7886598e-01
   5.1360000e-02   8.8659794e-01
   5.1716800e-02   8.8917526e-01
   5.4569600e-02   8.9432990e-01
   5.4926400e-02   8.9690722e-01
   5.5283200e-02   8.9948454e-01
   5.5640000e-02   9.0206186e-01
   5.6709600e-02   9.0463918e-01
   5.7423200e-02   9.0721649e-01
   5.8136000e-02   9.0979381e-01
   5.9206400e-02   9.1237113e-01
   5.9563200e-02   9.1752577e-01
   6.1346400e-02   9.2010309e-01
   6.3486400e-02   9.2268041e-01
   6.5269600e-02   9.2783505e-01
   6.7766400e-02   9.3298969e-01
   6.8836000e-02   9.3556701e-01
   6.9192800e-02   9.3814433e-01
   6.9549600e-02   9.4072165e-01
   7.0620000e-02   9.4329897e-01
   7.2760000e-02   9.4845361e-01
   7.4186400e-02   9.5103093e-01
   7.5612800e-02   9.5360825e-01
   7.9536000e-02   9.5618557e-01
   8.4886400e-02   9.5876289e-01
   8.7383200e-02   9.6134021e-01
   8.7740000e-02   9.6391753e-01
   8.8452800e-02   9.6649485e-01
   8.8809600e-02   9.6907216e-01
   8.9166400e-02   9.7164948e-01
   9.3089600e-02   9.7422680e-01
   9.9866400e-02   9.7680412e-01
   1.0771280e-01   9.8195876e-01
   1.0878320e-01   9.8453608e-01
   1.2162320e-01   9.8711340e-01
   1.3053920e-01   9.8969072e-01
   1.5693280e-01   9.9226804e-01
   1.6763280e-01   9.9484536e-01
   1.7619280e-01   9.9742268e-01
   1.8439600e-01   1.0000000e+00
