   4.6816000e-03   0.0000000e+00
   4.6816000e-03   1.9607843e-02
   5.7216000e-03   2.9411765e-02
   6.2416000e-03   4.9019608e-02
   6.7624000e-03   6.8627451e-02
   7.2824000e-03   9.8039216e-02
   7.8024000e-03   1.1764706e-01
   8.3224000e-03   1.3725490e-01
   8.8424000e-03   1.4705882e-01
   9.3632000e-03   1.5686275e-01
   9.8832000e-03   1.9607843e-01
   1.0403200e-02   2.0588235e-01
   1.0923200e-02   2.1568627e-01
   1.1964000e-02   2.2549020e-01
   1.2484000e-02   2.3529412e-01
   1.3004000e-02   2.6470588e-01
   1.3524000e-02   2.8431373e-01
   1.4044000e-02   2.9411765e-01
   1.4564000e-02   3.0392157e-01
   1.5084800e-02   3.1372549e-01
   1.6124800e-02   3.3333333e-01
   1.7164800e-02   3.4313725e-01
   1.8725600e-02   3.5294118e-01
   1.9765600e-02   3.7254902e-01
   2.1326400e-02   4.1176471e-01
   2.1846400e-02   4.2156863e-01
   2.2366400e-02   4.3137255e-01
   2.3927200e-02   4.4117647e-01
   2.4447200e-02   4.5098039e-01
   2.5488000e-02   4.7058824e-01
   2.6008000e-02   4.9019608e-01
   2.7048000e-02   5.0000000e-01
   2.7568000e-02   5.0980392e-01
   2.8088800e-02   5.1960784e-01
   2.8608800e-02   5.2941176e-01
   3.1209600e-02   5.3921569e-01
   3.1729600e-02   5.4901961e-01
   3.2249600e-02   5.5882353e-01
   3.2769600e-02   5.6862745e-01
   3.4330400e-02   5.7843137e-01
   3.4850400e-02   5.8823529e-01
   3.6411200e-02   6.0784314e-01
   3.8491200e-02   6.1764706e-01
   3.9012000e-02   6.2745098e-01
   4.1092000e-02   6.3725490e-01
   4.3172800e-02   6.5686275e-01
   4.3692800e-02   6.6666667e-01
   4.5253600e-02   6.8627451e-01
   4.6293600e-02   6.9607843e-01
   4.6814400e-02   7.0588235e-01
   4.8894400e-02   7.2549020e-01
   5.0455200e-02   7.4509804e-01
   5.3056000e-02   7.7450980e-01
   5.5136800e-02   7.8431373e-01
   5.5656800e-02   7.9411765e-01
   5.6176800e-02   8.0392157e-01
   5.7737600e-02   8.1372549e-01
   5.8257600e-02   8.2352941e-01
   5.8777600e-02   8.4313725e-01
   6.1378400e-02   8.5294118e-01
   6.5019200e-02   8.6274510e-01
   6.5540000e-02   8.7254902e-01
   6.6060000e-02   8.8235294e-01
   6.6580000e-02   8.9215686e-01
   7.0220800e-02   9.0196078e-01
   7.2301600e-02   9.2156863e-01
   7.2821600e-02   9.3137255e-01
   8.5305600e-02   9.4117647e-01
   8.8946400e-02   9.5098039e-01
   8.9467200e-02   9.6078431e-01
   9.0507200e-02   9.7058824e-01
   9.4668800e-02   9.8039216e-01
   1.3055920e-01   9.9019608e-01
   2.8348480e-01   1.0000000e+00
