   2.4584000e-03   0.0000000e+00
   2.4584000e-03   4.7846890e-03
   3.1608000e-03   1.4354067e-02
   4.2144000e-03   2.3923445e-02
   4.5656000e-03   3.8277512e-02
   4.9168000e-03   5.7416268e-02
   5.2680000e-03   6.2200957e-02
   5.6192000e-03   9.5693780e-02
   5.9704000e-03   1.1004785e-01
   6.3216000e-03   1.2918660e-01
   7.0240000e-03   1.5789474e-01
   7.3752000e-03   1.9138756e-01
   7.7264000e-03   2.0095694e-01
   8.0776000e-03   2.1531100e-01
   8.4288000e-03   2.2488038e-01
   8.7792000e-03   2.5837321e-01
   9.1312000e-03   2.8229665e-01
   9.4824000e-03   3.0143541e-01
   9.8336000e-03   3.3014354e-01
   1.0184800e-02   3.3971292e-01
   1.0535200e-02   3.5406699e-01
   1.0886400e-02   3.7320574e-01
   1.1237600e-02   3.9234450e-01
   1.1588800e-02   4.2105263e-01
   1.1940000e-02   4.4497608e-01
   1.2291200e-02   4.5454545e-01
   1.2642400e-02   4.6889952e-01
   1.2993600e-02   4.7846890e-01
   1.3344800e-02   4.9760766e-01
   1.3696000e-02   5.1674641e-01
   1.4047200e-02   5.3110048e-01
   1.4398400e-02   5.4545455e-01
   1.4749600e-02   5.5023923e-01
   1.5100800e-02   5.6459330e-01
   1.5803200e-02   5.6937799e-01
   1.6154400e-02   5.7416268e-01
   1.6505600e-02   5.7894737e-01
   1.6856800e-02   5.9808612e-01
   1.7208000e-02   6.0765550e-01
   1.7559200e-02   6.3157895e-01
   1.7910400e-02   6.3636364e-01
   1.8612800e-02   6.5071770e-01
   1.8964000e-02   6.6028708e-01
   1.9315200e-02   6.6507177e-01
   1.9666400e-02   6.6985646e-01
   2.0017600e-02   6.8421053e-01
   2.0368800e-02   6.8899522e-01
   2.0720000e-02   6.9856459e-01
   2.1071200e-02   7.0334928e-01
   2.1422400e-02   7.0813397e-01
   2.1773600e-02   7.2248804e-01
   2.3178400e-02   7.2727273e-01
   2.3529600e-02   7.3684211e-01
   2.4232000e-02   7.4162679e-01
   2.4583200e-02   7.4641148e-01
   2.4934400e-02   7.5598086e-01
   2.5636800e-02   7.6076555e-01
   2.5988000e-02   7.6555024e-01
   2.6339200e-02   7.7990431e-01
   2.7744000e-02   7.8468900e-01
   2.8094400e-02   7.8947368e-01
   2.8797600e-02   7.9425837e-01
   2.9499200e-02   7.9904306e-01
   2.9850400e-02   8.0382775e-01
   3.0201600e-02   8.0861244e-01
   3.1255200e-02   8.1339713e-01
   3.1957600e-02   8.1818182e-01
   3.2308800e-02   8.2296651e-01
   3.3011200e-02   8.2775120e-01
   3.3713600e-02   8.3732057e-01
   3.5820800e-02   8.4210526e-01
   3.6523200e-02   8.5167464e-01
   3.7225600e-02   8.5645933e-01
   3.8279200e-02   8.6602871e-01
   3.8981600e-02   8.7081340e-01
   4.1440000e-02   8.7559809e-01
   4.6005600e-02   8.8038278e-01
   4.6356800e-02   8.8516746e-01
   4.6707200e-02   8.8995215e-01
   4.7059200e-02   8.9473684e-01
   4.9516800e-02   8.9952153e-01
   5.2326400e-02   9.0909091e-01
   5.2677600e-02   9.1387560e-01
   5.5838400e-02   9.1866029e-01
   5.6540800e-02   9.2344498e-01
   5.8648000e-02   9.2822967e-01
   5.9350400e-02   9.3301435e-01
   6.0052800e-02   9.3779904e-01
   6.2511200e-02   9.4258373e-01
   8.8498400e-02   9.4736842e-01
   9.5522400e-02   9.5215311e-01
   1.0008800e-01   9.6172249e-01
   1.0465360e-01   9.6650718e-01
   1.1483760e-01   9.7607656e-01
   1.2853360e-01   9.8086124e-01
   1.3590880e-01   9.8564593e-01
   1.4082560e-01   9.9043062e-01
   1.5206320e-01   9.9521531e-01
   1.9350320e-01   1.0000000e+00
