   4.7470199e-03   0.0000000e+00
   4.7470199e-03   2.4390244e-03
   6.8279382e-03   4.8780488e-03
   7.0878874e-03   7.3170732e-03
   7.1036613e-03   9.7560976e-03
   7.5143443e-03   1.2195122e-02
   7.5566349e-03   1.4634146e-02
   7.8222056e-03   1.7073171e-02
   7.9051032e-03   1.9512195e-02
   8.2358590e-03   2.1951220e-02
   8.3078270e-03   2.4390244e-02
   8.6763843e-03   2.6829268e-02
   8.7053923e-03   2.9268293e-02
   9.0120387e-03   3.1707317e-02
   9.1143194e-03   3.4146341e-02
   9.2254249e-03   3.6585366e-02
   9.4320683e-03   3.9024390e-02
   9.8532612e-03   4.1463415e-02
   9.8608009e-03   4.3902439e-02
   9.8629200e-03   4.6341463e-02
   9.9321946e-03   4.8780488e-02
   1.0043522e-02   5.1219512e-02
   1.0081552e-02   5.3658537e-02
   1.0086905e-02   5.6097561e-02
   1.0332635e-02   5.8536585e-02
   1.0346507e-02   6.0975610e-02
   1.0508805e-02   6.3414634e-02
   1.0564144e-02   6.5853659e-02
   1.0856199e-02   6.8292683e-02
   1.1254076e-02   7.0731707e-02
   1.1277956e-02   7.5609756e-02
   1.1319154e-02   7.8048780e-02
   1.1357323e-02   8.0487805e-02
   1.1379606e-02   8.2926829e-02
   1.1634111e-02   8.5365854e-02
   1.1724379e-02   8.7804878e-02
   1.1955983e-02   9.0243902e-02
   1.2037986e-02   9.2682927e-02
   1.2192759e-02   9.7560976e-02
   1.2433178e-02   1.0000000e-01
   1.2434411e-02   1.0487805e-01
   1.2662142e-02   1.0731707e-01
   1.2716517e-02   1.0975610e-01
   1.2840062e-02   1.1219512e-01
   1.2926759e-02   1.1463415e-01
   1.3208051e-02   1.1707317e-01
   1.3223873e-02   1.1951220e-01
   1.3317700e-02   1.2195122e-01
   1.3429642e-02   1.2682927e-01
   1.3492127e-02   1.2926829e-01
   1.3554877e-02   1.3170732e-01
   1.3620092e-02   1.3414634e-01
   1.3639643e-02   1.3658537e-01
   1.3640862e-02   1.3902439e-01
   1.3856440e-02   1.4390244e-01
   1.3857284e-02   1.4634146e-01
   1.3913542e-02   1.4878049e-01
   1.3945258e-02   1.5121951e-01
   1.4070424e-02   1.5365854e-01
   1.4089807e-02   1.5609756e-01
   1.4175265e-02   1.5853659e-01
   1.4241060e-02   1.6097561e-01
   1.4340181e-02   1.6341463e-01
   1.4357551e-02   1.6829268e-01
   1.4535415e-02   1.7073171e-01
   1.4559522e-02   1.7317073e-01
   1.4571337e-02   1.7560976e-01
   1.4668045e-02   1.7804878e-01
   1.4787108e-02   1.8292683e-01
   1.5013101e-02   1.8780488e-01
   1.5240668e-02   1.9024390e-01
   1.5345395e-02   1.9268293e-01
   1.5391484e-02   1.9512195e-01
   1.5404893e-02   1.9756098e-01
   1.5446082e-02   2.0000000e-01
   1.5472430e-02   2.0487805e-01
   1.5478863e-02   2.0731707e-01
   1.5580978e-02   2.1219512e-01
   1.5720036e-02   2.1463415e-01
   1.5913847e-02   2.1707317e-01
   1.5947805e-02   2.2439024e-01
   1.5948654e-02   2.2682927e-01
   1.6002135e-02   2.2926829e-01
   1.6177486e-02   2.3414634e-01
   1.6191144e-02   2.3902439e-01
   1.6199222e-02   2.4146341e-01
   1.6218399e-02   2.4390244e-01
   1.6258930e-02   2.4634146e-01
   1.6410239e-02   2.5365854e-01
   1.6461544e-02   2.5609756e-01
   1.6652480e-02   2.6341463e-01
   1.6733896e-02   2.6585366e-01
   1.6884637e-02   2.6829268e-01
   1.6934614e-02   2.7317073e-01
   1.6941246e-02   2.8048780e-01
   1.7018683e-02   2.8292683e-01
   1.7047186e-02   2.8536585e-01
   1.7129834e-02   2.9024390e-01
   1.7347673e-02   2.9268293e-01
   1.7377264e-02   2.9512195e-01
   1.7584830e-02   2.9756098e-01
   1.7626694e-02   3.0000000e-01
   1.7663679e-02   3.0243902e-01
   1.7666332e-02   3.0487805e-01
   1.7816722e-02   3.0975610e-01
   1.7820447e-02   3.1219512e-01
   1.7825945e-02   3.1463415e-01
   1.7836544e-02   3.1707317e-01
   1.7846398e-02   3.1951220e-01
   1.8060826e-02   3.2195122e-01
   1.8286358e-02   3.2682927e-01
   1.8316113e-02   3.3170732e-01
   1.8412778e-02   3.3414634e-01
   1.8520691e-02   3.3658537e-01
   1.8528651e-02   3.3902439e-01
   1.8549051e-02   3.4146341e-01
   1.8620745e-02   3.4390244e-01
   1.8718216e-02   3.4634146e-01
   1.8764502e-02   3.4878049e-01
   1.8771035e-02   3.5121951e-01
   1.8796703e-02   3.5365854e-01
   1.8997101e-02   3.5609756e-01
   1.9045969e-02   3.6097561e-01
   1.9061216e-02   3.6341463e-01
   1.9224064e-02   3.6585366e-01
   1.9255543e-02   3.6829268e-01
   1.9298004e-02   3.7317073e-01
   1.9370484e-02   3.7560976e-01
   1.9478220e-02   3.7804878e-01
   1.9493263e-02   3.8048780e-01
   1.9505402e-02   3.8292683e-01
   1.9511469e-02   3.8536585e-01
   1.9677023e-02   3.8780488e-01
   1.9694016e-02   3.9024390e-01
   1.9703655e-02   3.9268293e-01
   1.9721381e-02   3.9756098e-01
   1.9725258e-02   4.0000000e-01
   1.9729053e-02   4.0243902e-01
   1.9864570e-02   4.0487805e-01
   2.0122302e-02   4.0731707e-01
   2.0184244e-02   4.0975610e-01
   2.0227592e-02   4.1219512e-01
   2.0326038e-02   4.1463415e-01
   2.0401187e-02   4.1707317e-01
   2.0443048e-02   4.1951220e-01
   2.0468403e-02   4.2195122e-01
   2.0531283e-02   4.2682927e-01
   2.0590484e-02   4.2926829e-01
   2.0661627e-02   4.3170732e-01
   2.0664688e-02   4.3414634e-01
   2.0693135e-02   4.3658537e-01
   2.0793876e-02   4.3902439e-01
   2.0863972e-02   4.4390244e-01
   2.0952128e-02   4.4634146e-01
   2.1058735e-02   4.4878049e-01
   2.1100320e-02   4.5121951e-01
   2.1108582e-02   4.5365854e-01
   2.1111869e-02   4.5609756e-01
   2.1209511e-02   4.5853659e-01
   2.1295487e-02   4.6097561e-01
   2.1356402e-02   4.6341463e-01
   2.1399144e-02   4.6585366e-01
   2.1469243e-02   4.6829268e-01
   2.1594920e-02   4.7073171e-01
   2.1801988e-02   4.7317073e-01
   2.1826090e-02   4.7560976e-01
   2.1841677e-02   4.7804878e-01
   2.2062267e-02   4.8048780e-01
   2.2090046e-02   4.8292683e-01
   2.2252614e-02   4.8536585e-01
   2.2273524e-02   4.8780488e-01
   2.2529382e-02   4.9024390e-01
   2.2747950e-02   4.9268293e-01
   2.2792659e-02   4.9756098e-01
   2.2955296e-02   5.0000000e-01
   2.2980633e-02   5.0243902e-01
   2.2990308e-02   5.0487805e-01
   2.3044676e-02   5.0731707e-01
   2.3190295e-02   5.0975610e-01
   2.3221298e-02   5.1219512e-01
   2.3267588e-02   5.1463415e-01
   2.3463382e-02   5.1707317e-01
   2.3774313e-02   5.1951220e-01
   2.3986860e-02   5.2195122e-01
   2.3995439e-02   5.2439024e-01
   2.4024833e-02   5.2682927e-01
   2.4043048e-02   5.2926829e-01
   2.4202363e-02   5.3170732e-01
   2.4283286e-02   5.3414634e-01
   2.4472814e-02   5.3658537e-01
   2.4741722e-02   5.3902439e-01
   2.4743290e-02   5.4146341e-01
   2.4849288e-02   5.4390244e-01
   2.4854333e-02   5.4634146e-01
   2.4868811e-02   5.4878049e-01
   2.4917800e-02   5.5121951e-01
   2.5113935e-02   5.5365854e-01
   2.5137092e-02   5.5609756e-01
   2.5141119e-02   5.5853659e-01
   2.5177039e-02   5.6097561e-01
   2.5211784e-02   5.6341463e-01
   2.5354161e-02   5.6585366e-01
   2.5469599e-02   5.6829268e-01
   2.5807523e-02   5.7073171e-01
   2.5849353e-02   5.7317073e-01
   2.5884921e-02   5.7560976e-01
   2.5951871e-02   5.7804878e-01
   2.6043763e-02   5.8048780e-01
   2.6212440e-02   5.8536585e-01
   2.6273070e-02   5.8780488e-01
   2.6300172e-02   5.9024390e-01
   2.6371770e-02   5.9268293e-01
   2.6384058e-02   5.9512195e-01
   2.6414882e-02   5.9756098e-01
   2.6464459e-02   6.0000000e-01
   2.6566224e-02   6.0243902e-01
   2.6634723e-02   6.0487805e-01
   2.6651638e-02   6.0731707e-01
   2.6698394e-02   6.0975610e-01
   2.6962261e-02   6.1219512e-01
   2.6973129e-02   6.1463415e-01
   2.7201391e-02   6.1707317e-01
   2.7413127e-02   6.1951220e-01
   2.7428437e-02   6.2195122e-01
   2.7496369e-02   6.2439024e-01
   2.7625085e-02   6.2682927e-01
   2.7834100e-02   6.2926829e-01
   2.7881249e-02   6.3170732e-01
   2.7944310e-02   6.3414634e-01
   2.8140284e-02   6.3658537e-01
   2.8156815e-02   6.3902439e-01
   2.8167677e-02   6.4146341e-01
   2.8271283e-02   6.4634146e-01
   2.8528997e-02   6.4878049e-01
   2.8556259e-02   6.5121951e-01
   2.8666569e-02   6.5365854e-01
   2.8838560e-02   6.5609756e-01
   2.9014511e-02   6.5853659e-01
   2.9076608e-02   6.6097561e-01
   2.9118463e-02   6.6341463e-01
   2.9142787e-02   6.6585366e-01
   2.9219747e-02   6.6829268e-01
   2.9287345e-02   6.7073171e-01
   2.9320976e-02   6.7317073e-01
   2.9360190e-02   6.7560976e-01
   2.9416459e-02   6.7804878e-01
   2.9476819e-02   6.8048780e-01
   2.9540130e-02   6.8292683e-01
   2.9544822e-02   6.8536585e-01
   2.9564709e-02   6.8780488e-01
   2.9690563e-02   6.9024390e-01
   2.9801986e-02   6.9268293e-01
   2.9963177e-02   6.9512195e-01
   3.0007239e-02   6.9756098e-01
   3.0019638e-02   7.0000000e-01
   3.0057433e-02   7.0243902e-01
   3.0058914e-02   7.0487805e-01
   3.0126869e-02   7.0731707e-01
   3.0241584e-02   7.0975610e-01
   3.0488206e-02   7.1219512e-01
   3.0506927e-02   7.1463415e-01
   3.0513759e-02   7.1707317e-01
   3.0748303e-02   7.1951220e-01
   3.0810076e-02   7.2195122e-01
   3.0892800e-02   7.2439024e-01
   3.0956595e-02   7.2682927e-01
   3.1052631e-02   7.2926829e-01
   3.1218915e-02   7.3170732e-01
   3.1221416e-02   7.3414634e-01
   3.1468478e-02   7.3658537e-01
   3.1897375e-02   7.3902439e-01
   3.2182150e-02   7.4146341e-01
   3.2219531e-02   7.4390244e-01
   3.2518465e-02   7.4634146e-01
   3.2607577e-02   7.4878049e-01
   3.2655215e-02   7.5121951e-01
   3.2892108e-02   7.5365854e-01
   3.3073895e-02   7.5609756e-01
   3.3113158e-02   7.5853659e-01
   3.3291471e-02   7.6097561e-01
   3.3367976e-02   7.6341463e-01
   3.3525238e-02   7.6585366e-01
   3.3594621e-02   7.6829268e-01
   3.4120916e-02   7.7073171e-01
   3.4215226e-02   7.7317073e-01
   3.4246215e-02   7.7560976e-01
   3.4284780e-02   7.7804878e-01
   3.4680193e-02   7.8048780e-01
   3.4799368e-02   7.8292683e-01
   3.4901698e-02   7.8536585e-01
   3.4913674e-02   7.8780488e-01
   3.5098649e-02   7.9024390e-01
   3.5175055e-02   7.9268293e-01
   3.5398321e-02   7.9512195e-01
   3.5445697e-02   7.9756098e-01
   3.5654430e-02   8.0000000e-01
   3.5760602e-02   8.0243902e-01
   3.5804966e-02   8.0487805e-01
   3.5853920e-02   8.0731707e-01
   3.5896292e-02   8.0975610e-01
   3.5980897e-02   8.1219512e-01
   3.6320856e-02   8.1463415e-01
   3.6440410e-02   8.1707317e-01
   3.6770977e-02   8.2195122e-01
   3.6954249e-02   8.2439024e-01
   3.7203456e-02   8.2682927e-01
   3.7345080e-02   8.2926829e-01
   3.7745165e-02   8.3170732e-01
   3.7937787e-02   8.3414634e-01
   3.7976015e-02   8.3658537e-01
   3.7977851e-02   8.3902439e-01
   3.8234364e-02   8.4146341e-01
   3.9626027e-02   8.4390244e-01
   4.0595409e-02   8.4634146e-01
   4.0833012e-02   8.4878049e-01
   4.0835192e-02   8.5121951e-01
   4.0925368e-02   8.5365854e-01
   4.0961676e-02   8.5609756e-01
   4.1288570e-02   8.5853659e-01
   4.2037179e-02   8.6341463e-01
   4.2468733e-02   8.6585366e-01
   4.3092629e-02   8.6829268e-01
   4.4454439e-02   8.7073171e-01
   4.4507998e-02   8.7317073e-01
   4.4592444e-02   8.7560976e-01
   4.4838739e-02   8.7804878e-01
   4.5316399e-02   8.8048780e-01
   4.5716107e-02   8.8292683e-01
   4.6482191e-02   8.8536585e-01
   4.6781025e-02   8.8780488e-01
   4.6801850e-02   8.9024390e-01
   4.7395163e-02   8.9268293e-01
   4.7834357e-02   8.9512195e-01
   4.8093258e-02   8.9756098e-01
   4.8328732e-02   9.0000000e-01
   4.8454903e-02   9.0243902e-01
   4.8776872e-02   9.0487805e-01
   4.9470407e-02   9.0731707e-01
   5.0269723e-02   9.0975610e-01
   5.0880750e-02   9.1219512e-01
   5.0930414e-02   9.1463415e-01
   5.0971025e-02   9.1707317e-01
   5.1349827e-02   9.1951220e-01
   5.1656445e-02   9.2195122e-01
   5.2449908e-02   9.2439024e-01
   5.2837957e-02   9.2682927e-01
   5.3350885e-02   9.2926829e-01
   5.3548706e-02   9.3170732e-01
   5.4542192e-02   9.3414634e-01
   5.5052913e-02   9.3658537e-01
   5.8402664e-02   9.3902439e-01
   6.0367166e-02   9.4146341e-01
   6.2946904e-02   9.4390244e-01
   6.4053151e-02   9.4634146e-01
   6.5342670e-02   9.4878049e-01
   6.7154091e-02   9.5121951e-01
   6.8532873e-02   9.5365854e-01
   7.0214115e-02   9.5609756e-01
   7.1522267e-02   9.5853659e-01
   7.2033438e-02   9.6097561e-01
   7.2355896e-02   9.6341463e-01
   7.3016849e-02   9.6585366e-01
   7.8599239e-02   9.6829268e-01
   7.9371362e-02   9.7073171e-01
   8.2298132e-02   9.7317073e-01
   8.6511002e-02   9.7560976e-01
   9.1143025e-02   9.7804878e-01
   9.7199436e-02   9.8048780e-01
   9.9479641e-02   9.8292683e-01
   1.0403302e-01   9.8536585e-01
   1.0471145e-01   9.8780488e-01
   1.0576347e-01   9.9024390e-01
   1.1061862e-01   9.9268293e-01
   1.1230561e-01   9.9512195e-01
   1.1242024e-01   9.9756098e-01
   1.1817886e-01   1.0000000e+00
