   4.2464000e-03   0.0000000e+00
   4.2464000e-03   6.2893082e-03
   4.6712000e-03   1.8867925e-02
   5.0952000e-03   2.5157233e-02
   5.5200000e-03   4.4025157e-02
   5.9448000e-03   6.2893082e-02
   6.3696000e-03   8.1761006e-02
   6.7944000e-03   8.8050314e-02
   7.2184000e-03   1.1949686e-01
   7.6432000e-03   1.5094340e-01
   8.0680000e-03   2.0125786e-01
   8.4928000e-03   2.2012579e-01
   8.9176000e-03   2.6415094e-01
   9.3416000e-03   2.7044025e-01
   9.7664000e-03   3.0188679e-01
   1.0191200e-02   3.0817610e-01
   1.0616000e-02   3.2704403e-01
   1.1040000e-02   3.3962264e-01
   1.1464800e-02   3.6477987e-01
   1.1889600e-02   3.7735849e-01
   1.2314400e-02   4.0251572e-01
   1.2739200e-02   4.2138365e-01
   1.3163200e-02   4.3396226e-01
   1.3588000e-02   4.6540881e-01
   1.4012800e-02   5.0314465e-01
   1.4437600e-02   5.1572327e-01
   1.4862400e-02   5.2830189e-01
   1.5286400e-02   5.5345912e-01
   1.5711200e-02   5.7232704e-01
   1.6136000e-02   5.9119497e-01
   1.6984800e-02   5.9748428e-01
   1.7409600e-02   6.1006289e-01
   1.7834400e-02   6.1635220e-01
   1.8259200e-02   6.2264151e-01
   1.8684000e-02   6.2893082e-01
   1.9108000e-02   6.3522013e-01
   2.0382400e-02   6.4779874e-01
   2.1231200e-02   6.5408805e-01
   2.1656000e-02   6.6037736e-01
   2.2080800e-02   6.7295597e-01
   2.2505600e-02   6.7924528e-01
   2.3354400e-02   7.1069182e-01
   2.3779200e-02   7.2327044e-01
   2.4204000e-02   7.2955975e-01
   2.4628800e-02   7.3584906e-01
   2.5477600e-02   7.4213836e-01
   2.5902400e-02   7.5471698e-01
   2.6327200e-02   7.6100629e-01
   2.6751200e-02   7.6729560e-01
   2.7176000e-02   7.7358491e-01
   2.7600800e-02   7.7987421e-01
   2.8450400e-02   7.9245283e-01
   2.8874400e-02   7.9874214e-01
   2.9724000e-02   8.0503145e-01
   3.0148800e-02   8.1132075e-01
   3.1847200e-02   8.2389937e-01
   3.2272000e-02   8.3018868e-01
   3.2696000e-02   8.3647799e-01
   3.3120800e-02   8.4276730e-01
   3.3545600e-02   8.4905660e-01
   3.4395200e-02   8.5534591e-01
   3.5668800e-02   8.6163522e-01
   3.9915200e-02   8.6792453e-01
   4.0340000e-02   8.7421384e-01
   4.0764000e-02   8.8050314e-01
   4.1188800e-02   8.8679245e-01
   4.1613600e-02   8.9308176e-01
   4.2463200e-02   9.0566038e-01
   4.4585600e-02   9.1194969e-01
   4.5010400e-02   9.2452830e-01
   4.5860000e-02   9.3081761e-01
   4.6284800e-02   9.3710692e-01
   4.7133600e-02   9.4339623e-01
   4.9681600e-02   9.4968553e-01
   5.0106400e-02   9.5597484e-01
   5.3503200e-02   9.6226415e-01
   6.3694400e-02   9.7484277e-01
   6.6666400e-02   9.8113208e-01
   7.1337600e-02   9.8742138e-01
   8.5350400e-02   9.9371069e-01
   1.9787680e-01   1.0000000e+00
