   6.6650996e-03   0.0000000e+00
   6.6650996e-03   4.1666667e-03
   7.3350622e-03   8.3333333e-03
   7.5007031e-03   1.2500000e-02
   7.8186184e-03   2.0833333e-02
   8.0498835e-03   2.5000000e-02
   8.0640290e-03   3.3333333e-02
   8.1462845e-03   3.7500000e-02
   8.3389388e-03   4.1666667e-02
   8.6354285e-03   5.0000000e-02
   8.6832503e-03   5.4166667e-02
   8.7692791e-03   6.2500000e-02
   8.8008454e-03   6.6666667e-02
   8.8258396e-03   7.0833333e-02
   9.2320838e-03   7.9166667e-02
   9.2493538e-03   8.3333333e-02
   9.5332455e-03   8.7500000e-02
   9.7776094e-03   9.5833333e-02
   9.8173566e-03   1.0000000e-01
   9.8735002e-03   1.0833333e-01
   9.9905467e-03   1.1250000e-01
   1.0062009e-02   1.1666667e-01
   1.0125153e-02   1.2083333e-01
   1.0205887e-02   1.2916667e-01
   1.0449431e-02   1.3333333e-01
   1.0451571e-02   1.3750000e-01
   1.0651590e-02   1.4166667e-01
   1.0670230e-02   1.4583333e-01
   1.0670306e-02   1.5000000e-01
   1.0696811e-02   1.5416667e-01
   1.0962334e-02   1.5833333e-01
   1.1025671e-02   1.6250000e-01
   1.1230871e-02   1.6666667e-01
   1.1578352e-02   1.7083333e-01
   1.1807631e-02   1.7916667e-01
   1.1810283e-02   1.8333333e-01
   1.1930869e-02   1.8750000e-01
   1.2107191e-02   1.9166667e-01
   1.2362844e-02   1.9583333e-01
   1.2368791e-02   2.0000000e-01
   1.2432135e-02   2.0416667e-01
   1.2658430e-02   2.1250000e-01
   1.2693126e-02   2.1666667e-01
   1.2883393e-02   2.2083333e-01
   1.3057915e-02   2.2500000e-01
   1.3082547e-02   2.2916667e-01
   1.3234798e-02   2.3333333e-01
   1.3239033e-02   2.3750000e-01
   1.3302697e-02   2.4166667e-01
   1.3432382e-02   2.4583333e-01
   1.3537982e-02   2.5000000e-01
   1.3591310e-02   2.5416667e-01
   1.3798907e-02   2.5833333e-01
   1.3847561e-02   2.6250000e-01
   1.3885470e-02   2.6666667e-01
   1.3990410e-02   2.7083333e-01
   1.4112218e-02   2.7500000e-01
   1.4163115e-02   2.7916667e-01
   1.4551118e-02   2.8333333e-01
   1.4651570e-02   2.8750000e-01
   1.4663344e-02   2.9166667e-01
   1.5123953e-02   2.9583333e-01
   1.5207072e-02   3.0000000e-01
   1.5254621e-02   3.0416667e-01
   1.5477042e-02   3.0833333e-01
   1.5482696e-02   3.1250000e-01
   1.5510072e-02   3.1666667e-01
   1.5673978e-02   3.2083333e-01
   1.5817875e-02   3.2500000e-01
   1.5962105e-02   3.2916667e-01
   1.6099767e-02   3.3333333e-01
   1.6127943e-02   3.3750000e-01
   1.6292070e-02   3.4166667e-01
   1.6386702e-02   3.4583333e-01
   1.6432376e-02   3.5000000e-01
   1.6438021e-02   3.5416667e-01
   1.6441676e-02   3.5833333e-01
   1.6470444e-02   3.6250000e-01
   1.6552222e-02   3.6666667e-01
   1.6733221e-02   3.7083333e-01
   1.6873239e-02   3.7500000e-01
   1.6998981e-02   3.7916667e-01
   1.7047311e-02   3.8333333e-01
   1.7251452e-02   3.8750000e-01
   1.7270983e-02   3.9166667e-01
   1.7309192e-02   3.9583333e-01
   1.7599482e-02   4.0000000e-01
   1.7652494e-02   4.0416667e-01
   1.7690600e-02   4.0833333e-01
   1.7768706e-02   4.1250000e-01
   1.7879813e-02   4.1666667e-01
   1.7932328e-02   4.2083333e-01
   1.8369115e-02   4.2500000e-01
   1.8403481e-02   4.2916667e-01
   1.8499350e-02   4.3333333e-01
   1.8796412e-02   4.3750000e-01
   1.8926485e-02   4.4166667e-01
   1.8982813e-02   4.4583333e-01
   1.9000912e-02   4.5000000e-01
   1.9066065e-02   4.5416667e-01
   1.9096971e-02   4.5833333e-01
   1.9143482e-02   4.6250000e-01
   1.9287011e-02   4.6666667e-01
   1.9420117e-02   4.7500000e-01
   1.9493629e-02   4.7916667e-01
   1.9590978e-02   4.8333333e-01
   1.9617472e-02   4.8750000e-01
   1.9906422e-02   4.9166667e-01
   1.9932181e-02   4.9583333e-01
   2.0109269e-02   5.0000000e-01
   2.0318974e-02   5.0416667e-01
   2.0322505e-02   5.0833333e-01
   2.0360585e-02   5.1250000e-01
   2.0411284e-02   5.1666667e-01
   2.0460744e-02   5.2083333e-01
   2.0572863e-02   5.2500000e-01
   2.1302669e-02   5.2916667e-01
   2.1340995e-02   5.3333333e-01
   2.1662270e-02   5.3750000e-01
   2.1778793e-02   5.4166667e-01
   2.1854388e-02   5.4583333e-01
   2.2054767e-02   5.5000000e-01
   2.2139572e-02   5.5416667e-01
   2.2386634e-02   5.5833333e-01
   2.2579944e-02   5.6250000e-01
   2.2711374e-02   5.6666667e-01
   2.2909547e-02   5.7083333e-01
   2.2923629e-02   5.7500000e-01
   2.2949633e-02   5.7916667e-01
   2.2992552e-02   5.8333333e-01
   2.3344594e-02   5.8750000e-01
   2.3549008e-02   5.9166667e-01
   2.3587975e-02   5.9583333e-01
   2.3758540e-02   6.0000000e-01
   2.3842270e-02   6.0416667e-01
   2.4068265e-02   6.0833333e-01
   2.4191515e-02   6.1250000e-01
   2.4232948e-02   6.1666667e-01
   2.4547268e-02   6.2083333e-01
   2.6498602e-02   6.2500000e-01
   2.7058990e-02   6.2916667e-01
   2.7383997e-02   6.3333333e-01
   2.7497772e-02   6.3750000e-01
   2.7604726e-02   6.4166667e-01
   2.7608595e-02   6.4583333e-01
   2.8223428e-02   6.5416667e-01
   2.8240703e-02   6.5833333e-01
   2.8318097e-02   6.6250000e-01
   2.8660863e-02   6.6666667e-01
   2.8967900e-02   6.7083333e-01
   2.9017817e-02   6.7500000e-01
   2.9066283e-02   6.7916667e-01
   2.9467029e-02   6.8333333e-01
   2.9527558e-02   6.8750000e-01
   2.9854291e-02   6.9166667e-01
   2.9868659e-02   6.9583333e-01
   3.0258518e-02   7.0000000e-01
   3.2108786e-02   7.0416667e-01
   3.2634180e-02   7.0833333e-01
   3.4412624e-02   7.1250000e-01
   3.4804937e-02   7.1666667e-01
   3.5662379e-02   7.2083333e-01
   3.6020916e-02   7.2500000e-01
   3.6401454e-02   7.2916667e-01
   3.7085538e-02   7.3333333e-01
   3.7086005e-02   7.3750000e-01
   3.7739947e-02   7.4166667e-01
   3.7970982e-02   7.4583333e-01
   3.8034140e-02   7.5000000e-01
   3.8657455e-02   7.5416667e-01
   3.9286342e-02   7.5833333e-01
   4.0213497e-02   7.6250000e-01
   4.0715328e-02   7.6666667e-01
   4.1807981e-02   7.7083333e-01
   4.2473761e-02   7.7500000e-01
   4.4655136e-02   7.7916667e-01
   4.4871292e-02   7.8333333e-01
   4.5116027e-02   7.8750000e-01
   4.5397951e-02   7.9166667e-01
   4.5465262e-02   7.9583333e-01
   4.5603096e-02   8.0000000e-01
   4.6959006e-02   8.0416667e-01
   4.7531538e-02   8.0833333e-01
   4.8840806e-02   8.1250000e-01
   4.9198518e-02   8.1666667e-01
   4.9288695e-02   8.2083333e-01
   5.0598795e-02   8.2500000e-01
   5.2259287e-02   8.2916667e-01
   5.5200119e-02   8.3333333e-01
   5.9511331e-02   8.3750000e-01
   6.0782898e-02   8.4166667e-01
   6.6933534e-02   8.4583333e-01
   6.8132986e-02   8.5000000e-01
   7.0722668e-02   8.5416667e-01
   7.2364816e-02   8.5833333e-01
   7.4913213e-02   8.6250000e-01
   8.0089748e-02   8.6666667e-01
   8.2914847e-02   8.7083333e-01
   8.2961772e-02   8.7500000e-01
   8.4109727e-02   8.7916667e-01
   8.6282437e-02   8.8333333e-01
   8.9550628e-02   8.8750000e-01
   9.3719786e-02   8.9166667e-01
   9.6391366e-02   8.9583333e-01
   9.9958177e-02   9.0000000e-01
   1.0741944e-01   9.0416667e-01
   1.0957364e-01   9.0833333e-01
   1.1413667e-01   9.1250000e-01
   1.1924262e-01   9.1666667e-01
   1.2358570e-01   9.2083333e-01
   1.2577968e-01   9.2500000e-01
   1.2723852e-01   9.2916667e-01
   1.3371267e-01   9.3333333e-01
   1.3507501e-01   9.3750000e-01
   1.4233985e-01   9.4166667e-01
   1.4806239e-01   9.4583333e-01
   1.5039186e-01   9.5000000e-01
   1.5727508e-01   9.5416667e-01
   1.6245574e-01   9.5833333e-01
   1.6718628e-01   9.6250000e-01
   1.6756147e-01   9.6666667e-01
   1.8689185e-01   9.7083333e-01
   1.9141617e-01   9.7500000e-01
   1.9791563e-01   9.7916667e-01
   2.1392989e-01   9.8333333e-01
   2.8261412e-01   9.8750000e-01
   2.9296961e-01   9.9166667e-01
   3.3900608e-01   9.9583333e-01
   3.8476040e-01   1.0000000e+00
