   2.4048000e-03   0.0000000e+00
   2.4048000e-03   6.1538462e-03
   3.2064000e-03   1.2307692e-02
   3.6072000e-03   1.5384615e-02
   4.0080000e-03   1.8461538e-02
   4.4088000e-03   3.0769231e-02
   4.8096000e-03   6.1538462e-02
   5.2104000e-03   8.0000000e-02
   5.6112000e-03   9.5384615e-02
   6.0120000e-03   1.2307692e-01
   6.4128000e-03   1.4153846e-01
   6.8136000e-03   1.4769231e-01
   7.2144000e-03   1.6307692e-01
   7.6152000e-03   2.0615385e-01
   8.0160000e-03   2.1846154e-01
   8.4168000e-03   2.4615385e-01
   8.8176000e-03   2.9846154e-01
   9.2184000e-03   3.1076923e-01
   9.6192000e-03   3.1692308e-01
   1.0020000e-02   3.4769231e-01
   1.0420800e-02   3.6307692e-01
   1.0821600e-02   3.7538462e-01
   1.1222400e-02   3.9692308e-01
   1.1623200e-02   4.1230769e-01
   1.2024000e-02   4.3076923e-01
   1.2424800e-02   4.5538462e-01
   1.2825600e-02   4.7076923e-01
   1.3226400e-02   4.7692308e-01
   1.3627200e-02   4.9846154e-01
   1.4028000e-02   5.0461538e-01
   1.4428800e-02   5.1384615e-01
   1.4829600e-02   5.3538462e-01
   1.5230400e-02   5.4153846e-01
   1.5631200e-02   5.5384615e-01
   1.6032000e-02   5.6307692e-01
   1.6432800e-02   5.7846154e-01
   1.6833600e-02   5.8153846e-01
   1.7234400e-02   5.9076923e-01
   1.7635200e-02   5.9384615e-01
   1.8036000e-02   5.9692308e-01
   1.8436800e-02   6.0307692e-01
   1.8837600e-02   6.1846154e-01
   1.9238400e-02   6.2769231e-01
   1.9639200e-02   6.3384615e-01
   2.0040000e-02   6.4615385e-01
   2.0440800e-02   6.4923077e-01
   2.0841600e-02   6.5846154e-01
   2.1242400e-02   6.8000000e-01
   2.2444800e-02   6.9846154e-01
   2.2845600e-02   7.0153846e-01
   2.3647200e-02   7.1692308e-01
   2.4448800e-02   7.2000000e-01
   2.5250400e-02   7.2615385e-01
   2.5651200e-02   7.3538462e-01
   2.6452800e-02   7.4461538e-01
   2.6853600e-02   7.5076923e-01
   2.7254400e-02   7.5692308e-01
   2.7655200e-02   7.6000000e-01
   2.8456800e-02   7.6307692e-01
   2.8857600e-02   7.6615385e-01
   2.9659200e-02   7.6923077e-01
   3.0060000e-02   7.7230769e-01
   3.0460800e-02   7.7846154e-01
   3.1262400e-02   7.8461538e-01
   3.3266400e-02   7.8769231e-01
   3.3667200e-02   8.0615385e-01
   3.4068000e-02   8.0923077e-01
   3.4468800e-02   8.1230769e-01
   3.4869600e-02   8.1538462e-01
   3.6072000e-02   8.1846154e-01
   3.6472800e-02   8.2153846e-01
   3.7675200e-02   8.2461538e-01
   3.8877600e-02   8.2769231e-01
   4.0080000e-02   8.3076923e-01
   4.2484800e-02   8.3692308e-01
   4.4889600e-02   8.4000000e-01
   4.6492800e-02   8.4307692e-01
   4.6893600e-02   8.4615385e-01
   4.8496800e-02   8.4923077e-01
   4.8897600e-02   8.5538462e-01
   4.9699200e-02   8.5846154e-01
   5.0100000e-02   8.6461538e-01
   5.0500800e-02   8.6769231e-01
   5.1302400e-02   8.7692308e-01
   5.2104000e-02   8.8000000e-01
   5.2504800e-02   8.8307692e-01
   5.4909600e-02   8.8615385e-01
   5.6112000e-02   8.8923077e-01
   5.6913600e-02   8.9230769e-01
   5.7314400e-02   8.9538462e-01
   6.2124000e-02   8.9846154e-01
   6.3727200e-02   9.0153846e-01
   6.4528800e-02   9.0461538e-01
   6.4929600e-02   9.0769231e-01
   6.6132000e-02   9.1384615e-01
   7.1342400e-02   9.2000000e-01
   7.2544800e-02   9.3230769e-01
   7.6152000e-02   9.3538462e-01
   8.0160000e-02   9.3846154e-01
   8.0560800e-02   9.4153846e-01
   8.4168000e-02   9.4461538e-01
   8.5771200e-02   9.4769231e-01
   9.0180000e-02   9.5076923e-01
   9.0981600e-02   9.5384615e-01
   9.1382400e-02   9.5692308e-01
   9.6192000e-02   9.6000000e-01
   9.8596800e-02   9.6307692e-01
   1.0060160e-01   9.6615385e-01
   1.2144320e-01   9.6923077e-01
   1.2665360e-01   9.7230769e-01
   1.3507040e-01   9.7538462e-01
   1.4388800e-01   9.7846154e-01
   1.8877760e-01   9.8153846e-01
   2.1002000e-01   9.8461538e-01
   2.1242480e-01   9.8769231e-01
   2.1763520e-01   9.9076923e-01
   2.2845680e-01   9.9384615e-01
   2.4008000e-01   9.9692308e-01
   2.7454880e-01   1.0000000e+00
