   2.6464000e-03   0.0000000e+00
   2.6464000e-03   1.5071590e-03
   3.0872000e-03   3.0143180e-03
   3.5280000e-03   3.7678975e-03
   3.9688000e-03   1.0550113e-02
   4.4104000e-03   1.9593067e-02
   4.8512000e-03   3.0143180e-02
   5.2920000e-03   7.0836473e-02
   5.7328000e-03   1.0097965e-01
   6.1744000e-03   1.4845516e-01
   6.6152000e-03   1.9894499e-01
   7.0560000e-03   2.4265260e-01
   7.4976000e-03   2.8560663e-01
   7.9384000e-03   3.2328561e-01
   8.3792000e-03   3.5719668e-01
   8.8200000e-03   4.0693293e-01
   9.2616000e-03   4.3180106e-01
   9.7024000e-03   4.6119066e-01
   1.0143200e-02   4.9510173e-01
   1.0584000e-02   5.1544838e-01
   1.1025600e-02   5.4860588e-01
   1.1466400e-02   5.7950264e-01
   1.1907200e-02   5.9532781e-01
   1.2348000e-02   6.2170309e-01
   1.2789600e-02   6.3903542e-01
   1.3230400e-02   6.5862849e-01
   1.3671200e-02   6.8123587e-01
   1.4112800e-02   7.0685757e-01
   1.4553600e-02   7.2117558e-01
   1.4994400e-02   7.3775433e-01
   1.5435200e-02   7.5131876e-01
   1.5876800e-02   7.6412962e-01
   1.6317600e-02   7.7467973e-01
   1.6758400e-02   7.8221552e-01
   1.7199200e-02   7.9201206e-01
   1.7640800e-02   8.0633007e-01
   1.8081600e-02   8.1235870e-01
   1.8522400e-02   8.1989450e-01
   1.8963200e-02   8.3496609e-01
   1.9404800e-02   8.4099472e-01
   1.9845600e-02   8.4476262e-01
   2.0286400e-02   8.5003768e-01
   2.0728000e-02   8.5531274e-01
   2.1168800e-02   8.5908063e-01
   2.1609600e-02   8.6586285e-01
   2.2050400e-02   8.7038433e-01
   2.2492000e-02   8.7641296e-01
   2.2932800e-02   8.8168802e-01
   2.3373600e-02   8.8620950e-01
   2.3814400e-02   8.9073097e-01
   2.4256000e-02   8.9675961e-01
   2.4696800e-02   8.9751319e-01
   2.5137600e-02   9.0052751e-01
   2.5579200e-02   9.0655614e-01
   2.6020000e-02   9.0957046e-01
   2.6460800e-02   9.1409194e-01
   2.6901600e-02   9.1710625e-01
   2.7343200e-02   9.2012057e-01
   2.7784000e-02   9.2388847e-01
   2.8224800e-02   9.2690279e-01
   2.8665600e-02   9.2765637e-01
   2.9107200e-02   9.2991711e-01
   3.0430400e-02   9.3293142e-01
   3.1312000e-02   9.3443858e-01
   3.1752800e-02   9.3745290e-01
   3.2194400e-02   9.3820648e-01
   3.3076000e-02   9.3896006e-01
   3.3516800e-02   9.3971364e-01
   3.3958400e-02   9.4122080e-01
   3.4399200e-02   9.4348154e-01
   3.5280800e-02   9.4724943e-01
   3.5722400e-02   9.4800301e-01
   3.7486400e-02   9.4875659e-01
   3.7927200e-02   9.5026375e-01
   3.8368000e-02   9.5177091e-01
   3.8809600e-02   9.5252449e-01
   3.9250400e-02   9.5478523e-01
   3.9691200e-02   9.5553881e-01
   4.0132000e-02   9.5629239e-01
   4.0573600e-02   9.5704597e-01
   4.1014400e-02   9.6081387e-01
   4.1455200e-02   9.6382818e-01
   4.2778400e-02   9.6608892e-01
   4.3219200e-02   9.6759608e-01
   4.3660000e-02   9.6834966e-01
   4.4101600e-02   9.6910324e-01
   4.4983200e-02   9.6985682e-01
   4.6747200e-02   9.7211756e-01
   4.7188800e-02   9.7362472e-01
   4.7629600e-02   9.7437830e-01
   4.9834400e-02   9.7513188e-01
   5.0275200e-02   9.7588546e-01
   5.0716800e-02   9.7814619e-01
   5.1598400e-02   9.8040693e-01
   5.2480800e-02   9.8191409e-01
   5.2921600e-02   9.8342125e-01
   5.4244800e-02   9.8492841e-01
   5.4685600e-02   9.8643557e-01
   5.5126400e-02   9.8718915e-01
   5.6449600e-02   9.8794273e-01
   5.6891200e-02   9.8869631e-01
   5.7332000e-02   9.9020347e-01
   5.8213600e-02   9.9171063e-01
   6.3064800e-02   9.9246420e-01
   6.4828800e-02   9.9321778e-01
   6.5270400e-02   9.9472494e-01
   6.7916000e-02   9.9547852e-01
   7.5854400e-02   9.9623210e-01
   7.7177600e-02   9.9698568e-01
   8.4233600e-02   9.9773926e-01
   9.3054400e-02   9.9849284e-01
   1.0319760e-01   9.9924642e-01
   1.2745280e-01   1.0000000e+00
