   8.8366553e-03   0.0000000e+00
   8.8366553e-03   1.6666667e-02
   1.7519009e-02   3.3333333e-02
   1.8491274e-02   5.0000000e-02
   1.8771173e-02   6.6666667e-02
   2.1469178e-02   8.3333333e-02
   2.1641355e-02   1.0000000e-01
   2.3295143e-02   1.1666667e-01
   2.4130725e-02   1.3333333e-01
   2.4980804e-02   1.5000000e-01
   2.5438589e-02   1.6666667e-01
   2.9047421e-02   1.8333333e-01
   3.1976441e-02   2.0000000e-01
   3.2733227e-02   2.1666667e-01
   3.3459546e-02   2.3333333e-01
   3.3802259e-02   2.5000000e-01
   3.4354812e-02   2.6666667e-01
   3.6305807e-02   2.8333333e-01
   3.6474202e-02   3.0000000e-01
   3.7713664e-02   3.1666667e-01
   3.9182795e-02   3.3333333e-01
   4.1268026e-02   3.5000000e-01
   4.1705744e-02   3.6666667e-01
   4.1840852e-02   3.8333333e-01
   4.4924057e-02   4.0000000e-01
   4.5835649e-02   4.1666667e-01
   4.6203825e-02   4.3333333e-01
   4.7365324e-02   4.5000000e-01
   4.7988125e-02   4.6666667e-01
   5.3897111e-02   4.8333333e-01
   5.3912263e-02   5.0000000e-01
   5.4070707e-02   5.1666667e-01
   5.4081169e-02   5.3333333e-01
   5.6278851e-02   5.5000000e-01
   5.6551770e-02   5.6666667e-01
   5.6647743e-02   5.8333333e-01
   5.6897827e-02   6.0000000e-01
   5.6902997e-02   6.1666667e-01
   5.6956143e-02   6.3333333e-01
   5.8094290e-02   6.5000000e-01
   5.9026483e-02   6.6666667e-01
   5.9491009e-02   6.8333333e-01
   6.1468907e-02   7.0000000e-01
   6.2374656e-02   7.1666667e-01
   6.4092409e-02   7.3333333e-01
   6.4227273e-02   7.5000000e-01
   6.5316431e-02   7.6666667e-01
   7.0665844e-02   7.8333333e-01
   7.0855102e-02   8.0000000e-01
   7.4874326e-02   8.1666667e-01
   7.5578840e-02   8.3333333e-01
   7.7846906e-02   8.5000000e-01
   7.9813835e-02   8.6666667e-01
   8.0230000e-02   8.8333333e-01
   9.1275565e-02   9.0000000e-01
   9.1316033e-02   9.1666667e-01
   9.2312928e-02   9.3333333e-01
   9.2515091e-02   9.5000000e-01
   9.4859829e-02   9.6666667e-01
   1.1552281e-01   9.8333333e-01
   1.1846309e-01   1.0000000e+00
