   1.9136000e-03   0.0000000e+00
   1.9136000e-03   1.5503876e-03
   2.2968000e-03   4.6511628e-03
   3.0624000e-03   1.2403101e-02
   3.4448000e-03   2.1705426e-02
   3.8280000e-03   3.7209302e-02
   4.2104000e-03   6.3565891e-02
   4.5936000e-03   7.9069767e-02
   4.9760000e-03   9.4573643e-02
   5.3592000e-03   1.0542636e-01
   5.7416000e-03   1.1937984e-01
   6.1240000e-03   1.5968992e-01
   6.5072000e-03   1.7519380e-01
   6.8896000e-03   2.0930233e-01
   7.2728000e-03   2.2945736e-01
   7.6552000e-03   2.6356589e-01
   8.0384000e-03   2.7751938e-01
   8.4208000e-03   2.9147287e-01
   8.8040000e-03   3.2248062e-01
   9.1864000e-03   3.3333333e-01
   9.5696000e-03   3.5658915e-01
   9.9520000e-03   3.8914729e-01
   1.0335200e-02   4.0465116e-01
   1.0717600e-02   4.1395349e-01
   1.1100800e-02   4.2790698e-01
   1.1483200e-02   4.4031008e-01
   1.1866400e-02   4.5271318e-01
   1.2248800e-02   4.6201550e-01
   1.2632000e-02   4.8217054e-01
   1.3014400e-02   4.9302326e-01
   1.3396800e-02   5.0232558e-01
   1.3780000e-02   5.1782946e-01
   1.4162400e-02   5.2093023e-01
   1.4545600e-02   5.2403101e-01
   1.4928000e-02   5.3798450e-01
   1.5311200e-02   5.4418605e-01
   1.5693600e-02   5.4883721e-01
   1.6076800e-02   5.5658915e-01
   1.6459200e-02   5.6124031e-01
   1.6842400e-02   5.7054264e-01
   1.7224800e-02   5.7674419e-01
   1.7608000e-02   5.8139535e-01
   1.8373600e-02   5.8604651e-01
   1.8756000e-02   5.9534884e-01
   1.9138400e-02   6.0310078e-01
   1.9521600e-02   6.1395349e-01
   1.9904000e-02   6.2480620e-01
   2.0287200e-02   6.3100775e-01
   2.0669600e-02   6.4496124e-01
   2.1052800e-02   6.5271318e-01
   2.1435200e-02   6.6356589e-01
   2.1818400e-02   6.6511628e-01
   2.2200800e-02   6.6821705e-01
   2.2584000e-02   6.7906977e-01
   2.3349600e-02   6.8372093e-01
   2.3732000e-02   6.8992248e-01
   2.4115200e-02   6.9302326e-01
   2.4497600e-02   6.9767442e-01
   2.4880000e-02   7.0232558e-01
   2.5263200e-02   7.0697674e-01
   2.5645600e-02   7.0852713e-01
   2.6028800e-02   7.1472868e-01
   2.6411200e-02   7.1782946e-01
   2.6794400e-02   7.2093023e-01
   2.7176800e-02   7.2403101e-01
   2.7560000e-02   7.2868217e-01
   2.7942400e-02   7.3488372e-01
   2.8325600e-02   7.3643411e-01
   2.8708000e-02   7.3953488e-01
   2.9091200e-02   7.4108527e-01
   2.9473600e-02   7.4728682e-01
   2.9856800e-02   7.4883721e-01
   3.0239200e-02   7.5038760e-01
   3.0621600e-02   7.5193798e-01
   3.1004800e-02   7.5348837e-01
   3.1387200e-02   7.5813953e-01
   3.1770400e-02   7.5968992e-01
   3.2536000e-02   7.6434109e-01
   3.2918400e-02   7.6589147e-01
   3.3301600e-02   7.7054264e-01
   3.3684000e-02   7.7984496e-01
   3.4067200e-02   7.8914729e-01
   3.4449600e-02   7.9379845e-01
   3.4832800e-02   8.0465116e-01
   3.5215200e-02   8.1240310e-01
   3.5598400e-02   8.1705426e-01
   3.5980800e-02   8.2015504e-01
   3.6364000e-02   8.2635659e-01
   3.6746400e-02   8.2945736e-01
   3.7129600e-02   8.3565891e-01
   3.7512000e-02   8.4031008e-01
   3.7894400e-02   8.4341085e-01
   3.8660000e-02   8.4496124e-01
   3.9425600e-02   8.4806202e-01
   3.9808800e-02   8.5116279e-01
   4.0191200e-02   8.5581395e-01
   4.0574400e-02   8.5736434e-01
   4.1340000e-02   8.6046512e-01
   4.2105600e-02   8.6356589e-01
   4.2488000e-02   8.6511628e-01
   4.3636000e-02   8.6666667e-01
   4.4019200e-02   8.6976744e-01
   4.4401600e-02   8.7131783e-01
   4.4784800e-02   8.7441860e-01
   4.5550400e-02   8.7596899e-01
   4.5932800e-02   8.7906977e-01
   4.6698400e-02   8.8217054e-01
   4.7464000e-02   8.8527132e-01
   4.7847200e-02   8.8992248e-01
   4.8229600e-02   8.9147287e-01
   4.9377600e-02   8.9302326e-01
   5.0143200e-02   8.9457364e-01
   5.0908800e-02   8.9612403e-01
   5.1292000e-02   8.9767442e-01
   5.1674400e-02   9.0077519e-01
   5.2823200e-02   9.0232558e-01
   5.3588800e-02   9.0387597e-01
   5.4354400e-02   9.0542636e-01
   5.4736800e-02   9.0697674e-01
   5.5120000e-02   9.0852713e-01
   5.5885600e-02   9.1007752e-01
   5.6268000e-02   9.1472868e-01
   5.6650400e-02   9.1782946e-01
   5.7033600e-02   9.1937984e-01
   5.7799200e-02   9.2248062e-01
   5.8181600e-02   9.2403101e-01
   5.8564800e-02   9.2558140e-01
   5.9330400e-02   9.2713178e-01
   5.9712800e-02   9.2868217e-01
   6.0861600e-02   9.3333333e-01
   6.1244000e-02   9.3643411e-01
   6.2009600e-02   9.3798450e-01
   6.2775200e-02   9.3953488e-01
   6.3540800e-02   9.4108527e-01
   6.6985600e-02   9.4263566e-01
   6.8899200e-02   9.4418605e-01
   6.9664800e-02   9.4573643e-01
   7.0430400e-02   9.4728682e-01
   7.1579200e-02   9.4883721e-01
   7.2727200e-02   9.5038760e-01
   7.4640800e-02   9.5193798e-01
   7.5024000e-02   9.5348837e-01
   7.5406400e-02   9.5503876e-01
   7.6937600e-02   9.5658915e-01
   7.7320800e-02   9.5968992e-01
   7.8086400e-02   9.6124031e-01
   7.9234400e-02   9.6279070e-01
   8.2679200e-02   9.6434109e-01
   8.3062400e-02   9.6589147e-01
   8.3828000e-02   9.6744186e-01
   8.5359200e-02   9.6899225e-01
   8.8804000e-02   9.7209302e-01
   9.0335200e-02   9.7364341e-01
   9.1483200e-02   9.7519380e-01
   9.2248800e-02   9.7674419e-01
   9.6076800e-02   9.7829457e-01
   9.8756000e-02   9.7984496e-01
   9.9138400e-02   9.8139535e-01
   1.0143520e-01   9.8294574e-01
   1.0373200e-01   9.8604651e-01
   1.0870800e-01   9.8759690e-01
   1.1100480e-01   9.8914729e-01
   1.1138720e-01   9.9379845e-01
   1.1674640e-01   9.9534884e-01
   1.1980880e-01   9.9689922e-01
   1.3244000e-01   9.9844961e-01
   1.3320560e-01   1.0000000e+00
