   3.6512000e-03   0.0000000e+00
   3.6512000e-03   1.4814815e-02
   3.9832000e-03   2.9629630e-02
   4.9792000e-03   1.1851852e-01
   5.6432000e-03   1.4074074e-01
   5.9752000e-03   1.5555556e-01
   6.3072000e-03   2.3703704e-01
   6.9712000e-03   2.4444444e-01
   7.3032000e-03   2.5925926e-01
   7.6352000e-03   2.8148148e-01
   8.2984000e-03   2.8888889e-01
   8.6304000e-03   3.1851852e-01
   8.9624000e-03   3.4074074e-01
   9.9584000e-03   4.2222222e-01
   1.0290400e-02   4.2962963e-01
   1.0622400e-02   4.4444444e-01
   1.1286400e-02   4.8888889e-01
   1.1618400e-02   4.9629630e-01
   1.2282400e-02   5.0370370e-01
   1.2614400e-02   5.4074074e-01
   1.3278400e-02   5.4814815e-01
   1.3609600e-02   5.8518519e-01
   1.3941600e-02   6.0740741e-01
   1.4273600e-02   6.1481481e-01
   1.4937600e-02   6.2962963e-01
   1.5269600e-02   6.3703704e-01
   1.5601600e-02   6.4444444e-01
   1.6265600e-02   6.5185185e-01
   1.6929600e-02   6.5925926e-01
   1.7261600e-02   6.6666667e-01
   1.7593600e-02   6.7407407e-01
   1.7925600e-02   6.8148148e-01
   1.8920800e-02   6.8888889e-01
   1.9916800e-02   7.0370370e-01
   2.0248800e-02   7.2592593e-01
   2.1244800e-02   7.3333333e-01
   2.1908800e-02   7.4074074e-01
   2.2240800e-02   7.4814815e-01
   2.2572800e-02   7.5555556e-01
   2.3568800e-02   7.7037037e-01
   2.3900000e-02   7.7777778e-01
   2.6888000e-02   7.8518519e-01
   3.0207200e-02   7.9259259e-01
   3.0539200e-02   8.0000000e-01
   3.3195200e-02   8.0740741e-01
   3.3527200e-02   8.1481481e-01
   3.4855200e-02   8.2222222e-01
   3.7178400e-02   8.2962963e-01
   3.7510400e-02   8.3703704e-01
   3.8174400e-02   8.4444444e-01
   3.8838400e-02   8.5185185e-01
   4.4149600e-02   8.5925926e-01
   4.5808800e-02   8.6666667e-01
   4.8796800e-02   8.7407407e-01
   4.9128800e-02   8.8148148e-01
   5.2448000e-02   8.8888889e-01
   5.5104000e-02   8.9629630e-01
   5.7427200e-02   9.0370370e-01
   7.1037600e-02   9.1111111e-01
   7.3028800e-02   9.1851852e-01
   7.5020800e-02   9.2592593e-01
   7.7012800e-02   9.3333333e-01
   8.5311200e-02   9.4074074e-01
   1.4141040e-01   9.4814815e-01
   1.5070560e-01   9.5555556e-01
   1.5535280e-01   9.6296296e-01
   1.6763520e-01   9.7037037e-01
   1.6829840e-01   9.7777778e-01
   1.9120320e-01   9.8518519e-01
   1.9784240e-01   9.9259259e-01
   2.1178400e-01   1.0000000e+00
