   5.2120000e-03   0.0000000e+00
   5.2120000e-03   8.0000000e-03
   6.5144000e-03   3.2000000e-02
   7.1664000e-03   4.0000000e-02
   7.8176000e-03   8.8000000e-02
   8.4688000e-03   1.1200000e-01
   9.1208000e-03   1.2800000e-01
   9.7720000e-03   1.4400000e-01
   1.0423200e-02   1.6800000e-01
   1.1075200e-02   1.7600000e-01
   1.1726400e-02   2.0000000e-01
   1.2377600e-02   2.1600000e-01
   1.3029600e-02   2.3200000e-01
   1.3680800e-02   2.4000000e-01
   1.4332000e-02   2.4800000e-01
   1.4984000e-02   2.7200000e-01
   1.5635200e-02   2.8800000e-01
   1.6286400e-02   3.2000000e-01
   1.7589600e-02   3.2800000e-01
   1.8240800e-02   3.3600000e-01
   1.8892800e-02   3.6000000e-01
   1.9544000e-02   3.9200000e-01
   2.0195200e-02   4.1600000e-01
   2.0847200e-02   4.2400000e-01
   2.1498400e-02   4.3200000e-01
   2.2149600e-02   4.4800000e-01
   2.2801600e-02   4.5600000e-01
   2.3452800e-02   4.7200000e-01
   2.4104000e-02   4.8800000e-01
   2.4756000e-02   4.9600000e-01
   2.6058400e-02   5.0400000e-01
   2.6710400e-02   5.2000000e-01
   2.7361600e-02   5.2800000e-01
   2.8012800e-02   5.6000000e-01
   2.8664800e-02   5.6800000e-01
   2.9316000e-02   5.9200000e-01
   2.9967200e-02   6.0800000e-01
   3.0619200e-02   6.2400000e-01
   3.1921600e-02   6.3200000e-01
   3.3224800e-02   6.4000000e-01
   3.4528000e-02   6.4800000e-01
   3.5179200e-02   6.5600000e-01
   3.7133600e-02   6.6400000e-01
   3.9088000e-02   6.8800000e-01
   4.4951200e-02   6.9600000e-01
   4.6905600e-02   7.0400000e-01
   4.7556800e-02   7.1200000e-01
   4.8860000e-02   7.2800000e-01
   5.2117600e-02   7.3600000e-01
   5.2768800e-02   7.4400000e-01
   5.6026400e-02   7.5200000e-01
   5.8632000e-02   7.6000000e-01
   5.9283200e-02   7.6800000e-01
   5.9935200e-02   7.7600000e-01
   6.0586400e-02   7.8400000e-01
   6.1889600e-02   7.9200000e-01
   6.4495200e-02   8.0000000e-01
   6.5798400e-02   8.1600000e-01
   6.8404000e-02   8.3200000e-01
   7.1661600e-02   8.4000000e-01
   7.2964000e-02   8.4800000e-01
   7.5570400e-02   8.5600000e-01
   7.7524800e-02   8.6400000e-01
   7.8827200e-02   8.7200000e-01
   8.0130400e-02   8.8800000e-01
   8.0781600e-02   8.9600000e-01
   8.7296800e-02   9.0400000e-01
   9.1205600e-02   9.1200000e-01
   9.4462400e-02   9.2000000e-01
   9.7068800e-02   9.2800000e-01
   1.0684000e-01   9.3600000e-01
   1.0749200e-01   9.4400000e-01
   1.1270320e-01   9.5200000e-01
   1.3224720e-01   9.6000000e-01
   1.3485360e-01   9.6800000e-01
   2.0065120e-01   9.7600000e-01
   2.0390880e-01   9.8400000e-01
   2.1302960e-01   9.9200000e-01
   2.8143360e-01   1.0000000e+00
