   4.6044557e-03   0.0000000e+00
   4.6044557e-03   1.0449321e-03
   4.7784777e-03   2.0898642e-03
   4.8533587e-03   3.1347962e-03
   5.0904292e-03   5.2246604e-03
   5.7263384e-03   6.2695925e-03
   5.7664791e-03   7.3145246e-03
   5.8553797e-03   8.3594566e-03
   5.8766613e-03   1.0449321e-02
   6.0574890e-03   1.1494253e-02
   6.2901104e-03   1.2539185e-02
   6.3843202e-03   1.3584117e-02
   6.6810117e-03   1.4629049e-02
   6.6975981e-03   1.5673981e-02
   6.7731389e-03   1.6718913e-02
   7.0016607e-03   1.8808777e-02
   7.0135205e-03   1.9853710e-02
   7.0968469e-03   2.0898642e-02
   7.1523023e-03   2.1943574e-02
   7.3105305e-03   2.2988506e-02
   7.3378474e-03   2.4033438e-02
   7.3538727e-03   2.5078370e-02
   7.4134061e-03   2.6123302e-02
   7.5421977e-03   2.7168234e-02
   7.6446668e-03   2.8213166e-02
   7.7227998e-03   2.9258098e-02
   7.7902444e-03   3.1347962e-02
   7.9424510e-03   3.3437827e-02
   7.9537213e-03   3.4482759e-02
   7.9782031e-03   3.5527691e-02
   8.0531572e-03   3.9707419e-02
   8.1866212e-03   4.0752351e-02
   8.2773140e-03   4.2842215e-02
   8.3251240e-03   4.3887147e-02
   8.3295284e-03   4.5977011e-02
   8.4291828e-03   4.9111808e-02
   8.5757062e-03   5.0156740e-02
   8.5903401e-03   5.4336468e-02
   8.6097875e-03   5.6426332e-02
   8.6180634e-03   6.2695925e-02
   8.6936083e-03   6.3740857e-02
   8.8152237e-03   6.8965517e-02
   8.9111424e-03   7.1055381e-02
   8.9175816e-03   7.2100313e-02
   8.9501524e-03   7.3145246e-02
   8.9704403e-03   7.5235110e-02
   8.9810382e-03   7.6280042e-02
   9.0683996e-03   7.8369906e-02
   9.1624471e-03   7.9414838e-02
   9.2100206e-03   8.1504702e-02
   9.2270135e-03   8.2549634e-02
   9.2585659e-03   8.4639498e-02
   9.2968827e-03   8.5684431e-02
   9.3341226e-03   8.7774295e-02
   9.3974424e-03   8.9864159e-02
   9.4345969e-03   9.0909091e-02
   9.4526284e-03   9.1954023e-02
   9.5453949e-03   9.4043887e-02
   9.5569639e-03   9.5088819e-02
   9.5766406e-03   9.6133751e-02
   9.6124948e-03   9.9268548e-02
   9.6152228e-03   1.0031348e-01
   9.6505272e-03   1.0344828e-01
   9.7078400e-03   1.0553814e-01
   9.7229790e-03   1.0658307e-01
   9.8109974e-03   1.0762800e-01
   9.8647019e-03   1.0867294e-01
   9.8991214e-03   1.0971787e-01
   9.9203172e-03   1.1076280e-01
   9.9746880e-03   1.1494253e-01
   1.0047181e-02   1.1598746e-01
   1.0090477e-02   1.1703239e-01
   1.0139035e-02   1.2121212e-01
   1.0180331e-02   1.2225705e-01
   1.0196538e-02   1.2434692e-01
   1.0204999e-02   1.2539185e-01
   1.0244452e-02   1.2748171e-01
   1.0252264e-02   1.2957158e-01
   1.0270132e-02   1.3061651e-01
   1.0374044e-02   1.3166144e-01
   1.0436208e-02   1.3270637e-01
   1.0483246e-02   1.3375131e-01
   1.0504275e-02   1.3584117e-01
   1.0539720e-02   1.3897597e-01
   1.0545375e-02   1.4002090e-01
   1.0615295e-02   1.4315569e-01
   1.0650922e-02   1.4524556e-01
   1.0663096e-02   1.4629049e-01
   1.0728048e-02   1.4838036e-01
   1.0742823e-02   1.5047022e-01
   1.0816508e-02   1.5360502e-01
   1.0835253e-02   1.5464995e-01
   1.0835705e-02   1.5882968e-01
   1.0878057e-02   1.6091954e-01
   1.0891745e-02   1.6196447e-01
   1.0893176e-02   1.6300940e-01
   1.0896661e-02   1.6405434e-01
   1.0986607e-02   1.6718913e-01
   1.1115663e-02   1.6823406e-01
   1.1116850e-02   1.7136886e-01
   1.1138212e-02   1.7450366e-01
   1.1140608e-02   1.7868339e-01
   1.1172641e-02   1.7972832e-01
   1.1179807e-02   1.8077325e-01
   1.1255324e-02   1.8286311e-01
   1.1281796e-02   1.8390805e-01
   1.1366569e-02   1.8599791e-01
   1.1466688e-02   1.8808777e-01
   1.1475571e-02   1.9122257e-01
   1.1480707e-02   1.9226750e-01
   1.1512470e-02   1.9331243e-01
   1.1515874e-02   1.9435737e-01
   1.1532958e-02   1.9540230e-01
   1.1626507e-02   1.9958203e-01
   1.1711108e-02   2.0062696e-01
   1.1753786e-02   2.0376176e-01
   1.1772903e-02   2.0480669e-01
   1.1779289e-02   2.0585162e-01
   1.1801373e-02   2.0898642e-01
   1.1819889e-02   2.1107628e-01
   1.1895481e-02   2.1316614e-01
   1.1914229e-02   2.1421108e-01
   1.1961576e-02   2.1525601e-01
   1.2090361e-02   2.1630094e-01
   1.2106516e-02   2.1734587e-01
   1.2114978e-02   2.2152560e-01
   1.2141752e-02   2.2257053e-01
   1.2144153e-02   2.2361546e-01
   1.2147566e-02   2.2466040e-01
   1.2173870e-02   2.2884013e-01
   1.2217900e-02   2.2988506e-01
   1.2266013e-02   2.3092999e-01
   1.2321525e-02   2.3510972e-01
   1.2417644e-02   2.3615465e-01
   1.2460579e-02   2.3928945e-01
   1.2487359e-02   2.4137931e-01
   1.2525899e-02   2.4242424e-01
   1.2575824e-02   2.4346917e-01
   1.2696067e-02   2.4555904e-01
   1.2727346e-02   2.4660397e-01
   1.2733828e-02   2.4869383e-01
   1.2783242e-02   2.5078370e-01
   1.2814782e-02   2.5287356e-01
   1.2837772e-02   2.5496343e-01
   1.2937847e-02   2.5600836e-01
   1.3028357e-02   2.5914316e-01
   1.3056748e-02   2.6018809e-01
   1.3176893e-02   2.6123302e-01
   1.3192609e-02   2.6227795e-01
   1.3283024e-02   2.6332288e-01
   1.3361743e-02   2.6436782e-01
   1.3376007e-02   2.6541275e-01
   1.3395196e-02   2.6750261e-01
   1.3397772e-02   2.6854754e-01
   1.3418058e-02   2.6959248e-01
   1.3444330e-02   2.7063741e-01
   1.3546278e-02   2.7377220e-01
   1.3570918e-02   2.7586207e-01
   1.3666350e-02   2.7690700e-01
   1.3696022e-02   2.7899687e-01
   1.3742021e-02   2.8004180e-01
   1.3776223e-02   2.8108673e-01
   1.3806701e-02   2.8213166e-01
   1.3817628e-02   2.8317659e-01
   1.3914196e-02   2.8422153e-01
   1.3922358e-02   2.8631139e-01
   1.3991466e-02   2.8735632e-01
   1.4000524e-02   2.8840125e-01
   1.4003321e-02   2.8944619e-01
   1.4027041e-02   2.9153605e-01
   1.4035415e-02   2.9362591e-01
   1.4044622e-02   2.9467085e-01
   1.4054907e-02   2.9780564e-01
   1.4096606e-02   2.9989551e-01
   1.4167609e-02   3.0198537e-01
   1.4186516e-02   3.0303030e-01
   1.4194779e-02   3.0407524e-01
   1.4203470e-02   3.0512017e-01
   1.4215763e-02   3.0616510e-01
   1.4240495e-02   3.0721003e-01
   1.4303962e-02   3.0825496e-01
   1.4326591e-02   3.0929990e-01
   1.4335442e-02   3.1138976e-01
   1.4382768e-02   3.1347962e-01
   1.4403769e-02   3.1452456e-01
   1.4449518e-02   3.1661442e-01
   1.4458378e-02   3.1765935e-01
   1.4561199e-02   3.1974922e-01
   1.4621742e-02   3.2079415e-01
   1.4641692e-02   3.2183908e-01
   1.4649006e-02   3.2288401e-01
   1.4675695e-02   3.2392894e-01
   1.4691885e-02   3.2706374e-01
   1.4707745e-02   3.2810867e-01
   1.4737518e-02   3.2915361e-01
   1.4820096e-02   3.3124347e-01
   1.4826192e-02   3.3228840e-01
   1.4849108e-02   3.3333333e-01
   1.4953785e-02   3.3437827e-01
   1.4960035e-02   3.3542320e-01
   1.4974989e-02   3.3751306e-01
   1.4993702e-02   3.3855799e-01
   1.5032034e-02   3.3960293e-01
   1.5053949e-02   3.4064786e-01
   1.5085056e-02   3.4378265e-01
   1.5098533e-02   3.4482759e-01
   1.5115577e-02   3.4587252e-01
   1.5200794e-02   3.5005225e-01
   1.5253285e-02   3.5214211e-01
   1.5256373e-02   3.5318704e-01
   1.5271362e-02   3.5423197e-01
   1.5280276e-02   3.5527691e-01
   1.5288326e-02   3.5632184e-01
   1.5289334e-02   3.5841170e-01
   1.5329191e-02   3.6050157e-01
   1.5377831e-02   3.6154650e-01
   1.5446294e-02   3.6468130e-01
   1.5483075e-02   3.6677116e-01
   1.5561645e-02   3.6781609e-01
   1.5581128e-02   3.6886102e-01
   1.5591204e-02   3.6990596e-01
   1.5662829e-02   3.7095089e-01
   1.5721030e-02   3.7199582e-01
   1.5739309e-02   3.7408568e-01
   1.5840495e-02   3.7513062e-01
   1.5919047e-02   3.7617555e-01
   1.5966786e-02   3.7722048e-01
   1.6106933e-02   3.7826541e-01
   1.6117166e-02   3.7931034e-01
   1.6117592e-02   3.8140021e-01
   1.6157721e-02   3.8244514e-01
   1.6228072e-02   3.8557994e-01
   1.6291549e-02   3.8766980e-01
   1.6303358e-02   3.8975967e-01
   1.6480291e-02   3.9080460e-01
   1.6518805e-02   3.9184953e-01
   1.6596249e-02   3.9289446e-01
   1.6604636e-02   3.9393939e-01
   1.6605477e-02   3.9498433e-01
   1.6649594e-02   3.9602926e-01
   1.6859002e-02   3.9707419e-01
   1.6863146e-02   3.9916405e-01
   1.6865705e-02   4.0020899e-01
   1.6884386e-02   4.0125392e-01
   1.6950905e-02   4.0229885e-01
   1.6993438e-02   4.0334378e-01
   1.7092751e-02   4.0647858e-01
   1.7151412e-02   4.0752351e-01
   1.7236705e-02   4.0856844e-01
   1.7274044e-02   4.0961338e-01
   1.7385474e-02   4.1065831e-01
   1.7387834e-02   4.1170324e-01
   1.7493374e-02   4.1274817e-01
   1.7533498e-02   4.1379310e-01
   1.7559081e-02   4.1483804e-01
   1.7586094e-02   4.1588297e-01
   1.7630447e-02   4.1692790e-01
   1.7661698e-02   4.1797283e-01
   1.7726349e-02   4.1901776e-01
   1.7785490e-02   4.2006270e-01
   1.7793402e-02   4.2110763e-01
   1.7816631e-02   4.2215256e-01
   1.7821157e-02   4.2319749e-01
   1.7880351e-02   4.2424242e-01
   1.7899658e-02   4.2528736e-01
   1.7941479e-02   4.2633229e-01
   1.7953971e-02   4.2737722e-01
   1.7998228e-02   4.2842215e-01
   1.8027717e-02   4.2946708e-01
   1.8148427e-02   4.3051202e-01
   1.8159577e-02   4.3260188e-01
   1.8186199e-02   4.3364681e-01
   1.8187521e-02   4.3573668e-01
   1.8327070e-02   4.3678161e-01
   1.8399519e-02   4.3782654e-01
   1.8420041e-02   4.3887147e-01
   1.8453977e-02   4.3991641e-01
   1.8455719e-02   4.4200627e-01
   1.8517160e-02   4.4305120e-01
   1.8526318e-02   4.4514107e-01
   1.8541048e-02   4.4618600e-01
   1.8568025e-02   4.4723093e-01
   1.8770216e-02   4.4932079e-01
   1.8776189e-02   4.5036573e-01
   1.8781576e-02   4.5141066e-01
   1.8814774e-02   4.5350052e-01
   1.8866590e-02   4.5454545e-01
   1.8868960e-02   4.5559039e-01
   1.8942201e-02   4.5768025e-01
   1.9039600e-02   4.5872518e-01
   1.9044302e-02   4.5977011e-01
   1.9055018e-02   4.6081505e-01
   1.9091561e-02   4.6290491e-01
   1.9113919e-02   4.6394984e-01
   1.9157125e-02   4.6499478e-01
   1.9217280e-02   4.6603971e-01
   1.9224312e-02   4.6708464e-01
   1.9308288e-02   4.7021944e-01
   1.9453751e-02   4.7126437e-01
   1.9543006e-02   4.7230930e-01
   1.9567498e-02   4.7335423e-01
   1.9583026e-02   4.7439916e-01
   1.9659653e-02   4.7544410e-01
   1.9678514e-02   4.7648903e-01
   1.9679234e-02   4.7857889e-01
   1.9726075e-02   4.7962382e-01
   1.9797693e-02   4.8171369e-01
   2.0043552e-02   4.8275862e-01
   2.0054769e-02   4.8380355e-01
   2.0122286e-02   4.8484848e-01
   2.0189196e-02   4.8589342e-01
   2.0247415e-02   4.8693835e-01
   2.0276588e-02   4.8902821e-01
   2.0319417e-02   4.9007315e-01
   2.0361792e-02   4.9111808e-01
   2.0434003e-02   4.9216301e-01
   2.0452613e-02   4.9320794e-01
   2.0489578e-02   4.9425287e-01
   2.0503997e-02   4.9634274e-01
   2.0672302e-02   4.9738767e-01
   2.0789075e-02   4.9947753e-01
   2.0817967e-02   5.0052247e-01
   2.0873114e-02   5.0156740e-01
   2.0995560e-02   5.0261233e-01
   2.1009676e-02   5.0470219e-01
   2.1032117e-02   5.0574713e-01
   2.1041053e-02   5.0679206e-01
   2.1142824e-02   5.0783699e-01
   2.1205809e-02   5.0888192e-01
   2.1333540e-02   5.0992685e-01
   2.1373253e-02   5.1201672e-01
   2.1405325e-02   5.1306165e-01
   2.1429913e-02   5.1410658e-01
   2.1599292e-02   5.1619645e-01
   2.1630537e-02   5.1724138e-01
   2.1642894e-02   5.1828631e-01
   2.1643316e-02   5.2037618e-01
   2.1712173e-02   5.2142111e-01
   2.1712765e-02   5.2246604e-01
   2.1718736e-02   5.2351097e-01
   2.1719518e-02   5.2455590e-01
   2.1785222e-02   5.2560084e-01
   2.1932692e-02   5.2664577e-01
   2.1953556e-02   5.2873563e-01
   2.1954868e-02   5.2978056e-01
   2.1971223e-02   5.3082550e-01
   2.1973347e-02   5.3187043e-01
   2.1974880e-02   5.3500522e-01
   2.2176378e-02   5.3605016e-01
   2.2270195e-02   5.3709509e-01
   2.2302297e-02   5.3814002e-01
   2.2342288e-02   5.3918495e-01
   2.2374174e-02   5.4022989e-01
   2.2426134e-02   5.4231975e-01
   2.2542696e-02   5.4336468e-01
   2.2563592e-02   5.4440961e-01
   2.2589140e-02   5.4545455e-01
   2.2614155e-02   5.4649948e-01
   2.2834297e-02   5.4754441e-01
   2.2870064e-02   5.4858934e-01
   2.2911551e-02   5.4963427e-01
   2.2920414e-02   5.5172414e-01
   2.2933377e-02   5.5276907e-01
   2.3023024e-02   5.5381400e-01
   2.3024497e-02   5.5485893e-01
   2.3239073e-02   5.5590387e-01
   2.3252959e-02   5.5694880e-01
   2.3266576e-02   5.5799373e-01
   2.3334394e-02   5.5903866e-01
   2.3352515e-02   5.6008359e-01
   2.3438890e-02   5.6112853e-01
   2.3507109e-02   5.6217346e-01
   2.3522202e-02   5.6321839e-01
   2.3602754e-02   5.6426332e-01
   2.3622282e-02   5.6530825e-01
   2.3657223e-02   5.6635319e-01
   2.3792089e-02   5.6739812e-01
   2.3818033e-02   5.6948798e-01
   2.3860565e-02   5.7053292e-01
   2.3867921e-02   5.7157785e-01
   2.3892405e-02   5.7262278e-01
   2.3892497e-02   5.7366771e-01
   2.3899336e-02   5.7471264e-01
   2.4069922e-02   5.7575758e-01
   2.4126104e-02   5.7680251e-01
   2.4180991e-02   5.7784744e-01
   2.4198241e-02   5.7889237e-01
   2.4230306e-02   5.7993730e-01
   2.4394345e-02   5.8307210e-01
   2.4424185e-02   5.8411703e-01
   2.4436239e-02   5.8516196e-01
   2.4535758e-02   5.8620690e-01
   2.4537140e-02   5.8725183e-01
   2.4550428e-02   5.8829676e-01
   2.4793088e-02   5.8934169e-01
   2.4800517e-02   5.9038662e-01
   2.4815945e-02   5.9143156e-01
   2.4910527e-02   5.9247649e-01
   2.5084068e-02   5.9352142e-01
   2.5093475e-02   5.9456635e-01
   2.5133054e-02   5.9561129e-01
   2.5138604e-02   5.9665622e-01
   2.5146802e-02   5.9770115e-01
   2.5170954e-02   5.9874608e-01
   2.5199140e-02   5.9979101e-01
   2.5214885e-02   6.0083595e-01
   2.5336100e-02   6.0188088e-01
   2.5440968e-02   6.0292581e-01
   2.5474903e-02   6.0397074e-01
   2.5538241e-02   6.0501567e-01
   2.5682544e-02   6.0606061e-01
   2.5767845e-02   6.0710554e-01
   2.5773422e-02   6.0815047e-01
   2.5782295e-02   6.0919540e-01
   2.5808614e-02   6.1024033e-01
   2.5911994e-02   6.1128527e-01
   2.5914701e-02   6.1233020e-01
   2.6056537e-02   6.1337513e-01
   2.6093008e-02   6.1442006e-01
   2.6187953e-02   6.1546499e-01
   2.6240990e-02   6.1650993e-01
   2.6250342e-02   6.1755486e-01
   2.6323836e-02   6.1859979e-01
   2.6420866e-02   6.1964472e-01
   2.6452869e-02   6.2068966e-01
   2.6555026e-02   6.2173459e-01
   2.6565900e-02   6.2277952e-01
   2.6649254e-02   6.2382445e-01
   2.6743154e-02   6.2486938e-01
   2.6790393e-02   6.2591432e-01
   2.6841966e-02   6.2695925e-01
   2.6843308e-02   6.2800418e-01
   2.6919231e-02   6.2904911e-01
   2.6925454e-02   6.3009404e-01
   2.7058885e-02   6.3113898e-01
   2.7086963e-02   6.3218391e-01
   2.7092436e-02   6.3322884e-01
   2.7136499e-02   6.3427377e-01
   2.7232556e-02   6.3531870e-01
   2.7368450e-02   6.3636364e-01
   2.7392044e-02   6.3740857e-01
   2.7474224e-02   6.3845350e-01
   2.7542386e-02   6.3949843e-01
   2.7552299e-02   6.4054336e-01
   2.7695557e-02   6.4158830e-01
   2.7697778e-02   6.4263323e-01
   2.7717893e-02   6.4367816e-01
   2.7720319e-02   6.4472309e-01
   2.7729374e-02   6.4576803e-01
   2.7762575e-02   6.4681296e-01
   2.7764857e-02   6.4785789e-01
   2.7836761e-02   6.4994775e-01
   2.8020755e-02   6.5099269e-01
   2.8054574e-02   6.5203762e-01
   2.8070831e-02   6.5308255e-01
   2.8090328e-02   6.5412748e-01
   2.8179293e-02   6.5517241e-01
   2.8192613e-02   6.5726228e-01
   2.8225327e-02   6.5935214e-01
   2.8229548e-02   6.6039707e-01
   2.8369251e-02   6.6248694e-01
   2.8431957e-02   6.6353187e-01
   2.8559994e-02   6.6457680e-01
   2.8606125e-02   6.6666667e-01
   2.8660583e-02   6.6771160e-01
   2.8704652e-02   6.6875653e-01
   2.9001650e-02   6.6980146e-01
   2.9123029e-02   6.7084639e-01
   2.9282972e-02   6.7189133e-01
   2.9297873e-02   6.7293626e-01
   2.9405707e-02   6.7398119e-01
   2.9442670e-02   6.7502612e-01
   2.9601553e-02   6.7607106e-01
   2.9632804e-02   6.7711599e-01
   2.9648571e-02   6.7816092e-01
   2.9653004e-02   6.7920585e-01
   2.9758785e-02   6.8025078e-01
   2.9761964e-02   6.8129572e-01
   2.9776138e-02   6.8234065e-01
   2.9849167e-02   6.8338558e-01
   2.9884891e-02   6.8547544e-01
   3.0265397e-02   6.8652038e-01
   3.0288576e-02   6.8756531e-01
   3.0523527e-02   6.8861024e-01
   3.0869566e-02   6.8965517e-01
   3.0892459e-02   6.9070010e-01
   3.0913699e-02   6.9174504e-01
   3.1005582e-02   6.9278997e-01
   3.1048996e-02   6.9383490e-01
   3.1162257e-02   6.9487983e-01
   3.1201894e-02   6.9592476e-01
   3.1204139e-02   6.9696970e-01
   3.1252347e-02   6.9801463e-01
   3.1419812e-02   6.9905956e-01
   3.1490168e-02   7.0010449e-01
   3.1568697e-02   7.0114943e-01
   3.1637242e-02   7.0219436e-01
   3.1813756e-02   7.0428422e-01
   3.1981699e-02   7.0532915e-01
   3.2170081e-02   7.0637409e-01
   3.2308257e-02   7.0741902e-01
   3.2352855e-02   7.0846395e-01
   3.2397311e-02   7.0950888e-01
   3.2420532e-02   7.1055381e-01
   3.2475859e-02   7.1159875e-01
   3.2485390e-02   7.1264368e-01
   3.2676350e-02   7.1368861e-01
   3.2772310e-02   7.1473354e-01
   3.2891249e-02   7.1577847e-01
   3.2962584e-02   7.1682341e-01
   3.3074992e-02   7.1786834e-01
   3.3108217e-02   7.1891327e-01
   3.3126032e-02   7.1995820e-01
   3.3146939e-02   7.2100313e-01
   3.3472381e-02   7.2204807e-01
   3.3494114e-02   7.2309300e-01
   3.3496778e-02   7.2413793e-01
   3.3539386e-02   7.2518286e-01
   3.3577873e-02   7.2622780e-01
   3.3596918e-02   7.2727273e-01
   3.3623360e-02   7.2831766e-01
   3.3652796e-02   7.2936259e-01
   3.3726374e-02   7.3040752e-01
   3.3766072e-02   7.3145246e-01
   3.3863357e-02   7.3249739e-01
   3.4157563e-02   7.3354232e-01
   3.4436589e-02   7.3458725e-01
   3.4553226e-02   7.3563218e-01
   3.4616441e-02   7.3667712e-01
   3.4623814e-02   7.3772205e-01
   3.4663322e-02   7.3876698e-01
   3.4701023e-02   7.3981191e-01
   3.4737922e-02   7.4085684e-01
   3.4775578e-02   7.4190178e-01
   3.4879650e-02   7.4294671e-01
   3.4925975e-02   7.4399164e-01
   3.4959717e-02   7.4503657e-01
   3.5066650e-02   7.4608150e-01
   3.5068094e-02   7.4712644e-01
   3.5113338e-02   7.4817137e-01
   3.5415543e-02   7.4921630e-01
   3.5516061e-02   7.5026123e-01
   3.5524988e-02   7.5130617e-01
   3.5634290e-02   7.5235110e-01
   3.5760702e-02   7.5339603e-01
   3.5789998e-02   7.5444096e-01
   3.5806948e-02   7.5548589e-01
   3.5945677e-02   7.5653083e-01
   3.6101480e-02   7.5757576e-01
   3.6146979e-02   7.5966562e-01
   3.6297361e-02   7.6071055e-01
   3.6310175e-02   7.6175549e-01
   3.6318458e-02   7.6280042e-01
   3.6328737e-02   7.6384535e-01
   3.6425477e-02   7.6489028e-01
   3.6615639e-02   7.6593521e-01
   3.6769184e-02   7.6698015e-01
   3.6779169e-02   7.6802508e-01
   3.6798538e-02   7.6907001e-01
   3.6912962e-02   7.7011494e-01
   3.6923482e-02   7.7115987e-01
   3.6986105e-02   7.7220481e-01
   3.7093492e-02   7.7324974e-01
   3.7223697e-02   7.7429467e-01
   3.7252558e-02   7.7533960e-01
   3.7293463e-02   7.7638454e-01
   3.7294048e-02   7.7742947e-01
   3.7362358e-02   7.7847440e-01
   3.7469944e-02   7.7951933e-01
   3.7561496e-02   7.8056426e-01
   3.7569432e-02   7.8160920e-01
   3.7873402e-02   7.8265413e-01
   3.8182580e-02   7.8369906e-01
   3.8449954e-02   7.8474399e-01
   3.8728834e-02   7.8578892e-01
   3.8813273e-02   7.8683386e-01
   3.9304419e-02   7.8787879e-01
   3.9309575e-02   7.8892372e-01
   3.9543639e-02   7.8996865e-01
   3.9591311e-02   7.9101358e-01
   3.9732758e-02   7.9205852e-01
   3.9755739e-02   7.9310345e-01
   3.9767477e-02   7.9414838e-01
   3.9771338e-02   7.9519331e-01
   3.9848924e-02   7.9623824e-01
   4.0304037e-02   7.9728318e-01
   4.0424318e-02   7.9832811e-01
   4.0728757e-02   8.0041797e-01
   4.0812049e-02   8.0146290e-01
   4.0910003e-02   8.0250784e-01
   4.1046596e-02   8.0355277e-01
   4.1251453e-02   8.0459770e-01
   4.1276961e-02   8.0564263e-01
   4.1343919e-02   8.0668757e-01
   4.1371751e-02   8.0773250e-01
   4.1413534e-02   8.0877743e-01
   4.1468433e-02   8.0982236e-01
   4.1540537e-02   8.1086729e-01
   4.1577560e-02   8.1191223e-01
   4.1703236e-02   8.1295716e-01
   4.1891872e-02   8.1400209e-01
   4.2080984e-02   8.1504702e-01
   4.2165835e-02   8.1609195e-01
   4.2292005e-02   8.1713689e-01
   4.2467832e-02   8.1818182e-01
   4.2647720e-02   8.1922675e-01
   4.2662037e-02   8.2027168e-01
   4.2872968e-02   8.2131661e-01
   4.2950388e-02   8.2236155e-01
   4.2998724e-02   8.2340648e-01
   4.3049509e-02   8.2445141e-01
   4.3112307e-02   8.2549634e-01
   4.3296354e-02   8.2654127e-01
   4.3299098e-02   8.2758621e-01
   4.3373915e-02   8.2863114e-01
   4.3468659e-02   8.2967607e-01
   4.3844299e-02   8.3072100e-01
   4.3983204e-02   8.3176594e-01
   4.4189260e-02   8.3281087e-01
   4.4223546e-02   8.3385580e-01
   4.4736965e-02   8.3490073e-01
   4.4793085e-02   8.3594566e-01
   4.4860764e-02   8.3699060e-01
   4.4879490e-02   8.3803553e-01
   4.5213551e-02   8.3908046e-01
   4.5272965e-02   8.4012539e-01
   4.5353968e-02   8.4117032e-01
   4.5426751e-02   8.4221526e-01
   4.5436312e-02   8.4326019e-01
   4.5532478e-02   8.4535005e-01
   4.5840460e-02   8.4639498e-01
   4.6148795e-02   8.4743992e-01
   4.6473952e-02   8.4848485e-01
   4.6765832e-02   8.4952978e-01
   4.6772482e-02   8.5161964e-01
   4.7083342e-02   8.5266458e-01
   4.7084987e-02   8.5370951e-01
   4.7429153e-02   8.5475444e-01
   4.7717863e-02   8.5579937e-01
   4.7836382e-02   8.5684431e-01
   4.7984839e-02   8.5788924e-01
   4.8063539e-02   8.5893417e-01
   4.8244933e-02   8.5997910e-01
   4.8362064e-02   8.6102403e-01
   4.8432416e-02   8.6206897e-01
   4.8508086e-02   8.6311390e-01
   4.9042305e-02   8.6415883e-01
   4.9278181e-02   8.6520376e-01
   4.9536874e-02   8.6624869e-01
   4.9556065e-02   8.6729363e-01
   4.9950451e-02   8.6833856e-01
   4.9991082e-02   8.6938349e-01
   5.0137464e-02   8.7042842e-01
   5.0203229e-02   8.7147335e-01
   5.0986489e-02   8.7251829e-01
   5.1364358e-02   8.7356322e-01
   5.1661440e-02   8.7460815e-01
   5.1735559e-02   8.7565308e-01
   5.1764990e-02   8.7669801e-01
   5.2301580e-02   8.7774295e-01
   5.2976768e-02   8.7878788e-01
   5.3381635e-02   8.7983281e-01
   5.3417762e-02   8.8087774e-01
   5.3465989e-02   8.8192268e-01
   5.4293474e-02   8.8296761e-01
   5.4480766e-02   8.8401254e-01
   5.4905796e-02   8.8505747e-01
   5.5093152e-02   8.8610240e-01
   5.5778268e-02   8.8714734e-01
   5.5949837e-02   8.8819227e-01
   5.6276819e-02   8.8923720e-01
   5.6492508e-02   8.9028213e-01
   5.6565618e-02   8.9132706e-01
   5.6831952e-02   8.9237200e-01
   5.7132227e-02   8.9341693e-01
   5.7285603e-02   8.9446186e-01
   5.7322233e-02   8.9550679e-01
   5.7839034e-02   8.9655172e-01
   5.7855369e-02   8.9759666e-01
   5.8748705e-02   8.9864159e-01
   5.8749601e-02   8.9968652e-01
   5.8861139e-02   9.0073145e-01
   5.9389823e-02   9.0177638e-01
   5.9637008e-02   9.0282132e-01
   5.9787652e-02   9.0386625e-01
   5.9810493e-02   9.0491118e-01
   6.0542482e-02   9.0595611e-01
   6.1066207e-02   9.0700104e-01
   6.1403626e-02   9.0804598e-01
   6.1561570e-02   9.0909091e-01
   6.2931709e-02   9.1013584e-01
   6.3038492e-02   9.1118077e-01
   6.3038663e-02   9.1222571e-01
   6.3435312e-02   9.1327064e-01
   6.3479401e-02   9.1431557e-01
   6.3653228e-02   9.1536050e-01
   6.3657149e-02   9.1640543e-01
   6.3876713e-02   9.1745037e-01
   6.4635279e-02   9.1849530e-01
   6.4920734e-02   9.1954023e-01
   6.5544619e-02   9.2058516e-01
   6.5556575e-02   9.2163009e-01
   6.6501105e-02   9.2267503e-01
   6.7628174e-02   9.2371996e-01
   6.8402074e-02   9.2476489e-01
   6.8546040e-02   9.2580982e-01
   6.9708762e-02   9.2685475e-01
   7.0702483e-02   9.2789969e-01
   7.0816760e-02   9.2894462e-01
   7.0889248e-02   9.2998955e-01
   7.0922663e-02   9.3103448e-01
   7.1744217e-02   9.3207941e-01
   7.1840480e-02   9.3312435e-01
   7.2294912e-02   9.3416928e-01
   7.2879676e-02   9.3521421e-01
   7.4519346e-02   9.3625914e-01
   7.4944314e-02   9.3730408e-01
   7.5377363e-02   9.3834901e-01
   7.5483010e-02   9.3939394e-01
   7.5627500e-02   9.4043887e-01
   7.5717348e-02   9.4148380e-01
   7.6316759e-02   9.4252874e-01
   7.7346917e-02   9.4357367e-01
   7.7968156e-02   9.4461860e-01
   7.9023187e-02   9.4566353e-01
   7.9224628e-02   9.4670846e-01
   7.9271602e-02   9.4775340e-01
   7.9702508e-02   9.4879833e-01
   8.0180134e-02   9.4984326e-01
   8.1274867e-02   9.5088819e-01
   8.1461746e-02   9.5193312e-01
   8.2491147e-02   9.5297806e-01
   8.2664621e-02   9.5402299e-01
   8.2666654e-02   9.5506792e-01
   8.4642723e-02   9.5611285e-01
   8.4679960e-02   9.5715778e-01
   8.6334519e-02   9.5820272e-01
   8.6585615e-02   9.5924765e-01
   8.6772235e-02   9.6029258e-01
   8.8157960e-02   9.6133751e-01
   8.9104890e-02   9.6238245e-01
   8.9528447e-02   9.6342738e-01
   9.0601899e-02   9.6447231e-01
   9.3932717e-02   9.6551724e-01
   9.4719968e-02   9.6656217e-01
   9.5303299e-02   9.6760711e-01
   9.6349008e-02   9.6865204e-01
   9.7712146e-02   9.6969697e-01
   1.0125936e-01   9.7074190e-01
   1.0525616e-01   9.7178683e-01
   1.0552056e-01   9.7283177e-01
   1.0594717e-01   9.7387670e-01
   1.0618040e-01   9.7492163e-01
   1.0641986e-01   9.7596656e-01
   1.0738121e-01   9.7701149e-01
   1.0751380e-01   9.7805643e-01
   1.0785352e-01   9.7910136e-01
   1.0836936e-01   9.8014629e-01
   1.1182172e-01   9.8119122e-01
   1.1233126e-01   9.8223615e-01
   1.1262276e-01   9.8328109e-01
   1.1290536e-01   9.8432602e-01
   1.1293991e-01   9.8537095e-01
   1.1347090e-01   9.8641588e-01
   1.1365379e-01   9.8746082e-01
   1.1643476e-01   9.8850575e-01
   1.1775760e-01   9.8955068e-01
   1.2442942e-01   9.9059561e-01
   1.3269047e-01   9.9164054e-01
   1.3598733e-01   9.9268548e-01
   1.3628405e-01   9.9373041e-01
   1.3829075e-01   9.9477534e-01
   1.3967478e-01   9.9582027e-01
   1.4696047e-01   9.9686520e-01
   1.4799313e-01   9.9791014e-01
   1.7326388e-01   9.9895507e-01
   2.0926049e-01   1.0000000e+00
