   2.3856000e-03   0.0000000e+00
   2.3856000e-03   2.5756600e-03
   2.7832000e-03   3.2195750e-03
   3.1808000e-03   5.7952350e-03
   3.5784000e-03   1.0302640e-02
   3.9760000e-03   1.3522215e-02
   4.3736000e-03   2.7044430e-02
   4.7712000e-03   3.9922730e-02
   5.1688000e-03   5.6020605e-02
   5.5664000e-03   7.6625885e-02
   5.9640000e-03   1.0045074e-01
   6.3616000e-03   1.3972956e-01
   6.7592000e-03   1.7707663e-01
   7.1568000e-03   2.0734063e-01
   7.5544000e-03   2.6593690e-01
   7.9520000e-03   2.9233741e-01
   8.3496000e-03   3.1487444e-01
   8.7472000e-03   3.7025113e-01
   9.1448000e-03   3.9278815e-01
   9.5424000e-03   4.1854475e-01
   9.9400000e-03   4.6297489e-01
   1.0337600e-02   4.7456536e-01
   1.0735200e-02   4.9645847e-01
   1.1133600e-02   5.2543464e-01
   1.1530400e-02   5.4346426e-01
   1.1928800e-02   5.7050869e-01
   1.2326400e-02   5.9690921e-01
   1.2724000e-02   6.1751449e-01
   1.3121600e-02   6.4649066e-01
   1.3519200e-02   6.6580811e-01
   1.3916800e-02   6.8641339e-01
   1.4314400e-02   6.9864778e-01
   1.4712000e-02   7.0830650e-01
   1.5109600e-02   7.3084353e-01
   1.5507200e-02   7.4500966e-01
   1.5904800e-02   7.5531230e-01
   1.6302400e-02   7.7398583e-01
   1.6700000e-02   7.8493239e-01
   1.7097600e-02   7.9523503e-01
   1.7495200e-02   8.1455248e-01
   1.7892800e-02   8.1905988e-01
   1.8290400e-02   8.2807469e-01
   1.8688000e-02   8.4030908e-01
   1.9085600e-02   8.4674823e-01
   1.9483200e-02   8.5576304e-01
   1.9880800e-02   8.6477785e-01
   2.0278400e-02   8.7314874e-01
   2.0676000e-02   8.8087572e-01
   2.1073600e-02   8.9117836e-01
   2.1471200e-02   8.9890534e-01
   2.1868800e-02   9.0470058e-01
   2.2266400e-02   9.0920798e-01
   2.2664000e-02   9.1500322e-01
   2.3061600e-02   9.2273020e-01
   2.3459200e-02   9.2530586e-01
   2.3856800e-02   9.2916935e-01
   2.4254400e-02   9.3110109e-01
   2.4652000e-02   9.3496458e-01
   2.5049600e-02   9.3947199e-01
   2.5447200e-02   9.4269156e-01
   2.5844800e-02   9.4526722e-01
   2.6242400e-02   9.4848680e-01
   2.6640000e-02   9.5041854e-01
   2.7037600e-02   9.5170637e-01
   2.7435200e-02   9.5363812e-01
   2.7832800e-02   9.5556986e-01
   2.8230400e-02   9.5814552e-01
   2.8628000e-02   9.5878944e-01
   2.9025600e-02   9.5943335e-01
   2.9423200e-02   9.6200901e-01
   2.9820800e-02   9.6329684e-01
   3.0218400e-02   9.6458467e-01
   3.1013600e-02   9.6522859e-01
   3.1411200e-02   9.6587250e-01
   3.2604800e-02   9.6716033e-01
   3.3001600e-02   9.6909208e-01
   3.3796800e-02   9.7295557e-01
   3.4194400e-02   9.7359948e-01
   3.4592800e-02   9.7424340e-01
   3.4990400e-02   9.7810689e-01
   3.5388000e-02   9.7875080e-01
   3.5785600e-02   9.8003863e-01
   3.6183200e-02   9.8197038e-01
   3.6580800e-02   9.8325821e-01
   3.7376000e-02   9.8583387e-01
   3.7773600e-02   9.8776561e-01
   3.8966400e-02   9.8840953e-01
   4.0556800e-02   9.8905344e-01
   4.3737600e-02   9.8969736e-01
   4.4532800e-02   9.9034127e-01
   4.4930400e-02   9.9098519e-01
   4.6520800e-02   9.9227302e-01
   4.6918400e-02   9.9291693e-01
   4.8111200e-02   9.9356085e-01
   4.9304000e-02   9.9420476e-01
   5.0496800e-02   9.9549259e-01
   5.2087200e-02   9.9613651e-01
   5.2484800e-02   9.9678042e-01
   5.4870400e-02   9.9806825e-01
   6.8389600e-02   9.9871217e-01
   7.1172800e-02   9.9935608e-01
   8.6282400e-02   1.0000000e+00
