   2.5664000e-03   0.0000000e+00
   2.5664000e-03   9.1324201e-04
   3.6664000e-03   4.5662100e-03
   4.0328000e-03   9.1324201e-03
   4.4000000e-03   1.5525114e-02
   4.7664000e-03   2.4657534e-02
   5.1328000e-03   3.4703196e-02
   5.4992000e-03   4.4748858e-02
   5.8664000e-03   5.5707763e-02
   6.2328000e-03   8.4931507e-02
   6.5992000e-03   9.8630137e-02
   6.9664000e-03   1.1872146e-01
   7.3328000e-03   1.4337900e-01
   7.6992000e-03   1.6621005e-01
   8.0656000e-03   1.9086758e-01
   8.4328000e-03   2.1004566e-01
   8.7992000e-03   2.4474886e-01
   9.1656000e-03   2.5662100e-01
   9.5328000e-03   2.7488584e-01
   9.8992000e-03   3.0228311e-01
   1.0265600e-02   3.1598174e-01
   1.0632800e-02   3.3333333e-01
   1.0999200e-02   3.5433790e-01
   1.1365600e-02   3.8173516e-01
   1.1732000e-02   3.9360731e-01
   1.2099200e-02   4.0821918e-01
   1.2465600e-02   4.4748858e-01
   1.2832000e-02   4.5753425e-01
   1.3199200e-02   4.7397260e-01
   1.3565600e-02   4.9406393e-01
   1.3932000e-02   5.0776256e-01
   1.4299200e-02   5.2968037e-01
   1.4665600e-02   5.4246575e-01
   1.5032000e-02   5.7899543e-01
   1.5398400e-02   5.8721461e-01
   1.5765600e-02   5.9634703e-01
   1.6132000e-02   6.0639269e-01
   1.6498400e-02   6.1643836e-01
   1.6865600e-02   6.3013699e-01
   1.7232000e-02   6.4292237e-01
   1.7598400e-02   6.5662100e-01
   1.7965600e-02   6.7031963e-01
   1.8332000e-02   6.7671233e-01
   1.8698400e-02   6.8493151e-01
   1.9064800e-02   6.9223744e-01
   1.9432000e-02   6.9771689e-01
   1.9798400e-02   7.0776256e-01
   2.0164800e-02   7.1689498e-01
   2.0531200e-02   7.2876712e-01
   2.0898400e-02   7.3607306e-01
   2.1264800e-02   7.5616438e-01
   2.1631200e-02   7.6255708e-01
   2.1998400e-02   7.6803653e-01
   2.2364800e-02   7.7534247e-01
   2.2731200e-02   7.7899543e-01
   2.3098400e-02   7.8356164e-01
   2.3464800e-02   7.8721461e-01
   2.3831200e-02   7.8995434e-01
   2.4198400e-02   7.9086758e-01
   2.4564800e-02   7.9726027e-01
   2.4931200e-02   8.0456621e-01
   2.5297600e-02   8.0730594e-01
   2.5664800e-02   8.1278539e-01
   2.6031200e-02   8.1826484e-01
   2.6397600e-02   8.2100457e-01
   2.6764000e-02   8.2374429e-01
   2.7131200e-02   8.2557078e-01
   2.7497600e-02   8.3470320e-01
   2.7864000e-02   8.3835616e-01
   2.8231200e-02   8.4292237e-01
   2.8597600e-02   8.4748858e-01
   2.8964000e-02   8.5205479e-01
   2.9331200e-02   8.5479452e-01
   2.9697600e-02   8.5570776e-01
   3.0064000e-02   8.6027397e-01
   3.0431200e-02   8.6118721e-01
   3.0797600e-02   8.6210046e-01
   3.1164000e-02   8.6666667e-01
   3.1530400e-02   8.6849315e-01
   3.1897600e-02   8.7123288e-01
   3.2264000e-02   8.7488584e-01
   3.2630400e-02   8.7945205e-01
   3.2997600e-02   8.8127854e-01
   3.3364000e-02   8.8219178e-01
   3.3730400e-02   8.9041096e-01
   3.4096800e-02   8.9406393e-01
   3.4464000e-02   8.9863014e-01
   3.4830400e-02   9.0228311e-01
   3.5196800e-02   9.0684932e-01
   3.5564000e-02   9.0958904e-01
   3.5930400e-02   9.1141553e-01
   3.6296800e-02   9.1689498e-01
   3.6664000e-02   9.1872146e-01
   3.7396800e-02   9.2054795e-01
   3.7763200e-02   9.2237443e-01
   3.8130400e-02   9.2694064e-01
   3.8496800e-02   9.2785388e-01
   3.8863200e-02   9.3059361e-01
   3.9596800e-02   9.3242009e-01
   3.9963200e-02   9.3333333e-01
   4.0329600e-02   9.3424658e-01
   4.0696800e-02   9.3515982e-01
   4.1063200e-02   9.3607306e-01
   4.1429600e-02   9.3698630e-01
   4.1796800e-02   9.3972603e-01
   4.2163200e-02   9.4063927e-01
   4.2896800e-02   9.4246575e-01
   4.3629600e-02   9.4337900e-01
   4.3996000e-02   9.4611872e-01
   4.4363200e-02   9.4977169e-01
   4.4729600e-02   9.5342466e-01
   4.5096000e-02   9.5707763e-01
   4.5829600e-02   9.5981735e-01
   4.6196000e-02   9.6164384e-01
   4.6929600e-02   9.6347032e-01
   4.7296000e-02   9.6438356e-01
   4.8029600e-02   9.6621005e-01
   4.8396000e-02   9.6712329e-01
   4.8762400e-02   9.6894977e-01
   5.0228800e-02   9.6986301e-01
   5.0596000e-02   9.7168950e-01
   5.0962400e-02   9.7260274e-01
   5.1328800e-02   9.7534247e-01
   5.1696000e-02   9.7625571e-01
   5.2062400e-02   9.7716895e-01
   5.2428800e-02   9.7899543e-01
   5.3162400e-02   9.7990868e-01
   5.3895200e-02   9.8264840e-01
   5.4628800e-02   9.8356164e-01
   5.5362400e-02   9.8447489e-01
   5.6095200e-02   9.8538813e-01
   5.6828800e-02   9.8630137e-01
   5.7561600e-02   9.8721461e-01
   5.7928800e-02   9.8812785e-01
   5.8661600e-02   9.8904110e-01
   6.0128000e-02   9.8995434e-01
   6.2328000e-02   9.9086758e-01
   6.2694400e-02   9.9269406e-01
   6.4161600e-02   9.9360731e-01
   6.5994400e-02   9.9452055e-01
   6.8560800e-02   9.9634703e-01
   6.9660800e-02   9.9726027e-01
   7.0760800e-02   9.9817352e-01
   7.7360000e-02   9.9908676e-01
   1.0412480e-01   1.0000000e+00
