   4.6096000e-03   0.0000000e+00
   4.6096000e-03   2.9761905e-03
   4.9648000e-03   5.9523810e-03
   5.3192000e-03   8.9285714e-03
   5.6736000e-03   2.0833333e-02
   6.3832000e-03   2.9761905e-02
   7.4472000e-03   3.5714286e-02
   7.8016000e-03   4.7619048e-02
   8.1560000e-03   5.0595238e-02
   8.5104000e-03   5.3571429e-02
   8.8656000e-03   5.9523810e-02
   9.2200000e-03   8.0357143e-02
   9.5744000e-03   8.6309524e-02
   9.9288000e-03   9.2261905e-02
   1.0284000e-02   9.5238095e-02
   1.0638400e-02   1.1309524e-01
   1.1347200e-02   1.3988095e-01
   1.1702400e-02   1.4285714e-01
   1.2056800e-02   1.5178571e-01
   1.2411200e-02   1.5476190e-01
   1.2765600e-02   1.6666667e-01
   1.3120800e-02   1.7559524e-01
   1.3475200e-02   1.8452381e-01
   1.3829600e-02   1.8750000e-01
   1.4184000e-02   1.9345238e-01
   1.4539200e-02   2.1130952e-01
   1.4893600e-02   2.2916667e-01
   1.5248000e-02   2.3809524e-01
   1.5603200e-02   2.5297619e-01
   1.6312000e-02   2.6785714e-01
   1.6666400e-02   2.7678571e-01
   1.7021600e-02   2.8571429e-01
   1.7376000e-02   2.9166667e-01
   1.7730400e-02   2.9761905e-01
   1.8084800e-02   3.0357143e-01
   1.8440000e-02   3.1845238e-01
   1.9148800e-02   3.3035714e-01
   1.9503200e-02   3.3333333e-01
   1.9858400e-02   3.5119048e-01
   2.0212800e-02   3.5714286e-01
   2.0567200e-02   3.6309524e-01
   2.0921600e-02   3.7202381e-01
   2.1276800e-02   3.8095238e-01
   2.1631200e-02   3.8690476e-01
   2.1985600e-02   3.9583333e-01
   2.2340000e-02   3.9880952e-01
   2.2695200e-02   4.0773810e-01
   2.3049600e-02   4.1666667e-01
   2.3404000e-02   4.2559524e-01
   2.3759200e-02   4.3154762e-01
   2.4113600e-02   4.3750000e-01
   2.4468000e-02   4.4642857e-01
   2.4822400e-02   4.4940476e-01
   2.5177600e-02   4.5535714e-01
   2.5532000e-02   4.6726190e-01
   2.5886400e-02   4.7619048e-01
   2.6240800e-02   4.9107143e-01
   2.6596000e-02   4.9404762e-01
   2.6950400e-02   5.0297619e-01
   2.7304800e-02   5.0595238e-01
   2.7660000e-02   5.1488095e-01
   2.8014400e-02   5.1785714e-01
   2.8368800e-02   5.2678571e-01
   2.8723200e-02   5.2976190e-01
   2.9077600e-02   5.4166667e-01
   2.9432800e-02   5.5059524e-01
   2.9787200e-02   5.5654762e-01
   3.0141600e-02   5.5952381e-01
   3.0496800e-02   5.6547619e-01
   3.0851200e-02   5.6845238e-01
   3.1205600e-02   5.7142857e-01
   3.1560000e-02   5.7738095e-01
   3.2624000e-02   5.8928571e-01
   3.2978400e-02   5.9523810e-01
   3.3333600e-02   5.9821429e-01
   3.3688000e-02   6.0119048e-01
   3.4396800e-02   6.0714286e-01
   3.4752000e-02   6.1011905e-01
   3.5106400e-02   6.1607143e-01
   3.5460800e-02   6.2797619e-01
   3.5815200e-02   6.3095238e-01
   3.6170400e-02   6.3392857e-01
   3.6524800e-02   6.4285714e-01
   3.7234400e-02   6.5178571e-01
   3.7588800e-02   6.6071429e-01
   3.7943200e-02   6.6666667e-01
   3.8297600e-02   6.7261905e-01
   3.9007200e-02   6.8154762e-01
   3.9716000e-02   6.9345238e-01
   4.0071200e-02   7.0238095e-01
   4.0425600e-02   7.0535714e-01
   4.0780000e-02   7.1428571e-01
   4.1489600e-02   7.2619048e-01
   4.2198400e-02   7.2916667e-01
   4.2553600e-02   7.3511905e-01
   4.2908000e-02   7.4404762e-01
   4.3616800e-02   7.5297619e-01
   4.3971200e-02   7.5595238e-01
   4.4326400e-02   7.6190476e-01
   4.4680800e-02   7.6785714e-01
   4.5035200e-02   7.7083333e-01
   4.5390400e-02   7.7380952e-01
   4.5744800e-02   7.7678571e-01
   4.6099200e-02   7.8273810e-01
   4.7163200e-02   7.8869048e-01
   4.7517600e-02   7.9166667e-01
   4.7872000e-02   7.9464286e-01
   4.8227200e-02   7.9761905e-01
   4.9291200e-02   8.0357143e-01
   5.0000000e-02   8.0654762e-01
   5.0354400e-02   8.0952381e-01
   5.0708800e-02   8.1250000e-01
   5.1418400e-02   8.1845238e-01
   5.1772800e-02   8.2142857e-01
   5.2836800e-02   8.2440476e-01
   5.3191200e-02   8.2738095e-01
   5.4255200e-02   8.3333333e-01
   5.4964800e-02   8.3928571e-01
   5.5319200e-02   8.4226190e-01
   5.5673600e-02   8.5119048e-01
   5.6383200e-02   8.5416667e-01
   5.7446400e-02   8.6011905e-01
   5.7801600e-02   8.6309524e-01
   5.8865600e-02   8.6607143e-01
   5.9574400e-02   8.6904762e-01
   6.0284000e-02   8.7202381e-01
   6.1347200e-02   8.7500000e-01
   6.2411200e-02   8.7797619e-01
   6.2765600e-02   8.8095238e-01
   6.3475200e-02   8.8392857e-01
   6.3829600e-02   8.8690476e-01
   6.4184000e-02   8.9285714e-01
   6.4539200e-02   8.9583333e-01
   6.7021600e-02   8.9880952e-01
   6.7376000e-02   9.0178571e-01
   6.7730400e-02   9.0476190e-01
   6.8440000e-02   9.0773810e-01
   7.0567200e-02   9.1071429e-01
   7.1276800e-02   9.1369048e-01
   7.4822400e-02   9.1666667e-01
   7.5532000e-02   9.2261905e-01
   7.6240800e-02   9.2559524e-01
   7.8014400e-02   9.2857143e-01
   7.8368800e-02   9.3154762e-01
   7.9787200e-02   9.3452381e-01
   8.0496800e-02   9.3750000e-01
   8.2269600e-02   9.4047619e-01
   8.2624000e-02   9.4345238e-01
   8.4396800e-02   9.4642857e-01
   8.4752000e-02   9.4940476e-01
   8.5460800e-02   9.5238095e-01
   8.5816000e-02   9.5535714e-01
   8.6879200e-02   9.6130952e-01
   8.7943200e-02   9.6428571e-01
   8.9361600e-02   9.6726190e-01
   9.0425600e-02   9.7023810e-01
   9.1489600e-02   9.7321429e-01
   9.1844000e-02   9.7619048e-01
   9.2552800e-02   9.7916667e-01
   9.3616800e-02   9.8214286e-01
   9.5390400e-02   9.8511905e-01
   1.0212800e-01   9.8809524e-01
   1.0248240e-01   9.9107143e-01
   1.3829760e-01   9.9404762e-01
   1.5319120e-01   9.9702381e-01
   1.7978720e-01   1.0000000e+00
