   3.6320000e-03   0.0000000e+00
   3.6320000e-03   3.4602076e-03
   4.5400000e-03   6.9204152e-03
   4.9944000e-03   1.0380623e-02
   5.4480000e-03   2.0761246e-02
   5.9024000e-03   3.4602076e-02
   6.3568000e-03   5.1903114e-02
   6.8104000e-03   6.5743945e-02
   7.2648000e-03   8.9965398e-02
   7.7184000e-03   1.0726644e-01
   8.1728000e-03   1.1764706e-01
   8.6264000e-03   1.4878893e-01
   9.0808000e-03   1.6262976e-01
   9.5344000e-03   1.9723183e-01
   9.9888000e-03   2.1453287e-01
   1.0442400e-02   2.3183391e-01
   1.0896800e-02   2.5951557e-01
   1.1350400e-02   2.7681661e-01
   1.1804800e-02   3.0103806e-01
   1.2259200e-02   3.2871972e-01
   1.2712800e-02   3.4602076e-01
   1.3167200e-02   3.6332180e-01
   1.3620800e-02   3.7716263e-01
   1.4075200e-02   3.9446367e-01
   1.4528800e-02   4.2214533e-01
   1.4983200e-02   4.3598616e-01
   1.5436800e-02   4.6020761e-01
   1.5891200e-02   4.7058824e-01
   1.6344800e-02   4.9826990e-01
   1.6799200e-02   5.1557093e-01
   1.7707200e-02   5.2249135e-01
   1.8160800e-02   5.3287197e-01
   1.8615200e-02   5.3633218e-01
   1.9069600e-02   5.5017301e-01
   1.9523200e-02   5.6401384e-01
   1.9977600e-02   5.7093426e-01
   2.0431200e-02   5.7439446e-01
   2.0885600e-02   5.8477509e-01
   2.1339200e-02   5.9169550e-01
   2.1793600e-02   6.0207612e-01
   2.2247200e-02   6.0899654e-01
   2.2701600e-02   6.2283737e-01
   2.3155200e-02   6.2975779e-01
   2.3609600e-02   6.3321799e-01
   2.4063200e-02   6.4013841e-01
   2.4517600e-02   6.5397924e-01
   2.4971200e-02   6.6782007e-01
   2.5425600e-02   6.7128028e-01
   2.5880000e-02   6.8512111e-01
   2.6333600e-02   6.9896194e-01
   2.7241600e-02   7.0242215e-01
   2.7696000e-02   7.1626298e-01
   2.8149600e-02   7.3010381e-01
   2.8604000e-02   7.3356401e-01
   2.9057600e-02   7.3702422e-01
   2.9512000e-02   7.4394464e-01
   3.0420000e-02   7.4740484e-01
   3.0874400e-02   7.5086505e-01
   3.1328000e-02   7.6124567e-01
   3.1782400e-02   7.6470588e-01
   3.2236000e-02   7.6816609e-01
   3.2690400e-02   7.7162630e-01
   3.3144000e-02   7.7508651e-01
   3.3598400e-02   7.8546713e-01
   3.4052000e-02   7.8892734e-01
   3.4506400e-02   7.9930796e-01
   3.4960000e-02   8.0622837e-01
   3.5414400e-02   8.0968858e-01
   3.6776000e-02   8.1314879e-01
   3.7684800e-02   8.2006920e-01
   3.8138400e-02   8.2698962e-01
   3.9500800e-02   8.3044983e-01
   4.0408800e-02   8.3391003e-01
   4.0862400e-02   8.4429066e-01
   4.1316800e-02   8.4775087e-01
   4.1770400e-02   8.5121107e-01
   4.2224800e-02   8.5813149e-01
   4.3132800e-02   8.6851211e-01
   4.4948800e-02   8.7197232e-01
   4.5403200e-02   8.7889273e-01
   4.5856800e-02   8.9273356e-01
   4.6311200e-02   8.9619377e-01
   4.7219200e-02   8.9965398e-01
   5.1759200e-02   9.0311419e-01
   5.3575200e-02   9.0657439e-01
   5.4029600e-02   9.1349481e-01
   5.6300000e-02   9.1695502e-01
   5.9477600e-02   9.2041522e-01
   6.0840000e-02   9.2387543e-01
   6.2202400e-02   9.2733564e-01
   6.2656000e-02   9.3079585e-01
   6.4472000e-02   9.3425606e-01
   6.6288000e-02   9.3771626e-01
   6.7650400e-02   9.4117647e-01
   7.0828800e-02   9.4463668e-01
   7.1736800e-02   9.4809689e-01
   7.5368800e-02   9.5155709e-01
   7.6731200e-02   9.5501730e-01
   7.7184800e-02   9.5847751e-01
   7.9455200e-02   9.6193772e-01
   8.8081600e-02   9.6539792e-01
   9.1713600e-02   9.6885813e-01
   1.0261040e-01   9.7231834e-01
   1.0851280e-01   9.7577855e-01
   1.1123760e-01   9.7923875e-01
   1.1940960e-01   9.8269896e-01
   1.2304160e-01   9.8615917e-01
   1.4755920e-01   9.8961938e-01
   1.7253120e-01   9.9307958e-01
   1.9614080e-01   9.9653979e-01
   3.0056720e-01   1.0000000e+00
