   2.6616000e-03   0.0000000e+00
   2.6616000e-03   1.8656716e-03
   3.0416000e-03   3.7313433e-03
   3.4224000e-03   6.5298507e-03
   3.8024000e-03   2.3320896e-02
   4.1824000e-03   2.9850746e-02
   4.5624000e-03   3.4514925e-02
   4.9432000e-03   5.6902985e-02
   5.3232000e-03   6.2500000e-02
   5.7032000e-03   8.7686567e-02
   6.0840000e-03   1.0820896e-01
   6.4640000e-03   1.3152985e-01
   6.8440000e-03   1.5205224e-01
   7.2240000e-03   1.6697761e-01
   7.6048000e-03   2.1082090e-01
   7.9848000e-03   2.3227612e-01
   8.3648000e-03   2.4720149e-01
   8.7456000e-03   3.1250000e-01
   9.1256000e-03   3.3115672e-01
   9.5056000e-03   3.5727612e-01
   9.8856000e-03   3.8246269e-01
   1.0266400e-02   4.0298507e-01
   1.0646400e-02   4.1977612e-01
   1.1026400e-02   4.4029851e-01
   1.1407200e-02   4.5708955e-01
   1.1787200e-02   4.7574627e-01
   1.2167200e-02   4.8787313e-01
   1.2547200e-02   5.1585821e-01
   1.2928000e-02   5.2332090e-01
   1.3308000e-02   5.3264925e-01
   1.3688000e-02   5.6156716e-01
   1.4068800e-02   5.7089552e-01
   1.4448800e-02   5.8768657e-01
   1.4828800e-02   6.1007463e-01
   1.5208800e-02   6.2313433e-01
   1.5589600e-02   6.3432836e-01
   1.5969600e-02   6.4365672e-01
   1.6349600e-02   6.5391791e-01
   1.6730400e-02   6.6138060e-01
   1.7110400e-02   6.6884328e-01
   1.7490400e-02   6.8563433e-01
   1.7870400e-02   6.8936567e-01
   1.8251200e-02   6.9682836e-01
   1.8631200e-02   7.0429104e-01
   1.9011200e-02   7.1548507e-01
   1.9392000e-02   7.2667910e-01
   1.9772000e-02   7.3973881e-01
   2.0152000e-02   7.4906716e-01
   2.0532000e-02   7.5932836e-01
   2.0912800e-02   7.6399254e-01
   2.1292800e-02   7.7705224e-01
   2.1672800e-02   7.8078358e-01
   2.2053600e-02   7.8358209e-01
   2.2433600e-02   7.9011194e-01
   2.2813600e-02   7.9664179e-01
   2.3193600e-02   8.0130597e-01
   2.3574400e-02   8.0503731e-01
   2.3954400e-02   8.1063433e-01
   2.4334400e-02   8.1716418e-01
   2.4715200e-02   8.1902985e-01
   2.5095200e-02   8.2369403e-01
   2.5475200e-02   8.2649254e-01
   2.5855200e-02   8.2742537e-01
   2.6236000e-02   8.3208955e-01
   2.6616000e-02   8.3488806e-01
   2.6996000e-02   8.4141791e-01
   2.7376800e-02   8.4981343e-01
   2.7756800e-02   8.5261194e-01
   2.8136800e-02   8.5820896e-01
   2.8516800e-02   8.6100746e-01
   2.8897600e-02   8.6847015e-01
   2.9277600e-02   8.7406716e-01
   2.9657600e-02   8.7593284e-01
   3.0037600e-02   8.8246269e-01
   3.0798400e-02   8.8619403e-01
   3.1178400e-02   8.9179104e-01
   3.2319200e-02   8.9552239e-01
   3.2700000e-02   8.9832090e-01
   3.3080000e-02   9.0018657e-01
   3.3460000e-02   9.0205224e-01
   3.3840000e-02   9.1231343e-01
   3.4220800e-02   9.1324627e-01
   3.4600800e-02   9.1604478e-01
   3.4980800e-02   9.1884328e-01
   3.5360800e-02   9.2070896e-01
   3.5741600e-02   9.2537313e-01
   3.6121600e-02   9.3283582e-01
   3.6501600e-02   9.3376866e-01
   3.6882400e-02   9.3470149e-01
   3.7642400e-02   9.3563433e-01
   3.8403200e-02   9.3936567e-01
   3.8783200e-02   9.4029851e-01
   3.9163200e-02   9.4216418e-01
   3.9544000e-02   9.4309701e-01
   3.9924000e-02   9.4589552e-01
   4.2205600e-02   9.4962687e-01
   4.2585600e-02   9.5055970e-01
   4.3346400e-02   9.5242537e-01
   4.3726400e-02   9.5335821e-01
   4.4106400e-02   9.5522388e-01
   4.4486400e-02   9.5615672e-01
   4.5247200e-02   9.5708955e-01
   4.6768000e-02   9.5802239e-01
   4.7148000e-02   9.5895522e-01
   4.7528800e-02   9.5988806e-01
   4.7908800e-02   9.6082090e-01
   4.9049600e-02   9.6175373e-01
   5.0190400e-02   9.6268657e-01
   5.0570400e-02   9.6361940e-01
   5.0950400e-02   9.6455224e-01
   5.1330400e-02   9.6641791e-01
   5.2091200e-02   9.6828358e-01
   5.2471200e-02   9.6921642e-01
   5.2852000e-02   9.7014925e-01
   5.3232000e-02   9.7108209e-01
   5.3612000e-02   9.7388060e-01
   5.4372800e-02   9.7481343e-01
   5.5132800e-02   9.7574627e-01
   5.6273600e-02   9.7667910e-01
   5.7794400e-02   9.7761194e-01
   5.9696000e-02   9.7854478e-01
   6.0456000e-02   9.8041045e-01
   6.6920000e-02   9.8227612e-01
   6.8821600e-02   9.8320896e-01
   6.9581600e-02   9.8414179e-01
   6.9962400e-02   9.8600746e-01
   7.0722400e-02   9.8694030e-01
   7.1102400e-02   9.8880597e-01
   7.1863200e-02   9.8973881e-01
   7.2623200e-02   9.9067164e-01
   7.3004000e-02   9.9160448e-01
   7.8327200e-02   9.9253731e-01
   8.4791200e-02   9.9347015e-01
   8.8592800e-02   9.9440299e-01
   8.9353600e-02   9.9533582e-01
   9.6197600e-02   9.9626866e-01
   1.0190080e-01   9.9720149e-01
   1.0494320e-01   9.9906716e-01
   1.4486720e-01   1.0000000e+00
