   2.5616000e-03   0.0000000e+00
   2.5616000e-03   1.5527950e-03
   3.4152000e-03   1.2422360e-02
   3.8424000e-03   2.0186335e-02
   4.2688000e-03   3.4161491e-02
   4.6960000e-03   5.5900621e-02
   5.1224000e-03   8.0745342e-02
   5.5496000e-03   1.1490683e-01
   5.9768000e-03   1.4906832e-01
   6.4032000e-03   1.7701863e-01
   6.8304000e-03   2.1583851e-01
   7.2568000e-03   2.3291925e-01
   7.6840000e-03   2.5000000e-01
   8.1112000e-03   2.9037267e-01
   8.5376000e-03   3.1211180e-01
   8.9648000e-03   3.3385093e-01
   9.3920000e-03   3.5248447e-01
   9.8184000e-03   3.6180124e-01
   1.0245600e-02   3.7267081e-01
   1.0672000e-02   3.7888199e-01
   1.1099200e-02   3.8819876e-01
   1.1526400e-02   4.0838509e-01
   1.1952800e-02   4.2391304e-01
   1.2380000e-02   4.4409938e-01
   1.2806400e-02   4.5341615e-01
   1.3233600e-02   4.6739130e-01
   1.3660800e-02   4.9223602e-01
   1.4087200e-02   5.0465839e-01
   1.4514400e-02   5.1552795e-01
   1.4941600e-02   5.2795031e-01
   1.5368000e-02   5.3726708e-01
   1.5795200e-02   5.4347826e-01
   1.6222400e-02   5.5434783e-01
   1.6648800e-02   5.6366460e-01
   1.7076000e-02   5.7453416e-01
   1.7502400e-02   5.8074534e-01
   1.7929600e-02   5.8695652e-01
   1.8356800e-02   5.9161491e-01
   1.8783200e-02   5.9627329e-01
   1.9210400e-02   6.0403727e-01
   1.9636800e-02   6.1801242e-01
   2.0064000e-02   6.1956522e-01
   2.0491200e-02   6.2732919e-01
   2.0917600e-02   6.3664596e-01
   2.1344800e-02   6.4440994e-01
   2.1771200e-02   6.5372671e-01
   2.2198400e-02   6.5683230e-01
   2.2625600e-02   6.6304348e-01
   2.3052000e-02   6.6925466e-01
   2.3479200e-02   6.7236025e-01
   2.3906400e-02   6.8478261e-01
   2.4332800e-02   6.8944099e-01
   2.4760000e-02   6.9875776e-01
   2.5186400e-02   7.0341615e-01
   2.5613600e-02   7.0807453e-01
   2.6040800e-02   7.1739130e-01
   2.6467200e-02   7.2360248e-01
   2.6894400e-02   7.2515528e-01
   2.7321600e-02   7.2826087e-01
   2.7748000e-02   7.3291925e-01
   2.8175200e-02   7.3757764e-01
   2.8601600e-02   7.4068323e-01
   2.9028800e-02   7.5000000e-01
   2.9456000e-02   7.5931677e-01
   2.9882400e-02   7.6397516e-01
   3.0309600e-02   7.6552795e-01
   3.0736800e-02   7.6863354e-01
   3.1163200e-02   7.7484472e-01
   3.1590400e-02   7.7950311e-01
   3.2016800e-02   7.8260870e-01
   3.2444000e-02   7.8571429e-01
   3.2871200e-02   7.9347826e-01
   3.3297600e-02   7.9658385e-01
   3.3724800e-02   8.0590062e-01
   3.4151200e-02   8.0745342e-01
   3.4578400e-02   8.0900621e-01
   3.5005600e-02   8.1055901e-01
   3.5432000e-02   8.1366460e-01
   3.6286400e-02   8.1521739e-01
   3.6712800e-02   8.1832298e-01
   3.7140000e-02   8.2142857e-01
   3.7566400e-02   8.2298137e-01
   3.8420800e-02   8.2453416e-01
   3.9274400e-02   8.2763975e-01
   3.9700800e-02   8.3229814e-01
   4.0128000e-02   8.3540373e-01
   4.0555200e-02   8.4006211e-01
   4.0981600e-02   8.4316770e-01
   4.1408800e-02   8.4627329e-01
   4.2262400e-02   8.4937888e-01
   4.2689600e-02   8.5093168e-01
   4.3970400e-02   8.5248447e-01
   4.4824000e-02   8.5559006e-01
   4.5251200e-02   8.6180124e-01
   4.5677600e-02   8.6490683e-01
   4.6104800e-02   8.6956522e-01
   4.6531200e-02   8.7888199e-01
   4.6958400e-02   8.8198758e-01
   4.7385600e-02   8.8509317e-01
   4.7812000e-02   8.8664596e-01
   4.9092800e-02   8.8975155e-01
   4.9946400e-02   8.9130435e-01
   5.0373600e-02   8.9285714e-01
   5.1227200e-02   8.9751553e-01
   5.2935200e-02   8.9906832e-01
   5.4215200e-02   9.0062112e-01
   5.4642400e-02   9.0217391e-01
   5.5496000e-02   9.0527950e-01
   5.6776800e-02   9.0993789e-01
   5.7204000e-02   9.1459627e-01
   5.7630400e-02   9.1770186e-01
   5.9764800e-02   9.1925466e-01
   6.1900000e-02   9.2236025e-01
   6.3180800e-02   9.2391304e-01
   6.3607200e-02   9.2857143e-01
   6.4034400e-02   9.3167702e-01
   6.4888000e-02   9.3322981e-01
   6.5741600e-02   9.3478261e-01
   6.6595200e-02   9.3633540e-01
   6.7449600e-02   9.3788820e-01
   6.9584000e-02   9.4099379e-01
   7.0010400e-02   9.4254658e-01
   7.2144800e-02   9.4409938e-01
   7.2999200e-02   9.4720497e-01
   7.3852800e-02   9.5031056e-01
   7.7694400e-02   9.5186335e-01
   7.8975200e-02   9.5341615e-01
   8.0256000e-02   9.5496894e-01
   8.0683200e-02   9.5652174e-01
   8.1109600e-02   9.5807453e-01
   8.1536800e-02   9.5962733e-01
   8.1964000e-02   9.6118012e-01
   8.4524800e-02   9.6273292e-01
   8.5805600e-02   9.6428571e-01
   8.6659200e-02   9.6583851e-01
   8.9220800e-02   9.6739130e-01
   9.2636000e-02   9.6894410e-01
   9.3916800e-02   9.7049689e-01
   9.7759200e-02   9.7204969e-01
   9.9039200e-02   9.7360248e-01
   1.0928480e-01   9.7515528e-01
   1.1739600e-01   9.7670807e-01
   1.2123760e-01   9.7826087e-01
   1.2977600e-01   9.7981366e-01
   1.3319120e-01   9.8136646e-01
   1.3361760e-01   9.8291925e-01
   1.3703280e-01   9.8447205e-01
   1.3746000e-01   9.8602484e-01
   1.4087520e-01   9.8757764e-01
   1.4130240e-01   9.8913043e-01
   1.4172880e-01   9.9068323e-01
   1.4642480e-01   9.9223602e-01
   1.4685200e-01   9.9378882e-01
   1.5667040e-01   9.9534161e-01
   1.7502640e-01   9.9689441e-01
   1.9637120e-01   9.9844720e-01
   2.0064000e-01   1.0000000e+00
