   4.8679396e-03   0.0000000e+00
   4.8679396e-03   1.6977929e-03
   5.4349850e-03   3.3955857e-03
   5.6317982e-03   5.0933786e-03
   5.7168789e-03   8.4889643e-03
   6.0046979e-03   1.0186757e-02
   6.6567112e-03   1.1884550e-02
   6.7714482e-03   1.3582343e-02
   6.8418373e-03   1.5280136e-02
   6.9054686e-03   1.6977929e-02
   7.1299520e-03   1.8675722e-02
   7.1353865e-03   2.0373514e-02
   7.3423497e-03   2.2071307e-02
   7.4806085e-03   2.5466893e-02
   7.6982410e-03   3.0560272e-02
   7.7168845e-03   3.2258065e-02
   7.7407979e-03   3.7351443e-02
   8.0425437e-03   3.9049236e-02
   8.0613177e-03   4.0747029e-02
   8.0755844e-03   4.2444822e-02
   8.1196723e-03   4.4142615e-02
   8.2463325e-03   4.7538200e-02
   8.2679221e-03   4.9235993e-02
   8.3155638e-03   5.0933786e-02
   8.4863391e-03   5.2631579e-02
   8.5756970e-03   5.6027165e-02
   8.6291456e-03   5.7724958e-02
   8.6314204e-03   5.9422750e-02
   8.6736657e-03   6.1120543e-02
   8.8693582e-03   6.6213922e-02
   8.8903781e-03   6.7911715e-02
   8.9949836e-03   7.1307301e-02
   8.9967185e-03   7.4702886e-02
   9.1585533e-03   7.6400679e-02
   9.1850586e-03   7.8098472e-02
   9.2065602e-03   8.3191851e-02
   9.3249521e-03   8.4889643e-02
   9.4090166e-03   8.6587436e-02
   9.4340890e-03   8.8285229e-02
   9.4536957e-03   8.9983022e-02
   9.4657819e-03   9.1680815e-02
   9.4763397e-03   9.3378608e-02
   9.5316206e-03   9.8471986e-02
   9.6576575e-03   1.0016978e-01
   9.7174620e-03   1.0356537e-01
   9.7326237e-03   1.1375212e-01
   9.7357444e-03   1.1544992e-01
   9.8646817e-03   1.1714771e-01
   9.9295915e-03   1.1884550e-01
   9.9801706e-03   1.2054329e-01
   1.0006874e-02   1.2393888e-01
   1.0007547e-02   1.2563667e-01
   1.0040668e-02   1.2733447e-01
   1.0104890e-02   1.3073005e-01
   1.0127055e-02   1.3242784e-01
   1.0302976e-02   1.3412564e-01
   1.0307378e-02   1.3752122e-01
   1.0334514e-02   1.3921902e-01
   1.0357372e-02   1.4261460e-01
   1.0551758e-02   1.4431239e-01
   1.0577015e-02   1.4601019e-01
   1.0580666e-02   1.4940577e-01
   1.0597151e-02   1.5110357e-01
   1.0616129e-02   1.5280136e-01
   1.0673149e-02   1.5619694e-01
   1.0681801e-02   1.5789474e-01
   1.0870476e-02   1.5959253e-01
   1.0904452e-02   1.6129032e-01
   1.0910814e-02   1.6638370e-01
   1.1169950e-02   1.6808149e-01
   1.1191064e-02   1.6977929e-01
   1.1262490e-02   1.7317487e-01
   1.1433217e-02   1.7487267e-01
   1.1449080e-02   1.7657046e-01
   1.1473767e-02   1.7826825e-01
   1.1508184e-02   1.8336163e-01
   1.1537447e-02   1.8505942e-01
   1.1620752e-02   1.8675722e-01
   1.1625377e-02   1.8845501e-01
   1.1718318e-02   1.9015280e-01
   1.1766566e-02   1.9185059e-01
   1.1832404e-02   1.9524618e-01
   1.2006176e-02   1.9694397e-01
   1.2031047e-02   1.9864177e-01
   1.2046269e-02   2.0373514e-01
   1.2083856e-02   2.0713073e-01
   1.2095440e-02   2.0882852e-01
   1.2229321e-02   2.1052632e-01
   1.2302302e-02   2.1222411e-01
   1.2303894e-02   2.1392190e-01
   1.2344664e-02   2.1561969e-01
   1.2363986e-02   2.1731749e-01
   1.2499924e-02   2.1901528e-01
   1.2558202e-02   2.2071307e-01
   1.2603606e-02   2.2750424e-01
   1.2606114e-02   2.3089983e-01
   1.2655622e-02   2.3429542e-01
   1.2658996e-02   2.3599321e-01
   1.2732805e-02   2.3769100e-01
   1.2739666e-02   2.3938879e-01
   1.2836012e-02   2.4278438e-01
   1.2861316e-02   2.4787776e-01
   1.2963276e-02   2.4957555e-01
   1.2971446e-02   2.5127334e-01
   1.3180677e-02   2.5297114e-01
   1.3216487e-02   2.5466893e-01
   1.3234668e-02   2.5976231e-01
   1.3330016e-02   2.6315789e-01
   1.3433019e-02   2.6485569e-01
   1.3440706e-02   2.6825127e-01
   1.3450559e-02   2.6994907e-01
   1.3491723e-02   2.7164686e-01
   1.3713819e-02   2.7334465e-01
   1.3755845e-02   2.7504244e-01
   1.3762688e-02   2.7674024e-01
   1.3809808e-02   2.7843803e-01
   1.3887952e-02   2.8183362e-01
   1.4037948e-02   2.8353141e-01
   1.4133461e-02   2.8522920e-01
   1.4164040e-02   2.8862479e-01
   1.4330497e-02   2.9032258e-01
   1.4342249e-02   2.9202037e-01
   1.4385480e-02   2.9371817e-01
   1.4403100e-02   2.9541596e-01
   1.4642646e-02   2.9711375e-01
   1.4709621e-02   2.9881154e-01
   1.4823790e-02   3.0050934e-01
   1.4872384e-02   3.0220713e-01
   1.4905742e-02   3.0560272e-01
   1.5038666e-02   3.0730051e-01
   1.5149584e-02   3.0899830e-01
   1.5150862e-02   3.1069610e-01
   1.5173389e-02   3.1239389e-01
   1.5213047e-02   3.1409168e-01
   1.5218806e-02   3.1578947e-01
   1.5256540e-02   3.1748727e-01
   1.5284054e-02   3.1918506e-01
   1.5481042e-02   3.2088285e-01
   1.5720442e-02   3.2258065e-01
   1.5763680e-02   3.2427844e-01
   1.5915730e-02   3.2597623e-01
   1.5938761e-02   3.2767402e-01
   1.5946595e-02   3.3106961e-01
   1.5965948e-02   3.3276740e-01
   1.6037875e-02   3.3446520e-01
   1.6284474e-02   3.3616299e-01
   1.6322496e-02   3.3786078e-01
   1.6385148e-02   3.3955857e-01
   1.6400559e-02   3.4125637e-01
   1.6434797e-02   3.4295416e-01
   1.6470947e-02   3.4634975e-01
   1.6498492e-02   3.4804754e-01
   1.6581080e-02   3.4974533e-01
   1.6626587e-02   3.5314092e-01
   1.6687701e-02   3.5483871e-01
   1.6858750e-02   3.5653650e-01
   1.6874223e-02   3.5823430e-01
   1.6905475e-02   3.5993209e-01
   1.6956840e-02   3.6162988e-01
   1.6972678e-02   3.6502547e-01
   1.7091749e-02   3.6672326e-01
   1.7105679e-02   3.6842105e-01
   1.7151394e-02   3.7011885e-01
   1.7200170e-02   3.7181664e-01
   1.7256408e-02   3.7351443e-01
   1.7262841e-02   3.7521222e-01
   1.7306568e-02   3.7691002e-01
   1.7338652e-02   3.7860781e-01
   1.7520081e-02   3.8030560e-01
   1.7721012e-02   3.8200340e-01
   1.7797323e-02   3.8539898e-01
   1.7894413e-02   3.8709677e-01
   1.7989559e-02   3.8879457e-01
   1.8047416e-02   3.9049236e-01
   1.8095143e-02   3.9219015e-01
   1.8161524e-02   3.9388795e-01
   1.8171920e-02   3.9558574e-01
   1.8317107e-02   3.9728353e-01
   1.8347246e-02   3.9898132e-01
   1.8515168e-02   4.0067912e-01
   1.8621914e-02   4.0237691e-01
   1.8670751e-02   4.0577250e-01
   1.8769895e-02   4.0916808e-01
   1.8777911e-02   4.1086587e-01
   1.8817578e-02   4.1256367e-01
   1.8868762e-02   4.1426146e-01
   1.8876043e-02   4.1595925e-01
   1.9099328e-02   4.1765705e-01
   1.9196452e-02   4.1935484e-01
   1.9263908e-02   4.2105263e-01
   1.9309460e-02   4.2275042e-01
   1.9313382e-02   4.2444822e-01
   1.9389069e-02   4.2614601e-01
   1.9564465e-02   4.2784380e-01
   1.9639166e-02   4.2954160e-01
   1.9729860e-02   4.3123939e-01
   1.9771581e-02   4.3463497e-01
   1.9871200e-02   4.3633277e-01
   1.9970020e-02   4.3803056e-01
   2.0006156e-02   4.3972835e-01
   2.0068417e-02   4.4142615e-01
   2.0075223e-02   4.4312394e-01
   2.0304573e-02   4.4482173e-01
   2.0450585e-02   4.4651952e-01
   2.0588157e-02   4.4821732e-01
   2.0607210e-02   4.4991511e-01
   2.0642644e-02   4.5161290e-01
   2.0715276e-02   4.5331070e-01
   2.0805785e-02   4.5500849e-01
   2.0878840e-02   4.5670628e-01
   2.1101774e-02   4.5840407e-01
   2.1154030e-02   4.6010187e-01
   2.1161912e-02   4.6179966e-01
   2.1363603e-02   4.6349745e-01
   2.1435730e-02   4.6519525e-01
   2.1453153e-02   4.6689304e-01
   2.1460714e-02   4.6859083e-01
   2.1496034e-02   4.7028862e-01
   2.1570657e-02   4.7198642e-01
   2.1745375e-02   4.7368421e-01
   2.1794624e-02   4.7538200e-01
   2.1807188e-02   4.7707980e-01
   2.1939396e-02   4.7877759e-01
   2.2028011e-02   4.8047538e-01
   2.2294275e-02   4.8217317e-01
   2.2294845e-02   4.8387097e-01
   2.2602408e-02   4.8556876e-01
   2.2693397e-02   4.8726655e-01
   2.2704696e-02   4.8896435e-01
   2.2758061e-02   4.9066214e-01
   2.2887816e-02   4.9235993e-01
   2.3016900e-02   4.9405772e-01
   2.3150119e-02   4.9575552e-01
   2.3221263e-02   4.9745331e-01
   2.3455983e-02   4.9915110e-01
   2.3512009e-02   5.0084890e-01
   2.3564971e-02   5.0254669e-01
   2.3586034e-02   5.0424448e-01
   2.3592040e-02   5.0594228e-01
   2.4087474e-02   5.0764007e-01
   2.4247699e-02   5.0933786e-01
   2.4371330e-02   5.1103565e-01
   2.4437599e-02   5.1273345e-01
   2.4793535e-02   5.1443124e-01
   2.4918812e-02   5.1612903e-01
   2.5103164e-02   5.1782683e-01
   2.5119932e-02   5.1952462e-01
   2.5161653e-02   5.2122241e-01
   2.5310591e-02   5.2292020e-01
   2.5665434e-02   5.2461800e-01
   2.5730970e-02   5.2631579e-01
   2.6312241e-02   5.2971138e-01
   2.6339774e-02   5.3140917e-01
   2.6600410e-02   5.3310696e-01
   2.6659362e-02   5.3480475e-01
   2.6888069e-02   5.3650255e-01
   2.6960839e-02   5.3820034e-01
   2.7048186e-02   5.3989813e-01
   2.7117486e-02   5.4159593e-01
   2.7157460e-02   5.4329372e-01
   2.7174512e-02   5.4668930e-01
   2.7201363e-02   5.4838710e-01
   2.7555543e-02   5.5008489e-01
   2.7722479e-02   5.5178268e-01
   2.7748662e-02   5.5348048e-01
   2.7779643e-02   5.5517827e-01
   2.7867336e-02   5.5687606e-01
   2.7996773e-02   5.5857385e-01
   2.8321884e-02   5.6027165e-01
   2.8580221e-02   5.6196944e-01
   2.8895862e-02   5.6366723e-01
   2.9051185e-02   5.6536503e-01
   2.9156191e-02   5.6706282e-01
   2.9259472e-02   5.6876061e-01
   2.9524950e-02   5.7045840e-01
   2.9547656e-02   5.7215620e-01
   2.9647579e-02   5.7385399e-01
   2.9668838e-02   5.7555178e-01
   2.9729717e-02   5.7724958e-01
   2.9817421e-02   5.7894737e-01
   2.9921837e-02   5.8064516e-01
   2.9933008e-02   5.8234295e-01
   3.0010877e-02   5.8404075e-01
   3.0042720e-02   5.8573854e-01
   3.0075094e-02   5.8743633e-01
   3.0122551e-02   5.8913413e-01
   3.0380741e-02   5.9083192e-01
   3.0506903e-02   5.9252971e-01
   3.0743486e-02   5.9422750e-01
   3.0896036e-02   5.9592530e-01
   3.1098384e-02   5.9762309e-01
   3.1271455e-02   5.9932088e-01
   3.1394716e-02   6.0101868e-01
   3.1603605e-02   6.0271647e-01
   3.1647267e-02   6.0441426e-01
   3.1655322e-02   6.0780985e-01
   3.1660813e-02   6.0950764e-01
   3.1903975e-02   6.1120543e-01
   3.2031924e-02   6.1290323e-01
   3.2046112e-02   6.1460102e-01
   3.2223460e-02   6.1629881e-01
   3.2343379e-02   6.1799660e-01
   3.2377680e-02   6.1969440e-01
   3.2568315e-02   6.2139219e-01
   3.2652101e-02   6.2308998e-01
   3.2707706e-02   6.2478778e-01
   3.3041766e-02   6.2648557e-01
   3.3150490e-02   6.2818336e-01
   3.3262479e-02   6.2988115e-01
   3.3282823e-02   6.3327674e-01
   3.3374272e-02   6.3497453e-01
   3.3477139e-02   6.3667233e-01
   3.3527413e-02   6.3837012e-01
   3.3616657e-02   6.4006791e-01
   3.3651560e-02   6.4176570e-01
   3.3727466e-02   6.4346350e-01
   3.3794843e-02   6.4516129e-01
   3.3857452e-02   6.4685908e-01
   3.3945356e-02   6.4855688e-01
   3.3998465e-02   6.5025467e-01
   3.4910670e-02   6.5195246e-01
   3.4923365e-02   6.5365025e-01
   3.5205061e-02   6.5534805e-01
   3.5286541e-02   6.5704584e-01
   3.5347781e-02   6.5874363e-01
   3.5423272e-02   6.6044143e-01
   3.5784091e-02   6.6213922e-01
   3.6614433e-02   6.6383701e-01
   3.6694007e-02   6.6553480e-01
   3.6809023e-02   6.6723260e-01
   3.6944635e-02   6.6893039e-01
   3.7155351e-02   6.7062818e-01
   3.7246746e-02   6.7232598e-01
   3.7418827e-02   6.7402377e-01
   3.7675290e-02   6.7572156e-01
   3.7962315e-02   6.7741935e-01
   3.8068451e-02   6.7911715e-01
   3.8549456e-02   6.8081494e-01
   3.8608476e-02   6.8251273e-01
   3.8960690e-02   6.8421053e-01
   3.8986592e-02   6.8590832e-01
   3.9277049e-02   6.8760611e-01
   3.9339998e-02   6.8930390e-01
   3.9384339e-02   6.9100170e-01
   3.9631871e-02   6.9269949e-01
   3.9797398e-02   6.9439728e-01
   4.0055989e-02   6.9609508e-01
   4.0101666e-02   6.9779287e-01
   4.0117758e-02   6.9949066e-01
   4.0274901e-02   7.0118846e-01
   4.0477982e-02   7.0288625e-01
   4.0938833e-02   7.0458404e-01
   4.1217123e-02   7.0628183e-01
   4.1446748e-02   7.0797963e-01
   4.1500214e-02   7.0967742e-01
   4.1577240e-02   7.1137521e-01
   4.1625406e-02   7.1307301e-01
   4.1734764e-02   7.1477080e-01
   4.1858595e-02   7.1646859e-01
   4.1963589e-02   7.1816638e-01
   4.2075962e-02   7.1986418e-01
   4.2153657e-02   7.2156197e-01
   4.2828618e-02   7.2325976e-01
   4.3243174e-02   7.2495756e-01
   4.3701347e-02   7.2665535e-01
   4.4308788e-02   7.2835314e-01
   4.4406527e-02   7.3005093e-01
   4.4437048e-02   7.3174873e-01
   4.4504096e-02   7.3344652e-01
   4.4871745e-02   7.3514431e-01
   4.5213034e-02   7.3684211e-01
   4.5983564e-02   7.3853990e-01
   4.6318947e-02   7.4023769e-01
   4.6602186e-02   7.4193548e-01
   4.7105242e-02   7.4363328e-01
   4.7160969e-02   7.4533107e-01
   4.7182346e-02   7.4702886e-01
   4.7487044e-02   7.4872666e-01
   4.7731734e-02   7.5042445e-01
   4.7762120e-02   7.5212224e-01
   4.7768163e-02   7.5382003e-01
   4.8039246e-02   7.5551783e-01
   4.8067618e-02   7.5721562e-01
   4.8125318e-02   7.5891341e-01
   4.8382420e-02   7.6061121e-01
   4.8792307e-02   7.6230900e-01
   4.8825052e-02   7.6400679e-01
   4.9139207e-02   7.6570458e-01
   4.9238961e-02   7.6740238e-01
   4.9415188e-02   7.6910017e-01
   4.9683178e-02   7.7079796e-01
   4.9783371e-02   7.7249576e-01
   5.0037735e-02   7.7419355e-01
   5.0301136e-02   7.7589134e-01
   5.1149587e-02   7.7758913e-01
   5.1632671e-02   7.7928693e-01
   5.1807416e-02   7.8098472e-01
   5.1882777e-02   7.8268251e-01
   5.2336974e-02   7.8438031e-01
   5.2363597e-02   7.8607810e-01
   5.2414981e-02   7.8777589e-01
   5.2458039e-02   7.8947368e-01
   5.2508285e-02   7.9117148e-01
   5.2685973e-02   7.9286927e-01
   5.3315089e-02   7.9456706e-01
   5.3589295e-02   7.9626486e-01
   5.4353619e-02   7.9796265e-01
   5.4467376e-02   7.9966044e-01
   5.4805985e-02   8.0135823e-01
   5.4890727e-02   8.0305603e-01
   5.4986726e-02   8.0475382e-01
   5.5084619e-02   8.0645161e-01
   5.6805556e-02   8.0814941e-01
   5.6981714e-02   8.0984720e-01
   5.7164093e-02   8.1154499e-01
   5.7191266e-02   8.1324278e-01
   5.7564595e-02   8.1494058e-01
   5.7605219e-02   8.1663837e-01
   5.7677974e-02   8.1833616e-01
   5.8272166e-02   8.2003396e-01
   5.8386523e-02   8.2173175e-01
   5.8602608e-02   8.2342954e-01
   5.8918691e-02   8.2512733e-01
   5.9151504e-02   8.2682513e-01
   5.9449439e-02   8.2852292e-01
   5.9719517e-02   8.3022071e-01
   6.0002595e-02   8.3191851e-01
   6.0085322e-02   8.3361630e-01
   6.0325374e-02   8.3531409e-01
   6.0638124e-02   8.3701188e-01
   6.0731409e-02   8.3870968e-01
   6.0958148e-02   8.4040747e-01
   6.1589754e-02   8.4210526e-01
   6.1639195e-02   8.4380306e-01
   6.2840552e-02   8.4550085e-01
   6.2951869e-02   8.4719864e-01
   6.3170832e-02   8.4889643e-01
   6.3359080e-02   8.5059423e-01
   6.3756752e-02   8.5229202e-01
   6.3898164e-02   8.5398981e-01
   6.4120315e-02   8.5568761e-01
   6.4152777e-02   8.5738540e-01
   6.4180239e-02   8.5908319e-01
   6.4858554e-02   8.6078098e-01
   6.4883723e-02   8.6247878e-01
   6.5062618e-02   8.6417657e-01
   6.5711502e-02   8.6587436e-01
   6.6162546e-02   8.6757216e-01
   6.6306323e-02   8.6926995e-01
   6.7354141e-02   8.7096774e-01
   6.7913919e-02   8.7266553e-01
   6.8247827e-02   8.7436333e-01
   6.8536974e-02   8.7606112e-01
   6.9490222e-02   8.7775891e-01
   6.9643982e-02   8.7945671e-01
   6.9946452e-02   8.8115450e-01
   7.1649422e-02   8.8285229e-01
   7.2129864e-02   8.8455008e-01
   7.2538689e-02   8.8624788e-01
   7.3263153e-02   8.8794567e-01
   7.3320613e-02   8.8964346e-01
   7.4020057e-02   8.9134126e-01
   7.4137866e-02   8.9303905e-01
   7.4159733e-02   8.9473684e-01
   7.4257643e-02   8.9643463e-01
   7.4565882e-02   8.9813243e-01
   7.5201418e-02   8.9983022e-01
   7.5761388e-02   9.0152801e-01
   7.6852672e-02   9.0322581e-01
   7.8063014e-02   9.0492360e-01
   7.8790690e-02   9.0662139e-01
   7.9544749e-02   9.0831919e-01
   8.0431171e-02   9.1001698e-01
   8.3545898e-02   9.1171477e-01
   8.3629159e-02   9.1341256e-01
   8.4182363e-02   9.1511036e-01
   8.4308021e-02   9.1680815e-01
   8.4968116e-02   9.1850594e-01
   8.5001242e-02   9.2020374e-01
   8.5554248e-02   9.2190153e-01
   8.5741802e-02   9.2359932e-01
   8.7104273e-02   9.2529711e-01
   8.8165705e-02   9.2699491e-01
   8.8905957e-02   9.2869270e-01
   9.0745964e-02   9.3039049e-01
   9.0859211e-02   9.3208829e-01
   9.1247081e-02   9.3378608e-01
   9.2681071e-02   9.3548387e-01
   9.4946241e-02   9.3718166e-01
   9.6190951e-02   9.3887946e-01
   9.6981634e-02   9.4057725e-01
   9.8068767e-02   9.4227504e-01
   1.0059491e-01   9.4397284e-01
   1.0064594e-01   9.4567063e-01
   1.0302774e-01   9.4736842e-01
   1.0355364e-01   9.4906621e-01
   1.0403786e-01   9.5076401e-01
   1.0460511e-01   9.5246180e-01
   1.0807564e-01   9.5415959e-01
   1.1232725e-01   9.5585739e-01
   1.1309567e-01   9.5755518e-01
   1.1358880e-01   9.5925297e-01
   1.2013411e-01   9.6095076e-01
   1.2438071e-01   9.6264856e-01
   1.2547343e-01   9.6434635e-01
   1.2736042e-01   9.6604414e-01
   1.3389298e-01   9.6774194e-01
   1.3561205e-01   9.6943973e-01
   1.4091834e-01   9.7113752e-01
   1.4388728e-01   9.7283531e-01
   1.5690468e-01   9.7453311e-01
   1.5797361e-01   9.7623090e-01
   1.5831190e-01   9.7792869e-01
   1.5955343e-01   9.7962649e-01
   1.6329180e-01   9.8132428e-01
   1.6367242e-01   9.8302207e-01
   1.6521439e-01   9.8471986e-01
   1.6692400e-01   9.8641766e-01
   1.7664170e-01   9.8811545e-01
   1.7934404e-01   9.8981324e-01
   1.8575842e-01   9.9151104e-01
   1.8997405e-01   9.9320883e-01
   1.9226828e-01   9.9490662e-01
   2.1671982e-01   9.9660441e-01
   2.1811717e-01   9.9830221e-01
   2.4336458e-01   1.0000000e+00
