   6.1220726e-03   0.0000000e+00
   6.1220726e-03   1.8315018e-03
   6.7429316e-03   3.6630037e-03
   6.9280824e-03   5.4945055e-03
   7.1037624e-03   7.3260073e-03
   7.1969402e-03   9.1575092e-03
   7.4202978e-03   1.0989011e-02
   7.7748066e-03   1.2820513e-02
   7.7834786e-03   1.4652015e-02
   9.1000225e-03   2.1978022e-02
   9.1287414e-03   2.3809524e-02
   9.1662375e-03   2.5641026e-02
   9.4343232e-03   2.7472527e-02
   9.4543379e-03   2.9304029e-02
   9.5230488e-03   3.4798535e-02
   9.8253464e-03   3.8461538e-02
   1.0008177e-02   4.0293040e-02
   1.0053830e-02   4.2124542e-02
   1.0235256e-02   4.3956044e-02
   1.0318250e-02   4.7619048e-02
   1.0569466e-02   4.9450549e-02
   1.0730522e-02   5.1282051e-02
   1.0782380e-02   5.3113553e-02
   1.0811586e-02   5.6776557e-02
   1.0907603e-02   5.8608059e-02
   1.0997280e-02   6.5934066e-02
   1.1120026e-02   6.7765568e-02
   1.1223025e-02   6.9597070e-02
   1.1490759e-02   7.1428571e-02
   1.1512184e-02   7.3260073e-02
   1.1677102e-02   7.5091575e-02
   1.1808167e-02   7.6923077e-02
   1.1837825e-02   7.8754579e-02
   1.1862350e-02   8.2417582e-02
   1.2244748e-02   8.6080586e-02
   1.2355301e-02   8.7912088e-02
   1.2454501e-02   9.1575092e-02
   1.2503664e-02   9.5238095e-02
   1.2538057e-02   9.7069597e-02
   1.2543090e-02   1.0073260e-01
   1.2635219e-02   1.0256410e-01
   1.2809607e-02   1.0622711e-01
   1.2907229e-02   1.0805861e-01
   1.3010471e-02   1.0989011e-01
   1.3035365e-02   1.1355311e-01
   1.3140197e-02   1.1721612e-01
   1.3164518e-02   1.1904762e-01
   1.3179172e-02   1.2087912e-01
   1.3478075e-02   1.2454212e-01
   1.3793709e-02   1.2637363e-01
   1.3841899e-02   1.2820513e-01
   1.3861825e-02   1.3003663e-01
   1.3995072e-02   1.3186813e-01
   1.4171380e-02   1.3369963e-01
   1.4224737e-02   1.3553114e-01
   1.4394011e-02   1.3736264e-01
   1.4582019e-02   1.3919414e-01
   1.4675900e-02   1.4102564e-01
   1.4703934e-02   1.4285714e-01
   1.4799383e-02   1.4835165e-01
   1.4840467e-02   1.5018315e-01
   1.4841078e-02   1.5201465e-01
   1.5073693e-02   1.5567766e-01
   1.5135776e-02   1.6117216e-01
   1.5339527e-02   1.6300366e-01
   1.5499237e-02   1.6666667e-01
   1.5572530e-02   1.6849817e-01
   1.5584045e-02   1.7216117e-01
   1.5629072e-02   1.7399267e-01
   1.5645725e-02   1.7582418e-01
   1.5842710e-02   1.7765568e-01
   1.6035860e-02   1.7948718e-01
   1.6180610e-02   1.8131868e-01
   1.6196202e-02   1.8315018e-01
   1.6246791e-02   1.8498168e-01
   1.6278499e-02   1.8681319e-01
   1.6305655e-02   1.8864469e-01
   1.6432738e-02   1.9047619e-01
   1.6509914e-02   1.9230769e-01
   1.6519984e-02   1.9413919e-01
   1.6557510e-02   1.9597070e-01
   1.6622825e-02   2.0146520e-01
   1.6648107e-02   2.0329670e-01
   1.6716117e-02   2.0512821e-01
   1.6727590e-02   2.0695971e-01
   1.6849414e-02   2.0879121e-01
   1.6877377e-02   2.1062271e-01
   1.7022068e-02   2.1245421e-01
   1.7183564e-02   2.1428571e-01
   1.7244847e-02   2.1611722e-01
   1.7253327e-02   2.1794872e-01
   1.7303101e-02   2.1978022e-01
   1.7351409e-02   2.2161172e-01
   1.7395872e-02   2.2344322e-01
   1.7523328e-02   2.2527473e-01
   1.7547406e-02   2.2710623e-01
   1.7552694e-02   2.2893773e-01
   1.7606539e-02   2.3076923e-01
   1.7779459e-02   2.3260073e-01
   1.7791972e-02   2.3443223e-01
   1.7907575e-02   2.3626374e-01
   1.7916002e-02   2.3992674e-01
   1.7964661e-02   2.4175824e-01
   1.7983387e-02   2.4358974e-01
   1.8023533e-02   2.4542125e-01
   1.8216155e-02   2.4725275e-01
   1.8230613e-02   2.4908425e-01
   1.8261822e-02   2.5091575e-01
   1.8428636e-02   2.5274725e-01
   1.8471898e-02   2.5457875e-01
   1.8551210e-02   2.5641026e-01
   1.8601286e-02   2.6007326e-01
   1.8756437e-02   2.6373626e-01
   1.8845524e-02   2.6556777e-01
   1.8873282e-02   2.6739927e-01
   1.8876369e-02   2.6923077e-01
   1.8909240e-02   2.7106227e-01
   1.8931340e-02   2.7289377e-01
   1.8990833e-02   2.7472527e-01
   1.9202419e-02   2.7655678e-01
   1.9228346e-02   2.7838828e-01
   1.9286711e-02   2.8021978e-01
   1.9360844e-02   2.8205128e-01
   1.9431036e-02   2.8388278e-01
   1.9552733e-02   2.8571429e-01
   1.9691574e-02   2.8754579e-01
   1.9831850e-02   2.9304029e-01
   1.9852775e-02   2.9487179e-01
   1.9856321e-02   2.9670330e-01
   1.9881323e-02   3.0036630e-01
   1.9904058e-02   3.0219780e-01
   1.9958732e-02   3.0402930e-01
   1.9963822e-02   3.0586081e-01
   2.0116521e-02   3.0769231e-01
   2.0215810e-02   3.0952381e-01
   2.0232249e-02   3.1135531e-01
   2.0266287e-02   3.1318681e-01
   2.0325373e-02   3.1501832e-01
   2.0486012e-02   3.1684982e-01
   2.0632793e-02   3.1868132e-01
   2.0637622e-02   3.2051282e-01
   2.0796830e-02   3.2417582e-01
   2.0974173e-02   3.2600733e-01
   2.1005424e-02   3.2783883e-01
   2.1307818e-02   3.2967033e-01
   2.1316121e-02   3.3150183e-01
   2.1383860e-02   3.3333333e-01
   2.1623741e-02   3.3516484e-01
   2.1628147e-02   3.3699634e-01
   2.1685497e-02   3.3882784e-01
   2.1704074e-02   3.4065934e-01
   2.1767797e-02   3.4249084e-01
   2.1870965e-02   3.4432234e-01
   2.1910080e-02   3.4615385e-01
   2.1998929e-02   3.4798535e-01
   2.2129338e-02   3.4981685e-01
   2.2260765e-02   3.5164835e-01
   2.2301679e-02   3.5531136e-01
   2.2303383e-02   3.5714286e-01
   2.2403881e-02   3.6080586e-01
   2.2446488e-02   3.6263736e-01
   2.2535813e-02   3.6446886e-01
   2.2583301e-02   3.6630037e-01
   2.2661727e-02   3.6996337e-01
   2.2837276e-02   3.7179487e-01
   2.2912774e-02   3.7362637e-01
   2.2915522e-02   3.7545788e-01
   2.2949841e-02   3.7728938e-01
   2.2982090e-02   3.7912088e-01
   2.3024831e-02   3.8095238e-01
   2.3101711e-02   3.8278388e-01
   2.3155241e-02   3.8461538e-01
   2.3351016e-02   3.8644689e-01
   2.3390191e-02   3.8827839e-01
   2.3424320e-02   3.9194139e-01
   2.3450807e-02   3.9377289e-01
   2.3494090e-02   3.9560440e-01
   2.3517090e-02   3.9743590e-01
   2.3633548e-02   3.9926740e-01
   2.3701784e-02   4.0109890e-01
   2.3843821e-02   4.0293040e-01
   2.3910767e-02   4.0476190e-01
   2.3975483e-02   4.0659341e-01
   2.4172024e-02   4.0842491e-01
   2.4270353e-02   4.1025641e-01
   2.4294311e-02   4.1208791e-01
   2.4590903e-02   4.1391941e-01
   2.4598610e-02   4.1575092e-01
   2.4850093e-02   4.1758242e-01
   2.4877763e-02   4.1941392e-01
   2.4910096e-02   4.2124542e-01
   2.5013375e-02   4.2307692e-01
   2.5019558e-02   4.2490842e-01
   2.5168773e-02   4.2673993e-01
   2.5199753e-02   4.2857143e-01
   2.5270880e-02   4.3040293e-01
   2.5273556e-02   4.3223443e-01
   2.5287112e-02   4.3589744e-01
   2.5612606e-02   4.3772894e-01
   2.5698456e-02   4.3956044e-01
   2.6011529e-02   4.4139194e-01
   2.6103621e-02   4.4322344e-01
   2.6145168e-02   4.4505495e-01
   2.6187050e-02   4.4688645e-01
   2.6251646e-02   4.4871795e-01
   2.6328476e-02   4.5054945e-01
   2.6399142e-02   4.5238095e-01
   2.6441363e-02   4.5421245e-01
   2.6824988e-02   4.5604396e-01
   2.6916224e-02   4.5787546e-01
   2.6974616e-02   4.5970696e-01
   2.7052179e-02   4.6153846e-01
   2.7130309e-02   4.6336996e-01
   2.7182133e-02   4.6520147e-01
   2.7311073e-02   4.6703297e-01
   2.7629597e-02   4.6886447e-01
   2.7699640e-02   4.7069597e-01
   2.7870947e-02   4.7252747e-01
   2.7971093e-02   4.7435897e-01
   2.7992661e-02   4.7619048e-01
   2.8004348e-02   4.7802198e-01
   2.8108559e-02   4.7985348e-01
   2.8212382e-02   4.8168498e-01
   2.8278466e-02   4.8351648e-01
   2.8389752e-02   4.8534799e-01
   2.8484943e-02   4.8717949e-01
   2.8808133e-02   4.8901099e-01
   2.8816396e-02   4.9084249e-01
   2.8865530e-02   4.9267399e-01
   2.9067216e-02   4.9450549e-01
   2.9229522e-02   4.9633700e-01
   2.9360010e-02   4.9816850e-01
   2.9657629e-02   5.0000000e-01
   2.9744655e-02   5.0183150e-01
   2.9808498e-02   5.0366300e-01
   2.9911959e-02   5.0549451e-01
   3.0024994e-02   5.0732601e-01
   3.0276966e-02   5.0915751e-01
   3.0329005e-02   5.1282051e-01
   3.0333753e-02   5.1465201e-01
   3.0610966e-02   5.1648352e-01
   3.0828061e-02   5.1831502e-01
   3.0870697e-02   5.2014652e-01
   3.1001346e-02   5.2380952e-01
   3.1174213e-02   5.2564103e-01
   3.1345111e-02   5.2747253e-01
   3.1634357e-02   5.2930403e-01
   3.1674031e-02   5.3113553e-01
   3.1689363e-02   5.3296703e-01
   3.1764976e-02   5.3479853e-01
   3.1777485e-02   5.3663004e-01
   3.1885606e-02   5.3846154e-01
   3.1946136e-02   5.4029304e-01
   3.1986121e-02   5.4212454e-01
   3.2015404e-02   5.4395604e-01
   3.2085081e-02   5.4578755e-01
   3.2123205e-02   5.4945055e-01
   3.2610655e-02   5.5128205e-01
   3.2707198e-02   5.5311355e-01
   3.2721784e-02   5.5494505e-01
   3.2778469e-02   5.5677656e-01
   3.2867724e-02   5.5860806e-01
   3.2976420e-02   5.6043956e-01
   3.2992474e-02   5.6227106e-01
   3.3031301e-02   5.6410256e-01
   3.3187497e-02   5.6593407e-01
   3.3266479e-02   5.6959707e-01
   3.3348490e-02   5.7142857e-01
   3.3356502e-02   5.7326007e-01
   3.3391735e-02   5.7509158e-01
   3.3544687e-02   5.7692308e-01
   3.3671126e-02   5.7875458e-01
   3.3715789e-02   5.8058608e-01
   3.3793626e-02   5.8241758e-01
   3.4043703e-02   5.8424908e-01
   3.4835834e-02   5.8608059e-01
   3.4981091e-02   5.8791209e-01
   3.5048517e-02   5.8974359e-01
   3.5264882e-02   5.9157509e-01
   3.5559186e-02   5.9340659e-01
   3.5715082e-02   5.9523810e-01
   3.5760404e-02   5.9890110e-01
   3.5984335e-02   6.0073260e-01
   3.5995809e-02   6.0256410e-01
   3.6440778e-02   6.0439560e-01
   3.6552430e-02   6.0622711e-01
   3.6876862e-02   6.0805861e-01
   3.6955391e-02   6.0989011e-01
   3.7101866e-02   6.1172161e-01
   3.7139257e-02   6.1355311e-01
   3.7226120e-02   6.1538462e-01
   3.7425781e-02   6.1721612e-01
   3.7493696e-02   6.1904762e-01
   3.7502140e-02   6.2087912e-01
   3.7615791e-02   6.2271062e-01
   3.7736602e-02   6.2454212e-01
   3.7982119e-02   6.2637363e-01
   3.8235910e-02   6.2820513e-01
   3.8476552e-02   6.3003663e-01
   3.8705772e-02   6.3186813e-01
   3.8825595e-02   6.3369963e-01
   3.8862531e-02   6.3553114e-01
   3.8982576e-02   6.3736264e-01
   3.9009695e-02   6.3919414e-01
   3.9368398e-02   6.4102564e-01
   3.9548032e-02   6.4285714e-01
   3.9663195e-02   6.4468864e-01
   3.9764372e-02   6.4652015e-01
   3.9779064e-02   6.4835165e-01
   4.0439486e-02   6.5018315e-01
   4.0449837e-02   6.5201465e-01
   4.0456915e-02   6.5384615e-01
   4.0506509e-02   6.5567766e-01
   4.0562981e-02   6.5750916e-01
   4.0635286e-02   6.5934066e-01
   4.0720119e-02   6.6117216e-01
   4.0768927e-02   6.6300366e-01
   4.0892693e-02   6.6483516e-01
   4.0923536e-02   6.6666667e-01
   4.1311769e-02   6.6849817e-01
   4.1380028e-02   6.7032967e-01
   4.1535846e-02   6.7216117e-01
   4.1986959e-02   6.7399267e-01
   4.2010848e-02   6.7582418e-01
   4.2226274e-02   6.7765568e-01
   4.2334167e-02   6.7948718e-01
   4.2387871e-02   6.8131868e-01
   4.2612852e-02   6.8315018e-01
   4.2674672e-02   6.8498168e-01
   4.2773128e-02   6.8681319e-01
   4.2864367e-02   6.8864469e-01
   4.2915574e-02   6.9047619e-01
   4.2949793e-02   6.9230769e-01
   4.3448045e-02   6.9413919e-01
   4.4005972e-02   6.9597070e-01
   4.4263923e-02   6.9780220e-01
   4.5165475e-02   6.9963370e-01
   4.5175083e-02   7.0146520e-01
   4.5224153e-02   7.0329670e-01
   4.5230294e-02   7.0512821e-01
   4.5342515e-02   7.0695971e-01
   4.5576285e-02   7.0879121e-01
   4.5822717e-02   7.1062271e-01
   4.6484784e-02   7.1245421e-01
   4.6508441e-02   7.1428571e-01
   4.6852491e-02   7.1611722e-01
   4.6877915e-02   7.1794872e-01
   4.7010728e-02   7.1978022e-01
   4.7074999e-02   7.2161172e-01
   4.7232629e-02   7.2344322e-01
   4.7590390e-02   7.2527473e-01
   4.7852316e-02   7.2710623e-01
   4.7950966e-02   7.2893773e-01
   4.8194409e-02   7.3260073e-01
   4.8246941e-02   7.3443223e-01
   4.8369341e-02   7.3626374e-01
   4.8534339e-02   7.3809524e-01
   4.8787220e-02   7.3992674e-01
   4.8831603e-02   7.4175824e-01
   4.9422959e-02   7.4358974e-01
   4.9671961e-02   7.4542125e-01
   4.9700185e-02   7.4725275e-01
   4.9828345e-02   7.4908425e-01
   4.9898674e-02   7.5091575e-01
   4.9932561e-02   7.5274725e-01
   5.0690853e-02   7.5457875e-01
   5.0791170e-02   7.5641026e-01
   5.0879541e-02   7.5824176e-01
   5.1017952e-02   7.6007326e-01
   5.1228969e-02   7.6190476e-01
   5.1238932e-02   7.6373626e-01
   5.1405648e-02   7.6556777e-01
   5.2224248e-02   7.6739927e-01
   5.2446252e-02   7.6923077e-01
   5.3066517e-02   7.7106227e-01
   5.3949031e-02   7.7289377e-01
   5.4180754e-02   7.7472527e-01
   5.4255166e-02   7.7655678e-01
   5.4417058e-02   7.7838828e-01
   5.4586172e-02   7.8021978e-01
   5.4619322e-02   7.8205128e-01
   5.4621635e-02   7.8388278e-01
   5.4713302e-02   7.8571429e-01
   5.4752783e-02   7.8754579e-01
   5.4794050e-02   7.8937729e-01
   5.4807078e-02   7.9120879e-01
   5.4857333e-02   7.9304029e-01
   5.4920016e-02   7.9487179e-01
   5.4934191e-02   7.9670330e-01
   5.4969797e-02   7.9853480e-01
   5.5370060e-02   8.0036630e-01
   5.5843107e-02   8.0219780e-01
   5.5989378e-02   8.0402930e-01
   5.6131441e-02   8.0586081e-01
   5.6523808e-02   8.0769231e-01
   5.6653869e-02   8.0952381e-01
   5.6956889e-02   8.1135531e-01
   5.7084801e-02   8.1318681e-01
   5.7089340e-02   8.1501832e-01
   5.8814424e-02   8.1684982e-01
   5.9043899e-02   8.1868132e-01
   5.9091786e-02   8.2051282e-01
   5.9417881e-02   8.2234432e-01
   5.9751997e-02   8.2417582e-01
   5.9833541e-02   8.2600733e-01
   6.0102370e-02   8.2783883e-01
   6.0977403e-02   8.2967033e-01
   6.1108174e-02   8.3150183e-01
   6.1372873e-02   8.3333333e-01
   6.1658347e-02   8.3516484e-01
   6.2042838e-02   8.3699634e-01
   6.2356871e-02   8.3882784e-01
   6.2387295e-02   8.4065934e-01
   6.2433664e-02   8.4249084e-01
   6.2458283e-02   8.4432234e-01
   6.3352329e-02   8.4615385e-01
   6.3372513e-02   8.4798535e-01
   6.3451233e-02   8.4981685e-01
   6.3611613e-02   8.5164835e-01
   6.4106227e-02   8.5347985e-01
   6.4289290e-02   8.5531136e-01
   6.4375825e-02   8.5714286e-01
   6.4418320e-02   8.5897436e-01
   6.4925900e-02   8.6080586e-01
   6.5179263e-02   8.6263736e-01
   6.5323134e-02   8.6446886e-01
   6.5810924e-02   8.6630037e-01
   6.6417436e-02   8.6813187e-01
   6.7022069e-02   8.6996337e-01
   6.7131908e-02   8.7179487e-01
   6.9620783e-02   8.7362637e-01
   6.9869900e-02   8.7545788e-01
   7.0551787e-02   8.7728938e-01
   7.1448918e-02   8.7912088e-01
   7.1624371e-02   8.8095238e-01
   7.1663322e-02   8.8278388e-01
   7.2230631e-02   8.8461538e-01
   7.3166909e-02   8.8644689e-01
   7.3455313e-02   8.8827839e-01
   7.3647316e-02   8.9010989e-01
   7.4130267e-02   8.9194139e-01
   7.4410020e-02   8.9377289e-01
   7.4598564e-02   8.9560440e-01
   7.7455611e-02   8.9743590e-01
   7.7940483e-02   8.9926740e-01
   7.8288085e-02   9.0109890e-01
   7.9447841e-02   9.0293040e-01
   8.0542222e-02   9.0476190e-01
   8.0936176e-02   9.0659341e-01
   8.1585501e-02   9.0842491e-01
   8.2059530e-02   9.1025641e-01
   8.2286000e-02   9.1208791e-01
   8.2516032e-02   9.1391941e-01
   8.3292590e-02   9.1575092e-01
   8.3522107e-02   9.1758242e-01
   8.3627304e-02   9.1941392e-01
   8.5455370e-02   9.2124542e-01
   8.6362680e-02   9.2307692e-01
   8.6693117e-02   9.2490842e-01
   8.6938177e-02   9.2673993e-01
   8.6980425e-02   9.2857143e-01
   9.0472087e-02   9.3040293e-01
   9.0904216e-02   9.3223443e-01
   9.2608001e-02   9.3406593e-01
   9.2636863e-02   9.3589744e-01
   9.3203570e-02   9.3772894e-01
   9.3416512e-02   9.3956044e-01
   9.3828745e-02   9.4139194e-01
   9.6733488e-02   9.4322344e-01
   9.7764602e-02   9.4505495e-01
   9.8977568e-02   9.4688645e-01
   9.9443881e-02   9.4871795e-01
   1.0017518e-01   9.5054945e-01
   1.0365073e-01   9.5238095e-01
   1.0389182e-01   9.5421245e-01
   1.0564909e-01   9.5604396e-01
   1.0594031e-01   9.5787546e-01
   1.0720372e-01   9.5970696e-01
   1.1587125e-01   9.6153846e-01
   1.1929623e-01   9.6336996e-01
   1.1934322e-01   9.6520147e-01
   1.2380107e-01   9.6703297e-01
   1.2419243e-01   9.6886447e-01
   1.2739065e-01   9.7069597e-01
   1.2878921e-01   9.7252747e-01
   1.2892889e-01   9.7435897e-01
   1.3153862e-01   9.7619048e-01
   1.3233296e-01   9.7802198e-01
   1.3961620e-01   9.7985348e-01
   1.4017946e-01   9.8168498e-01
   1.4558366e-01   9.8351648e-01
   1.4772260e-01   9.8534799e-01
   1.5286214e-01   9.8717949e-01
   1.5559580e-01   9.8901099e-01
   1.5707577e-01   9.9084249e-01
   1.5776943e-01   9.9267399e-01
   1.5947063e-01   9.9450549e-01
   1.8350831e-01   9.9633700e-01
   1.8680330e-01   9.9816850e-01
   2.0301521e-01   1.0000000e+00
