   4.0405655e-03   0.0000000e+00
   4.0405655e-03   1.7241379e-03
   5.4887231e-03   3.4482759e-03
   5.7642457e-03   5.1724138e-03
   5.8664020e-03   6.8965517e-03
   6.0608483e-03   8.6206897e-03
   6.3651321e-03   1.0344828e-02
   6.6859159e-03   1.2068966e-02
   6.7866060e-03   1.3793103e-02
   6.9168318e-03   1.7241379e-02
   6.9342912e-03   1.8965517e-02
   7.0185861e-03   2.0689655e-02
   7.1225762e-03   2.2413793e-02
   7.2083417e-03   2.4137931e-02
   7.2131220e-03   2.5862069e-02
   7.5225133e-03   2.7586207e-02
   7.7112554e-03   3.2758621e-02
   7.7826221e-03   3.6206897e-02
   7.8429768e-03   3.7931034e-02
   8.0702097e-03   3.9655172e-02
   8.0812426e-03   4.3103448e-02
   8.1012290e-03   4.4827586e-02
   8.3585621e-03   4.8275862e-02
   8.4207330e-03   5.0000000e-02
   8.4551871e-03   5.1724138e-02
   8.5114341e-03   5.3448276e-02
   8.5597026e-03   5.5172414e-02
   8.5617054e-03   5.6896552e-02
   8.6389230e-03   5.8620690e-02
   8.6481003e-03   6.3793103e-02
   8.6543795e-03   6.5517241e-02
   8.6992388e-03   6.7241379e-02
   8.7065425e-03   6.8965517e-02
   8.8572734e-03   7.0689655e-02
   8.9029488e-03   7.2413793e-02
   8.9574457e-03   7.7586207e-02
   9.0177119e-03   7.9310345e-02
   9.0867442e-03   8.1034483e-02
   9.2282128e-03   8.4482759e-02
   9.2586103e-03   9.4827586e-02
   9.2670495e-03   9.6551724e-02
   9.4522435e-03   9.8275862e-02
   9.5290233e-03   1.0517241e-01
   9.5698334e-03   1.0862069e-01
   9.5775073e-03   1.1034483e-01
   9.5832095e-03   1.1206897e-01
   9.6630265e-03   1.1379310e-01
   9.6711670e-03   1.1551724e-01
   9.7826039e-03   1.1724138e-01
   9.8020976e-03   1.1896552e-01
   9.8026597e-03   1.2068966e-01
   9.8367669e-03   1.2241379e-01
   9.9051177e-03   1.2413793e-01
   1.0004446e-02   1.2586207e-01
   1.0086353e-02   1.3103448e-01
   1.0101525e-02   1.3448276e-01
   1.0138954e-02   1.3793103e-01
   1.0149612e-02   1.4310345e-01
   1.0354750e-02   1.4482759e-01
   1.0377582e-02   1.4655172e-01
   1.0379850e-02   1.4827586e-01
   1.0406414e-02   1.5172414e-01
   1.0482929e-02   1.5344828e-01
   1.0559845e-02   1.5517241e-01
   1.0581026e-02   1.5689655e-01
   1.0663067e-02   1.6034483e-01
   1.0674589e-02   1.6206897e-01
   1.0682884e-02   1.6551724e-01
   1.0734493e-02   1.6896552e-01
   1.0879836e-02   1.7068966e-01
   1.0894606e-02   1.7241379e-01
   1.0952335e-02   1.7586207e-01
   1.0958271e-02   1.7758621e-01
   1.1027508e-02   1.8275862e-01
   1.1032372e-02   1.8448276e-01
   1.1239944e-02   1.8620690e-01
   1.1261945e-02   1.8965517e-01
   1.1281718e-02   1.9310345e-01
   1.1312416e-02   1.9482759e-01
   1.1536206e-02   2.0000000e-01
   1.1638204e-02   2.0172414e-01
   1.1784162e-02   2.0344828e-01
   1.1817002e-02   2.0517241e-01
   1.1821849e-02   2.0689655e-01
   1.1970372e-02   2.0862069e-01
   1.2103876e-02   2.1379310e-01
   1.2151548e-02   2.1896552e-01
   1.2307767e-02   2.2241379e-01
   1.2393662e-02   2.2413793e-01
   1.2397013e-02   2.2758621e-01
   1.2426214e-02   2.2931034e-01
   1.2470050e-02   2.3103448e-01
   1.2614343e-02   2.3275862e-01
   1.2680102e-02   2.3620690e-01
   1.2735313e-02   2.3793103e-01
   1.2838975e-02   2.3965517e-01
   1.2884571e-02   2.4310345e-01
   1.2971585e-02   2.4482759e-01
   1.2997534e-02   2.4827586e-01
   1.3012477e-02   2.5000000e-01
   1.3302561e-02   2.5172414e-01
   1.3305450e-02   2.5344828e-01
   1.3549045e-02   2.5517241e-01
   1.3573212e-02   2.5689655e-01
   1.3688223e-02   2.5862069e-01
   1.3833076e-02   2.6206897e-01
   1.3842365e-02   2.6551724e-01
   1.3875219e-02   2.6724138e-01
   1.3932521e-02   2.7241379e-01
   1.4069455e-02   2.7413793e-01
   1.4126051e-02   2.7586207e-01
   1.4184999e-02   2.7758621e-01
   1.4377338e-02   2.8103448e-01
   1.4426249e-02   2.8275862e-01
   1.4453759e-02   2.8448276e-01
   1.4588241e-02   2.8620690e-01
   1.4614040e-02   2.8793103e-01
   1.4635425e-02   2.8965517e-01
   1.4698030e-02   2.9137931e-01
   1.4715069e-02   2.9310345e-01
   1.4754272e-02   2.9482759e-01
   1.4783747e-02   2.9655172e-01
   1.4851158e-02   2.9827586e-01
   1.4857734e-02   3.0000000e-01
   1.5022815e-02   3.0172414e-01
   1.5070314e-02   3.0517241e-01
   1.5107112e-02   3.0689655e-01
   1.5137391e-02   3.0862069e-01
   1.5274027e-02   3.1034483e-01
   1.5382381e-02   3.1206897e-01
   1.5529288e-02   3.1379310e-01
   1.5562534e-02   3.1551724e-01
   1.5623742e-02   3.1724138e-01
   1.5701275e-02   3.1896552e-01
   1.5737131e-02   3.2068966e-01
   1.5768048e-02   3.2241379e-01
   1.5849684e-02   3.2413793e-01
   1.5889902e-02   3.2586207e-01
   1.5940918e-02   3.2758621e-01
   1.5949046e-02   3.2931034e-01
   1.5985549e-02   3.3103448e-01
   1.5995013e-02   3.3275862e-01
   1.6161110e-02   3.3448276e-01
   1.6263697e-02   3.3793103e-01
   1.6344669e-02   3.3965517e-01
   1.6435984e-02   3.4137931e-01
   1.6437116e-02   3.4310345e-01
   1.6519549e-02   3.4482759e-01
   1.6568399e-02   3.4655172e-01
   1.6590579e-02   3.4827586e-01
   1.6681502e-02   3.5000000e-01
   1.6774183e-02   3.5172414e-01
   1.6780584e-02   3.5344828e-01
   1.6792391e-02   3.5689655e-01
   1.6867654e-02   3.5862069e-01
   1.6922517e-02   3.6034483e-01
   1.7003173e-02   3.6206897e-01
   1.7015047e-02   3.6379310e-01
   1.7084961e-02   3.6551724e-01
   1.7097587e-02   3.6724138e-01
   1.7141066e-02   3.6896552e-01
   1.7258647e-02   3.7068966e-01
   1.7278952e-02   3.7241379e-01
   1.7295069e-02   3.7586207e-01
   1.7344024e-02   3.7758621e-01
   1.7493849e-02   3.7931034e-01
   1.7499959e-02   3.8103448e-01
   1.7585755e-02   3.8275862e-01
   1.7676385e-02   3.8448276e-01
   1.7746578e-02   3.8620690e-01
   1.7771447e-02   3.8793103e-01
   1.7872516e-02   3.8965517e-01
   1.7941885e-02   3.9137931e-01
   1.8156687e-02   3.9310345e-01
   1.8178524e-02   3.9482759e-01
   1.8182656e-02   3.9655172e-01
   1.8203795e-02   3.9827586e-01
   1.8222943e-02   4.0000000e-01
   1.8230306e-02   4.0172414e-01
   1.8324031e-02   4.0344828e-01
   1.8450062e-02   4.0517241e-01
   1.8494880e-02   4.0689655e-01
   1.8516680e-02   4.0862069e-01
   1.8733058e-02   4.1034483e-01
   1.8735861e-02   4.1206897e-01
   1.8736612e-02   4.1379310e-01
   1.8833460e-02   4.1724138e-01
   1.9053041e-02   4.2068966e-01
   1.9058168e-02   4.2241379e-01
   1.9166999e-02   4.2413793e-01
   1.9212481e-02   4.2586207e-01
   1.9244276e-02   4.2758621e-01
   1.9630914e-02   4.2931034e-01
   1.9708525e-02   4.3103448e-01
   1.9733571e-02   4.3275862e-01
   1.9886491e-02   4.3448276e-01
   2.0252777e-02   4.3965517e-01
   2.0464446e-02   4.4137931e-01
   2.0564332e-02   4.4310345e-01
   2.0569371e-02   4.4482759e-01
   2.0775341e-02   4.4655172e-01
   2.0789237e-02   4.4827586e-01
   2.0890475e-02   4.5000000e-01
   2.1041738e-02   4.5172414e-01
   2.1061713e-02   4.5344828e-01
   2.1165502e-02   4.5517241e-01
   2.1215321e-02   4.5862069e-01
   2.1297498e-02   4.6034483e-01
   2.1349178e-02   4.6206897e-01
   2.1366323e-02   4.6379310e-01
   2.1453495e-02   4.6551724e-01
   2.1550091e-02   4.6724138e-01
   2.1594355e-02   4.6896552e-01
   2.1793793e-02   4.7068966e-01
   2.1954892e-02   4.7241379e-01
   2.2002916e-02   4.7413793e-01
   2.2105894e-02   4.7586207e-01
   2.2222715e-02   4.7758621e-01
   2.2305311e-02   4.7931034e-01
   2.2919590e-02   4.8103448e-01
   2.2922486e-02   4.8275862e-01
   2.3101281e-02   4.8448276e-01
   2.3145716e-02   4.8793103e-01
   2.3199029e-02   4.8965517e-01
   2.3277756e-02   4.9137931e-01
   2.3363551e-02   4.9310345e-01
   2.3462063e-02   4.9482759e-01
   2.3527803e-02   4.9655172e-01
   2.3711712e-02   4.9827586e-01
   2.3788013e-02   5.0000000e-01
   2.3975590e-02   5.0172414e-01
   2.4244781e-02   5.0344828e-01
   2.4506936e-02   5.0517241e-01
   2.4735612e-02   5.0689655e-01
   2.4805930e-02   5.0862069e-01
   2.4816498e-02   5.1034483e-01
   2.4902240e-02   5.1206897e-01
   2.5384017e-02   5.1379310e-01
   2.6240229e-02   5.1551724e-01
   2.6301877e-02   5.1724138e-01
   2.6304320e-02   5.1896552e-01
   2.6355342e-02   5.2068966e-01
   2.6415375e-02   5.2413793e-01
   2.6454481e-02   5.2586207e-01
   2.6599301e-02   5.2758621e-01
   2.6604428e-02   5.2931034e-01
   2.6623990e-02   5.3103448e-01
   2.6666177e-02   5.3275862e-01
   2.6675162e-02   5.3448276e-01
   2.6684961e-02   5.3620690e-01
   2.6797752e-02   5.3793103e-01
   2.6817510e-02   5.4137931e-01
   2.7139081e-02   5.4310345e-01
   2.7322996e-02   5.4482759e-01
   2.7422147e-02   5.4655172e-01
   2.7466795e-02   5.4827586e-01
   2.7700179e-02   5.5000000e-01
   2.7750931e-02   5.5172414e-01
   2.7914513e-02   5.5344828e-01
   2.7962691e-02   5.5517241e-01
   2.7972738e-02   5.5689655e-01
   2.8184033e-02   5.5862069e-01
   2.8308251e-02   5.6034483e-01
   2.8732606e-02   5.6206897e-01
   2.8988884e-02   5.6379310e-01
   2.9106710e-02   5.6551724e-01
   2.9157432e-02   5.6724138e-01
   2.9197100e-02   5.6896552e-01
   2.9314900e-02   5.7068966e-01
   2.9327491e-02   5.7241379e-01
   2.9846966e-02   5.7413793e-01
   2.9953667e-02   5.7586207e-01
   2.9981632e-02   5.7758621e-01
   3.0009006e-02   5.7931034e-01
   3.0345626e-02   5.8103448e-01
   3.0668229e-02   5.8275862e-01
   3.0719093e-02   5.8448276e-01
   3.0728178e-02   5.8620690e-01
   3.0892808e-02   5.8793103e-01
   3.1087403e-02   5.8965517e-01
   3.1118903e-02   5.9137931e-01
   3.1160790e-02   5.9310345e-01
   3.1370779e-02   5.9482759e-01
   3.1418520e-02   5.9655172e-01
   3.1440832e-02   5.9827586e-01
   3.1511765e-02   6.0000000e-01
   3.1634237e-02   6.0172414e-01
   3.1706775e-02   6.0344828e-01
   3.1779360e-02   6.0517241e-01
   3.1825610e-02   6.0689655e-01
   3.2026043e-02   6.0862069e-01
   3.2034750e-02   6.1034483e-01
   3.2276287e-02   6.1206897e-01
   3.2324747e-02   6.1379310e-01
   3.2551360e-02   6.1551724e-01
   3.2596717e-02   6.1724138e-01
   3.2720170e-02   6.1896552e-01
   3.2785458e-02   6.2068966e-01
   3.2934465e-02   6.2241379e-01
   3.3039098e-02   6.2413793e-01
   3.3206767e-02   6.2586207e-01
   3.3344283e-02   6.2758621e-01
   3.3358095e-02   6.2931034e-01
   3.3759738e-02   6.3103448e-01
   3.3844536e-02   6.3275862e-01
   3.4043483e-02   6.3448276e-01
   3.4059416e-02   6.3620690e-01
   3.4301724e-02   6.3793103e-01
   3.4634077e-02   6.3965517e-01
   3.4635076e-02   6.4137931e-01
   3.4811033e-02   6.4310345e-01
   3.5070561e-02   6.4482759e-01
   3.5095386e-02   6.4655172e-01
   3.5190499e-02   6.4827586e-01
   3.5538591e-02   6.5000000e-01
   3.5817894e-02   6.5172414e-01
   3.5822421e-02   6.5344828e-01
   3.5903620e-02   6.5517241e-01
   3.5951827e-02   6.5689655e-01
   3.6098799e-02   6.5862069e-01
   3.6322560e-02   6.6034483e-01
   3.6348254e-02   6.6379310e-01
   3.6395047e-02   6.6551724e-01
   3.6401649e-02   6.6724138e-01
   3.6690330e-02   6.6896552e-01
   3.6762976e-02   6.7068966e-01
   3.6990159e-02   6.7241379e-01
   3.7667518e-02   6.7413793e-01
   3.7876674e-02   6.7586207e-01
   3.7887063e-02   6.7758621e-01
   3.8354262e-02   6.7931034e-01
   3.8417760e-02   6.8103448e-01
   3.8634906e-02   6.8275862e-01
   3.8729613e-02   6.8448276e-01
   3.8960978e-02   6.8793103e-01
   3.9269739e-02   6.8965517e-01
   3.9537003e-02   6.9137931e-01
   3.9569268e-02   6.9310345e-01
   3.9720101e-02   6.9482759e-01
   4.0045542e-02   6.9655172e-01
   4.0087456e-02   6.9827586e-01
   4.0145849e-02   7.0000000e-01
   4.0268452e-02   7.0172414e-01
   4.0282454e-02   7.0344828e-01
   4.1034032e-02   7.0517241e-01
   4.1128394e-02   7.0689655e-01
   4.1153033e-02   7.0862069e-01
   4.1270279e-02   7.1034483e-01
   4.2039732e-02   7.1206897e-01
   4.2083477e-02   7.1379310e-01
   4.2193967e-02   7.1551724e-01
   4.2767308e-02   7.1724138e-01
   4.2838293e-02   7.1896552e-01
   4.3103410e-02   7.2068966e-01
   4.3335828e-02   7.2241379e-01
   4.3497136e-02   7.2413793e-01
   4.4064757e-02   7.2586207e-01
   4.4065028e-02   7.2758621e-01
   4.4555874e-02   7.2931034e-01
   4.4739948e-02   7.3103448e-01
   4.4749177e-02   7.3275862e-01
   4.4970048e-02   7.3448276e-01
   4.4972972e-02   7.3620690e-01
   4.6109189e-02   7.3793103e-01
   4.6248553e-02   7.3965517e-01
   4.6587380e-02   7.4137931e-01
   4.6686269e-02   7.4310345e-01
   4.7073313e-02   7.4482759e-01
   4.7400695e-02   7.4655172e-01
   4.7422792e-02   7.4827586e-01
   4.7552708e-02   7.5000000e-01
   4.7863019e-02   7.5172414e-01
   4.8139143e-02   7.5344828e-01
   4.8706607e-02   7.5517241e-01
   4.8716593e-02   7.5689655e-01
   4.8992238e-02   7.5862069e-01
   4.9283600e-02   7.6034483e-01
   4.9380188e-02   7.6206897e-01
   5.0434236e-02   7.6379310e-01
   5.0449139e-02   7.6551724e-01
   5.0479072e-02   7.6724138e-01
   5.1141418e-02   7.6896552e-01
   5.1149480e-02   7.7068966e-01
   5.1324478e-02   7.7241379e-01
   5.1591439e-02   7.7413793e-01
   5.2101918e-02   7.7586207e-01
   5.2169343e-02   7.7758621e-01
   5.2258569e-02   7.7931034e-01
   5.2565828e-02   7.8103448e-01
   5.2584871e-02   7.8275862e-01
   5.3053991e-02   7.8448276e-01
   5.3336394e-02   7.8620690e-01
   5.3481545e-02   7.8793103e-01
   5.3741404e-02   7.8965517e-01
   5.4169636e-02   7.9137931e-01
   5.4316501e-02   7.9310345e-01
   5.4529677e-02   7.9482759e-01
   5.4594018e-02   7.9655172e-01
   5.4765090e-02   7.9827586e-01
   5.4809272e-02   8.0000000e-01
   5.5406342e-02   8.0172414e-01
   5.5604057e-02   8.0344828e-01
   5.6225310e-02   8.0517241e-01
   5.6298527e-02   8.0689655e-01
   5.6500977e-02   8.0862069e-01
   5.6663541e-02   8.1034483e-01
   5.6816416e-02   8.1206897e-01
   5.6842670e-02   8.1379310e-01
   5.6937092e-02   8.1551724e-01
   5.7415636e-02   8.1724138e-01
   5.7429299e-02   8.1896552e-01
   5.7513521e-02   8.2068966e-01
   5.8063750e-02   8.2241379e-01
   5.8274454e-02   8.2413793e-01
   5.8813606e-02   8.2586207e-01
   5.8820115e-02   8.2758621e-01
   5.8939744e-02   8.2931034e-01
   5.9598020e-02   8.3103448e-01
   6.0808852e-02   8.3275862e-01
   6.0916960e-02   8.3448276e-01
   6.1102428e-02   8.3620690e-01
   6.1472517e-02   8.3793103e-01
   6.1642415e-02   8.3965517e-01
   6.1705273e-02   8.4137931e-01
   6.1708710e-02   8.4310345e-01
   6.2286777e-02   8.4482759e-01
   6.2546983e-02   8.4655172e-01
   6.2628704e-02   8.4827586e-01
   6.2637120e-02   8.5000000e-01
   6.2981159e-02   8.5172414e-01
   6.3169993e-02   8.5344828e-01
   6.3393785e-02   8.5517241e-01
   6.3506088e-02   8.5689655e-01
   6.3717411e-02   8.5862069e-01
   6.3971988e-02   8.6034483e-01
   6.3990089e-02   8.6206897e-01
   6.4076803e-02   8.6379310e-01
   6.4361677e-02   8.6551724e-01
   6.5904548e-02   8.6724138e-01
   6.6328950e-02   8.6896552e-01
   6.7895388e-02   8.7068966e-01
   6.7923851e-02   8.7241379e-01
   6.8571997e-02   8.7413793e-01
   7.0107710e-02   8.7586207e-01
   7.0846807e-02   8.7758621e-01
   7.0968480e-02   8.7931034e-01
   7.1476942e-02   8.8103448e-01
   7.2183798e-02   8.8275862e-01
   7.3815503e-02   8.8448276e-01
   7.3852276e-02   8.8620690e-01
   7.5008503e-02   8.8793103e-01
   7.5035172e-02   8.8965517e-01
   7.5532691e-02   8.9137931e-01
   7.5551541e-02   8.9310345e-01
   7.6225252e-02   8.9482759e-01
   7.6483126e-02   8.9655172e-01
   7.6619861e-02   8.9827586e-01
   7.6931674e-02   9.0000000e-01
   7.7012848e-02   9.0172414e-01
   7.7161656e-02   9.0344828e-01
   7.8552504e-02   9.0517241e-01
   8.3589631e-02   9.0689655e-01
   8.3861588e-02   9.0862069e-01
   8.4151402e-02   9.1034483e-01
   8.4560431e-02   9.1206897e-01
   8.4852777e-02   9.1379310e-01
   8.4966008e-02   9.1551724e-01
   8.5355900e-02   9.1724138e-01
   8.5467118e-02   9.1896552e-01
   8.5503314e-02   9.2068966e-01
   8.7029016e-02   9.2241379e-01
   8.8021776e-02   9.2413793e-01
   8.8086702e-02   9.2586207e-01
   8.8593820e-02   9.2758621e-01
   8.9283683e-02   9.2931034e-01
   8.9905960e-02   9.3103448e-01
   9.0540456e-02   9.3275862e-01
   9.1972690e-02   9.3448276e-01
   9.3072103e-02   9.3620690e-01
   9.5499736e-02   9.3793103e-01
   9.7210210e-02   9.3965517e-01
   9.8914695e-02   9.4137931e-01
   9.9030394e-02   9.4310345e-01
   1.0071411e-01   9.4482759e-01
   1.0214804e-01   9.4655172e-01
   1.0297307e-01   9.4827586e-01
   1.0329500e-01   9.5000000e-01
   1.0566297e-01   9.5172414e-01
   1.0893619e-01   9.5344828e-01
   1.1068720e-01   9.5517241e-01
   1.1101532e-01   9.5689655e-01
   1.1431359e-01   9.5862069e-01
   1.1962609e-01   9.6034483e-01
   1.2316824e-01   9.6206897e-01
   1.2590234e-01   9.6379310e-01
   1.2594078e-01   9.6551724e-01
   1.3544740e-01   9.6724138e-01
   1.3854498e-01   9.6896552e-01
   1.4138889e-01   9.7068966e-01
   1.4333305e-01   9.7241379e-01
   1.4974985e-01   9.7413793e-01
   1.5517694e-01   9.7586207e-01
   1.5800415e-01   9.7758621e-01
   1.6165953e-01   9.7931034e-01
   1.6359671e-01   9.8103448e-01
   1.6400914e-01   9.8275862e-01
   1.6428890e-01   9.8448276e-01
   1.6592552e-01   9.8620690e-01
   1.7862106e-01   9.8793103e-01
   1.7954599e-01   9.8965517e-01
   1.8715027e-01   9.9137931e-01
   1.9184555e-01   9.9310345e-01
   2.0042608e-01   9.9482759e-01
   2.1862211e-01   9.9655172e-01
   2.1924069e-01   9.9827586e-01
   2.2505729e-01   1.0000000e+00
