   1.9664000e-03   0.0000000e+00
   1.9664000e-03   2.6595745e-03
   2.3600000e-03   1.5957447e-02
   2.7528000e-03   1.8617021e-02
   3.1464000e-03   3.7234043e-02
   3.5400000e-03   4.7872340e-02
   3.9328000e-03   8.2446809e-02
   4.3264000e-03   9.0425532e-02
   4.7200000e-03   1.1170213e-01
   5.1128000e-03   1.3031915e-01
   5.5064000e-03   1.4095745e-01
   5.9000000e-03   1.5691489e-01
   6.2928000e-03   1.8351064e-01
   6.6864000e-03   1.9680851e-01
   7.0800000e-03   2.0212766e-01
   7.4728000e-03   2.5531915e-01
   7.8664000e-03   2.8191489e-01
   8.2600000e-03   3.1914894e-01
   8.6528000e-03   3.4308511e-01
   9.0464000e-03   3.6436170e-01
   9.4392000e-03   3.8563830e-01
   9.8328000e-03   4.0425532e-01
   1.0226400e-02   4.2287234e-01
   1.0619200e-02   4.4414894e-01
   1.1012800e-02   4.5212766e-01
   1.1406400e-02   4.6010638e-01
   1.1799200e-02   4.7606383e-01
   1.2192800e-02   5.0000000e-01
   1.2585600e-02   5.0531915e-01
   1.2979200e-02   5.1329787e-01
   1.3372800e-02   5.1861702e-01
   1.3766400e-02   5.4787234e-01
   1.4159200e-02   5.5851064e-01
   1.4552800e-02   5.6914894e-01
   1.4945600e-02   5.7712766e-01
   1.5339200e-02   5.8776596e-01
   1.5732800e-02   5.9308511e-01
   1.6125600e-02   6.0372340e-01
   1.6519200e-02   6.0904255e-01
   1.6912800e-02   6.1170213e-01
   1.7699200e-02   6.1436170e-01
   1.8092800e-02   6.2765957e-01
   1.8879200e-02   6.3829787e-01
   1.9272800e-02   6.4893617e-01
   1.9665600e-02   6.5691489e-01
   2.0059200e-02   6.6223404e-01
   2.0452000e-02   6.6755319e-01
   2.0845600e-02   6.7021277e-01
   2.1239200e-02   6.7553191e-01
   2.2025600e-02   6.7819149e-01
   2.2419200e-02   6.8882979e-01
   2.2812000e-02   6.9414894e-01
   2.3205600e-02   6.9946809e-01
   2.3599200e-02   7.1010638e-01
   2.3992000e-02   7.1808511e-01
   2.4385600e-02   7.2074468e-01
   2.5172000e-02   7.3404255e-01
   2.5565600e-02   7.4202128e-01
   2.6352000e-02   7.4734043e-01
   2.6745600e-02   7.5000000e-01
   2.7925600e-02   7.5797872e-01
   2.8712000e-02   7.6329787e-01
   2.9104800e-02   7.6861702e-01
   2.9498400e-02   7.7393617e-01
   3.1072000e-02   7.7925532e-01
   3.1464800e-02   7.8191489e-01
   3.1858400e-02   7.8457447e-01
   3.2252000e-02   7.9255319e-01
   3.2644800e-02   7.9521277e-01
   3.3432000e-02   7.9787234e-01
   3.3824800e-02   8.0319149e-01
   3.4611200e-02   8.0585106e-01
   3.5004800e-02   8.0851064e-01
   3.6184800e-02   8.1117021e-01
   3.6578400e-02   8.1382979e-01
   3.7364800e-02   8.1648936e-01
   3.8938400e-02   8.1914894e-01
   3.9331200e-02   8.2446809e-01
   3.9724800e-02   8.2712766e-01
   4.0117600e-02   8.2978723e-01
   4.0904800e-02   8.3244681e-01
   4.1297600e-02   8.3510638e-01
   4.1691200e-02   8.3776596e-01
   4.2084800e-02   8.4574468e-01
   4.2477600e-02   8.4840426e-01
   4.2871200e-02   8.5106383e-01
   4.4051200e-02   8.5372340e-01
   4.4444800e-02   8.5638298e-01
   4.4837600e-02   8.6170213e-01
   4.5624000e-02   8.6436170e-01
   4.6804000e-02   8.6702128e-01
   4.8771200e-02   8.6968085e-01
   4.9951200e-02   8.7234043e-01
   5.0737600e-02   8.8031915e-01
   5.1130400e-02   8.8297872e-01
   5.1524000e-02   8.8563830e-01
   5.2310400e-02   8.8829787e-01
   5.3097600e-02   8.9095745e-01
   5.4277600e-02   8.9361702e-01
   5.5064000e-02   8.9893617e-01
   5.6244000e-02   9.0159574e-01
   5.7030400e-02   9.0425532e-01
   5.7424000e-02   9.1223404e-01
   5.8210400e-02   9.1489362e-01
   5.8604000e-02   9.2021277e-01
   5.8996800e-02   9.2287234e-01
   5.9390400e-02   9.2819149e-01
   6.1356800e-02   9.3085106e-01
   6.1750400e-02   9.3351064e-01
   6.3323200e-02   9.3617021e-01
   6.3716800e-02   9.3882979e-01
   6.5290400e-02   9.4148936e-01
   6.5683200e-02   9.4414894e-01
   6.7649600e-02   9.4946809e-01
   7.0403200e-02   9.5212766e-01
   7.1189600e-02   9.5478723e-01
   7.3549600e-02   9.5744681e-01
   7.3943200e-02   9.6010638e-01
   7.4336000e-02   9.6276596e-01
   8.0629600e-02   9.6542553e-01
   8.4562400e-02   9.6808511e-01
   8.6136000e-02   9.7074468e-01
   9.0068800e-02   9.7340426e-01
   9.1248800e-02   9.7606383e-01
   9.2428800e-02   9.7872340e-01
   9.4395200e-02   9.8138298e-01
   9.4788800e-02   9.8404255e-01
   9.6361600e-02   9.8670213e-01
   1.0029520e-01   9.8936170e-01
   1.0147520e-01   9.9202128e-01
   1.1052080e-01   9.9468085e-01
   1.2350080e-01   9.9734043e-01
   1.2900720e-01   1.0000000e+00
