   2.0728000e-03   0.0000000e+00
   2.0728000e-03   5.2826202e-04
   2.4872000e-03   1.5847861e-03
   2.9016000e-03   4.2260961e-03
   3.3160000e-03   8.4521923e-03
   3.7304000e-03   1.6376123e-02
   4.1448000e-03   2.3771791e-02
   4.5592000e-03   3.9619651e-02
   4.9744000e-03   6.6561014e-02
   5.3888000e-03   8.6634971e-02
   5.8032000e-03   1.1568938e-01
   6.2176000e-03   1.4527205e-01
   6.6320000e-03   1.7855256e-01
   7.0464000e-03   2.3666138e-01
   7.4608000e-03   2.8314844e-01
   7.8760000e-03   3.3069202e-01
   8.2904000e-03   3.7189646e-01
   8.7048000e-03   4.1574221e-01
   9.1192000e-03   4.4690967e-01
   9.5336000e-03   4.8652932e-01
   9.9480000e-03   5.1294242e-01
   1.0362400e-02   5.3777073e-01
   1.0777600e-02   5.7369255e-01
   1.1192000e-02   5.9323825e-01
   1.1606400e-02   6.2070787e-01
   1.2020800e-02   6.4395140e-01
   1.2435200e-02   6.5874274e-01
   1.2849600e-02   6.7987322e-01
   1.3264000e-02   6.9519282e-01
   1.3678400e-02   7.0839937e-01
   1.4093600e-02   7.3217116e-01
   1.4508000e-02   7.4379292e-01
   1.4922400e-02   7.5699947e-01
   1.5336800e-02   7.8235605e-01
   1.5751200e-02   7.9397781e-01
   1.6165600e-02   8.0243001e-01
   1.6580000e-02   8.1669308e-01
   1.6994400e-02   8.2514527e-01
   1.7409600e-02   8.3148442e-01
   1.7824000e-02   8.4363444e-01
   1.8238400e-02   8.5050185e-01
   1.8652800e-02   8.5472795e-01
   1.9067200e-02   8.6265188e-01
   1.9481600e-02   8.6846276e-01
   1.9896800e-02   8.7216059e-01
   2.0311200e-02   8.8061278e-01
   2.0725600e-02   8.8695193e-01
   2.1140000e-02   8.9381933e-01
   2.1554400e-02   8.9857369e-01
   2.1968800e-02   9.0121500e-01
   2.2383200e-02   9.0385631e-01
   2.2797600e-02   9.0544110e-01
   2.3212000e-02   9.1019546e-01
   2.3627200e-02   9.1442155e-01
   2.4041600e-02   9.1917591e-01
   2.4456000e-02   9.2181722e-01
   2.4870400e-02   9.2445853e-01
   2.5284800e-02   9.2815637e-01
   2.5699200e-02   9.2974115e-01
   2.6113600e-02   9.3132594e-01
   2.6528800e-02   9.3396725e-01
   2.6943200e-02   9.3608030e-01
   2.7357600e-02   9.3872161e-01
   2.7772000e-02   9.4136292e-01
   2.8186400e-02   9.4453249e-01
   2.8600800e-02   9.4611727e-01
   2.9015200e-02   9.4717380e-01
   2.9430400e-02   9.5087163e-01
   2.9844800e-02   9.5139989e-01
   3.0259200e-02   9.5192816e-01
   3.0673600e-02   9.5351294e-01
   3.1088000e-02   9.5456947e-01
   3.1502400e-02   9.5509773e-01
   3.1916800e-02   9.5773904e-01
   3.2331200e-02   9.5826730e-01
   3.2746400e-02   9.6090861e-01
   3.3160800e-02   9.6249340e-01
   3.3575200e-02   9.6407818e-01
   3.3989600e-02   9.6460644e-01
   3.4404000e-02   9.6566297e-01
   3.4818400e-02   9.6724775e-01
   3.5232800e-02   9.6883254e-01
   3.5648000e-02   9.7041733e-01
   3.6062400e-02   9.7305864e-01
   3.6891200e-02   9.7358690e-01
   3.7305600e-02   9.7464342e-01
   3.7720000e-02   9.7569995e-01
   3.8134400e-02   9.7781300e-01
   3.9378400e-02   9.7886952e-01
   4.0207200e-02   9.7939778e-01
   4.1036000e-02   9.7992604e-01
   4.1450400e-02   9.8098257e-01
   4.1865600e-02   9.8203909e-01
   4.2694400e-02   9.8309562e-01
   4.4352000e-02   9.8362388e-01
   4.4767200e-02   9.8468040e-01
   4.5181600e-02   9.8520866e-01
   4.6010400e-02   9.8573693e-01
   4.7253600e-02   9.8732171e-01
   4.7668000e-02   9.8784997e-01
   5.0569600e-02   9.8837824e-01
   5.0984800e-02   9.8890650e-01
   5.3056800e-02   9.8996302e-01
   5.4300800e-02   9.9049128e-01
   5.5544000e-02   9.9154781e-01
   5.6788000e-02   9.9207607e-01
   5.8031200e-02   9.9260433e-01
   6.1347200e-02   9.9313259e-01
   6.3834400e-02   9.9366086e-01
   6.4663200e-02   9.9418912e-01
   6.7564800e-02   9.9471738e-01
   6.7979200e-02   9.9524564e-01
   7.3782400e-02   9.9577390e-01
   7.5440000e-02   9.9630217e-01
   7.5855200e-02   9.9683043e-01
   7.8756800e-02   9.9735869e-01
   8.2901600e-02   9.9788695e-01
   8.4559200e-02   9.9841521e-01
   8.7046400e-02   9.9894348e-01
   8.7460800e-02   9.9947174e-01
   9.2435200e-02   1.0000000e+00
