   4.8488000e-03   0.0000000e+00
   4.8488000e-03   5.8139535e-03
   5.1952000e-03   1.7441860e-02
   5.8872000e-03   2.9069767e-02
   6.2336000e-03   4.6511628e-02
   6.5800000e-03   5.8139535e-02
   7.6192000e-03   6.3953488e-02
   7.9656000e-03   6.9767442e-02
   8.3120000e-03   7.5581395e-02
   8.6584000e-03   9.3023256e-02
   9.0040000e-03   1.0465116e-01
   9.3504000e-03   1.1627907e-01
   9.6968000e-03   1.2209302e-01
   1.0043200e-02   1.3372093e-01
   1.0389600e-02   1.4534884e-01
   1.1082400e-02   1.5116279e-01
   1.1428800e-02   1.6279070e-01
   1.1775200e-02   1.8604651e-01
   1.2467200e-02   1.9767442e-01
   1.3160000e-02   2.1511628e-01
   1.3506400e-02   2.3255814e-01
   1.4199200e-02   2.4418605e-01
   1.4545600e-02   2.5000000e-01
   1.4892000e-02   2.6162791e-01
   1.5238400e-02   2.7906977e-01
   1.5584800e-02   2.9069767e-01
   1.5930400e-02   2.9651163e-01
   1.6276800e-02   3.0813953e-01
   1.6969600e-02   3.1395349e-01
   1.7662400e-02   3.1976744e-01
   1.8008800e-02   3.2558140e-01
   1.8701600e-02   3.3720930e-01
   1.9048000e-02   3.4302326e-01
   1.9393600e-02   3.6627907e-01
   2.0086400e-02   3.7209302e-01
   2.0779200e-02   3.7790698e-01
   2.1125600e-02   3.8953488e-01
   2.1472000e-02   3.9534884e-01
   2.1818400e-02   4.1860465e-01
   2.2164800e-02   4.2441860e-01
   2.2511200e-02   4.4767442e-01
   2.2856800e-02   4.5930233e-01
   2.3896000e-02   4.7093023e-01
   2.4242400e-02   4.7674419e-01
   2.4588800e-02   4.8837209e-01
   2.4935200e-02   4.9418605e-01
   2.5974400e-02   5.0000000e-01
   2.6320000e-02   5.0581395e-01
   2.6666400e-02   5.1162791e-01
   2.7012800e-02   5.2325581e-01
   2.7705600e-02   5.3488372e-01
   2.8052000e-02   5.5232558e-01
   2.8398400e-02   5.5813953e-01
   2.8744800e-02   5.6395349e-01
   2.9091200e-02   5.6976744e-01
   2.9437600e-02   5.7558140e-01
   2.9783200e-02   5.8139535e-01
   3.0129600e-02   5.8720930e-01
   3.0476000e-02   5.9883721e-01
   3.0822400e-02   6.0465116e-01
   3.1515200e-02   6.1046512e-01
   3.1861600e-02   6.2790698e-01
   3.2208000e-02   6.3953488e-01
   3.2554400e-02   6.4534884e-01
   3.3246400e-02   6.5116279e-01
   3.3592800e-02   6.5697674e-01
   3.3939200e-02   6.6279070e-01
   3.4285600e-02   6.6860465e-01
   3.4978400e-02   6.8604651e-01
   3.5324800e-02   6.9186047e-01
   3.5671200e-02   7.0348837e-01
   3.6017600e-02   7.0930233e-01
   3.6364000e-02   7.1511628e-01
   3.7748800e-02   7.2093023e-01
   3.8788000e-02   7.2674419e-01
   3.9134400e-02   7.3255814e-01
   4.1558400e-02   7.3837209e-01
   4.2597600e-02   7.4418605e-01
   4.2944000e-02   7.5000000e-01
   4.3636000e-02   7.5581395e-01
   4.3982400e-02   7.6162791e-01
   4.4328800e-02   7.6744186e-01
   4.4675200e-02   7.7325581e-01
   4.5714400e-02   7.7906977e-01
   4.6407200e-02   7.8488372e-01
   4.7100000e-02   7.9069767e-01
   4.7445600e-02   8.0232558e-01
   4.8831200e-02   8.0813953e-01
   4.9524000e-02   8.1395349e-01
   4.9870400e-02   8.1976744e-01
   5.0908800e-02   8.2558140e-01
   5.2640800e-02   8.3139535e-01
   5.2987200e-02   8.4883721e-01
   5.9567200e-02   8.5465116e-01
   6.0260000e-02   8.6046512e-01
   6.0952000e-02   8.6627907e-01
   6.1644800e-02   8.7209302e-01
   6.3376800e-02   8.7790698e-01
   6.4415200e-02   8.8372093e-01
   6.5108000e-02   8.8953488e-01
   6.5454400e-02   8.9534884e-01
   6.6147200e-02   9.0116279e-01
   6.8224800e-02   9.0697674e-01
   6.9956800e-02   9.1279070e-01
   7.0649600e-02   9.1860465e-01
   7.3073600e-02   9.2441860e-01
   7.3420000e-02   9.3023256e-01
   7.4459200e-02   9.3604651e-01
   7.5151200e-02   9.4186047e-01
   7.5497600e-02   9.4767442e-01
   7.6536800e-02   9.5348837e-01
   8.0000000e-02   9.5930233e-01
   8.6580000e-02   9.6511628e-01
   8.7272800e-02   9.7093023e-01
   9.2467200e-02   9.7674419e-01
   9.5238400e-02   9.8255814e-01
   1.1324640e-01   9.8837209e-01
   1.2640720e-01   9.9418605e-01
   1.7246720e-01   1.0000000e+00
