   2.9560000e-03   0.0000000e+00
   2.9560000e-03   2.6595745e-03
   4.5976000e-03   5.3191489e-03
   5.2544000e-03   7.9787234e-03
   5.5832000e-03   1.3297872e-02
   5.9112000e-03   1.5957447e-02
   6.2400000e-03   1.8617021e-02
   6.8968000e-03   2.1276596e-02
   7.2248000e-03   2.9255319e-02
   7.5536000e-03   4.2553191e-02
   8.2104000e-03   4.7872340e-02
   8.5384000e-03   5.0531915e-02
   8.8672000e-03   6.6489362e-02
   9.1952000e-03   7.4468085e-02
   9.5240000e-03   8.5106383e-02
   9.8520000e-03   1.0372340e-01
   1.0180800e-02   1.1968085e-01
   1.0508800e-02   1.2500000e-01
   1.0837600e-02   1.3563830e-01
   1.1165600e-02   1.4095745e-01
   1.1494400e-02   1.5159574e-01
   1.1822400e-02   1.6223404e-01
   1.2151200e-02   1.6755319e-01
   1.2479200e-02   1.7819149e-01
   1.2808000e-02   1.8351064e-01
   1.3136000e-02   1.9148936e-01
   1.3464800e-02   1.9946809e-01
   1.3792800e-02   2.1542553e-01
   1.4121600e-02   2.2340426e-01
   1.4449600e-02   2.3404255e-01
   1.4778400e-02   2.3670213e-01
   1.5106400e-02   2.4468085e-01
   1.5435200e-02   2.5797872e-01
   1.5763200e-02   2.7659574e-01
   1.6092000e-02   2.9521277e-01
   1.6420000e-02   2.9787234e-01
   1.6748800e-02   3.1117021e-01
   1.7077600e-02   3.1648936e-01
   1.7405600e-02   3.3244681e-01
   1.7733600e-02   3.3510638e-01
   1.8062400e-02   3.5106383e-01
   1.8390400e-02   3.5904255e-01
   1.8719200e-02   3.7234043e-01
   1.9048000e-02   3.8563830e-01
   1.9376000e-02   3.9893617e-01
   1.9704000e-02   4.0425532e-01
   2.0032800e-02   4.3351064e-01
   2.0361600e-02   4.3882979e-01
   2.0689600e-02   4.4680851e-01
   2.1018400e-02   4.5744681e-01
   2.1346400e-02   4.6542553e-01
   2.1675200e-02   4.7074468e-01
   2.2003200e-02   4.8138298e-01
   2.2332000e-02   4.9468085e-01
   2.2660000e-02   5.1063830e-01
   2.2988800e-02   5.2393617e-01
   2.3316800e-02   5.3191489e-01
   2.3645600e-02   5.3457447e-01
   2.4302400e-02   5.4787234e-01
   2.4630400e-02   5.5053191e-01
   2.4959200e-02   5.6914894e-01
   2.5616000e-02   5.7180851e-01
   2.5944000e-02   5.7446809e-01
   2.6272800e-02   5.9042553e-01
   2.6600800e-02   5.9840426e-01
   2.6929600e-02   6.0372340e-01
   2.7257600e-02   6.1170213e-01
   2.7586400e-02   6.1436170e-01
   2.8243200e-02   6.2500000e-01
   2.8571200e-02   6.3829787e-01
   2.8900000e-02   6.4627660e-01
   2.9556800e-02   6.5425532e-01
   2.9884800e-02   6.5957447e-01
   3.0213600e-02   6.6489362e-01
   3.0541600e-02   6.7287234e-01
   3.0870400e-02   6.8351064e-01
   3.1198400e-02   6.8882979e-01
   3.1855200e-02   6.9414894e-01
   3.2184000e-02   6.9680851e-01
   3.2512000e-02   7.1276596e-01
   3.3168800e-02   7.1808511e-01
   3.3497600e-02   7.2074468e-01
   3.3825600e-02   7.2872340e-01
   3.4482400e-02   7.3138298e-01
   3.4811200e-02   7.4202128e-01
   3.5139200e-02   7.4468085e-01
   3.5468000e-02   7.4734043e-01
   3.5796800e-02   7.5000000e-01
   3.6124800e-02   7.6861702e-01
   3.6453600e-02   7.7393617e-01
   3.6781600e-02   7.7659574e-01
   3.7109600e-02   7.7925532e-01
   3.7438400e-02   7.8723404e-01
   3.7767200e-02   7.9521277e-01
   3.8095200e-02   7.9787234e-01
   3.8424000e-02   8.0319149e-01
   3.8752000e-02   8.0585106e-01
   3.9737600e-02   8.0851064e-01
   4.0394400e-02   8.1117021e-01
   4.1051200e-02   8.1382979e-01
   4.1708000e-02   8.1648936e-01
   4.2692800e-02   8.2712766e-01
   4.3021600e-02   8.3244681e-01
   4.3349600e-02   8.3510638e-01
   4.3678400e-02   8.3776596e-01
   4.4006400e-02   8.4042553e-01
   4.4335200e-02   8.5106383e-01
   4.4663200e-02   8.5372340e-01
   4.4992000e-02   8.6170213e-01
   4.5648800e-02   8.6436170e-01
   4.6962400e-02   8.6702128e-01
   4.7290400e-02   8.7765957e-01
   4.9260800e-02   8.8031915e-01
   4.9589600e-02   8.8563830e-01
   4.9917600e-02   8.9361702e-01
   5.0246400e-02   8.9627660e-01
   5.2544800e-02   8.9893617e-01
   5.4187200e-02   9.0159574e-01
   5.5829600e-02   9.0425532e-01
   5.6157600e-02   9.0691489e-01
   5.6814400e-02   9.1223404e-01
   5.8128000e-02   9.1489362e-01
   5.8456800e-02   9.1755319e-01
   5.8784800e-02   9.2021277e-01
   5.9113600e-02   9.2553191e-01
   6.0098400e-02   9.3085106e-01
   6.0427200e-02   9.3351064e-01
   6.1084000e-02   9.3617021e-01
   6.2725600e-02   9.3882979e-01
   6.3382400e-02   9.4148936e-01
   6.3711200e-02   9.4680851e-01
   6.4696000e-02   9.5212766e-01
   6.5024800e-02   9.6010638e-01
   6.6338400e-02   9.6276596e-01
   6.6995200e-02   9.6542553e-01
   6.7323200e-02   9.6808511e-01
   6.7652000e-02   9.7074468e-01
   6.9293600e-02   9.7340426e-01
   7.1264800e-02   9.7872340e-01
   7.1920800e-02   9.8138298e-01
   7.3234400e-02   9.8404255e-01
   7.4220000e-02   9.8670213e-01
   7.7504000e-02   9.8936170e-01
   8.0788000e-02   9.9202128e-01
   8.2430400e-02   9.9468085e-01
   8.5385600e-02   9.9734043e-01
   9.2611200e-02   1.0000000e+00
