   3.6144000e-03   0.0000000e+00
   3.6144000e-03   2.8985507e-03
   4.0160000e-03   1.7391304e-02
   4.4176000e-03   2.3188406e-02
   4.8192000e-03   3.7681159e-02
   5.2208000e-03   6.3768116e-02
   5.6224000e-03   8.4057971e-02
   6.0240000e-03   1.1014493e-01
   6.4256000e-03   1.6811594e-01
   6.8272000e-03   1.9420290e-01
   7.2288000e-03   2.2608696e-01
   7.6304000e-03   2.6956522e-01
   8.0320000e-03   2.7826087e-01
   8.4336000e-03   3.0144928e-01
   8.8352000e-03   3.2463768e-01
   9.2368000e-03   3.5362319e-01
   9.6384000e-03   3.8260870e-01
   1.0040000e-02   3.9710145e-01
   1.0441600e-02   4.1159420e-01
   1.0843200e-02   4.3768116e-01
   1.1244800e-02   4.5217391e-01
   1.1646400e-02   5.0434783e-01
   1.2048000e-02   5.1884058e-01
   1.2449600e-02   5.4202899e-01
   1.2851200e-02   5.7971014e-01
   1.3252800e-02   6.0000000e-01
   1.3654400e-02   6.2318841e-01
   1.4056000e-02   6.4347826e-01
   1.4457600e-02   6.6376812e-01
   1.4859200e-02   6.7536232e-01
   1.5260800e-02   6.8405797e-01
   1.5662400e-02   6.8695652e-01
   1.6465600e-02   7.0144928e-01
   1.6867200e-02   7.1594203e-01
   1.7268800e-02   7.2463768e-01
   1.8072000e-02   7.3623188e-01
   1.8473600e-02   7.4492754e-01
   1.8875200e-02   7.5362319e-01
   1.9276800e-02   7.6521739e-01
   1.9678400e-02   7.6811594e-01
   2.0080000e-02   7.7101449e-01
   2.0481600e-02   7.7391304e-01
   2.0883200e-02   7.7681159e-01
   2.1284800e-02   7.8840580e-01
   2.1686400e-02   7.9710145e-01
   2.2088000e-02   8.0869565e-01
   2.2489600e-02   8.1159420e-01
   2.3694400e-02   8.1739130e-01
   2.4096800e-02   8.2028986e-01
   2.4498400e-02   8.3768116e-01
   2.4899200e-02   8.4057971e-01
   2.5702400e-02   8.5507246e-01
   2.6506400e-02   8.6376812e-01
   2.6907200e-02   8.7246377e-01
   2.8112800e-02   8.7536232e-01
   2.8514400e-02   8.7826087e-01
   2.8916000e-02   8.8695652e-01
   2.9317600e-02   8.8985507e-01
   2.9719200e-02   8.9275362e-01
   3.0522400e-02   8.9565217e-01
   3.0924000e-02   9.0144928e-01
   3.1727200e-02   9.0434783e-01
   3.3735200e-02   9.1014493e-01
   3.6144800e-02   9.1304348e-01
   3.6546400e-02   9.1594203e-01
   3.7349600e-02   9.1884058e-01
   3.7751200e-02   9.2173913e-01
   3.8152800e-02   9.2463768e-01
   3.8554400e-02   9.3043478e-01
   3.9357600e-02   9.3333333e-01
   3.9759200e-02   9.3623188e-01
   4.0160800e-02   9.3913043e-01
   4.3373600e-02   9.4202899e-01
   4.3775200e-02   9.4492754e-01
   4.4578400e-02   9.4782609e-01
   4.6184800e-02   9.5072464e-01
   4.6586400e-02   9.5942029e-01
   4.7791200e-02   9.6231884e-01
   4.8192800e-02   9.6521739e-01
   4.9397600e-02   9.6811594e-01
   4.9799200e-02   9.7101449e-01
   5.6626400e-02   9.7391304e-01
   5.8634400e-02   9.7681159e-01
   6.1847200e-02   9.7971014e-01
   6.5461600e-02   9.8260870e-01
   6.7068000e-02   9.8550725e-01
   6.8272800e-02   9.8840580e-01
   6.9879200e-02   9.9130435e-01
   7.0280800e-02   9.9420290e-01
   7.2288800e-02   9.9710145e-01
   1.0080320e-01   1.0000000e+00
