   4.0564804e-03   0.0000000e+00
   4.0564804e-03   2.8490028e-03
   4.7421659e-03   5.6980057e-03
   4.8484622e-03   8.5470085e-03
   5.0232961e-03   1.1396011e-02
   5.4192607e-03   1.7094017e-02
   5.5951802e-03   1.9943020e-02
   5.8214282e-03   2.2792023e-02
   6.2662351e-03   2.5641026e-02
   6.5675530e-03   3.1339031e-02
   6.6421982e-03   3.4188034e-02
   6.7649478e-03   3.7037037e-02
   6.9785267e-03   4.2735043e-02
   7.3797121e-03   4.5584046e-02
   7.3806438e-03   5.1282051e-02
   7.4505919e-03   5.4131054e-02
   7.7615524e-03   5.6980057e-02
   7.9622935e-03   6.2678063e-02
   8.0232069e-03   6.5527066e-02
   8.1122610e-03   7.4074074e-02
   8.2412838e-03   7.9772080e-02
   8.2768793e-03   8.2621083e-02
   8.5217523e-03   8.5470085e-02
   8.5649984e-03   8.8319088e-02
   8.7454323e-03   9.6866097e-02
   8.8986305e-03   9.9715100e-02
   8.9812195e-03   1.0256410e-01
   9.1086881e-03   1.0541311e-01
   9.1390555e-03   1.0826211e-01
   9.1568792e-03   1.1396011e-01
   9.1739940e-03   1.1680912e-01
   9.2734627e-03   1.1965812e-01
   9.3353048e-03   1.2250712e-01
   9.4379902e-03   1.2535613e-01
   9.4837332e-03   1.2820513e-01
   9.5930384e-03   1.3105413e-01
   9.6575947e-03   1.3390313e-01
   9.6973785e-03   1.3675214e-01
   9.7155513e-03   1.4245014e-01
   9.7493491e-03   1.4529915e-01
   9.7525980e-03   1.5099715e-01
   9.8258346e-03   1.5384615e-01
   9.9332640e-03   1.5669516e-01
   1.0004591e-02   1.5954416e-01
   1.0021449e-02   1.6239316e-01
   1.0023386e-02   1.6524217e-01
   1.0301910e-02   1.6809117e-01
   1.0397301e-02   1.7378917e-01
   1.0440625e-02   1.7663818e-01
   1.0516181e-02   1.7948718e-01
   1.0623981e-02   1.8233618e-01
   1.0727081e-02   1.8518519e-01
   1.0874509e-02   1.8803419e-01
   1.0888961e-02   1.9088319e-01
   1.0895307e-02   1.9373219e-01
   1.0934416e-02   1.9658120e-01
   1.0972080e-02   1.9943020e-01
   1.1182803e-02   2.0227920e-01
   1.1202677e-02   2.0512821e-01
   1.1207094e-02   2.0797721e-01
   1.1262037e-02   2.2222222e-01
   1.1398108e-02   2.2507123e-01
   1.1401295e-02   2.2792023e-01
   1.1642856e-02   2.3076923e-01
   1.1782770e-02   2.3361823e-01
   1.1799082e-02   2.3646724e-01
   1.1940309e-02   2.3931624e-01
   1.2064662e-02   2.4216524e-01
   1.2077321e-02   2.4786325e-01
   1.2079982e-02   2.5071225e-01
   1.2190508e-02   2.5356125e-01
   1.2289112e-02   2.5641026e-01
   1.2361926e-02   2.6210826e-01
   1.2448126e-02   2.6780627e-01
   1.2643829e-02   2.7350427e-01
   1.2652637e-02   2.7635328e-01
   1.2665017e-02   2.7920228e-01
   1.2880370e-02   2.8205128e-01
   1.2951993e-02   2.8490028e-01
   1.3284808e-02   2.9059829e-01
   1.3375150e-02   2.9344729e-01
   1.3472391e-02   2.9629630e-01
   1.3555742e-02   2.9914530e-01
   1.3574905e-02   3.0199430e-01
   1.3601488e-02   3.0484330e-01
   1.3633086e-02   3.0769231e-01
   1.3768187e-02   3.1054131e-01
   1.3835571e-02   3.1339031e-01
   1.3968359e-02   3.1623932e-01
   1.4063400e-02   3.1908832e-01
   1.4139921e-02   3.2193732e-01
   1.4167132e-02   3.2478632e-01
   1.4293471e-02   3.2763533e-01
   1.4420366e-02   3.3048433e-01
   1.4498685e-02   3.3333333e-01
   1.4560452e-02   3.3618234e-01
   1.4573369e-02   3.3903134e-01
   1.4655000e-02   3.4188034e-01
   1.4759978e-02   3.4472934e-01
   1.4760648e-02   3.4757835e-01
   1.4818644e-02   3.5042735e-01
   1.4820766e-02   3.5327635e-01
   1.4913233e-02   3.5612536e-01
   1.5034797e-02   3.5897436e-01
   1.5101754e-02   3.6182336e-01
   1.5138482e-02   3.6467236e-01
   1.5259068e-02   3.6752137e-01
   1.5301295e-02   3.7037037e-01
   1.5362756e-02   3.7321937e-01
   1.5746312e-02   3.7606838e-01
   1.5838588e-02   3.7891738e-01
   1.5890212e-02   3.8176638e-01
   1.5896165e-02   3.8461538e-01
   1.5974601e-02   3.8746439e-01
   1.6004203e-02   3.9031339e-01
   1.6037865e-02   3.9316239e-01
   1.6140152e-02   3.9601140e-01
   1.6184625e-02   3.9886040e-01
   1.6190410e-02   4.0170940e-01
   1.6341235e-02   4.0455840e-01
   1.6620530e-02   4.0740741e-01
   1.6804561e-02   4.1025641e-01
   1.6818307e-02   4.1310541e-01
   1.6901759e-02   4.1595442e-01
   1.7043062e-02   4.1880342e-01
   1.7068363e-02   4.2165242e-01
   1.7088928e-02   4.2450142e-01
   1.7189693e-02   4.2735043e-01
   1.7226084e-02   4.3019943e-01
   1.7371037e-02   4.3304843e-01
   1.7400904e-02   4.3589744e-01
   1.7402336e-02   4.4159544e-01
   1.7524337e-02   4.4444444e-01
   1.7853429e-02   4.5014245e-01
   1.7956766e-02   4.5299145e-01
   1.8158904e-02   4.5584046e-01
   1.8538897e-02   4.6153846e-01
   1.8586944e-02   4.6438746e-01
   1.8709137e-02   4.6723647e-01
   1.9150406e-02   4.7008547e-01
   1.9230889e-02   4.7293447e-01
   1.9404409e-02   4.7578348e-01
   1.9455058e-02   4.7863248e-01
   1.9459141e-02   4.8148148e-01
   1.9734955e-02   4.8433048e-01
   2.0046207e-02   4.8717949e-01
   2.0232520e-02   4.9002849e-01
   2.0281390e-02   4.9287749e-01
   2.0905296e-02   4.9572650e-01
   2.1009002e-02   4.9857550e-01
   2.1080527e-02   5.0427350e-01
   2.1161009e-02   5.0712251e-01
   2.1394545e-02   5.0997151e-01
   2.1602288e-02   5.1282051e-01
   2.1759520e-02   5.1566952e-01
   2.1791168e-02   5.1851852e-01
   2.2016324e-02   5.2136752e-01
   2.2365554e-02   5.2421652e-01
   2.2381470e-02   5.2706553e-01
   2.2405354e-02   5.2991453e-01
   2.2524074e-02   5.3276353e-01
   2.2689379e-02   5.3561254e-01
   2.2787145e-02   5.3846154e-01
   2.2993844e-02   5.4415954e-01
   2.3117418e-02   5.4700855e-01
   2.3392959e-02   5.4985755e-01
   2.3565833e-02   5.5270655e-01
   2.3699186e-02   5.5555556e-01
   2.3837883e-02   5.5840456e-01
   2.4424821e-02   5.6125356e-01
   2.4440119e-02   5.6410256e-01
   2.4729243e-02   5.6695157e-01
   2.4831639e-02   5.6980057e-01
   2.4973068e-02   5.7264957e-01
   2.5311327e-02   5.7549858e-01
   2.5362704e-02   5.7834758e-01
   2.5529935e-02   5.8119658e-01
   2.5603674e-02   5.8404558e-01
   2.5888220e-02   5.8689459e-01
   2.5905116e-02   5.8974359e-01
   2.5906098e-02   5.9259259e-01
   2.6598244e-02   5.9544160e-01
   2.6820979e-02   5.9829060e-01
   2.6833623e-02   6.0113960e-01
   2.7014573e-02   6.0398860e-01
   2.7017671e-02   6.0683761e-01
   2.7085952e-02   6.0968661e-01
   2.7111989e-02   6.1253561e-01
   2.7221236e-02   6.1538462e-01
   2.7535764e-02   6.1823362e-01
   2.8275872e-02   6.2108262e-01
   2.8336374e-02   6.2393162e-01
   2.8886185e-02   6.2678063e-01
   2.9522416e-02   6.2962963e-01
   2.9747782e-02   6.3247863e-01
   3.0063852e-02   6.3532764e-01
   3.0069592e-02   6.3817664e-01
   3.0150963e-02   6.4102564e-01
   3.0206929e-02   6.4387464e-01
   3.0932759e-02   6.4672365e-01
   3.1003146e-02   6.4957265e-01
   3.1051573e-02   6.5242165e-01
   3.1956295e-02   6.5527066e-01
   3.2161843e-02   6.5811966e-01
   3.2527635e-02   6.6096866e-01
   3.2535475e-02   6.6381766e-01
   3.2706685e-02   6.6666667e-01
   3.2968567e-02   6.6951567e-01
   3.3084542e-02   6.7236467e-01
   3.3567128e-02   6.7521368e-01
   3.4048553e-02   6.7806268e-01
   3.4392892e-02   6.8091168e-01
   3.4804672e-02   6.8376068e-01
   3.5220822e-02   6.8660969e-01
   3.5347307e-02   6.8945869e-01
   3.5725752e-02   6.9230769e-01
   3.6216056e-02   6.9515670e-01
   3.6580798e-02   6.9800570e-01
   3.8548748e-02   7.0085470e-01
   3.8757328e-02   7.0370370e-01
   3.8861494e-02   7.0655271e-01
   3.9321702e-02   7.0940171e-01
   3.9647889e-02   7.1225071e-01
   3.9725290e-02   7.1509972e-01
   3.9854582e-02   7.1794872e-01
   4.0244295e-02   7.2079772e-01
   4.0323078e-02   7.2364672e-01
   4.0324901e-02   7.2649573e-01
   4.0950973e-02   7.2934473e-01
   4.2380816e-02   7.3219373e-01
   4.2481618e-02   7.3504274e-01
   4.2779318e-02   7.3789174e-01
   4.3552352e-02   7.4074074e-01
   4.3862011e-02   7.4358974e-01
   4.5077710e-02   7.4643875e-01
   4.5296049e-02   7.4928775e-01
   4.6366218e-02   7.5213675e-01
   4.6384155e-02   7.5498575e-01
   4.6786394e-02   7.5783476e-01
   4.8379309e-02   7.6068376e-01
   4.8695504e-02   7.6353276e-01
   4.9026106e-02   7.6638177e-01
   4.9738165e-02   7.6923077e-01
   4.9940947e-02   7.7207977e-01
   5.0822608e-02   7.7492877e-01
   5.2078999e-02   7.7777778e-01
   5.3782287e-02   7.8062678e-01
   5.5302880e-02   7.8347578e-01
   5.6202515e-02   7.8632479e-01
   5.6210739e-02   7.8917379e-01
   5.6351446e-02   7.9202279e-01
   5.6497238e-02   7.9487179e-01
   5.7018106e-02   7.9772080e-01
   5.7162088e-02   8.0056980e-01
   5.7403686e-02   8.0341880e-01
   5.7988452e-02   8.0626781e-01
   5.9022370e-02   8.0911681e-01
   5.9090880e-02   8.1196581e-01
   5.9104379e-02   8.1481481e-01
   5.9182761e-02   8.1766382e-01
   5.9360623e-02   8.2051282e-01
   5.9480540e-02   8.2336182e-01
   6.0318662e-02   8.2621083e-01
   6.0880415e-02   8.2905983e-01
   6.2005589e-02   8.3190883e-01
   6.2108191e-02   8.3475783e-01
   6.2570707e-02   8.3760684e-01
   6.5446656e-02   8.4045584e-01
   6.5917844e-02   8.4330484e-01
   6.5930695e-02   8.4615385e-01
   6.6712703e-02   8.4900285e-01
   6.7679508e-02   8.5185185e-01
   6.7990730e-02   8.5470085e-01
   6.8577767e-02   8.5754986e-01
   6.8891204e-02   8.6039886e-01
   6.8993766e-02   8.6324786e-01
   7.0700611e-02   8.6609687e-01
   7.1225784e-02   8.6894587e-01
   7.1321228e-02   8.7179487e-01
   7.1793765e-02   8.7464387e-01
   7.3177749e-02   8.7749288e-01
   7.3798207e-02   8.8034188e-01
   7.4495946e-02   8.8319088e-01
   7.6122123e-02   8.8603989e-01
   7.6576116e-02   8.8888889e-01
   7.7095746e-02   8.9173789e-01
   7.7875878e-02   8.9458689e-01
   7.7943643e-02   8.9743590e-01
   8.4344326e-02   9.0028490e-01
   8.4850159e-02   9.0313390e-01
   8.9472245e-02   9.0598291e-01
   8.9990751e-02   9.0883191e-01
   9.0906878e-02   9.1168091e-01
   9.1323510e-02   9.1452991e-01
   9.2618170e-02   9.1737892e-01
   9.3013027e-02   9.2022792e-01
   9.4788174e-02   9.2307692e-01
   9.6184345e-02   9.2592593e-01
   9.8373915e-02   9.2877493e-01
   9.9208934e-02   9.3162393e-01
   1.0096134e-01   9.3447293e-01
   1.0179398e-01   9.3732194e-01
   1.0200069e-01   9.4017094e-01
   1.0308522e-01   9.4301994e-01
   1.0340490e-01   9.4586895e-01
   1.0528319e-01   9.4871795e-01
   1.0531148e-01   9.5156695e-01
   1.0821156e-01   9.5441595e-01
   1.0920162e-01   9.5726496e-01
   1.0945926e-01   9.6011396e-01
   1.1051254e-01   9.6296296e-01
   1.1628592e-01   9.6581197e-01
   1.1694169e-01   9.6866097e-01
   1.2520324e-01   9.7150997e-01
   1.2968542e-01   9.7435897e-01
   1.3217255e-01   9.7720798e-01
   1.4107501e-01   9.8005698e-01
   1.5632851e-01   9.8290598e-01
   1.5680543e-01   9.8575499e-01
   1.5801288e-01   9.8860399e-01
   1.5833718e-01   9.9145299e-01
   1.6286941e-01   9.9430199e-01
   1.7450158e-01   9.9715100e-01
   1.8042903e-01   1.0000000e+00
