   7.3904499e-03   0.0000000e+00
   7.3904499e-03   6.7567568e-03
   7.7069384e-03   1.0135135e-02
   7.7112007e-03   1.3513514e-02
   7.8955165e-03   1.6891892e-02
   8.1442326e-03   2.0270270e-02
   8.3779837e-03   2.3648649e-02
   8.4312445e-03   2.7027027e-02
   8.8140876e-03   3.0405405e-02
   9.0449336e-03   3.3783784e-02
   9.0498832e-03   4.0540541e-02
   9.1034437e-03   4.3918919e-02
   9.2063504e-03   4.7297297e-02
   9.3942005e-03   5.0675676e-02
   9.5148303e-03   5.4054054e-02
   9.7770910e-03   5.7432432e-02
   1.0046698e-02   6.0810811e-02
   1.0077931e-02   6.4189189e-02
   1.0273958e-02   7.0945946e-02
   1.0414870e-02   7.4324324e-02
   1.0430080e-02   7.7702703e-02
   1.0446692e-02   8.1081081e-02
   1.0608259e-02   8.4459459e-02
   1.0716741e-02   8.7837838e-02
   1.0726182e-02   9.1216216e-02
   1.0940510e-02   9.4594595e-02
   1.1050780e-02   9.7972973e-02
   1.1118348e-02   1.0135135e-01
   1.1146522e-02   1.0472973e-01
   1.1388082e-02   1.0810811e-01
   1.1495609e-02   1.1148649e-01
   1.1720137e-02   1.1486486e-01
   1.1735949e-02   1.1824324e-01
   1.1742877e-02   1.2162162e-01
   1.1802690e-02   1.2500000e-01
   1.1803778e-02   1.2837838e-01
   1.1964055e-02   1.3175676e-01
   1.2060839e-02   1.3513514e-01
   1.2414724e-02   1.3851351e-01
   1.2419472e-02   1.4189189e-01
   1.2461242e-02   1.4527027e-01
   1.2541128e-02   1.4864865e-01
   1.2598035e-02   1.5202703e-01
   1.2762593e-02   1.5878378e-01
   1.2833046e-02   1.6216216e-01
   1.3073939e-02   1.6554054e-01
   1.3082995e-02   1.7229730e-01
   1.3396241e-02   1.8243243e-01
   1.3437995e-02   1.8581081e-01
   1.3496352e-02   1.8918919e-01
   1.3508202e-02   1.9256757e-01
   1.3611746e-02   1.9594595e-01
   1.3804845e-02   1.9932432e-01
   1.3862116e-02   2.0270270e-01
   1.4090932e-02   2.0608108e-01
   1.4238489e-02   2.0945946e-01
   1.4407395e-02   2.1621622e-01
   1.4573804e-02   2.1959459e-01
   1.4780900e-02   2.2297297e-01
   1.5069466e-02   2.2635135e-01
   1.5270721e-02   2.2972973e-01
   1.5413309e-02   2.3648649e-01
   1.5453482e-02   2.3986486e-01
   1.5470589e-02   2.4324324e-01
   1.5484553e-02   2.4662162e-01
   1.5765686e-02   2.5000000e-01
   1.5901646e-02   2.5337838e-01
   1.6124935e-02   2.5675676e-01
   1.6132784e-02   2.6013514e-01
   1.6352259e-02   2.6351351e-01
   1.6410745e-02   2.6689189e-01
   1.6437545e-02   2.7027027e-01
   1.6577750e-02   2.7364865e-01
   1.6796929e-02   2.7702703e-01
   1.6814362e-02   2.8040541e-01
   1.6862489e-02   2.8378378e-01
   1.6863827e-02   2.8716216e-01
   1.6958236e-02   2.9391892e-01
   1.7080070e-02   2.9729730e-01
   1.7162985e-02   3.0067568e-01
   1.7219540e-02   3.0405405e-01
   1.7243216e-02   3.0743243e-01
   1.7479526e-02   3.1081081e-01
   1.7535903e-02   3.1418919e-01
   1.7770920e-02   3.1756757e-01
   1.7818285e-02   3.2094595e-01
   1.7914085e-02   3.2432432e-01
   1.8297768e-02   3.2770270e-01
   1.8452654e-02   3.3108108e-01
   1.8812416e-02   3.3445946e-01
   1.9391364e-02   3.3783784e-01
   1.9453715e-02   3.4459459e-01
   1.9672639e-02   3.4797297e-01
   1.9770641e-02   3.5472973e-01
   1.9979619e-02   3.5810811e-01
   2.0451901e-02   3.6148649e-01
   2.0472108e-02   3.6486486e-01
   2.0763409e-02   3.6824324e-01
   2.0943234e-02   3.7162162e-01
   2.0953185e-02   3.7500000e-01
   2.1193882e-02   3.7837838e-01
   2.1564424e-02   3.8175676e-01
   2.1773184e-02   3.8513514e-01
   2.1851550e-02   3.8851351e-01
   2.2019887e-02   3.9189189e-01
   2.2034723e-02   3.9527027e-01
   2.2101502e-02   3.9864865e-01
   2.2153153e-02   4.0202703e-01
   2.2171892e-02   4.0540541e-01
   2.2320426e-02   4.0878378e-01
   2.2467547e-02   4.1554054e-01
   2.2514291e-02   4.1891892e-01
   2.2611201e-02   4.2229730e-01
   2.3134217e-02   4.2567568e-01
   2.3389465e-02   4.2905405e-01
   2.3594504e-02   4.3243243e-01
   2.3775301e-02   4.3581081e-01
   2.3953381e-02   4.3918919e-01
   2.4020105e-02   4.4256757e-01
   2.4154638e-02   4.4594595e-01
   2.5218689e-02   4.4932432e-01
   2.5296305e-02   4.5270270e-01
   2.5488531e-02   4.5608108e-01
   2.5618664e-02   4.5945946e-01
   2.5800581e-02   4.6283784e-01
   2.5967765e-02   4.6621622e-01
   2.6017465e-02   4.6959459e-01
   2.6191074e-02   4.7297297e-01
   2.6219320e-02   4.7635135e-01
   2.6272577e-02   4.7972973e-01
   2.6422981e-02   4.8310811e-01
   2.6514181e-02   4.8986486e-01
   2.6547073e-02   4.9324324e-01
   2.7310851e-02   4.9662162e-01
   2.7547443e-02   5.0000000e-01
   2.7687571e-02   5.0337838e-01
   2.8206283e-02   5.0675676e-01
   2.8280952e-02   5.1013514e-01
   2.8496424e-02   5.1689189e-01
   2.8537139e-02   5.2027027e-01
   2.8753276e-02   5.2364865e-01
   2.8824744e-02   5.2702703e-01
   2.8954980e-02   5.3040541e-01
   2.9201470e-02   5.3378378e-01
   2.9493347e-02   5.3716216e-01
   2.9562930e-02   5.4054054e-01
   2.9597511e-02   5.4391892e-01
   3.0137591e-02   5.4729730e-01
   3.0262855e-02   5.5067568e-01
   3.0469781e-02   5.5405405e-01
   3.0807024e-02   5.5743243e-01
   3.0823550e-02   5.6081081e-01
   3.1086966e-02   5.6418919e-01
   3.1141479e-02   5.6756757e-01
   3.2128455e-02   5.7094595e-01
   3.2520416e-02   5.7432432e-01
   3.2609409e-02   5.7770270e-01
   3.2744228e-02   5.8108108e-01
   3.3434938e-02   5.8445946e-01
   3.3491466e-02   5.8783784e-01
   3.3651753e-02   5.9121622e-01
   3.3728782e-02   5.9459459e-01
   3.3915842e-02   5.9797297e-01
   3.4919248e-02   6.0135135e-01
   3.5490485e-02   6.0472973e-01
   3.5890026e-02   6.0810811e-01
   3.7264085e-02   6.1148649e-01
   3.7322039e-02   6.1486486e-01
   3.7425786e-02   6.1824324e-01
   3.7540720e-02   6.2162162e-01
   3.7551851e-02   6.2500000e-01
   3.8496842e-02   6.2837838e-01
   3.8874572e-02   6.3175676e-01
   3.8884174e-02   6.3513514e-01
   3.8891181e-02   6.3851351e-01
   3.8892749e-02   6.4189189e-01
   3.9912844e-02   6.4527027e-01
   3.9971086e-02   6.4864865e-01
   4.0443358e-02   6.5202703e-01
   4.0550994e-02   6.5540541e-01
   4.0935646e-02   6.5878378e-01
   4.1149385e-02   6.6216216e-01
   4.1543043e-02   6.6554054e-01
   4.1543722e-02   6.6891892e-01
   4.1866439e-02   6.7229730e-01
   4.4112187e-02   6.7567568e-01
   4.4308562e-02   6.7905405e-01
   4.5095823e-02   6.8243243e-01
   4.5409098e-02   6.8581081e-01
   4.7458867e-02   6.8918919e-01
   4.7636061e-02   6.9256757e-01
   4.8585852e-02   6.9594595e-01
   4.8738515e-02   6.9932432e-01
   4.9271608e-02   7.0270270e-01
   4.9411268e-02   7.0608108e-01
   4.9557608e-02   7.0945946e-01
   5.0771579e-02   7.1283784e-01
   5.1796428e-02   7.1621622e-01
   5.1953933e-02   7.1959459e-01
   5.2615293e-02   7.2297297e-01
   5.3259930e-02   7.2635135e-01
   5.3384348e-02   7.2972973e-01
   5.3399061e-02   7.3310811e-01
   5.4247273e-02   7.3648649e-01
   5.4313967e-02   7.3986486e-01
   5.4438149e-02   7.4324324e-01
   5.5585860e-02   7.4662162e-01
   5.5586833e-02   7.5000000e-01
   5.6315225e-02   7.5337838e-01
   5.6345399e-02   7.5675676e-01
   5.6729897e-02   7.6013514e-01
   5.7157963e-02   7.6351351e-01
   5.7370457e-02   7.6689189e-01
   5.7790718e-02   7.7027027e-01
   5.7884139e-02   7.7364865e-01
   5.8730981e-02   7.7702703e-01
   5.9032159e-02   7.8040541e-01
   5.9555498e-02   7.8378378e-01
   5.9796724e-02   7.8716216e-01
   6.0312208e-02   7.9054054e-01
   6.0469307e-02   7.9391892e-01
   6.0611303e-02   7.9729730e-01
   6.0771823e-02   8.0067568e-01
   6.2128549e-02   8.0405405e-01
   6.4531278e-02   8.0743243e-01
   6.4956969e-02   8.1081081e-01
   6.5528063e-02   8.1418919e-01
   6.6708432e-02   8.1756757e-01
   6.7457564e-02   8.2094595e-01
   6.8980770e-02   8.2432432e-01
   7.0051717e-02   8.2770270e-01
   7.0511709e-02   8.3108108e-01
   7.1325404e-02   8.3445946e-01
   7.1756938e-02   8.3783784e-01
   7.3475901e-02   8.4121622e-01
   7.4720755e-02   8.4459459e-01
   7.6575958e-02   8.4797297e-01
   7.6918444e-02   8.5135135e-01
   7.7096171e-02   8.5472973e-01
   7.7322731e-02   8.5810811e-01
   7.7739631e-02   8.6148649e-01
   7.7785611e-02   8.6486486e-01
   7.8497744e-02   8.6824324e-01
   7.8558400e-02   8.7162162e-01
   7.8871147e-02   8.7500000e-01
   7.9500242e-02   8.7837838e-01
   7.9999528e-02   8.8175676e-01
   8.0744602e-02   8.8513514e-01
   8.3109937e-02   8.8851351e-01
   8.3316085e-02   8.9189189e-01
   8.4894614e-02   8.9527027e-01
   8.5064913e-02   8.9864865e-01
   8.6793188e-02   9.0202703e-01
   8.6825670e-02   9.0540541e-01
   8.6991585e-02   9.0878378e-01
   8.7298440e-02   9.1216216e-01
   8.8839765e-02   9.1554054e-01
   9.0418537e-02   9.1891892e-01
   9.1799076e-02   9.2229730e-01
   9.2525338e-02   9.2567568e-01
   9.5354827e-02   9.2905405e-01
   9.8824556e-02   9.3243243e-01
   9.9147496e-02   9.3581081e-01
   1.0028373e-01   9.3918919e-01
   1.0347118e-01   9.4256757e-01
   1.0682456e-01   9.4594595e-01
   1.1328685e-01   9.4932432e-01
   1.1421963e-01   9.5270270e-01
   1.1570502e-01   9.5608108e-01
   1.1719984e-01   9.5945946e-01
   1.1928230e-01   9.6283784e-01
   1.2693207e-01   9.6621622e-01
   1.2722065e-01   9.6959459e-01
   1.3821658e-01   9.7297297e-01
   1.4485245e-01   9.7635135e-01
   1.6231275e-01   9.7972973e-01
   1.6693860e-01   9.8310811e-01
   2.0846097e-01   9.8648649e-01
   2.4615879e-01   9.8986486e-01
   2.4799424e-01   9.9324324e-01
   2.5166174e-01   9.9662162e-01
   2.5314741e-01   1.0000000e+00
