   5.1566842e-03   0.0000000e+00
   5.1566842e-03   4.7846890e-03
   5.7381078e-03   9.5693780e-03
   5.8619027e-03   1.4354067e-02
   6.1558540e-03   1.9138756e-02
   6.3855820e-03   2.3923445e-02
   6.6815656e-03   2.8708134e-02
   6.7301578e-03   3.3492823e-02
   6.9084625e-03   3.8277512e-02
   7.3777738e-03   4.3062201e-02
   7.4001054e-03   4.7846890e-02
   7.9074539e-03   5.2631579e-02
   8.3122093e-03   5.7416268e-02
   8.4118019e-03   6.2200957e-02
   8.6110291e-03   6.6985646e-02
   8.7303337e-03   7.1770335e-02
   8.8905306e-03   7.6555024e-02
   8.9220089e-03   8.1339713e-02
   9.0153051e-03   9.0909091e-02
   9.0186343e-03   9.5693780e-02
   9.3048056e-03   1.0047847e-01
   9.4607775e-03   1.0526316e-01
   9.5165554e-03   1.1004785e-01
   9.5951274e-03   1.1483254e-01
   9.6838765e-03   1.1961722e-01
   9.9424911e-03   1.2440191e-01
   1.0015736e-02   1.2918660e-01
   1.0018002e-02   1.3397129e-01
   1.0022659e-02   1.3875598e-01
   1.0169676e-02   1.4354067e-01
   1.0180154e-02   1.4832536e-01
   1.0195906e-02   1.5311005e-01
   1.0204830e-02   1.5789474e-01
   1.0303272e-02   1.6267943e-01
   1.0591841e-02   1.6746411e-01
   1.0644267e-02   1.7224880e-01
   1.0718425e-02   1.7703349e-01
   1.0746421e-02   1.8181818e-01
   1.0830891e-02   1.8660287e-01
   1.0959664e-02   1.9138756e-01
   1.0990154e-02   1.9617225e-01
   1.1023395e-02   2.0095694e-01
   1.1040820e-02   2.1052632e-01
   1.1211396e-02   2.1531100e-01
   1.1213326e-02   2.2009569e-01
   1.1305738e-02   2.2966507e-01
   1.1486556e-02   2.3444976e-01
   1.1519194e-02   2.3923445e-01
   1.1528025e-02   2.4401914e-01
   1.1777437e-02   2.4880383e-01
   1.1875306e-02   2.5358852e-01
   1.1880260e-02   2.5837321e-01
   1.1994577e-02   2.6315789e-01
   1.2058020e-02   2.6794258e-01
   1.2451272e-02   2.7272727e-01
   1.3029135e-02   2.7751196e-01
   1.3116604e-02   2.8229665e-01
   1.3253252e-02   2.8708134e-01
   1.3277548e-02   2.9665072e-01
   1.3329529e-02   3.0622010e-01
   1.3369412e-02   3.1100478e-01
   1.3379266e-02   3.1578947e-01
   1.3514626e-02   3.2057416e-01
   1.3666555e-02   3.2535885e-01
   1.3763317e-02   3.3014354e-01
   1.4052085e-02   3.3492823e-01
   1.4160972e-02   3.3971292e-01
   1.4166516e-02   3.4928230e-01
   1.4273039e-02   3.5406699e-01
   1.4328099e-02   3.5885167e-01
   1.4381849e-02   3.6363636e-01
   1.4444526e-02   3.6842105e-01
   1.4562434e-02   3.7320574e-01
   1.4749382e-02   3.7799043e-01
   1.4843225e-02   3.8277512e-01
   1.5035255e-02   3.8755981e-01
   1.5045106e-02   3.9234450e-01
   1.5232246e-02   3.9712919e-01
   1.5388515e-02   4.0191388e-01
   1.5551382e-02   4.0669856e-01
   1.5635651e-02   4.1148325e-01
   1.5656274e-02   4.1626794e-01
   1.6081629e-02   4.2105263e-01
   1.6242428e-02   4.2583732e-01
   1.6823600e-02   4.3062201e-01
   1.6831193e-02   4.3540670e-01
   1.7118607e-02   4.4019139e-01
   1.7130338e-02   4.4497608e-01
   1.7848070e-02   4.4976077e-01
   1.7963260e-02   4.5454545e-01
   1.8090822e-02   4.5933014e-01
   1.8111713e-02   4.6411483e-01
   1.8142518e-02   4.6889952e-01
   1.8231539e-02   4.7368421e-01
   1.8354242e-02   4.7846890e-01
   1.8379166e-02   4.8325359e-01
   1.8746882e-02   4.8803828e-01
   1.8865377e-02   4.9282297e-01
   1.8890786e-02   4.9760766e-01
   1.8918748e-02   5.0239234e-01
   1.9114531e-02   5.0717703e-01
   1.9201000e-02   5.1196172e-01
   1.9374727e-02   5.1674641e-01
   1.9424123e-02   5.2153110e-01
   1.9719139e-02   5.2631579e-01
   2.0134613e-02   5.3110048e-01
   2.0162222e-02   5.3588517e-01
   2.0392003e-02   5.4066986e-01
   2.0392908e-02   5.4545455e-01
   2.0395559e-02   5.5023923e-01
   2.0606349e-02   5.5502392e-01
   2.0804234e-02   5.5980861e-01
   2.1169054e-02   5.6459330e-01
   2.1305435e-02   5.6937799e-01
   2.1410123e-02   5.7416268e-01
   2.2033945e-02   5.7894737e-01
   2.2233139e-02   5.8373206e-01
   2.2441966e-02   5.9330144e-01
   2.2682171e-02   5.9808612e-01
   2.2974239e-02   6.0287081e-01
   2.3006921e-02   6.0765550e-01
   2.3027219e-02   6.1244019e-01
   2.3424229e-02   6.1722488e-01
   2.3705490e-02   6.2200957e-01
   2.3838740e-02   6.2679426e-01
   2.3848456e-02   6.3157895e-01
   2.4064984e-02   6.3636364e-01
   2.4094070e-02   6.4114833e-01
   2.4296390e-02   6.4593301e-01
   2.4444804e-02   6.5071770e-01
   2.4496144e-02   6.5550239e-01
   2.5252236e-02   6.6028708e-01
   2.5523319e-02   6.6507177e-01
   2.5546096e-02   6.6985646e-01
   2.5898659e-02   6.7464115e-01
   2.6119253e-02   6.7942584e-01
   2.6827197e-02   6.8421053e-01
   2.7459211e-02   6.8899522e-01
   2.8816255e-02   6.9377990e-01
   2.9056352e-02   6.9856459e-01
   3.0323486e-02   7.0334928e-01
   3.0779509e-02   7.0813397e-01
   3.1303200e-02   7.1291866e-01
   3.1368870e-02   7.1770335e-01
   3.1676113e-02   7.2248804e-01
   3.1676433e-02   7.2727273e-01
   3.2074623e-02   7.3205742e-01
   3.2461863e-02   7.3684211e-01
   3.3130416e-02   7.4162679e-01
   3.3292703e-02   7.4641148e-01
   3.3529563e-02   7.5119617e-01
   3.3696811e-02   7.5598086e-01
   3.4171335e-02   7.6076555e-01
   3.4238858e-02   7.6555024e-01
   3.4461406e-02   7.7033493e-01
   3.5294259e-02   7.7511962e-01
   3.5841744e-02   7.7990431e-01
   3.6519506e-02   7.8468900e-01
   3.7535030e-02   7.8947368e-01
   3.8406517e-02   7.9425837e-01
   3.8857932e-02   7.9904306e-01
   3.9929908e-02   8.0382775e-01
   4.2756128e-02   8.0861244e-01
   4.3682970e-02   8.1339713e-01
   4.4089211e-02   8.1818182e-01
   4.5220282e-02   8.2296651e-01
   4.7079108e-02   8.2775120e-01
   4.8036773e-02   8.3253589e-01
   4.9024332e-02   8.3732057e-01
   5.3403310e-02   8.4210526e-01
   5.5506606e-02   8.4688995e-01
   5.5827191e-02   8.5167464e-01
   5.6795092e-02   8.5645933e-01
   5.7167605e-02   8.6124402e-01
   5.8677976e-02   8.6602871e-01
   5.8740844e-02   8.7081340e-01
   6.2761207e-02   8.7559809e-01
   6.2909356e-02   8.8038278e-01
   6.4091095e-02   8.8516746e-01
   6.5863891e-02   8.8995215e-01
   6.6170770e-02   8.9473684e-01
   6.7771453e-02   8.9952153e-01
   7.0130230e-02   9.0430622e-01
   7.0313358e-02   9.0909091e-01
   7.3838847e-02   9.1387560e-01
   7.6961208e-02   9.1866029e-01
   7.8279372e-02   9.2344498e-01
   8.3902252e-02   9.2822967e-01
   8.5891083e-02   9.3301435e-01
   9.1931391e-02   9.3779904e-01
   1.0165457e-01   9.4258373e-01
   1.0687913e-01   9.4736842e-01
   1.1588477e-01   9.5215311e-01
   1.3546359e-01   9.5693780e-01
   1.3875744e-01   9.6172249e-01
   1.5648167e-01   9.6650718e-01
   1.5712319e-01   9.7129187e-01
   1.5894694e-01   9.7607656e-01
   1.6158967e-01   9.8086124e-01
   1.8156069e-01   9.8564593e-01
   1.8159770e-01   9.9043062e-01
   2.1621317e-01   9.9521531e-01
   2.2185520e-01   1.0000000e+00
