   4.8679396e-03   0.0000000e+00
   4.8679396e-03   1.5503876e-03
   4.8721433e-03   3.1007752e-03
   5.4349850e-03   4.6511628e-03
   5.6317982e-03   7.7519380e-03
   5.7168789e-03   1.2403101e-02
   5.8485472e-03   1.3953488e-02
   6.0046979e-03   1.5503876e-02
   6.5624366e-03   1.8604651e-02
   6.5744252e-03   2.0155039e-02
   6.5909042e-03   2.1705426e-02
   6.6567112e-03   2.3255814e-02
   6.7228946e-03   2.4806202e-02
   6.7714482e-03   2.7906977e-02
   6.8418373e-03   2.9457364e-02
   6.9054686e-03   3.2558140e-02
   6.9947406e-03   3.7209302e-02
   7.1299520e-03   3.8759690e-02
   7.1353865e-03   4.1860465e-02
   7.1713639e-03   4.3410853e-02
   7.2318800e-03   4.4961240e-02
   7.3423497e-03   4.8062016e-02
   7.4806085e-03   5.1162791e-02
   7.4810338e-03   5.2713178e-02
   7.5256674e-03   5.4263566e-02
   7.5686057e-03   5.5813953e-02
   7.6982410e-03   6.0465116e-02
   7.7168845e-03   6.2015504e-02
   7.7407979e-03   6.6666667e-02
   7.8066130e-03   6.8217054e-02
   7.8683518e-03   6.9767442e-02
   8.0425437e-03   7.1317829e-02
   8.0613177e-03   7.2868217e-02
   8.0755844e-03   7.4418605e-02
   8.1196723e-03   7.5968992e-02
   8.1422370e-03   7.7519380e-02
   8.2463325e-03   8.2170543e-02
   8.2679221e-03   8.3720930e-02
   8.2886853e-03   8.8372093e-02
   8.3155638e-03   8.9922481e-02
   8.3819134e-03   9.1472868e-02
   8.4472546e-03   9.3023256e-02
   8.4661217e-03   9.4573643e-02
   8.4863391e-03   9.6124031e-02
   8.5756970e-03   1.0077519e-01
   8.5765566e-03   1.0232558e-01
   8.6284168e-03   1.0387597e-01
   8.6291456e-03   1.0542636e-01
   8.6314204e-03   1.0697674e-01
   8.6736657e-03   1.0852713e-01
   8.8054550e-03   1.1007752e-01
   8.8693582e-03   1.1627907e-01
   8.8903781e-03   1.1782946e-01
   8.9949836e-03   1.2093023e-01
   8.9967185e-03   1.2403101e-01
   9.1585533e-03   1.2558140e-01
   9.1701989e-03   1.2713178e-01
   9.1850586e-03   1.2868217e-01
   9.2065602e-03   1.3333333e-01
   9.3249521e-03   1.3488372e-01
   9.4090166e-03   1.3643411e-01
   9.4340890e-03   1.3798450e-01
   9.4536957e-03   1.3953488e-01
   9.4657819e-03   1.4108527e-01
   9.4763397e-03   1.4573643e-01
   9.5316206e-03   1.5348837e-01
   9.6319541e-03   1.5503876e-01
   9.6576575e-03   1.5658915e-01
   9.7174620e-03   1.5968992e-01
   9.7326237e-03   1.6899225e-01
   9.7357444e-03   1.7054264e-01
   9.8646817e-03   1.7209302e-01
   9.8739156e-03   1.7364341e-01
   9.9295915e-03   1.7519380e-01
   9.9801706e-03   1.7674419e-01
   1.0006874e-02   1.7984496e-01
   1.0007547e-02   1.8139535e-01
   1.0040668e-02   1.8294574e-01
   1.0104890e-02   1.8604651e-01
   1.0127055e-02   1.8759690e-01
   1.0288803e-02   1.8914729e-01
   1.0302976e-02   1.9069767e-01
   1.0307378e-02   1.9379845e-01
   1.0334514e-02   1.9534884e-01
   1.0357372e-02   2.0000000e-01
   1.0551758e-02   2.0465116e-01
   1.0577015e-02   2.0620155e-01
   1.0580666e-02   2.0930233e-01
   1.0597151e-02   2.1085271e-01
   1.0616129e-02   2.1240310e-01
   1.0673149e-02   2.1550388e-01
   1.0681801e-02   2.1705426e-01
   1.0741205e-02   2.1860465e-01
   1.0870476e-02   2.2015504e-01
   1.0881666e-02   2.2325581e-01
   1.0904452e-02   2.2635659e-01
   1.0910814e-02   2.3100775e-01
   1.1154571e-02   2.3255814e-01
   1.1169950e-02   2.3410853e-01
   1.1191064e-02   2.3720930e-01
   1.1262490e-02   2.4031008e-01
   1.1433217e-02   2.4186047e-01
   1.1449080e-02   2.4341085e-01
   1.1473767e-02   2.4496124e-01
   1.1508184e-02   2.4961240e-01
   1.1537447e-02   2.5116279e-01
   1.1620752e-02   2.5271318e-01
   1.1625377e-02   2.5426357e-01
   1.1718318e-02   2.5581395e-01
   1.1766566e-02   2.5736434e-01
   1.1832404e-02   2.6046512e-01
   1.2006176e-02   2.6201550e-01
   1.2031047e-02   2.6356589e-01
   1.2046269e-02   2.6821705e-01
   1.2083856e-02   2.7131783e-01
   1.2095440e-02   2.7286822e-01
   1.2229321e-02   2.7441860e-01
   1.2302302e-02   2.7596899e-01
   1.2303894e-02   2.7751938e-01
   1.2344664e-02   2.7906977e-01
   1.2363986e-02   2.8062016e-01
   1.2499924e-02   2.8217054e-01
   1.2558202e-02   2.8372093e-01
   1.2603606e-02   2.8992248e-01
   1.2606114e-02   2.9302326e-01
   1.2655622e-02   2.9612403e-01
   1.2658996e-02   2.9767442e-01
   1.2732805e-02   2.9922481e-01
   1.2739666e-02   3.0077519e-01
   1.2836012e-02   3.0387597e-01
   1.2861316e-02   3.0852713e-01
   1.2963276e-02   3.1007752e-01
   1.2971446e-02   3.1162791e-01
   1.3180677e-02   3.1317829e-01
   1.3216487e-02   3.1472868e-01
   1.3234668e-02   3.1937984e-01
   1.3330016e-02   3.2248062e-01
   1.3433019e-02   3.2403101e-01
   1.3440706e-02   3.2713178e-01
   1.3450559e-02   3.2868217e-01
   1.3491723e-02   3.3023256e-01
   1.3713819e-02   3.3178295e-01
   1.3755845e-02   3.3333333e-01
   1.3762688e-02   3.3643411e-01
   1.3809808e-02   3.3798450e-01
   1.3887952e-02   3.4108527e-01
   1.4037948e-02   3.4263566e-01
   1.4133461e-02   3.4418605e-01
   1.4164040e-02   3.4728682e-01
   1.4330497e-02   3.4883721e-01
   1.4342249e-02   3.5038760e-01
   1.4385480e-02   3.5193798e-01
   1.4403100e-02   3.5348837e-01
   1.4642646e-02   3.5503876e-01
   1.4709621e-02   3.5658915e-01
   1.4823790e-02   3.5813953e-01
   1.4872384e-02   3.5968992e-01
   1.4905742e-02   3.6279070e-01
   1.5038666e-02   3.6434109e-01
   1.5149584e-02   3.6589147e-01
   1.5150862e-02   3.6744186e-01
   1.5173389e-02   3.6899225e-01
   1.5213047e-02   3.7054264e-01
   1.5218806e-02   3.7209302e-01
   1.5256540e-02   3.7364341e-01
   1.5284054e-02   3.7519380e-01
   1.5481042e-02   3.7674419e-01
   1.5720442e-02   3.7829457e-01
   1.5763680e-02   3.7984496e-01
   1.5915730e-02   3.8139535e-01
   1.5938761e-02   3.8294574e-01
   1.5946595e-02   3.8604651e-01
   1.5965948e-02   3.8759690e-01
   1.6037875e-02   3.8914729e-01
   1.6284474e-02   3.9069767e-01
   1.6322496e-02   3.9224806e-01
   1.6385148e-02   3.9379845e-01
   1.6400559e-02   3.9534884e-01
   1.6434797e-02   3.9689922e-01
   1.6470947e-02   4.0000000e-01
   1.6498492e-02   4.0155039e-01
   1.6581080e-02   4.0310078e-01
   1.6626587e-02   4.0620155e-01
   1.6687701e-02   4.0775194e-01
   1.6858750e-02   4.0930233e-01
   1.6874223e-02   4.1085271e-01
   1.6905475e-02   4.1240310e-01
   1.6956840e-02   4.1395349e-01
   1.6972678e-02   4.1705426e-01
   1.7091749e-02   4.1860465e-01
   1.7105679e-02   4.2015504e-01
   1.7151394e-02   4.2170543e-01
   1.7200170e-02   4.2325581e-01
   1.7256408e-02   4.2480620e-01
   1.7262841e-02   4.2635659e-01
   1.7306568e-02   4.2790698e-01
   1.7338652e-02   4.2945736e-01
   1.7520081e-02   4.3100775e-01
   1.7721012e-02   4.3255814e-01
   1.7797323e-02   4.3565891e-01
   1.7894413e-02   4.3720930e-01
   1.7989559e-02   4.3875969e-01
   1.8047416e-02   4.4031008e-01
   1.8095143e-02   4.4186047e-01
   1.8161524e-02   4.4341085e-01
   1.8171920e-02   4.4496124e-01
   1.8317107e-02   4.4651163e-01
   1.8347246e-02   4.4806202e-01
   1.8515168e-02   4.4961240e-01
   1.8621914e-02   4.5116279e-01
   1.8670751e-02   4.5426357e-01
   1.8769895e-02   4.5736434e-01
   1.8777911e-02   4.5891473e-01
   1.8817578e-02   4.6046512e-01
   1.8868762e-02   4.6201550e-01
   1.8876043e-02   4.6356589e-01
   1.9099328e-02   4.6511628e-01
   1.9196452e-02   4.6666667e-01
   1.9263908e-02   4.6821705e-01
   1.9309460e-02   4.6976744e-01
   1.9313382e-02   4.7131783e-01
   1.9389069e-02   4.7286822e-01
   1.9564465e-02   4.7441860e-01
   1.9639166e-02   4.7596899e-01
   1.9729860e-02   4.7751938e-01
   1.9771581e-02   4.8062016e-01
   1.9871200e-02   4.8217054e-01
   1.9970020e-02   4.8372093e-01
   2.0006156e-02   4.8527132e-01
   2.0068417e-02   4.8682171e-01
   2.0075223e-02   4.8837209e-01
   2.0304573e-02   4.8992248e-01
   2.0450585e-02   4.9147287e-01
   2.0588157e-02   4.9302326e-01
   2.0607210e-02   4.9457364e-01
   2.0642644e-02   4.9612403e-01
   2.0715276e-02   4.9767442e-01
   2.0805785e-02   4.9922481e-01
   2.0878840e-02   5.0077519e-01
   2.1101774e-02   5.0232558e-01
   2.1154030e-02   5.0387597e-01
   2.1161912e-02   5.0542636e-01
   2.1363603e-02   5.0697674e-01
   2.1435730e-02   5.0852713e-01
   2.1453153e-02   5.1007752e-01
   2.1460714e-02   5.1162791e-01
   2.1496034e-02   5.1317829e-01
   2.1570657e-02   5.1472868e-01
   2.1745375e-02   5.1627907e-01
   2.1794624e-02   5.1782946e-01
   2.1807188e-02   5.1937984e-01
   2.1939396e-02   5.2093023e-01
   2.2028011e-02   5.2248062e-01
   2.2294275e-02   5.2403101e-01
   2.2294845e-02   5.2558140e-01
   2.2602408e-02   5.2713178e-01
   2.2693397e-02   5.2868217e-01
   2.2704696e-02   5.3023256e-01
   2.2758061e-02   5.3178295e-01
   2.2887816e-02   5.3333333e-01
   2.3016900e-02   5.3488372e-01
   2.3150119e-02   5.3643411e-01
   2.3221263e-02   5.3798450e-01
   2.3455983e-02   5.3953488e-01
   2.3512009e-02   5.4108527e-01
   2.3564971e-02   5.4263566e-01
   2.3586034e-02   5.4418605e-01
   2.3592040e-02   5.4573643e-01
   2.4087474e-02   5.4728682e-01
   2.4247699e-02   5.4883721e-01
   2.4371330e-02   5.5038760e-01
   2.4437599e-02   5.5193798e-01
   2.4793535e-02   5.5348837e-01
   2.4918812e-02   5.5503876e-01
   2.5103164e-02   5.5658915e-01
   2.5119932e-02   5.5813953e-01
   2.5161653e-02   5.5968992e-01
   2.5310591e-02   5.6124031e-01
   2.5665434e-02   5.6279070e-01
   2.5730970e-02   5.6434109e-01
   2.6312241e-02   5.6744186e-01
   2.6339774e-02   5.6899225e-01
   2.6600410e-02   5.7054264e-01
   2.6659362e-02   5.7209302e-01
   2.6888069e-02   5.7364341e-01
   2.6960839e-02   5.7519380e-01
   2.7048186e-02   5.7674419e-01
   2.7117486e-02   5.7829457e-01
   2.7157460e-02   5.7984496e-01
   2.7174512e-02   5.8294574e-01
   2.7201363e-02   5.8449612e-01
   2.7555543e-02   5.8604651e-01
   2.7722479e-02   5.8759690e-01
   2.7748662e-02   5.8914729e-01
   2.7779643e-02   5.9069767e-01
   2.7867336e-02   5.9224806e-01
   2.7996773e-02   5.9379845e-01
   2.8321884e-02   5.9534884e-01
   2.8580221e-02   5.9689922e-01
   2.8895862e-02   5.9844961e-01
   2.9051185e-02   6.0000000e-01
   2.9156191e-02   6.0155039e-01
   2.9259472e-02   6.0310078e-01
   2.9524950e-02   6.0465116e-01
   2.9547656e-02   6.0620155e-01
   2.9647579e-02   6.0775194e-01
   2.9668838e-02   6.0930233e-01
   2.9729717e-02   6.1085271e-01
   2.9817421e-02   6.1240310e-01
   2.9921837e-02   6.1395349e-01
   2.9933008e-02   6.1550388e-01
   3.0010877e-02   6.1705426e-01
   3.0042720e-02   6.1860465e-01
   3.0075094e-02   6.2015504e-01
   3.0122551e-02   6.2170543e-01
   3.0380741e-02   6.2325581e-01
   3.0506903e-02   6.2480620e-01
   3.0743486e-02   6.2635659e-01
   3.0896036e-02   6.2790698e-01
   3.1098384e-02   6.2945736e-01
   3.1271455e-02   6.3100775e-01
   3.1394716e-02   6.3255814e-01
   3.1603605e-02   6.3410853e-01
   3.1647267e-02   6.3565891e-01
   3.1655322e-02   6.3875969e-01
   3.1660813e-02   6.4031008e-01
   3.1903975e-02   6.4186047e-01
   3.2031924e-02   6.4341085e-01
   3.2046112e-02   6.4496124e-01
   3.2223460e-02   6.4651163e-01
   3.2343379e-02   6.4806202e-01
   3.2377680e-02   6.4961240e-01
   3.2568315e-02   6.5116279e-01
   3.2652101e-02   6.5271318e-01
   3.2707706e-02   6.5426357e-01
   3.3041766e-02   6.5581395e-01
   3.3150490e-02   6.5736434e-01
   3.3262479e-02   6.5891473e-01
   3.3282823e-02   6.6201550e-01
   3.3374272e-02   6.6356589e-01
   3.3477139e-02   6.6511628e-01
   3.3527413e-02   6.6666667e-01
   3.3616657e-02   6.6821705e-01
   3.3651560e-02   6.6976744e-01
   3.3727466e-02   6.7131783e-01
   3.3794843e-02   6.7286822e-01
   3.3857452e-02   6.7441860e-01
   3.3945356e-02   6.7596899e-01
   3.3998465e-02   6.7751938e-01
   3.4910670e-02   6.7906977e-01
   3.4923365e-02   6.8062016e-01
   3.5205061e-02   6.8217054e-01
   3.5286541e-02   6.8372093e-01
   3.5347781e-02   6.8527132e-01
   3.5423272e-02   6.8682171e-01
   3.5784091e-02   6.8837209e-01
   3.6332631e-02   6.8992248e-01
   3.6614433e-02   6.9147287e-01
   3.6694007e-02   6.9302326e-01
   3.6809023e-02   6.9457364e-01
   3.6944635e-02   6.9612403e-01
   3.7155351e-02   6.9767442e-01
   3.7246746e-02   6.9922481e-01
   3.7418827e-02   7.0077519e-01
   3.7675290e-02   7.0232558e-01
   3.7962315e-02   7.0387597e-01
   3.8068451e-02   7.0542636e-01
   3.8549456e-02   7.0697674e-01
   3.8608476e-02   7.0852713e-01
   3.8960690e-02   7.1007752e-01
   3.8986592e-02   7.1162791e-01
   3.9277049e-02   7.1317829e-01
   3.9339998e-02   7.1472868e-01
   3.9384339e-02   7.1627907e-01
   3.9631871e-02   7.1782946e-01
   3.9797398e-02   7.1937984e-01
   4.0055989e-02   7.2093023e-01
   4.0101666e-02   7.2248062e-01
   4.0117758e-02   7.2403101e-01
   4.0274901e-02   7.2558140e-01
   4.0477982e-02   7.2713178e-01
   4.0938833e-02   7.2868217e-01
   4.1217123e-02   7.3023256e-01
   4.1446748e-02   7.3178295e-01
   4.1500214e-02   7.3333333e-01
   4.1577240e-02   7.3488372e-01
   4.1625406e-02   7.3643411e-01
   4.1734764e-02   7.3798450e-01
   4.1858595e-02   7.3953488e-01
   4.1963589e-02   7.4108527e-01
   4.2075962e-02   7.4263566e-01
   4.2153657e-02   7.4418605e-01
   4.2828618e-02   7.4573643e-01
   4.3243174e-02   7.4728682e-01
   4.3701347e-02   7.4883721e-01
   4.4308788e-02   7.5038760e-01
   4.4406527e-02   7.5193798e-01
   4.4437048e-02   7.5348837e-01
   4.4504096e-02   7.5503876e-01
   4.4871745e-02   7.5658915e-01
   4.5213034e-02   7.5813953e-01
   4.5983564e-02   7.5968992e-01
   4.6318947e-02   7.6124031e-01
   4.6602186e-02   7.6279070e-01
   4.7105242e-02   7.6434109e-01
   4.7160969e-02   7.6589147e-01
   4.7182346e-02   7.6744186e-01
   4.7487044e-02   7.6899225e-01
   4.7731734e-02   7.7054264e-01
   4.7762120e-02   7.7209302e-01
   4.7768163e-02   7.7364341e-01
   4.8039246e-02   7.7519380e-01
   4.8067618e-02   7.7674419e-01
   4.8125318e-02   7.7829457e-01
   4.8382420e-02   7.7984496e-01
   4.8792307e-02   7.8139535e-01
   4.8825052e-02   7.8294574e-01
   4.9139207e-02   7.8449612e-01
   4.9238961e-02   7.8604651e-01
   4.9415188e-02   7.8759690e-01
   4.9683178e-02   7.8914729e-01
   4.9783371e-02   7.9069767e-01
   5.0037735e-02   7.9224806e-01
   5.0301136e-02   7.9379845e-01
   5.1149587e-02   7.9534884e-01
   5.1632671e-02   7.9689922e-01
   5.1807416e-02   7.9844961e-01
   5.1882777e-02   8.0000000e-01
   5.2336974e-02   8.0155039e-01
   5.2363597e-02   8.0310078e-01
   5.2414981e-02   8.0465116e-01
   5.2458039e-02   8.0620155e-01
   5.2508285e-02   8.0775194e-01
   5.2685973e-02   8.0930233e-01
   5.3315089e-02   8.1085271e-01
   5.3589295e-02   8.1240310e-01
   5.4353619e-02   8.1395349e-01
   5.4467376e-02   8.1550388e-01
   5.4805985e-02   8.1705426e-01
   5.4890727e-02   8.1860465e-01
   5.4986726e-02   8.2015504e-01
   5.5084619e-02   8.2170543e-01
   5.6805556e-02   8.2325581e-01
   5.6981714e-02   8.2480620e-01
   5.7164093e-02   8.2635659e-01
   5.7191266e-02   8.2790698e-01
   5.7564595e-02   8.2945736e-01
   5.7605219e-02   8.3100775e-01
   5.7677974e-02   8.3255814e-01
   5.8272166e-02   8.3410853e-01
   5.8386523e-02   8.3565891e-01
   5.8602608e-02   8.3720930e-01
   5.8918691e-02   8.3875969e-01
   5.9151504e-02   8.4031008e-01
   5.9449439e-02   8.4186047e-01
   5.9719517e-02   8.4341085e-01
   6.0002595e-02   8.4496124e-01
   6.0085322e-02   8.4651163e-01
   6.0325374e-02   8.4806202e-01
   6.0638124e-02   8.4961240e-01
   6.0731409e-02   8.5116279e-01
   6.0958148e-02   8.5271318e-01
   6.1589754e-02   8.5426357e-01
   6.1639195e-02   8.5581395e-01
   6.2840552e-02   8.5736434e-01
   6.2951869e-02   8.5891473e-01
   6.3170832e-02   8.6046512e-01
   6.3359080e-02   8.6201550e-01
   6.3756752e-02   8.6356589e-01
   6.3898164e-02   8.6511628e-01
   6.4120315e-02   8.6666667e-01
   6.4152777e-02   8.6821705e-01
   6.4180239e-02   8.6976744e-01
   6.4858554e-02   8.7131783e-01
   6.4883723e-02   8.7286822e-01
   6.5062618e-02   8.7441860e-01
   6.5711502e-02   8.7596899e-01
   6.6162546e-02   8.7751938e-01
   6.6306323e-02   8.7906977e-01
   6.7354141e-02   8.8062016e-01
   6.7913919e-02   8.8217054e-01
   6.8247827e-02   8.8372093e-01
   6.8536974e-02   8.8527132e-01
   6.9490222e-02   8.8682171e-01
   6.9643982e-02   8.8837209e-01
   6.9946452e-02   8.8992248e-01
   7.1333044e-02   8.9147287e-01
   7.1649422e-02   8.9302326e-01
   7.2129864e-02   8.9457364e-01
   7.2538689e-02   8.9612403e-01
   7.3263153e-02   8.9767442e-01
   7.3320613e-02   8.9922481e-01
   7.4020057e-02   9.0077519e-01
   7.4137866e-02   9.0232558e-01
   7.4159733e-02   9.0387597e-01
   7.4257643e-02   9.0542636e-01
   7.4565882e-02   9.0697674e-01
   7.5201418e-02   9.0852713e-01
   7.5761388e-02   9.1007752e-01
   7.6852672e-02   9.1162791e-01
   7.8063014e-02   9.1317829e-01
   7.8790690e-02   9.1472868e-01
   7.9544749e-02   9.1627907e-01
   8.0431171e-02   9.1782946e-01
   8.3545898e-02   9.1937984e-01
   8.3629159e-02   9.2093023e-01
   8.4182363e-02   9.2248062e-01
   8.4308021e-02   9.2403101e-01
   8.4968116e-02   9.2558140e-01
   8.5001242e-02   9.2713178e-01
   8.5554248e-02   9.2868217e-01
   8.5741802e-02   9.3023256e-01
   8.7104273e-02   9.3178295e-01
   8.8165705e-02   9.3333333e-01
   8.8905957e-02   9.3488372e-01
   9.0745964e-02   9.3643411e-01
   9.0859211e-02   9.3798450e-01
   9.1247081e-02   9.3953488e-01
   9.2681071e-02   9.4108527e-01
   9.4946241e-02   9.4263566e-01
   9.6190951e-02   9.4418605e-01
   9.6981634e-02   9.4573643e-01
   9.8068767e-02   9.4728682e-01
   1.0059491e-01   9.4883721e-01
   1.0064594e-01   9.5038760e-01
   1.0302774e-01   9.5193798e-01
   1.0355364e-01   9.5348837e-01
   1.0403786e-01   9.5503876e-01
   1.0460511e-01   9.5658915e-01
   1.0807564e-01   9.5813953e-01
   1.1232725e-01   9.5968992e-01
   1.1309567e-01   9.6124031e-01
   1.1358880e-01   9.6279070e-01
   1.2013411e-01   9.6434109e-01
   1.2438071e-01   9.6589147e-01
   1.2547343e-01   9.6744186e-01
   1.2736042e-01   9.6899225e-01
   1.3389298e-01   9.7054264e-01
   1.3561205e-01   9.7209302e-01
   1.4091834e-01   9.7364341e-01
   1.4388728e-01   9.7519380e-01
   1.5690468e-01   9.7674419e-01
   1.5797361e-01   9.7829457e-01
   1.5831190e-01   9.7984496e-01
   1.5955343e-01   9.8139535e-01
   1.6329180e-01   9.8294574e-01
   1.6367242e-01   9.8449612e-01
   1.6521439e-01   9.8604651e-01
   1.6692400e-01   9.8759690e-01
   1.7664170e-01   9.8914729e-01
   1.7934404e-01   9.9069767e-01
   1.8575842e-01   9.9224806e-01
   1.8997405e-01   9.9379845e-01
   1.9226828e-01   9.9534884e-01
   2.1671982e-01   9.9689922e-01
   2.1811717e-01   9.9844961e-01
   2.4336458e-01   1.0000000e+00
