   4.6826840e-03   0.0000000e+00
   4.6826840e-03   3.7037037e-03
   5.0710445e-03   7.4074074e-03
   6.0321053e-03   1.1111111e-02
   6.7590477e-03   1.4814815e-02
   6.8005130e-03   1.8518519e-02
   7.0882314e-03   2.2222222e-02
   7.3194796e-03   2.5925926e-02
   7.4781249e-03   2.9629630e-02
   7.6772203e-03   3.7037037e-02
   7.8044994e-03   4.0740741e-02
   7.9228279e-03   4.4444444e-02
   8.0661337e-03   4.8148148e-02
   8.3169738e-03   5.1851852e-02
   8.3283076e-03   5.9259259e-02
   8.5210394e-03   6.2962963e-02
   8.5791338e-03   6.6666667e-02
   8.5814865e-03   7.0370370e-02
   8.6097412e-03   7.4074074e-02
   8.6827749e-03   7.7777778e-02
   8.8700716e-03   8.1481481e-02
   8.8978141e-03   8.5185185e-02
   8.9001812e-03   8.8888889e-02
   9.2935408e-03   9.2592593e-02
   9.3653680e-03   9.6296296e-02
   9.3906082e-03   1.0000000e-01
   9.5688909e-03   1.0370370e-01
   9.6164991e-03   1.1481481e-01
   9.6616896e-03   1.1851852e-01
   9.7278848e-03   1.2222222e-01
   9.7503067e-03   1.2592593e-01
   9.8773801e-03   1.2962963e-01
   9.9116818e-03   1.3333333e-01
   9.9440045e-03   1.3703704e-01
   1.0135709e-02   1.4074074e-01
   1.0262046e-02   1.4444444e-01
   1.0399852e-02   1.5185185e-01
   1.0613436e-02   1.5555556e-01
   1.0655702e-02   1.5925926e-01
   1.0700904e-02   1.6296296e-01
   1.0714961e-02   1.7037037e-01
   1.1010047e-02   1.7407407e-01
   1.1095587e-02   1.7777778e-01
   1.1138366e-02   1.8148148e-01
   1.1311379e-02   1.8518519e-01
   1.1445615e-02   1.8888889e-01
   1.1551459e-02   1.9259259e-01
   1.1888904e-02   1.9629630e-01
   1.1933675e-02   2.0000000e-01
   1.1934812e-02   2.0370370e-01
   1.1968853e-02   2.0740741e-01
   1.2053386e-02   2.1111111e-01
   1.2188994e-02   2.1481481e-01
   1.2235174e-02   2.1851852e-01
   1.2252479e-02   2.2222222e-01
   1.2276337e-02   2.2962963e-01
   1.2295875e-02   2.3333333e-01
   1.2340675e-02   2.3703704e-01
   1.2346496e-02   2.4074074e-01
   1.2356420e-02   2.4814815e-01
   1.2492169e-02   2.5185185e-01
   1.2526205e-02   2.5555556e-01
   1.2526256e-02   2.5925926e-01
   1.2531869e-02   2.7037037e-01
   1.2574843e-02   2.7407407e-01
   1.2675971e-02   2.7777778e-01
   1.2741977e-02   2.8148148e-01
   1.2748798e-02   2.8518519e-01
   1.2895594e-02   2.8888889e-01
   1.2905214e-02   2.9259259e-01
   1.2989797e-02   2.9629630e-01
   1.3064871e-02   3.0000000e-01
   1.3424236e-02   3.0370370e-01
   1.3515802e-02   3.0740741e-01
   1.3534093e-02   3.1111111e-01
   1.3572430e-02   3.1481481e-01
   1.3601385e-02   3.1851852e-01
   1.3624281e-02   3.2222222e-01
   1.3835808e-02   3.2592593e-01
   1.3915771e-02   3.2962963e-01
   1.3919294e-02   3.3333333e-01
   1.4233899e-02   3.3703704e-01
   1.4272899e-02   3.4074074e-01
   1.4686081e-02   3.4444444e-01
   1.4708536e-02   3.4814815e-01
   1.4963669e-02   3.5185185e-01
   1.4997906e-02   3.5555556e-01
   1.5104947e-02   3.5925926e-01
   1.5488165e-02   3.6296296e-01
   1.5536092e-02   3.6666667e-01
   1.5691713e-02   3.7037037e-01
   1.5853132e-02   3.7407407e-01
   1.5987471e-02   3.7777778e-01
   1.6012678e-02   3.8148148e-01
   1.6064765e-02   3.8518519e-01
   1.6201251e-02   3.8888889e-01
   1.6268661e-02   3.9259259e-01
   1.6373002e-02   3.9629630e-01
   1.6446782e-02   4.0000000e-01
   1.6515070e-02   4.0370370e-01
   1.6592211e-02   4.0740741e-01
   1.6593153e-02   4.1111111e-01
   1.6602154e-02   4.1481481e-01
   1.6795685e-02   4.2222222e-01
   1.6815316e-02   4.2592593e-01
   1.6896643e-02   4.2962963e-01
   1.6921758e-02   4.3333333e-01
   1.7003034e-02   4.3703704e-01
   1.7163113e-02   4.4074074e-01
   1.7389902e-02   4.4444444e-01
   1.7507095e-02   4.5185185e-01
   1.7570332e-02   4.5555556e-01
   1.7574228e-02   4.5925926e-01
   1.7950807e-02   4.6296296e-01
   1.7988873e-02   4.6666667e-01
   1.8058425e-02   4.7037037e-01
   1.8203708e-02   4.7407407e-01
   1.8216647e-02   4.7777778e-01
   1.8462639e-02   4.8148148e-01
   1.8488311e-02   4.8518519e-01
   1.8704284e-02   4.8888889e-01
   1.8808523e-02   4.9259259e-01
   1.8979195e-02   4.9629630e-01
   1.9028422e-02   5.0000000e-01
   1.9087660e-02   5.0370370e-01
   1.9232978e-02   5.0740741e-01
   1.9232998e-02   5.1111111e-01
   1.9358147e-02   5.1481481e-01
   1.9434166e-02   5.1851852e-01
   1.9614641e-02   5.2222222e-01
   1.9734014e-02   5.2592593e-01
   1.9751971e-02   5.2962963e-01
   1.9825955e-02   5.3333333e-01
   2.0030530e-02   5.3703704e-01
   2.0043469e-02   5.4074074e-01
   2.0088076e-02   5.4814815e-01
   2.0382939e-02   5.5185185e-01
   2.0437420e-02   5.5555556e-01
   2.0579520e-02   5.5925926e-01
   2.0598286e-02   5.6296296e-01
   2.0617753e-02   5.6666667e-01
   2.0668840e-02   5.7407407e-01
   2.0713774e-02   5.7777778e-01
   2.0736251e-02   5.8148148e-01
   2.0958286e-02   5.8518519e-01
   2.1353316e-02   5.8888889e-01
   2.1401150e-02   5.9259259e-01
   2.1564090e-02   5.9629630e-01
   2.1723225e-02   6.0000000e-01
   2.1750317e-02   6.0370370e-01
   2.1844129e-02   6.0740741e-01
   2.1868962e-02   6.1111111e-01
   2.1873189e-02   6.1481481e-01
   2.2321023e-02   6.1851852e-01
   2.2372491e-02   6.2222222e-01
   2.2385235e-02   6.2592593e-01
   2.2463083e-02   6.2962963e-01
   2.2613456e-02   6.3333333e-01
   2.2653615e-02   6.3703704e-01
   2.2718174e-02   6.4074074e-01
   2.2825291e-02   6.4444444e-01
   2.3170428e-02   6.4814815e-01
   2.3458188e-02   6.5555556e-01
   2.3724784e-02   6.5925926e-01
   2.3854794e-02   6.6296296e-01
   2.3866726e-02   6.6666667e-01
   2.3903466e-02   6.7037037e-01
   2.4172845e-02   6.7407407e-01
   2.4265059e-02   6.7777778e-01
   2.4519000e-02   6.8148148e-01
   2.4828161e-02   6.8518519e-01
   2.5054294e-02   6.8888889e-01
   2.5153107e-02   6.9259259e-01
   2.5768056e-02   6.9629630e-01
   2.5848590e-02   7.0000000e-01
   2.5978969e-02   7.0370370e-01
   2.6539852e-02   7.0740741e-01
   2.6978132e-02   7.1111111e-01
   2.7051703e-02   7.1481481e-01
   2.7312545e-02   7.1851852e-01
   2.7716575e-02   7.2222222e-01
   2.7824480e-02   7.2592593e-01
   2.8174936e-02   7.2962963e-01
   2.8407901e-02   7.3333333e-01
   2.8810562e-02   7.3703704e-01
   2.9094119e-02   7.4074074e-01
   2.9106231e-02   7.4444444e-01
   2.9535090e-02   7.4814815e-01
   3.0160343e-02   7.5185185e-01
   3.0296846e-02   7.5555556e-01
   3.1013543e-02   7.5925926e-01
   3.1437829e-02   7.6296296e-01
   3.1677968e-02   7.6666667e-01
   3.2359263e-02   7.7037037e-01
   3.2422389e-02   7.7407407e-01
   3.2681684e-02   7.7777778e-01
   3.2748759e-02   7.8148148e-01
   3.3444430e-02   7.8518519e-01
   3.3571333e-02   7.8888889e-01
   3.4778710e-02   7.9259259e-01
   3.5306933e-02   7.9629630e-01
   3.6162681e-02   8.0000000e-01
   3.6949989e-02   8.0370370e-01
   3.7477051e-02   8.0740741e-01
   3.7859719e-02   8.1111111e-01
   3.8784348e-02   8.1481481e-01
   3.9492518e-02   8.1851852e-01
   4.0766706e-02   8.2222222e-01
   4.1101352e-02   8.2592593e-01
   4.1212231e-02   8.2962963e-01
   4.1234532e-02   8.3333333e-01
   4.2509288e-02   8.3703704e-01
   4.2757018e-02   8.4074074e-01
   4.3206358e-02   8.4444444e-01
   4.3924641e-02   8.4814815e-01
   4.4169307e-02   8.5185185e-01
   4.6574962e-02   8.5555556e-01
   4.7256714e-02   8.5925926e-01
   4.7826795e-02   8.6296296e-01
   5.0401655e-02   8.6666667e-01
   5.1015259e-02   8.7037037e-01
   5.1298170e-02   8.7407407e-01
   5.1657103e-02   8.7777778e-01
   5.5875334e-02   8.8148148e-01
   5.6924467e-02   8.8518519e-01
   5.7758264e-02   8.8888889e-01
   5.7909776e-02   8.9259259e-01
   5.8025036e-02   8.9629630e-01
   5.8981591e-02   9.0000000e-01
   6.2286990e-02   9.0370370e-01
   6.2350203e-02   9.0740741e-01
   6.2960150e-02   9.1111111e-01
   6.5688208e-02   9.1481481e-01
   6.7262677e-02   9.1851852e-01
   6.7587594e-02   9.2222222e-01
   6.9388056e-02   9.2592593e-01
   7.4927354e-02   9.2962963e-01
   7.7951558e-02   9.3333333e-01
   7.8048620e-02   9.3703704e-01
   7.8059096e-02   9.4074074e-01
   8.3818425e-02   9.4444444e-01
   8.9529224e-02   9.4814815e-01
   9.1147305e-02   9.5185185e-01
   9.8961239e-02   9.5555556e-01
   1.0483128e-01   9.5925926e-01
   1.0564453e-01   9.6296296e-01
   1.0766479e-01   9.6666667e-01
   1.1512158e-01   9.7037037e-01
   1.1521673e-01   9.7407407e-01
   1.1753371e-01   9.7777778e-01
   1.1791570e-01   9.8148148e-01
   1.3372116e-01   9.8518519e-01
   1.4896407e-01   9.8888889e-01
   1.5468553e-01   9.9259259e-01
   1.6419563e-01   9.9629630e-01
   3.0878970e-01   1.0000000e+00
