   2.5000000e-03   0.0000000e+00
   2.5000000e-03   2.8735632e-03
   4.1664000e-03   8.6206897e-03
   4.5832000e-03   1.4367816e-02
   5.0000000e-03   2.5862069e-02
   5.4168000e-03   3.7356322e-02
   5.8336000e-03   4.5977011e-02
   6.2504000e-03   5.4597701e-02
   6.6664000e-03   6.6091954e-02
   7.0832000e-03   7.1839080e-02
   7.5000000e-03   9.1954023e-02
   7.9168000e-03   1.0919540e-01
   8.3336000e-03   1.2643678e-01
   8.7496000e-03   1.5229885e-01
   9.1664000e-03   1.6666667e-01
   9.5832000e-03   1.6954023e-01
   1.0000000e-02   1.9540230e-01
   1.0416800e-02   2.0689655e-01
   1.0833600e-02   2.2701149e-01
   1.1250400e-02   2.3850575e-01
   1.1666400e-02   2.4712644e-01
   1.2083200e-02   2.5862069e-01
   1.2500000e-02   2.7298851e-01
   1.2916800e-02   2.9310345e-01
   1.3333600e-02   3.1034483e-01
   1.3750400e-02   3.3620690e-01
   1.4166400e-02   3.5919540e-01
   1.4583200e-02   3.6781609e-01
   1.5000000e-02   3.9080460e-01
   1.5416800e-02   3.9367816e-01
   1.5833600e-02   4.0804598e-01
   1.6250400e-02   4.1091954e-01
   1.6666400e-02   4.2241379e-01
   1.7083200e-02   4.3103448e-01
   1.7500000e-02   4.3965517e-01
   1.7916800e-02   4.4252874e-01
   1.8333600e-02   4.5114943e-01
   1.8750400e-02   4.7126437e-01
   1.9166400e-02   4.8850575e-01
   1.9583200e-02   4.9425287e-01
   2.0000000e-02   5.0287356e-01
   2.0416800e-02   5.1149425e-01
   2.0833600e-02   5.2298851e-01
   2.1249600e-02   5.4885057e-01
   2.1666400e-02   5.5747126e-01
   2.2083200e-02   5.6321839e-01
   2.2500000e-02   5.7471264e-01
   2.2916800e-02   5.7758621e-01
   2.3333600e-02   5.8045977e-01
   2.3749600e-02   5.9195402e-01
   2.4166400e-02   5.9770115e-01
   2.4583200e-02   6.0057471e-01
   2.5000000e-02   6.0632184e-01
   2.5833600e-02   6.0919540e-01
   2.6250400e-02   6.1206897e-01
   2.6666400e-02   6.1781609e-01
   2.7083200e-02   6.2068966e-01
   2.7500000e-02   6.3218391e-01
   2.7916800e-02   6.4080460e-01
   2.8749600e-02   6.5517241e-01
   2.9166400e-02   6.5804598e-01
   2.9583200e-02   6.6091954e-01
   3.0000000e-02   6.6666667e-01
   3.0416800e-02   6.7241379e-01
   3.1250400e-02   6.7528736e-01
   3.1666400e-02   6.7816092e-01
   3.2500000e-02   6.8390805e-01
   3.3333600e-02   6.8678161e-01
   3.3750400e-02   6.9252874e-01
   3.4583200e-02   6.9540230e-01
   3.5000000e-02   7.0114943e-01
   3.5416800e-02   7.0402299e-01
   3.5833600e-02   7.0977011e-01
   3.6249600e-02   7.1264368e-01
   3.6666400e-02   7.1551724e-01
   3.7083200e-02   7.1839080e-01
   3.7500000e-02   7.2126437e-01
   3.8333600e-02   7.2988506e-01
   3.9166400e-02   7.3563218e-01
   3.9583200e-02   7.3850575e-01
   4.0416800e-02   7.4425287e-01
   4.0833600e-02   7.5000000e-01
   4.1666400e-02   7.5862069e-01
   4.2083200e-02   7.6149425e-01
   4.2500000e-02   7.6724138e-01
   4.2916800e-02   7.7298851e-01
   4.3750400e-02   7.9310345e-01
   4.4166400e-02   7.9597701e-01
   4.5000000e-02   8.0172414e-01
   4.5416800e-02   8.0747126e-01
   4.5833600e-02   8.1609195e-01
   4.6250400e-02   8.3045977e-01
   4.6666400e-02   8.3620690e-01
   4.8333600e-02   8.3908046e-01
   4.9166400e-02   8.4195402e-01
   5.0000000e-02   8.4770115e-01
   5.0416800e-02   8.5057471e-01
   5.0833600e-02   8.5344828e-01
   5.2083200e-02   8.5919540e-01
   5.2500000e-02   8.6494253e-01
   5.2916800e-02   8.6781609e-01
   5.3749600e-02   8.7068966e-01
   5.4166400e-02   8.7356322e-01
   5.4583200e-02   8.7643678e-01
   5.5000000e-02   8.7931034e-01
   5.8333600e-02   8.8218391e-01
   5.8750400e-02   8.8793103e-01
   5.9583200e-02   8.9080460e-01
   6.0833600e-02   8.9367816e-01
   6.1250400e-02   9.0229885e-01
   6.3333600e-02   9.0517241e-01
   6.3749600e-02   9.1091954e-01
   6.5416800e-02   9.1379310e-01
   6.8333600e-02   9.1666667e-01
   6.8750400e-02   9.1954023e-01
   7.0833600e-02   9.2241379e-01
   7.1250400e-02   9.2528736e-01
   7.1666400e-02   9.2816092e-01
   7.2916800e-02   9.3103448e-01
   7.3333600e-02   9.3390805e-01
   7.5000000e-02   9.3678161e-01
   8.0000000e-02   9.3965517e-01
   8.1666400e-02   9.4252874e-01
   8.2083200e-02   9.4540230e-01
   8.2500000e-02   9.4827586e-01
   8.6250400e-02   9.5114943e-01
   8.7083200e-02   9.5402299e-01
   8.8333600e-02   9.5689655e-01
   8.8749600e-02   9.5977011e-01
   8.9583200e-02   9.6264368e-01
   9.2500000e-02   9.6839080e-01
   9.7916800e-02   9.7126437e-01
   9.8750400e-02   9.7413793e-01
   1.0500000e-01   9.7701149e-01
   1.0666640e-01   9.7988506e-01
   1.1416640e-01   9.8275862e-01
   1.1791680e-01   9.8563218e-01
   1.1958320e-01   9.8850575e-01
   1.2750000e-01   9.9137931e-01
   1.3916640e-01   9.9425287e-01
   1.4375040e-01   9.9712644e-01
   1.6958320e-01   1.0000000e+00
