   1.9112000e-03   0.0000000e+00
   1.9112000e-03   4.5248869e-04
   2.8672000e-03   1.3574661e-03
   3.3456000e-03   2.7149321e-03
   3.8232000e-03   8.5972851e-03
   4.3008000e-03   2.1266968e-02
   4.7792000e-03   4.7058824e-02
   5.2568000e-03   8.6877828e-02
   5.7344000e-03   1.2941176e-01
   6.2128000e-03   1.7420814e-01
   6.6904000e-03   2.5610860e-01
   7.1688000e-03   3.0633484e-01
   7.6464000e-03   3.4524887e-01
   8.1240000e-03   4.0995475e-01
   8.6024000e-03   4.4389140e-01
   9.0800000e-03   4.7601810e-01
   9.5576000e-03   5.2760181e-01
   1.0036000e-02   5.5475113e-01
   1.0513600e-02   5.8235294e-01
   1.0991200e-02   6.1085973e-01
   1.1469600e-02   6.3257919e-01
   1.1947200e-02   6.5475113e-01
   1.2425600e-02   6.7194570e-01
   1.2903200e-02   6.9909502e-01
   1.3380800e-02   7.2081448e-01
   1.3859200e-02   7.3438914e-01
   1.4336800e-02   7.5158371e-01
   1.4815200e-02   7.7104072e-01
   1.5292800e-02   7.8552036e-01
   1.5770400e-02   7.9411765e-01
   1.6248800e-02   8.0904977e-01
   1.6726400e-02   8.1855204e-01
   1.7204000e-02   8.2669683e-01
   1.7682400e-02   8.4117647e-01
   1.8160000e-02   8.4932127e-01
   1.8637600e-02   8.5520362e-01
   1.9116000e-02   8.6380090e-01
   1.9593600e-02   8.7375566e-01
   2.0072000e-02   8.7963801e-01
   2.0549600e-02   8.8778281e-01
   2.1027200e-02   8.9049774e-01
   2.1505600e-02   8.9638009e-01
   2.1983200e-02   9.0542986e-01
   2.2461600e-02   9.1131222e-01
   2.2939200e-02   9.1583710e-01
   2.3416800e-02   9.1945701e-01
   2.3895200e-02   9.2126697e-01
   2.4372800e-02   9.2941176e-01
   2.4850400e-02   9.3167421e-01
   2.5328800e-02   9.3438914e-01
   2.5806400e-02   9.3891403e-01
   2.6284000e-02   9.4027149e-01
   2.6762400e-02   9.4434389e-01
   2.7240000e-02   9.4751131e-01
   2.7718400e-02   9.4886878e-01
   2.8196000e-02   9.5022624e-01
   2.8673600e-02   9.5339367e-01
   2.9152000e-02   9.5656109e-01
   2.9629600e-02   9.5791855e-01
   3.0107200e-02   9.5972851e-01
   3.0585600e-02   9.6018100e-01
   3.1063200e-02   9.6063348e-01
   3.1541600e-02   9.6199095e-01
   3.2496800e-02   9.6244344e-01
   3.3452800e-02   9.6289593e-01
   3.3930400e-02   9.6380090e-01
   3.4886400e-02   9.6470588e-01
   3.5364800e-02   9.6515837e-01
   3.5842400e-02   9.6606335e-01
   3.6320000e-02   9.6651584e-01
   3.7276000e-02   9.6696833e-01
   3.7753600e-02   9.6877828e-01
   3.8232000e-02   9.6923077e-01
   3.8709600e-02   9.6968326e-01
   3.9188000e-02   9.7013575e-01
   4.0143200e-02   9.7058824e-01
   4.0621600e-02   9.7194570e-01
   4.1099200e-02   9.7285068e-01
   4.1576800e-02   9.7420814e-01
   4.2055200e-02   9.7511312e-01
   4.2532800e-02   9.7601810e-01
   4.3010400e-02   9.7647059e-01
   4.3488800e-02   9.7692308e-01
   4.3966400e-02   9.7782805e-01
   4.4444800e-02   9.7873303e-01
   4.5400000e-02   9.8054299e-01
   4.5878400e-02   9.8099548e-01
   4.6356000e-02   9.8144796e-01
   4.6833600e-02   9.8235294e-01
   4.7312000e-02   9.8280543e-01
   4.7789600e-02   9.8416290e-01
   4.8267200e-02   9.8461538e-01
   4.8745600e-02   9.8506787e-01
   4.9701600e-02   9.8552036e-01
   5.0179200e-02   9.8597285e-01
   5.0656800e-02   9.8642534e-01
   5.1135200e-02   9.8687783e-01
   5.1612800e-02   9.8733032e-01
   5.3524800e-02   9.8823529e-01
   5.4480000e-02   9.8868778e-01
   5.5436000e-02   9.8914027e-01
   5.7825600e-02   9.8959276e-01
   5.8303200e-02   9.9049774e-01
   5.9736800e-02   9.9095023e-01
   6.0215200e-02   9.9140271e-01
   6.0692800e-02   9.9185520e-01
   6.2126400e-02   9.9230769e-01
   6.3082400e-02   9.9276018e-01
   6.4516000e-02   9.9321267e-01
   6.4993600e-02   9.9366516e-01
   6.7383200e-02   9.9411765e-01
   6.7861600e-02   9.9457014e-01
   6.8339200e-02   9.9547511e-01
   7.0728800e-02   9.9592760e-01
   7.1206400e-02   9.9638009e-01
   7.3596000e-02   9.9683258e-01
   7.6941600e-02   9.9728507e-01
   8.0764800e-02   9.9819005e-01
   8.5544000e-02   9.9864253e-01
   8.6977600e-02   9.9909502e-01
   8.8411200e-02   9.9954751e-01
   9.7491200e-02   1.0000000e+00
