   5.4181982e-03   0.0000000e+00
   5.4181982e-03   5.9171598e-03
   6.1382830e-03   1.1834320e-02
   6.6030498e-03   1.7751479e-02
   6.7449070e-03   2.3668639e-02
   6.8267905e-03   2.9585799e-02
   7.0592102e-03   4.1420118e-02
   7.2994799e-03   4.7337278e-02
   7.4703669e-03   5.3254438e-02
   7.4860668e-03   5.9171598e-02
   7.5468498e-03   7.1005917e-02
   7.8006446e-03   7.6923077e-02
   7.8999806e-03   8.2840237e-02
   8.0602573e-03   1.0650888e-01
   8.3251436e-03   1.1242604e-01
   8.3504335e-03   1.1834320e-01
   8.4711651e-03   1.2426036e-01
   8.4937956e-03   1.3017751e-01
   8.7085243e-03   1.3609467e-01
   8.7384947e-03   1.4201183e-01
   8.7996422e-03   1.5384615e-01
   8.9418167e-03   1.5976331e-01
   8.9866645e-03   1.6568047e-01
   9.1288715e-03   1.7159763e-01
   9.4265160e-03   1.8934911e-01
   9.4284078e-03   1.9526627e-01
   9.4548587e-03   2.0118343e-01
   9.6770155e-03   2.2485207e-01
   9.7132915e-03   2.3668639e-01
   9.7135937e-03   2.4260355e-01
   9.9232854e-03   2.5443787e-01
   1.0001188e-02   2.6035503e-01
   1.0139618e-02   2.6627219e-01
   1.0147600e-02   2.7218935e-01
   1.0264727e-02   2.7810651e-01
   1.0291846e-02   2.8994083e-01
   1.0347804e-02   2.9585799e-01
   1.0513868e-02   3.0177515e-01
   1.0585036e-02   3.0769231e-01
   1.0628987e-02   3.1360947e-01
   1.0849313e-02   3.1952663e-01
   1.1270817e-02   3.2544379e-01
   1.1307161e-02   3.3136095e-01
   1.1375546e-02   3.3727811e-01
   1.1656032e-02   3.4319527e-01
   1.1798156e-02   3.4911243e-01
   1.1804450e-02   3.5502959e-01
   1.1807876e-02   3.6094675e-01
   1.2113194e-02   3.6686391e-01
   1.2777800e-02   3.7278107e-01
   1.2784383e-02   3.7869822e-01
   1.2964483e-02   3.8461538e-01
   1.3125291e-02   3.9053254e-01
   1.3206100e-02   3.9644970e-01
   1.3653581e-02   4.0236686e-01
   1.3713742e-02   4.0828402e-01
   1.3742310e-02   4.1420118e-01
   1.3830604e-02   4.2011834e-01
   1.3883938e-02   4.2603550e-01
   1.4118420e-02   4.3195266e-01
   1.4231190e-02   4.3786982e-01
   1.4253140e-02   4.4378698e-01
   1.4520037e-02   4.4970414e-01
   1.4594363e-02   4.5562130e-01
   1.4760232e-02   4.6153846e-01
   1.5346576e-02   4.7337278e-01
   1.5535759e-02   4.7928994e-01
   1.5601289e-02   4.8520710e-01
   1.5801040e-02   4.9112426e-01
   1.5860141e-02   4.9704142e-01
   1.6075083e-02   5.0295858e-01
   1.6363659e-02   5.0887574e-01
   1.6506719e-02   5.1479290e-01
   1.6525739e-02   5.2071006e-01
   1.7092978e-02   5.2662722e-01
   1.7189263e-02   5.3254438e-01
   1.7190284e-02   5.3846154e-01
   1.7463794e-02   5.4437870e-01
   1.8036042e-02   5.5029586e-01
   1.8150805e-02   5.5621302e-01
   1.8231946e-02   5.6213018e-01
   1.8360525e-02   5.6804734e-01
   1.8363191e-02   5.7396450e-01
   1.8515576e-02   5.7988166e-01
   1.8516526e-02   5.8579882e-01
   1.8556012e-02   5.9171598e-01
   1.8843287e-02   5.9763314e-01
   1.8853626e-02   6.0355030e-01
   1.8885274e-02   6.0946746e-01
   1.9295591e-02   6.1538462e-01
   1.9864888e-02   6.2130178e-01
   2.0061207e-02   6.2721893e-01
   2.0170410e-02   6.3313609e-01
   2.0240920e-02   6.3905325e-01
   2.0263400e-02   6.4497041e-01
   2.0473312e-02   6.5088757e-01
   2.0970123e-02   6.5680473e-01
   2.0976697e-02   6.6272189e-01
   2.2134902e-02   6.6863905e-01
   2.2779720e-02   6.7455621e-01
   2.2979450e-02   6.8047337e-01
   2.4068760e-02   6.8639053e-01
   2.4941193e-02   6.9230769e-01
   2.6604077e-02   6.9822485e-01
   2.7119475e-02   7.0414201e-01
   2.7510760e-02   7.1005917e-01
   2.7787325e-02   7.1597633e-01
   2.8792839e-02   7.2189349e-01
   3.0842678e-02   7.2781065e-01
   3.1138836e-02   7.3372781e-01
   3.1416147e-02   7.3964497e-01
   3.3500835e-02   7.4556213e-01
   3.4108545e-02   7.5147929e-01
   3.4671045e-02   7.5739645e-01
   3.5179554e-02   7.6331361e-01
   3.6565636e-02   7.6923077e-01
   3.6892918e-02   7.7514793e-01
   3.7928878e-02   7.8106509e-01
   3.8170367e-02   7.8698225e-01
   3.8637319e-02   7.9289941e-01
   3.8853377e-02   7.9881657e-01
   3.9256618e-02   8.0473373e-01
   4.0366158e-02   8.1065089e-01
   4.1499218e-02   8.1656805e-01
   4.3847008e-02   8.2248521e-01
   4.5089584e-02   8.2840237e-01
   4.5698398e-02   8.3431953e-01
   4.7788664e-02   8.4023669e-01
   4.8774145e-02   8.4615385e-01
   4.9297777e-02   8.5207101e-01
   5.0497392e-02   8.5798817e-01
   5.4410370e-02   8.6390533e-01
   5.7064446e-02   8.6982249e-01
   5.8930015e-02   8.7573964e-01
   6.0219728e-02   8.8165680e-01
   7.3544831e-02   8.8757396e-01
   8.0946070e-02   8.9349112e-01
   8.4868553e-02   8.9940828e-01
   8.6321149e-02   9.0532544e-01
   9.4972799e-02   9.1124260e-01
   1.0185734e-01   9.1715976e-01
   1.0287446e-01   9.2307692e-01
   1.1376653e-01   9.2899408e-01
   1.1814615e-01   9.3491124e-01
   1.2212354e-01   9.4082840e-01
   1.3097032e-01   9.4674556e-01
   1.5623816e-01   9.5266272e-01
   2.2226318e-01   9.5857988e-01
   2.2479013e-01   9.6449704e-01
   2.2604321e-01   9.7041420e-01
   2.2817397e-01   9.7633136e-01
   2.3497395e-01   9.8224852e-01
   2.9165533e-01   9.8816568e-01
   3.1304949e-01   9.9408284e-01
   3.4018584e-01   1.0000000e+00
