   6.3438497e-03   0.0000000e+00
   6.3438497e-03   4.9019608e-03
   6.8952761e-03   9.8039216e-03
   7.3138783e-03   1.4705882e-02
   7.3946489e-03   1.9607843e-02
   7.5087767e-03   2.4509804e-02
   7.6576689e-03   2.9411765e-02
   8.3896110e-03   3.4313725e-02
   8.4200334e-03   4.4117647e-02
   8.8743732e-03   4.9019608e-02
   9.1135042e-03   5.3921569e-02
   9.1977087e-03   5.8823529e-02
   9.3555310e-03   6.3725490e-02
   9.3850755e-03   6.8627451e-02
   9.6313035e-03   7.3529412e-02
   9.6675691e-03   7.8431373e-02
   9.7578503e-03   8.3333333e-02
   1.0096876e-02   8.8235294e-02
   1.0121585e-02   9.3137255e-02
   1.0169541e-02   9.8039216e-02
   1.0388734e-02   1.0784314e-01
   1.0530456e-02   1.1274510e-01
   1.0614293e-02   1.1764706e-01
   1.0654177e-02   1.2254902e-01
   1.0841847e-02   1.2745098e-01
   1.0927230e-02   1.3235294e-01
   1.1082945e-02   1.3725490e-01
   1.1099879e-02   1.4215686e-01
   1.1217667e-02   1.4705882e-01
   1.1221406e-02   1.5196078e-01
   1.1309847e-02   1.6176471e-01
   1.1859341e-02   1.6666667e-01
   1.2068450e-02   1.7156863e-01
   1.2172347e-02   1.7647059e-01
   1.2310173e-02   1.8627451e-01
   1.2556450e-02   1.9117647e-01
   1.2816463e-02   1.9607843e-01
   1.2830320e-02   2.0098039e-01
   1.2890249e-02   2.0588235e-01
   1.2904276e-02   2.1078431e-01
   1.3142288e-02   2.1568627e-01
   1.3182702e-02   2.2058824e-01
   1.3541163e-02   2.2549020e-01
   1.3552632e-02   2.3039216e-01
   1.3657233e-02   2.3529412e-01
   1.3957181e-02   2.4019608e-01
   1.4164970e-02   2.4509804e-01
   1.4296994e-02   2.5000000e-01
   1.4560325e-02   2.5490196e-01
   1.4790944e-02   2.5980392e-01
   1.5050368e-02   2.6470588e-01
   1.5089702e-02   2.6960784e-01
   1.5220259e-02   2.7450980e-01
   1.6070203e-02   2.7941176e-01
   1.6249561e-02   2.8431373e-01
   1.6485178e-02   2.8921569e-01
   1.6495041e-02   2.9411765e-01
   1.6602949e-02   2.9901961e-01
   1.6742103e-02   3.0392157e-01
   1.6753716e-02   3.0882353e-01
   1.6941746e-02   3.1372549e-01
   1.6998060e-02   3.1862745e-01
   1.7361121e-02   3.2352941e-01
   1.7480642e-02   3.2843137e-01
   1.7605629e-02   3.3333333e-01
   1.7911466e-02   3.3823529e-01
   1.8066144e-02   3.4313725e-01
   1.8106263e-02   3.4803922e-01
   1.8605957e-02   3.5294118e-01
   1.8805027e-02   3.5784314e-01
   1.8808480e-02   3.6274510e-01
   1.9306037e-02   3.6764706e-01
   2.0124806e-02   3.7254902e-01
   2.0194406e-02   3.7745098e-01
   2.0483234e-02   3.8235294e-01
   2.0483799e-02   3.8725490e-01
   2.0485849e-02   3.9215686e-01
   2.0508956e-02   3.9705882e-01
   2.0688669e-02   4.0196078e-01
   2.1331892e-02   4.0686275e-01
   2.1878649e-02   4.1176471e-01
   2.2066263e-02   4.1666667e-01
   2.2238930e-02   4.2156863e-01
   2.2650603e-02   4.2647059e-01
   2.2658577e-02   4.3137255e-01
   2.2989356e-02   4.3627451e-01
   2.3352124e-02   4.4117647e-01
   2.3635430e-02   4.4607843e-01
   2.3881032e-02   4.5098039e-01
   2.3941671e-02   4.5588235e-01
   2.3965829e-02   4.6078431e-01
   2.4482904e-02   4.6568627e-01
   2.5738757e-02   4.7058824e-01
   2.6440987e-02   4.7549020e-01
   2.6891344e-02   4.8039216e-01
   2.6900535e-02   4.8529412e-01
   2.6916614e-02   4.9019608e-01
   2.7075229e-02   4.9509804e-01
   2.7138703e-02   5.0000000e-01
   2.7341642e-02   5.0490196e-01
   2.7580618e-02   5.0980392e-01
   2.7593121e-02   5.1470588e-01
   2.7720527e-02   5.1960784e-01
   2.7867290e-02   5.2450980e-01
   2.8859578e-02   5.2941176e-01
   2.8911080e-02   5.3431373e-01
   2.9035253e-02   5.3921569e-01
   2.9912897e-02   5.4411765e-01
   3.0523685e-02   5.4901961e-01
   3.0784611e-02   5.5392157e-01
   3.0812857e-02   5.5882353e-01
   3.1013752e-02   5.6372549e-01
   3.1615870e-02   5.6862745e-01
   3.2304601e-02   5.7352941e-01
   3.3560697e-02   5.7843137e-01
   3.4171527e-02   5.8333333e-01
   3.4493728e-02   5.8823529e-01
   3.4613624e-02   5.9313725e-01
   3.4839074e-02   5.9803922e-01
   3.5063046e-02   6.0294118e-01
   3.5198382e-02   6.0784314e-01
   3.5236096e-02   6.1274510e-01
   3.6279340e-02   6.1764706e-01
   3.6437262e-02   6.2254902e-01
   3.6518019e-02   6.2745098e-01
   3.7246961e-02   6.3235294e-01
   3.7401280e-02   6.3725490e-01
   3.7415243e-02   6.4215686e-01
   3.7669897e-02   6.4705882e-01
   3.7693569e-02   6.5196078e-01
   3.9584903e-02   6.5686275e-01
   3.9638545e-02   6.6176471e-01
   3.9644009e-02   6.6666667e-01
   4.0453802e-02   6.7156863e-01
   4.1603857e-02   6.7647059e-01
   4.2114013e-02   6.8137255e-01
   4.4193949e-02   6.8627451e-01
   4.4841087e-02   6.9117647e-01
   4.4960997e-02   6.9607843e-01
   4.5003727e-02   7.0098039e-01
   4.6108281e-02   7.0588235e-01
   4.7197892e-02   7.1078431e-01
   4.7407621e-02   7.1568627e-01
   4.8284007e-02   7.2058824e-01
   4.8345615e-02   7.2549020e-01
   4.8409621e-02   7.3039216e-01
   4.8455980e-02   7.3529412e-01
   4.8756033e-02   7.4019608e-01
   4.9606588e-02   7.4509804e-01
   4.9688648e-02   7.5000000e-01
   5.0382105e-02   7.5490196e-01
   5.0608464e-02   7.5980392e-01
   5.1453125e-02   7.6470588e-01
   5.1779833e-02   7.6960784e-01
   5.2023890e-02   7.7450980e-01
   5.2805268e-02   7.7941176e-01
   5.3546619e-02   7.8431373e-01
   5.4323216e-02   7.8921569e-01
   5.4681839e-02   7.9411765e-01
   5.6721416e-02   7.9901961e-01
   5.7215452e-02   8.0392157e-01
   5.9464420e-02   8.0882353e-01
   6.0090501e-02   8.1372549e-01
   6.2334743e-02   8.1862745e-01
   6.2534186e-02   8.2352941e-01
   6.2909017e-02   8.2843137e-01
   6.3301109e-02   8.3333333e-01
   6.5389961e-02   8.3823529e-01
   6.6974034e-02   8.4313725e-01
   6.7475930e-02   8.4803922e-01
   6.7506902e-02   8.5294118e-01
   6.7596955e-02   8.5784314e-01
   6.9429030e-02   8.6274510e-01
   6.9982939e-02   8.6764706e-01
   7.1404721e-02   8.7254902e-01
   7.2390358e-02   8.7745098e-01
   7.3552391e-02   8.8235294e-01
   7.3822102e-02   8.8725490e-01
   7.4814428e-02   8.9215686e-01
   7.4970475e-02   8.9705882e-01
   7.4999825e-02   9.0196078e-01
   7.5021028e-02   9.0686275e-01
   7.5188643e-02   9.1176471e-01
   7.7053597e-02   9.1666667e-01
   7.8292400e-02   9.2156863e-01
   7.9249038e-02   9.2647059e-01
   8.3941643e-02   9.3137255e-01
   8.5343075e-02   9.3627451e-01
   8.7128904e-02   9.4117647e-01
   9.1160662e-02   9.4607843e-01
   9.5524159e-02   9.5098039e-01
   9.6017019e-02   9.5588235e-01
   9.6665047e-02   9.6078431e-01
   1.0218067e-01   9.6568627e-01
   1.0247307e-01   9.7058824e-01
   1.0690088e-01   9.7549020e-01
   1.1702210e-01   9.8039216e-01
   1.2057537e-01   9.8529412e-01
   1.3610970e-01   9.9019608e-01
   1.5571226e-01   9.9509804e-01
   1.7945105e-01   1.0000000e+00
