   6.9456000e-03   0.0000000e+00
   6.9456000e-03   2.2222222e-02
   7.3544000e-03   3.3333333e-02
   7.7632000e-03   4.4444444e-02
   8.1712000e-03   6.6666667e-02
   8.9888000e-03   7.7777778e-02
   9.3976000e-03   8.8888889e-02
   9.8056000e-03   1.1111111e-01
   1.0214400e-02   1.2222222e-01
   1.0623200e-02   1.3333333e-01
   1.1848800e-02   1.4444444e-01
   1.2665600e-02   1.6666667e-01
   1.3074400e-02   2.0000000e-01
   1.3483200e-02   2.1111111e-01
   1.3892000e-02   2.3333333e-01
   1.4300000e-02   2.4444444e-01
   1.4708800e-02   2.6666667e-01
   1.5117600e-02   3.1111111e-01
   1.5526400e-02   3.3333333e-01
   1.6343200e-02   3.4444444e-01
   1.6752000e-02   3.5555556e-01
   1.7160800e-02   3.6666667e-01
   1.7568800e-02   3.8888889e-01
   1.7977600e-02   4.1111111e-01
   1.8386400e-02   4.2222222e-01
   1.9203200e-02   4.3333333e-01
   1.9612000e-02   4.5555556e-01
   2.0428800e-02   4.6666667e-01
   2.1246400e-02   4.7777778e-01
   2.2880800e-02   4.8888889e-01
   2.3288800e-02   5.0000000e-01
   2.3697600e-02   5.1111111e-01
   2.4923200e-02   5.3333333e-01
   2.6966400e-02   5.5555556e-01
   2.7375200e-02   5.7777778e-01
   2.7783200e-02   5.8888889e-01
   2.8192000e-02   6.0000000e-01
   2.9417600e-02   6.4444444e-01
   2.9826400e-02   6.6666667e-01
   3.0235200e-02   6.7777778e-01
   3.1460800e-02   7.0000000e-01
   3.3095200e-02   7.1111111e-01
   3.3912000e-02   7.2222222e-01
   3.4320800e-02   7.3333333e-01
   3.4729600e-02   7.4444444e-01
   3.5137600e-02   7.5555556e-01
   3.5546400e-02   7.6666667e-01
   3.5955200e-02   7.8888889e-01
   3.6364000e-02   8.0000000e-01
   3.6772000e-02   8.1111111e-01
   3.7180800e-02   8.2222222e-01
   3.7589600e-02   8.3333333e-01
   3.9224000e-02   8.5555556e-01
   3.9632000e-02   8.6666667e-01
   4.3309600e-02   8.7777778e-01
   4.5352000e-02   8.8888889e-01
   4.8212800e-02   9.0000000e-01
   5.3115200e-02   9.1111111e-01
   5.7200800e-02   9.2222222e-01
   5.7609600e-02   9.3333333e-01
   5.8835200e-02   9.4444444e-01
   5.9244000e-02   9.5555556e-01
   5.9652800e-02   9.6666667e-01
   6.6190400e-02   9.7777778e-01
   8.7436000e-02   1.0000000e+00
