   4.0504000e-03   0.0000000e+00
   4.0504000e-03   4.2194093e-03
   4.3880000e-03   1.2658228e-02
   4.7256000e-03   3.3755274e-02
   5.0632000e-03   6.3291139e-02
   5.4008000e-03   1.1392405e-01
   5.7384000e-03   1.5611814e-01
   6.0760000e-03   1.8565401e-01
   6.4136000e-03   2.2784810e-01
   6.7512000e-03   2.5738397e-01
   7.0888000e-03   2.7848101e-01
   7.4264000e-03   3.2911392e-01
   7.7640000e-03   3.5443038e-01
   8.1016000e-03   3.7130802e-01
   8.4392000e-03   3.7974684e-01
   8.7760000e-03   4.0084388e-01
   9.1136000e-03   4.2616034e-01
   9.4512000e-03   4.5569620e-01
   9.7888000e-03   4.6835443e-01
   1.0126400e-02   4.8945148e-01
   1.0464000e-02   4.9367089e-01
   1.0801600e-02   5.0210970e-01
   1.1139200e-02   5.1476793e-01
   1.1476800e-02   5.2320675e-01
   1.1814400e-02   5.3164557e-01
   1.2489600e-02   5.3586498e-01
   1.2827200e-02   5.4852321e-01
   1.3502400e-02   5.6962025e-01
   1.3840000e-02   5.7805907e-01
   1.4177600e-02   5.9493671e-01
   1.4514400e-02   5.9915612e-01
   1.4852000e-02   6.2447257e-01
   1.5189600e-02   6.2869198e-01
   1.5527200e-02   6.3291139e-01
   1.5864800e-02   6.3713080e-01
   1.6877600e-02   6.4556962e-01
   1.7552800e-02   6.4978903e-01
   1.7890400e-02   6.5400844e-01
   1.8565600e-02   6.5822785e-01
   1.8903200e-02   6.6666667e-01
   1.9578400e-02   6.7510549e-01
   2.0252800e-02   6.8354430e-01
   2.0928000e-02   6.8776371e-01
   2.1603200e-02   6.9198312e-01
   2.2278400e-02   7.0042194e-01
   2.2616000e-02   7.0464135e-01
   2.2953600e-02   7.0886076e-01
   2.3291200e-02   7.1308017e-01
   2.3628800e-02   7.1729958e-01
   2.3966400e-02   7.2573840e-01
   2.4304000e-02   7.2995781e-01
   2.4979200e-02   7.3417722e-01
   2.6328800e-02   7.4261603e-01
   2.7341600e-02   7.4683544e-01
   2.8354400e-02   7.5527426e-01
   3.0380000e-02   7.6371308e-01
   3.0717600e-02   7.7215190e-01
   3.1055200e-02   7.7637131e-01
   3.1729600e-02   7.8059072e-01
   3.2067200e-02   7.8902954e-01
   3.2742400e-02   7.9324895e-01
   3.3080000e-02   7.9746835e-01
   3.3755200e-02   8.0590717e-01
   3.4092800e-02   8.1434599e-01
   3.5105600e-02   8.2278481e-01
   3.5443200e-02   8.2700422e-01
   3.7131200e-02   8.3122363e-01
   4.0506400e-02   8.3966245e-01
   4.1856800e-02   8.4388186e-01
   4.2869600e-02   8.4810127e-01
   4.4556800e-02   8.5232068e-01
   4.5232000e-02   8.5654008e-01
   4.6582400e-02   8.6497890e-01
   4.9282400e-02   8.7341772e-01
   4.9620000e-02   8.7763713e-01
   5.0632800e-02   8.8185654e-01
   5.4008800e-02   8.8607595e-01
   5.6033600e-02   8.9029536e-01
   5.6708800e-02   8.9451477e-01
   5.8059200e-02   8.9873418e-01
   5.8734400e-02   9.0295359e-01
   7.1223200e-02   9.0717300e-01
   7.1898400e-02   9.1139241e-01
   7.3586400e-02   9.1561181e-01
   8.1012800e-02   9.1983122e-01
   8.3037600e-02   9.2405063e-01
   8.9113600e-02   9.3248945e-01
   9.6540000e-02   9.3670886e-01
   9.8903200e-02   9.4092827e-01
   1.0497920e-01   9.4514768e-01
   1.1240480e-01   9.4936709e-01
   1.1341760e-01   9.5358650e-01
   1.1780560e-01   9.5780591e-01
   1.2219440e-01   9.6202532e-01
   1.3434560e-01   9.6624473e-01
   1.4852320e-01   9.7046414e-01
   1.5696240e-01   9.7468354e-01
   1.6675120e-01   9.7890295e-01
   1.9105520e-01   9.8312236e-01
   2.1164560e-01   9.8734177e-01
   2.2683520e-01   9.9156118e-01
   2.2751040e-01   9.9578059e-01
   2.7611840e-01   1.0000000e+00
