   4.2656000e-03   0.0000000e+00
   4.2656000e-03   8.4033613e-03
   6.6352000e-03   1.6806723e-02
   7.1088000e-03   3.3613445e-02
   7.5832000e-03   4.2016807e-02
   8.0568000e-03   5.0420168e-02
   8.5304000e-03   5.8823529e-02
   9.0048000e-03   6.7226891e-02
   9.4784000e-03   9.2436975e-02
   9.9528000e-03   1.1764706e-01
   1.0900800e-02   1.2605042e-01
   1.1848000e-02   1.5126050e-01
   1.2322400e-02   1.9327731e-01
   1.2796000e-02   2.1008403e-01
   1.3270400e-02   2.1848739e-01
   1.3744000e-02   2.4369748e-01
   1.4218400e-02   2.5210084e-01
   1.4692000e-02   2.7731092e-01
   1.5165600e-02   2.9411765e-01
   1.6113600e-02   3.0252101e-01
   1.6588000e-02   3.5294118e-01
   1.7535200e-02   3.6974790e-01
   1.8483200e-02   3.7815126e-01
   1.8957600e-02   4.2016807e-01
   1.9431200e-02   4.2857143e-01
   2.0379200e-02   4.3697479e-01
   2.0852800e-02   4.7058824e-01
   2.1327200e-02   4.7899160e-01
   2.1800800e-02   4.9579832e-01
   2.2748800e-02   5.0420168e-01
   2.4170400e-02   5.1260504e-01
   2.4644800e-02   5.2100840e-01
   2.5118400e-02   5.2941176e-01
   2.5592000e-02   5.3781513e-01
   2.7488000e-02   5.5462185e-01
   2.8436000e-02   5.7142857e-01
   2.9384000e-02   5.7983193e-01
   3.0332000e-02   6.0504202e-01
   3.1753600e-02   6.1344538e-01
   3.2227200e-02   6.2184874e-01
   3.2701600e-02   6.4705882e-01
   3.3175200e-02   6.5546218e-01
   3.4123200e-02   6.6386555e-01
   3.5071200e-02   6.7226891e-01
   3.5544800e-02   6.8907563e-01
   3.6492800e-02   6.9747899e-01
   3.6966400e-02   7.0588235e-01
   3.7914400e-02   7.1428571e-01
   3.8388800e-02   7.2268908e-01
   3.8862400e-02   7.3109244e-01
   4.0284000e-02   7.3949580e-01
   4.4549600e-02   7.4789916e-01
   4.5024000e-02   7.5630252e-01
   4.6919200e-02   7.6470588e-01
   4.7393600e-02   7.7310924e-01
   4.8341600e-02   7.8151261e-01
   4.9763200e-02   7.8991597e-01
   5.1659200e-02   7.9831933e-01
   5.2132800e-02   8.0672269e-01
   5.6398400e-02   8.1512605e-01
   5.8768000e-02   8.2352941e-01
   6.1137600e-02   8.3193277e-01
   6.2085600e-02   8.4033613e-01
   6.3507200e-02   8.5714286e-01
   6.5403200e-02   8.6554622e-01
   6.7772800e-02   8.7394958e-01
   7.2512000e-02   8.9075630e-01
   7.2985600e-02   8.9915966e-01
   7.6777600e-02   9.0756303e-01
   7.7724800e-02   9.1596639e-01
   8.1516800e-02   9.2436975e-01
   8.8625600e-02   9.3277311e-01
   9.3364800e-02   9.4117647e-01
   9.6682400e-02   9.4957983e-01
   9.8104000e-02   9.5798319e-01
   1.0047360e-01   9.6638655e-01
   1.0142160e-01   9.7478992e-01
   1.1990560e-01   9.8319328e-01
   1.4454960e-01   9.9159664e-01
   1.5971600e-01   1.0000000e+00
