   4.0032000e-03   0.0000000e+00
   4.0032000e-03   7.4074074e-03
   4.3368000e-03   1.4814815e-02
   4.6704000e-03   2.9629630e-02
   5.6712000e-03   4.4444444e-02
   6.0048000e-03   9.6296296e-02
   6.3384000e-03   1.4074074e-01
   6.6720000e-03   1.4814815e-01
   7.0056000e-03   1.7037037e-01
   7.3392000e-03   2.0740741e-01
   7.6728000e-03   2.1481481e-01
   8.0064000e-03   2.3703704e-01
   8.3400000e-03   2.5925926e-01
   8.6736000e-03   2.8888889e-01
   9.0072000e-03   3.1111111e-01
   9.3408000e-03   3.4074074e-01
   9.6744000e-03   3.5555556e-01
   1.0008000e-02   3.8518519e-01
   1.0341600e-02   4.0000000e-01
   1.0676000e-02   4.2222222e-01
   1.1008800e-02   4.3703704e-01
   1.1343200e-02   4.5925926e-01
   1.1676800e-02   4.9629630e-01
   1.2009600e-02   5.1851852e-01
   1.2344000e-02   5.2592593e-01
   1.2676800e-02   5.3333333e-01
   1.3011200e-02   5.4814815e-01
   1.3344800e-02   5.6296296e-01
   1.3678400e-02   5.7037037e-01
   1.4012000e-02   5.9259259e-01
   1.4345600e-02   6.0000000e-01
   1.4679200e-02   6.0740741e-01
   1.5012800e-02   6.2962963e-01
   1.6013600e-02   6.4444444e-01
   1.6347200e-02   6.5185185e-01
   1.7014400e-02   6.5925926e-01
   1.7348000e-02   6.6666667e-01
   1.7681600e-02   6.7407407e-01
   1.8015200e-02   6.8148148e-01
   1.8348800e-02   6.8888889e-01
   1.8682400e-02   6.9629630e-01
   2.0016800e-02   7.0370370e-01
   2.0350400e-02   7.3333333e-01
   2.1017600e-02   7.4074074e-01
   2.1684800e-02   7.4814815e-01
   2.2685600e-02   7.5555556e-01
   2.4020000e-02   7.6296296e-01
   2.5020800e-02   7.7037037e-01
   2.6688800e-02   7.7777778e-01
   2.7689600e-02   7.8518519e-01
   2.9024000e-02   7.9259259e-01
   3.0024800e-02   8.0000000e-01
   3.0358400e-02   8.1481481e-01
   3.2693600e-02   8.2222222e-01
   3.4028000e-02   8.2962963e-01
   3.6697600e-02   8.3703704e-01
   3.8699200e-02   8.4444444e-01
   3.9032800e-02   8.5185185e-01
   4.7372800e-02   8.5925926e-01
   4.8707200e-02   8.6666667e-01
   4.9040800e-02   8.7407407e-01
   5.7047200e-02   8.8148148e-01
   6.0717600e-02   8.8888889e-01
   6.6722400e-02   8.9629630e-01
   7.0392000e-02   9.0370370e-01
   8.1734400e-02   9.1111111e-01
   8.3736800e-02   9.1851852e-01
   8.9408000e-02   9.2592593e-01
   1.1743120e-01   9.3333333e-01
   1.2677200e-01   9.4074074e-01
   1.2743920e-01   9.4814815e-01
   1.5479600e-01   9.5555556e-01
   1.6246880e-01   9.6296296e-01
   1.6847360e-01   9.7037037e-01
   1.7147600e-01   9.7777778e-01
   2.3819840e-01   9.8518519e-01
   2.4787360e-01   9.9259259e-01
   2.6622160e-01   1.0000000e+00
