   2.2024000e-03   0.0000000e+00
   2.2024000e-03   5.5401662e-04
   3.0840000e-03   3.8781163e-03
   3.5240000e-03   8.3102493e-03
   3.9648000e-03   1.2742382e-02
   4.4056000e-03   2.6038781e-02
   4.8456000e-03   4.4321330e-02
   5.2864000e-03   6.7590028e-02
   5.7272000e-03   9.0858726e-02
   6.1672000e-03   1.3684211e-01
   6.6080000e-03   1.8614958e-01
   7.0488000e-03   2.3268698e-01
   7.4888000e-03   3.0083102e-01
   7.9296000e-03   3.3628809e-01
   8.3704000e-03   3.7340720e-01
   8.8104000e-03   4.2770083e-01
   9.2512000e-03   4.5872576e-01
   9.6920000e-03   4.8698061e-01
   1.0132000e-02   5.1745152e-01
   1.0572800e-02   5.4681440e-01
   1.1012800e-02   5.6675900e-01
   1.1453600e-02   5.8947368e-01
   1.1894400e-02   6.1772853e-01
   1.2334400e-02   6.3988920e-01
   1.2775200e-02   6.5540166e-01
   1.3216000e-02   6.7036011e-01
   1.3656000e-02   6.9639889e-01
   1.4096800e-02   7.1357341e-01
   1.4537600e-02   7.2409972e-01
   1.4977600e-02   7.4570637e-01
   1.5418400e-02   7.5457064e-01
   1.5859200e-02   7.6509695e-01
   1.6299200e-02   7.7839335e-01
   1.6740000e-02   7.8504155e-01
   1.7180800e-02   7.9501385e-01
   1.7620800e-02   8.0443213e-01
   1.8061600e-02   8.1440443e-01
   1.8502400e-02   8.2770083e-01
   1.8942400e-02   8.3379501e-01
   1.9383200e-02   8.3933518e-01
   1.9824000e-02   8.4653740e-01
   2.0264000e-02   8.5540166e-01
   2.0704800e-02   8.6204986e-01
   2.1145600e-02   8.7534626e-01
   2.1585600e-02   8.7922438e-01
   2.2026400e-02   8.8421053e-01
   2.2467200e-02   8.9362881e-01
   2.2907200e-02   8.9750693e-01
   2.3348000e-02   8.9972299e-01
   2.3788800e-02   9.0304709e-01
   2.4228800e-02   9.0526316e-01
   2.4669600e-02   9.0692521e-01
   2.5110400e-02   9.1191136e-01
   2.5550400e-02   9.1301939e-01
   2.5991200e-02   9.1468144e-01
   2.6432000e-02   9.1745152e-01
   2.6872000e-02   9.1966759e-01
   2.7312800e-02   9.2077562e-01
   2.7753600e-02   9.2243767e-01
   2.8193600e-02   9.2354571e-01
   2.8634400e-02   9.2520776e-01
   2.9075200e-02   9.2797784e-01
   2.9515200e-02   9.2963989e-01
   2.9956000e-02   9.3130194e-01
   3.0396800e-02   9.3240997e-01
   3.1277600e-02   9.3351801e-01
   3.1718400e-02   9.3573407e-01
   3.2158400e-02   9.3795014e-01
   3.2599200e-02   9.4072022e-01
   3.3040000e-02   9.4182825e-01
   3.3480000e-02   9.4293629e-01
   3.3920800e-02   9.4515235e-01
   3.4360800e-02   9.4847645e-01
   3.4801600e-02   9.5180055e-01
   3.5242400e-02   9.5235457e-01
   3.5682400e-02   9.5512465e-01
   3.6123200e-02   9.5789474e-01
   3.6564000e-02   9.5955679e-01
   3.7444800e-02   9.6121884e-01
   3.7885600e-02   9.6288089e-01
   3.9207200e-02   9.6398892e-01
   4.0088000e-02   9.6509695e-01
   4.0528800e-02   9.6620499e-01
   4.0969600e-02   9.6731302e-01
   4.1409600e-02   9.6786704e-01
   4.1850400e-02   9.6897507e-01
   4.2731200e-02   9.6952909e-01
   4.3172000e-02   9.7119114e-01
   4.4052800e-02   9.7229917e-01
   4.4933600e-02   9.7396122e-01
   4.5374400e-02   9.7506925e-01
   4.5815200e-02   9.7562327e-01
   4.6255200e-02   9.7617729e-01
   4.6696000e-02   9.7673130e-01
   4.7136800e-02   9.7728532e-01
   4.7576800e-02   9.7783934e-01
   4.8017600e-02   9.7894737e-01
   4.8458400e-02   9.8005540e-01
   4.8898400e-02   9.8060942e-01
   4.9339200e-02   9.8171745e-01
   4.9780000e-02   9.8282548e-01
   5.0220000e-02   9.8393352e-01
   5.0660800e-02   9.8448753e-01
   5.1101600e-02   9.8559557e-01
   5.1982400e-02   9.8670360e-01
   5.2423200e-02   9.8725762e-01
   5.2863200e-02   9.8781163e-01
   5.3304000e-02   9.8836565e-01
   5.3744800e-02   9.9002770e-01
   5.6828000e-02   9.9113573e-01
   5.7709600e-02   9.9168975e-01
   5.9471200e-02   9.9224377e-01
   6.0792800e-02   9.9279778e-01
   6.1233600e-02   9.9335180e-01
   6.2995200e-02   9.9390582e-01
   6.4316800e-02   9.9445983e-01
   6.5198400e-02   9.9501385e-01
   6.7400800e-02   9.9556787e-01
   6.9603200e-02   9.9612188e-01
   7.0924800e-02   9.9667590e-01
   7.1806400e-02   9.9722992e-01
   7.6652000e-02   9.9778393e-01
   8.2379200e-02   9.9833795e-01
   8.9427200e-02   9.9889197e-01
   1.0132160e-01   9.9944598e-01
   1.0352400e-01   1.0000000e+00
