   2.5752000e-03   0.0000000e+00
   2.5752000e-03   1.2970169e-03
   3.0040000e-03   3.8910506e-03
   3.4336000e-03   7.7821012e-03
   3.8624000e-03   1.1673152e-02
   4.2920000e-03   2.0752270e-02
   4.7208000e-03   3.2425422e-02
   5.1504000e-03   3.8910506e-02
   5.5792000e-03   5.4474708e-02
   6.0088000e-03   7.0038911e-02
   6.4376000e-03   9.4682231e-02
   6.8672000e-03   1.2840467e-01
   7.2960000e-03   1.5564202e-01
   7.7256000e-03   1.7898833e-01
   8.1544000e-03   2.0492866e-01
   8.5840000e-03   2.2697795e-01
   9.0128000e-03   2.5810636e-01
   9.4424000e-03   2.8534371e-01
   9.8712000e-03   3.0479896e-01
   1.0300000e-02   3.1517510e-01
   1.0729600e-02   3.3333333e-01
   1.1159200e-02   3.4630350e-01
   1.1588000e-02   3.6186770e-01
   1.2017600e-02   3.7613489e-01
   1.2446400e-02   3.9299611e-01
   1.2875200e-02   4.0207523e-01
   1.3304800e-02   4.0856031e-01
   1.3733600e-02   4.3450065e-01
   1.4163200e-02   4.4747082e-01
   1.4592000e-02   4.5395590e-01
   1.5021600e-02   4.7730220e-01
   1.5450400e-02   4.8119326e-01
   1.5880000e-02   4.9156939e-01
   1.6308800e-02   5.0453956e-01
   1.6738400e-02   5.0843061e-01
   1.7167200e-02   5.1621271e-01
   1.7596800e-02   5.3047990e-01
   1.8025600e-02   5.4604410e-01
   1.8455200e-02   5.5123217e-01
   1.8884000e-02   5.6549935e-01
   1.9313600e-02   5.7328145e-01
   1.9742400e-02   5.8106355e-01
   2.0172000e-02   5.8754864e-01
   2.0600800e-02   5.9014267e-01
   2.1030400e-02   5.9792477e-01
   2.1459200e-02   6.1348898e-01
   2.1888000e-02   6.2127108e-01
   2.2317600e-02   6.3035019e-01
   2.2747200e-02   6.3683528e-01
   2.3176000e-02   6.4850843e-01
   2.3604800e-02   6.5499351e-01
   2.4034400e-02   6.6277562e-01
   2.4463200e-02   6.6536965e-01
   2.4892800e-02   6.7185473e-01
   2.5321600e-02   6.7574578e-01
   2.5751200e-02   6.7963684e-01
   2.6180000e-02   6.8482490e-01
   2.6609600e-02   6.8741894e-01
   2.7038400e-02   6.9260700e-01
   2.7468000e-02   6.9649805e-01
   2.7896800e-02   7.0038911e-01
   2.8326400e-02   7.0428016e-01
   2.8755200e-02   7.1076524e-01
   2.9184800e-02   7.1595331e-01
   2.9613600e-02   7.1725032e-01
   3.0043200e-02   7.2892348e-01
   3.0472000e-02   7.3151751e-01
   3.0901600e-02   7.4059663e-01
   3.1330400e-02   7.4837873e-01
   3.1760000e-02   7.5356680e-01
   3.2188800e-02   7.5745785e-01
   3.2618400e-02   7.6523995e-01
   3.3047200e-02   7.7042802e-01
   3.3476800e-02   7.7691310e-01
   3.3905600e-02   7.8599222e-01
   3.4334400e-02   7.9507134e-01
   3.4764000e-02   8.0155642e-01
   3.5192800e-02   8.0804150e-01
   3.5622400e-02   8.1712062e-01
   3.6051200e-02   8.2101167e-01
   3.6480800e-02   8.2490272e-01
   3.6909600e-02   8.3398184e-01
   3.7339200e-02   8.4046693e-01
   3.7768000e-02   8.4565499e-01
   3.8197600e-02   8.4954604e-01
   3.8626400e-02   8.5214008e-01
   3.9056000e-02   8.5603113e-01
   3.9484800e-02   8.5732815e-01
   3.9914400e-02   8.6121920e-01
   4.0343200e-02   8.6511025e-01
   4.0772800e-02   8.6770428e-01
   4.1201600e-02   8.7029831e-01
   4.1631200e-02   8.7289235e-01
   4.2060000e-02   8.7678340e-01
   4.3347200e-02   8.8197147e-01
   4.3776800e-02   8.8715953e-01
   4.4206400e-02   8.8845655e-01
   4.4635200e-02   8.9105058e-01
   4.5064000e-02   8.9494163e-01
   4.5493600e-02   8.9753567e-01
   4.6352000e-02   9.0531777e-01
   4.6780800e-02   9.0661479e-01
   4.7210400e-02   9.0920882e-01
   4.7639200e-02   9.1439689e-01
   4.8068800e-02   9.1569390e-01
   4.8927200e-02   9.2088197e-01
   4.9785600e-02   9.2217899e-01
   5.0214400e-02   9.2347601e-01
   5.0644000e-02   9.2477302e-01
   5.1072800e-02   9.2736706e-01
   5.1502400e-02   9.2866407e-01
   5.1931200e-02   9.2996109e-01
   5.2360800e-02   9.3255512e-01
   5.2789600e-02   9.3514916e-01
   5.3219200e-02   9.3644617e-01
   5.3648000e-02   9.4033722e-01
   5.4077600e-02   9.4293126e-01
   5.4506400e-02   9.4552529e-01
   5.5364800e-02   9.4682231e-01
   5.5793600e-02   9.4811933e-01
   5.6223200e-02   9.5071336e-01
   5.7081600e-02   9.5201038e-01
   5.8368800e-02   9.5330739e-01
   5.8798400e-02   9.5719844e-01
   5.9656800e-02   9.5849546e-01
   6.0085600e-02   9.6238651e-01
   6.1373600e-02   9.6368353e-01
   6.1802400e-02   9.6498054e-01
   6.2660800e-02   9.6627756e-01
   6.3090400e-02   9.6757458e-01
   6.4807200e-02   9.7016861e-01
   6.5236000e-02   9.7146563e-01
   6.5665600e-02   9.7276265e-01
   6.6524000e-02   9.7405966e-01
   6.7811200e-02   9.7535668e-01
   6.8669600e-02   9.7795071e-01
   6.9098400e-02   9.7924773e-01
   6.9956800e-02   9.8184176e-01
   7.1244800e-02   9.8443580e-01
   7.2532000e-02   9.8832685e-01
   7.3820000e-02   9.8962387e-01
   7.4248800e-02   9.9092088e-01
   8.2403200e-02   9.9221790e-01
   8.6695200e-02   9.9351492e-01
   8.7553600e-02   9.9481193e-01
   9.4420800e-02   9.9610895e-01
   9.8283200e-02   9.9740597e-01
   1.0429200e-01   9.9870298e-01
   1.0944240e-01   1.0000000e+00
