   5.3384000e-03   0.0000000e+00
   5.3384000e-03   1.3986014e-02
   7.2448000e-03   2.0979021e-02
   8.0072000e-03   2.7972028e-02
   9.1520000e-03   4.1958042e-02
   1.0295200e-02   4.8951049e-02
   1.0676800e-02   5.5944056e-02
   1.1058400e-02   6.2937063e-02
   1.1439200e-02   6.9930070e-02
   1.1820800e-02   8.3916084e-02
   1.3346400e-02   9.0909091e-02
   1.3727200e-02   9.7902098e-02
   1.4108800e-02   1.0489510e-01
   1.4871200e-02   1.1888112e-01
   1.5633600e-02   1.2587413e-01
   1.6015200e-02   1.3286713e-01
   1.6777600e-02   1.4685315e-01
   1.7540800e-02   2.1678322e-01
   1.7921600e-02   2.3076923e-01
   1.8303200e-02   2.4475524e-01
   1.8684800e-02   2.5874126e-01
   1.9065600e-02   2.6573427e-01
   1.9828000e-02   2.9370629e-01
   2.0209600e-02   3.0069930e-01
   2.0591200e-02   3.1468531e-01
   2.1353600e-02   3.2867133e-01
   2.1735200e-02   3.4265734e-01
   2.2497600e-02   3.7062937e-01
   2.2879200e-02   3.9160839e-01
   2.3260000e-02   4.1258741e-01
   2.3641600e-02   4.2657343e-01
   2.4023200e-02   4.4055944e-01
   2.4404000e-02   4.4755245e-01
   2.4785600e-02   4.6153846e-01
   2.5167200e-02   4.6853147e-01
   2.5548000e-02   4.8251748e-01
   2.5929600e-02   4.8951049e-01
   2.6311200e-02   5.2447552e-01
   2.7073600e-02   5.3846154e-01
   2.7836000e-02   5.5244755e-01
   2.8217600e-02   5.7342657e-01
   2.8598400e-02   5.8041958e-01
   2.8980000e-02   5.9440559e-01
   2.9361600e-02   6.0839161e-01
   2.9742400e-02   6.1538462e-01
   3.0124000e-02   6.2237762e-01
   3.1268000e-02   6.5734266e-01
   3.2792800e-02   6.6433566e-01
   3.3174400e-02   6.7832168e-01
   3.3936800e-02   6.8531469e-01
   3.4318400e-02   6.9930070e-01
   3.5080800e-02   7.0629371e-01
   3.7368800e-02   7.2027972e-01
   3.7750400e-02   7.2727273e-01
   3.8131200e-02   7.3426573e-01
   3.9275200e-02   7.4125874e-01
   3.9656800e-02   7.5524476e-01
   4.0038400e-02   7.6923077e-01
   4.0419200e-02   7.8321678e-01
   4.1944800e-02   8.0419580e-01
   4.2326400e-02   8.1118881e-01
   4.2707200e-02   8.2517483e-01
   4.3088800e-02   8.3916084e-01
   4.3469600e-02   8.4615385e-01
   4.4613600e-02   8.5314685e-01
   4.6139200e-02   8.6013986e-01
   4.6520800e-02   8.7412587e-01
   4.6901600e-02   8.8111888e-01
   4.7664800e-02   8.8811189e-01
   4.8427200e-02   8.9510490e-01
   4.9952000e-02   9.0209790e-01
   5.2240000e-02   9.0909091e-01
   5.5672000e-02   9.1608392e-01
   5.6816000e-02   9.3006993e-01
   5.8341600e-02   9.3706294e-01
   6.1392000e-02   9.5104895e-01
   6.2154400e-02   9.5804196e-01
   6.7111200e-02   9.7202797e-01
   7.7407200e-02   9.7902098e-01
   7.7788800e-02   9.8601399e-01
   8.4270400e-02   9.9300699e-01
   8.5033600e-02   1.0000000e+00
