   3.7629486e-03   0.0000000e+00
   3.7629486e-03   8.6281277e-04
   4.1974078e-03   1.7256255e-03
   4.6899794e-03   2.5884383e-03
   5.1540762e-03   3.4512511e-03
   5.2200585e-03   4.3140638e-03
   5.3087089e-03   5.1768766e-03
   5.3697064e-03   6.0396894e-03
   5.4041630e-03   6.9025022e-03
   5.4126986e-03   8.6281277e-03
   5.4961400e-03   9.4909405e-03
   5.6125392e-03   1.0353753e-02
   5.6160671e-03   1.1216566e-02
   5.7773302e-03   1.2079379e-02
   5.9107527e-03   1.2942192e-02
   6.0624830e-03   1.3805004e-02
   6.1396323e-03   1.6393443e-02
   6.2985398e-03   1.8119068e-02
   6.3303176e-03   1.9844694e-02
   6.3388130e-03   2.0707506e-02
   6.3553525e-03   2.1570319e-02
   6.4102942e-03   2.2433132e-02
   6.5484528e-03   2.4158758e-02
   6.6678768e-03   2.5021570e-02
   6.6864076e-03   2.6747196e-02
   6.7675798e-03   3.0198447e-02
   6.7938255e-03   3.1061260e-02
   6.9477302e-03   3.1924072e-02
   6.9666404e-03   3.2786885e-02
   6.9953026e-03   3.5375324e-02
   7.0140519e-03   3.6238136e-02
   7.0636531e-03   3.8826575e-02
   7.0936063e-03   3.9689387e-02
   7.1248251e-03   4.0552200e-02
   7.1427966e-03   4.2277826e-02
   7.2308090e-03   4.4003451e-02
   7.2517926e-03   4.4866264e-02
   7.2575635e-03   4.5729077e-02
   7.3140916e-03   4.7454702e-02
   7.4211833e-03   4.9180328e-02
   7.4727651e-03   5.4357204e-02
   7.4797874e-03   5.7808456e-02
   7.5136196e-03   5.9534081e-02
   7.5258973e-03   6.1259707e-02
   7.6010292e-03   6.2122519e-02
   7.6966879e-03   6.4710958e-02
   7.7004909e-03   6.5573770e-02
   7.7216883e-03   6.7299396e-02
   7.7313163e-03   7.0750647e-02
   7.7906064e-03   7.4201898e-02
   7.8764752e-03   7.5064711e-02
   7.9281258e-03   7.6790336e-02
   7.9450357e-03   7.7653149e-02
   7.9763990e-03   8.3692839e-02
   7.9892221e-03   9.2320966e-02
   7.9893579e-03   9.4046592e-02
   8.0595760e-03   9.4909405e-02
   8.1566858e-03   9.7497843e-02
   8.1631753e-03   9.8360656e-02
   8.1658564e-03   9.9223469e-02
   8.1865578e-03   1.0008628e-01
   8.1962192e-03   1.0267472e-01
   8.2495048e-03   1.0353753e-01
   8.2517202e-03   1.0440035e-01
   8.3336323e-03   1.0785160e-01
   8.4045168e-03   1.1216566e-01
   8.4104476e-03   1.1993097e-01
   8.5010905e-03   1.2424504e-01
   8.5195979e-03   1.2597066e-01
   8.5384765e-03   1.2683348e-01
   8.6291329e-03   1.2855910e-01
   8.6323740e-03   1.3028473e-01
   8.6516237e-03   1.3201035e-01
   8.6985819e-03   1.3287317e-01
   8.7271319e-03   1.3459879e-01
   8.8609453e-03   1.3977567e-01
   8.8927349e-03   1.4150129e-01
   8.9040160e-03   1.4667817e-01
   8.9158010e-03   1.4926661e-01
   8.9842877e-03   1.5012942e-01
   9.0425062e-03   1.5358067e-01
   9.0672408e-03   1.5530630e-01
   9.0956606e-03   1.5962036e-01
   9.0983278e-03   1.6048318e-01
   9.1163333e-03   1.6134599e-01
   9.1254457e-03   1.6307161e-01
   9.1612569e-03   1.6393443e-01
   9.1756150e-03   1.6566005e-01
   9.2501458e-03   1.6652286e-01
   9.2743023e-03   1.6738568e-01
   9.3191179e-03   1.6824849e-01
   9.3360565e-03   1.7256255e-01
   9.3419608e-03   1.7515099e-01
   9.4223076e-03   1.8032787e-01
   9.4229165e-03   1.8119068e-01
   9.4404881e-03   1.8291631e-01
   9.4650659e-03   1.8377912e-01
   9.5616509e-03   1.8464193e-01
   9.5668260e-03   1.8550475e-01
   9.5817054e-03   1.8636756e-01
   9.5902364e-03   1.8895600e-01
   9.5915980e-03   1.8981881e-01
   9.5990216e-03   1.9154443e-01
   9.6231965e-03   1.9240725e-01
   9.6292052e-03   1.9327006e-01
   9.6387275e-03   1.9499569e-01
   9.7743544e-03   1.9585850e-01
   9.7937648e-03   1.9758412e-01
   9.8016292e-03   1.9844694e-01
   9.8016476e-03   1.9930975e-01
   9.8075136e-03   2.0017256e-01
   9.8315985e-03   2.0707506e-01
   9.8439595e-03   2.1311475e-01
   9.8965988e-03   2.1397757e-01
   9.9576191e-03   2.1656601e-01
   1.0028208e-02   2.1915444e-01
   1.0030864e-02   2.2088007e-01
   1.0046071e-02   2.2174288e-01
   1.0055756e-02   2.2433132e-01
   1.0086594e-02   2.2519413e-01
   1.0147916e-02   2.2605695e-01
   1.0167615e-02   2.2778257e-01
   1.0169160e-02   2.2864538e-01
   1.0203125e-02   2.3123382e-01
   1.0257587e-02   2.3209664e-01
   1.0267240e-02   2.3899914e-01
   1.0273711e-02   2.4072476e-01
   1.0308662e-02   2.4158758e-01
   1.0333304e-02   2.4245039e-01
   1.0345754e-02   2.4417601e-01
   1.0366007e-02   2.4503883e-01
   1.0455826e-02   2.4590164e-01
   1.0493646e-02   2.4762726e-01
   1.0497441e-02   2.5021570e-01
   1.0506824e-02   2.5194133e-01
   1.0511672e-02   2.5280414e-01
   1.0536210e-02   2.5366695e-01
   1.0549779e-02   2.5452977e-01
   1.0565272e-02   2.5539258e-01
   1.0608775e-02   2.5884383e-01
   1.0617019e-02   2.6056946e-01
   1.0630090e-02   2.6315789e-01
   1.0726021e-02   2.6574633e-01
   1.0732924e-02   2.6660915e-01
   1.0739951e-02   2.6747196e-01
   1.0760600e-02   2.6919758e-01
   1.0785975e-02   2.7006040e-01
   1.0807836e-02   2.7178602e-01
   1.0818433e-02   2.7264884e-01
   1.0826518e-02   2.7696290e-01
   1.0875376e-02   2.7868852e-01
   1.0899195e-02   2.7955134e-01
   1.0940396e-02   2.8041415e-01
   1.0960226e-02   2.8300259e-01
   1.0976835e-02   2.8559103e-01
   1.0986492e-02   2.8731665e-01
   1.1013718e-02   2.8904228e-01
   1.1029253e-02   2.8990509e-01
   1.1067165e-02   2.9163072e-01
   1.1069644e-02   2.9249353e-01
   1.1111200e-02   2.9335634e-01
   1.1145300e-02   2.9421915e-01
   1.1192714e-02   2.9594478e-01
   1.1199188e-02   3.0025884e-01
   1.1205099e-02   3.0112166e-01
   1.1237951e-02   3.0284728e-01
   1.1238691e-02   3.0371009e-01
   1.1270744e-02   3.0543572e-01
   1.1333008e-02   3.0716135e-01
   1.1351563e-02   3.0802416e-01
   1.1417644e-02   3.1320104e-01
   1.1426815e-02   3.1406385e-01
   1.1429492e-02   3.1492666e-01
   1.1442609e-02   3.1578947e-01
   1.1447709e-02   3.1665229e-01
   1.1451759e-02   3.2010354e-01
   1.1492831e-02   3.2096635e-01
   1.1518854e-02   3.2269198e-01
   1.1531418e-02   3.2441760e-01
   1.1552698e-02   3.2528041e-01
   1.1554938e-02   3.2614323e-01
   1.1608902e-02   3.2700604e-01
   1.1629502e-02   3.2873167e-01
   1.1638300e-02   3.3045729e-01
   1.1658840e-02   3.3132010e-01
   1.1671411e-02   3.3218292e-01
   1.1690209e-02   3.3304573e-01
   1.1701984e-02   3.3390854e-01
   1.1726682e-02   3.3477135e-01
   1.1733456e-02   3.3563417e-01
   1.1794850e-02   3.3735979e-01
   1.1819291e-02   3.3822261e-01
   1.1892856e-02   3.3908542e-01
   1.1917024e-02   3.4081104e-01
   1.1927208e-02   3.4253667e-01
   1.1927691e-02   3.4339948e-01
   1.1972070e-02   3.4426230e-01
   1.1992451e-02   3.4598792e-01
   1.2014273e-02   3.4685073e-01
   1.2062102e-02   3.4771355e-01
   1.2125534e-02   3.5030198e-01
   1.2131271e-02   3.5202761e-01
   1.2196302e-02   3.5375324e-01
   1.2253111e-02   3.5634167e-01
   1.2255395e-02   3.5720449e-01
   1.2281871e-02   3.5806730e-01
   1.2332329e-02   3.5979292e-01
   1.2359460e-02   3.6065574e-01
   1.2362127e-02   3.6151855e-01
   1.2373829e-02   3.6238136e-01
   1.2405647e-02   3.6324418e-01
   1.2425858e-02   3.6410699e-01
   1.2454943e-02   3.6583261e-01
   1.2461983e-02   3.6669543e-01
   1.2476339e-02   3.6755824e-01
   1.2510934e-02   3.6842105e-01
   1.2521452e-02   3.6928387e-01
   1.2536475e-02   3.7100949e-01
   1.2559948e-02   3.7187230e-01
   1.2591660e-02   3.7273512e-01
   1.2597626e-02   3.7359793e-01
   1.2603530e-02   3.7446074e-01
   1.2619688e-02   3.7532355e-01
   1.2632035e-02   3.7618637e-01
   1.2718317e-02   3.7791199e-01
   1.2790427e-02   3.7963762e-01
   1.2839200e-02   3.8050043e-01
   1.2848338e-02   3.8136324e-01
   1.2865964e-02   3.8222606e-01
   1.2885392e-02   3.8308887e-01
   1.3008855e-02   3.8481450e-01
   1.3062140e-02   3.8567731e-01
   1.3069334e-02   3.8740293e-01
   1.3097512e-02   3.8912856e-01
   1.3123429e-02   3.8999137e-01
   1.3209352e-02   3.9085418e-01
   1.3249544e-02   3.9171700e-01
   1.3279795e-02   3.9344262e-01
   1.3294789e-02   3.9430544e-01
   1.3298747e-02   3.9516825e-01
   1.3304680e-02   3.9689387e-01
   1.3336424e-02   3.9861950e-01
   1.3388429e-02   3.9948231e-01
   1.3398323e-02   4.0034513e-01
   1.3439327e-02   4.0120794e-01
   1.3442496e-02   4.0207075e-01
   1.3448240e-02   4.0293356e-01
   1.3520026e-02   4.0379638e-01
   1.3529276e-02   4.0465919e-01
   1.3550150e-02   4.0811044e-01
   1.3563072e-02   4.0983607e-01
   1.3605737e-02   4.1156169e-01
   1.3652350e-02   4.1242450e-01
   1.3664818e-02   4.1328732e-01
   1.3721185e-02   4.1501294e-01
   1.3738852e-02   4.1760138e-01
   1.3765927e-02   4.1846419e-01
   1.3770742e-02   4.1932701e-01
   1.3780451e-02   4.2105263e-01
   1.3799088e-02   4.2191544e-01
   1.3814622e-02   4.2277826e-01
   1.3930230e-02   4.2536670e-01
   1.4001633e-02   4.2622951e-01
   1.4051310e-02   4.2709232e-01
   1.4070055e-02   4.2795513e-01
   1.4102708e-02   4.2881795e-01
   1.4126669e-02   4.3140638e-01
   1.4199021e-02   4.3226920e-01
   1.4236306e-02   4.3399482e-01
   1.4249650e-02   4.3485764e-01
   1.4264154e-02   4.3572045e-01
   1.4279718e-02   4.3658326e-01
   1.4292124e-02   4.3744607e-01
   1.4327961e-02   4.3830889e-01
   1.4436377e-02   4.3917170e-01
   1.4455629e-02   4.4003451e-01
   1.4457302e-02   4.4089733e-01
   1.4461585e-02   4.4176014e-01
   1.4467495e-02   4.4262295e-01
   1.4533905e-02   4.4348576e-01
   1.4625188e-02   4.4521139e-01
   1.4628654e-02   4.4607420e-01
   1.4633758e-02   4.4693701e-01
   1.4670269e-02   4.4779983e-01
   1.4702446e-02   4.4866264e-01
   1.4711596e-02   4.4952545e-01
   1.4791730e-02   4.5038827e-01
   1.4800217e-02   4.5125108e-01
   1.4825355e-02   4.5297670e-01
   1.4853033e-02   4.5470233e-01
   1.4923428e-02   4.5556514e-01
   1.4928039e-02   4.5642796e-01
   1.4946660e-02   4.5729077e-01
   1.4958446e-02   4.5815358e-01
   1.4979804e-02   4.5987921e-01
   1.4980082e-02   4.6074202e-01
   1.5019690e-02   4.6160483e-01
   1.5160190e-02   4.6246764e-01
   1.5161704e-02   4.6419327e-01
   1.5165467e-02   4.6505608e-01
   1.5168620e-02   4.6678171e-01
   1.5168762e-02   4.6764452e-01
   1.5177192e-02   4.6937015e-01
   1.5194063e-02   4.7023296e-01
   1.5233146e-02   4.7109577e-01
   1.5355293e-02   4.7282140e-01
   1.5389291e-02   4.7454702e-01
   1.5393957e-02   4.7540984e-01
   1.5443891e-02   4.7713546e-01
   1.5454682e-02   4.7799827e-01
   1.5476065e-02   4.7886109e-01
   1.5514527e-02   4.7972390e-01
   1.5515861e-02   4.8058671e-01
   1.5516967e-02   4.8144953e-01
   1.5528854e-02   4.8231234e-01
   1.5536666e-02   4.8317515e-01
   1.5600684e-02   4.8403796e-01
   1.5626257e-02   4.8490078e-01
   1.5697216e-02   4.8748921e-01
   1.5718663e-02   4.8835203e-01
   1.5753623e-02   4.8921484e-01
   1.5818986e-02   4.9007765e-01
   1.5856248e-02   4.9180328e-01
   1.5877186e-02   4.9266609e-01
   1.5953296e-02   4.9352890e-01
   1.5978716e-02   4.9439172e-01
   1.6089671e-02   4.9525453e-01
   1.6092902e-02   4.9611734e-01
   1.6109066e-02   4.9698016e-01
   1.6123705e-02   4.9870578e-01
   1.6139290e-02   4.9956859e-01
   1.6161437e-02   5.0129422e-01
   1.6239217e-02   5.0215703e-01
   1.6265724e-02   5.0388266e-01
   1.6266868e-02   5.0474547e-01
   1.6275791e-02   5.0733391e-01
   1.6313372e-02   5.0819672e-01
   1.6325799e-02   5.0905953e-01
   1.6332260e-02   5.0992235e-01
   1.6343088e-02   5.1078516e-01
   1.6373116e-02   5.1337360e-01
   1.6440167e-02   5.1423641e-01
   1.6442853e-02   5.1509922e-01
   1.6473203e-02   5.1682485e-01
   1.6487989e-02   5.1768766e-01
   1.6542524e-02   5.1855047e-01
   1.6604809e-02   5.1941329e-01
   1.6625287e-02   5.2113891e-01
   1.6659851e-02   5.2200173e-01
   1.6702125e-02   5.2286454e-01
   1.6719179e-02   5.2459016e-01
   1.6736789e-02   5.2545298e-01
   1.6769717e-02   5.2717860e-01
   1.6788504e-02   5.2976704e-01
   1.6798773e-02   5.3062985e-01
   1.6808498e-02   5.3149267e-01
   1.6811455e-02   5.3235548e-01
   1.6838136e-02   5.3321829e-01
   1.6849757e-02   5.3408110e-01
   1.6850596e-02   5.3494392e-01
   1.6880097e-02   5.3580673e-01
   1.6993103e-02   5.3666954e-01
   1.7031926e-02   5.3839517e-01
   1.7054233e-02   5.4012079e-01
   1.7076762e-02   5.4098361e-01
   1.7081819e-02   5.4184642e-01
   1.7137426e-02   5.4270923e-01
   1.7220532e-02   5.4357204e-01
   1.7231090e-02   5.4443486e-01
   1.7258266e-02   5.4616048e-01
   1.7264748e-02   5.4788611e-01
   1.7286833e-02   5.4961173e-01
   1.7302727e-02   5.5133736e-01
   1.7354838e-02   5.5220017e-01
   1.7397164e-02   5.5478861e-01
   1.7427528e-02   5.5651424e-01
   1.7454264e-02   5.5737705e-01
   1.7658563e-02   5.5823986e-01
   1.7681685e-02   5.5910267e-01
   1.7721891e-02   5.5996549e-01
   1.7730697e-02   5.6082830e-01
   1.7739969e-02   5.6255393e-01
   1.7752340e-02   5.6341674e-01
   1.7807527e-02   5.6427955e-01
   1.7812172e-02   5.6514236e-01
   1.7832103e-02   5.6686799e-01
   1.7906499e-02   5.6773080e-01
   1.7959500e-02   5.7031924e-01
   1.7984999e-02   5.7204487e-01
   1.8012840e-02   5.7290768e-01
   1.8018571e-02   5.7377049e-01
   1.8034054e-02   5.7463330e-01
   1.8039979e-02   5.7549612e-01
   1.8040626e-02   5.7635893e-01
   1.8086120e-02   5.7722174e-01
   1.8184972e-02   5.7808456e-01
   1.8188017e-02   5.7894737e-01
   1.8191321e-02   5.7981018e-01
   1.8228342e-02   5.8067299e-01
   1.8232667e-02   5.8239862e-01
   1.8250891e-02   5.8326143e-01
   1.8326798e-02   5.8412425e-01
   1.8352352e-02   5.8498706e-01
   1.8416983e-02   5.8584987e-01
   1.8465749e-02   5.8757550e-01
   1.8470701e-02   5.8843831e-01
   1.8548163e-02   5.8930112e-01
   1.8579883e-02   5.9102675e-01
   1.8649441e-02   5.9188956e-01
   1.8672113e-02   5.9275237e-01
   1.8683922e-02   5.9361519e-01
   1.8688725e-02   5.9447800e-01
   1.8759529e-02   5.9534081e-01
   1.8773248e-02   5.9620362e-01
   1.8814743e-02   5.9706644e-01
   1.8844779e-02   5.9792925e-01
   1.8864912e-02   5.9879206e-01
   1.8868266e-02   5.9965487e-01
   1.8915902e-02   6.0051769e-01
   1.8930942e-02   6.0138050e-01
   1.8947154e-02   6.0224331e-01
   1.9123855e-02   6.0310613e-01
   1.9129759e-02   6.0396894e-01
   1.9162807e-02   6.0483175e-01
   1.9181080e-02   6.0655738e-01
   1.9199289e-02   6.0742019e-01
   1.9223361e-02   6.0828300e-01
   1.9277455e-02   6.0914582e-01
   1.9306401e-02   6.1000863e-01
   1.9324825e-02   6.1087144e-01
   1.9371095e-02   6.1173425e-01
   1.9376349e-02   6.1259707e-01
   1.9396781e-02   6.1345988e-01
   1.9480647e-02   6.1432269e-01
   1.9543234e-02   6.1518550e-01
   1.9663812e-02   6.1691113e-01
   1.9723620e-02   6.1777394e-01
   1.9823293e-02   6.1863676e-01
   1.9847047e-02   6.1949957e-01
   1.9914786e-02   6.2036238e-01
   1.9917731e-02   6.2122519e-01
   1.9945051e-02   6.2381363e-01
   1.9969081e-02   6.2467645e-01
   2.0031175e-02   6.2553926e-01
   2.0055839e-02   6.2640207e-01
   2.0062308e-02   6.2726488e-01
   2.0093271e-02   6.2812770e-01
   2.0152576e-02   6.2899051e-01
   2.0173813e-02   6.3157895e-01
   2.0289400e-02   6.3244176e-01
   2.0294205e-02   6.3416739e-01
   2.0295833e-02   6.3503020e-01
   2.0303326e-02   6.3675582e-01
   2.0312410e-02   6.3761864e-01
   2.0327976e-02   6.3848145e-01
   2.0384926e-02   6.3934426e-01
   2.0431976e-02   6.4020708e-01
   2.0519785e-02   6.4106989e-01
   2.0535068e-02   6.4193270e-01
   2.0547422e-02   6.4279551e-01
   2.0592639e-02   6.4365833e-01
   2.0599135e-02   6.4452114e-01
   2.0644746e-02   6.4624676e-01
   2.0845616e-02   6.4710958e-01
   2.0908961e-02   6.4797239e-01
   2.0911328e-02   6.4883520e-01
   2.0927551e-02   6.4969802e-01
   2.0972011e-02   6.5056083e-01
   2.0988424e-02   6.5142364e-01
   2.1056926e-02   6.5228645e-01
   2.1102465e-02   6.5314927e-01
   2.1113231e-02   6.5401208e-01
   2.1153710e-02   6.5573770e-01
   2.1226503e-02   6.5660052e-01
   2.1235650e-02   6.5746333e-01
   2.1290989e-02   6.5832614e-01
   2.1357139e-02   6.5918896e-01
   2.1429057e-02   6.6005177e-01
   2.1445104e-02   6.6091458e-01
   2.1452605e-02   6.6177739e-01
   2.1478773e-02   6.6264021e-01
   2.1518981e-02   6.6350302e-01
   2.1545846e-02   6.6436583e-01
   2.1563438e-02   6.6522865e-01
   2.1593035e-02   6.6609146e-01
   2.1616162e-02   6.6695427e-01
   2.1709769e-02   6.6781708e-01
   2.1720834e-02   6.6867990e-01
   2.1724797e-02   6.7040552e-01
   2.1919298e-02   6.7126833e-01
   2.1921028e-02   6.7213115e-01
   2.1923133e-02   6.7299396e-01
   2.1926924e-02   6.7385677e-01
   2.1972457e-02   6.7471959e-01
   2.2024399e-02   6.7558240e-01
   2.2139766e-02   6.7644521e-01
   2.2167976e-02   6.7817084e-01
   2.2174665e-02   6.7989646e-01
   2.2190244e-02   6.8075928e-01
   2.2199896e-02   6.8162209e-01
   2.2222877e-02   6.8248490e-01
   2.2283519e-02   6.8334771e-01
   2.2319067e-02   6.8421053e-01
   2.2387615e-02   6.8507334e-01
   2.2398376e-02   6.8593615e-01
   2.2449330e-02   6.8679896e-01
   2.2478061e-02   6.8766178e-01
   2.2491039e-02   6.8852459e-01
   2.2618359e-02   6.8938740e-01
   2.2619225e-02   6.9025022e-01
   2.2621591e-02   6.9111303e-01
   2.2701985e-02   6.9197584e-01
   2.2864667e-02   6.9283865e-01
   2.2903856e-02   6.9370147e-01
   2.3003503e-02   6.9456428e-01
   2.3084457e-02   6.9542709e-01
   2.3105395e-02   6.9628991e-01
   2.3129668e-02   6.9715272e-01
   2.3194055e-02   6.9801553e-01
   2.3216165e-02   6.9887834e-01
   2.3243524e-02   6.9974116e-01
   2.3618826e-02   7.0060397e-01
   2.3630378e-02   7.0146678e-01
   2.3733670e-02   7.0319241e-01
   2.3765040e-02   7.0405522e-01
   2.3796751e-02   7.0491803e-01
   2.3869735e-02   7.0578085e-01
   2.3908218e-02   7.0664366e-01
   2.3968074e-02   7.0750647e-01
   2.4019902e-02   7.0923210e-01
   2.4137145e-02   7.1009491e-01
   2.4170839e-02   7.1095772e-01
   2.4252315e-02   7.1182053e-01
   2.4377858e-02   7.1268335e-01
   2.4394370e-02   7.1527179e-01
   2.4498700e-02   7.1613460e-01
   2.4506222e-02   7.1699741e-01
   2.4527435e-02   7.1786022e-01
   2.4559673e-02   7.1872304e-01
   2.4711958e-02   7.1958585e-01
   2.4755324e-02   7.2044866e-01
   2.4775122e-02   7.2131148e-01
   2.4869277e-02   7.2217429e-01
   2.4923966e-02   7.2303710e-01
   2.4946275e-02   7.2389991e-01
   2.4950013e-02   7.2476273e-01
   2.4972765e-02   7.2562554e-01
   2.5021508e-02   7.2648835e-01
   2.5098064e-02   7.2735116e-01
   2.5184399e-02   7.2821398e-01
   2.5213015e-02   7.2907679e-01
   2.5311632e-02   7.2993960e-01
   2.5489226e-02   7.3080242e-01
   2.5490603e-02   7.3166523e-01
   2.5672858e-02   7.3339085e-01
   2.5679090e-02   7.3425367e-01
   2.5697274e-02   7.3511648e-01
   2.5714464e-02   7.3597929e-01
   2.5737498e-02   7.3684211e-01
   2.5901522e-02   7.3770492e-01
   2.5944932e-02   7.3943054e-01
   2.5974790e-02   7.4029336e-01
   2.6100704e-02   7.4115617e-01
   2.6117069e-02   7.4201898e-01
   2.6205054e-02   7.4288179e-01
   2.6234996e-02   7.4374461e-01
   2.6343936e-02   7.4460742e-01
   2.6398382e-02   7.4547023e-01
   2.6582013e-02   7.4633305e-01
   2.6582268e-02   7.4892148e-01
   2.6630761e-02   7.4978430e-01
   2.6747904e-02   7.5064711e-01
   2.6747927e-02   7.5150992e-01
   2.6768917e-02   7.5237274e-01
   2.6829024e-02   7.5323555e-01
   2.6832349e-02   7.5496117e-01
   2.6855069e-02   7.5582399e-01
   2.6884519e-02   7.5668680e-01
   2.7008898e-02   7.5754961e-01
   2.7201287e-02   7.5841242e-01
   2.7319775e-02   7.5927524e-01
   2.7345563e-02   7.6013805e-01
   2.7348917e-02   7.6100086e-01
   2.7419183e-02   7.6186368e-01
   2.7443061e-02   7.6272649e-01
   2.7469983e-02   7.6358930e-01
   2.7498509e-02   7.6445211e-01
   2.7522277e-02   7.6531493e-01
   2.7532547e-02   7.6617774e-01
   2.7611036e-02   7.6704055e-01
   2.7638808e-02   7.6790336e-01
   2.7675752e-02   7.6876618e-01
   2.7780437e-02   7.6962899e-01
   2.7813723e-02   7.7049180e-01
   2.8150206e-02   7.7135462e-01
   2.8192927e-02   7.7221743e-01
   2.8208844e-02   7.7308024e-01
   2.8246733e-02   7.7394305e-01
   2.8397265e-02   7.7480587e-01
   2.8397390e-02   7.7566868e-01
   2.8447907e-02   7.7653149e-01
   2.8603417e-02   7.7739431e-01
   2.8680020e-02   7.7825712e-01
   2.8683818e-02   7.7911993e-01
   2.8812339e-02   7.7998274e-01
   2.9119148e-02   7.8084556e-01
   2.9127995e-02   7.8170837e-01
   2.9160619e-02   7.8257118e-01
   2.9172194e-02   7.8343399e-01
   2.9177305e-02   7.8429681e-01
   2.9230260e-02   7.8515962e-01
   2.9236798e-02   7.8602243e-01
   2.9243454e-02   7.8688525e-01
   2.9257484e-02   7.8774806e-01
   2.9332767e-02   7.8861087e-01
   2.9378891e-02   7.8947368e-01
   2.9380731e-02   7.9033650e-01
   2.9617486e-02   7.9119931e-01
   2.9626634e-02   7.9292494e-01
   2.9669761e-02   7.9378775e-01
   2.9718279e-02   7.9465056e-01
   2.9768038e-02   7.9551337e-01
   2.9779009e-02   7.9637619e-01
   2.9788023e-02   7.9723900e-01
   2.9853741e-02   7.9810181e-01
   2.9870518e-02   7.9896462e-01
   3.0046242e-02   7.9982744e-01
   3.0068313e-02   8.0069025e-01
   3.0084047e-02   8.0155306e-01
   3.0433498e-02   8.0241588e-01
   3.0589498e-02   8.0327869e-01
   3.0600665e-02   8.0414150e-01
   3.0632254e-02   8.0500431e-01
   3.0699926e-02   8.0586713e-01
   3.0772526e-02   8.0672994e-01
   3.0828636e-02   8.0759275e-01
   3.1048441e-02   8.0845557e-01
   3.1100598e-02   8.0931838e-01
   3.1135618e-02   8.1018119e-01
   3.1242821e-02   8.1104400e-01
   3.1266395e-02   8.1190682e-01
   3.1348289e-02   8.1276963e-01
   3.1493207e-02   8.1363244e-01
   3.1508238e-02   8.1449525e-01
   3.1510698e-02   8.1535807e-01
   3.1535616e-02   8.1622088e-01
   3.1600090e-02   8.1708369e-01
   3.1686139e-02   8.1794651e-01
   3.1817513e-02   8.1880932e-01
   3.1998267e-02   8.1967213e-01
   3.2068104e-02   8.2053494e-01
   3.2141858e-02   8.2139776e-01
   3.2153544e-02   8.2226057e-01
   3.2423998e-02   8.2312338e-01
   3.2706781e-02   8.2398619e-01
   3.2811655e-02   8.2484901e-01
   3.2893866e-02   8.2571182e-01
   3.2929894e-02   8.2657463e-01
   3.3079401e-02   8.2743745e-01
   3.3157515e-02   8.2830026e-01
   3.3424719e-02   8.2916307e-01
   3.3434789e-02   8.3088870e-01
   3.3462462e-02   8.3175151e-01
   3.3544430e-02   8.3261432e-01
   3.3605208e-02   8.3347714e-01
   3.3710207e-02   8.3433995e-01
   3.3866682e-02   8.3520276e-01
   3.3925229e-02   8.3606557e-01
   3.4128730e-02   8.3692839e-01
   3.4171260e-02   8.3779120e-01
   3.4433371e-02   8.3865401e-01
   3.4498032e-02   8.3951682e-01
   3.4517084e-02   8.4037964e-01
   3.4533370e-02   8.4124245e-01
   3.4573133e-02   8.4210526e-01
   3.4577235e-02   8.4296808e-01
   3.4621852e-02   8.4383089e-01
   3.4737246e-02   8.4469370e-01
   3.4792804e-02   8.4555651e-01
   3.4854911e-02   8.4641933e-01
   3.5069734e-02   8.4728214e-01
   3.5079079e-02   8.4814495e-01
   3.5150470e-02   8.4900777e-01
   3.5166886e-02   8.4987058e-01
   3.5286313e-02   8.5073339e-01
   3.5360153e-02   8.5159620e-01
   3.5406646e-02   8.5245902e-01
   3.5443214e-02   8.5332183e-01
   3.5573547e-02   8.5418464e-01
   3.6003123e-02   8.5504745e-01
   3.6842445e-02   8.5591027e-01
   3.7077856e-02   8.5677308e-01
   3.7122176e-02   8.5763589e-01
   3.7160807e-02   8.5849871e-01
   3.7453729e-02   8.5936152e-01
   3.7472810e-02   8.6022433e-01
   3.7717993e-02   8.6108714e-01
   3.7762899e-02   8.6194996e-01
   3.8020807e-02   8.6281277e-01
   3.8035254e-02   8.6367558e-01
   3.8129954e-02   8.6453840e-01
   3.8292596e-02   8.6540121e-01
   3.8542669e-02   8.6626402e-01
   3.8567818e-02   8.6712683e-01
   3.8569449e-02   8.6798965e-01
   3.9608358e-02   8.6885246e-01
   3.9653387e-02   8.6971527e-01
   3.9721006e-02   8.7057808e-01
   3.9798305e-02   8.7144090e-01
   3.9874435e-02   8.7230371e-01
   3.9905936e-02   8.7316652e-01
   4.0041349e-02   8.7402934e-01
   4.0161664e-02   8.7489215e-01
   4.0163784e-02   8.7575496e-01
   4.0186016e-02   8.7661777e-01
   4.0347869e-02   8.7748059e-01
   4.0384741e-02   8.7834340e-01
   4.0666612e-02   8.7920621e-01
   4.0721329e-02   8.8006903e-01
   4.0831610e-02   8.8093184e-01
   4.0832827e-02   8.8179465e-01
   4.0870147e-02   8.8265746e-01
   4.1030548e-02   8.8352028e-01
   4.1039571e-02   8.8438309e-01
   4.1245737e-02   8.8524590e-01
   4.1520696e-02   8.8610871e-01
   4.1550102e-02   8.8697153e-01
   4.1693175e-02   8.8783434e-01
   4.2005401e-02   8.8869715e-01
   4.2084819e-02   8.8955997e-01
   4.2219721e-02   8.9042278e-01
   4.2271855e-02   8.9128559e-01
   4.2509838e-02   8.9214840e-01
   4.2568022e-02   8.9301122e-01
   4.2838027e-02   8.9387403e-01
   4.2904513e-02   8.9473684e-01
   4.2934158e-02   8.9559965e-01
   4.3022724e-02   8.9646247e-01
   4.3029438e-02   8.9732528e-01
   4.3092844e-02   8.9818809e-01
   4.3367982e-02   8.9905091e-01
   4.3435396e-02   8.9991372e-01
   4.3591134e-02   9.0077653e-01
   4.3837272e-02   9.0163934e-01
   4.4010631e-02   9.0250216e-01
   4.4222998e-02   9.0336497e-01
   4.4410681e-02   9.0422778e-01
   4.4539167e-02   9.0509060e-01
   4.4770285e-02   9.0595341e-01
   4.6046380e-02   9.0681622e-01
   4.6116511e-02   9.0767903e-01
   4.6124550e-02   9.0854185e-01
   4.6164580e-02   9.0940466e-01
   4.6386443e-02   9.1026747e-01
   4.6628146e-02   9.1199310e-01
   4.6709209e-02   9.1285591e-01
   4.6803699e-02   9.1371872e-01
   4.6977935e-02   9.1458154e-01
   4.7048742e-02   9.1544435e-01
   4.7347451e-02   9.1630716e-01
   4.7413165e-02   9.1716997e-01
   4.7538096e-02   9.1803279e-01
   4.7615705e-02   9.1889560e-01
   4.8102733e-02   9.1975841e-01
   4.8124213e-02   9.2062123e-01
   4.8629507e-02   9.2148404e-01
   4.8733853e-02   9.2234685e-01
   4.8735084e-02   9.2320966e-01
   4.8970678e-02   9.2407248e-01
   4.9023817e-02   9.2493529e-01
   5.0240491e-02   9.2579810e-01
   5.0648334e-02   9.2666091e-01
   5.1082012e-02   9.2752373e-01
   5.1095821e-02   9.2838654e-01
   5.1793627e-02   9.2924935e-01
   5.2013790e-02   9.3011217e-01
   5.2260156e-02   9.3097498e-01
   5.2434279e-02   9.3183779e-01
   5.2576186e-02   9.3270060e-01
   5.3571072e-02   9.3356342e-01
   5.4351532e-02   9.3442623e-01
   5.4525814e-02   9.3528904e-01
   5.4567414e-02   9.3615186e-01
   5.4982290e-02   9.3701467e-01
   5.6428382e-02   9.3787748e-01
   5.7311978e-02   9.3874029e-01
   5.7854706e-02   9.3960311e-01
   5.8135236e-02   9.4046592e-01
   5.8567641e-02   9.4132873e-01
   5.9244597e-02   9.4219154e-01
   5.9717207e-02   9.4305436e-01
   5.9724224e-02   9.4391717e-01
   5.9964716e-02   9.4477998e-01
   6.0354700e-02   9.4564280e-01
   6.0606248e-02   9.4650561e-01
   6.0735143e-02   9.4736842e-01
   6.1599988e-02   9.4823123e-01
   6.1850126e-02   9.4909405e-01
   6.1863110e-02   9.4995686e-01
   6.2998919e-02   9.5081967e-01
   6.3675940e-02   9.5168248e-01
   6.3904406e-02   9.5254530e-01
   6.4290310e-02   9.5340811e-01
   6.4356272e-02   9.5427092e-01
   6.4419076e-02   9.5513374e-01
   6.4624861e-02   9.5599655e-01
   6.5059650e-02   9.5685936e-01
   6.6059626e-02   9.5772217e-01
   6.6418026e-02   9.5858499e-01
   6.6488505e-02   9.5944780e-01
   6.6545876e-02   9.6031061e-01
   6.6633270e-02   9.6117343e-01
   6.6667330e-02   9.6203624e-01
   6.7439973e-02   9.6289905e-01
   6.7981244e-02   9.6376186e-01
   6.8029218e-02   9.6462468e-01
   6.8101390e-02   9.6548749e-01
   7.1448528e-02   9.6635030e-01
   7.1981698e-02   9.6721311e-01
   7.2250971e-02   9.6807593e-01
   7.2350481e-02   9.6893874e-01
   7.2826751e-02   9.6980155e-01
   7.2983378e-02   9.7066437e-01
   7.3532089e-02   9.7152718e-01
   7.3667713e-02   9.7238999e-01
   7.4874679e-02   9.7325280e-01
   7.4910435e-02   9.7411562e-01
   7.5038506e-02   9.7497843e-01
   7.7356348e-02   9.7584124e-01
   7.7666006e-02   9.7670406e-01
   7.7705662e-02   9.7756687e-01
   7.7932229e-02   9.7842968e-01
   7.8789600e-02   9.7929249e-01
   7.9414548e-02   9.8015531e-01
   8.7193982e-02   9.8101812e-01
   8.7809997e-02   9.8188093e-01
   8.7878797e-02   9.8274374e-01
   8.8844522e-02   9.8360656e-01
   8.9644116e-02   9.8446937e-01
   9.0394816e-02   9.8533218e-01
   9.1116872e-02   9.8619500e-01
   9.3270610e-02   9.8705781e-01
   9.4138776e-02   9.8792062e-01
   9.5369506e-02   9.8878343e-01
   9.8157748e-02   9.8964625e-01
   1.1259731e-01   9.9050906e-01
   1.1319289e-01   9.9137187e-01
   1.1635033e-01   9.9223469e-01
   1.2079493e-01   9.9309750e-01
   1.2948425e-01   9.9396031e-01
   1.3387594e-01   9.9482312e-01
   1.4049599e-01   9.9568594e-01
   1.4799590e-01   9.9654875e-01
   1.4842516e-01   9.9741156e-01
   1.6333852e-01   9.9827437e-01
   1.6391599e-01   9.9913719e-01
   2.5556496e-01   1.0000000e+00
