   5.0175972e-03   0.0000000e+00
   5.0175972e-03   1.2642225e-03
   5.1024051e-03   2.5284450e-03
   5.3865379e-03   5.0568900e-03
   5.6010970e-03   6.3211125e-03
   5.9848334e-03   7.5853350e-03
   6.0185642e-03   8.8495575e-03
   6.1871150e-03   1.1378003e-02
   6.1984011e-03   1.2642225e-02
   6.2839731e-03   1.3906448e-02
   6.3128053e-03   1.5170670e-02
   6.3546915e-03   1.6434893e-02
   6.4115772e-03   2.1491783e-02
   6.5674120e-03   2.4020228e-02
   6.5837145e-03   2.5284450e-02
   6.7750474e-03   2.9077118e-02
   6.9110755e-03   3.0341340e-02
   6.9382436e-03   3.1605563e-02
   7.1820505e-03   4.0455120e-02
   7.1959576e-03   4.2983565e-02
   7.2495455e-03   4.4247788e-02
   7.2769693e-03   4.8040455e-02
   7.3653154e-03   4.9304678e-02
   7.4058220e-03   5.0568900e-02
   7.4659787e-03   5.5625790e-02
   7.4709495e-03   5.6890013e-02
   7.5083150e-03   5.8154235e-02
   7.5230888e-03   5.9418458e-02
   7.7342101e-03   6.0682680e-02
   7.7609764e-03   6.4475348e-02
   7.7803460e-03   6.5739570e-02
   7.7865361e-03   6.7003793e-02
   7.8460526e-03   7.3324905e-02
   7.8583704e-03   7.4589128e-02
   7.9120450e-03   7.5853350e-02
   7.9543430e-03   7.7117573e-02
   7.9750517e-03   7.8381795e-02
   8.0638515e-03   7.9646018e-02
   8.0652225e-03   8.3438685e-02
   8.1067583e-03   8.4702908e-02
   8.1093350e-03   8.5967130e-02
   8.1933312e-03   8.7231353e-02
   8.3219649e-03   8.8495575e-02
   8.3570784e-03   9.6080910e-02
   8.3788384e-03   9.7345133e-02
   8.3792271e-03   9.9873578e-02
   8.4425892e-03   1.0240202e-01
   8.4433207e-03   1.0366625e-01
   8.5472373e-03   1.0745891e-01
   8.5483322e-03   1.0998736e-01
   8.6601316e-03   1.1125158e-01
   8.6617842e-03   1.1757269e-01
   8.6929819e-03   1.1883692e-01
   8.6944414e-03   1.2010114e-01
   8.7002863e-03   1.2389381e-01
   8.7052617e-03   1.3274336e-01
   8.7882292e-03   1.3400759e-01
   8.9113521e-03   1.3527181e-01
   8.9545310e-03   1.4032870e-01
   8.9715064e-03   1.4159292e-01
   8.9775631e-03   1.4412137e-01
   9.0280792e-03   1.5297092e-01
   9.0401819e-03   1.5549937e-01
   9.0728117e-03   1.5676359e-01
   9.0969742e-03   1.5802781e-01
   9.1238038e-03   1.6055626e-01
   9.1417277e-03   1.6308470e-01
   9.2560074e-03   1.6687737e-01
   9.2573590e-03   1.6814159e-01
   9.2603326e-03   1.7067004e-01
   9.2808834e-03   1.7446271e-01
   9.2897341e-03   1.7699115e-01
   9.3026850e-03   1.7951960e-01
   9.3841942e-03   1.8204804e-01
   9.4726963e-03   1.8331226e-01
   9.5023042e-03   1.8457649e-01
   9.5521625e-03   1.8584071e-01
   9.5647742e-03   1.9216182e-01
   9.6373316e-03   1.9342604e-01
   9.6554890e-03   1.9469027e-01
   9.7030740e-03   1.9721871e-01
   9.7357949e-03   1.9974716e-01
   9.7988215e-03   2.0101138e-01
   9.8516517e-03   2.0480405e-01
   9.8672236e-03   2.0606827e-01
   9.8813034e-03   2.1365360e-01
   9.9800181e-03   2.1744627e-01
   9.9829597e-03   2.1997472e-01
   1.0035893e-02   2.2250316e-01
   1.0047739e-02   2.2376738e-01
   1.0093531e-02   2.2503161e-01
   1.0148810e-02   2.2629583e-01
   1.0159247e-02   2.2756005e-01
   1.0173653e-02   2.2882427e-01
   1.0174740e-02   2.3008850e-01
   1.0182964e-02   2.3135272e-01
   1.0204329e-02   2.3388116e-01
   1.0235130e-02   2.3514539e-01
   1.0283482e-02   2.3767383e-01
   1.0329300e-02   2.4020228e-01
   1.0397617e-02   2.4146650e-01
   1.0447660e-02   2.4273072e-01
   1.0456412e-02   2.4399494e-01
   1.0458014e-02   2.4652339e-01
   1.0532604e-02   2.5031606e-01
   1.0575989e-02   2.5284450e-01
   1.0625600e-02   2.5537295e-01
   1.0685743e-02   2.6042984e-01
   1.0746712e-02   2.6548673e-01
   1.0753687e-02   2.6927939e-01
   1.0773076e-02   2.7307206e-01
   1.0793789e-02   2.7686473e-01
   1.0832433e-02   2.7812895e-01
   1.0866882e-02   2.8318584e-01
   1.0924387e-02   2.8697851e-01
   1.1044455e-02   2.8950695e-01
   1.1055063e-02   2.9329962e-01
   1.1065676e-02   2.9962073e-01
   1.1097425e-02   3.0088496e-01
   1.1108570e-02   3.0341340e-01
   1.1120219e-02   3.0720607e-01
   1.1172837e-02   3.0847029e-01
   1.1202194e-02   3.0973451e-01
   1.1206045e-02   3.1099874e-01
   1.1275379e-02   3.1226296e-01
   1.1322247e-02   3.1479140e-01
   1.1344716e-02   3.1605563e-01
   1.1348454e-02   3.1858407e-01
   1.1384312e-02   3.1984829e-01
   1.1415087e-02   3.2237674e-01
   1.1429939e-02   3.2490518e-01
   1.1451881e-02   3.2616941e-01
   1.1469605e-02   3.2743363e-01
   1.1519867e-02   3.2869785e-01
   1.1581550e-02   3.2996207e-01
   1.1640876e-02   3.3249052e-01
   1.1645540e-02   3.3375474e-01
   1.1653165e-02   3.3501896e-01
   1.1696100e-02   3.3628319e-01
   1.1769392e-02   3.3881163e-01
   1.1787593e-02   3.4007585e-01
   1.1821634e-02   3.4134008e-01
   1.1872295e-02   3.4386852e-01
   1.1941678e-02   3.4513274e-01
   1.1944178e-02   3.4766119e-01
   1.1970252e-02   3.4892541e-01
   1.1976105e-02   3.5271808e-01
   1.2004352e-02   3.5524652e-01
   1.2028043e-02   3.5777497e-01
   1.2037128e-02   3.6030341e-01
   1.2114562e-02   3.6283186e-01
   1.2164493e-02   3.6409608e-01
   1.2230884e-02   3.6536030e-01
   1.2248060e-02   3.6662453e-01
   1.2251300e-02   3.6788875e-01
   1.2253558e-02   3.7168142e-01
   1.2294796e-02   3.7294564e-01
   1.2351284e-02   3.7420986e-01
   1.2365996e-02   3.7547408e-01
   1.2371094e-02   3.7673831e-01
   1.2374652e-02   3.7800253e-01
   1.2466184e-02   3.7926675e-01
   1.2473376e-02   3.8053097e-01
   1.2539672e-02   3.8179520e-01
   1.2539846e-02   3.8432364e-01
   1.2567946e-02   3.8685209e-01
   1.2568588e-02   3.8938053e-01
   1.2624666e-02   3.9317320e-01
   1.2625611e-02   3.9443742e-01
   1.2748584e-02   3.9570164e-01
   1.2823154e-02   3.9696587e-01
   1.2834876e-02   3.9949431e-01
   1.2850012e-02   4.0075853e-01
   1.2888165e-02   4.0202276e-01
   1.2956335e-02   4.0328698e-01
   1.2962116e-02   4.0455120e-01
   1.2963379e-02   4.0581542e-01
   1.3135358e-02   4.0834387e-01
   1.3160488e-02   4.0960809e-01
   1.3166884e-02   4.1213654e-01
   1.3213222e-02   4.1340076e-01
   1.3291591e-02   4.1592920e-01
   1.3396933e-02   4.1719343e-01
   1.3431779e-02   4.1972187e-01
   1.3442066e-02   4.2098609e-01
   1.3448165e-02   4.2225032e-01
   1.3478980e-02   4.2477876e-01
   1.3491107e-02   4.2730721e-01
   1.3528381e-02   4.2857143e-01
   1.3550767e-02   4.3109987e-01
   1.3560388e-02   4.3362832e-01
   1.3731868e-02   4.3489254e-01
   1.3735237e-02   4.3742099e-01
   1.3754039e-02   4.3868521e-01
   1.3801545e-02   4.3994943e-01
   1.3821632e-02   4.4121365e-01
   1.3875829e-02   4.4247788e-01
   1.3894127e-02   4.4374210e-01
   1.3920645e-02   4.4500632e-01
   1.3974928e-02   4.4627054e-01
   1.4028836e-02   4.4879899e-01
   1.4037402e-02   4.5132743e-01
   1.4250408e-02   4.5259166e-01
   1.4321805e-02   4.5385588e-01
   1.4333575e-02   4.5512010e-01
   1.4347418e-02   4.5638432e-01
   1.4436043e-02   4.5764855e-01
   1.4508732e-02   4.5891277e-01
   1.4554611e-02   4.6144121e-01
   1.4611613e-02   4.6270544e-01
   1.4626545e-02   4.6523388e-01
   1.4631898e-02   4.6649810e-01
   1.4671138e-02   4.6776233e-01
   1.4717525e-02   4.7029077e-01
   1.4796296e-02   4.7155499e-01
   1.4881243e-02   4.7281922e-01
   1.4898487e-02   4.7408344e-01
   1.4924328e-02   4.7534766e-01
   1.4941288e-02   4.7661188e-01
   1.4962396e-02   4.8040455e-01
   1.4982677e-02   4.8293300e-01
   1.5017237e-02   4.8419722e-01
   1.5047294e-02   4.8546144e-01
   1.5053490e-02   4.8672566e-01
   1.5097667e-02   4.8798989e-01
   1.5159464e-02   4.8925411e-01
   1.5223768e-02   4.9051833e-01
   1.5227778e-02   4.9304678e-01
   1.5255315e-02   4.9431100e-01
   1.5286233e-02   4.9683944e-01
   1.5351823e-02   4.9810367e-01
   1.5380158e-02   5.0189633e-01
   1.5441457e-02   5.0316056e-01
   1.5521364e-02   5.0568900e-01
   1.5529247e-02   5.0821745e-01
   1.5534568e-02   5.1074589e-01
   1.5536016e-02   5.1201011e-01
   1.5561278e-02   5.1327434e-01
   1.5573701e-02   5.1453856e-01
   1.5686249e-02   5.1580278e-01
   1.5692105e-02   5.1706700e-01
   1.5717187e-02   5.1959545e-01
   1.5737249e-02   5.2085967e-01
   1.5821098e-02   5.2212389e-01
   1.5841500e-02   5.2465234e-01
   1.5884408e-02   5.2591656e-01
   1.5895545e-02   5.2718078e-01
   1.6055359e-02   5.2844501e-01
   1.6057509e-02   5.2970923e-01
   1.6127702e-02   5.3223767e-01
   1.6131052e-02   5.3350190e-01
   1.6146148e-02   5.3476612e-01
   1.6165132e-02   5.3729456e-01
   1.6221870e-02   5.3855879e-01
   1.6276607e-02   5.3982301e-01
   1.6400243e-02   5.4108723e-01
   1.6419054e-02   5.4235145e-01
   1.6439703e-02   5.4361568e-01
   1.6504976e-02   5.4487990e-01
   1.6547695e-02   5.4614412e-01
   1.6599081e-02   5.4740834e-01
   1.6638601e-02   5.4867257e-01
   1.6725233e-02   5.5120101e-01
   1.6739708e-02   5.5246523e-01
   1.6811483e-02   5.5372946e-01
   1.6875067e-02   5.5499368e-01
   1.6980043e-02   5.5625790e-01
   1.7000226e-02   5.5752212e-01
   1.7014414e-02   5.5878635e-01
   1.7015553e-02   5.6005057e-01
   1.7035672e-02   5.6131479e-01
   1.7077276e-02   5.6257901e-01
   1.7081440e-02   5.6384324e-01
   1.7097320e-02   5.6510746e-01
   1.7138559e-02   5.6637168e-01
   1.7181546e-02   5.6763590e-01
   1.7311560e-02   5.7016435e-01
   1.7324133e-02   5.7142857e-01
   1.7334067e-02   5.7269279e-01
   1.7350152e-02   5.7395702e-01
   1.7446464e-02   5.7522124e-01
   1.7614023e-02   5.7648546e-01
   1.7630184e-02   5.7774968e-01
   1.7637281e-02   5.7901391e-01
   1.7765469e-02   5.8027813e-01
   1.7825658e-02   5.8154235e-01
   1.7942903e-02   5.8280657e-01
   1.7989746e-02   5.8407080e-01
   1.8007936e-02   5.8533502e-01
   1.8146194e-02   5.8786346e-01
   1.8156706e-02   5.8912769e-01
   1.8208463e-02   5.9039191e-01
   1.8223853e-02   5.9165613e-01
   1.8234947e-02   5.9292035e-01
   1.8332806e-02   5.9418458e-01
   1.8340837e-02   5.9544880e-01
   1.8389369e-02   5.9671302e-01
   1.8421876e-02   5.9797724e-01
   1.8520097e-02   6.0050569e-01
   1.8522540e-02   6.0176991e-01
   1.8553422e-02   6.0429836e-01
   1.8606499e-02   6.0682680e-01
   1.8642364e-02   6.0809102e-01
   1.8643049e-02   6.0935525e-01
   1.8727826e-02   6.1061947e-01
   1.8809775e-02   6.1188369e-01
   1.8833751e-02   6.1314791e-01
   1.8852040e-02   6.1567636e-01
   1.8876705e-02   6.1694058e-01
   1.8910949e-02   6.1820480e-01
   1.9018851e-02   6.1946903e-01
   1.9064516e-02   6.2073325e-01
   1.9103194e-02   6.2326169e-01
   1.9117718e-02   6.2452592e-01
   1.9130162e-02   6.2579014e-01
   1.9149061e-02   6.2705436e-01
   1.9170810e-02   6.2831858e-01
   1.9231117e-02   6.2958281e-01
   1.9275171e-02   6.3211125e-01
   1.9405476e-02   6.3337547e-01
   1.9414201e-02   6.3590392e-01
   1.9432559e-02   6.3716814e-01
   1.9561333e-02   6.3969659e-01
   1.9595171e-02   6.4096081e-01
   1.9615943e-02   6.4222503e-01
   1.9700939e-02   6.4348925e-01
   1.9703366e-02   6.4601770e-01
   1.9723887e-02   6.4728192e-01
   1.9872429e-02   6.4854614e-01
   1.9958697e-02   6.4981037e-01
   1.9959894e-02   6.5233881e-01
   1.9998469e-02   6.5360303e-01
   2.0005688e-02   6.5486726e-01
   2.0023787e-02   6.5613148e-01
   2.0064969e-02   6.5739570e-01
   2.0186610e-02   6.5865992e-01
   2.0229622e-02   6.5992415e-01
   2.0314757e-02   6.6245259e-01
   2.0469643e-02   6.6371681e-01
   2.0595142e-02   6.6750948e-01
   2.0629056e-02   6.7003793e-01
   2.0674509e-02   6.7130215e-01
   2.0702589e-02   6.7256637e-01
   2.0809310e-02   6.7509482e-01
   2.0857654e-02   6.7762326e-01
   2.0895494e-02   6.7888748e-01
   2.0902763e-02   6.8015171e-01
   2.0908336e-02   6.8141593e-01
   2.0912823e-02   6.8268015e-01
   2.0998674e-02   6.8394437e-01
   2.1065858e-02   6.8520860e-01
   2.1141062e-02   6.8647282e-01
   2.1191947e-02   6.8773704e-01
   2.1200159e-02   6.8900126e-01
   2.1201186e-02   6.9026549e-01
   2.1251629e-02   6.9152971e-01
   2.1270241e-02   6.9279393e-01
   2.1283588e-02   6.9405815e-01
   2.1324128e-02   6.9532238e-01
   2.1329918e-02   6.9658660e-01
   2.1492057e-02   6.9785082e-01
   2.1507288e-02   6.9911504e-01
   2.1597320e-02   7.0037927e-01
   2.1818308e-02   7.0164349e-01
   2.1964003e-02   7.0290771e-01
   2.2013748e-02   7.0417193e-01
   2.2088320e-02   7.0670038e-01
   2.2201309e-02   7.1049305e-01
   2.2262350e-02   7.1175727e-01
   2.2345177e-02   7.1302149e-01
   2.2501826e-02   7.1428571e-01
   2.2600570e-02   7.1681416e-01
   2.2742742e-02   7.1807838e-01
   2.2769117e-02   7.1934260e-01
   2.2964348e-02   7.2060683e-01
   2.2995220e-02   7.2187105e-01
   2.3006301e-02   7.2313527e-01
   2.3194871e-02   7.2439949e-01
   2.3197559e-02   7.2566372e-01
   2.3291081e-02   7.2692794e-01
   2.3305771e-02   7.2945638e-01
   2.3392201e-02   7.3072061e-01
   2.3580993e-02   7.3324905e-01
   2.3582940e-02   7.3451327e-01
   2.3634070e-02   7.3577750e-01
   2.3721809e-02   7.3704172e-01
   2.3772647e-02   7.3830594e-01
   2.3793321e-02   7.3957016e-01
   2.3915353e-02   7.4209861e-01
   2.3928415e-02   7.4336283e-01
   2.3939960e-02   7.4968394e-01
   2.3943035e-02   7.5094817e-01
   2.3952210e-02   7.5221239e-01
   2.3990293e-02   7.5347661e-01
   2.4022285e-02   7.5474083e-01
   2.4101399e-02   7.5600506e-01
   2.4219760e-02   7.5726928e-01
   2.4314982e-02   7.5853350e-01
   2.4481506e-02   7.5979772e-01
   2.4496120e-02   7.6106195e-01
   2.4506602e-02   7.6359039e-01
   2.4559394e-02   7.6485461e-01
   2.4588463e-02   7.6611884e-01
   2.4597997e-02   7.6738306e-01
   2.4789467e-02   7.6864728e-01
   2.4791019e-02   7.6991150e-01
   2.4863769e-02   7.7243995e-01
   2.4921702e-02   7.7370417e-01
   2.4993202e-02   7.7496839e-01
   2.5075198e-02   7.7623262e-01
   2.5100735e-02   7.7749684e-01
   2.5250704e-02   7.8002528e-01
   2.5372477e-02   7.8128951e-01
   2.5706915e-02   7.8255373e-01
   2.5728923e-02   7.8508217e-01
   2.5735472e-02   7.8634640e-01
   2.5759848e-02   7.8761062e-01
   2.5980921e-02   7.8887484e-01
   2.6006851e-02   7.9013906e-01
   2.6057519e-02   7.9140329e-01
   2.6082911e-02   7.9266751e-01
   2.6103071e-02   7.9393173e-01
   2.6238797e-02   7.9519595e-01
   2.6271311e-02   7.9646018e-01
   2.6340694e-02   7.9772440e-01
   2.6365326e-02   7.9898862e-01
   2.6383483e-02   8.0025284e-01
   2.6712669e-02   8.0278129e-01
   2.6863593e-02   8.0404551e-01
   2.6896330e-02   8.0657396e-01
   2.6922746e-02   8.0783818e-01
   2.6957960e-02   8.0910240e-01
   2.7044345e-02   8.1163085e-01
   2.7101295e-02   8.1289507e-01
   2.7171414e-02   8.1542351e-01
   2.7551365e-02   8.1668774e-01
   2.7663286e-02   8.1795196e-01
   2.7763203e-02   8.2048040e-01
   2.7788910e-02   8.2174463e-01
   2.7810546e-02   8.2300885e-01
   2.7823156e-02   8.2427307e-01
   2.8005766e-02   8.2553729e-01
   2.8017929e-02   8.2680152e-01
   2.8131830e-02   8.2806574e-01
   2.8180225e-02   8.2932996e-01
   2.8240989e-02   8.3185841e-01
   2.8379006e-02   8.3312263e-01
   2.8401645e-02   8.3438685e-01
   2.8651732e-02   8.3565107e-01
   2.8921609e-02   8.3691530e-01
   2.9108256e-02   8.3817952e-01
   2.9255521e-02   8.3944374e-01
   2.9289623e-02   8.4070796e-01
   2.9556272e-02   8.4197219e-01
   2.9572596e-02   8.4323641e-01
   2.9800249e-02   8.4450063e-01
   2.9833260e-02   8.4576485e-01
   2.9849388e-02   8.4702908e-01
   3.0022949e-02   8.4829330e-01
   3.0146434e-02   8.4955752e-01
   3.0153830e-02   8.5082174e-01
   3.0173676e-02   8.5208597e-01
   3.0236055e-02   8.5335019e-01
   3.0344243e-02   8.5461441e-01
   3.0477222e-02   8.5587863e-01
   3.0720975e-02   8.5714286e-01
   3.0939386e-02   8.5840708e-01
   3.1121970e-02   8.5967130e-01
   3.1242613e-02   8.6093552e-01
   3.1262233e-02   8.6219975e-01
   3.1357632e-02   8.6346397e-01
   3.1478558e-02   8.6472819e-01
   3.2212373e-02   8.6599241e-01
   3.2330264e-02   8.6725664e-01
   3.2367656e-02   8.6852086e-01
   3.2448731e-02   8.6978508e-01
   3.2516689e-02   8.7104930e-01
   3.2533507e-02   8.7231353e-01
   3.2571464e-02   8.7357775e-01
   3.2598517e-02   8.7484197e-01
   3.2853316e-02   8.7610619e-01
   3.2922194e-02   8.7863464e-01
   3.3720021e-02   8.7989886e-01
   3.3739187e-02   8.8116308e-01
   3.3763284e-02   8.8242731e-01
   3.3795100e-02   8.8369153e-01
   3.3836541e-02   8.8495575e-01
   3.3862299e-02   8.8621997e-01
   3.4047057e-02   8.8748420e-01
   3.4209352e-02   8.8874842e-01
   3.4631084e-02   8.9001264e-01
   3.4667487e-02   8.9127686e-01
   3.4712995e-02   8.9254109e-01
   3.5226501e-02   8.9380531e-01
   3.5246233e-02   8.9506953e-01
   3.5359871e-02   8.9633375e-01
   3.6099878e-02   8.9759798e-01
   3.6305728e-02   8.9886220e-01
   3.6811674e-02   9.0012642e-01
   3.6924961e-02   9.0139064e-01
   3.7097202e-02   9.0265487e-01
   3.7155141e-02   9.0391909e-01
   3.7355570e-02   9.0518331e-01
   3.7666715e-02   9.0644753e-01
   3.7695323e-02   9.0771176e-01
   3.7808034e-02   9.0897598e-01
   3.8509902e-02   9.1024020e-01
   3.8727636e-02   9.1150442e-01
   3.8889368e-02   9.1276865e-01
   3.9276393e-02   9.1403287e-01
   3.9585107e-02   9.1529709e-01
   3.9742097e-02   9.1656131e-01
   3.9782130e-02   9.1908976e-01
   4.0216364e-02   9.2035398e-01
   4.0609104e-02   9.2161820e-01
   4.0708511e-02   9.2288243e-01
   4.0865973e-02   9.2414665e-01
   4.1000732e-02   9.2541087e-01
   4.1206841e-02   9.2667509e-01
   4.1816907e-02   9.2793932e-01
   4.3593059e-02   9.2920354e-01
   4.4824379e-02   9.3046776e-01
   4.5064963e-02   9.3173198e-01
   4.5136900e-02   9.3299621e-01
   4.5418482e-02   9.3426043e-01
   4.5569650e-02   9.3552465e-01
   4.5683334e-02   9.3678887e-01
   4.5884132e-02   9.3805310e-01
   4.6013212e-02   9.3931732e-01
   4.6540311e-02   9.4058154e-01
   4.6637458e-02   9.4184576e-01
   4.7545672e-02   9.4310999e-01
   4.8601559e-02   9.4437421e-01
   4.8701546e-02   9.4563843e-01
   4.8757091e-02   9.4690265e-01
   4.9159181e-02   9.4816688e-01
   5.0595528e-02   9.4943110e-01
   5.2497249e-02   9.5069532e-01
   5.2835538e-02   9.5195954e-01
   5.2959106e-02   9.5322377e-01
   5.3911560e-02   9.5448799e-01
   5.4088622e-02   9.5575221e-01
   5.4419518e-02   9.5701643e-01
   5.4627516e-02   9.5828066e-01
   5.4822224e-02   9.5954488e-01
   5.5404143e-02   9.6080910e-01
   5.5576509e-02   9.6207332e-01
   5.6115893e-02   9.6333755e-01
   5.7607386e-02   9.6460177e-01
   5.9470980e-02   9.6586599e-01
   5.9592733e-02   9.6713021e-01
   5.9710094e-02   9.6839444e-01
   6.1246792e-02   9.6965866e-01
   6.1265090e-02   9.7092288e-01
   6.3563135e-02   9.7218710e-01
   6.3668997e-02   9.7345133e-01
   6.4485866e-02   9.7471555e-01
   6.5784248e-02   9.7597977e-01
   6.7769567e-02   9.7724399e-01
   7.8575609e-02   9.7850822e-01
   8.0671991e-02   9.7977244e-01
   8.1027235e-02   9.8103666e-01
   1.0922914e-01   9.8230088e-01
   1.1033615e-01   9.8356511e-01
   1.1335615e-01   9.8482933e-01
   1.1489412e-01   9.8609355e-01
   1.1521856e-01   9.8735777e-01
   1.1714059e-01   9.8862200e-01
   1.2977024e-01   9.8988622e-01
   1.3570225e-01   9.9115044e-01
   1.5430531e-01   9.9241466e-01
   1.6677779e-01   9.9367889e-01
   2.2020308e-01   9.9494311e-01
   2.2443393e-01   9.9620733e-01
   2.5400939e-01   9.9747155e-01
   2.8719386e-01   9.9873578e-01
   2.9623210e-01   1.0000000e+00
