   2.3120000e-03   0.0000000e+00
   2.3120000e-03   2.9940120e-03
   2.6976000e-03   1.1976048e-02
   3.0832000e-03   1.4970060e-02
   3.4680000e-03   2.3952096e-02
   3.8536000e-03   5.0898204e-02
   4.6240000e-03   6.2874251e-02
   5.0096000e-03   1.1377246e-01
   5.3952000e-03   1.3772455e-01
   5.7800000e-03   1.6467066e-01
   6.1656000e-03   1.9461078e-01
   6.5512000e-03   2.2155689e-01
   6.9368000e-03   2.7844311e-01
   7.3216000e-03   3.0838323e-01
   7.7072000e-03   3.7125749e-01
   8.0928000e-03   4.0419162e-01
   8.4776000e-03   4.3113772e-01
   8.8632000e-03   4.6407186e-01
   9.2488000e-03   4.8802395e-01
   9.6336000e-03   5.0898204e-01
   1.0019200e-02   5.2694611e-01
   1.0404800e-02   5.4191617e-01
   1.0789600e-02   5.4491018e-01
   1.1175200e-02   5.5988024e-01
   1.1560800e-02   5.8982036e-01
   1.1946400e-02   5.9880240e-01
   1.2331200e-02   6.1077844e-01
   1.2716800e-02   6.4371257e-01
   1.3102400e-02   6.4670659e-01
   1.3487200e-02   6.6167665e-01
   1.3872800e-02   6.7664671e-01
   1.4258400e-02   6.9461078e-01
   1.4643200e-02   6.9760479e-01
   1.5028800e-02   7.0658683e-01
   1.5414400e-02   7.2155689e-01
   1.5799200e-02   7.2455090e-01
   1.6570400e-02   7.4550898e-01
   1.6956000e-02   7.5449102e-01
   1.7340800e-02   7.6347305e-01
   1.7726400e-02   7.6646707e-01
   1.8112000e-02   7.7245509e-01
   1.8496800e-02   7.7844311e-01
   1.8882400e-02   7.8143713e-01
   1.9268000e-02   7.9640719e-01
   1.9653600e-02   8.0838323e-01
   2.0038400e-02   8.1137725e-01
   2.0424000e-02   8.1437126e-01
   2.0809600e-02   8.1736527e-01
   2.1194400e-02   8.2335329e-01
   2.1580000e-02   8.2934132e-01
   2.1965600e-02   8.3532934e-01
   2.3121600e-02   8.3832335e-01
   2.4277600e-02   8.4431138e-01
   2.5048000e-02   8.4730539e-01
   2.7745600e-02   8.5029940e-01
   2.9672800e-02   8.5329341e-01
   3.0443200e-02   8.5628743e-01
   3.1599200e-02   8.5928144e-01
   3.1984800e-02   8.6526946e-01
   3.3526400e-02   8.6826347e-01
   3.4682400e-02   8.7425150e-01
   3.5838400e-02   8.8023952e-01
   3.6608800e-02   8.8323353e-01
   3.7380000e-02   8.8622754e-01
   3.8150400e-02   8.8922156e-01
   3.8536000e-02   8.9520958e-01
   4.1618400e-02   8.9820359e-01
   4.3545600e-02   9.0419162e-01
   4.4316000e-02   9.0718563e-01
   4.8555200e-02   9.1017964e-01
   5.0867200e-02   9.1317365e-01
   5.2023200e-02   9.1616766e-01
   5.3949600e-02   9.1916168e-01
   5.8574400e-02   9.2514970e-01
   5.9730400e-02   9.2814371e-01
   6.3198400e-02   9.3113772e-01
   6.5510400e-02   9.3413174e-01
   6.5896000e-02   9.4011976e-01
   7.2061600e-02   9.4311377e-01
   7.3217600e-02   9.4910180e-01
   7.4373600e-02   9.5209581e-01
   8.7476000e-02   9.5508982e-01
   8.9788000e-02   9.5808383e-01
   9.2100000e-02   9.6107784e-01
   9.2485600e-02   9.6407186e-01
   9.5953600e-02   9.6706587e-01
   9.7880800e-02   9.7005988e-01
   1.0019280e-01   9.7305389e-01
   1.0674400e-01   9.7604790e-01
   1.1098240e-01   9.7904192e-01
   1.1406560e-01   9.8203593e-01
   1.2678240e-01   9.8502994e-01
   1.3217760e-01   9.8802395e-01
   1.3834320e-01   9.9101796e-01
   1.6878640e-01   9.9401198e-01
   1.7572240e-01   9.9700599e-01
   2.5163760e-01   1.0000000e+00
