   4.8608754e-03   0.0000000e+00
   4.8608754e-03   2.3584906e-03
   5.8707688e-03   4.7169811e-03
   6.5016041e-03   7.0754717e-03
   6.5229829e-03   9.4339623e-03
   7.0326977e-03   1.1792453e-02
   7.0452770e-03   1.4150943e-02
   7.1873280e-03   1.6509434e-02
   7.2382175e-03   1.8867925e-02
   7.4408678e-03   2.1226415e-02
   7.6372108e-03   2.3584906e-02
   7.6952919e-03   2.5943396e-02
   7.7595858e-03   2.8301887e-02
   7.8726673e-03   3.0660377e-02
   7.8985086e-03   3.3018868e-02
   8.1525576e-03   3.5377358e-02
   8.2197851e-03   3.7735849e-02
   8.3346719e-03   4.0094340e-02
   8.3350501e-03   4.2452830e-02
   8.7599089e-03   4.4811321e-02
   8.8212304e-03   4.7169811e-02
   9.0372239e-03   4.9528302e-02
   9.2184436e-03   5.1886792e-02
   9.2600849e-03   5.4245283e-02
   9.3265879e-03   5.6603774e-02
   9.4986766e-03   6.1320755e-02
   9.5311358e-03   6.3679245e-02
   9.5852601e-03   6.6037736e-02
   9.6619416e-03   6.8396226e-02
   9.7245066e-03   7.0754717e-02
   9.7937392e-03   7.5471698e-02
   9.9608490e-03   7.7830189e-02
   1.0114259e-02   8.0188679e-02
   1.0243293e-02   8.2547170e-02
   1.0384041e-02   8.7264151e-02
   1.0450993e-02   8.9622642e-02
   1.0514452e-02   9.1981132e-02
   1.0568142e-02   9.4339623e-02
   1.0650625e-02   9.6698113e-02
   1.0763985e-02   9.9056604e-02
   1.0778408e-02   1.0141509e-01
   1.0957261e-02   1.0377358e-01
   1.1046035e-02   1.0613208e-01
   1.1106644e-02   1.0849057e-01
   1.1178215e-02   1.1084906e-01
   1.1238016e-02   1.1320755e-01
   1.1244449e-02   1.1556604e-01
   1.1328290e-02   1.1792453e-01
   1.1371866e-02   1.2028302e-01
   1.1414404e-02   1.2264151e-01
   1.1435414e-02   1.2735849e-01
   1.1477522e-02   1.2971698e-01
   1.1514155e-02   1.3207547e-01
   1.1576170e-02   1.3443396e-01
   1.1587876e-02   1.3679245e-01
   1.1638907e-02   1.3915094e-01
   1.1741990e-02   1.4150943e-01
   1.1774378e-02   1.4622642e-01
   1.1904119e-02   1.4858491e-01
   1.2009956e-02   1.5094340e-01
   1.2061048e-02   1.5330189e-01
   1.2157595e-02   1.5566038e-01
   1.2293527e-02   1.5801887e-01
   1.2347646e-02   1.6037736e-01
   1.2380629e-02   1.6273585e-01
   1.2422128e-02   1.6509434e-01
   1.2562319e-02   1.6745283e-01
   1.2617497e-02   1.6981132e-01
   1.2689833e-02   1.7216981e-01
   1.2846399e-02   1.7452830e-01
   1.2881143e-02   1.7688679e-01
   1.2960677e-02   1.7924528e-01
   1.3000904e-02   1.8160377e-01
   1.3023911e-02   1.8396226e-01
   1.3078096e-02   1.8867925e-01
   1.3417540e-02   1.9103774e-01
   1.3504171e-02   1.9339623e-01
   1.3510084e-02   1.9575472e-01
   1.3637016e-02   2.0047170e-01
   1.3760581e-02   2.0283019e-01
   1.3905987e-02   2.0518868e-01
   1.4146784e-02   2.0754717e-01
   1.4218148e-02   2.0990566e-01
   1.4358509e-02   2.1698113e-01
   1.4410184e-02   2.1933962e-01
   1.4420691e-02   2.2169811e-01
   1.4449917e-02   2.2405660e-01
   1.4581702e-02   2.2641509e-01
   1.4630714e-02   2.2877358e-01
   1.4811871e-02   2.3113208e-01
   1.4843837e-02   2.3820755e-01
   1.5044420e-02   2.4056604e-01
   1.5079178e-02   2.4292453e-01
   1.5125560e-02   2.4528302e-01
   1.5256262e-02   2.4764151e-01
   1.5280644e-02   2.5000000e-01
   1.5334513e-02   2.5471698e-01
   1.5340985e-02   2.5707547e-01
   1.5373595e-02   2.5943396e-01
   1.5411220e-02   2.6179245e-01
   1.5443830e-02   2.6415094e-01
   1.5518706e-02   2.6650943e-01
   1.5523289e-02   2.6886792e-01
   1.5547376e-02   2.7122642e-01
   1.5551462e-02   2.7358491e-01
   1.5763452e-02   2.7594340e-01
   1.5897023e-02   2.7830189e-01
   1.5970433e-02   2.8066038e-01
   1.5984794e-02   2.8301887e-01
   1.5985540e-02   2.8537736e-01
   1.6012375e-02   2.8773585e-01
   1.6173573e-02   2.9009434e-01
   1.6174015e-02   2.9245283e-01
   1.6260704e-02   2.9481132e-01
   1.6433535e-02   2.9952830e-01
   1.6472813e-02   3.0188679e-01
   1.6524093e-02   3.0424528e-01
   1.6663297e-02   3.0660377e-01
   1.6766192e-02   3.0896226e-01
   1.6908607e-02   3.1132075e-01
   1.6909688e-02   3.1367925e-01
   1.6935023e-02   3.1603774e-01
   1.7132881e-02   3.1839623e-01
   1.7183748e-02   3.2075472e-01
   1.7246700e-02   3.2311321e-01
   1.7395278e-02   3.2547170e-01
   1.7431316e-02   3.2783019e-01
   1.7484603e-02   3.3018868e-01
   1.7546151e-02   3.3254717e-01
   1.7594690e-02   3.3490566e-01
   1.7612498e-02   3.3726415e-01
   1.7629136e-02   3.3962264e-01
   1.7822493e-02   3.4433962e-01
   1.7833254e-02   3.4669811e-01
   1.7969577e-02   3.4905660e-01
   1.8058999e-02   3.5141509e-01
   1.8078240e-02   3.5377358e-01
   1.8102714e-02   3.5613208e-01
   1.8195100e-02   3.5849057e-01
   1.8284856e-02   3.6084906e-01
   1.8295061e-02   3.6320755e-01
   1.8317562e-02   3.6556604e-01
   1.8322801e-02   3.6792453e-01
   1.8351119e-02   3.7028302e-01
   1.8601568e-02   3.7264151e-01
   1.8612198e-02   3.7500000e-01
   1.8785270e-02   3.7735849e-01
   1.8926491e-02   3.7971698e-01
   1.8982368e-02   3.8207547e-01
   1.9024199e-02   3.8679245e-01
   1.9030543e-02   3.8915094e-01
   1.9110870e-02   3.9150943e-01
   1.9386566e-02   3.9386792e-01
   1.9416024e-02   3.9622642e-01
   1.9440737e-02   3.9858491e-01
   1.9454822e-02   4.0094340e-01
   1.9459498e-02   4.0566038e-01
   1.9508356e-02   4.0801887e-01
   1.9672253e-02   4.1037736e-01
   1.9722564e-02   4.1273585e-01
   1.9773299e-02   4.1509434e-01
   1.9906883e-02   4.1745283e-01
   1.9929261e-02   4.1981132e-01
   1.9961775e-02   4.2216981e-01
   2.0048144e-02   4.2452830e-01
   2.0137329e-02   4.2688679e-01
   2.0369158e-02   4.3160377e-01
   2.0373354e-02   4.3396226e-01
   2.0392472e-02   4.3632075e-01
   2.0460274e-02   4.3867925e-01
   2.0569101e-02   4.4103774e-01
   2.0597816e-02   4.4339623e-01
   2.0623948e-02   4.4575472e-01
   2.0630917e-02   4.5047170e-01
   2.0636902e-02   4.5518868e-01
   2.0692664e-02   4.5754717e-01
   2.0753357e-02   4.5990566e-01
   2.0950361e-02   4.6226415e-01
   2.1062363e-02   4.6462264e-01
   2.1083435e-02   4.6698113e-01
   2.1099438e-02   4.6933962e-01
   2.1132928e-02   4.7641509e-01
   2.1189598e-02   4.7877358e-01
   2.1229536e-02   4.8113208e-01
   2.1294355e-02   4.8349057e-01
   2.1300119e-02   4.8584906e-01
   2.1329447e-02   4.8820755e-01
   2.1346099e-02   4.9056604e-01
   2.1366106e-02   4.9292453e-01
   2.2177875e-02   4.9528302e-01
   2.2220211e-02   4.9764151e-01
   2.2252202e-02   5.0000000e-01
   2.2476188e-02   5.0235849e-01
   2.2488185e-02   5.0471698e-01
   2.2664590e-02   5.0707547e-01
   2.2681638e-02   5.0943396e-01
   2.2693559e-02   5.1179245e-01
   2.2887553e-02   5.1415094e-01
   2.2907591e-02   5.1650943e-01
   2.2955044e-02   5.2122642e-01
   2.2982623e-02   5.2358491e-01
   2.2988705e-02   5.2594340e-01
   2.3059903e-02   5.2830189e-01
   2.3073576e-02   5.3066038e-01
   2.3086513e-02   5.3301887e-01
   2.3148204e-02   5.3537736e-01
   2.3196742e-02   5.3773585e-01
   2.3203608e-02   5.4009434e-01
   2.3224064e-02   5.4245283e-01
   2.3277919e-02   5.4716981e-01
   2.3344943e-02   5.4952830e-01
   2.3593135e-02   5.5188679e-01
   2.3664703e-02   5.5424528e-01
   2.3802562e-02   5.5660377e-01
   2.3854967e-02   5.5896226e-01
   2.3996070e-02   5.6132075e-01
   2.4079032e-02   5.6603774e-01
   2.4126490e-02   5.6839623e-01
   2.4304909e-02   5.7075472e-01
   2.4319277e-02   5.7311321e-01
   2.4513434e-02   5.7547170e-01
   2.4560489e-02   5.7783019e-01
   2.4593782e-02   5.8018868e-01
   2.4620120e-02   5.8254717e-01
   2.4714294e-02   5.8490566e-01
   2.4975431e-02   5.8726415e-01
   2.5191906e-02   5.8962264e-01
   2.5226816e-02   5.9198113e-01
   2.5243405e-02   5.9433962e-01
   2.5378144e-02   5.9905660e-01
   2.5583586e-02   6.0377358e-01
   2.5656955e-02   6.0613208e-01
   2.5689415e-02   6.0849057e-01
   2.5693441e-02   6.1084906e-01
   2.5706979e-02   6.1320755e-01
   2.5881401e-02   6.1556604e-01
   2.6002319e-02   6.2028302e-01
   2.6215484e-02   6.2264151e-01
   2.6221981e-02   6.2500000e-01
   2.6286995e-02   6.2735849e-01
   2.6295845e-02   6.2971698e-01
   2.6682475e-02   6.3207547e-01
   2.6783407e-02   6.3443396e-01
   2.6869451e-02   6.3915094e-01
   2.7172130e-02   6.4150943e-01
   2.7421882e-02   6.4386792e-01
   2.8276669e-02   6.4622642e-01
   2.8448067e-02   6.4858491e-01
   2.8466858e-02   6.5094340e-01
   2.8709051e-02   6.5330189e-01
   2.8717017e-02   6.5566038e-01
   2.8768026e-02   6.5801887e-01
   2.8933812e-02   6.6037736e-01
   2.9166345e-02   6.6273585e-01
   2.9227222e-02   6.6509434e-01
   2.9315845e-02   6.6745283e-01
   2.9609797e-02   6.6981132e-01
   2.9704306e-02   6.7216981e-01
   2.9773907e-02   6.7452830e-01
   2.9842369e-02   6.7688679e-01
   2.9881417e-02   6.7924528e-01
   3.0552128e-02   6.8160377e-01
   3.0669026e-02   6.8396226e-01
   3.0800162e-02   6.8632075e-01
   3.0964299e-02   6.8867925e-01
   3.0972952e-02   6.9103774e-01
   3.1064563e-02   6.9339623e-01
   3.1250820e-02   6.9575472e-01
   3.1417672e-02   6.9811321e-01
   3.1772438e-02   7.0047170e-01
   3.1932582e-02   7.0283019e-01
   3.1950744e-02   7.0518868e-01
   3.2104512e-02   7.0754717e-01
   3.2452589e-02   7.0990566e-01
   3.2624701e-02   7.1226415e-01
   3.2726685e-02   7.1462264e-01
   3.2867455e-02   7.1698113e-01
   3.2951341e-02   7.1933962e-01
   3.3145356e-02   7.2169811e-01
   3.3378264e-02   7.2405660e-01
   3.3442675e-02   7.2641509e-01
   3.3691372e-02   7.2877358e-01
   3.3792960e-02   7.3113208e-01
   3.3804039e-02   7.3349057e-01
   3.3867976e-02   7.3584906e-01
   3.3958462e-02   7.3820755e-01
   3.3993711e-02   7.4056604e-01
   3.4115084e-02   7.4528302e-01
   3.4147068e-02   7.4764151e-01
   3.4168972e-02   7.5000000e-01
   3.4306870e-02   7.5235849e-01
   3.4329238e-02   7.5471698e-01
   3.4715539e-02   7.5707547e-01
   3.4995814e-02   7.5943396e-01
   3.5017653e-02   7.6179245e-01
   3.5937179e-02   7.6415094e-01
   3.6128302e-02   7.6650943e-01
   3.6633996e-02   7.6886792e-01
   3.6814522e-02   7.7122642e-01
   3.7167675e-02   7.7358491e-01
   3.7351159e-02   7.7594340e-01
   3.7392518e-02   7.7830189e-01
   3.7480737e-02   7.8066038e-01
   3.7507439e-02   7.8301887e-01
   3.7664024e-02   7.8537736e-01
   3.7801639e-02   7.8773585e-01
   3.8083800e-02   7.9009434e-01
   3.8316672e-02   7.9245283e-01
   3.8378189e-02   7.9481132e-01
   3.8583276e-02   7.9716981e-01
   3.8786636e-02   7.9952830e-01
   3.8909644e-02   8.0188679e-01
   3.8918056e-02   8.0424528e-01
   3.9601913e-02   8.0660377e-01
   4.1082218e-02   8.0896226e-01
   4.2487270e-02   8.1132075e-01
   4.2634335e-02   8.1367925e-01
   4.2923275e-02   8.1603774e-01
   4.3014632e-02   8.1839623e-01
   4.3169110e-02   8.2075472e-01
   4.3442680e-02   8.2311321e-01
   4.3650202e-02   8.2547170e-01
   4.3945873e-02   8.2783019e-01
   4.4050497e-02   8.3018868e-01
   4.5760817e-02   8.3254717e-01
   4.6394780e-02   8.3490566e-01
   4.6407828e-02   8.3726415e-01
   4.6443107e-02   8.3962264e-01
   4.6543848e-02   8.4198113e-01
   4.6903704e-02   8.4433962e-01
   4.7224132e-02   8.4669811e-01
   4.7400839e-02   8.4905660e-01
   4.7493450e-02   8.5141509e-01
   4.7502733e-02   8.5377358e-01
   4.7509385e-02   8.5613208e-01
   4.7661658e-02   8.5849057e-01
   4.7911866e-02   8.6084906e-01
   4.8041448e-02   8.6320755e-01
   4.9662787e-02   8.6556604e-01
   5.0095184e-02   8.6792453e-01
   5.0555555e-02   8.7028302e-01
   5.1590835e-02   8.7264151e-01
   5.1709982e-02   8.7500000e-01
   5.2100480e-02   8.7735849e-01
   5.2334810e-02   8.7971698e-01
   5.2987849e-02   8.8207547e-01
   5.3052070e-02   8.8443396e-01
   5.3433412e-02   8.8679245e-01
   5.3738368e-02   8.8915094e-01
   5.3762898e-02   8.9150943e-01
   5.4035195e-02   8.9386792e-01
   5.4859741e-02   8.9622642e-01
   5.4878811e-02   8.9858491e-01
   5.5499816e-02   9.0094340e-01
   5.5936470e-02   9.0330189e-01
   5.6447826e-02   9.0566038e-01
   5.6617839e-02   9.0801887e-01
   5.8022371e-02   9.1037736e-01
   5.9421551e-02   9.1273585e-01
   6.0248012e-02   9.1509434e-01
   6.0296228e-02   9.1745283e-01
   6.0450660e-02   9.1981132e-01
   6.0999573e-02   9.2216981e-01
   6.1344636e-02   9.2452830e-01
   6.2860774e-02   9.2688679e-01
   6.3147645e-02   9.2924528e-01
   6.3375872e-02   9.3160377e-01
   6.3415174e-02   9.3396226e-01
   6.3431123e-02   9.3632075e-01
   6.3649969e-02   9.3867925e-01
   6.4478229e-02   9.4103774e-01
   6.4910918e-02   9.4339623e-01
   6.5329444e-02   9.4575472e-01
   6.5400351e-02   9.4811321e-01
   6.6096133e-02   9.5047170e-01
   6.6636293e-02   9.5283019e-01
   6.6659413e-02   9.5518868e-01
   6.8448694e-02   9.5754717e-01
   6.9021356e-02   9.5990566e-01
   6.9334886e-02   9.6226415e-01
   7.0559201e-02   9.6462264e-01
   7.1933405e-02   9.6698113e-01
   7.2197099e-02   9.6933962e-01
   7.2510190e-02   9.7169811e-01
   7.4926512e-02   9.7405660e-01
   8.0774747e-02   9.7641509e-01
   8.2403512e-02   9.7877358e-01
   9.0491865e-02   9.8113208e-01
   9.1881357e-02   9.8349057e-01
   9.5381200e-02   9.8584906e-01
   1.0159408e-01   9.8820755e-01
   1.0524851e-01   9.9056604e-01
   1.0736434e-01   9.9292453e-01
   1.0818959e-01   9.9528302e-01
   1.1922576e-01   9.9764151e-01
   1.5159285e-01   1.0000000e+00
