   6.0280000e-03   0.0000000e+00
   6.0280000e-03   1.5748031e-02
   6.4584000e-03   2.3622047e-02
   7.3200000e-03   3.9370079e-02
   7.7504000e-03   4.7244094e-02
   8.1808000e-03   5.5118110e-02
   8.6112000e-03   6.2992126e-02
   9.0424000e-03   7.8740157e-02
   9.4728000e-03   8.6614173e-02
   9.9032000e-03   1.1023622e-01
   1.1195200e-02   1.2598425e-01
   1.1625600e-02   1.3385827e-01
   1.2056000e-02   1.4960630e-01
   1.2486400e-02   1.7322835e-01
   1.2916800e-02   1.9685039e-01
   1.3348000e-02   2.0472441e-01
   1.3778400e-02   2.5196850e-01
   1.4208800e-02   2.5984252e-01
   1.4639200e-02   2.6771654e-01
   1.5070400e-02   3.2283465e-01
   1.5500800e-02   3.4645669e-01
   1.6361600e-02   3.7007874e-01
   1.7222400e-02   3.7795276e-01
   1.8084000e-02   3.8582677e-01
   1.8944800e-02   3.9370079e-01
   1.9806400e-02   4.0157480e-01
   2.0236800e-02   4.1732283e-01
   2.0667200e-02   4.2519685e-01
   2.1528800e-02   4.3307087e-01
   2.1959200e-02   4.4094488e-01
   2.2820000e-02   4.4881890e-01
   2.3250400e-02   4.5669291e-01
   2.4112000e-02   4.8031496e-01
   2.4542400e-02   4.8818898e-01
   2.4972800e-02   5.0393701e-01
   2.5404000e-02   5.1181102e-01
   2.6264800e-02   5.2755906e-01
   2.7125600e-02   5.3543307e-01
   2.7556800e-02   5.5118110e-01
   3.0570400e-02   5.8267717e-01
   3.1432000e-02   6.0629921e-01
   3.2292800e-02   6.1417323e-01
   3.2723200e-02   6.2992126e-01
   3.3153600e-02   6.4566929e-01
   3.4015200e-02   6.5354331e-01
   3.5306400e-02   6.6929134e-01
   3.5737600e-02   6.7716535e-01
   3.6168000e-02   6.9291339e-01
   3.7028800e-02   7.0866142e-01
   3.7459200e-02   7.1653543e-01
   3.7890400e-02   7.2440945e-01
   3.8751200e-02   7.4015748e-01
   3.9181600e-02   7.4803150e-01
   3.9612800e-02   7.5590551e-01
   4.0043200e-02   7.7952756e-01
   4.0473600e-02   7.9527559e-01
   4.4348800e-02   8.0314961e-01
   4.6071200e-02   8.1102362e-01
   4.6501600e-02   8.1889764e-01
   4.9515200e-02   8.2677165e-01
   4.9946400e-02   8.3464567e-01
   5.0376800e-02   8.5039370e-01
   5.0807200e-02   8.6614173e-01
   5.1668800e-02   8.8188976e-01
   5.2960000e-02   8.8976378e-01
   5.3390400e-02   8.9763780e-01
   5.4252000e-02   9.0551181e-01
   5.8127200e-02   9.1338583e-01
   5.8988000e-02   9.2125984e-01
   6.4155200e-02   9.2913386e-01
   6.9752800e-02   9.3700787e-01
   7.2336000e-02   9.4488189e-01
   7.2766400e-02   9.5275591e-01
   7.7502400e-02   9.6062992e-01
   8.0516800e-02   9.7637795e-01
   1.1840720e-01   9.8425197e-01
   1.2314320e-01   9.9212598e-01
   1.2357360e-01   1.0000000e+00
