   6.2440000e-03   0.0000000e+00
   6.2440000e-03   1.3157895e-02
   7.7136000e-03   2.6315789e-02
   8.8152000e-03   3.9473684e-02
   9.1824000e-03   6.5789474e-02
   1.0284800e-02   9.2105263e-02
   1.0652000e-02   1.1842105e-01
   1.1019200e-02   1.3157895e-01
   1.1386400e-02   1.4473684e-01
   1.1753600e-02   1.7105263e-01
   1.2121600e-02   1.8421053e-01
   1.2488800e-02   2.1052632e-01
   1.2856000e-02   2.2368421e-01
   1.3957600e-02   2.3684211e-01
   1.4324800e-02   2.5000000e-01
   1.4692000e-02   2.6315789e-01
   1.5060000e-02   2.8947368e-01
   1.5427200e-02   3.2894737e-01
   1.6161600e-02   3.4210526e-01
   1.7631200e-02   3.6842105e-01
   1.8732800e-02   4.0789474e-01
   1.9100000e-02   4.4736842e-01
   2.0202400e-02   4.6052632e-01
   2.0936800e-02   4.7368421e-01
   2.1671200e-02   4.8684211e-01
   2.2405600e-02   5.0000000e-01
   2.2772800e-02   5.1315789e-01
   2.3140800e-02   5.2631579e-01
   2.4976800e-02   5.5263158e-01
   2.5712000e-02   5.6578947e-01
   2.6079200e-02   5.7894737e-01
   2.6446400e-02   6.0526316e-01
   2.7548000e-02   6.1842105e-01
   2.7915200e-02   6.4473684e-01
   2.9384800e-02   6.8421053e-01
   2.9752000e-02   6.9736842e-01
   3.3424800e-02   7.1052632e-01
   3.4160000e-02   7.3684211e-01
   3.4894400e-02   7.5000000e-01
   3.5261600e-02   7.6315789e-01
   3.7832800e-02   7.7631579e-01
   3.8567200e-02   7.8947368e-01
   3.8935200e-02   8.0263158e-01
   4.0036800e-02   8.2894737e-01
   4.1505600e-02   8.4210526e-01
   4.4444800e-02   8.5526316e-01
   4.5179200e-02   8.6842105e-01
   4.9219200e-02   8.8157895e-01
   6.1708000e-02   8.9473684e-01
   6.2075200e-02   9.0789474e-01
   6.6116000e-02   9.2105263e-01
   6.7217600e-02   9.3421053e-01
   7.5298400e-02   9.4736842e-01
   7.7502400e-02   9.6052632e-01
   8.1910400e-02   9.7368421e-01
   1.1276400e-01   9.8684211e-01
   1.5720880e-01   1.0000000e+00
