   6.1280000e-03   0.0000000e+00
   6.1280000e-03   1.7985612e-02
   6.6856000e-03   2.1582734e-02
   7.2424000e-03   3.5971223e-02
   7.7992000e-03   4.6762590e-02
   8.3568000e-03   6.4748201e-02
   8.9136000e-03   7.1942446e-02
   9.4704000e-03   9.3525180e-02
   1.0028000e-02   1.2230216e-01
   1.0584800e-02   1.3309353e-01
   1.1142400e-02   1.4388489e-01
   1.1699200e-02   1.5107914e-01
   1.2256000e-02   1.6546763e-01
   1.2813600e-02   1.7985612e-01
   1.3370400e-02   2.0143885e-01
   1.3928000e-02   2.1582734e-01
   1.4484800e-02   2.4460432e-01
   1.5041600e-02   2.6258993e-01
   1.5599200e-02   2.8776978e-01
   1.6156000e-02   3.2014388e-01
   1.6712800e-02   3.3812950e-01
   1.7270400e-02   3.5251799e-01
   1.7827200e-02   3.7769784e-01
   1.8384800e-02   3.9208633e-01
   1.8941600e-02   4.1366906e-01
   1.9498400e-02   4.2805755e-01
   2.0056000e-02   4.4244604e-01
   2.0612800e-02   4.4604317e-01
   2.1169600e-02   4.5683453e-01
   2.1727200e-02   4.6762590e-01
   2.2284000e-02   4.8561151e-01
   2.2841600e-02   5.0359712e-01
   2.3398400e-02   5.1438849e-01
   2.3955200e-02   5.2158273e-01
   2.4512800e-02   5.3237410e-01
   2.5069600e-02   5.3597122e-01
   2.5626400e-02   5.4316547e-01
   2.6184000e-02   5.5395683e-01
   2.6740800e-02   5.5755396e-01
   2.7298400e-02   5.6834532e-01
   2.7855200e-02   5.8633094e-01
   2.8969600e-02   5.8992806e-01
   2.9526400e-02   6.0791367e-01
   3.0083200e-02   6.1151079e-01
   3.0640800e-02   6.1870504e-01
   3.1197600e-02   6.2230216e-01
   3.1755200e-02   6.3669065e-01
   3.2868800e-02   6.4748201e-01
   3.3426400e-02   6.5107914e-01
   3.3983200e-02   6.5467626e-01
   3.4540000e-02   6.6187050e-01
   3.5097600e-02   6.7266187e-01
   3.6768800e-02   6.7985612e-01
   3.7325600e-02   6.8345324e-01
   3.7883200e-02   6.8705036e-01
   3.8440000e-02   6.9424460e-01
   3.8996800e-02   6.9784173e-01
   4.0111200e-02   7.0503597e-01
   4.1225600e-02   7.1223022e-01
   4.1782400e-02   7.1582734e-01
   4.2340000e-02   7.1942446e-01
   4.3453600e-02   7.2661871e-01
   4.4568000e-02   7.3741007e-01
   4.5125600e-02   7.5179856e-01
   4.5682400e-02   7.5539568e-01
   4.6796800e-02   7.5899281e-01
   4.7911200e-02   7.6258993e-01
   4.8468000e-02   7.6618705e-01
   4.9024800e-02   7.7697842e-01
   4.9582400e-02   7.8057554e-01
   5.1810400e-02   7.9136691e-01
   5.4596000e-02   7.9496403e-01
   5.5153600e-02   8.0215827e-01
   5.7381600e-02   8.0935252e-01
   5.7938400e-02   8.2374101e-01
   5.9052800e-02   8.2733813e-01
   5.9609600e-02   8.3453237e-01
   6.1838400e-02   8.3812950e-01
   6.4067200e-02   8.4892086e-01
   6.4624000e-02   8.5251799e-01
   6.5180800e-02   8.5611511e-01
   6.5738400e-02   8.6330935e-01
   6.6295200e-02   8.6690647e-01
   6.7409600e-02   8.7050360e-01
   6.7966400e-02   8.7410072e-01
   7.0195200e-02   8.7769784e-01
   7.0752000e-02   8.8129496e-01
   7.1866400e-02   8.8489209e-01
   7.2980800e-02   8.8848921e-01
   7.5208800e-02   8.9208633e-01
   7.5766400e-02   8.9568345e-01
   7.7437600e-02   8.9928058e-01
   7.9108800e-02   9.0287770e-01
   8.0223200e-02   9.0647482e-01
   8.1894400e-02   9.1007194e-01
   8.2451200e-02   9.1726619e-01
   8.3565600e-02   9.2086331e-01
   8.4122400e-02   9.2446043e-01
   8.5236800e-02   9.2805755e-01
   8.9136800e-02   9.3165468e-01
   8.9693600e-02   9.3525180e-01
   9.4150400e-02   9.4244604e-01
   9.8050400e-02   9.4604317e-01
   9.8607200e-02   9.5323741e-01
   1.0194960e-01   9.5683453e-01
   1.0584960e-01   9.6043165e-01
   1.2033440e-01   9.6762590e-01
   1.3481920e-01   9.7122302e-01
   1.5153200e-01   9.7482014e-01
   1.5821760e-01   9.7841727e-01
   1.6156000e-01   9.8201439e-01
   1.6434560e-01   9.8561151e-01
   1.7994400e-01   9.8920863e-01
   1.8774400e-01   9.9280576e-01
   2.1281360e-01   9.9640288e-01
   2.2005600e-01   1.0000000e+00
