   3.4192000e-03   0.0000000e+00
   3.4192000e-03   2.6737968e-03
   3.8464000e-03   5.3475936e-03
   4.2736000e-03   8.0213904e-03
   4.7008000e-03   1.6042781e-02
   5.1280000e-03   1.8716578e-02
   5.9832000e-03   2.1390374e-02
   6.4104000e-03   2.6737968e-02
   6.8376000e-03   3.2085561e-02
   7.2648000e-03   4.0106952e-02
   7.6920000e-03   4.2780749e-02
   8.1200000e-03   5.8823529e-02
   8.5472000e-03   6.4171123e-02
   8.9744000e-03   7.2192513e-02
   9.4016000e-03   8.8235294e-02
   9.8288000e-03   9.8930481e-02
   1.0256800e-02   1.0962567e-01
   1.0684000e-02   1.2299465e-01
   1.1111200e-02   1.4705882e-01
   1.1538400e-02   1.5508021e-01
   1.1965600e-02   1.7112299e-01
   1.2393600e-02   1.7914439e-01
   1.2820800e-02   1.8983957e-01
   1.3248000e-02   2.0588235e-01
   1.3675200e-02   2.2727273e-01
   1.4102400e-02   2.4064171e-01
   1.4529600e-02   2.4598930e-01
   1.4957600e-02   2.6470588e-01
   1.5384800e-02   2.7272727e-01
   1.5812000e-02   2.9679144e-01
   1.6239200e-02   3.3155080e-01
   1.6666400e-02   3.5026738e-01
   1.7094400e-02   3.5561497e-01
   1.7521600e-02   3.8770053e-01
   1.7948800e-02   3.9572193e-01
   1.8376000e-02   4.1443850e-01
   1.8803200e-02   4.3315508e-01
   1.9231200e-02   4.3582888e-01
   1.9658400e-02   4.5721925e-01
   2.0085600e-02   4.7326203e-01
   2.0512800e-02   4.8128342e-01
   2.0940000e-02   4.9732620e-01
   2.1367200e-02   5.2139037e-01
   2.1795200e-02   5.2941176e-01
   2.2222400e-02   5.4010695e-01
   2.2649600e-02   5.5347594e-01
   2.3076800e-02   5.6149733e-01
   2.3504000e-02   5.6951872e-01
   2.3932000e-02   5.8823529e-01
   2.4359200e-02   5.9893048e-01
   2.4786400e-02   6.0962567e-01
   2.5213600e-02   6.1764706e-01
   2.5640800e-02   6.2834225e-01
   2.6068800e-02   6.3368984e-01
   2.6496000e-02   6.4705882e-01
   2.6923200e-02   6.5508021e-01
   2.7350400e-02   6.6042781e-01
   2.7777600e-02   6.7914439e-01
   2.8204800e-02   6.8983957e-01
   2.8632800e-02   7.0053476e-01
   2.9060000e-02   7.0320856e-01
   2.9487200e-02   7.0588235e-01
   2.9914400e-02   7.1657754e-01
   3.0341600e-02   7.2192513e-01
   3.1196800e-02   7.2459893e-01
   3.1624000e-02   7.3262032e-01
   3.2051200e-02   7.3796791e-01
   3.2478400e-02   7.5401070e-01
   3.2906400e-02   7.6737968e-01
   3.3333600e-02   7.7807487e-01
   3.3760800e-02   7.9411765e-01
   3.4188000e-02   7.9679144e-01
   3.5042400e-02   8.0481283e-01
   3.5470400e-02   8.1016043e-01
   3.5897600e-02   8.2352941e-01
   3.6324800e-02   8.3689840e-01
   3.6752000e-02   8.3957219e-01
   3.7179200e-02   8.4491979e-01
   3.7607200e-02   8.4759358e-01
   3.8034400e-02   8.5026738e-01
   3.9316000e-02   8.5561497e-01
   3.9744000e-02   8.6096257e-01
   4.0171200e-02   8.6363636e-01
   4.0598400e-02   8.6898396e-01
   4.1025600e-02   8.7433155e-01
   4.2308000e-02   8.7700535e-01
   4.2735200e-02   8.7967914e-01
   4.3162400e-02   8.8502674e-01
   4.3589600e-02   8.9572193e-01
   4.4016800e-02   9.0374332e-01
   4.4444800e-02   9.0909091e-01
   4.5299200e-02   9.1176471e-01
   4.5726400e-02   9.1443850e-01
   4.6153600e-02   9.1711230e-01
   5.0000000e-02   9.2780749e-01
   5.1282400e-02   9.3048128e-01
   5.1709600e-02   9.3582888e-01
   5.2564000e-02   9.3850267e-01
   5.3418400e-02   9.4117647e-01
   5.3846400e-02   9.4385027e-01
   5.4700800e-02   9.4652406e-01
   5.5983200e-02   9.5187166e-01
   5.6410400e-02   9.5989305e-01
   5.7264800e-02   9.6256684e-01
   5.8120000e-02   9.6791444e-01
   6.1538400e-02   9.7058824e-01
   6.2393600e-02   9.7593583e-01
   6.4102400e-02   9.7860963e-01
   6.4957600e-02   9.8128342e-01
   6.6239200e-02   9.8395722e-01
   7.0940000e-02   9.8663102e-01
   7.3504000e-02   9.8930481e-01
   7.3931200e-02   9.9197861e-01
   7.5640800e-02   9.9465241e-01
   8.7179200e-02   9.9732620e-01
   1.1153840e-01   1.0000000e+00
