   5.0096000e-03   0.0000000e+00
   5.0096000e-03   9.1743119e-03
   6.1656000e-03   2.7522936e-02
   7.3216000e-03   4.5871560e-02
   8.8632000e-03   5.5045872e-02
   9.2488000e-03   7.3394495e-02
   1.0019200e-02   1.0091743e-01
   1.1175200e-02   1.1009174e-01
   1.1560800e-02   1.1926606e-01
   1.2331200e-02   1.3761468e-01
   1.2716800e-02   1.4678899e-01
   1.3102400e-02   1.5596330e-01
   1.3487200e-02   1.6513761e-01
   1.3872800e-02   1.8348624e-01
   1.4258400e-02   1.9266055e-01
   1.4643200e-02   2.1100917e-01
   1.5028800e-02   2.2018349e-01
   1.5799200e-02   2.2935780e-01
   1.6956000e-02   2.7522936e-01
   1.7340800e-02   2.9357798e-01
   1.7726400e-02   3.0275229e-01
   1.8112000e-02   3.1192661e-01
   1.8496800e-02   3.3944954e-01
   1.9653600e-02   3.4862385e-01
   2.0038400e-02   3.5779817e-01
   2.0424000e-02   3.6697248e-01
   2.0809600e-02   3.7614679e-01
   2.1194400e-02   3.8532110e-01
   2.2350400e-02   3.9449541e-01
   2.2736000e-02   4.0366972e-01
   2.3892000e-02   4.2201835e-01
   2.4662400e-02   4.4036697e-01
   2.6204000e-02   4.4954128e-01
   2.6589600e-02   4.6788991e-01
   2.6975200e-02   4.7706422e-01
   2.8131200e-02   4.8623853e-01
   2.8901600e-02   4.9541284e-01
   2.9672800e-02   5.0458716e-01
   3.0443200e-02   5.2293578e-01
   3.0828800e-02   5.3211009e-01
   3.1213600e-02   5.4128440e-01
   3.1984800e-02   5.5045872e-01
   3.3526400e-02   5.5963303e-01
   3.3911200e-02   5.6880734e-01
   3.4682400e-02   5.7798165e-01
   3.5067200e-02   5.8715596e-01
   3.5452800e-02   5.9633028e-01
   3.6608800e-02   6.0550459e-01
   3.7380000e-02   6.1467890e-01
   4.0076800e-02   6.2385321e-01
   4.1232800e-02   6.3302752e-01
   4.1618400e-02   6.4220183e-01
   4.2388800e-02   6.6055046e-01
   4.4701600e-02   6.6972477e-01
   4.5086400e-02   6.7889908e-01
   4.7399200e-02   6.8807339e-01
   4.8169600e-02   6.9724771e-01
   5.0867200e-02   7.0642202e-01
   5.1637600e-02   7.1559633e-01
   5.2793600e-02   7.2477064e-01
   5.5876800e-02   7.3394495e-01
   5.7418400e-02   7.4311927e-01
   5.8574400e-02   7.5229358e-01
   6.0116000e-02   7.6146789e-01
   6.4354400e-02   7.7064220e-01
   6.4740000e-02   7.7981651e-01
   6.5510400e-02   7.8899083e-01
   6.9749600e-02   8.0733945e-01
   7.0135200e-02   8.1651376e-01
   7.0520000e-02   8.2568807e-01
   7.1676000e-02   8.3486239e-01
   7.3217600e-02   8.4403670e-01
   7.4373600e-02   8.5321101e-01
   7.5144800e-02   8.6238532e-01
   7.5915200e-02   8.7155963e-01
   8.5164000e-02   8.8073394e-01
   9.0558400e-02   8.8990826e-01
   9.1329600e-02   9.0825688e-01
   9.9807200e-02   9.1743119e-01
   1.0289040e-01   9.2660550e-01
   1.0520240e-01   9.4495413e-01
   1.0674400e-01   9.5412844e-01
   1.0828480e-01   9.6330275e-01
   1.1175360e-01   9.7247706e-01
   1.1599200e-01   9.8165138e-01
   1.1868960e-01   9.9082569e-01
   1.8420000e-01   1.0000000e+00
