   2.7240000e-03   0.0000000e+00
   2.7240000e-03   2.4509804e-03
   3.1128000e-03   6.1274510e-03
   3.5016000e-03   1.1029412e-02
   3.8912000e-03   1.2254902e-02
   4.2800000e-03   2.0833333e-02
   4.6696000e-03   3.0637255e-02
   5.0584000e-03   5.1470588e-02
   5.4472000e-03   6.3725490e-02
   5.8368000e-03   7.7205882e-02
   6.2256000e-03   1.3970588e-01
   6.6144000e-03   1.7156863e-01
   7.0040000e-03   2.1200980e-01
   7.3928000e-03   2.4632353e-01
   7.7824000e-03   2.5735294e-01
   8.1712000e-03   2.8799020e-01
   8.5600000e-03   3.1127451e-01
   8.9496000e-03   3.2843137e-01
   9.3384000e-03   3.5661765e-01
   9.7280000e-03   3.7132353e-01
   1.0116800e-02   4.1176471e-01
   1.0505600e-02   4.3259804e-01
   1.0895200e-02   4.4607843e-01
   1.1284000e-02   4.7058824e-01
   1.1672800e-02   4.8284314e-01
   1.2062400e-02   5.0122549e-01
   1.2451200e-02   5.2328431e-01
   1.2840800e-02   5.3186275e-01
   1.3229600e-02   5.5024510e-01
   1.3618400e-02   5.6985294e-01
   1.4008000e-02   5.8333333e-01
   1.4396800e-02   5.9681373e-01
   1.4785600e-02   6.1151961e-01
   1.5175200e-02   6.2254902e-01
   1.5564000e-02   6.3357843e-01
   1.5953600e-02   6.4093137e-01
   1.6342400e-02   6.5318627e-01
   1.6731200e-02   6.5808824e-01
   1.7120800e-02   6.6299020e-01
   1.7509600e-02   6.7647059e-01
   1.7899200e-02   6.8014706e-01
   1.8288000e-02   6.8750000e-01
   1.8676800e-02   7.0220588e-01
   1.9066400e-02   7.0833333e-01
   1.9455200e-02   7.1568627e-01
   1.9844000e-02   7.1813725e-01
   2.0233600e-02   7.2549020e-01
   2.0622400e-02   7.3406863e-01
   2.1012000e-02   7.4264706e-01
   2.1400800e-02   7.5000000e-01
   2.1789600e-02   7.5857843e-01
   2.2179200e-02   7.6470588e-01
   2.2568000e-02   7.6960784e-01
   2.2956800e-02   7.7328431e-01
   2.3346400e-02   7.7450980e-01
   2.3735200e-02   7.8676471e-01
   2.4513600e-02   7.9289216e-01
   2.4902400e-02   7.9779412e-01
   2.5292000e-02   8.0147059e-01
   2.5680800e-02   8.0392157e-01
   2.6069600e-02   8.0637255e-01
   2.6459200e-02   8.0759804e-01
   2.6848000e-02   8.1127451e-01
   2.7237600e-02   8.1372549e-01
   2.7626400e-02   8.1740196e-01
   2.8016000e-02   8.1862745e-01
   2.8404800e-02   8.2352941e-01
   2.8793600e-02   8.3700980e-01
   2.9183200e-02   8.4068627e-01
   2.9960800e-02   8.4558824e-01
   3.0350400e-02   8.4681373e-01
   3.0739200e-02   8.4803922e-01
   3.1128800e-02   8.5294118e-01
   3.1517600e-02   8.5784314e-01
   3.1906400e-02   8.6519608e-01
   3.2296000e-02   8.6887255e-01
   3.2684800e-02   8.7132353e-01
   3.3073600e-02   8.7622549e-01
   3.3852000e-02   8.7990196e-01
   3.4241600e-02   8.8235294e-01
   3.4630400e-02   8.8602941e-01
   3.5019200e-02   8.9093137e-01
   3.5408800e-02   8.9215686e-01
   3.5797600e-02   8.9828431e-01
   3.6187200e-02   9.0073529e-01
   3.6964800e-02   9.0318627e-01
   3.7354400e-02   9.0563725e-01
   3.7743200e-02   9.0686275e-01
   3.8132000e-02   9.0931373e-01
   3.8910400e-02   9.1053922e-01
   3.9688800e-02   9.1176471e-01
   4.0077600e-02   9.1299020e-01
   4.0467200e-02   9.1666667e-01
   4.0856000e-02   9.1789216e-01
   4.1244800e-02   9.2034314e-01
   4.2412800e-02   9.2156863e-01
   4.2801600e-02   9.2524510e-01
   4.3190400e-02   9.2769608e-01
   4.3580000e-02   9.2892157e-01
   4.3968800e-02   9.3137255e-01
   4.4357600e-02   9.3259804e-01
   4.4747200e-02   9.3627451e-01
   4.5136000e-02   9.3872549e-01
   4.5914400e-02   9.4117647e-01
   4.6303200e-02   9.4362745e-01
   4.7081600e-02   9.4485294e-01
   4.7471200e-02   9.4607843e-01
   4.8248800e-02   9.4730392e-01
   4.8638400e-02   9.4852941e-01
   4.9416000e-02   9.4975490e-01
   5.0194400e-02   9.5220588e-01
   5.0584000e-02   9.5343137e-01
   5.4864000e-02   9.5465686e-01
   5.6031200e-02   9.5588235e-01
   5.7198400e-02   9.5710784e-01
   5.8365600e-02   9.6200980e-01
   5.8755200e-02   9.6323529e-01
   6.3424000e-02   9.6446078e-01
   6.4980800e-02   9.6568627e-01
   6.8482400e-02   9.6813725e-01
   6.8871200e-02   9.7181373e-01
   7.1984800e-02   9.7303922e-01
   7.4319200e-02   9.7426471e-01
   7.6653600e-02   9.7549020e-01
   7.8210400e-02   9.7671569e-01
   8.2490400e-02   9.7794118e-01
   8.3657600e-02   9.8039216e-01
   8.5992000e-02   9.8161765e-01
   8.7159200e-02   9.8284314e-01
   8.8327200e-02   9.8406863e-01
   8.9494400e-02   9.8529412e-01
   9.0272000e-02   9.8651961e-01
   9.0661600e-02   9.8774510e-01
   9.4163200e-02   9.8897059e-01
   1.0622560e-01   9.9019608e-01
   1.1245120e-01   9.9264706e-01
   1.1984400e-01   9.9387255e-01
   1.2256800e-01   9.9509804e-01
   1.2373520e-01   9.9632353e-01
   1.3190640e-01   9.9754902e-01
   1.3424160e-01   9.9877451e-01
   1.7354080e-01   1.0000000e+00
