   4.5560000e-03   0.0000000e+00
   4.5560000e-03   1.4388489e-02
   5.0112000e-03   3.5971223e-02
   5.4672000e-03   4.3165468e-02
   5.9224000e-03   5.0359712e-02
   6.3784000e-03   5.7553957e-02
   6.8336000e-03   7.1942446e-02
   7.2896000e-03   1.0071942e-01
   7.7448000e-03   1.2230216e-01
   8.2008000e-03   1.5107914e-01
   8.6560000e-03   1.7266187e-01
   9.1120000e-03   1.8705036e-01
   9.5672000e-03   1.9424460e-01
   1.0022400e-02   2.0863309e-01
   1.0933600e-02   2.1582734e-01
   1.1389600e-02   2.2302158e-01
   1.2300800e-02   2.3741007e-01
   1.2756000e-02   2.5179856e-01
   1.3212000e-02   2.6618705e-01
   1.3667200e-02   2.8776978e-01
   1.4123200e-02   3.0935252e-01
   1.5034400e-02   3.2374101e-01
   1.5945600e-02   3.3812950e-01
   1.7312000e-02   3.5251799e-01
   1.8223200e-02   3.5971223e-01
   1.8679200e-02   3.6690647e-01
   1.9589600e-02   3.7410072e-01
   2.0045600e-02   3.9568345e-01
   2.0956800e-02   4.0287770e-01
   2.1412000e-02   4.1726619e-01
   2.2323200e-02   4.2446043e-01
   2.2779200e-02   4.3165468e-01
   2.3234400e-02   4.4604317e-01
   2.3690400e-02   4.5323741e-01
   2.4145600e-02   4.6043165e-01
   2.4601600e-02   4.6762590e-01
   2.5056800e-02   4.7482014e-01
   2.6879200e-02   4.8920863e-01
   2.7335200e-02   5.0359712e-01
   2.8245600e-02   5.1079137e-01
   2.8701600e-02   5.1798561e-01
   2.9156800e-02   5.2517986e-01
   2.9612800e-02   5.3956835e-01
   3.0068000e-02   5.5395683e-01
   3.0524000e-02   5.6115108e-01
   3.0979200e-02   5.6834532e-01
   3.1435200e-02   5.7553957e-01
   3.1890400e-02   5.8992806e-01
   3.2346400e-02   6.0431655e-01
   3.3712800e-02   6.1151079e-01
   3.4624000e-02   6.2589928e-01
   3.6446400e-02   6.4028777e-01
   3.7357600e-02   6.4748201e-01
   3.7813600e-02   6.6187050e-01
   3.8724000e-02   6.6906475e-01
   4.2368800e-02   6.7625899e-01
   4.5102400e-02   6.8345324e-01
   4.6469600e-02   6.9784173e-01
   4.6924800e-02   7.1223022e-01
   4.9202400e-02   7.1942446e-01
   4.9658400e-02   7.2661871e-01
   5.2392000e-02   7.3381295e-01
   5.5125600e-02   7.4100719e-01
   5.5580800e-02   7.4820144e-01
   5.7858400e-02   7.6258993e-01
   5.9680800e-02   7.6978417e-01
   6.1959200e-02   7.7697842e-01
   6.2414400e-02   7.8417266e-01
   6.3781600e-02   7.9136691e-01
   6.5148000e-02   7.9856115e-01
   6.6514400e-02   8.0575540e-01
   6.6970400e-02   8.1294964e-01
   6.8792800e-02   8.2014388e-01
   6.9248000e-02   8.2733813e-01
   6.9704000e-02   8.3453237e-01
   7.4715200e-02   8.4172662e-01
   7.6992800e-02   8.4892086e-01
   7.7904000e-02   8.5611511e-01
   7.9726400e-02   8.6330935e-01
   8.2004800e-02   8.7050360e-01
   8.3827200e-02   8.7769784e-01
   8.8838400e-02   8.8489209e-01
   8.9749600e-02   8.9208633e-01
   9.1116000e-02   8.9928058e-01
   9.1572000e-02   9.0647482e-01
   9.3394400e-02   9.1366906e-01
   9.5672000e-02   9.2086331e-01
   9.6127200e-02   9.2805755e-01
   9.7494400e-02   9.3525180e-01
   1.1617280e-01   9.4244604e-01
   1.2892960e-01   9.4964029e-01
   1.3439600e-01   9.5683453e-01
   1.3485200e-01   9.6402878e-01
   1.4123040e-01   9.7122302e-01
   1.4441920e-01   9.7841727e-01
   1.5216400e-01   9.8561151e-01
   1.6674240e-01   9.9280576e-01
   2.5603680e-01   1.0000000e+00
