   3.1344000e-03   0.0000000e+00
   3.1344000e-03   2.9585799e-03
   3.9176000e-03   1.4792899e-02
   4.3096000e-03   1.7751479e-02
   4.7016000e-03   2.9585799e-02
   5.0928000e-03   5.9171598e-02
   5.4848000e-03   6.5088757e-02
   5.8768000e-03   7.3964497e-02
   6.2680000e-03   1.0059172e-01
   6.6600000e-03   1.2426036e-01
   7.0520000e-03   1.3313609e-01
   7.4440000e-03   1.7159763e-01
   7.8352000e-03   1.9230769e-01
   8.2272000e-03   2.1597633e-01
   8.6192000e-03   2.2189349e-01
   9.0104000e-03   2.4852071e-01
   9.4024000e-03   2.6331361e-01
   9.7944000e-03   2.7514793e-01
   1.0186400e-02   3.2544379e-01
   1.0577600e-02   3.3431953e-01
   1.0969600e-02   3.5207101e-01
   1.1361600e-02   3.8757396e-01
   1.1752800e-02   4.0828402e-01
   1.2144800e-02   4.2603550e-01
   1.2536800e-02   4.3195266e-01
   1.2928800e-02   4.5857988e-01
   1.3320000e-02   4.7041420e-01
   1.3712000e-02   4.7928994e-01
   1.4104000e-02   5.0591716e-01
   1.4496000e-02   5.1775148e-01
   1.4887200e-02   5.3254438e-01
   1.5279200e-02   5.6213018e-01
   1.5671200e-02   5.7100592e-01
   1.6062400e-02   5.7692308e-01
   1.6454400e-02   5.8875740e-01
   1.6846400e-02   6.0355030e-01
   1.7238400e-02   6.1538462e-01
   1.7629600e-02   6.2426036e-01
   1.8021600e-02   6.4497041e-01
   1.8413600e-02   6.5384615e-01
   1.8804800e-02   6.5976331e-01
   1.9196800e-02   6.8047337e-01
   1.9588800e-02   6.8343195e-01
   1.9980800e-02   6.9526627e-01
   2.0372000e-02   7.0710059e-01
   2.1547200e-02   7.2781065e-01
   2.1939200e-02   7.3964497e-01
   2.2331200e-02   7.4260355e-01
   2.2723200e-02   7.4852071e-01
   2.3114400e-02   7.6331361e-01
   2.3506400e-02   7.6923077e-01
   2.3898400e-02   7.7514793e-01
   2.4289600e-02   7.8698225e-01
   2.5073600e-02   7.8994083e-01
   2.5464800e-02   7.9881657e-01
   2.5856800e-02   8.0769231e-01
   2.6640800e-02   8.1065089e-01
   2.7032000e-02   8.1360947e-01
   2.7816000e-02   8.1656805e-01
   2.8207200e-02   8.2840237e-01
   2.8991200e-02   8.3136095e-01
   2.9383200e-02   8.3431953e-01
   3.0950400e-02   8.3727811e-01
   3.1341600e-02   8.4023669e-01
   3.2125600e-02   8.4319527e-01
   3.3692800e-02   8.4615385e-01
   3.4084000e-02   8.4911243e-01
   3.4868000e-02   8.5207101e-01
   3.5259200e-02   8.5502959e-01
   3.6435200e-02   8.5798817e-01
   3.6826400e-02   8.6390533e-01
   3.8001600e-02   8.6982249e-01
   3.9177600e-02   8.7278107e-01
   3.9568800e-02   8.7869822e-01
   4.0352800e-02   8.8165680e-01
   4.0744000e-02   8.8461538e-01
   4.1136000e-02   8.8757396e-01
   4.1528000e-02   8.9053254e-01
   4.2703200e-02   8.9644970e-01
   4.3486400e-02   8.9940828e-01
   4.4270400e-02   9.0236686e-01
   4.5445600e-02   9.0532544e-01
   4.7404800e-02   9.1124260e-01
   5.1322400e-02   9.1420118e-01
   5.2497600e-02   9.1715976e-01
   5.6023200e-02   9.2011834e-01
   5.7199200e-02   9.2603550e-01
   5.8765600e-02   9.2899408e-01
   5.9157600e-02   9.3195266e-01
   5.9549600e-02   9.3491124e-01
   5.9940800e-02   9.3786982e-01
   6.3075200e-02   9.4378698e-01
   6.5034400e-02   9.4674556e-01
   6.9735200e-02   9.4970414e-01
   7.1694400e-02   9.5266272e-01
   7.2086400e-02   9.5562130e-01
   8.2664000e-02   9.5857988e-01
   8.5406400e-02   9.6153846e-01
   8.5798400e-02   9.6449704e-01
   9.0108000e-02   9.6745562e-01
   9.1283200e-02   9.7041420e-01
   9.2066400e-02   9.7337278e-01
   9.4025600e-02   9.7633136e-01
   1.1361440e-01   9.7928994e-01
   1.1635680e-01   9.8224852e-01
   1.4769840e-01   9.8520710e-01
   1.5318320e-01   9.8816568e-01
   1.5749280e-01   9.9112426e-01
   1.6846240e-01   9.9408284e-01
   1.6924560e-01   9.9704142e-01
   2.0528880e-01   1.0000000e+00
