   2.6816000e-03   0.0000000e+00
   2.6816000e-03   1.4814815e-03
   3.4480000e-03   4.4444444e-03
   3.8312000e-03   1.4814815e-02
   4.2144000e-03   2.5185185e-02
   4.5976000e-03   2.9629630e-02
   4.9808000e-03   4.2962963e-02
   5.3640000e-03   4.7407407e-02
   5.7472000e-03   6.3703704e-02
   6.1304000e-03   8.2962963e-02
   6.5136000e-03   9.4814815e-02
   6.8968000e-03   1.2000000e-01
   7.2800000e-03   1.3629630e-01
   7.6632000e-03   1.5555556e-01
   8.0464000e-03   1.8814815e-01
   8.4288000e-03   2.0000000e-01
   8.8120000e-03   2.3259259e-01
   9.1952000e-03   2.5333333e-01
   9.5784000e-03   2.7111111e-01
   9.9616000e-03   2.9629630e-01
   1.0344800e-02   3.0666667e-01
   1.0728000e-02   3.2740741e-01
   1.1111200e-02   3.5111111e-01
   1.1494400e-02   3.6000000e-01
   1.1877600e-02   3.8074074e-01
   1.2260800e-02   3.9407407e-01
   1.2644000e-02   4.1185185e-01
   1.3026400e-02   4.2962963e-01
   1.3409600e-02   4.4740741e-01
   1.3792800e-02   4.6814815e-01
   1.4176000e-02   4.7703704e-01
   1.4559200e-02   4.9481481e-01
   1.4942400e-02   5.1703704e-01
   1.5325600e-02   5.3037037e-01
   1.5708800e-02   5.4370370e-01
   1.6092000e-02   5.6000000e-01
   1.6475200e-02   5.6888889e-01
   1.6858400e-02   5.8370370e-01
   1.7241600e-02   5.9111111e-01
   1.7624800e-02   6.0444444e-01
   1.8008000e-02   6.1037037e-01
   1.8390400e-02   6.1481481e-01
   1.8773600e-02   6.2518519e-01
   1.9156800e-02   6.3407407e-01
   1.9540000e-02   6.4296296e-01
   1.9923200e-02   6.5037037e-01
   2.0306400e-02   6.5333333e-01
   2.0689600e-02   6.6074074e-01
   2.1072800e-02   6.6518519e-01
   2.1456000e-02   6.6814815e-01
   2.1839200e-02   6.7407407e-01
   2.2222400e-02   6.8296296e-01
   2.2605600e-02   6.9037037e-01
   2.2988800e-02   6.9629630e-01
   2.3372000e-02   6.9925926e-01
   2.3755200e-02   7.0370370e-01
   2.4137600e-02   7.0518519e-01
   2.4520800e-02   7.0962963e-01
   2.4904000e-02   7.1259259e-01
   2.5670400e-02   7.2000000e-01
   2.6053600e-02   7.2148148e-01
   2.6436800e-02   7.2444444e-01
   2.6820000e-02   7.2740741e-01
   2.7203200e-02   7.3333333e-01
   2.7586400e-02   7.3777778e-01
   2.8736000e-02   7.4222222e-01
   2.9119200e-02   7.4518519e-01
   2.9501600e-02   7.4666667e-01
   2.9884800e-02   7.5555556e-01
   3.0268000e-02   7.5851852e-01
   3.0651200e-02   7.6592593e-01
   3.1034400e-02   7.6888889e-01
   3.1417600e-02   7.7185185e-01
   3.1800800e-02   7.7333333e-01
   3.2184000e-02   7.7629630e-01
   3.2567200e-02   7.8370370e-01
   3.2950400e-02   7.8666667e-01
   3.3333600e-02   7.9407407e-01
   3.3716800e-02   7.9555556e-01
   3.4482400e-02   8.0296296e-01
   3.4865600e-02   8.0740741e-01
   3.5248800e-02   8.1037037e-01
   3.5632000e-02   8.1629630e-01
   3.6015200e-02   8.1777778e-01
   3.6398400e-02   8.2222222e-01
   3.6781600e-02   8.2666667e-01
   3.7164800e-02   8.2814815e-01
   3.7931200e-02   8.3111111e-01
   3.8314400e-02   8.3259259e-01
   3.8697600e-02   8.3407407e-01
   3.9080800e-02   8.3703704e-01
   3.9846400e-02   8.4000000e-01
   4.0229600e-02   8.4296296e-01
   4.0612800e-02   8.4444444e-01
   4.0996000e-02   8.4592593e-01
   4.1379200e-02   8.5037037e-01
   4.2528800e-02   8.5481481e-01
   4.3295200e-02   8.5925926e-01
   4.3678400e-02   8.6222222e-01
   4.4061600e-02   8.6370370e-01
   4.4444800e-02   8.6962963e-01
   4.4828000e-02   8.7259259e-01
   4.5593600e-02   8.7407407e-01
   4.5976800e-02   8.7555556e-01
   4.6360000e-02   8.7851852e-01
   4.6743200e-02   8.8000000e-01
   4.7509600e-02   8.8296296e-01
   4.7892800e-02   8.8740741e-01
   4.8659200e-02   8.9185185e-01
   4.9042400e-02   8.9481481e-01
   4.9425600e-02   8.9629630e-01
   4.9808800e-02   8.9925926e-01
   5.0192000e-02   9.0074074e-01
   5.0574400e-02   9.0518519e-01
   5.0957600e-02   9.0666667e-01
   5.1340800e-02   9.0814815e-01
   5.1724000e-02   9.0962963e-01
   5.2107200e-02   9.1259259e-01
   5.2873600e-02   9.1407407e-01
   5.3256800e-02   9.1703704e-01
   5.3640000e-02   9.1851852e-01
   5.4023200e-02   9.2148148e-01
   5.5555200e-02   9.2296296e-01
   5.6321600e-02   9.2444444e-01
   5.9387200e-02   9.2740741e-01
   5.9770400e-02   9.2888889e-01
   6.0153600e-02   9.3185185e-01
   6.0536800e-02   9.3333333e-01
   6.1302400e-02   9.3925926e-01
   6.1685600e-02   9.4074074e-01
   6.2068800e-02   9.4222222e-01
   6.2835200e-02   9.4370370e-01
   6.3218400e-02   9.4518519e-01
   6.3984800e-02   9.4666667e-01
   6.4368000e-02   9.4814815e-01
   6.5517600e-02   9.5111111e-01
   6.7816000e-02   9.5259259e-01
   6.8582400e-02   9.5407407e-01
   6.9348800e-02   9.5555556e-01
   7.0115200e-02   9.5703704e-01
   7.1264800e-02   9.5851852e-01
   7.1647200e-02   9.6148148e-01
   7.2413600e-02   9.6296296e-01
   7.7394400e-02   9.6444444e-01
   7.8160800e-02   9.6592593e-01
   7.8927200e-02   9.6740741e-01
   7.9693600e-02   9.6888889e-01
   8.0076800e-02   9.7185185e-01
   8.3524800e-02   9.7333333e-01
   8.5057600e-02   9.7481481e-01
   8.5440800e-02   9.7629630e-01
   8.6590400e-02   9.7777778e-01
   8.7739200e-02   9.8074074e-01
   9.4636000e-02   9.8222222e-01
   9.5019200e-02   9.8370370e-01
   9.5402400e-02   9.8518519e-01
   9.6552000e-02   9.8666667e-01
   1.0421440e-01   9.8814815e-01
   1.1149440e-01   9.8962963e-01
   1.2988480e-01   9.9111111e-01
   1.3026800e-01   9.9259259e-01
   1.3946400e-01   9.9407407e-01
   1.4712640e-01   9.9555556e-01
   1.5325680e-01   9.9703704e-01
   1.5747120e-01   9.9851852e-01
   1.8007680e-01   1.0000000e+00
