   3.9128000e-03   0.0000000e+00
   3.9128000e-03   4.9019608e-03
   4.3480000e-03   1.2254902e-02
   4.7824000e-03   2.3284314e-02
   5.2176000e-03   4.0441176e-02
   5.6520000e-03   7.3529412e-02
   6.0872000e-03   8.9460784e-02
   6.5216000e-03   1.1519608e-01
   6.9568000e-03   1.5931373e-01
   7.3912000e-03   1.7524510e-01
   7.8264000e-03   1.9730392e-01
   8.2608000e-03   2.3529412e-01
   8.6960000e-03   2.5122549e-01
   9.1304000e-03   2.9534314e-01
   9.5656000e-03   3.2475490e-01
   1.0000000e-02   3.4558824e-01
   1.0434400e-02   3.6151961e-01
   1.0869600e-02   3.6887255e-01
   1.1304000e-02   3.8480392e-01
   1.1739200e-02   4.1666667e-01
   1.2173600e-02   4.3872549e-01
   1.2608800e-02   4.6446078e-01
   1.3043200e-02   4.7916667e-01
   1.3478400e-02   4.9264706e-01
   1.3912800e-02   5.1225490e-01
   1.4348000e-02   5.3186275e-01
   1.4782400e-02   5.4289216e-01
   1.5217600e-02   5.6127451e-01
   1.5652000e-02   5.6862745e-01
   1.6087200e-02   5.8578431e-01
   1.6521600e-02   5.9926471e-01
   1.6956800e-02   6.0539216e-01
   1.7391200e-02   6.1887255e-01
   1.7826400e-02   6.2867647e-01
   1.8260800e-02   6.4093137e-01
   1.8696000e-02   6.5563725e-01
   1.9130400e-02   6.6421569e-01
   1.9564800e-02   6.7156863e-01
   2.0000000e-02   6.7279412e-01
   2.0435200e-02   6.8872549e-01
   2.0869600e-02   6.9975490e-01
   2.1304000e-02   7.0955882e-01
   2.1739200e-02   7.2058824e-01
   2.2173600e-02   7.2549020e-01
   2.2608800e-02   7.3161765e-01
   2.3043200e-02   7.4387255e-01
   2.3478400e-02   7.5000000e-01
   2.3912800e-02   7.5122549e-01
   2.4348000e-02   7.5857843e-01
   2.4782400e-02   7.6960784e-01
   2.5217600e-02   7.7573529e-01
   2.5652000e-02   7.8063725e-01
   2.6087200e-02   7.8921569e-01
   2.6521600e-02   7.9289216e-01
   2.6956800e-02   7.9534314e-01
   2.7391200e-02   8.0392157e-01
   2.7826400e-02   8.1127451e-01
   2.8260800e-02   8.1740196e-01
   2.8696000e-02   8.2475490e-01
   2.9130400e-02   8.2720588e-01
   2.9565600e-02   8.2965686e-01
   3.0000000e-02   8.3210784e-01
   3.0435200e-02   8.3700980e-01
   3.0869600e-02   8.3946078e-01
   3.1304000e-02   8.4191176e-01
   3.1739200e-02   8.4558824e-01
   3.2173600e-02   8.4681373e-01
   3.2608800e-02   8.5049020e-01
   3.3043200e-02   8.5539216e-01
   3.3478400e-02   8.5661765e-01
   3.3912800e-02   8.5784314e-01
   3.4348000e-02   8.5906863e-01
   3.4782400e-02   8.6151961e-01
   3.5217600e-02   8.6274510e-01
   3.5652000e-02   8.6764706e-01
   3.6521600e-02   8.7622549e-01
   3.6956800e-02   8.7745098e-01
   3.7391200e-02   8.8235294e-01
   3.7826400e-02   8.8602941e-01
   3.8260800e-02   8.8970588e-01
   3.9130400e-02   8.9460784e-01
   3.9565600e-02   8.9705882e-01
   4.0434400e-02   8.9950980e-01
   4.0869600e-02   9.0073529e-01
   4.1304000e-02   9.0196078e-01
   4.1739200e-02   9.0441176e-01
   4.2608800e-02   9.0563725e-01
   4.3043200e-02   9.0931373e-01
   4.3478400e-02   9.1053922e-01
   4.3912800e-02   9.1176471e-01
   4.4782400e-02   9.1299020e-01
   4.5652000e-02   9.1421569e-01
   4.6521600e-02   9.1544118e-01
   4.6956800e-02   9.1911765e-01
   4.7391200e-02   9.2156863e-01
   4.7826400e-02   9.2279412e-01
   4.8260800e-02   9.2401961e-01
   4.8696000e-02   9.2524510e-01
   4.9130400e-02   9.2647059e-01
   4.9564800e-02   9.3014706e-01
   5.0000000e-02   9.3259804e-01
   5.0435200e-02   9.3382353e-01
   5.0869600e-02   9.3750000e-01
   5.1739200e-02   9.3872549e-01
   5.2173600e-02   9.3995098e-01
   5.2608800e-02   9.4117647e-01
   5.3043200e-02   9.4362745e-01
   5.3478400e-02   9.4485294e-01
   5.4782400e-02   9.4607843e-01
   5.6087200e-02   9.4730392e-01
   5.6521600e-02   9.4975490e-01
   5.7391200e-02   9.5098039e-01
   5.7826400e-02   9.5220588e-01
   5.8696000e-02   9.5343137e-01
   5.9130400e-02   9.5710784e-01
   5.9564800e-02   9.5833333e-01
   6.0000000e-02   9.6078431e-01
   6.1304000e-02   9.6323529e-01
   6.1739200e-02   9.6446078e-01
   6.2173600e-02   9.6691176e-01
   6.4782400e-02   9.6813725e-01
   6.6087200e-02   9.6936275e-01
   7.0000000e-02   9.7058824e-01
   7.3912800e-02   9.7181373e-01
   7.4348000e-02   9.7303922e-01
   7.4782400e-02   9.7426471e-01
   7.6521600e-02   9.7549020e-01
   7.9130400e-02   9.7671569e-01
   8.0434400e-02   9.7794118e-01
   8.9565600e-02   9.7916667e-01
   9.5652000e-02   9.8039216e-01
   9.8260800e-02   9.8161765e-01
   1.0304320e-01   9.8284314e-01
   1.0478240e-01   9.8406863e-01
   1.2304320e-01   9.8529412e-01
   1.2434800e-01   9.8651961e-01
   1.3173920e-01   9.8774510e-01
   1.3826080e-01   9.8897059e-01
   1.4304320e-01   9.9019608e-01
   1.5347840e-01   9.9142157e-01
   1.5652160e-01   9.9264706e-01
   1.5913040e-01   9.9387255e-01
   1.6130400e-01   9.9509804e-01
   1.7043440e-01   9.9632353e-01
   1.8304320e-01   9.9754902e-01
   1.9260880e-01   9.9877451e-01
   1.9521760e-01   1.0000000e+00
