   5.7904000e-03   0.0000000e+00
   5.7904000e-03   3.8461538e-02
   1.6480800e-02   7.6923077e-02
   1.6926400e-02   1.1538462e-01
   1.9153600e-02   1.5384615e-01
   2.0935200e-02   1.9230769e-01
   2.4944000e-02   2.3076923e-01
   2.6280800e-02   2.6923077e-01
   2.8953600e-02   3.0769231e-01
   2.9398400e-02   3.4615385e-01
   3.0735200e-02   3.8461538e-01
   3.2516800e-02   4.2307692e-01
   3.2962400e-02   4.6153846e-01
   3.7416800e-02   5.0000000e-01
   3.8752800e-02   5.3846154e-01
   3.9198400e-02   5.7692308e-01
   4.5434400e-02   6.1538462e-01
   4.8552000e-02   6.5384615e-01
   4.9443200e-02   6.9230769e-01
   4.9888800e-02   7.3076923e-01
   5.3897600e-02   7.6923077e-01
   6.1915200e-02   8.0769231e-01
   7.0824000e-02   8.4615385e-01
   8.1068800e-02   8.8461538e-01
   9.3541600e-02   9.2307692e-01
   9.3986400e-02   9.6153846e-01
   1.9153680e-01   1.0000000e+00
