   2.0344000e-03   0.0000000e+00
   2.0344000e-03   6.0864273e-04
   2.4416000e-03   2.4345709e-03
   2.8488000e-03   3.6518564e-03
   3.2552000e-03   7.9123554e-03
   3.6624000e-03   1.8867925e-02
   4.0688000e-03   2.7997565e-02
   4.4760000e-03   4.3213634e-02
   4.8832000e-03   7.6080341e-02
   5.2896000e-03   9.4948265e-02
   5.6968000e-03   1.1685940e-01
   6.1040000e-03   1.5946439e-01
   6.5104000e-03   1.9050517e-01
   6.9176000e-03   2.2945831e-01
   7.3248000e-03   2.6719416e-01
   7.7312000e-03   3.1405965e-01
   8.1384000e-03   3.5666464e-01
   8.5456000e-03   3.9683506e-01
   8.9520000e-03   4.2787584e-01
   9.3592000e-03   4.6743761e-01
   9.7656000e-03   5.0395618e-01
   1.0172800e-02   5.3743153e-01
   1.0580000e-02   5.5995131e-01
   1.0986400e-02   5.8064516e-01
   1.1393600e-02   6.1168594e-01
   1.1800800e-02   6.2872794e-01
   1.2207200e-02   6.4455265e-01
   1.2614400e-02   6.7376750e-01
   1.3021600e-02   6.8959221e-01
   1.3428000e-02   7.0359099e-01
   1.3835200e-02   7.2124163e-01
   1.4242400e-02   7.3402313e-01
   1.4648800e-02   7.4497870e-01
   1.5056000e-02   7.5958612e-01
   1.5463200e-02   7.7115033e-01
   1.5869600e-02   7.7662812e-01
   1.6276800e-02   7.9123554e-01
   1.6684000e-02   8.0097383e-01
   1.7090400e-02   8.0827754e-01
   1.7497600e-02   8.2471089e-01
   1.7904800e-02   8.3079732e-01
   1.8311200e-02   8.3505782e-01
   1.8718400e-02   8.4357882e-01
   1.9124800e-02   8.5270846e-01
   1.9532000e-02   8.5818624e-01
   1.9939200e-02   8.6914181e-01
   2.0345600e-02   8.7096774e-01
   2.0752800e-02   8.7583688e-01
   2.1160000e-02   8.7948874e-01
   2.1566400e-02   8.8435788e-01
   2.1973600e-02   8.8800974e-01
   2.2380800e-02   8.9409617e-01
   2.2787200e-02   8.9531345e-01
   2.3194400e-02   8.9957395e-01
   2.3600800e-02   9.0261716e-01
   2.4008000e-02   9.0687766e-01
   2.4415200e-02   9.1052952e-01
   2.4821600e-02   9.1296409e-01
   2.5228800e-02   9.1357273e-01
   2.5636000e-02   9.1844187e-01
   2.6042400e-02   9.1905052e-01
   2.6449600e-02   9.2209373e-01
   2.6856800e-02   9.2513694e-01
   2.7263200e-02   9.2696287e-01
   2.7670400e-02   9.3000609e-01
   2.8077600e-02   9.3183201e-01
   2.8484000e-02   9.3426659e-01
   2.8891200e-02   9.3609251e-01
   2.9298400e-02   9.3730980e-01
   2.9704800e-02   9.3791844e-01
   3.0112000e-02   9.4035301e-01
   3.0519200e-02   9.4096166e-01
   3.0925600e-02   9.4157030e-01
   3.1332800e-02   9.4461351e-01
   3.1740000e-02   9.4522215e-01
   3.2146400e-02   9.4704808e-01
   3.2553600e-02   9.4887401e-01
   3.2960000e-02   9.5009130e-01
   3.3367200e-02   9.5191722e-01
   3.3774400e-02   9.5313451e-01
   3.4180800e-02   9.5435180e-01
   3.4588000e-02   9.5678637e-01
   3.4995200e-02   9.5861229e-01
   3.5401600e-02   9.6043822e-01
   3.5808800e-02   9.6165551e-01
   3.6216000e-02   9.6469872e-01
   3.6622400e-02   9.6530736e-01
   3.7436000e-02   9.6713329e-01
   3.7843200e-02   9.6895922e-01
   3.8250400e-02   9.7017651e-01
   3.8657600e-02   9.7078515e-01
   3.9064000e-02   9.7261108e-01
   3.9877600e-02   9.7443701e-01
   4.1098400e-02   9.7565429e-01
   4.1912800e-02   9.7626293e-01
   4.2319200e-02   9.7687158e-01
   4.2726400e-02   9.7748022e-01
   4.3540000e-02   9.7808886e-01
   4.4353600e-02   9.7869750e-01
   4.5574400e-02   9.7930615e-01
   4.5981600e-02   9.7991479e-01
   4.6388800e-02   9.8113208e-01
   4.6795200e-02   9.8174072e-01
   4.9236800e-02   9.8234936e-01
   5.0457600e-02   9.8295800e-01
   5.1271200e-02   9.8356665e-01
   5.2492000e-02   9.8417529e-01
   5.3712800e-02   9.8478393e-01
   5.6154400e-02   9.8600122e-01
   5.6968800e-02   9.8721850e-01
   5.7782400e-02   9.8782715e-01
   5.8188800e-02   9.8904443e-01
   5.8596000e-02   9.8965307e-01
   5.9003200e-02   9.9087036e-01
   5.9409600e-02   9.9147900e-01
   6.1444800e-02   9.9330493e-01
   6.2258400e-02   9.9391357e-01
   6.6734400e-02   9.9452222e-01
   6.7955200e-02   9.9513086e-01
   7.2838400e-02   9.9573950e-01
   7.3652000e-02   9.9634814e-01
   8.0162400e-02   9.9695679e-01
   8.1383200e-02   9.9756543e-01
   8.3824800e-02   9.9817407e-01
   8.7080000e-02   9.9878271e-01
   1.0498480e-01   9.9939136e-01
   1.2410960e-01   1.0000000e+00
