   8.6173084e-03   0.0000000e+00
   8.6173084e-03   1.4492754e-02
   9.9312951e-03   2.8985507e-02
   1.0973814e-02   4.3478261e-02
   1.2127406e-02   5.7971014e-02
   1.3446342e-02   7.2463768e-02
   1.5162340e-02   8.6956522e-02
   1.5429445e-02   1.0144928e-01
   1.6111762e-02   1.1594203e-01
   1.6573889e-02   1.3043478e-01
   1.6893881e-02   1.4492754e-01
   1.7465252e-02   1.5942029e-01
   1.7479685e-02   1.7391304e-01
   1.7719842e-02   1.8840580e-01
   1.8607436e-02   2.0289855e-01
   1.9829632e-02   2.1739130e-01
   2.0473524e-02   2.3188406e-01
   2.0812313e-02   2.4637681e-01
   2.2578761e-02   2.6086957e-01
   2.3711606e-02   2.7536232e-01
   2.3798748e-02   2.8985507e-01
   2.4323038e-02   3.0434783e-01
   2.5443224e-02   3.1884058e-01
   2.6460831e-02   3.3333333e-01
   2.6729467e-02   3.4782609e-01
   2.6889622e-02   3.6231884e-01
   2.7192226e-02   3.7681159e-01
   2.7235464e-02   3.9130435e-01
   2.7495036e-02   4.0579710e-01
   2.7730841e-02   4.2028986e-01
   2.8566578e-02   4.3478261e-01
   2.9592885e-02   4.4927536e-01
   3.1279385e-02   4.6376812e-01
   3.2677619e-02   4.7826087e-01
   3.2765269e-02   4.9275362e-01
   3.3823885e-02   5.0724638e-01
   3.4371924e-02   5.2173913e-01
   4.4283201e-02   5.3623188e-01
   4.4464727e-02   5.5072464e-01
   4.4853009e-02   5.6521739e-01
   4.8076447e-02   5.7971014e-01
   5.0421601e-02   5.9420290e-01
   5.4572382e-02   6.0869565e-01
   5.4835015e-02   6.2318841e-01
   5.5253997e-02   6.3768116e-01
   5.5956022e-02   6.5217391e-01
   5.8003048e-02   6.6666667e-01
   5.8501111e-02   6.8115942e-01
   5.9726354e-02   6.9565217e-01
   6.0281465e-02   7.1014493e-01
   6.2851492e-02   7.2463768e-01
   6.3005038e-02   7.3913043e-01
   6.7566367e-02   7.5362319e-01
   6.8816656e-02   7.6811594e-01
   6.9966010e-02   7.8260870e-01
   7.7047355e-02   7.9710145e-01
   7.8348868e-02   8.1159420e-01
   7.9463185e-02   8.2608696e-01
   8.5059917e-02   8.4057971e-01
   8.5977815e-02   8.5507246e-01
   9.0490169e-02   8.6956522e-01
   9.2253742e-02   8.8405797e-01
   9.5943737e-02   8.9855072e-01
   9.7261457e-02   9.1304348e-01
   1.0144228e-01   9.2753623e-01
   1.0235436e-01   9.4202899e-01
   1.0273588e-01   9.5652174e-01
   1.4271104e-01   9.7101449e-01
   1.7330162e-01   9.8550725e-01
   2.3072043e-01   1.0000000e+00
