   3.5640000e-03   0.0000000e+00
   3.5640000e-03   3.8022814e-03
   3.9600000e-03   1.5209125e-02
   4.7528000e-03   2.2813688e-02
   5.1488000e-03   2.6615970e-02
   5.5448000e-03   3.0418251e-02
   5.9408000e-03   4.5627376e-02
   6.7328000e-03   4.9429658e-02
   7.1288000e-03   5.7034221e-02
   7.5248000e-03   6.4638783e-02
   7.9208000e-03   7.2243346e-02
   8.3168000e-03   7.6045627e-02
   8.7128000e-03   8.7452471e-02
   9.1088000e-03   9.8859316e-02
   9.5048000e-03   1.0266160e-01
   9.9008000e-03   1.0646388e-01
   1.0692800e-02   1.2167300e-01
   1.1088800e-02   1.3307985e-01
   1.1484800e-02   1.4448669e-01
   1.2277600e-02   1.5969582e-01
   1.2673600e-02   1.7110266e-01
   1.3069600e-02   1.8631179e-01
   1.3465600e-02   2.0152091e-01
   1.3861600e-02   2.0912548e-01
   1.4257600e-02   2.2053232e-01
   1.4653600e-02   2.3193916e-01
   1.5049600e-02   2.4714829e-01
   1.5445600e-02   2.5855513e-01
   1.5841600e-02   2.6615970e-01
   1.6237600e-02   2.8517110e-01
   1.6633600e-02   3.0798479e-01
   1.7029600e-02   3.1558935e-01
   1.7425600e-02   3.3460076e-01
   1.7821600e-02   3.3840304e-01
   1.8217600e-02   3.5361217e-01
   1.8613600e-02   3.6121673e-01
   1.9009600e-02   3.6501901e-01
   1.9405600e-02   3.7262357e-01
   1.9802400e-02   3.7642586e-01
   2.0197600e-02   4.0304183e-01
   2.0594400e-02   4.0684411e-01
   2.0990400e-02   4.2205323e-01
   2.1386400e-02   4.2965779e-01
   2.1782400e-02   4.3346008e-01
   2.2178400e-02   4.6007605e-01
   2.2574400e-02   4.6768061e-01
   2.2970400e-02   4.7148289e-01
   2.3366400e-02   4.7908745e-01
   2.4158400e-02   4.9049430e-01
   2.4554400e-02   5.0190114e-01
   2.4950400e-02   5.1711027e-01
   2.5346400e-02   5.3612167e-01
   2.5742400e-02   5.4372624e-01
   2.6138400e-02   5.5513308e-01
   2.6930400e-02   5.6273764e-01
   2.7326400e-02   5.8555133e-01
   2.7722400e-02   5.9315589e-01
   2.8515200e-02   6.0836502e-01
   2.8911200e-02   6.1596958e-01
   2.9307200e-02   6.2737643e-01
   2.9703200e-02   6.3878327e-01
   3.0099200e-02   6.5019011e-01
   3.0495200e-02   6.6539924e-01
   3.0891200e-02   6.6920152e-01
   3.1287200e-02   6.7680608e-01
   3.1683200e-02   6.8821293e-01
   3.2079200e-02   6.9201521e-01
   3.2475200e-02   6.9961977e-01
   3.2871200e-02   7.0342205e-01
   3.3663200e-02   7.1102662e-01
   3.4455200e-02   7.1863118e-01
   3.4851200e-02   7.2623574e-01
   3.5247200e-02   7.3003802e-01
   3.6832000e-02   7.4524715e-01
   3.7624000e-02   7.6045627e-01
   3.8020000e-02   7.6806084e-01
   3.8416000e-02   7.7186312e-01
   3.8812000e-02   7.7946768e-01
   3.9208000e-02   7.8326996e-01
   4.0000000e-02   7.8707224e-01
   4.0792000e-02   7.9467681e-01
   4.1188000e-02   7.9847909e-01
   4.1584000e-02   8.0228137e-01
   4.3564000e-02   8.0988593e-01
   4.3960000e-02   8.1368821e-01
   4.4752800e-02   8.2129278e-01
   4.5544800e-02   8.2509506e-01
   4.6732800e-02   8.3269962e-01
   4.7524800e-02   8.4030418e-01
   4.8712800e-02   8.4410646e-01
   4.9108800e-02   8.6692015e-01
   4.9504800e-02   8.7072243e-01
   4.9900800e-02   8.7832700e-01
   5.0692800e-02   8.8212928e-01
   5.1088800e-02   8.8973384e-01
   5.2277600e-02   8.9353612e-01
   5.2673600e-02   8.9733840e-01
   5.4257600e-02   9.0114068e-01
   5.4653600e-02   9.0494297e-01
   5.6633600e-02   9.0874525e-01
   5.7425600e-02   9.1254753e-01
   5.8613600e-02   9.1634981e-01
   5.9009600e-02   9.2015209e-01
   6.1386400e-02   9.2395437e-01
   6.1782400e-02   9.2775665e-01
   6.3366400e-02   9.3155894e-01
   6.4158400e-02   9.3536122e-01
   6.4950400e-02   9.4296578e-01
   6.5346400e-02   9.4676806e-01
   6.7326400e-02   9.5437262e-01
   6.9703200e-02   9.5817490e-01
   7.4455200e-02   9.6197719e-01
   7.7624000e-02   9.6577947e-01
   7.8020000e-02   9.6958175e-01
   7.9208000e-02   9.7338403e-01
   8.1584000e-02   9.7718631e-01
   8.2376000e-02   9.8098859e-01
   8.9900800e-02   9.8479087e-01
   9.5049600e-02   9.8859316e-01
   1.0059440e-01   9.9239544e-01
   1.1524720e-01   9.9619772e-01
   1.5762400e-01   1.0000000e+00
