   2.7720000e-03   0.0000000e+00
   2.7720000e-03   5.0632911e-03
   3.5640000e-03   1.0126582e-02
   3.9600000e-03   1.2658228e-02
   4.3568000e-03   2.7848101e-02
   4.7528000e-03   4.3037975e-02
   5.1488000e-03   6.3291139e-02
   5.5448000e-03   7.8481013e-02
   5.9408000e-03   1.0126582e-01
   6.3368000e-03   1.3670886e-01
   6.7328000e-03   1.5949367e-01
   7.1288000e-03   1.7468354e-01
   7.5248000e-03   2.1265823e-01
   7.9208000e-03   2.2025316e-01
   8.3168000e-03   2.3544304e-01
   8.7128000e-03   2.7594937e-01
   9.1088000e-03   2.8860759e-01
   9.5048000e-03   3.0379747e-01
   9.9008000e-03   3.4177215e-01
   1.0296800e-02   3.5189873e-01
   1.0692800e-02   3.6962025e-01
   1.1088800e-02   3.9493671e-01
   1.1484800e-02   4.1012658e-01
   1.1881600e-02   4.1772152e-01
   1.2277600e-02   4.2531646e-01
   1.2673600e-02   4.3544304e-01
   1.3069600e-02   4.4050633e-01
   1.3465600e-02   4.5063291e-01
   1.3861600e-02   4.6582278e-01
   1.4257600e-02   4.7341772e-01
   1.4653600e-02   4.8354430e-01
   1.5049600e-02   5.0126582e-01
   1.5445600e-02   5.1139241e-01
   1.5841600e-02   5.2151899e-01
   1.6237600e-02   5.3417722e-01
   1.6633600e-02   5.3670886e-01
   1.7029600e-02   5.3924051e-01
   1.7425600e-02   5.4936709e-01
   1.7821600e-02   5.5443038e-01
   1.8217600e-02   5.5949367e-01
   1.8613600e-02   5.6962025e-01
   1.9009600e-02   5.7215190e-01
   1.9405600e-02   5.7974684e-01
   2.0197600e-02   5.8734177e-01
   2.0594400e-02   5.8987342e-01
   2.1386400e-02   5.9493671e-01
   2.1782400e-02   6.0253165e-01
   2.2178400e-02   6.1265823e-01
   2.2574400e-02   6.1518987e-01
   2.2970400e-02   6.2025316e-01
   2.3366400e-02   6.2531646e-01
   2.3762400e-02   6.3291139e-01
   2.4158400e-02   6.3544304e-01
   2.4950400e-02   6.4050633e-01
   2.5346400e-02   6.4303797e-01
   2.5742400e-02   6.4810127e-01
   2.6138400e-02   6.5063291e-01
   2.6534400e-02   6.5569620e-01
   2.6930400e-02   6.5822785e-01
   2.8118400e-02   6.6329114e-01
   2.8515200e-02   6.6582278e-01
   2.8911200e-02   6.6835443e-01
   2.9307200e-02   6.7088608e-01
   3.0099200e-02   6.7594937e-01
   3.0495200e-02   6.8354430e-01
   3.0891200e-02   6.8607595e-01
   3.1287200e-02   6.9113924e-01
   3.1683200e-02   6.9367089e-01
   3.2079200e-02   6.9873418e-01
   3.2475200e-02   7.0126582e-01
   3.3663200e-02   7.0379747e-01
   3.4059200e-02   7.0632911e-01
   3.4455200e-02   7.1392405e-01
   3.4851200e-02   7.2151899e-01
   3.5247200e-02   7.3164557e-01
   3.5643200e-02   7.3924051e-01
   3.6039200e-02   7.4177215e-01
   3.6436000e-02   7.4683544e-01
   3.6832000e-02   7.5696203e-01
   3.7624000e-02   7.6202532e-01
   3.8812000e-02   7.6455696e-01
   3.9208000e-02   7.6962025e-01
   4.0000000e-02   7.7215190e-01
   4.0396000e-02   7.7468354e-01
   4.0792000e-02   7.7974684e-01
   4.1188000e-02   7.8227848e-01
   4.1584000e-02   7.8481013e-01
   4.3960000e-02   7.9240506e-01
   4.4752800e-02   7.9493671e-01
   4.5148800e-02   7.9746835e-01
   4.6336800e-02   8.0000000e-01
   4.6732800e-02   8.0253165e-01
   4.7128800e-02   8.0506329e-01
   4.7524800e-02   8.0759494e-01
   4.7920800e-02   8.1265823e-01
   4.9108800e-02   8.1518987e-01
   4.9504800e-02   8.1772152e-01
   4.9900800e-02   8.2278481e-01
   5.0692800e-02   8.2784810e-01
   5.1881600e-02   8.3037975e-01
   5.3069600e-02   8.3544304e-01
   5.3861600e-02   8.3797468e-01
   5.4653600e-02   8.4050633e-01
   5.5049600e-02   8.4303797e-01
   5.5841600e-02   8.4810127e-01
   5.6237600e-02   8.5063291e-01
   5.7029600e-02   8.5822785e-01
   5.7425600e-02   8.6075949e-01
   5.9801600e-02   8.6329114e-01
   6.0594400e-02   8.6582278e-01
   6.1386400e-02   8.6835443e-01
   6.2178400e-02   8.7088608e-01
   6.3762400e-02   8.7594937e-01
   6.4158400e-02   8.7848101e-01
   6.4950400e-02   8.8101266e-01
   6.6534400e-02   8.8607595e-01
   6.6930400e-02   8.8860759e-01
   6.7326400e-02   8.9367089e-01
   6.9703200e-02   8.9620253e-01
   7.2475200e-02   9.0126582e-01
   7.3267200e-02   9.0379747e-01
   7.3663200e-02   9.0886076e-01
   7.4059200e-02   9.1139241e-01
   7.4851200e-02   9.1392405e-01
   7.5643200e-02   9.1898734e-01
   7.6039200e-02   9.2151899e-01
   7.6832000e-02   9.2405063e-01
   7.8812000e-02   9.2658228e-01
   8.0000000e-02   9.2911392e-01
   8.0396000e-02   9.3164557e-01
   8.2376000e-02   9.3924051e-01
   8.3168000e-02   9.4177215e-01
   8.3960000e-02   9.4430380e-01
   8.5148800e-02   9.4936709e-01
   8.6336800e-02   9.5189873e-01
   8.8712800e-02   9.5443038e-01
   8.9504800e-02   9.5696203e-01
   9.7425600e-02   9.6202532e-01
   9.9405600e-02   9.6455696e-01
   1.0019840e-01   9.6708861e-01
   1.0059440e-01   9.6962025e-01
   1.0653440e-01   9.7215190e-01
   1.1128720e-01   9.7468354e-01
   1.1524720e-01   9.7721519e-01
   1.2039600e-01   9.7974684e-01
   1.2514880e-01   9.8227848e-01
   1.2594080e-01   9.8481013e-01
   1.3742560e-01   9.8734177e-01
   1.4297040e-01   9.8987342e-01
   1.4574240e-01   9.9240506e-01
   1.5009920e-01   9.9493671e-01
   1.5722800e-01   9.9746835e-01
   2.1940560e-01   1.0000000e+00
