   2.5672000e-03   0.0000000e+00
   2.5672000e-03   1.0816658e-03
   2.9944000e-03   2.1633315e-03
   3.4224000e-03   7.5716604e-03
   3.8504000e-03   1.3520822e-02
   4.2784000e-03   1.7306652e-02
   4.7056000e-03   4.8674959e-02
   5.1336000e-03   6.8685776e-02
   5.5616000e-03   1.0492158e-01
   5.9896000e-03   1.5197404e-01
   6.4168000e-03   1.9469984e-01
   6.8448000e-03   2.4121147e-01
   7.2728000e-03   2.8447810e-01
   7.7008000e-03   3.1314224e-01
   8.1280000e-03   3.5694970e-01
   8.5560000e-03   3.8615468e-01
   8.9840000e-03   4.1698215e-01
   9.4120000e-03   4.5267712e-01
   9.8392000e-03   4.7214711e-01
   1.0267200e-02   4.9918875e-01
   1.0695200e-02   5.3001622e-01
   1.1123200e-02   5.4570038e-01
   1.1550400e-02   5.7111952e-01
   1.1978400e-02   5.8950784e-01
   1.2406400e-02   6.1005949e-01
   1.2834400e-02   6.3439697e-01
   1.3261600e-02   6.5332612e-01
   1.3689600e-02   6.7171444e-01
   1.4117600e-02   6.9821525e-01
   1.4545600e-02   7.1227691e-01
   1.4973600e-02   7.2958356e-01
   1.5400800e-02   7.4797188e-01
   1.5828800e-02   7.6365603e-01
   1.6256800e-02   7.7879935e-01
   1.6684800e-02   7.8853434e-01
   1.7112000e-02   7.9826933e-01
   1.7540000e-02   8.1611682e-01
   1.7968000e-02   8.3071931e-01
   1.8396000e-02   8.3612764e-01
   1.8823200e-02   8.4694429e-01
   1.9251200e-02   8.5289346e-01
   1.9679200e-02   8.6046512e-01
   2.0107200e-02   8.7128177e-01
   2.0534400e-02   8.7669010e-01
   2.0962400e-02   8.8534343e-01
   2.1390400e-02   8.9561925e-01
   2.1818400e-02   8.9724175e-01
   2.2245600e-02   9.0319091e-01
   2.2673600e-02   9.0643591e-01
   2.3101600e-02   9.0914008e-01
   2.3529600e-02   9.1617090e-01
   2.3957600e-02   9.1995673e-01
   2.4384800e-02   9.2374256e-01
   2.4812800e-02   9.2698756e-01
   2.5240800e-02   9.3023256e-01
   2.5668800e-02   9.3401839e-01
   2.6096000e-02   9.3834505e-01
   2.6524000e-02   9.4050838e-01
   2.6952000e-02   9.4483505e-01
   2.7380000e-02   9.4753921e-01
   2.7807200e-02   9.4862088e-01
   2.8235200e-02   9.5348837e-01
   2.8663200e-02   9.5565170e-01
   2.9091200e-02   9.5727420e-01
   2.9518400e-02   9.5889670e-01
   2.9946400e-02   9.5997837e-01
   3.0374400e-02   9.6106003e-01
   3.0802400e-02   9.6322336e-01
   3.1229600e-02   9.6484586e-01
   3.1657600e-02   9.6700919e-01
   3.2513600e-02   9.6755003e-01
   3.2940800e-02   9.6809086e-01
   3.3368800e-02   9.6917253e-01
   3.3796800e-02   9.6971336e-01
   3.4224800e-02   9.7133586e-01
   3.4652000e-02   9.7295836e-01
   3.5080000e-02   9.7404002e-01
   3.5936000e-02   9.7512169e-01
   3.6364000e-02   9.7566252e-01
   3.7647200e-02   9.7620335e-01
   3.8502400e-02   9.7728502e-01
   3.8930400e-02   9.7782585e-01
   3.9786400e-02   9.7836668e-01
   4.0213600e-02   9.7944835e-01
   4.1069600e-02   9.8161168e-01
   4.1497600e-02   9.8323418e-01
   4.1924800e-02   9.8377501e-01
   4.2352800e-02   9.8485668e-01
   4.2780800e-02   9.8539751e-01
   4.3636000e-02   9.8647918e-01
   4.5775200e-02   9.8756084e-01
   4.7059200e-02   9.8810168e-01
   4.7914400e-02   9.8918334e-01
   4.8342400e-02   9.9080584e-01
   4.9197600e-02   9.9134667e-01
   4.9625600e-02   9.9242834e-01
   5.0053600e-02   9.9351001e-01
   5.0908800e-02   9.9405084e-01
   5.2620000e-02   9.9459167e-01
   5.4331200e-02   9.9513250e-01
   5.7326400e-02   9.9567334e-01
   5.7754400e-02   9.9675500e-01
   5.8609600e-02   9.9729584e-01
   6.5882400e-02   9.9783667e-01
   7.7005600e-02   9.9837750e-01
   8.1283200e-02   9.9891833e-01
   1.2449200e-01   9.9945917e-01
   1.7112320e-01   1.0000000e+00
