   7.2800000e-03   0.0000000e+00
   7.2800000e-03   1.2195122e-02
   1.0920000e-02   2.4390244e-02
   1.2133600e-02   3.6585366e-02
   1.2942400e-02   6.0975610e-02
   1.3347200e-02   7.3170732e-02
   1.3751200e-02   8.5365854e-02
   1.4156000e-02   9.7560976e-02
   1.5773600e-02   1.2195122e-01
   1.6177600e-02   1.3414634e-01
   1.7391200e-02   1.4634146e-01
   1.7796000e-02   1.5853659e-01
   1.8604800e-02   1.7073171e-01
   1.9413600e-02   1.8292683e-01
   2.0627200e-02   1.9512195e-01
   2.1031200e-02   2.3170732e-01
   2.2244800e-02   2.4390244e-01
   2.3053600e-02   2.5609756e-01
   2.5480000e-02   2.6829268e-01
   2.5884800e-02   2.8048780e-01
   2.6289600e-02   3.0487805e-01
   2.6693600e-02   3.1707317e-01
   2.7907200e-02   3.2926829e-01
   2.8716000e-02   3.4146341e-01
   2.9524800e-02   3.6585366e-01
   3.0333600e-02   3.9024390e-01
   3.0738400e-02   4.1463415e-01
   3.1142400e-02   4.2682927e-01
   3.1951200e-02   4.6341463e-01
   3.2760800e-02   4.7560976e-01
   3.3973600e-02   5.0000000e-01
   3.4782400e-02   5.1219512e-01
   3.5996000e-02   5.2439024e-01
   3.6804800e-02   5.4878049e-01
   3.8827200e-02   5.7317073e-01
   3.9231200e-02   5.9756098e-01
   4.0040800e-02   6.0975610e-01
   4.1658400e-02   6.2195122e-01
   4.2062400e-02   6.3414634e-01
   4.4084800e-02   6.4634146e-01
   4.5702400e-02   6.5853659e-01
   4.6107200e-02   6.7073171e-01
   4.6511200e-02   6.8292683e-01
   4.6916000e-02   6.9512195e-01
   4.7724800e-02   7.0731707e-01
   4.8533600e-02   7.3170732e-01
   5.0152000e-02   7.4390244e-01
   5.0556000e-02   7.5609756e-01
   5.0960800e-02   7.6829268e-01
   5.2578400e-02   7.9268293e-01
   5.2982400e-02   8.0487805e-01
   5.4600800e-02   8.1707317e-01
   5.5813600e-02   8.4146341e-01
   5.6623200e-02   8.5365854e-01
   5.7432000e-02   8.6585366e-01
   6.0263200e-02   8.7804878e-01
   6.2689600e-02   8.9024390e-01
   6.5116000e-02   9.1463415e-01
   6.9969600e-02   9.2682927e-01
   7.8463200e-02   9.5121951e-01
   8.1294400e-02   9.6341463e-01
   8.2507200e-02   9.7560976e-01
   1.0879680e-01   9.8780488e-01
   1.9979760e-01   1.0000000e+00
