   3.2824000e-03   0.0000000e+00
   3.2824000e-03   9.3457944e-03
   4.1024000e-03   2.8037383e-02
   4.5128000e-03   4.6728972e-02
   4.9232000e-03   5.6074766e-02
   5.3336000e-03   6.5420561e-02
   5.7432000e-03   1.0280374e-01
   6.1536000e-03   1.4953271e-01
   6.5640000e-03   1.6822430e-01
   6.9744000e-03   1.9626168e-01
   7.3848000e-03   2.6168224e-01
   7.7952000e-03   2.8971963e-01
   8.2048000e-03   3.3644860e-01
   8.6152000e-03   3.8317757e-01
   9.0256000e-03   4.2056075e-01
   9.4360000e-03   4.5794393e-01
   9.8464000e-03   5.0467290e-01
   1.0666400e-02   5.5140187e-01
   1.1076800e-02   5.7943925e-01
   1.1487200e-02   6.0747664e-01
   1.1897600e-02   6.3551402e-01
   1.2308000e-02   6.5420561e-01
   1.2717600e-02   6.6355140e-01
   1.3128000e-02   7.1028037e-01
   1.3538400e-02   7.2897196e-01
   1.3948800e-02   7.6635514e-01
   1.4359200e-02   7.8504673e-01
   1.5179200e-02   8.0373832e-01
   1.6000000e-02   8.2242991e-01
   1.6410400e-02   8.3177570e-01
   1.6820800e-02   8.4112150e-01
   1.7230400e-02   8.5046729e-01
   1.7640800e-02   8.5981308e-01
   1.8051200e-02   8.6915888e-01
   1.8461600e-02   8.7850467e-01
   1.9282400e-02   8.8785047e-01
   1.9692000e-02   8.9719626e-01
   2.1333600e-02   9.0654206e-01
   2.1743200e-02   9.1588785e-01
   2.3384800e-02   9.2523364e-01
   2.3795200e-02   9.3457944e-01
   2.5436000e-02   9.4392523e-01
   2.5846400e-02   9.5327103e-01
   2.6666400e-02   9.6261682e-01
   3.2410400e-02   9.7196262e-01
   4.4308000e-02   9.8130841e-01
   5.2102400e-02   9.9065421e-01
   9.1487200e-02   1.0000000e+00
