   5.7789649e-03   0.0000000e+00
   5.7789649e-03   6.2893082e-03
   7.6238817e-03   1.2578616e-02
   7.7136138e-03   2.5157233e-02
   8.0217270e-03   3.1446541e-02
   8.6126421e-03   3.7735849e-02
   8.7627959e-03   4.4025157e-02
   9.0364173e-03   5.0314465e-02
   9.0487957e-03   5.6603774e-02
   9.0591811e-03   6.2893082e-02
   9.3620614e-03   6.9182390e-02
   9.4473179e-03   7.5471698e-02
   9.5174059e-03   8.1761006e-02
   9.6651021e-03   8.8050314e-02
   9.9207606e-03   9.4339623e-02
   9.9863610e-03   1.0062893e-01
   1.0178541e-02   1.0691824e-01
   1.0205407e-02   1.1320755e-01
   1.0315111e-02   1.1949686e-01
   1.0370020e-02   1.2578616e-01
   1.0555037e-02   1.3836478e-01
   1.0802360e-02   1.4465409e-01
   1.0883191e-02   1.5094340e-01
   1.1006945e-02   1.5723270e-01
   1.1013073e-02   1.6981132e-01
   1.1108389e-02   1.7610063e-01
   1.1371255e-02   1.8238994e-01
   1.1397899e-02   1.8867925e-01
   1.1577518e-02   1.9496855e-01
   1.1587713e-02   2.0125786e-01
   1.2410010e-02   2.0754717e-01
   1.2455682e-02   2.1383648e-01
   1.2762676e-02   2.2012579e-01
   1.2774604e-02   2.2641509e-01
   1.2828291e-02   2.3899371e-01
   1.3056548e-02   2.4528302e-01
   1.3554588e-02   2.5157233e-01
   1.3571388e-02   2.5786164e-01
   1.3598253e-02   2.6415094e-01
   1.4088172e-02   2.7044025e-01
   1.4132689e-02   2.7672956e-01
   1.4214069e-02   2.8301887e-01
   1.4228529e-02   2.8930818e-01
   1.4428223e-02   3.0188679e-01
   1.4651803e-02   3.0817610e-01
   1.5335389e-02   3.1446541e-01
   1.5604377e-02   3.2075472e-01
   1.5737364e-02   3.2704403e-01
   1.5821998e-02   3.3333333e-01
   1.6487988e-02   3.3962264e-01
   1.6657524e-02   3.4591195e-01
   1.6694939e-02   3.5220126e-01
   1.6751882e-02   3.5849057e-01
   1.6770652e-02   3.6477987e-01
   1.7225125e-02   3.7106918e-01
   1.7586769e-02   3.7735849e-01
   1.7792354e-02   3.8364780e-01
   1.8086685e-02   3.9622642e-01
   1.8398517e-02   4.0251572e-01
   1.8636818e-02   4.0880503e-01
   1.8704795e-02   4.1509434e-01
   1.8736197e-02   4.2138365e-01
   1.8761907e-02   4.2767296e-01
   1.8920194e-02   4.3396226e-01
   1.9237301e-02   4.4025157e-01
   1.9262202e-02   4.4654088e-01
   1.9377612e-02   4.5283019e-01
   1.9534624e-02   4.5911950e-01
   1.9617471e-02   4.6540881e-01
   1.9800129e-02   4.7169811e-01
   2.0051007e-02   4.7798742e-01
   2.0467462e-02   4.8427673e-01
   2.0636216e-02   4.9056604e-01
   2.1418327e-02   4.9685535e-01
   2.1462575e-02   5.0314465e-01
   2.1604720e-02   5.0943396e-01
   2.2070718e-02   5.1572327e-01
   2.2492055e-02   5.2201258e-01
   2.2905328e-02   5.3459119e-01
   2.2927700e-02   5.4088050e-01
   2.3140332e-02   5.4716981e-01
   2.3198277e-02   5.5345912e-01
   2.3280785e-02   5.5974843e-01
   2.3469289e-02   5.6603774e-01
   2.4076861e-02   5.7232704e-01
   2.4273270e-02   5.7861635e-01
   2.4276875e-02   5.8490566e-01
   2.4385672e-02   5.9119497e-01
   2.4391800e-02   5.9748428e-01
   2.4844811e-02   6.0377358e-01
   2.6077109e-02   6.1006289e-01
   2.6346945e-02   6.1635220e-01
   2.7410723e-02   6.2264151e-01
   2.8368269e-02   6.2893082e-01
   2.9056441e-02   6.3522013e-01
   2.9086789e-02   6.4150943e-01
   2.9809828e-02   6.4779874e-01
   3.0369993e-02   6.5408805e-01
   3.0480018e-02   6.6037736e-01
   3.0527751e-02   6.6666667e-01
   3.1063054e-02   6.7295597e-01
   3.1522715e-02   6.7924528e-01
   3.1687182e-02   6.8553459e-01
   3.1907366e-02   6.9182390e-01
   3.2014189e-02   7.0440252e-01
   3.2035374e-02   7.1069182e-01
   3.2346368e-02   7.1698113e-01
   3.2604077e-02   7.2327044e-01
   3.2632829e-02   7.2955975e-01
   3.3603436e-02   7.3584906e-01
   3.4059041e-02   7.4213836e-01
   3.4732843e-02   7.4842767e-01
   3.5017686e-02   7.5471698e-01
   3.5399136e-02   7.6100629e-01
   3.6624090e-02   7.6729560e-01
   3.7031338e-02   7.7358491e-01
   3.7191425e-02   7.7987421e-01
   3.9053109e-02   7.8616352e-01
   3.9989155e-02   7.9245283e-01
   4.0435690e-02   7.9874214e-01
   4.0668189e-02   8.0503145e-01
   4.2161336e-02   8.1132075e-01
   4.4023689e-02   8.1761006e-01
   4.5332211e-02   8.2389937e-01
   4.5635015e-02   8.3018868e-01
   4.5802032e-02   8.3647799e-01
   4.6096541e-02   8.4276730e-01
   4.7171731e-02   8.4905660e-01
   4.8596184e-02   8.5534591e-01
   4.9017540e-02   8.6163522e-01
   4.9723075e-02   8.6792453e-01
   5.0035078e-02   8.7421384e-01
   5.1516503e-02   8.8050314e-01
   5.2604748e-02   8.8679245e-01
   5.4083536e-02   8.9308176e-01
   5.4401242e-02   8.9937107e-01
   5.4718719e-02   9.0566038e-01
   5.7115829e-02   9.1194969e-01
   5.8719961e-02   9.1823899e-01
   6.2011981e-02   9.2452830e-01
   6.3815265e-02   9.3081761e-01
   6.5033629e-02   9.3710692e-01
   6.7089144e-02   9.4339623e-01
   6.7363297e-02   9.4968553e-01
   6.8829635e-02   9.5597484e-01
   7.0377992e-02   9.6226415e-01
   7.1136501e-02   9.6855346e-01
   7.6087470e-02   9.7484277e-01
   8.1591174e-02   9.8113208e-01
   9.2081454e-02   9.8742138e-01
   1.0963276e-01   9.9371069e-01
   2.2622187e-01   1.0000000e+00
