   5.9124745e-03   0.0000000e+00
   5.9124745e-03   6.6225166e-03
   6.2734832e-03   9.9337748e-03
   6.3502866e-03   1.3245033e-02
   6.4319312e-03   2.3178808e-02
   7.3401877e-03   2.6490066e-02
   7.3867954e-03   2.9801325e-02
   7.4995313e-03   3.3112583e-02
   7.7588910e-03   3.6423841e-02
   7.9288387e-03   3.9735099e-02
   8.1881855e-03   4.3046358e-02
   8.2259494e-03   4.6357616e-02
   8.3138631e-03   5.2980132e-02
   8.4269960e-03   5.6291391e-02
   8.4593448e-03   5.9602649e-02
   8.7584224e-03   6.2913907e-02
   8.8617075e-03   6.6225166e-02
   9.0749507e-03   6.9536424e-02
   9.2780536e-03   7.2847682e-02
   9.2983134e-03   7.6158940e-02
   9.3106355e-03   7.9470199e-02
   9.3337799e-03   8.6092715e-02
   9.4353736e-03   8.9403974e-02
   9.5559833e-03   9.9337748e-02
   9.6421561e-03   1.0264901e-01
   9.6544696e-03   1.0596026e-01
   9.8234451e-03   1.0927152e-01
   9.8378365e-03   1.1258278e-01
   9.8539754e-03   1.1589404e-01
   9.8827484e-03   1.1920530e-01
   9.9583919e-03   1.2251656e-01
   1.0100374e-02   1.2913907e-01
   1.0130881e-02   1.3245033e-01
   1.0186253e-02   1.3576159e-01
   1.0195877e-02   1.3907285e-01
   1.0421993e-02   1.4238411e-01
   1.0432313e-02   1.4569536e-01
   1.0477256e-02   1.4900662e-01
   1.0608747e-02   1.5231788e-01
   1.0667764e-02   1.5562914e-01
   1.0740298e-02   1.5894040e-01
   1.0755402e-02   1.6225166e-01
   1.0923309e-02   1.6556291e-01
   1.0981281e-02   1.6887417e-01
   1.1022809e-02   1.7218543e-01
   1.1054822e-02   1.7549669e-01
   1.1195060e-02   1.7880795e-01
   1.1208328e-02   1.8543046e-01
   1.1432534e-02   1.8874172e-01
   1.1461623e-02   1.9205298e-01
   1.1482605e-02   1.9536424e-01
   1.1529716e-02   2.0198675e-01
   1.1638758e-02   2.0529801e-01
   1.1702009e-02   2.0860927e-01
   1.1742643e-02   2.1192053e-01
   1.1791862e-02   2.1523179e-01
   1.1837384e-02   2.2516556e-01
   1.2037430e-02   2.2847682e-01
   1.2078684e-02   2.3178808e-01
   1.2290349e-02   2.3509934e-01
   1.2322803e-02   2.3841060e-01
   1.2329362e-02   2.4172185e-01
   1.2370490e-02   2.4503311e-01
   1.2578659e-02   2.4834437e-01
   1.2579428e-02   2.5165563e-01
   1.2628249e-02   2.5496689e-01
   1.2677945e-02   2.5827815e-01
   1.2701840e-02   2.6158940e-01
   1.2707650e-02   2.6490066e-01
   1.2834813e-02   2.6821192e-01
   1.2868314e-02   2.7483444e-01
   1.3018615e-02   2.7814570e-01
   1.3035579e-02   2.8145695e-01
   1.3099141e-02   2.8476821e-01
   1.3119236e-02   2.8807947e-01
   1.3424598e-02   2.9139073e-01
   1.3532691e-02   2.9470199e-01
   1.3597502e-02   2.9801325e-01
   1.3670775e-02   3.0132450e-01
   1.3699129e-02   3.0463576e-01
   1.4033356e-02   3.0794702e-01
   1.4063693e-02   3.1125828e-01
   1.4189108e-02   3.1456954e-01
   1.4197035e-02   3.2450331e-01
   1.4463376e-02   3.2781457e-01
   1.4482696e-02   3.3112583e-01
   1.4531462e-02   3.3443709e-01
   1.4734571e-02   3.3774834e-01
   1.4763596e-02   3.4105960e-01
   1.4774146e-02   3.4768212e-01
   1.4824718e-02   3.5099338e-01
   1.5010005e-02   3.5430464e-01
   1.5023313e-02   3.5761589e-01
   1.5093982e-02   3.6092715e-01
   1.5185691e-02   3.6423841e-01
   1.5208067e-02   3.6754967e-01
   1.5280285e-02   3.7086093e-01
   1.5291409e-02   3.7417219e-01
   1.5364533e-02   3.7748344e-01
   1.5423085e-02   3.8079470e-01
   1.5431798e-02   3.8410596e-01
   1.5607930e-02   3.8741722e-01
   1.5857677e-02   3.9403974e-01
   1.5901834e-02   3.9735099e-01
   1.5964305e-02   4.0066225e-01
   1.6645250e-02   4.0397351e-01
   1.6813024e-02   4.0728477e-01
   1.6856190e-02   4.1059603e-01
   1.6909875e-02   4.1390728e-01
   1.6935121e-02   4.1721854e-01
   1.7020655e-02   4.2052980e-01
   1.7148801e-02   4.2384106e-01
   1.7190731e-02   4.2715232e-01
   1.7223903e-02   4.3046358e-01
   1.7300862e-02   4.3708609e-01
   1.7327328e-02   4.4039735e-01
   1.7482295e-02   4.4370861e-01
   1.7498603e-02   4.4701987e-01
   1.7507403e-02   4.5033113e-01
   1.7569623e-02   4.5364238e-01
   1.7636183e-02   4.5695364e-01
   1.7745873e-02   4.6026490e-01
   1.7876228e-02   4.6357616e-01
   1.7941744e-02   4.6688742e-01
   1.8012366e-02   4.7019868e-01
   1.8052397e-02   4.7350993e-01
   1.8118591e-02   4.7682119e-01
   1.8372531e-02   4.8013245e-01
   1.8579505e-02   4.8344371e-01
   1.8622069e-02   4.8675497e-01
   1.8974642e-02   4.9006623e-01
   1.9110840e-02   4.9337748e-01
   1.9132360e-02   4.9668874e-01
   1.9141514e-02   5.0000000e-01
   1.9284689e-02   5.0662252e-01
   1.9284923e-02   5.0993377e-01
   1.9297783e-02   5.1324503e-01
   1.9463484e-02   5.1655629e-01
   1.9474306e-02   5.1986755e-01
   1.9709276e-02   5.2317881e-01
   1.9821452e-02   5.2649007e-01
   1.9833672e-02   5.2980132e-01
   1.9916160e-02   5.3311258e-01
   2.0467488e-02   5.3642384e-01
   2.0484288e-02   5.3973510e-01
   2.0515227e-02   5.4304636e-01
   2.0605523e-02   5.4635762e-01
   2.1140807e-02   5.4966887e-01
   2.1170378e-02   5.5298013e-01
   2.1320271e-02   5.5629139e-01
   2.1440240e-02   5.5960265e-01
   2.1560868e-02   5.6291391e-01
   2.1612350e-02   5.6953642e-01
   2.1659222e-02   5.7284768e-01
   2.1831648e-02   5.7615894e-01
   2.1846618e-02   5.7947020e-01
   2.1875883e-02   5.8609272e-01
   2.1918863e-02   5.9271523e-01
   2.1974806e-02   5.9933775e-01
   2.2128731e-02   6.0264901e-01
   2.2457553e-02   6.0596026e-01
   2.2562438e-02   6.0927152e-01
   2.2658066e-02   6.1258278e-01
   2.2810040e-02   6.1589404e-01
   2.2922704e-02   6.1920530e-01
   2.2933316e-02   6.2251656e-01
   2.2974545e-02   6.2582781e-01
   2.3173816e-02   6.2913907e-01
   2.3202366e-02   6.3245033e-01
   2.4016461e-02   6.3576159e-01
   2.4024429e-02   6.3907285e-01
   2.4065734e-02   6.4569536e-01
   2.4224718e-02   6.4900662e-01
   2.4287596e-02   6.5231788e-01
   2.4296778e-02   6.5894040e-01
   2.4565076e-02   6.6225166e-01
   2.5266070e-02   6.6556291e-01
   2.5378576e-02   6.6887417e-01
   2.5653080e-02   6.7218543e-01
   2.5750579e-02   6.7549669e-01
   2.6182870e-02   6.7880795e-01
   2.6275117e-02   6.8211921e-01
   2.6494671e-02   6.8543046e-01
   2.6708165e-02   6.8874172e-01
   2.6733917e-02   6.9205298e-01
   2.6742981e-02   6.9536424e-01
   2.7050827e-02   6.9867550e-01
   2.7062109e-02   7.0198675e-01
   2.7065997e-02   7.0529801e-01
   2.7287927e-02   7.0860927e-01
   2.7604296e-02   7.1192053e-01
   2.7609840e-02   7.1523179e-01
   2.7919059e-02   7.1854305e-01
   2.8129928e-02   7.2185430e-01
   2.8287600e-02   7.2516556e-01
   2.8604418e-02   7.2847682e-01
   2.9746827e-02   7.3178808e-01
   2.9840073e-02   7.3509934e-01
   2.9956624e-02   7.3841060e-01
   3.0188614e-02   7.4172185e-01
   3.0194643e-02   7.4503311e-01
   3.0406717e-02   7.4834437e-01
   3.0567312e-02   7.5165563e-01
   3.0746840e-02   7.5496689e-01
   3.0833826e-02   7.5827815e-01
   3.1240498e-02   7.6158940e-01
   3.1382583e-02   7.6490066e-01
   3.1519200e-02   7.6821192e-01
   3.1654435e-02   7.7152318e-01
   3.2704402e-02   7.7483444e-01
   3.3094607e-02   7.7814570e-01
   3.3172926e-02   7.8145695e-01
   3.3313337e-02   7.8476821e-01
   3.4111061e-02   7.8807947e-01
   3.4386167e-02   7.9139073e-01
   3.4649232e-02   7.9470199e-01
   3.4988361e-02   7.9801325e-01
   3.5123556e-02   8.0132450e-01
   3.5324058e-02   8.0463576e-01
   3.5981254e-02   8.0794702e-01
   3.6351055e-02   8.1125828e-01
   3.6450076e-02   8.1456954e-01
   3.7552259e-02   8.1788079e-01
   3.7773040e-02   8.2119205e-01
   3.7846315e-02   8.2450331e-01
   3.7860596e-02   8.2781457e-01
   3.7946511e-02   8.3112583e-01
   3.8739202e-02   8.3443709e-01
   3.9021443e-02   8.3774834e-01
   3.9480293e-02   8.4105960e-01
   4.0078658e-02   8.4437086e-01
   4.1511196e-02   8.4768212e-01
   4.1525337e-02   8.5099338e-01
   4.1748150e-02   8.5430464e-01
   4.4140742e-02   8.5761589e-01
   4.4489739e-02   8.6092715e-01
   4.4894963e-02   8.6423841e-01
   4.5586329e-02   8.6754967e-01
   4.6659872e-02   8.7086093e-01
   4.7278740e-02   8.7417219e-01
   4.7409365e-02   8.7748344e-01
   4.7485066e-02   8.8079470e-01
   4.9260251e-02   8.8410596e-01
   5.0252619e-02   8.8741722e-01
   5.3249018e-02   8.9072848e-01
   5.3441939e-02   8.9403974e-01
   5.4941092e-02   8.9735099e-01
   5.5001594e-02   9.0066225e-01
   5.5118477e-02   9.0397351e-01
   5.5891856e-02   9.0728477e-01
   5.6466496e-02   9.1059603e-01
   5.8982948e-02   9.1390728e-01
   5.9499258e-02   9.1721854e-01
   5.9675019e-02   9.2052980e-01
   6.0320369e-02   9.2384106e-01
   6.1017905e-02   9.2715232e-01
   6.2488011e-02   9.3046358e-01
   6.2723360e-02   9.3377483e-01
   6.4088106e-02   9.3708609e-01
   6.4440751e-02   9.4039735e-01
   6.6778266e-02   9.4370861e-01
   6.7619662e-02   9.4701987e-01
   6.9572648e-02   9.5033113e-01
   7.2124872e-02   9.5364238e-01
   7.3599891e-02   9.5695364e-01
   7.5589287e-02   9.6026490e-01
   7.6033315e-02   9.6357616e-01
   7.8340143e-02   9.6688742e-01
   7.9115961e-02   9.7019868e-01
   8.6293927e-02   9.7350993e-01
   8.7317021e-02   9.7682119e-01
   1.2701743e-01   9.8013245e-01
   1.3199813e-01   9.8344371e-01
   1.4092523e-01   9.8675497e-01
   1.5758536e-01   9.9006623e-01
   1.8309261e-01   9.9337748e-01
   2.0790678e-01   9.9668874e-01
   2.2953615e-01   1.0000000e+00
