   3.0768000e-03   0.0000000e+00
   3.0768000e-03   1.6051364e-03
   3.5896000e-03   3.2102729e-03
   4.1024000e-03   8.0256822e-03
   4.6152000e-03   1.6051364e-02
   5.1280000e-03   2.8892456e-02
   5.6408000e-03   4.6548957e-02
   6.1536000e-03   6.5810594e-02
   6.6664000e-03   7.8651685e-02
   7.1792000e-03   9.7913323e-02
   7.6920000e-03   1.0433387e-01
   8.2048000e-03   1.2199037e-01
   8.7176000e-03   1.5088283e-01
   9.2312000e-03   1.7656501e-01
   9.7432000e-03   1.9422151e-01
   1.0256800e-02   2.1348315e-01
   1.0768800e-02   2.3274478e-01
   1.1282400e-02   2.5842697e-01
   1.1795200e-02   2.7608347e-01
   1.2308000e-02   2.9534510e-01
   1.2820800e-02   3.2744783e-01
   1.3333600e-02   3.5473515e-01
   1.3846400e-02   3.6918138e-01
   1.4359200e-02   3.8844302e-01
   1.4872000e-02   4.0609952e-01
   1.5384800e-02   4.3017657e-01
   1.5897600e-02   4.6067416e-01
   1.6410400e-02   4.7351525e-01
   1.6923200e-02   4.8956661e-01
   1.7436000e-02   5.0722311e-01
   1.7948800e-02   5.2327448e-01
   1.8461600e-02   5.3772071e-01
   1.8974400e-02   5.5216693e-01
   1.9487200e-02   5.6500803e-01
   2.0000000e-02   5.7624398e-01
   2.0512800e-02   5.8587480e-01
   2.1025600e-02   5.9229535e-01
   2.1538400e-02   6.0032103e-01
   2.2051200e-02   6.0513644e-01
   2.2564000e-02   6.1155698e-01
   2.3076800e-02   6.2600321e-01
   2.3589600e-02   6.3402889e-01
   2.4102400e-02   6.4847512e-01
   2.4615200e-02   6.5168539e-01
   2.5128000e-02   6.5971108e-01
   2.5640800e-02   6.6773676e-01
   2.6153600e-02   6.7897271e-01
   2.6666400e-02   6.8539326e-01
   2.7179200e-02   6.9181380e-01
   2.7692000e-02   6.9662921e-01
   2.8204800e-02   6.9823435e-01
   2.8717600e-02   7.0144462e-01
   2.9231200e-02   7.0465490e-01
   2.9743200e-02   7.0786517e-01
   3.0256000e-02   7.1428571e-01
   3.0769600e-02   7.1910112e-01
   3.1282400e-02   7.2552167e-01
   3.1795200e-02   7.2712681e-01
   3.2308000e-02   7.3033708e-01
   3.2820800e-02   7.3836276e-01
   3.3333600e-02   7.4799358e-01
   3.3846400e-02   7.5441413e-01
   3.4359200e-02   7.6725522e-01
   3.4872000e-02   7.7367576e-01
   3.5384800e-02   7.8009631e-01
   3.6410400e-02   7.8812199e-01
   3.6923200e-02   7.8972713e-01
   3.7436000e-02   7.9133226e-01
   3.7948800e-02   7.9454254e-01
   3.8461600e-02   7.9614767e-01
   3.8974400e-02   8.0417335e-01
   3.9487200e-02   8.0738363e-01
   4.0000000e-02   8.1219904e-01
   4.0512800e-02   8.2022472e-01
   4.1025600e-02   8.2343499e-01
   4.1538400e-02   8.2985554e-01
   4.2051200e-02   8.3146067e-01
   4.2564000e-02   8.3627608e-01
   4.3076800e-02   8.3948636e-01
   4.3589600e-02   8.4430177e-01
   4.4102400e-02   8.4590690e-01
   4.4615200e-02   8.4911717e-01
   4.5640800e-02   8.5232745e-01
   4.6153600e-02   8.5393258e-01
   4.6666400e-02   8.5714286e-01
   4.7179200e-02   8.5874799e-01
   4.7692000e-02   8.6195827e-01
   4.8204800e-02   8.6356340e-01
   4.8717600e-02   8.6516854e-01
   4.9231200e-02   8.6837881e-01
   5.0256800e-02   8.6998395e-01
   5.1795200e-02   8.7319422e-01
   5.2308000e-02   8.7640449e-01
   5.2820800e-02   8.7800963e-01
   5.3333600e-02   8.7961477e-01
   5.3846400e-02   8.8443018e-01
   5.4872000e-02   8.8924559e-01
   5.5897600e-02   8.9085072e-01
   5.6410400e-02   8.9245586e-01
   5.6923200e-02   8.9406100e-01
   5.7436000e-02   8.9566613e-01
   5.7948800e-02   8.9887640e-01
   5.8461600e-02   9.0048154e-01
   5.9487200e-02   9.0208668e-01
   6.0512800e-02   9.0369181e-01
   6.1025600e-02   9.0529695e-01
   6.1538400e-02   9.0850722e-01
   6.2564000e-02   9.1011236e-01
   6.3076800e-02   9.1332263e-01
   6.4102400e-02   9.1492777e-01
   6.4615200e-02   9.1813804e-01
   6.5128000e-02   9.1974318e-01
   6.5640800e-02   9.2295345e-01
   6.6666400e-02   9.2776886e-01
   6.7179200e-02   9.2937400e-01
   6.7692000e-02   9.3258427e-01
   6.8204800e-02   9.3418941e-01
   6.8717600e-02   9.3579454e-01
   6.9231200e-02   9.3739968e-01
   7.0256000e-02   9.4060995e-01
   7.2308000e-02   9.4382022e-01
   7.2820800e-02   9.4542536e-01
   7.3333600e-02   9.4703050e-01
   7.4359200e-02   9.4863563e-01
   7.5384800e-02   9.5024077e-01
   7.8461600e-02   9.5345104e-01
   7.8974400e-02   9.5505618e-01
   8.0000000e-02   9.5666132e-01
   8.0512800e-02   9.5826645e-01
   8.1025600e-02   9.5987159e-01
   8.1538400e-02   9.6147673e-01
   8.2564000e-02   9.6308186e-01
   8.5128000e-02   9.6629213e-01
   8.9743200e-02   9.6789727e-01
   9.0256800e-02   9.6950241e-01
   9.1282400e-02   9.7110754e-01
   9.4872000e-02   9.7271268e-01
   1.0000000e-01   9.7431782e-01
   1.0769200e-01   9.7592295e-01
   1.1076960e-01   9.7752809e-01
   1.1179520e-01   9.7913323e-01
   1.1384640e-01   9.8073836e-01
   1.1794880e-01   9.8234350e-01
   1.2000000e-01   9.8394864e-01
   1.2410240e-01   9.8555377e-01
   1.2615360e-01   9.8715891e-01
   1.2717920e-01   9.8876404e-01
   1.3025680e-01   9.9036918e-01
   1.4051280e-01   9.9197432e-01
   1.4205120e-01   9.9357945e-01
   1.4256400e-01   9.9518459e-01
   1.5435920e-01   9.9678973e-01
   1.5538480e-01   9.9839486e-01
   1.6358960e-01   1.0000000e+00
