   1.7840000e-03   0.0000000e+00
   1.7840000e-03   2.6315789e-03
   3.2112000e-03   7.8947368e-03
   3.5680000e-03   1.0526316e-02
   3.9248000e-03   1.3157895e-02
   4.2816000e-03   2.3684211e-02
   4.6384000e-03   3.1578947e-02
   4.9952000e-03   7.8947368e-02
   5.3520000e-03   8.4210526e-02
   5.7088000e-03   1.1842105e-01
   6.0664000e-03   1.4736842e-01
   6.4232000e-03   1.7105263e-01
   6.7800000e-03   1.9473684e-01
   7.1368000e-03   2.2894737e-01
   7.4936000e-03   3.3421053e-01
   7.8504000e-03   3.5000000e-01
   8.2072000e-03   3.6315789e-01
   8.5640000e-03   4.0526316e-01
   8.9208000e-03   4.5526316e-01
   9.2776000e-03   4.8421053e-01
   9.6344000e-03   5.0263158e-01
   9.9912000e-03   5.8421053e-01
   1.0348000e-02   6.0000000e-01
   1.0704800e-02   6.0789474e-01
   1.1061600e-02   6.2368421e-01
   1.1418400e-02   6.6052632e-01
   1.1775200e-02   6.7631579e-01
   1.2132000e-02   6.8947368e-01
   1.2488800e-02   7.1578947e-01
   1.2845600e-02   7.2105263e-01
   1.3202400e-02   7.2631579e-01
   1.3559200e-02   7.5263158e-01
   1.3916000e-02   7.6578947e-01
   1.4272800e-02   7.7105263e-01
   1.4629600e-02   7.7368421e-01
   1.4986400e-02   7.8947368e-01
   1.5343200e-02   7.9473684e-01
   1.6056800e-02   8.0263158e-01
   1.6413600e-02   8.1052632e-01
   1.7128000e-02   8.1578947e-01
   1.7484000e-02   8.3421053e-01
   1.7840800e-02   8.3947368e-01
   1.8198400e-02   8.5526316e-01
   1.8912000e-02   8.5789474e-01
   1.9268800e-02   8.6052632e-01
   1.9982400e-02   8.6578947e-01
   2.0696000e-02   8.7631579e-01
   2.1052800e-02   8.8421053e-01
   2.1409600e-02   8.8947368e-01
   2.1766400e-02   8.9210526e-01
   2.2123200e-02   8.9473684e-01
   2.2480000e-02   8.9736842e-01
   2.2836800e-02   9.0526316e-01
   2.3193600e-02   9.1315789e-01
   2.3907200e-02   9.1578947e-01
   2.4264000e-02   9.1842105e-01
   2.4977600e-02   9.2105263e-01
   2.5691200e-02   9.2368421e-01
   2.6048000e-02   9.2894737e-01
   2.6404800e-02   9.3157895e-01
   2.6761600e-02   9.3421053e-01
   2.7475200e-02   9.3684211e-01
   2.7832000e-02   9.3947368e-01
   2.8545600e-02   9.4210526e-01
   2.9972800e-02   9.4473684e-01
   3.1400800e-02   9.5000000e-01
   3.2471200e-02   9.5263158e-01
   3.4968800e-02   9.5526316e-01
   3.5325600e-02   9.6052632e-01
   3.5682400e-02   9.6315789e-01
   3.7109600e-02   9.6578947e-01
   3.8536800e-02   9.6842105e-01
   3.8893600e-02   9.7105263e-01
   3.9250400e-02   9.7368421e-01
   4.7457600e-02   9.7631579e-01
   5.1025600e-02   9.7894737e-01
   5.2810400e-02   9.8157895e-01
   5.7805600e-02   9.8421053e-01
   5.8162400e-02   9.8684211e-01
   6.8510400e-02   9.8947368e-01
   6.8867200e-02   9.9210526e-01
   7.2078400e-02   9.9473684e-01
   9.0276800e-02   9.9736842e-01
   1.1382720e-01   1.0000000e+00
