   4.4744000e-03   0.0000000e+00
   4.4744000e-03   6.4102564e-03
   4.9216000e-03   1.2820513e-02
   5.3688000e-03   1.9230769e-02
   5.8168000e-03   2.5641026e-02
   6.2640000e-03   3.2051282e-02
   6.7112000e-03   5.1282051e-02
   7.1592000e-03   7.6923077e-02
   7.6064000e-03   9.6153846e-02
   8.0536000e-03   1.0256410e-01
   8.5008000e-03   1.1538462e-01
   9.3960000e-03   1.3461538e-01
   9.8432000e-03   1.5384615e-01
   1.0290400e-02   1.6025641e-01
   1.1185600e-02   1.8589744e-01
   1.1632800e-02   2.0512821e-01
   1.2080800e-02   2.2435897e-01
   1.2528000e-02   2.3076923e-01
   1.2975200e-02   2.6282051e-01
   1.3422400e-02   2.6923077e-01
   1.4317600e-02   2.8846154e-01
   1.4764800e-02   3.2051282e-01
   1.5660000e-02   3.2692308e-01
   1.6107200e-02   3.3333333e-01
   1.6555200e-02   3.3974359e-01
   1.7002400e-02   3.4615385e-01
   1.7449600e-02   3.5256410e-01
   1.7896800e-02   3.7820513e-01
   1.8344800e-02   3.9102564e-01
   1.9239200e-02   3.9743590e-01
   1.9686400e-02   4.1025641e-01
   2.0134400e-02   4.2307692e-01
   2.1028800e-02   4.2948718e-01
   2.1476800e-02   4.3589744e-01
   2.1924000e-02   4.4871795e-01
   2.2819200e-02   4.6153846e-01
   2.3713600e-02   4.6794872e-01
   2.4160800e-02   4.7435897e-01
   2.4608800e-02   4.8076923e-01
   2.5951200e-02   4.8717949e-01
   2.6398400e-02   5.0000000e-01
   2.7740800e-02   5.0641026e-01
   2.8188000e-02   5.1282051e-01
   2.9082400e-02   5.1923077e-01
   3.0424800e-02   5.3205128e-01
   3.0872800e-02   5.4487179e-01
   3.1767200e-02   5.5128205e-01
   3.2214400e-02   5.7051282e-01
   3.2662400e-02   5.7692308e-01
   3.3109600e-02   5.8974359e-01
   3.3556800e-02   6.0256410e-01
   3.4004800e-02   6.0897436e-01
   3.4899200e-02   6.1538462e-01
   3.7584000e-02   6.2179487e-01
   3.8031200e-02   6.2820513e-01
   4.2058400e-02   6.3461538e-01
   4.2505600e-02   6.4102564e-01
   4.2952800e-02   6.4743590e-01
   4.3848000e-02   6.5384615e-01
   4.5190400e-02   6.6025641e-01
   4.6532800e-02   6.6666667e-01
   4.7427200e-02   6.7948718e-01
   5.2348800e-02   6.9230769e-01
   5.3691200e-02   6.9871795e-01
   5.4138400e-02   7.0512821e-01
   5.4586400e-02   7.1153846e-01
   5.5033600e-02   7.1794872e-01
   5.8165600e-02   7.2435897e-01
   5.8612800e-02   7.3717949e-01
   5.9060800e-02   7.4358974e-01
   6.0850400e-02   7.5000000e-01
   6.4429600e-02   7.5641026e-01
   6.5772000e-02   7.6282051e-01
   6.6666400e-02   7.6923077e-01
   6.8008800e-02   7.7564103e-01
   6.8456000e-02   7.8205128e-01
   6.8904000e-02   7.8846154e-01
   7.0693600e-02   7.9487179e-01
   7.3825600e-02   8.0128205e-01
   7.4272800e-02   8.0769231e-01
   7.4720000e-02   8.1410256e-01
   7.7852000e-02   8.3333333e-01
   8.0089600e-02   8.3974359e-01
   8.0984000e-02   8.4615385e-01
   8.1432000e-02   8.5256410e-01
   8.2774400e-02   8.5897436e-01
   8.4116000e-02   8.6538462e-01
   8.5906400e-02   8.7179487e-01
   8.9485600e-02   8.7820513e-01
   8.9932800e-02   8.8461538e-01
   9.2170400e-02   8.9102564e-01
   9.5302400e-02   8.9743590e-01
   9.6644000e-02   9.0384615e-01
   9.7986400e-02   9.1025641e-01
   9.8434400e-02   9.2307692e-01
   9.9328800e-02   9.2948718e-01
   1.0201360e-01   9.3589744e-01
   1.0648800e-01   9.4230769e-01
   1.0827760e-01   9.4871795e-01
   1.1767360e-01   9.5512821e-01
   1.2080560e-01   9.6153846e-01
   1.2617440e-01   9.6794872e-01
   1.5391520e-01   9.7435897e-01
   1.7046960e-01   9.8076923e-01
   1.7628640e-01   9.8717949e-01
   1.9821040e-01   9.9358974e-01
   2.0223680e-01   1.0000000e+00
