   3.2680000e-03   0.0000000e+00
   3.2680000e-03   4.0983607e-03
   3.9216000e-03   1.6393443e-02
   4.5752000e-03   2.0491803e-02
   4.9016000e-03   2.4590164e-02
   5.2288000e-03   6.1475410e-02
   5.5552000e-03   6.5573770e-02
   5.8824000e-03   7.3770492e-02
   6.2088000e-03   9.0163934e-02
   6.5360000e-03   1.5573770e-01
   7.1896000e-03   1.7213115e-01
   7.8432000e-03   2.1721311e-01
   8.1696000e-03   2.2131148e-01
   8.4968000e-03   2.3770492e-01
   9.1504000e-03   2.7868852e-01
   9.8040000e-03   3.0737705e-01
   1.0457600e-02   3.4016393e-01
   1.0784000e-02   3.4836066e-01
   1.1111200e-02   3.5655738e-01
   1.1437600e-02   3.7704918e-01
   1.1764800e-02   4.0573770e-01
   1.2091200e-02   4.0983607e-01
   1.2418400e-02   4.2213115e-01
   1.3072000e-02   4.7131148e-01
   1.3398400e-02   4.7540984e-01
   1.3725600e-02   4.9590164e-01
   1.4052000e-02   5.0409836e-01
   1.4379200e-02   5.2868852e-01
   1.4705600e-02   5.3278689e-01
   1.5032800e-02   5.5737705e-01
   1.5359200e-02   5.7786885e-01
   1.5686400e-02   6.1065574e-01
   1.6012800e-02   6.1475410e-01
   1.6340000e-02   6.3934426e-01
   1.6666400e-02   6.4754098e-01
   1.6993600e-02   6.6803279e-01
   1.7973600e-02   6.8442623e-01
   1.8300800e-02   7.0491803e-01
   1.8627200e-02   7.0901639e-01
   1.8954400e-02   7.1721311e-01
   1.9608000e-02   7.2540984e-01
   2.0261600e-02   7.3360656e-01
   2.0588000e-02   7.3770492e-01
   2.0915200e-02   7.5819672e-01
   2.1241600e-02   7.7049180e-01
   2.1568800e-02   7.7459016e-01
   2.1895200e-02   7.7868852e-01
   2.2222400e-02   7.8278689e-01
   2.3202400e-02   7.8688525e-01
   2.3529600e-02   7.9098361e-01
   2.4836800e-02   7.9918033e-01
   2.5163200e-02   8.0327869e-01
   2.5816800e-02   8.1557377e-01
   2.6144000e-02   8.2786885e-01
   2.6797600e-02   8.3606557e-01
   2.7124000e-02   8.5245902e-01
   2.7777600e-02   8.5655738e-01
   2.9084800e-02   8.6065574e-01
   2.9412000e-02   8.6475410e-01
   3.0065600e-02   8.6885246e-01
   3.0719200e-02   8.7295082e-01
   3.1372800e-02   8.7704918e-01
   3.2026400e-02   8.8114754e-01
   3.2680000e-02   8.8524590e-01
   3.3660000e-02   8.8934426e-01
   3.3987200e-02   8.9344262e-01
   3.4967200e-02   8.9754098e-01
   3.6274400e-02   9.0163934e-01
   3.6928000e-02   9.0573770e-01
   3.7581600e-02   9.0983607e-01
   3.8888800e-02   9.1803279e-01
   3.9216000e-02   9.2213115e-01
   4.0196000e-02   9.2622951e-01
   4.1830400e-02   9.3442623e-01
   4.2156800e-02   9.3852459e-01
   4.3791200e-02   9.4262295e-01
   4.4444800e-02   9.4672131e-01
   4.4771200e-02   9.5081967e-01
   4.8365600e-02   9.5491803e-01
   4.9346400e-02   9.5901639e-01
   4.9673600e-02   9.6311475e-01
   5.0653600e-02   9.6721311e-01
   5.3594400e-02   9.7131148e-01
   5.4575200e-02   9.7540984e-01
   6.6340000e-02   9.7950820e-01
   6.9608000e-02   9.8360656e-01
   8.4640800e-02   9.8770492e-01
   1.0620880e-01   9.9180328e-01
   2.0130720e-01   9.9590164e-01
   2.0686240e-01   1.0000000e+00
