   5.4416671e-03   0.0000000e+00
   5.4416671e-03   1.6051364e-03
   5.7325869e-03   3.2102729e-03
   6.1220726e-03   4.8154093e-03
   6.7429316e-03   6.4205457e-03
   6.9280824e-03   8.0256822e-03
   7.0755908e-03   9.6308186e-03
   7.1037624e-03   1.2841091e-02
   7.1969402e-03   1.4446228e-02
   7.3763347e-03   1.6051364e-02
   7.4202978e-03   1.7656501e-02
   7.7748066e-03   1.9261637e-02
   7.7834786e-03   2.0866774e-02
   7.8761570e-03   2.2471910e-02
   8.0897423e-03   2.4077047e-02
   8.4241421e-03   2.5682183e-02
   8.6344202e-03   2.7287319e-02
   8.7614063e-03   2.8892456e-02
   8.7757814e-03   3.2102729e-02
   8.8431690e-03   3.3707865e-02
   9.0304204e-03   3.5313002e-02
   9.1000225e-03   4.3338684e-02
   9.1081439e-03   4.4943820e-02
   9.1287414e-03   4.6548957e-02
   9.1426711e-03   4.8154093e-02
   9.1662375e-03   4.9759230e-02
   9.4343232e-03   5.1364366e-02
   9.4543379e-03   5.2969502e-02
   9.5230488e-03   5.7784912e-02
   9.5401882e-03   6.0995185e-02
   9.7770302e-03   6.2600321e-02
   9.8226538e-03   6.4205457e-02
   9.8253464e-03   6.7415730e-02
   9.9202040e-03   6.9020867e-02
   1.0008177e-02   7.0626003e-02
   1.0053830e-02   7.2231140e-02
   1.0235256e-02   7.3836276e-02
   1.0318250e-02   7.7046549e-02
   1.0487176e-02   7.8651685e-02
   1.0569466e-02   8.0256822e-02
   1.0695133e-02   8.1861958e-02
   1.0730522e-02   8.5072231e-02
   1.0782380e-02   8.6677368e-02
   1.0796062e-02   8.8282504e-02
   1.0811586e-02   9.1492777e-02
   1.0907603e-02   9.3097913e-02
   1.0997280e-02   9.9518459e-02
   1.1120026e-02   1.0272873e-01
   1.1121774e-02   1.0433387e-01
   1.1150600e-02   1.0593900e-01
   1.1223025e-02   1.0754414e-01
   1.1335204e-02   1.0914928e-01
   1.1457789e-02   1.1075441e-01
   1.1490759e-02   1.1235955e-01
   1.1512184e-02   1.1396469e-01
   1.1677102e-02   1.1556982e-01
   1.1808167e-02   1.1717496e-01
   1.1837825e-02   1.1878010e-01
   1.1862350e-02   1.2199037e-01
   1.2174117e-02   1.2359551e-01
   1.2244748e-02   1.2680578e-01
   1.2355301e-02   1.2841091e-01
   1.2454501e-02   1.3162119e-01
   1.2503664e-02   1.3483146e-01
   1.2538057e-02   1.3643660e-01
   1.2543090e-02   1.3964687e-01
   1.2635219e-02   1.4125201e-01
   1.2690678e-02   1.4285714e-01
   1.2764226e-02   1.4446228e-01
   1.2809607e-02   1.4767255e-01
   1.2849515e-02   1.4927769e-01
   1.2907229e-02   1.5088283e-01
   1.2924551e-02   1.5248796e-01
   1.3010471e-02   1.5409310e-01
   1.3035365e-02   1.5730337e-01
   1.3140197e-02   1.6051364e-01
   1.3164518e-02   1.6211878e-01
   1.3179172e-02   1.6372392e-01
   1.3436987e-02   1.6532905e-01
   1.3478075e-02   1.6853933e-01
   1.3528468e-02   1.7174960e-01
   1.3793709e-02   1.7335474e-01
   1.3841899e-02   1.7495987e-01
   1.3861825e-02   1.7656501e-01
   1.3995072e-02   1.7817014e-01
   1.4171380e-02   1.7977528e-01
   1.4224737e-02   1.8138042e-01
   1.4394011e-02   1.8298555e-01
   1.4427443e-02   1.8619583e-01
   1.4582019e-02   1.8780096e-01
   1.4675900e-02   1.8940610e-01
   1.4703934e-02   1.9101124e-01
   1.4799383e-02   1.9582665e-01
   1.4840467e-02   1.9743178e-01
   1.4841078e-02   1.9903692e-01
   1.4965319e-02   2.0064205e-01
   1.5073693e-02   2.0545746e-01
   1.5135776e-02   2.1027287e-01
   1.5339527e-02   2.1187801e-01
   1.5499237e-02   2.1508828e-01
   1.5572530e-02   2.1669342e-01
   1.5584045e-02   2.1990369e-01
   1.5629072e-02   2.2150883e-01
   1.5645725e-02   2.2311396e-01
   1.5842710e-02   2.2471910e-01
   1.5847089e-02   2.2632424e-01
   1.6035860e-02   2.2792937e-01
   1.6180610e-02   2.2953451e-01
   1.6196202e-02   2.3113965e-01
   1.6246791e-02   2.3274478e-01
   1.6278499e-02   2.3434992e-01
   1.6305655e-02   2.3595506e-01
   1.6432738e-02   2.3756019e-01
   1.6509914e-02   2.3916533e-01
   1.6519984e-02   2.4077047e-01
   1.6557510e-02   2.4237560e-01
   1.6622825e-02   2.4719101e-01
   1.6648107e-02   2.4879615e-01
   1.6716117e-02   2.5040128e-01
   1.6727590e-02   2.5200642e-01
   1.6849414e-02   2.5521669e-01
   1.6877377e-02   2.5682183e-01
   1.7022068e-02   2.5842697e-01
   1.7049746e-02   2.6003210e-01
   1.7183564e-02   2.6163724e-01
   1.7244847e-02   2.6324238e-01
   1.7253327e-02   2.6484751e-01
   1.7303101e-02   2.6645265e-01
   1.7351409e-02   2.6805778e-01
   1.7395872e-02   2.6966292e-01
   1.7523328e-02   2.7126806e-01
   1.7547406e-02   2.7287319e-01
   1.7552694e-02   2.7447833e-01
   1.7606539e-02   2.7608347e-01
   1.7659235e-02   2.7768860e-01
   1.7779459e-02   2.8089888e-01
   1.7791972e-02   2.8250401e-01
   1.7907575e-02   2.8410915e-01
   1.7916002e-02   2.8731942e-01
   1.7964661e-02   2.8892456e-01
   1.7983387e-02   2.9052970e-01
   1.8023533e-02   2.9213483e-01
   1.8216155e-02   2.9373997e-01
   1.8230613e-02   2.9534510e-01
   1.8261822e-02   2.9695024e-01
   1.8428636e-02   2.9855538e-01
   1.8471898e-02   3.0016051e-01
   1.8551210e-02   3.0176565e-01
   1.8601286e-02   3.0497592e-01
   1.8661718e-02   3.0658106e-01
   1.8756437e-02   3.0979133e-01
   1.8845524e-02   3.1139647e-01
   1.8873282e-02   3.1300161e-01
   1.8876369e-02   3.1460674e-01
   1.8909240e-02   3.1621188e-01
   1.8931340e-02   3.1781701e-01
   1.8990833e-02   3.1942215e-01
   1.9008076e-02   3.2102729e-01
   1.9202419e-02   3.2263242e-01
   1.9228346e-02   3.2423756e-01
   1.9274264e-02   3.2584270e-01
   1.9286711e-02   3.2744783e-01
   1.9360844e-02   3.2905297e-01
   1.9431036e-02   3.3065811e-01
   1.9552733e-02   3.3226324e-01
   1.9593598e-02   3.3386838e-01
   1.9691574e-02   3.3547352e-01
   1.9831850e-02   3.4028892e-01
   1.9852775e-02   3.4189406e-01
   1.9856321e-02   3.4349920e-01
   1.9881323e-02   3.4670947e-01
   1.9904058e-02   3.4831461e-01
   1.9958732e-02   3.4991974e-01
   1.9963822e-02   3.5152488e-01
   2.0018288e-02   3.5473515e-01
   2.0116521e-02   3.5634029e-01
   2.0215810e-02   3.5794543e-01
   2.0232249e-02   3.5955056e-01
   2.0266287e-02   3.6115570e-01
   2.0325373e-02   3.6276083e-01
   2.0486012e-02   3.6436597e-01
   2.0632793e-02   3.6597111e-01
   2.0637622e-02   3.6757624e-01
   2.0796830e-02   3.7078652e-01
   2.0945250e-02   3.7239165e-01
   2.0974173e-02   3.7399679e-01
   2.1005424e-02   3.7560193e-01
   2.1279145e-02   3.7720706e-01
   2.1307818e-02   3.7881220e-01
   2.1316121e-02   3.8041734e-01
   2.1383860e-02   3.8362761e-01
   2.1579206e-02   3.8523274e-01
   2.1579847e-02   3.8683788e-01
   2.1623741e-02   3.8844302e-01
   2.1628147e-02   3.9004815e-01
   2.1685497e-02   3.9165329e-01
   2.1704074e-02   3.9325843e-01
   2.1767797e-02   3.9486356e-01
   2.1870965e-02   3.9646870e-01
   2.1910080e-02   3.9807384e-01
   2.1998929e-02   3.9967897e-01
   2.2129338e-02   4.0128411e-01
   2.2260765e-02   4.0288925e-01
   2.2301679e-02   4.0609952e-01
   2.2303383e-02   4.0770465e-01
   2.2403881e-02   4.1091493e-01
   2.2446488e-02   4.1252006e-01
   2.2535813e-02   4.1412520e-01
   2.2583301e-02   4.1573034e-01
   2.2661727e-02   4.1894061e-01
   2.2743984e-02   4.2054575e-01
   2.2837276e-02   4.2215088e-01
   2.2912774e-02   4.2375602e-01
   2.2915522e-02   4.2536116e-01
   2.2949841e-02   4.2696629e-01
   2.2982090e-02   4.2857143e-01
   2.3024831e-02   4.3017657e-01
   2.3101711e-02   4.3178170e-01
   2.3155241e-02   4.3338684e-01
   2.3233646e-02   4.3499197e-01
   2.3351016e-02   4.3659711e-01
   2.3390191e-02   4.3820225e-01
   2.3424320e-02   4.4301766e-01
   2.3450807e-02   4.4462279e-01
   2.3494090e-02   4.4622793e-01
   2.3517090e-02   4.4783307e-01
   2.3633548e-02   4.4943820e-01
   2.3701784e-02   4.5104334e-01
   2.3843821e-02   4.5264848e-01
   2.3910767e-02   4.5425361e-01
   2.3975483e-02   4.5585875e-01
   2.4172024e-02   4.5746388e-01
   2.4270353e-02   4.5906902e-01
   2.4294311e-02   4.6067416e-01
   2.4590903e-02   4.6227929e-01
   2.4598610e-02   4.6388443e-01
   2.4850093e-02   4.6548957e-01
   2.4877763e-02   4.6709470e-01
   2.4910096e-02   4.6869984e-01
   2.5013375e-02   4.7030498e-01
   2.5019558e-02   4.7191011e-01
   2.5168773e-02   4.7351525e-01
   2.5199753e-02   4.7512039e-01
   2.5270880e-02   4.7672552e-01
   2.5273556e-02   4.7993579e-01
   2.5287112e-02   4.8314607e-01
   2.5321623e-02   4.8475120e-01
   2.5606852e-02   4.8635634e-01
   2.5612606e-02   4.8796148e-01
   2.5698456e-02   4.8956661e-01
   2.5865328e-02   4.9117175e-01
   2.6011529e-02   4.9277689e-01
   2.6103621e-02   4.9438202e-01
   2.6145168e-02   4.9598716e-01
   2.6187050e-02   4.9759230e-01
   2.6251646e-02   5.0080257e-01
   2.6328476e-02   5.0240770e-01
   2.6399142e-02   5.0401284e-01
   2.6441363e-02   5.0561798e-01
   2.6529584e-02   5.0722311e-01
   2.6824988e-02   5.0882825e-01
   2.6916224e-02   5.1043339e-01
   2.6974616e-02   5.1203852e-01
   2.7052179e-02   5.1364366e-01
   2.7130309e-02   5.1524880e-01
   2.7182133e-02   5.1685393e-01
   2.7311073e-02   5.2006421e-01
   2.7629597e-02   5.2166934e-01
   2.7699640e-02   5.2327448e-01
   2.7870947e-02   5.2487961e-01
   2.7877075e-02   5.2648475e-01
   2.7971093e-02   5.2808989e-01
   2.7992661e-02   5.2969502e-01
   2.8004348e-02   5.3130016e-01
   2.8108559e-02   5.3290530e-01
   2.8212382e-02   5.3451043e-01
   2.8278466e-02   5.3611557e-01
   2.8389752e-02   5.3772071e-01
   2.8484943e-02   5.3932584e-01
   2.8527480e-02   5.4093098e-01
   2.8808133e-02   5.4253612e-01
   2.8816396e-02   5.4414125e-01
   2.8865530e-02   5.4574639e-01
   2.9067216e-02   5.4735152e-01
   2.9229522e-02   5.4895666e-01
   2.9360010e-02   5.5056180e-01
   2.9657629e-02   5.5216693e-01
   2.9744655e-02   5.5377207e-01
   2.9808498e-02   5.5537721e-01
   2.9911959e-02   5.5698234e-01
   3.0024994e-02   5.5858748e-01
   3.0276966e-02   5.6019262e-01
   3.0329005e-02   5.6340289e-01
   3.0333753e-02   5.6500803e-01
   3.0610966e-02   5.6661316e-01
   3.0828061e-02   5.6821830e-01
   3.0870697e-02   5.6982343e-01
   3.1001346e-02   5.7303371e-01
   3.1174213e-02   5.7463884e-01
   3.1345111e-02   5.7624398e-01
   3.1634357e-02   5.7784912e-01
   3.1674031e-02   5.7945425e-01
   3.1689363e-02   5.8105939e-01
   3.1764976e-02   5.8266453e-01
   3.1777485e-02   5.8426966e-01
   3.1885606e-02   5.8587480e-01
   3.1946136e-02   5.8747994e-01
   3.1986121e-02   5.8908507e-01
   3.2015404e-02   5.9069021e-01
   3.2085081e-02   5.9229535e-01
   3.2123205e-02   5.9550562e-01
   3.2610655e-02   5.9711075e-01
   3.2707198e-02   5.9871589e-01
   3.2721784e-02   6.0032103e-01
   3.2778469e-02   6.0192616e-01
   3.2867724e-02   6.0353130e-01
   3.2976420e-02   6.0513644e-01
   3.2992474e-02   6.0674157e-01
   3.3031301e-02   6.0834671e-01
   3.3187497e-02   6.0995185e-01
   3.3266479e-02   6.1316212e-01
   3.3348490e-02   6.1476726e-01
   3.3356502e-02   6.1637239e-01
   3.3391735e-02   6.1797753e-01
   3.3544687e-02   6.1958266e-01
   3.3671126e-02   6.2118780e-01
   3.3715789e-02   6.2279294e-01
   3.3793626e-02   6.2439807e-01
   3.4043703e-02   6.2600321e-01
   3.4835834e-02   6.2760835e-01
   3.4981091e-02   6.2921348e-01
   3.5048517e-02   6.3081862e-01
   3.5264882e-02   6.3242376e-01
   3.5559186e-02   6.3402889e-01
   3.5715082e-02   6.3563403e-01
   3.5760404e-02   6.3884430e-01
   3.5984335e-02   6.4044944e-01
   3.5995809e-02   6.4205457e-01
   3.6440778e-02   6.4365971e-01
   3.6552430e-02   6.4526485e-01
   3.6876862e-02   6.4686998e-01
   3.6955391e-02   6.4847512e-01
   3.7101866e-02   6.5008026e-01
   3.7139257e-02   6.5168539e-01
   3.7226120e-02   6.5329053e-01
   3.7425781e-02   6.5489567e-01
   3.7493696e-02   6.5650080e-01
   3.7502140e-02   6.5810594e-01
   3.7615791e-02   6.5971108e-01
   3.7736602e-02   6.6131621e-01
   3.7982119e-02   6.6292135e-01
   3.8235910e-02   6.6452648e-01
   3.8476552e-02   6.6613162e-01
   3.8705772e-02   6.6773676e-01
   3.8825595e-02   6.6934189e-01
   3.8862531e-02   6.7094703e-01
   3.8982576e-02   6.7255217e-01
   3.9009695e-02   6.7415730e-01
   3.9368398e-02   6.7576244e-01
   3.9548032e-02   6.7736758e-01
   3.9663195e-02   6.7897271e-01
   3.9764372e-02   6.8057785e-01
   3.9779064e-02   6.8218299e-01
   4.0439486e-02   6.8378812e-01
   4.0449837e-02   6.8539326e-01
   4.0456915e-02   6.8699839e-01
   4.0506509e-02   6.8860353e-01
   4.0562981e-02   6.9020867e-01
   4.0635286e-02   6.9181380e-01
   4.0720119e-02   6.9341894e-01
   4.0768927e-02   6.9502408e-01
   4.0892693e-02   6.9662921e-01
   4.0923536e-02   6.9823435e-01
   4.1311769e-02   6.9983949e-01
   4.1380028e-02   7.0144462e-01
   4.1535846e-02   7.0304976e-01
   4.1986959e-02   7.0465490e-01
   4.2010848e-02   7.0626003e-01
   4.2226274e-02   7.0786517e-01
   4.2334167e-02   7.0947030e-01
   4.2387871e-02   7.1107544e-01
   4.2612852e-02   7.1268058e-01
   4.2674672e-02   7.1428571e-01
   4.2773128e-02   7.1589085e-01
   4.2864367e-02   7.1749599e-01
   4.2915574e-02   7.1910112e-01
   4.2949793e-02   7.2070626e-01
   4.3448045e-02   7.2231140e-01
   4.4005972e-02   7.2391653e-01
   4.4263923e-02   7.2552167e-01
   4.5165475e-02   7.2712681e-01
   4.5175083e-02   7.2873194e-01
   4.5224153e-02   7.3033708e-01
   4.5230294e-02   7.3194222e-01
   4.5342515e-02   7.3354735e-01
   4.5342602e-02   7.3515249e-01
   4.5576285e-02   7.3675762e-01
   4.5822717e-02   7.3836276e-01
   4.6484784e-02   7.3996790e-01
   4.6508441e-02   7.4157303e-01
   4.6852491e-02   7.4317817e-01
   4.6877915e-02   7.4478331e-01
   4.7010728e-02   7.4638844e-01
   4.7074999e-02   7.4799358e-01
   4.7232629e-02   7.4959872e-01
   4.7590390e-02   7.5120385e-01
   4.7852316e-02   7.5280899e-01
   4.7950966e-02   7.5441413e-01
   4.8194409e-02   7.5762440e-01
   4.8246941e-02   7.5922953e-01
   4.8369341e-02   7.6083467e-01
   4.8534339e-02   7.6243981e-01
   4.8787220e-02   7.6404494e-01
   4.8831603e-02   7.6565008e-01
   4.9422959e-02   7.6725522e-01
   4.9671961e-02   7.6886035e-01
   4.9700185e-02   7.7046549e-01
   4.9828345e-02   7.7207063e-01
   4.9898674e-02   7.7367576e-01
   4.9932561e-02   7.7528090e-01
   5.0690853e-02   7.7688604e-01
   5.0791170e-02   7.7849117e-01
   5.0879541e-02   7.8009631e-01
   5.1017952e-02   7.8170144e-01
   5.1228969e-02   7.8330658e-01
   5.1238932e-02   7.8491172e-01
   5.1405648e-02   7.8651685e-01
   5.2224248e-02   7.8812199e-01
   5.2446252e-02   7.8972713e-01
   5.3066517e-02   7.9133226e-01
   5.3949031e-02   7.9293740e-01
   5.4180754e-02   7.9454254e-01
   5.4255166e-02   7.9614767e-01
   5.4417058e-02   7.9775281e-01
   5.4586172e-02   7.9935795e-01
   5.4619322e-02   8.0096308e-01
   5.4621635e-02   8.0256822e-01
   5.4713302e-02   8.0417335e-01
   5.4752783e-02   8.0577849e-01
   5.4794050e-02   8.0738363e-01
   5.4807078e-02   8.0898876e-01
   5.4857333e-02   8.1059390e-01
   5.4920016e-02   8.1219904e-01
   5.4934191e-02   8.1380417e-01
   5.4969797e-02   8.1540931e-01
   5.5370060e-02   8.1701445e-01
   5.5843107e-02   8.1861958e-01
   5.5989378e-02   8.2022472e-01
   5.6131441e-02   8.2182986e-01
   5.6523808e-02   8.2343499e-01
   5.6653869e-02   8.2504013e-01
   5.6956889e-02   8.2664526e-01
   5.7084801e-02   8.2825040e-01
   5.7089340e-02   8.2985554e-01
   5.8814424e-02   8.3146067e-01
   5.9043899e-02   8.3306581e-01
   5.9091786e-02   8.3467095e-01
   5.9417881e-02   8.3627608e-01
   5.9751997e-02   8.3788122e-01
   5.9833541e-02   8.3948636e-01
   6.0102370e-02   8.4109149e-01
   6.0977403e-02   8.4269663e-01
   6.1108174e-02   8.4430177e-01
   6.1372873e-02   8.4590690e-01
   6.1658347e-02   8.4751204e-01
   6.2042838e-02   8.4911717e-01
   6.2356871e-02   8.5072231e-01
   6.2387295e-02   8.5232745e-01
   6.2433664e-02   8.5393258e-01
   6.2458283e-02   8.5553772e-01
   6.3352329e-02   8.5714286e-01
   6.3372513e-02   8.5874799e-01
   6.3451233e-02   8.6035313e-01
   6.3611613e-02   8.6195827e-01
   6.4106227e-02   8.6356340e-01
   6.4289290e-02   8.6516854e-01
   6.4375825e-02   8.6677368e-01
   6.4418320e-02   8.6837881e-01
   6.4925900e-02   8.6998395e-01
   6.5179263e-02   8.7158909e-01
   6.5323134e-02   8.7319422e-01
   6.5810924e-02   8.7479936e-01
   6.6417436e-02   8.7640449e-01
   6.7022069e-02   8.7800963e-01
   6.7131908e-02   8.7961477e-01
   6.9620783e-02   8.8121990e-01
   6.9869900e-02   8.8282504e-01
   7.0551787e-02   8.8443018e-01
   7.1448918e-02   8.8603531e-01
   7.1624371e-02   8.8764045e-01
   7.1663322e-02   8.8924559e-01
   7.2230631e-02   8.9085072e-01
   7.3166909e-02   8.9245586e-01
   7.3455313e-02   8.9406100e-01
   7.3647316e-02   8.9566613e-01
   7.4130267e-02   8.9727127e-01
   7.4410020e-02   8.9887640e-01
   7.4598564e-02   9.0048154e-01
   7.6730423e-02   9.0208668e-01
   7.7455611e-02   9.0369181e-01
   7.7933661e-02   9.0529695e-01
   7.7940483e-02   9.0690209e-01
   7.8288085e-02   9.0850722e-01
   7.9447841e-02   9.1011236e-01
   8.0542222e-02   9.1171750e-01
   8.0936176e-02   9.1332263e-01
   8.1585501e-02   9.1492777e-01
   8.2059530e-02   9.1653291e-01
   8.2286000e-02   9.1813804e-01
   8.2516032e-02   9.1974318e-01
   8.3292590e-02   9.2134831e-01
   8.3522107e-02   9.2295345e-01
   8.3627304e-02   9.2455859e-01
   8.3852028e-02   9.2616372e-01
   8.5455370e-02   9.2776886e-01
   8.6362680e-02   9.2937400e-01
   8.6693117e-02   9.3097913e-01
   8.6938177e-02   9.3258427e-01
   8.6980425e-02   9.3418941e-01
   9.0472087e-02   9.3579454e-01
   9.0904216e-02   9.3739968e-01
   9.1199915e-02   9.3900482e-01
   9.1823776e-02   9.4060995e-01
   9.2608001e-02   9.4221509e-01
   9.2636863e-02   9.4382022e-01
   9.3203570e-02   9.4542536e-01
   9.3416512e-02   9.4703050e-01
   9.3828745e-02   9.4863563e-01
   9.6733488e-02   9.5024077e-01
   9.7764602e-02   9.5184591e-01
   9.8977568e-02   9.5345104e-01
   9.9443881e-02   9.5505618e-01
   1.0017518e-01   9.5666132e-01
   1.0365073e-01   9.5826645e-01
   1.0389182e-01   9.5987159e-01
   1.0564909e-01   9.6147673e-01
   1.0594031e-01   9.6308186e-01
   1.0720372e-01   9.6468700e-01
   1.1587125e-01   9.6629213e-01
   1.1929623e-01   9.6789727e-01
   1.1934322e-01   9.6950241e-01
   1.2380107e-01   9.7110754e-01
   1.2419243e-01   9.7271268e-01
   1.2739065e-01   9.7431782e-01
   1.2878921e-01   9.7592295e-01
   1.2892889e-01   9.7752809e-01
   1.3153862e-01   9.7913323e-01
   1.3233296e-01   9.8073836e-01
   1.3961620e-01   9.8234350e-01
   1.4017946e-01   9.8394864e-01
   1.4558366e-01   9.8555377e-01
   1.4772260e-01   9.8715891e-01
   1.5286214e-01   9.8876404e-01
   1.5559580e-01   9.9036918e-01
   1.5707577e-01   9.9197432e-01
   1.5776943e-01   9.9357945e-01
   1.5947063e-01   9.9518459e-01
   1.8350831e-01   9.9678973e-01
   1.8680330e-01   9.9839486e-01
   2.0301521e-01   1.0000000e+00
