   3.5944000e-03   0.0000000e+00
   3.5944000e-03   5.9523810e-03
   4.1080000e-03   1.7857143e-02
   4.6216000e-03   2.3809524e-02
   5.1344000e-03   5.3571429e-02
   5.6480000e-03   7.7380952e-02
   6.1616000e-03   1.0714286e-01
   6.6752000e-03   1.1904762e-01
   7.1888000e-03   1.4880952e-01
   7.7024000e-03   1.7857143e-01
   8.2160000e-03   1.8452381e-01
   8.7288000e-03   1.9047619e-01
   9.2424000e-03   2.0238095e-01
   9.7560000e-03   2.2023810e-01
   1.0269600e-02   2.2619048e-01
   1.0783200e-02   2.3214286e-01
   1.1296800e-02   2.5000000e-01
   1.1809600e-02   2.6190476e-01
   1.2323200e-02   2.6785714e-01
   1.2836800e-02   2.9166667e-01
   1.3350400e-02   2.9761905e-01
   1.3864000e-02   3.2142857e-01
   1.4377600e-02   3.3333333e-01
   1.4891200e-02   3.4523810e-01
   1.5404000e-02   3.5714286e-01
   1.5917600e-02   3.8095238e-01
   1.6944800e-02   3.9285714e-01
   1.7458400e-02   3.9880952e-01
   1.8484800e-02   4.0476190e-01
   1.8998400e-02   4.2857143e-01
   2.0025600e-02   4.3452381e-01
   2.0539200e-02   4.4642857e-01
   2.1052800e-02   4.5238095e-01
   2.1566400e-02   4.6428571e-01
   2.2079200e-02   4.7619048e-01
   2.2592800e-02   4.9404762e-01
   2.3106400e-02   5.0595238e-01
   2.3620000e-02   5.1785714e-01
   2.4647200e-02   5.2976190e-01
   2.5160800e-02   5.3571429e-01
   2.5673600e-02   5.5357143e-01
   2.6700800e-02   5.6547619e-01
   2.7214400e-02   5.8333333e-01
   2.7728000e-02   5.8928571e-01
   2.8241600e-02   5.9523810e-01
   2.8755200e-02   6.0119048e-01
   2.9781600e-02   6.0714286e-01
   3.0808800e-02   6.1904762e-01
   3.1322400e-02   6.2500000e-01
   3.1836000e-02   6.4880952e-01
   3.2349600e-02   6.5476190e-01
   3.2862400e-02   6.6071429e-01
   3.3889600e-02   6.7857143e-01
   3.4403200e-02   6.8452381e-01
   3.4916800e-02   6.9047619e-01
   3.5943200e-02   6.9642857e-01
   3.6456800e-02   7.0238095e-01
   3.8511200e-02   7.0833333e-01
   3.9024000e-02   7.1428571e-01
   4.1592000e-02   7.2619048e-01
   4.3645600e-02   7.3809524e-01
   4.4159200e-02   7.4404762e-01
   4.5186400e-02   7.5000000e-01
   4.6212800e-02   7.5595238e-01
   4.7240000e-02   7.6190476e-01
   4.7753600e-02   7.6785714e-01
   4.8780800e-02   7.7380952e-01
   5.1861600e-02   7.7976190e-01
   5.8023200e-02   7.8571429e-01
   6.0590400e-02   7.9761905e-01
   6.1104000e-02   8.0357143e-01
   6.1617600e-02   8.0952381e-01
   6.6752000e-02   8.1547619e-01
   7.0346400e-02   8.2142857e-01
   7.0860000e-02   8.2738095e-01
   7.1373600e-02   8.3333333e-01
   7.4968000e-02   8.3928571e-01
   7.9589600e-02   8.4523810e-01
   8.0616000e-02   8.5714286e-01
   8.5237600e-02   8.6309524e-01
   8.7291200e-02   8.6904762e-01
   8.8318400e-02   8.7500000e-01
   8.8832000e-02   8.8095238e-01
   9.0372000e-02   8.8690476e-01
   9.2940000e-02   8.9285714e-01
   9.5507200e-02   8.9880952e-01
   9.6534400e-02   9.0476190e-01
   9.9615200e-02   9.1071429e-01
   1.1091120e-01   9.1666667e-01
   1.1399200e-01   9.2261905e-01
   1.2272160e-01   9.2857143e-01
   1.2682960e-01   9.3452381e-01
   1.3607200e-01   9.4047619e-01
   1.4582800e-01   9.4642857e-01
   1.5917840e-01   9.5238095e-01
   1.6534000e-01   9.5833333e-01
   1.6739440e-01   9.6428571e-01
   1.6893440e-01   9.7023810e-01
   1.7458320e-01   9.7619048e-01
   2.0539120e-01   9.8214286e-01
   2.1976880e-01   9.8809524e-01
   2.3774080e-01   9.9404762e-01
   2.6752240e-01   1.0000000e+00
