   6.0048000e-03   0.0000000e+00
   6.0048000e-03   7.9365079e-03
   6.4664000e-03   1.1904762e-02
   7.8520000e-03   3.1746032e-02
   8.7760000e-03   4.3650794e-02
   9.2376000e-03   4.7619048e-02
   9.7000000e-03   5.5555556e-02
   1.0161600e-02   6.7460317e-02
   1.0623200e-02   8.3333333e-02
   1.1085600e-02   1.0714286e-01
   1.1547200e-02   1.1904762e-01
   1.2009600e-02   1.3888889e-01
   1.2471200e-02   1.6269841e-01
   1.2932800e-02   1.7857143e-01
   1.3395200e-02   1.9841270e-01
   1.3856800e-02   2.0238095e-01
   1.4318400e-02   2.2222222e-01
   1.4780800e-02   2.3015873e-01
   1.5242400e-02   2.3412698e-01
   1.5704000e-02   2.5793651e-01
   1.6166400e-02   2.7380952e-01
   1.6628000e-02   2.8571429e-01
   1.7090400e-02   3.1746032e-01
   1.7552000e-02   3.3730159e-01
   1.8013600e-02   3.6111111e-01
   1.8476000e-02   3.7301587e-01
   1.8937600e-02   3.8888889e-01
   1.9399200e-02   4.0079365e-01
   1.9861600e-02   4.2063492e-01
   2.0323200e-02   4.2857143e-01
   2.0785600e-02   4.5238095e-01
   2.1247200e-02   4.6031746e-01
   2.1708800e-02   4.7222222e-01
   2.2171200e-02   4.8015873e-01
   2.2632800e-02   4.9603175e-01
   2.3094400e-02   5.0396825e-01
   2.3556800e-02   5.0793651e-01
   2.4018400e-02   5.2380952e-01
   2.4480000e-02   5.4365079e-01
   2.4942400e-02   5.5952381e-01
   2.5404000e-02   5.8730159e-01
   2.5866400e-02   5.9920635e-01
   2.6328000e-02   6.0317460e-01
   2.6789600e-02   6.1507937e-01
   2.7252000e-02   6.2698413e-01
   2.8637600e-02   6.3492063e-01
   2.9099200e-02   6.3888889e-01
   3.0484800e-02   6.4682540e-01
   3.0947200e-02   6.6269841e-01
   3.1408800e-02   6.7460317e-01
   3.1870400e-02   6.8650794e-01
   3.2794400e-02   6.9047619e-01
   3.3256000e-02   6.9444444e-01
   3.4180000e-02   7.0634921e-01
   3.5565600e-02   7.1031746e-01
   3.6028000e-02   7.1428571e-01
   3.6951200e-02   7.1825397e-01
   3.7413600e-02   7.3015873e-01
   3.7875200e-02   7.3412698e-01
   3.8336800e-02   7.4206349e-01
   3.8799200e-02   7.4603175e-01
   3.9260800e-02   7.5396825e-01
   3.9723200e-02   7.6190476e-01
   4.0184800e-02   7.8174603e-01
   4.0646400e-02   7.9365079e-01
   4.1108800e-02   7.9761905e-01
   4.1570400e-02   8.0158730e-01
   4.2494400e-02   8.0555556e-01
   4.2956000e-02   8.0952381e-01
   4.3418400e-02   8.1349206e-01
   4.3880000e-02   8.1746032e-01
   4.4341600e-02   8.2539683e-01
   4.5265600e-02   8.3333333e-01
   4.5727200e-02   8.4126984e-01
   4.7575200e-02   8.4523810e-01
   4.8036800e-02   8.5317460e-01
   4.9422400e-02   8.5714286e-01
   4.9884800e-02   8.6904762e-01
   5.1270400e-02   8.7301587e-01
   5.4041600e-02   8.7698413e-01
   5.4965600e-02   8.8095238e-01
   5.6351200e-02   8.8492063e-01
   5.6812800e-02   8.9285714e-01
   5.9122400e-02   8.9682540e-01
   5.9584000e-02   9.0079365e-01
   6.0046400e-02   9.0476190e-01
   6.1432000e-02   9.0873016e-01
   6.3279200e-02   9.1269841e-01
   6.5127200e-02   9.1666667e-01
   6.6050400e-02   9.2063492e-01
   7.4827200e-02   9.2460317e-01
   7.5750400e-02   9.2857143e-01
   7.6212800e-02   9.3253968e-01
   7.9445600e-02   9.3650794e-01
   8.2679200e-02   9.4444444e-01
   8.3140800e-02   9.5238095e-01
   8.8221600e-02   9.5634921e-01
   9.3764800e-02   9.6031746e-01
   9.4688000e-02   9.6428571e-01
   9.6536000e-02   9.6825397e-01
   9.7921600e-02   9.7222222e-01
   9.8383200e-02   9.7619048e-01
   9.9768800e-02   9.8015873e-01
   1.0207840e-01   9.8412698e-01
   1.1316400e-01   9.8809524e-01
   1.5288720e-01   9.9206349e-01
   1.5612000e-01   9.9603175e-01
   1.6582000e-01   1.0000000e+00
