   9.2321679e-03   0.0000000e+00
   9.2321679e-03   1.3157895e-02
   9.6933412e-03   2.6315789e-02
   1.1833923e-02   3.9473684e-02
   1.2051198e-02   5.2631579e-02
   1.2454465e-02   6.5789474e-02
   1.2549118e-02   7.8947368e-02
   1.2570958e-02   9.2105263e-02
   1.2801579e-02   1.0526316e-01
   1.3130565e-02   1.1842105e-01
   1.4994320e-02   1.3157895e-01
   1.5929456e-02   1.4473684e-01
   1.5991545e-02   1.5789474e-01
   1.6339960e-02   1.7105263e-01
   1.7636167e-02   1.8421053e-01
   1.7943889e-02   1.9736842e-01
   2.0331146e-02   2.1052632e-01
   2.0538909e-02   2.2368421e-01
   2.0830793e-02   2.3684211e-01
   2.0900334e-02   2.5000000e-01
   2.3808805e-02   2.6315789e-01
   2.4154563e-02   2.7631579e-01
   2.4181130e-02   2.8947368e-01
   2.4568966e-02   3.0263158e-01
   2.5676828e-02   3.1578947e-01
   2.5933668e-02   3.2894737e-01
   2.6536847e-02   3.4210526e-01
   2.7026757e-02   3.5526316e-01
   2.7070169e-02   3.6842105e-01
   2.9000011e-02   3.8157895e-01
   2.9430331e-02   3.9473684e-01
   2.9588036e-02   4.0789474e-01
   2.9760995e-02   4.2105263e-01
   3.0520133e-02   4.3421053e-01
   3.1562323e-02   4.4736842e-01
   3.1811865e-02   4.6052632e-01
   3.4725972e-02   4.7368421e-01
   3.4749584e-02   4.8684211e-01
   3.6050203e-02   5.0000000e-01
   3.6105441e-02   5.1315789e-01
   3.7061696e-02   5.2631579e-01
   3.7091543e-02   5.3947368e-01
   3.7712913e-02   5.5263158e-01
   3.8434946e-02   5.6578947e-01
   3.8476699e-02   5.7894737e-01
   3.8818554e-02   5.9210526e-01
   3.9424837e-02   6.0526316e-01
   4.3054066e-02   6.1842105e-01
   4.3125630e-02   6.3157895e-01
   4.4256117e-02   6.4473684e-01
   4.4607104e-02   6.5789474e-01
   4.6612676e-02   6.7105263e-01
   4.7988260e-02   6.8421053e-01
   4.8617697e-02   6.9736842e-01
   4.9274819e-02   7.1052632e-01
   5.0509432e-02   7.2368421e-01
   5.0531273e-02   7.3684211e-01
   5.3516796e-02   7.5000000e-01
   5.3852665e-02   7.6315789e-01
   5.6703895e-02   7.7631579e-01
   5.7218848e-02   7.8947368e-01
   5.7378296e-02   8.0263158e-01
   6.0507096e-02   8.1578947e-01
   6.3107458e-02   8.2894737e-01
   6.3522969e-02   8.4210526e-01
   6.4047911e-02   8.5526316e-01
   8.9467476e-02   8.6842105e-01
   9.0569814e-02   8.8157895e-01
   9.1993994e-02   8.9473684e-01
   9.2556457e-02   9.0789474e-01
   9.3227353e-02   9.2105263e-01
   1.1591794e-01   9.3421053e-01
   1.5596626e-01   9.4736842e-01
   1.5880779e-01   9.6052632e-01
   1.6941839e-01   9.7368421e-01
   2.2154247e-01   9.8684211e-01
   2.2391041e-01   1.0000000e+00
