   2.5264000e-03   0.0000000e+00
   2.5264000e-03   9.3283582e-04
   3.3688000e-03   1.8656716e-03
   3.7896000e-03   4.6641791e-03
   4.2104000e-03   1.0261194e-02
   4.6312000e-03   2.1455224e-02
   5.0528000e-03   3.0783582e-02
   5.4736000e-03   6.0634328e-02
   5.8944000e-03   8.3955224e-02
   6.3160000e-03   1.1847015e-01
   6.7368000e-03   1.5485075e-01
   7.1576000e-03   1.8470149e-01
   7.5792000e-03   2.1735075e-01
   8.0000000e-03   2.3880597e-01
   8.4208000e-03   2.8731343e-01
   8.8424000e-03   3.1156716e-01
   9.2632000e-03   3.3395522e-01
   9.6840000e-03   3.6473881e-01
   1.0105600e-02   3.7966418e-01
   1.0526400e-02   3.9925373e-01
   1.0947200e-02   4.2350746e-01
   1.1368000e-02   4.3843284e-01
   1.1789600e-02   4.5802239e-01
   1.2210400e-02   4.7014925e-01
   1.2632000e-02   4.9253731e-01
   1.3052800e-02   5.1212687e-01
   1.3473600e-02   5.2891791e-01
   1.3894400e-02   5.5130597e-01
   1.4316000e-02   5.6529851e-01
   1.4736800e-02   5.7089552e-01
   1.5157600e-02   5.8582090e-01
   1.5579200e-02   5.9888060e-01
   1.6000000e-02   6.1567164e-01
   1.6420800e-02   6.2313433e-01
   1.6842400e-02   6.3246269e-01
   1.7263200e-02   6.4738806e-01
   1.7684000e-02   6.5671642e-01
   1.8105600e-02   6.6884328e-01
   1.8526400e-02   6.8376866e-01
   1.8947200e-02   6.8936567e-01
   1.9368000e-02   7.0708955e-01
   1.9789600e-02   7.1268657e-01
   2.0210400e-02   7.2014925e-01
   2.0631200e-02   7.2854478e-01
   2.1052800e-02   7.3041045e-01
   2.1473600e-02   7.3694030e-01
   2.1894400e-02   7.4533582e-01
   2.2316000e-02   7.5652985e-01
   2.2736800e-02   7.6492537e-01
   2.3157600e-02   7.6958955e-01
   2.3579200e-02   7.7798507e-01
   2.4000000e-02   7.8078358e-01
   2.4420800e-02   7.8358209e-01
   2.4842400e-02   7.9477612e-01
   2.5263200e-02   7.9757463e-01
   2.5684000e-02   8.0503731e-01
   2.6105600e-02   8.0970149e-01
   2.6526400e-02   8.1809701e-01
   2.6947200e-02   8.2462687e-01
   2.7368000e-02   8.2649254e-01
   2.7789600e-02   8.3395522e-01
   2.8210400e-02   8.3675373e-01
   2.8632000e-02   8.3861940e-01
   2.9052800e-02   8.4514925e-01
   2.9473600e-02   8.4701493e-01
   2.9894400e-02   8.4888060e-01
   3.0316000e-02   8.4981343e-01
   3.0736800e-02   8.5354478e-01
   3.1157600e-02   8.5727612e-01
   3.1579200e-02   8.6100746e-01
   3.2000000e-02   8.6287313e-01
   3.2420800e-02   8.6567164e-01
   3.2842400e-02   8.7220149e-01
   3.3263200e-02   8.7406716e-01
   3.3684000e-02   8.7500000e-01
   3.4105600e-02   8.7593284e-01
   3.4526400e-02   8.7779851e-01
   3.4947200e-02   8.7966418e-01
   3.5368000e-02   8.8152985e-01
   3.5789600e-02   8.8526119e-01
   3.6210400e-02   8.8899254e-01
   3.7052800e-02   8.9365672e-01
   3.7473600e-02   8.9925373e-01
   3.7894400e-02   9.0391791e-01
   3.8316000e-02   9.0764925e-01
   3.8736800e-02   9.0858209e-01
   3.9157600e-02   9.1044776e-01
   3.9579200e-02   9.1138060e-01
   4.0000000e-02   9.1324627e-01
   4.0420800e-02   9.1604478e-01
   4.0842400e-02   9.1884328e-01
   4.1263200e-02   9.2164179e-01
   4.1684000e-02   9.2537313e-01
   4.2947200e-02   9.2910448e-01
   4.3368800e-02   9.3190299e-01
   4.3789600e-02   9.3376866e-01
   4.4210400e-02   9.3563433e-01
   4.4631200e-02   9.3750000e-01
   4.5052800e-02   9.3936567e-01
   4.5473600e-02   9.4216418e-01
   4.5894400e-02   9.4402985e-01
   4.8000000e-02   9.4589552e-01
   4.8420800e-02   9.4682836e-01
   4.8842400e-02   9.4776119e-01
   5.0947200e-02   9.4962687e-01
   5.1789600e-02   9.5055970e-01
   5.2210400e-02   9.5335821e-01
   5.2632000e-02   9.5429104e-01
   5.3052800e-02   9.5522388e-01
   5.3473600e-02   9.5802239e-01
   5.4316000e-02   9.5895522e-01
   5.5157600e-02   9.6082090e-01
   5.5579200e-02   9.6268657e-01
   5.6842400e-02   9.6455224e-01
   5.7684000e-02   9.6548507e-01
   5.9368000e-02   9.6641791e-01
   6.0210400e-02   9.6735075e-01
   6.0631200e-02   9.6828358e-01
   6.1473600e-02   9.6921642e-01
   6.1894400e-02   9.7014925e-01
   6.2316000e-02   9.7201493e-01
   6.2736800e-02   9.7294776e-01
   6.4842400e-02   9.7388060e-01
   6.5684000e-02   9.7481343e-01
   6.6526400e-02   9.7574627e-01
   6.7368000e-02   9.7667910e-01
   6.7789600e-02   9.7761194e-01
   6.8632000e-02   9.7854478e-01
   6.9894400e-02   9.7947761e-01
   7.0736800e-02   9.8041045e-01
   7.4526400e-02   9.8134328e-01
   7.4947200e-02   9.8227612e-01
   7.8316000e-02   9.8320896e-01
   7.9579200e-02   9.8507463e-01
   8.0420800e-02   9.8600746e-01
   8.0842400e-02   9.8694030e-01
   8.1684000e-02   9.8787313e-01
   8.2105600e-02   9.8880597e-01
   8.4631200e-02   9.8973881e-01
   8.6736800e-02   9.9160448e-01
   8.8842400e-02   9.9253731e-01
   9.0526400e-02   9.9347015e-01
   9.0947200e-02   9.9440299e-01
   9.5579200e-02   9.9533582e-01
   9.9368800e-02   9.9626866e-01
   1.0189440e-01   9.9720149e-01
   1.2126320e-01   9.9813433e-01
   1.2631600e-01   9.9906716e-01
   1.4863120e-01   1.0000000e+00
