   2.8112000e-03   0.0000000e+00
   2.8112000e-03   2.0242915e-03
   3.2128000e-03   4.0485830e-03
   3.6144000e-03   1.4170040e-02
   4.0160000e-03   4.4534413e-02
   4.4176000e-03   6.8825911e-02
   4.8192000e-03   9.3117409e-02
   5.2208000e-03   1.4372470e-01
   5.6224000e-03   1.7408907e-01
   6.0240000e-03   2.1457490e-01
   6.4256000e-03   2.6720648e-01
   6.8272000e-03   2.9149798e-01
   7.2288000e-03   3.2186235e-01
   7.6304000e-03   3.6437247e-01
   8.0320000e-03   3.7854251e-01
   8.4336000e-03   3.9676113e-01
   8.8352000e-03   4.2105263e-01
   9.2368000e-03   4.4534413e-01
   9.6384000e-03   4.7368421e-01
   1.0040000e-02   4.8582996e-01
   1.0441600e-02   5.0809717e-01
   1.0843200e-02   5.3238866e-01
   1.1244800e-02   5.4251012e-01
   1.1646400e-02   5.8299595e-01
   1.2048000e-02   5.9716599e-01
   1.2449600e-02   6.1538462e-01
   1.2851200e-02   6.4979757e-01
   1.3252800e-02   6.6396761e-01
   1.3654400e-02   6.8016194e-01
   1.4056000e-02   6.9635628e-01
   1.4457600e-02   7.1457490e-01
   1.4859200e-02   7.2469636e-01
   1.5260800e-02   7.3279352e-01
   1.5662400e-02   7.3886640e-01
   1.6064000e-02   7.4089069e-01
   1.6465600e-02   7.5101215e-01
   1.6867200e-02   7.6315789e-01
   1.7268800e-02   7.6923077e-01
   1.7670400e-02   7.7125506e-01
   1.8072000e-02   7.8137652e-01
   1.8473600e-02   7.8744939e-01
   1.8875200e-02   7.9757085e-01
   1.9276800e-02   8.0769231e-01
   1.9678400e-02   8.0971660e-01
   2.0080000e-02   8.1578947e-01
   2.0481600e-02   8.1983806e-01
   2.0883200e-02   8.2186235e-01
   2.1284800e-02   8.2995951e-01
   2.1686400e-02   8.3603239e-01
   2.2088000e-02   8.4615385e-01
   2.2489600e-02   8.4817814e-01
   2.3293600e-02   8.5425101e-01
   2.3694400e-02   8.6032389e-01
   2.4096800e-02   8.6234818e-01
   2.4498400e-02   8.7651822e-01
   2.4899200e-02   8.7854251e-01
   2.5702400e-02   8.9068826e-01
   2.6506400e-02   8.9676113e-01
   2.6907200e-02   9.0485830e-01
   2.8112800e-02   9.0688259e-01
   2.8514400e-02   9.1093117e-01
   2.8916000e-02   9.1700405e-01
   2.9317600e-02   9.1902834e-01
   2.9719200e-02   9.2105263e-01
   3.0522400e-02   9.2307692e-01
   3.0924000e-02   9.2712551e-01
   3.1727200e-02   9.2914980e-01
   3.3735200e-02   9.3319838e-01
   3.6144800e-02   9.3522267e-01
   3.6546400e-02   9.3724696e-01
   3.6948000e-02   9.3927126e-01
   3.7349600e-02   9.4129555e-01
   3.7751200e-02   9.4331984e-01
   3.8152800e-02   9.4534413e-01
   3.8554400e-02   9.4939271e-01
   3.9357600e-02   9.5141700e-01
   3.9759200e-02   9.5344130e-01
   4.0160800e-02   9.5546559e-01
   4.3373600e-02   9.5748988e-01
   4.3775200e-02   9.5951417e-01
   4.4578400e-02   9.6153846e-01
   4.6184800e-02   9.6356275e-01
   4.6586400e-02   9.6963563e-01
   4.7791200e-02   9.7165992e-01
   4.8192800e-02   9.7368421e-01
   4.9397600e-02   9.7570850e-01
   4.9799200e-02   9.7773279e-01
   5.6626400e-02   9.7975709e-01
   5.8634400e-02   9.8178138e-01
   6.1847200e-02   9.8380567e-01
   6.5461600e-02   9.8582996e-01
   6.7068000e-02   9.8785425e-01
   6.8272800e-02   9.8987854e-01
   6.9879200e-02   9.9190283e-01
   7.0280800e-02   9.9392713e-01
   7.2288800e-02   9.9595142e-01
   7.6304800e-02   9.9797571e-01
   1.0080320e-01   1.0000000e+00
