   6.3831382e-03   0.0000000e+00
   6.3831382e-03   7.4626866e-03
   7.4185615e-03   1.4925373e-02
   7.9833900e-03   2.9850746e-02
   9.1315230e-03   3.7313433e-02
   9.1841673e-03   4.4776119e-02
   9.3722174e-03   5.2238806e-02
   1.0699032e-02   5.9701493e-02
   1.0887001e-02   6.7164179e-02
   1.0974813e-02   7.4626866e-02
   1.1258018e-02   8.2089552e-02
   1.1263946e-02   8.9552239e-02
   1.2120891e-02   9.7014925e-02
   1.2621033e-02   1.0447761e-01
   1.2785098e-02   1.1194030e-01
   1.3282073e-02   1.1940299e-01
   1.3740475e-02   1.2686567e-01
   1.3741015e-02   1.3432836e-01
   1.4581325e-02   1.4179104e-01
   1.4664399e-02   1.4925373e-01
   1.5126355e-02   1.5671642e-01
   1.5236355e-02   1.6417910e-01
   1.6030578e-02   1.7164179e-01
   1.6460943e-02   1.7910448e-01
   1.6477977e-02   1.8656716e-01
   1.6561972e-02   1.9402985e-01
   1.7283834e-02   2.0149254e-01
   1.7366442e-02   2.0895522e-01
   1.7654418e-02   2.1641791e-01
   1.8048182e-02   2.2388060e-01
   1.8687277e-02   2.3134328e-01
   1.9216432e-02   2.3880597e-01
   1.9410112e-02   2.4626866e-01
   2.1047511e-02   2.5373134e-01
   2.1174372e-02   2.6119403e-01
   2.1188416e-02   2.6865672e-01
   2.1496363e-02   2.7611940e-01
   2.1790496e-02   2.8358209e-01
   2.1797879e-02   2.9104478e-01
   2.2357170e-02   2.9850746e-01
   2.2563679e-02   3.0597015e-01
   2.2612729e-02   3.1343284e-01
   2.3382227e-02   3.2089552e-01
   2.3682639e-02   3.2835821e-01
   2.3950680e-02   3.3582090e-01
   2.4016362e-02   3.4328358e-01
   2.4145161e-02   3.5074627e-01
   2.4304931e-02   3.5820896e-01
   2.4606897e-02   3.6567164e-01
   2.4716966e-02   3.7313433e-01
   2.5727999e-02   3.8059701e-01
   2.5836074e-02   3.8805970e-01
   2.6905431e-02   3.9552239e-01
   2.7026435e-02   4.0298507e-01
   2.9076267e-02   4.1044776e-01
   3.0358718e-02   4.1791045e-01
   3.0553361e-02   4.2537313e-01
   3.1031804e-02   4.3283582e-01
   3.1741019e-02   4.4029851e-01
   3.2374042e-02   4.4776119e-01
   3.3301120e-02   4.5522388e-01
   3.3459609e-02   4.6268657e-01
   3.4094033e-02   4.7014925e-01
   3.4845717e-02   4.7761194e-01
   3.5243581e-02   4.8507463e-01
   3.5683898e-02   4.9253731e-01
   3.5750196e-02   5.0000000e-01
   3.5893027e-02   5.0746269e-01
   3.6303392e-02   5.1492537e-01
   3.8697734e-02   5.2238806e-01
   3.8745790e-02   5.2985075e-01
   3.9319159e-02   5.3731343e-01
   4.2882072e-02   5.4477612e-01
   4.3111978e-02   5.5223881e-01
   4.4724207e-02   5.5970149e-01
   4.6060495e-02   5.6716418e-01
   4.6315076e-02   5.7462687e-01
   4.7741567e-02   5.8208955e-01
   4.8658883e-02   5.8955224e-01
   4.8659063e-02   5.9701493e-01
   4.9684888e-02   6.0447761e-01
   5.0380325e-02   6.1194030e-01
   5.0782210e-02   6.1940299e-01
   5.1466026e-02   6.2686567e-01
   5.2171219e-02   6.3432836e-01
   5.2418853e-02   6.4179104e-01
   5.3054704e-02   6.4925373e-01
   5.3549905e-02   6.5671642e-01
   5.4657882e-02   6.6417910e-01
   5.9384366e-02   6.7164179e-01
   6.0246398e-02   6.7910448e-01
   6.1369458e-02   6.8656716e-01
   6.1612234e-02   6.9402985e-01
   6.3344118e-02   7.0149254e-01
   6.5187442e-02   7.0895522e-01
   6.6643336e-02   7.1641791e-01
   6.6819404e-02   7.2388060e-01
   6.7121904e-02   7.3134328e-01
   6.8312190e-02   7.3880597e-01
   6.9105416e-02   7.4626866e-01
   7.4639456e-02   7.5373134e-01
   7.6631475e-02   7.6119403e-01
   7.9675447e-02   7.6865672e-01
   8.2175566e-02   7.7611940e-01
   8.3669655e-02   7.8358209e-01
   8.4119099e-02   7.9104478e-01
   8.5132176e-02   7.9850746e-01
   8.8564618e-02   8.0597015e-01
   9.0776129e-02   8.1343284e-01
   9.0802889e-02   8.2089552e-01
   9.1111991e-02   8.2835821e-01
   9.1216245e-02   8.3582090e-01
   9.5468662e-02   8.4328358e-01
   9.6000576e-02   8.5074627e-01
   1.0484186e-01   8.5820896e-01
   1.0889542e-01   8.6567164e-01
   1.0986269e-01   8.7313433e-01
   1.1229666e-01   8.8059701e-01
   1.1330573e-01   8.8805970e-01
   1.1521506e-01   8.9552239e-01
   1.1777449e-01   9.0298507e-01
   1.1978493e-01   9.1044776e-01
   1.2042739e-01   9.1791045e-01
   1.2130160e-01   9.2537313e-01
   1.2261994e-01   9.3283582e-01
   1.2517663e-01   9.4029851e-01
   1.3321267e-01   9.4776119e-01
   1.3825170e-01   9.5522388e-01
   1.5052148e-01   9.6268657e-01
   1.5899772e-01   9.7014925e-01
   1.6487238e-01   9.7761194e-01
   1.6797813e-01   9.8507463e-01
   1.6827547e-01   9.9253731e-01
   2.5142110e-01   1.0000000e+00
