   2.1832000e-03   0.0000000e+00
   2.1832000e-03   6.0753341e-04
   2.6200000e-03   1.8226002e-03
   3.0568000e-03   3.0376671e-03
   3.4936000e-03   3.6452005e-03
   3.9304000e-03   1.7618469e-02
   4.3672000e-03   2.7339004e-02
   4.8032000e-03   5.5893074e-02
   5.2400000e-03   9.6597813e-02
   5.6768000e-03   1.2940462e-01
   6.1136000e-03   1.8408262e-01
   6.5504000e-03   2.2417983e-01
   6.9872000e-03   2.6245443e-01
   7.4232000e-03   3.1348724e-01
   7.8600000e-03   3.4264885e-01
   8.2968000e-03   3.8153098e-01
   8.7336000e-03   4.0340219e-01
   9.1704000e-03   4.2041312e-01
   9.6072000e-03   4.5686513e-01
   1.0044000e-02   4.8481166e-01
   1.0480000e-02   5.1215067e-01
   1.0916800e-02   5.3888214e-01
   1.1353600e-02   5.5771567e-01
   1.1790400e-02   5.7472661e-01
   1.2227200e-02   6.0145808e-01
   1.2664000e-02   6.1300122e-01
   1.3100800e-02   6.3547995e-01
   1.3536800e-02   6.5735115e-01
   1.3973600e-02   6.7132442e-01
   1.4410400e-02   6.8772783e-01
   1.4847200e-02   7.0048603e-01
   1.5284000e-02   7.1263670e-01
   1.5720800e-02   7.2357230e-01
   1.6156800e-02   7.3693803e-01
   1.6593600e-02   7.4848117e-01
   1.7030400e-02   7.5941677e-01
   1.7467200e-02   7.6792224e-01
   1.7904000e-02   7.7521264e-01
   1.8340800e-02   7.8493317e-01
   1.8777600e-02   7.9100851e-01
   1.9214400e-02   7.9708384e-01
   1.9650400e-02   8.0801944e-01
   2.0087200e-02   8.1166464e-01
   2.0524000e-02   8.1956258e-01
   2.0960800e-02   8.2685298e-01
   2.1397600e-02   8.3596598e-01
   2.1834400e-02   8.4204131e-01
   2.2270400e-02   8.4629405e-01
   2.2707200e-02   8.4690158e-01
   2.3144000e-02   8.5358445e-01
   2.3580800e-02   8.6148238e-01
   2.4017600e-02   8.6695018e-01
   2.4454400e-02   8.7727825e-01
   2.4890400e-02   8.8092345e-01
   2.5327200e-02   8.8517618e-01
   2.5764000e-02   8.9185905e-01
   2.6200800e-02   8.9428919e-01
   2.6637600e-02   8.9854192e-01
   2.7074400e-02   9.0097205e-01
   2.7511200e-02   9.0340219e-01
   2.7948000e-02   9.0765492e-01
   2.8384000e-02   9.1069259e-01
   2.8820800e-02   9.1312272e-01
   2.9257600e-02   9.1494532e-01
   2.9694400e-02   9.1616039e-01
   3.0131200e-02   9.1859052e-01
   3.0568000e-02   9.2162819e-01
   3.1004000e-02   9.2466586e-01
   3.1440800e-02   9.2648846e-01
   3.1877600e-02   9.3013366e-01
   3.2314400e-02   9.3134872e-01
   3.2751200e-02   9.3195626e-01
   3.3188000e-02   9.3438639e-01
   3.3624800e-02   9.3620899e-01
   3.4060800e-02   9.3803159e-01
   3.4497600e-02   9.3985419e-01
   3.4934400e-02   9.4228433e-01
   3.5371200e-02   9.4349939e-01
   3.5808000e-02   9.4592953e-01
   3.6244800e-02   9.4653706e-01
   3.6681600e-02   9.4714459e-01
   3.7117600e-02   9.4835966e-01
   3.7554400e-02   9.4957473e-01
   3.7991200e-02   9.5200486e-01
   3.9301600e-02   9.5504253e-01
   3.9738400e-02   9.5625759e-01
   4.0174400e-02   9.5686513e-01
   4.0611200e-02   9.5747266e-01
   4.1484800e-02   9.5868773e-01
   4.1921600e-02   9.5990279e-01
   4.2358400e-02   9.6051033e-01
   4.3668000e-02   9.6294046e-01
   4.4978400e-02   9.6415553e-01
   4.5415200e-02   9.6476306e-01
   4.5851200e-02   9.6537060e-01
   4.6288000e-02   9.6719320e-01
   4.7598400e-02   9.6780073e-01
   4.8035200e-02   9.6901580e-01
   4.8908000e-02   9.7083840e-01
   4.9344800e-02   9.7144593e-01
   4.9781600e-02   9.7266100e-01
   5.0218400e-02   9.7326853e-01
   5.1528000e-02   9.7387606e-01
   5.2401600e-02   9.7448360e-01
   5.2838400e-02   9.7509113e-01
   5.3712000e-02   9.7569866e-01
   5.4148800e-02   9.7630620e-01
   5.4584800e-02   9.7691373e-01
   5.5895200e-02   9.7752126e-01
   5.7641600e-02   9.7873633e-01
   6.0262400e-02   9.7995140e-01
   6.1135200e-02   9.8055893e-01
   6.1572000e-02   9.8116646e-01
   6.2008800e-02   9.8238153e-01
   6.2882400e-02   9.8298906e-01
   6.3318400e-02   9.8359660e-01
   6.4192000e-02   9.8481166e-01
   6.4628800e-02   9.8541920e-01
   6.5065600e-02   9.8602673e-01
   6.7685600e-02   9.8663426e-01
   6.8122400e-02   9.8724180e-01
   6.8559200e-02   9.8784933e-01
   6.8996000e-02   9.8845687e-01
   6.9868800e-02   9.8906440e-01
   7.4672800e-02   9.8967193e-01
   7.7729600e-02   9.9027947e-01
   7.8165600e-02   9.9088700e-01
   8.4279200e-02   9.9149453e-01
   8.6026400e-02   9.9210207e-01
   8.7772800e-02   9.9331713e-01
   8.8209600e-02   9.9392467e-01
   9.2576800e-02   9.9453220e-01
   9.8253600e-02   9.9513973e-01
   9.8689600e-02   9.9574727e-01
   1.0087360e-01   9.9635480e-01
   1.0829680e-01   9.9696233e-01
   1.1703040e-01   9.9756987e-01
   1.1834080e-01   9.9817740e-01
   1.2096080e-01   9.9878493e-01
   1.3275120e-01   9.9939247e-01
   1.4235840e-01   1.0000000e+00
