   4.4133126e-03   0.0000000e+00
   4.4133126e-03   8.3822297e-04
   5.0164644e-03   1.6764459e-03
   5.1679173e-03   4.1911148e-03
   5.2217188e-03   5.8675608e-03
   5.4450097e-03   6.7057837e-03
   5.4451130e-03   7.5440067e-03
   5.5171826e-03   9.2204526e-03
   5.6366911e-03   1.0058676e-02
   5.6836852e-03   1.0896899e-02
   5.8201133e-03   1.2573345e-02
   5.9542217e-03   1.3411567e-02
   5.9562769e-03   1.4249790e-02
   5.9644563e-03   1.5088013e-02
   6.0212541e-03   1.6764459e-02
   6.1983158e-03   1.7602682e-02
   6.2022898e-03   1.9279128e-02
   6.2379202e-03   2.1793797e-02
   6.2766093e-03   2.2632020e-02
   6.3194914e-03   2.3470243e-02
   6.3362949e-03   2.5146689e-02
   6.3578881e-03   2.5984912e-02
   6.4694307e-03   2.6823135e-02
   6.5262637e-03   2.8499581e-02
   6.5436825e-03   3.0176027e-02
   6.6241256e-03   3.1014250e-02
   6.7138491e-03   3.1852473e-02
   6.7478888e-03   3.2690696e-02
   6.7981210e-03   3.3528919e-02
   6.8216704e-03   3.6881811e-02
   6.8470775e-03   3.7720034e-02
   6.9337379e-03   3.9396479e-02
   6.9680961e-03   4.1072925e-02
   6.9692592e-03   4.1911148e-02
   6.9825669e-03   4.2749371e-02
   6.9941760e-03   4.3587594e-02
   7.1227008e-03   4.4425817e-02
   7.1358800e-03   4.5264040e-02
   7.1571999e-03   4.6102263e-02
   7.2284884e-03   4.6940486e-02
   7.2355312e-03   4.8616932e-02
   7.2623595e-03   4.9455155e-02
   7.3263055e-03   5.0293378e-02
   7.3587547e-03   5.1131601e-02
   7.4279804e-03   5.1969824e-02
   7.4725312e-03   5.4484493e-02
   7.4855449e-03   5.6160939e-02
   7.4962732e-03   5.7837385e-02
   7.5110320e-03   6.2028500e-02
   7.5430093e-03   6.2866723e-02
   7.5712765e-03   6.3704946e-02
   7.6204146e-03   6.5381391e-02
   7.6234361e-03   6.8734283e-02
   7.6657996e-03   6.9572506e-02
   7.7382962e-03   7.1248952e-02
   7.7444464e-03   7.2925398e-02
   7.7712156e-03   7.4601844e-02
   7.7947830e-03   7.8792959e-02
   7.8319228e-03   8.0469405e-02
   7.9261033e-03   8.1307628e-02
   8.0108758e-03   8.3822297e-02
   8.0519450e-03   8.4660520e-02
   8.0627431e-03   8.5498743e-02
   8.0852863e-03   8.8013412e-02
   8.1194433e-03   8.8851635e-02
   8.1268290e-03   9.0528080e-02
   8.2605581e-03   9.3042749e-02
   8.2693518e-03   9.3880972e-02
   8.2834870e-03   9.7233864e-02
   8.2976574e-03   9.8910310e-02
   8.3097728e-03   9.9748533e-02
   8.3390739e-03   1.0058676e-01
   8.3693342e-03   1.0142498e-01
   8.3830183e-03   1.0561609e-01
   8.4265234e-03   1.0729254e-01
   8.4866999e-03   1.0896899e-01
   8.5193815e-03   1.1148365e-01
   8.5251889e-03   1.1232188e-01
   8.5437341e-03   1.1567477e-01
   8.5628553e-03   1.1735122e-01
   8.5997364e-03   1.2154233e-01
   8.6206127e-03   1.2238055e-01
   8.6866846e-03   1.3076278e-01
   8.7762114e-03   1.3411567e-01
   8.7818463e-03   1.3663034e-01
   8.7859589e-03   1.4082146e-01
   8.7968847e-03   1.4165968e-01
   8.8027223e-03   1.4249790e-01
   8.8477929e-03   1.4333613e-01
   8.8960081e-03   1.4417435e-01
   8.9468757e-03   1.4501257e-01
   8.9707092e-03   1.4585080e-01
   9.0352144e-03   1.4668902e-01
   9.0403662e-03   1.4752724e-01
   9.0606962e-03   1.5088013e-01
   9.0744767e-03   1.5171836e-01
   9.1149343e-03   1.5590947e-01
   9.1371232e-03   1.5674769e-01
   9.2920091e-03   1.5842414e-01
   9.3025933e-03   1.5926236e-01
   9.3088106e-03   1.6345348e-01
   9.3107018e-03   1.6512992e-01
   9.3423610e-03   1.6764459e-01
   9.3568001e-03   1.7183571e-01
   9.4098816e-03   1.7351215e-01
   9.4468771e-03   1.7435038e-01
   9.4577517e-03   1.7518860e-01
   9.4945559e-03   1.7602682e-01
   9.5044424e-03   1.7770327e-01
   9.5522027e-03   1.7854149e-01
   9.5552279e-03   1.8105616e-01
   9.5771465e-03   1.8357083e-01
   9.5860706e-03   1.8692372e-01
   9.6269362e-03   1.8776194e-01
   9.6303454e-03   1.8860017e-01
   9.6446519e-03   1.9027661e-01
   9.7096598e-03   1.9195306e-01
   9.7304077e-03   1.9279128e-01
   9.7989462e-03   1.9446773e-01
   9.8084414e-03   1.9614417e-01
   9.8162300e-03   1.9782062e-01
   9.8197795e-03   2.0117351e-01
   9.8237448e-03   2.0284996e-01
   9.8582746e-03   2.0620285e-01
   9.9234658e-03   2.0871752e-01
   9.9489798e-03   2.1039396e-01
   1.0032247e-02   2.1123219e-01
   1.0070209e-02   2.1458508e-01
   1.0094152e-02   2.1626153e-01
   1.0098295e-02   2.1709975e-01
   1.0132259e-02   2.1793797e-01
   1.0143163e-02   2.1877619e-01
   1.0144811e-02   2.2380553e-01
   1.0153155e-02   2.2548198e-01
   1.0222481e-02   2.2632020e-01
   1.0273874e-02   2.2883487e-01
   1.0286375e-02   2.3134954e-01
   1.0324369e-02   2.3470243e-01
   1.0325005e-02   2.3721710e-01
   1.0336966e-02   2.4140821e-01
   1.0361339e-02   2.4224644e-01
   1.0374176e-02   2.4476111e-01
   1.0437488e-02   2.4643755e-01
   1.0439467e-02   2.4727578e-01
   1.0442782e-02   2.4979044e-01
   1.0489447e-02   2.5146689e-01
   1.0526320e-02   2.5649623e-01
   1.0585671e-02   2.5817267e-01
   1.0585943e-02   2.5984912e-01
   1.0600521e-02   2.6068734e-01
   1.0602683e-02   2.6236379e-01
   1.0610583e-02   2.6404023e-01
   1.0611452e-02   2.6487846e-01
   1.0627994e-02   2.6571668e-01
   1.0638422e-02   2.6906957e-01
   1.0646666e-02   2.6990780e-01
   1.0660557e-02   2.7242246e-01
   1.0661375e-02   2.7409891e-01
   1.0735243e-02   2.7829003e-01
   1.0774848e-02   2.7912825e-01
   1.0835782e-02   2.7996647e-01
   1.0840943e-02   2.8080469e-01
   1.0852945e-02   2.8499581e-01
   1.0853021e-02   2.8667225e-01
   1.0888896e-02   2.8751048e-01
   1.0934424e-02   2.8834870e-01
   1.0956296e-02   2.8918692e-01
   1.1034365e-02   2.9002515e-01
   1.1037016e-02   2.9086337e-01
   1.1101446e-02   2.9170159e-01
   1.1101813e-02   2.9253982e-01
   1.1102147e-02   2.9337804e-01
   1.1124367e-02   2.9505448e-01
   1.1142518e-02   2.9589271e-01
   1.1146214e-02   2.9756915e-01
   1.1171433e-02   2.9924560e-01
   1.1176436e-02   3.0176027e-01
   1.1241460e-02   3.0343671e-01
   1.1248202e-02   3.0511316e-01
   1.1277640e-02   3.0595138e-01
   1.1343726e-02   3.1098072e-01
   1.1357019e-02   3.1265717e-01
   1.1370207e-02   3.1433361e-01
   1.1401071e-02   3.1517184e-01
   1.1406853e-02   3.1936295e-01
   1.1452154e-02   3.2020117e-01
   1.1456047e-02   3.2103940e-01
   1.1457468e-02   3.2187762e-01
   1.1462236e-02   3.2355407e-01
   1.1466604e-02   3.2606873e-01
   1.1549305e-02   3.2690696e-01
   1.1602166e-02   3.2774518e-01
   1.1604974e-02   3.2942163e-01
   1.1616670e-02   3.3025985e-01
   1.1619201e-02   3.3109807e-01
   1.1640227e-02   3.3193630e-01
   1.1644136e-02   3.3277452e-01
   1.1762117e-02   3.3445096e-01
   1.1781678e-02   3.3528919e-01
   1.1854586e-02   3.3780386e-01
   1.1873119e-02   3.3864208e-01
   1.1887393e-02   3.3948030e-01
   1.1928913e-02   3.4115675e-01
   1.1944062e-02   3.4199497e-01
   1.1966561e-02   3.4283319e-01
   1.1981276e-02   3.4534786e-01
   1.2062013e-02   3.4702431e-01
   1.2078528e-02   3.4786253e-01
   1.2135702e-02   3.4870075e-01
   1.2151236e-02   3.5205365e-01
   1.2192720e-02   3.5289187e-01
   1.2207399e-02   3.5373009e-01
   1.2255396e-02   3.5456832e-01
   1.2259941e-02   3.5540654e-01
   1.2275819e-02   3.5875943e-01
   1.2285201e-02   3.6043588e-01
   1.2285710e-02   3.6127410e-01
   1.2338778e-02   3.6211232e-01
   1.2389840e-02   3.6462699e-01
   1.2403449e-02   3.6546521e-01
   1.2425540e-02   3.6630344e-01
   1.2429072e-02   3.6881811e-01
   1.2475776e-02   3.6965633e-01
   1.2574611e-02   3.7049455e-01
   1.2591652e-02   3.7300922e-01
   1.2665623e-02   3.7384744e-01
   1.2673040e-02   3.7636211e-01
   1.2677142e-02   3.7803856e-01
   1.2703944e-02   3.7971500e-01
   1.2723582e-02   3.8055323e-01
   1.2757249e-02   3.8222967e-01
   1.2842652e-02   3.8390612e-01
   1.2876705e-02   3.8893546e-01
   1.2912099e-02   3.8977368e-01
   1.2930175e-02   3.9061190e-01
   1.2955875e-02   3.9312657e-01
   1.2985546e-02   3.9396479e-01
   1.3012096e-02   3.9480302e-01
   1.3053642e-02   3.9564124e-01
   1.3087365e-02   3.9731769e-01
   1.3110902e-02   3.9815591e-01
   1.3168730e-02   3.9899413e-01
   1.3180229e-02   4.0067058e-01
   1.3183123e-02   4.0234702e-01
   1.3189040e-02   4.0318525e-01
   1.3194224e-02   4.0402347e-01
   1.3239327e-02   4.0486169e-01
   1.3256520e-02   4.0569992e-01
   1.3262832e-02   4.0653814e-01
   1.3304260e-02   4.0821459e-01
   1.3318603e-02   4.0989103e-01
   1.3427163e-02   4.1156748e-01
   1.3432857e-02   4.1324392e-01
   1.3442056e-02   4.1408215e-01
   1.3451864e-02   4.1492037e-01
   1.3472663e-02   4.1575859e-01
   1.3483383e-02   4.1659681e-01
   1.3492972e-02   4.1743504e-01
   1.3519606e-02   4.1827326e-01
   1.3526584e-02   4.1994971e-01
   1.3556306e-02   4.2078793e-01
   1.3560552e-02   4.2162615e-01
   1.3666438e-02   4.2330260e-01
   1.3681887e-02   4.2414082e-01
   1.3694155e-02   4.2497904e-01
   1.3755048e-02   4.2581727e-01
   1.3756771e-02   4.2665549e-01
   1.3780875e-02   4.2749371e-01
   1.3806020e-02   4.2833194e-01
   1.3818599e-02   4.3084661e-01
   1.3852232e-02   4.3168483e-01
   1.3915762e-02   4.3419950e-01
   1.3935914e-02   4.3503772e-01
   1.3939077e-02   4.3587594e-01
   1.3988352e-02   4.3671417e-01
   1.4042313e-02   4.3755239e-01
   1.4067988e-02   4.3839061e-01
   1.4083848e-02   4.3922883e-01
   1.4121377e-02   4.4090528e-01
   1.4196199e-02   4.4174350e-01
   1.4202921e-02   4.4258173e-01
   1.4205633e-02   4.4341995e-01
   1.4208874e-02   4.4425817e-01
   1.4249027e-02   4.4509640e-01
   1.4284286e-02   4.4593462e-01
   1.4313731e-02   4.4677284e-01
   1.4430472e-02   4.5012573e-01
   1.4440197e-02   4.5180218e-01
   1.4471062e-02   4.5683152e-01
   1.4492903e-02   4.5766974e-01
   1.4512308e-02   4.5850796e-01
   1.4518363e-02   4.5934619e-01
   1.4549940e-02   4.6018441e-01
   1.4599868e-02   4.6102263e-01
   1.4628304e-02   4.6186085e-01
   1.4716393e-02   4.6269908e-01
   1.4761628e-02   4.6437552e-01
   1.4800369e-02   4.6521375e-01
   1.4822723e-02   4.6605197e-01
   1.4911332e-02   4.6772842e-01
   1.4926657e-02   4.6856664e-01
   1.4948456e-02   4.6940486e-01
   1.4993066e-02   4.7024308e-01
   1.5022064e-02   4.7275775e-01
   1.5022591e-02   4.7359598e-01
   1.5084807e-02   4.7443420e-01
   1.5141920e-02   4.7527242e-01
   1.5157857e-02   4.7611065e-01
   1.5191386e-02   4.7694887e-01
   1.5228628e-02   4.7778709e-01
   1.5289898e-02   4.7862531e-01
   1.5362919e-02   4.7946354e-01
   1.5373058e-02   4.8030176e-01
   1.5439681e-02   4.8113998e-01
   1.5452894e-02   4.8197821e-01
   1.5504883e-02   4.8281643e-01
   1.5542932e-02   4.8365465e-01
   1.5588951e-02   4.8533110e-01
   1.5594720e-02   4.8700754e-01
   1.5600031e-02   4.8784577e-01
   1.5643221e-02   4.8868399e-01
   1.5661051e-02   4.8952221e-01
   1.5739272e-02   4.9036044e-01
   1.5744555e-02   4.9119866e-01
   1.5753120e-02   4.9203688e-01
   1.5753535e-02   4.9287510e-01
   1.5778064e-02   4.9371333e-01
   1.5819280e-02   4.9455155e-01
   1.5822138e-02   4.9538977e-01
   1.5841187e-02   4.9790444e-01
   1.5852207e-02   4.9874267e-01
   1.5878332e-02   5.0041911e-01
   1.5912079e-02   5.0125733e-01
   1.5953421e-02   5.0209556e-01
   1.5957970e-02   5.0293378e-01
   1.5970695e-02   5.0377200e-01
   1.6055066e-02   5.0461023e-01
   1.6069593e-02   5.0544845e-01
   1.6090944e-02   5.0712490e-01
   1.6104522e-02   5.0796312e-01
   1.6104591e-02   5.0880134e-01
   1.6133095e-02   5.0963956e-01
   1.6158188e-02   5.1047779e-01
   1.6170697e-02   5.1131601e-01
   1.6252919e-02   5.1215423e-01
   1.6292754e-02   5.1383068e-01
   1.6401097e-02   5.1634535e-01
   1.6457314e-02   5.1718357e-01
   1.6466740e-02   5.1969824e-01
   1.6488772e-02   5.2137469e-01
   1.6535992e-02   5.2221291e-01
   1.6538124e-02   5.2388935e-01
   1.6615093e-02   5.2472758e-01
   1.6629492e-02   5.2556580e-01
   1.6660332e-02   5.2640402e-01
   1.6678614e-02   5.2724225e-01
   1.6684955e-02   5.2808047e-01
   1.6738871e-02   5.2891869e-01
   1.6781646e-02   5.2975692e-01
   1.6784058e-02   5.3059514e-01
   1.6843420e-02   5.3143336e-01
   1.6862107e-02   5.3227158e-01
   1.7068298e-02   5.3310981e-01
   1.7070761e-02   5.3394803e-01
   1.7088064e-02   5.3478625e-01
   1.7099351e-02   5.3562448e-01
   1.7136275e-02   5.3730092e-01
   1.7262594e-02   5.3897737e-01
   1.7293282e-02   5.4149204e-01
   1.7328300e-02   5.4233026e-01
   1.7368007e-02   5.4316848e-01
   1.7373369e-02   5.4400671e-01
   1.7424075e-02   5.4484493e-01
   1.7424090e-02   5.4568315e-01
   1.7494736e-02   5.4735960e-01
   1.7554589e-02   5.4819782e-01
   1.7604424e-02   5.4903604e-01
   1.7680445e-02   5.5071249e-01
   1.7694941e-02   5.5155071e-01
   1.7809967e-02   5.5238894e-01
   1.7834983e-02   5.5322716e-01
   1.7844842e-02   5.5490360e-01
   1.7863384e-02   5.5574183e-01
   1.7939369e-02   5.5658005e-01
   1.7990703e-02   5.5741827e-01
   1.8107491e-02   5.5825650e-01
   1.8111236e-02   5.5909472e-01
   1.8168352e-02   5.5993294e-01
   1.8223072e-02   5.6077117e-01
   1.8229869e-02   5.6160939e-01
   1.8244949e-02   5.6244761e-01
   1.8303360e-02   5.6328583e-01
   1.8305642e-02   5.6412406e-01
   1.8326105e-02   5.6496228e-01
   1.8361432e-02   5.6580050e-01
   1.8381350e-02   5.6663873e-01
   1.8393023e-02   5.6747695e-01
   1.8395771e-02   5.6831517e-01
   1.8401404e-02   5.6915339e-01
   1.8492086e-02   5.6999162e-01
   1.8506902e-02   5.7082984e-01
   1.8554472e-02   5.7166806e-01
   1.8570498e-02   5.7250629e-01
   1.8575454e-02   5.7334451e-01
   1.8587412e-02   5.7418273e-01
   1.8605477e-02   5.7502096e-01
   1.8617621e-02   5.7585918e-01
   1.8637838e-02   5.7753562e-01
   1.8641417e-02   5.7921207e-01
   1.8701658e-02   5.8005029e-01
   1.8744608e-02   5.8172674e-01
   1.8863364e-02   5.8340319e-01
   1.8879581e-02   5.8424141e-01
   1.9009335e-02   5.8591785e-01
   1.9037531e-02   5.8675608e-01
   1.9134366e-02   5.8759430e-01
   1.9172266e-02   5.8843252e-01
   1.9200008e-02   5.9010897e-01
   1.9253872e-02   5.9178541e-01
   1.9260069e-02   5.9262364e-01
   1.9289304e-02   5.9430008e-01
   1.9361116e-02   5.9597653e-01
   1.9419320e-02   5.9765298e-01
   1.9519783e-02   5.9932942e-01
   1.9574985e-02   6.0016764e-01
   1.9621409e-02   6.0100587e-01
   1.9625393e-02   6.0184409e-01
   1.9631048e-02   6.0268231e-01
   1.9684251e-02   6.0352054e-01
   1.9716463e-02   6.0435876e-01
   1.9720677e-02   6.0519698e-01
   1.9744122e-02   6.0603521e-01
   1.9758903e-02   6.0687343e-01
   1.9804690e-02   6.0771165e-01
   1.9846932e-02   6.0854987e-01
   1.9877186e-02   6.0938810e-01
   1.9887354e-02   6.1022632e-01
   1.9892559e-02   6.1190277e-01
   1.9894609e-02   6.1274099e-01
   1.9932028e-02   6.1357921e-01
   1.9947908e-02   6.1525566e-01
   1.9963373e-02   6.1609388e-01
   2.0002163e-02   6.1693210e-01
   2.0048283e-02   6.1777033e-01
   2.0050644e-02   6.1860855e-01
   2.0066340e-02   6.1944677e-01
   2.0132792e-02   6.2028500e-01
   2.0141012e-02   6.2112322e-01
   2.0180030e-02   6.2196144e-01
   2.0222012e-02   6.2363789e-01
   2.0233257e-02   6.2447611e-01
   2.0235459e-02   6.2531433e-01
   2.0244300e-02   6.2699078e-01
   2.0360887e-02   6.2782900e-01
   2.0428859e-02   6.2866723e-01
   2.0517168e-02   6.2950545e-01
   2.0572417e-02   6.3034367e-01
   2.0649344e-02   6.3118189e-01
   2.0656116e-02   6.3202012e-01
   2.0672800e-02   6.3285834e-01
   2.0704732e-02   6.3369656e-01
   2.0723727e-02   6.3453479e-01
   2.0800126e-02   6.3537301e-01
   2.0805333e-02   6.3621123e-01
   2.0876491e-02   6.3704946e-01
   2.0962441e-02   6.3788768e-01
   2.0986638e-02   6.3872590e-01
   2.1171343e-02   6.4124057e-01
   2.1189987e-02   6.4207879e-01
   2.1197233e-02   6.4291702e-01
   2.1226560e-02   6.4375524e-01
   2.1264911e-02   6.4459346e-01
   2.1373364e-02   6.4543168e-01
   2.1454677e-02   6.4626991e-01
   2.1549583e-02   6.4710813e-01
   2.1563209e-02   6.4794635e-01
   2.1598186e-02   6.4878458e-01
   2.1668491e-02   6.4962280e-01
   2.1672249e-02   6.5046102e-01
   2.1681333e-02   6.5129925e-01
   2.1706594e-02   6.5297569e-01
   2.1836962e-02   6.5465214e-01
   2.1869633e-02   6.5632858e-01
   2.1976105e-02   6.5716681e-01
   2.1979826e-02   6.5800503e-01
   2.1983360e-02   6.5884325e-01
   2.2171797e-02   6.5968148e-01
   2.2178144e-02   6.6135792e-01
   2.2216555e-02   6.6219614e-01
   2.2230091e-02   6.6303437e-01
   2.2233106e-02   6.6387259e-01
   2.2284007e-02   6.6471081e-01
   2.2456590e-02   6.6554904e-01
   2.2457206e-02   6.6806370e-01
   2.2470834e-02   6.6974015e-01
   2.2489339e-02   6.7057837e-01
   2.2531396e-02   6.7141660e-01
   2.2533096e-02   6.7225482e-01
   2.2536960e-02   6.7309304e-01
   2.2696889e-02   6.7393127e-01
   2.2720780e-02   6.7476949e-01
   2.2771218e-02   6.7560771e-01
   2.2797065e-02   6.7644593e-01
   2.2800417e-02   6.7728416e-01
   2.2870982e-02   6.7812238e-01
   2.2873231e-02   6.7896060e-01
   2.2972398e-02   6.7979883e-01
   2.2982281e-02   6.8063705e-01
   2.3058339e-02   6.8147527e-01
   2.3203636e-02   6.8231350e-01
   2.3237837e-02   6.8315172e-01
   2.3254983e-02   6.8398994e-01
   2.3309226e-02   6.8482816e-01
   2.3351910e-02   6.8566639e-01
   2.3359861e-02   6.8650461e-01
   2.3363603e-02   6.8734283e-01
   2.3402888e-02   6.8818106e-01
   2.3424497e-02   6.8901928e-01
   2.3430045e-02   6.8985750e-01
   2.3621988e-02   6.9069573e-01
   2.3672521e-02   6.9153395e-01
   2.3690369e-02   6.9237217e-01
   2.3747774e-02   6.9404862e-01
   2.3749404e-02   6.9488684e-01
   2.3822597e-02   6.9572506e-01
   2.3884505e-02   6.9656329e-01
   2.4003170e-02   6.9740151e-01
   2.4021455e-02   6.9823973e-01
   2.4039066e-02   6.9907795e-01
   2.4129918e-02   6.9991618e-01
   2.4256488e-02   7.0075440e-01
   2.4265517e-02   7.0159262e-01
   2.4425890e-02   7.0243085e-01
   2.4523701e-02   7.0326907e-01
   2.4531050e-02   7.0410729e-01
   2.4570403e-02   7.0494552e-01
   2.4572519e-02   7.0578374e-01
   2.4588888e-02   7.0662196e-01
   2.4638649e-02   7.0746018e-01
   2.4781087e-02   7.0829841e-01
   2.4838339e-02   7.0913663e-01
   2.4849249e-02   7.0997485e-01
   2.4851081e-02   7.1165130e-01
   2.5015907e-02   7.1248952e-01
   2.5065377e-02   7.1332775e-01
   2.5202234e-02   7.1416597e-01
   2.5206325e-02   7.1500419e-01
   2.5309293e-02   7.1584241e-01
   2.5324663e-02   7.1668064e-01
   2.5364323e-02   7.1751886e-01
   2.5385939e-02   7.1835708e-01
   2.5479947e-02   7.1919531e-01
   2.5596218e-02   7.2003353e-01
   2.5596448e-02   7.2087175e-01
   2.5600042e-02   7.2170997e-01
   2.5630542e-02   7.2254820e-01
   2.5631798e-02   7.2422464e-01
   2.5799707e-02   7.2506287e-01
   2.5812063e-02   7.2673931e-01
   2.5877106e-02   7.2757754e-01
   2.6059399e-02   7.2841576e-01
   2.6069502e-02   7.2925398e-01
   2.6073969e-02   7.3009220e-01
   2.6116910e-02   7.3093043e-01
   2.6338023e-02   7.3176865e-01
   2.6339232e-02   7.3260687e-01
   2.6366700e-02   7.3344510e-01
   2.6384277e-02   7.3428332e-01
   2.6427930e-02   7.3512154e-01
   2.6431542e-02   7.3595977e-01
   2.6435547e-02   7.3679799e-01
   2.6525664e-02   7.3763621e-01
   2.6542734e-02   7.3847443e-01
   2.6875090e-02   7.3931266e-01
   2.6903830e-02   7.4015088e-01
   2.6903854e-02   7.4098910e-01
   2.6988011e-02   7.4182733e-01
   2.7084242e-02   7.4266555e-01
   2.7103917e-02   7.4350377e-01
   2.7120453e-02   7.4434199e-01
   2.7181553e-02   7.4518022e-01
   2.7188991e-02   7.4601844e-01
   2.7199564e-02   7.4685666e-01
   2.7280870e-02   7.4769489e-01
   2.7332132e-02   7.4853311e-01
   2.7391697e-02   7.4937133e-01
   2.7617564e-02   7.5020956e-01
   2.7663963e-02   7.5104778e-01
   2.7690966e-02   7.5188600e-01
   2.7691708e-02   7.5272422e-01
   2.7742701e-02   7.5356245e-01
   2.7806465e-02   7.5440067e-01
   2.7843044e-02   7.5523889e-01
   2.7848068e-02   7.5607712e-01
   2.7903259e-02   7.5691534e-01
   2.7990564e-02   7.5775356e-01
   2.8136625e-02   7.5859179e-01
   2.8152159e-02   7.6026823e-01
   2.8180580e-02   7.6110645e-01
   2.8229009e-02   7.6194468e-01
   2.8315680e-02   7.6278290e-01
   2.8338801e-02   7.6362112e-01
   2.8423393e-02   7.6445935e-01
   2.8514439e-02   7.6529757e-01
   2.8517363e-02   7.6613579e-01
   2.8522324e-02   7.6697402e-01
   2.8526007e-02   7.6781224e-01
   2.8627461e-02   7.6865046e-01
   2.8665619e-02   7.6948868e-01
   2.8687278e-02   7.7032691e-01
   2.8716692e-02   7.7116513e-01
   2.8718130e-02   7.7200335e-01
   2.8721902e-02   7.7284158e-01
   2.8807774e-02   7.7367980e-01
   2.8824070e-02   7.7451802e-01
   2.8842201e-02   7.7535624e-01
   2.8908283e-02   7.7619447e-01
   2.9058797e-02   7.7703269e-01
   2.9090550e-02   7.7787091e-01
   2.9166395e-02   7.7870914e-01
   2.9189412e-02   7.7954736e-01
   2.9393807e-02   7.8038558e-01
   2.9683350e-02   7.8122381e-01
   2.9695588e-02   7.8206203e-01
   2.9813766e-02   7.8290025e-01
   2.9849437e-02   7.8373847e-01
   2.9989780e-02   7.8457670e-01
   3.0211640e-02   7.8541492e-01
   3.0284330e-02   7.8625314e-01
   3.0295389e-02   7.8709137e-01
   3.0395288e-02   7.8792959e-01
   3.0472010e-02   7.8876781e-01
   3.0559882e-02   7.9044426e-01
   3.0596821e-02   7.9128248e-01
   3.0798290e-02   7.9212070e-01
   3.0852269e-02   7.9295893e-01
   3.0891357e-02   7.9379715e-01
   3.0953571e-02   7.9463537e-01
   3.0976533e-02   7.9547360e-01
   3.0978916e-02   7.9631182e-01
   3.1093831e-02   7.9715004e-01
   3.1182558e-02   7.9798826e-01
   3.1200031e-02   7.9882649e-01
   3.1232127e-02   7.9966471e-01
   3.1232834e-02   8.0050293e-01
   3.1255030e-02   8.0134116e-01
   3.1322101e-02   8.0217938e-01
   3.1692676e-02   8.0301760e-01
   3.1741715e-02   8.0385583e-01
   3.1756160e-02   8.0469405e-01
   3.1875359e-02   8.0553227e-01
   3.1884688e-02   8.0637049e-01
   3.2043008e-02   8.0720872e-01
   3.2341281e-02   8.0804694e-01
   3.2346536e-02   8.0888516e-01
   3.2550491e-02   8.0972339e-01
   3.2560057e-02   8.1056161e-01
   3.2562740e-02   8.1223806e-01
   3.2586023e-02   8.1307628e-01
   3.2789961e-02   8.1391450e-01
   3.2803272e-02   8.1475272e-01
   3.2804858e-02   8.1559095e-01
   3.2831692e-02   8.1642917e-01
   3.2849818e-02   8.1726739e-01
   3.3053075e-02   8.1810562e-01
   3.3157441e-02   8.1894384e-01
   3.3230334e-02   8.1978206e-01
   3.3318870e-02   8.2062028e-01
   3.3412230e-02   8.2145851e-01
   3.3531597e-02   8.2229673e-01
   3.3557296e-02   8.2313495e-01
   3.3703836e-02   8.2397318e-01
   3.3799006e-02   8.2481140e-01
   3.3865098e-02   8.2564962e-01
   3.3898839e-02   8.2648785e-01
   3.4069076e-02   8.2732607e-01
   3.4136128e-02   8.2816429e-01
   3.4176066e-02   8.2900251e-01
   3.4291851e-02   8.2984074e-01
   3.4614266e-02   8.3067896e-01
   3.4656013e-02   8.3151718e-01
   3.4667213e-02   8.3235541e-01
   3.4788902e-02   8.3319363e-01
   3.4851139e-02   8.3403185e-01
   3.4862980e-02   8.3487008e-01
   3.4982600e-02   8.3654652e-01
   3.5109179e-02   8.3738474e-01
   3.5288510e-02   8.3822297e-01
   3.5373535e-02   8.3906119e-01
   3.5511909e-02   8.3989941e-01
   3.5535691e-02   8.4157586e-01
   3.5620646e-02   8.4241408e-01
   3.5665520e-02   8.4325231e-01
   3.5980962e-02   8.4409053e-01
   3.6487571e-02   8.4492875e-01
   3.6513875e-02   8.4576697e-01
   3.6531944e-02   8.4660520e-01
   3.6695212e-02   8.4744342e-01
   3.6917875e-02   8.4828164e-01
   3.6942937e-02   8.4911987e-01
   3.7142978e-02   8.4995809e-01
   3.7181922e-02   8.5079631e-01
   3.7479977e-02   8.5163453e-01
   3.7605968e-02   8.5247276e-01
   3.7608503e-02   8.5331098e-01
   3.7640249e-02   8.5414920e-01
   3.7942472e-02   8.5498743e-01
   3.8000055e-02   8.5582565e-01
   3.8026056e-02   8.5666387e-01
   3.8266800e-02   8.5750210e-01
   3.8289404e-02   8.5834032e-01
   3.8740424e-02   8.5917854e-01
   3.8749239e-02   8.6001676e-01
   3.8769860e-02   8.6085499e-01
   3.8811304e-02   8.6169321e-01
   3.8827969e-02   8.6253143e-01
   3.8936458e-02   8.6336966e-01
   3.9049955e-02   8.6420788e-01
   4.0016886e-02   8.6504610e-01
   4.0098630e-02   8.6588433e-01
   4.0266770e-02   8.6672255e-01
   4.0289532e-02   8.6756077e-01
   4.0375423e-02   8.6839899e-01
   4.0571277e-02   8.6923722e-01
   4.0724932e-02   8.7007544e-01
   4.0739695e-02   8.7091366e-01
   4.0802666e-02   8.7175189e-01
   4.0933110e-02   8.7259011e-01
   4.1040590e-02   8.7342833e-01
   4.1316040e-02   8.7426655e-01
   4.1329317e-02   8.7510478e-01
   4.1417821e-02   8.7594300e-01
   4.1671863e-02   8.7678122e-01
   4.1912958e-02   8.7761945e-01
   4.2092705e-02   8.7845767e-01
   4.2104166e-02   8.7929589e-01
   4.2173528e-02   8.8013412e-01
   4.2203089e-02   8.8097234e-01
   4.2239908e-02   8.8181056e-01
   4.2342121e-02   8.8264878e-01
   4.2555466e-02   8.8348701e-01
   4.2920754e-02   8.8432523e-01
   4.2941287e-02   8.8516345e-01
   4.3155035e-02   8.8600168e-01
   4.3199532e-02   8.8683990e-01
   4.3222442e-02   8.8767812e-01
   4.3290579e-02   8.8851635e-01
   4.3336535e-02   8.8935457e-01
   4.3589091e-02   8.9019279e-01
   4.4156316e-02   8.9103101e-01
   4.4168603e-02   8.9186924e-01
   4.4188694e-02   8.9270746e-01
   4.4741020e-02   8.9354568e-01
   4.4976646e-02   8.9438391e-01
   4.5473116e-02   8.9522213e-01
   4.5477981e-02   8.9606035e-01
   4.5593487e-02   8.9689858e-01
   4.6194851e-02   8.9773680e-01
   4.6420273e-02   8.9857502e-01
   4.6766956e-02   8.9941324e-01
   4.7067659e-02   9.0025147e-01
   4.7474811e-02   9.0108969e-01
   4.7579451e-02   9.0192791e-01
   4.7976313e-02   9.0276614e-01
   4.8065077e-02   9.0360436e-01
   4.8336251e-02   9.0444258e-01
   4.8439591e-02   9.0528080e-01
   4.8458873e-02   9.0611903e-01
   4.8557952e-02   9.0695725e-01
   4.8589481e-02   9.0779547e-01
   4.9098318e-02   9.0863370e-01
   4.9108943e-02   9.0947192e-01
   4.9785261e-02   9.1031014e-01
   5.0586322e-02   9.1114837e-01
   5.0662491e-02   9.1198659e-01
   5.0716550e-02   9.1282481e-01
   5.0865892e-02   9.1366303e-01
   5.0893299e-02   9.1450126e-01
   5.1114595e-02   9.1533948e-01
   5.1179535e-02   9.1617770e-01
   5.1323797e-02   9.1701593e-01
   5.1741546e-02   9.1785415e-01
   5.1839059e-02   9.1869237e-01
   5.2032635e-02   9.1953060e-01
   5.2211719e-02   9.2036882e-01
   5.2500898e-02   9.2120704e-01
   5.2687320e-02   9.2204526e-01
   5.2693393e-02   9.2288349e-01
   5.2763839e-02   9.2372171e-01
   5.3232726e-02   9.2455993e-01
   5.3253514e-02   9.2539816e-01
   5.3294451e-02   9.2623638e-01
   5.3429364e-02   9.2707460e-01
   5.3621412e-02   9.2791282e-01
   5.4047856e-02   9.2875105e-01
   5.4407500e-02   9.2958927e-01
   5.4650536e-02   9.3042749e-01
   5.5635961e-02   9.3126572e-01
   5.5876887e-02   9.3210394e-01
   5.6526410e-02   9.3294216e-01
   5.6624351e-02   9.3378039e-01
   5.6853628e-02   9.3461861e-01
   5.7547566e-02   9.3545683e-01
   5.7568990e-02   9.3629505e-01
   5.7843628e-02   9.3713328e-01
   5.8081169e-02   9.3797150e-01
   5.8380226e-02   9.3880972e-01
   5.8653558e-02   9.3964795e-01
   5.8872657e-02   9.4048617e-01
   5.8889221e-02   9.4132439e-01
   5.8997391e-02   9.4216262e-01
   6.0308473e-02   9.4300084e-01
   6.0637447e-02   9.4383906e-01
   6.0790093e-02   9.4467728e-01
   6.1162489e-02   9.4551551e-01
   6.1172659e-02   9.4635373e-01
   6.1395849e-02   9.4719195e-01
   6.1636313e-02   9.4803018e-01
   6.1689608e-02   9.4886840e-01
   6.1699548e-02   9.4970662e-01
   6.1827628e-02   9.5054484e-01
   6.2487986e-02   9.5138307e-01
   6.2628387e-02   9.5222129e-01
   6.2949843e-02   9.5305951e-01
   6.3424398e-02   9.5389774e-01
   6.4019051e-02   9.5473596e-01
   6.4081038e-02   9.5557418e-01
   6.4603033e-02   9.5641241e-01
   6.5366464e-02   9.5725063e-01
   6.5547533e-02   9.5808885e-01
   6.5787765e-02   9.5892707e-01
   6.5969991e-02   9.5976530e-01
   6.6340129e-02   9.6060352e-01
   6.6998270e-02   9.6144174e-01
   6.7477773e-02   9.6227997e-01
   6.7642803e-02   9.6311819e-01
   6.8197700e-02   9.6395641e-01
   6.8617281e-02   9.6479464e-01
   6.8775806e-02   9.6563286e-01
   6.9525451e-02   9.6647108e-01
   7.0123661e-02   9.6730930e-01
   7.0521157e-02   9.6814753e-01
   7.0554172e-02   9.6898575e-01
   7.1265943e-02   9.6982397e-01
   7.4548543e-02   9.7066220e-01
   7.5751087e-02   9.7150042e-01
   7.6402235e-02   9.7233864e-01
   7.6779607e-02   9.7317687e-01
   7.6941614e-02   9.7401509e-01
   7.7744217e-02   9.7485331e-01
   7.8460078e-02   9.7569153e-01
   7.8525471e-02   9.7652976e-01
   7.8820208e-02   9.7736798e-01
   7.9806372e-02   9.7820620e-01
   8.2049579e-02   9.7904443e-01
   8.2365703e-02   9.7988265e-01
   8.3075760e-02   9.8072087e-01
   8.3504878e-02   9.8155909e-01
   8.3529839e-02   9.8239732e-01
   8.7180755e-02   9.8323554e-01
   8.8296510e-02   9.8407376e-01
   8.8956272e-02   9.8491199e-01
   8.9614377e-02   9.8575021e-01
   9.0201872e-02   9.8658843e-01
   9.6353312e-02   9.8742666e-01
   9.7101108e-02   9.8826488e-01
   1.0024558e-01   9.8910310e-01
   1.0198398e-01   9.8994132e-01
   1.0227772e-01   9.9077955e-01
   1.0410580e-01   9.9161777e-01
   1.0447787e-01   9.9245599e-01
   1.0456667e-01   9.9329422e-01
   1.0645393e-01   9.9413244e-01
   1.0937846e-01   9.9497066e-01
   1.1056350e-01   9.9580889e-01
   1.1415986e-01   9.9664711e-01
   1.1898766e-01   9.9748533e-01
   1.2774886e-01   9.9832355e-01
   2.3333193e-01   9.9916178e-01
   2.8710606e-01   1.0000000e+00
