   3.5212424e-03   0.0000000e+00
   3.5212424e-03   6.4102564e-03
   4.7735689e-03   1.2820513e-02
   4.8837683e-03   1.9230769e-02
   4.9986266e-03   2.5641026e-02
   5.3706423e-03   3.2051282e-02
   5.5333809e-03   4.4871795e-02
   5.7784864e-03   5.1282051e-02
   5.7984640e-03   5.7692308e-02
   5.8022162e-03   6.4102564e-02
   5.8617022e-03   7.0512821e-02
   5.8684783e-03   7.6923077e-02
   5.9770760e-03   8.3333333e-02
   6.1526775e-03   8.9743590e-02
   6.2902496e-03   9.6153846e-02
   6.5692678e-03   1.0256410e-01
   6.5817894e-03   1.0897436e-01
   6.9639031e-03   1.1538462e-01
   7.0419060e-03   1.2179487e-01
   7.2858992e-03   1.2820513e-01
   7.4229048e-03   1.3461538e-01
   7.5379911e-03   1.4102564e-01
   7.5449406e-03   1.4743590e-01
   7.5831728e-03   1.6666667e-01
   7.8391169e-03   1.7307692e-01
   7.8409086e-03   1.7948718e-01
   8.0479752e-03   1.9230769e-01
   8.1575485e-03   1.9871795e-01
   8.2202823e-03   2.0512821e-01
   8.2988171e-03   2.1794872e-01
   8.3151483e-03   2.2435897e-01
   8.3690791e-03   2.3076923e-01
   8.4620906e-03   2.3717949e-01
   8.5426669e-03   2.4358974e-01
   8.6134378e-03   2.5000000e-01
   8.7948248e-03   2.6282051e-01
   8.8336352e-03   2.6923077e-01
   8.8957477e-03   2.7564103e-01
   9.0545967e-03   2.8205128e-01
   9.0579182e-03   2.8846154e-01
   9.1568007e-03   2.9487179e-01
   9.1825073e-03   3.0128205e-01
   9.3213460e-03   3.0769231e-01
   9.3893685e-03   3.1410256e-01
   9.5944908e-03   3.2051282e-01
   9.6055731e-03   3.2692308e-01
   9.6801016e-03   3.3333333e-01
   9.8026265e-03   3.3974359e-01
   9.8305046e-03   3.4615385e-01
   9.9625174e-03   3.5256410e-01
   1.0303398e-02   3.5897436e-01
   1.0447224e-02   3.6538462e-01
   1.0453035e-02   3.7179487e-01
   1.0484212e-02   3.7820513e-01
   1.0658541e-02   3.8461538e-01
   1.0658579e-02   3.9102564e-01
   1.0670306e-02   3.9743590e-01
   1.0801640e-02   4.0384615e-01
   1.1039155e-02   4.1025641e-01
   1.1111572e-02   4.1666667e-01
   1.1341061e-02   4.2307692e-01
   1.1378795e-02   4.2948718e-01
   1.1446645e-02   4.4230769e-01
   1.1632132e-02   4.4871795e-01
   1.1777049e-02   4.5512821e-01
   1.1812107e-02   4.6153846e-01
   1.2013121e-02   4.6794872e-01
   1.2575839e-02   4.7435897e-01
   1.2609562e-02   4.8076923e-01
   1.2920071e-02   4.8717949e-01
   1.3198983e-02   4.9358974e-01
   1.3330437e-02   5.0000000e-01
   1.3344611e-02   5.0641026e-01
   1.3581908e-02   5.1282051e-01
   1.3911713e-02   5.1923077e-01
   1.5177202e-02   5.2564103e-01
   1.5345241e-02   5.3205128e-01
   1.5461094e-02   5.3846154e-01
   1.6022539e-02   5.4487179e-01
   1.6096670e-02   5.5128205e-01
   1.6407391e-02   5.5769231e-01
   1.6636856e-02   5.6410256e-01
   1.7085294e-02   5.7051282e-01
   1.7088926e-02   5.7692308e-01
   1.7180006e-02   5.8333333e-01
   1.7506344e-02   5.8974359e-01
   1.7525515e-02   5.9615385e-01
   1.8311391e-02   6.0256410e-01
   1.8855944e-02   6.0897436e-01
   1.8913778e-02   6.1538462e-01
   1.9392329e-02   6.2179487e-01
   2.0106773e-02   6.2820513e-01
   2.0822221e-02   6.3461538e-01
   2.0924478e-02   6.4102564e-01
   2.1038255e-02   6.4743590e-01
   2.1320013e-02   6.5384615e-01
   2.1891777e-02   6.6025641e-01
   2.3240235e-02   6.6666667e-01
   2.4182416e-02   6.7307692e-01
   2.5089686e-02   6.7948718e-01
   2.5108361e-02   6.8589744e-01
   2.5739705e-02   6.9230769e-01
   2.6998782e-02   6.9871795e-01
   2.7496976e-02   7.0512821e-01
   2.7546911e-02   7.1153846e-01
   3.1633615e-02   7.1794872e-01
   3.1727331e-02   7.2435897e-01
   3.2299904e-02   7.3076923e-01
   3.5455408e-02   7.3717949e-01
   3.6680742e-02   7.4358974e-01
   3.6985569e-02   7.5000000e-01
   3.8932760e-02   7.5641026e-01
   3.9000049e-02   7.6282051e-01
   3.9470584e-02   7.6923077e-01
   4.0410555e-02   7.7564103e-01
   4.0933187e-02   7.8205128e-01
   4.1667245e-02   7.8846154e-01
   4.2579293e-02   7.9487179e-01
   4.2979527e-02   8.0128205e-01
   4.3283176e-02   8.0769231e-01
   4.4939001e-02   8.1410256e-01
   4.6016100e-02   8.2051282e-01
   4.6987278e-02   8.2692308e-01
   4.7142433e-02   8.3333333e-01
   4.7345016e-02   8.3974359e-01
   5.0070518e-02   8.4615385e-01
   5.0396492e-02   8.5256410e-01
   5.1364299e-02   8.5897436e-01
   5.2906485e-02   8.6538462e-01
   5.3607888e-02   8.7179487e-01
   5.3802678e-02   8.7820513e-01
   5.4893887e-02   8.8461538e-01
   5.5311717e-02   8.9102564e-01
   6.1223209e-02   8.9743590e-01
   6.3921094e-02   9.0384615e-01
   6.4625427e-02   9.1025641e-01
   6.5470586e-02   9.1666667e-01
   6.6829547e-02   9.2307692e-01
   7.2344527e-02   9.2948718e-01
   7.3807927e-02   9.3589744e-01
   7.3864096e-02   9.4230769e-01
   7.9362837e-02   9.4871795e-01
   8.0770500e-02   9.5512821e-01
   8.1776239e-02   9.6153846e-01
   8.4051587e-02   9.6794872e-01
   8.4980701e-02   9.7435897e-01
   8.9402702e-02   9.8076923e-01
   9.1600094e-02   9.8717949e-01
   9.1869819e-02   9.9358974e-01
   1.0947463e-01   1.0000000e+00
