   6.7720000e-03   0.0000000e+00
   6.7720000e-03   3.2258065e-02
   7.2232000e-03   6.4516129e-02
   7.6752000e-03   9.6774194e-02
   9.0296000e-03   1.2903226e-01
   1.0384000e-02   1.6129032e-01
   1.3544000e-02   2.2580645e-01
   1.3995200e-02   2.5806452e-01
   1.4898400e-02   2.9032258e-01
   1.5349600e-02   3.2258065e-01
   1.5801600e-02   3.5483871e-01
   1.6252800e-02   4.1935484e-01
   1.7607200e-02   4.5161290e-01
   1.8058400e-02   4.8387097e-01
   1.9412800e-02   5.1612903e-01
   2.0316000e-02   5.4838710e-01
   2.2573600e-02   5.8064516e-01
   2.4379200e-02   6.1290323e-01
   2.4830400e-02   6.4516129e-01
   2.6184800e-02   6.7741935e-01
   2.8893600e-02   7.0967742e-01
   3.2505600e-02   7.4193548e-01
   3.3860000e-02   7.7419355e-01
   4.0180800e-02   8.0645161e-01
   4.2437600e-02   8.3870968e-01
   4.5598400e-02   8.7096774e-01
   4.9209600e-02   9.0322581e-01
   5.0112800e-02   9.3548387e-01
   5.4627200e-02   9.6774194e-01
   6.9525600e-02   1.0000000e+00
