   7.2866815e-03   0.0000000e+00
   7.2866815e-03   2.8571429e-03
   8.7708597e-03   5.7142857e-03
   8.9030279e-03   8.5714286e-03
   9.9960820e-03   1.1428571e-02
   1.0131839e-02   1.4285714e-02
   1.0831552e-02   1.7142857e-02
   1.1047460e-02   2.0000000e-02
   1.1058552e-02   2.2857143e-02
   1.1133389e-02   2.8571429e-02
   1.1555084e-02   3.1428571e-02
   1.1815467e-02   3.4285714e-02
   1.2029886e-02   3.7142857e-02
   1.2223394e-02   4.0000000e-02
   1.2226653e-02   4.5714286e-02
   1.2288440e-02   4.8571429e-02
   1.2471245e-02   5.1428571e-02
   1.2624626e-02   5.4285714e-02
   1.2740862e-02   5.7142857e-02
   1.3092049e-02   6.0000000e-02
   1.3162907e-02   6.2857143e-02
   1.3172746e-02   6.8571429e-02
   1.3215552e-02   7.1428571e-02
   1.3400080e-02   7.4285714e-02
   1.4112963e-02   7.7142857e-02
   1.4222483e-02   8.0000000e-02
   1.4306976e-02   8.2857143e-02
   1.4319081e-02   8.5714286e-02
   1.4358843e-02   9.4285714e-02
   1.4678179e-02   9.7142857e-02
   1.4736457e-02   1.0000000e-01
   1.4764416e-02   1.0285714e-01
   1.4831271e-02   1.0571429e-01
   1.5148247e-02   1.0857143e-01
   1.5386131e-02   1.1142857e-01
   1.5478181e-02   1.1428571e-01
   1.5531271e-02   1.1714286e-01
   1.5722656e-02   1.2000000e-01
   1.5777211e-02   1.2285714e-01
   1.5809789e-02   1.2571429e-01
   1.6013995e-02   1.2857143e-01
   1.6276989e-02   1.3142857e-01
   1.6324243e-02   1.3428571e-01
   1.6405550e-02   1.3714286e-01
   1.6541868e-02   1.4000000e-01
   1.6747484e-02   1.4285714e-01
   1.6786393e-02   1.4571429e-01
   1.6803764e-02   1.4857143e-01
   1.7207087e-02   1.5142857e-01
   1.7276163e-02   1.5428571e-01
   1.7502991e-02   1.5714286e-01
   1.7651246e-02   1.6000000e-01
   1.7958662e-02   1.6285714e-01
   1.8339703e-02   1.6571429e-01
   1.8803364e-02   1.6857143e-01
   1.9124113e-02   1.7142857e-01
   1.9302972e-02   1.7428571e-01
   1.9871461e-02   1.7714286e-01
   1.9904170e-02   1.8000000e-01
   1.9978945e-02   1.8285714e-01
   1.9985297e-02   1.8571429e-01
   1.9991733e-02   1.8857143e-01
   2.0025170e-02   1.9142857e-01
   2.0072936e-02   1.9428571e-01
   2.0106928e-02   1.9714286e-01
   2.0163998e-02   2.0000000e-01
   2.0186029e-02   2.0285714e-01
   2.0283723e-02   2.0571429e-01
   2.0328525e-02   2.0857143e-01
   2.0448741e-02   2.1142857e-01
   2.0517484e-02   2.1428571e-01
   2.0631170e-02   2.2000000e-01
   2.1186156e-02   2.2285714e-01
   2.1191151e-02   2.2571429e-01
   2.1219651e-02   2.2857143e-01
   2.1800942e-02   2.3142857e-01
   2.1932742e-02   2.3714286e-01
   2.2168807e-02   2.4000000e-01
   2.2283912e-02   2.4571429e-01
   2.2569648e-02   2.4857143e-01
   2.2720011e-02   2.5142857e-01
   2.2744271e-02   2.5428571e-01
   2.2829933e-02   2.5714286e-01
   2.3324100e-02   2.6000000e-01
   2.4017963e-02   2.6285714e-01
   2.4438816e-02   2.6571429e-01
   2.4453305e-02   2.6857143e-01
   2.4754501e-02   2.7142857e-01
   2.4924915e-02   2.7428571e-01
   2.4968440e-02   2.7714286e-01
   2.5121227e-02   2.8000000e-01
   2.5238241e-02   2.8285714e-01
   2.5432300e-02   2.8571429e-01
   2.5476767e-02   2.8857143e-01
   2.5867154e-02   2.9142857e-01
   2.5913750e-02   2.9428571e-01
   2.5966512e-02   2.9714286e-01
   2.5993540e-02   3.0000000e-01
   2.6255443e-02   3.0285714e-01
   2.6303659e-02   3.0571429e-01
   2.6421979e-02   3.0857143e-01
   2.6466514e-02   3.1142857e-01
   2.6502972e-02   3.1428571e-01
   2.6540453e-02   3.1714286e-01
   2.6766113e-02   3.2000000e-01
   2.6850470e-02   3.2285714e-01
   2.6868827e-02   3.2571429e-01
   2.7269297e-02   3.2857143e-01
   2.7285007e-02   3.3142857e-01
   2.7302185e-02   3.3714286e-01
   2.7405216e-02   3.4000000e-01
   2.7595739e-02   3.4571429e-01
   2.7795020e-02   3.4857143e-01
   2.7839601e-02   3.5142857e-01
   2.7936983e-02   3.5428571e-01
   2.8116062e-02   3.5714286e-01
   2.8829714e-02   3.6000000e-01
   2.8942975e-02   3.6285714e-01
   2.9023953e-02   3.6571429e-01
   2.9105342e-02   3.6857143e-01
   2.9257204e-02   3.7142857e-01
   2.9332183e-02   3.7428571e-01
   2.9623438e-02   3.7714286e-01
   2.9869919e-02   3.8000000e-01
   2.9931954e-02   3.8285714e-01
   3.0389655e-02   3.8571429e-01
   3.0394825e-02   3.8857143e-01
   3.1005213e-02   3.9142857e-01
   3.1043096e-02   3.9428571e-01
   3.1047084e-02   3.9714286e-01
   3.1370737e-02   4.0000000e-01
   3.1914030e-02   4.0285714e-01
   3.2459748e-02   4.0571429e-01
   3.2712849e-02   4.0857143e-01
   3.2721670e-02   4.1142857e-01
   3.3024195e-02   4.1428571e-01
   3.3140279e-02   4.1714286e-01
   3.3232685e-02   4.2000000e-01
   3.3253485e-02   4.2285714e-01
   3.3400168e-02   4.2571429e-01
   3.3638884e-02   4.2857143e-01
   3.3639811e-02   4.3142857e-01
   3.3722914e-02   4.3428571e-01
   3.3803302e-02   4.3714286e-01
   3.3866107e-02   4.4000000e-01
   3.4015927e-02   4.4285714e-01
   3.4165810e-02   4.4571429e-01
   3.4353181e-02   4.4857143e-01
   3.4455468e-02   4.5142857e-01
   3.4775489e-02   4.5428571e-01
   3.4817912e-02   4.5714286e-01
   3.4907896e-02   4.6000000e-01
   3.5014864e-02   4.6285714e-01
   3.5040683e-02   4.6571429e-01
   3.5256695e-02   4.6857143e-01
   3.5301075e-02   4.7142857e-01
   3.5537681e-02   4.7428571e-01
   3.5969708e-02   4.7714286e-01
   3.5971114e-02   4.8000000e-01
   3.6131668e-02   4.8285714e-01
   3.6426106e-02   4.8571429e-01
   3.6450866e-02   4.8857143e-01
   3.6724406e-02   4.9142857e-01
   3.7000444e-02   4.9428571e-01
   3.7363985e-02   4.9714286e-01
   3.7488462e-02   5.0000000e-01
   3.7527069e-02   5.0285714e-01
   3.7689269e-02   5.0571429e-01
   3.7723284e-02   5.0857143e-01
   3.7741255e-02   5.1142857e-01
   3.7910728e-02   5.1428571e-01
   3.8678332e-02   5.1714286e-01
   3.8897716e-02   5.2000000e-01
   3.8978082e-02   5.2285714e-01
   3.9054195e-02   5.2571429e-01
   3.9101043e-02   5.2857143e-01
   3.9140689e-02   5.3142857e-01
   3.9153808e-02   5.3428571e-01
   3.9446919e-02   5.3714286e-01
   3.9467602e-02   5.4000000e-01
   3.9525630e-02   5.4285714e-01
   3.9552110e-02   5.4571429e-01
   3.9759884e-02   5.4857143e-01
   3.9979789e-02   5.5142857e-01
   3.9992738e-02   5.5428571e-01
   4.1147462e-02   5.5714286e-01
   4.1441914e-02   5.6000000e-01
   4.1631335e-02   5.6285714e-01
   4.1789542e-02   5.6571429e-01
   4.1857726e-02   5.6857143e-01
   4.2120578e-02   5.7142857e-01
   4.3323102e-02   5.7428571e-01
   4.3719030e-02   5.7714286e-01
   4.4095777e-02   5.8000000e-01
   4.4320388e-02   5.8285714e-01
   4.4753586e-02   5.8571429e-01
   4.5861877e-02   5.9142857e-01
   4.5893565e-02   5.9428571e-01
   4.6302085e-02   5.9714286e-01
   4.6572554e-02   6.0000000e-01
   4.6581490e-02   6.0285714e-01
   4.6785810e-02   6.0571429e-01
   4.6974793e-02   6.0857143e-01
   4.7121775e-02   6.1142857e-01
   4.7166621e-02   6.1428571e-01
   4.7435214e-02   6.1714286e-01
   4.7716286e-02   6.2000000e-01
   4.7735235e-02   6.2285714e-01
   4.8186066e-02   6.2571429e-01
   4.8672375e-02   6.2857143e-01
   4.8807934e-02   6.3142857e-01
   4.8910605e-02   6.3428571e-01
   4.8962779e-02   6.3714286e-01
   4.9005830e-02   6.4000000e-01
   4.9110420e-02   6.4285714e-01
   4.9140759e-02   6.4571429e-01
   4.9377628e-02   6.4857143e-01
   4.9659829e-02   6.5142857e-01
   4.9674508e-02   6.5428571e-01
   5.0800617e-02   6.5714286e-01
   5.1555731e-02   6.6000000e-01
   5.1612551e-02   6.6285714e-01
   5.2019974e-02   6.6571429e-01
   5.2039063e-02   6.6857143e-01
   5.2153399e-02   6.7142857e-01
   5.2166166e-02   6.7428571e-01
   5.2180258e-02   6.7714286e-01
   5.2200326e-02   6.8000000e-01
   5.2236700e-02   6.8285714e-01
   5.2373814e-02   6.8571429e-01
   5.2959156e-02   6.8857143e-01
   5.3120193e-02   6.9142857e-01
   5.3275251e-02   6.9428571e-01
   5.3365283e-02   6.9714286e-01
   5.3597920e-02   7.0000000e-01
   5.4002609e-02   7.0285714e-01
   5.4106496e-02   7.0571429e-01
   5.4594741e-02   7.0857143e-01
   5.4913371e-02   7.1142857e-01
   5.4991228e-02   7.1428571e-01
   5.4997662e-02   7.1714286e-01
   5.5133793e-02   7.2000000e-01
   5.5278843e-02   7.2285714e-01
   5.5733420e-02   7.2571429e-01
   5.5885209e-02   7.2857143e-01
   5.6027784e-02   7.3142857e-01
   5.6104837e-02   7.3428571e-01
   5.6264677e-02   7.3714286e-01
   5.6642640e-02   7.4000000e-01
   5.6881265e-02   7.4285714e-01
   5.7209441e-02   7.4571429e-01
   5.7826050e-02   7.4857143e-01
   5.7856365e-02   7.5142857e-01
   5.7966980e-02   7.5428571e-01
   5.8165347e-02   7.5714286e-01
   5.8210477e-02   7.6000000e-01
   5.8285343e-02   7.6285714e-01
   5.8667863e-02   7.6571429e-01
   5.9085435e-02   7.6857143e-01
   5.9637822e-02   7.7142857e-01
   5.9975211e-02   7.7428571e-01
   6.0406926e-02   7.7714286e-01
   6.1034189e-02   7.8000000e-01
   6.2038176e-02   7.8285714e-01
   6.2742092e-02   7.8571429e-01
   6.2927871e-02   7.8857143e-01
   6.3240826e-02   7.9142857e-01
   6.3299003e-02   7.9428571e-01
   6.3552461e-02   7.9714286e-01
   6.3992356e-02   8.0000000e-01
   6.4130628e-02   8.0285714e-01
   6.4382336e-02   8.0571429e-01
   6.5124980e-02   8.0857143e-01
   6.5239027e-02   8.1142857e-01
   6.5490481e-02   8.1428571e-01
   6.5845490e-02   8.1714286e-01
   6.6420543e-02   8.2000000e-01
   6.6517428e-02   8.2571429e-01
   6.6585428e-02   8.2857143e-01
   6.6978004e-02   8.3142857e-01
   6.6990213e-02   8.3428571e-01
   6.7466453e-02   8.3714286e-01
   6.8614683e-02   8.4000000e-01
   6.8749924e-02   8.4285714e-01
   6.9816428e-02   8.4571429e-01
   6.9837114e-02   8.4857143e-01
   7.0287747e-02   8.5142857e-01
   7.1438161e-02   8.5428571e-01
   7.1696811e-02   8.5714286e-01
   7.1923289e-02   8.6000000e-01
   7.2241615e-02   8.6285714e-01
   7.3433898e-02   8.6571429e-01
   7.5016540e-02   8.6857143e-01
   7.5883834e-02   8.7142857e-01
   7.6477906e-02   8.7428571e-01
   7.6647853e-02   8.7714286e-01
   7.6687104e-02   8.8000000e-01
   7.9427994e-02   8.8285714e-01
   8.0130573e-02   8.8571429e-01
   8.2308309e-02   8.8857143e-01
   8.3076064e-02   8.9142857e-01
   8.3085377e-02   8.9428571e-01
   8.4059492e-02   8.9714286e-01
   8.5525841e-02   9.0000000e-01
   8.6913066e-02   9.0285714e-01
   8.7700231e-02   9.0571429e-01
   8.7913231e-02   9.0857143e-01
   8.8545634e-02   9.1142857e-01
   8.8896496e-02   9.1428571e-01
   9.0751240e-02   9.1714286e-01
   9.1219294e-02   9.2000000e-01
   9.1687850e-02   9.2285714e-01
   9.2540473e-02   9.2571429e-01
   9.3960002e-02   9.2857143e-01
   9.4882517e-02   9.3142857e-01
   9.6709714e-02   9.3428571e-01
   9.6834800e-02   9.3714286e-01
   9.9243573e-02   9.4000000e-01
   1.0119525e-01   9.4285714e-01
   1.0180367e-01   9.4571429e-01
   1.0227635e-01   9.4857143e-01
   1.0300827e-01   9.5142857e-01
   1.0406937e-01   9.5428571e-01
   1.0736086e-01   9.5714286e-01
   1.0911160e-01   9.6000000e-01
   1.1165483e-01   9.6285714e-01
   1.1496864e-01   9.6571429e-01
   1.1497211e-01   9.6857143e-01
   1.1698357e-01   9.7142857e-01
   1.1775673e-01   9.7428571e-01
   1.1998814e-01   9.7714286e-01
   1.2713465e-01   9.8000000e-01
   1.3091072e-01   9.8285714e-01
   1.3307047e-01   9.8571429e-01
   1.3604146e-01   9.8857143e-01
   1.4350037e-01   9.9142857e-01
   1.5985124e-01   9.9428571e-01
   1.9706090e-01   9.9714286e-01
   2.2701097e-01   1.0000000e+00
