   3.7912000e-03   0.0000000e+00
   3.7912000e-03   6.5359477e-03
   4.2656000e-03   1.3071895e-02
   4.7392000e-03   2.6143791e-02
   5.2136000e-03   3.2679739e-02
   5.6872000e-03   4.5751634e-02
   6.1608000e-03   5.8823529e-02
   6.6352000e-03   7.1895425e-02
   7.1088000e-03   8.4967320e-02
   7.5832000e-03   1.0457516e-01
   8.0568000e-03   1.1764706e-01
   8.5304000e-03   1.3071895e-01
   9.0048000e-03   1.3725490e-01
   9.4784000e-03   1.5686275e-01
   9.9528000e-03   1.8954248e-01
   1.0426400e-02   1.9607843e-01
   1.0900800e-02   2.0261438e-01
   1.1848000e-02   2.2222222e-01
   1.2322400e-02   2.6797386e-01
   1.2796000e-02   2.8104575e-01
   1.3270400e-02   2.8758170e-01
   1.3744000e-02   3.0718954e-01
   1.4218400e-02   3.1372549e-01
   1.4692000e-02   3.3986928e-01
   1.5165600e-02   3.5294118e-01
   1.5640000e-02   3.6601307e-01
   1.6113600e-02   3.8562092e-01
   1.6588000e-02   4.2483660e-01
   1.7061600e-02   4.4444444e-01
   1.7535200e-02   4.5751634e-01
   1.8483200e-02   4.6405229e-01
   1.8957600e-02   4.9673203e-01
   1.9431200e-02   5.0326797e-01
   2.0379200e-02   5.0980392e-01
   2.0852800e-02   5.3594771e-01
   2.1327200e-02   5.4248366e-01
   2.1800800e-02   5.5555556e-01
   2.2748800e-02   5.6209150e-01
   2.4170400e-02   5.6862745e-01
   2.4644800e-02   5.7516340e-01
   2.5118400e-02   5.8169935e-01
   2.5592000e-02   5.8823529e-01
   2.7488000e-02   6.0130719e-01
   2.8436000e-02   6.2091503e-01
   2.9384000e-02   6.2745098e-01
   3.0332000e-02   6.4705882e-01
   3.1753600e-02   6.5359477e-01
   3.2227200e-02   6.6013072e-01
   3.2701600e-02   6.7973856e-01
   3.3175200e-02   6.9281046e-01
   3.4123200e-02   6.9934641e-01
   3.5071200e-02   7.0588235e-01
   3.5544800e-02   7.1895425e-01
   3.6019200e-02   7.2549020e-01
   3.6492800e-02   7.3202614e-01
   3.6966400e-02   7.3856209e-01
   3.7914400e-02   7.4509804e-01
   3.8388800e-02   7.5163399e-01
   3.8862400e-02   7.5816993e-01
   4.0284000e-02   7.7124183e-01
   4.4549600e-02   7.7777778e-01
   4.5024000e-02   7.8431373e-01
   4.6919200e-02   7.9084967e-01
   4.7393600e-02   7.9738562e-01
   4.8341600e-02   8.0392157e-01
   4.8815200e-02   8.1045752e-01
   4.9763200e-02   8.1699346e-01
   5.1659200e-02   8.2352941e-01
   5.2132800e-02   8.3006536e-01
   5.6398400e-02   8.4313725e-01
   5.8768000e-02   8.4967320e-01
   6.1137600e-02   8.5620915e-01
   6.2085600e-02   8.6274510e-01
   6.3507200e-02   8.7581699e-01
   6.3980800e-02   8.8235294e-01
   6.4928800e-02   8.8888889e-01
   6.5403200e-02   8.9542484e-01
   6.7772800e-02   9.0196078e-01
   7.2512000e-02   9.1503268e-01
   7.2985600e-02   9.2156863e-01
   7.6777600e-02   9.2810458e-01
   7.7724800e-02   9.3464052e-01
   8.1516800e-02   9.4117647e-01
   8.8625600e-02   9.4771242e-01
   9.3364800e-02   9.5424837e-01
   9.6682400e-02   9.6078431e-01
   9.8104000e-02   9.6732026e-01
   1.0047360e-01   9.7385621e-01
   1.0142160e-01   9.8039216e-01
   1.1990560e-01   9.8692810e-01
   1.4454960e-01   9.9346405e-01
   1.5971600e-01   1.0000000e+00
