   3.5000000e-03   0.0000000e+00
   3.5000000e-03   3.0581040e-03
   4.0000000e-03   1.5290520e-02
   4.5000000e-03   2.4464832e-02
   5.0000000e-03   3.9755352e-02
   5.5000000e-03   6.7278287e-02
   6.0000000e-03   8.2568807e-02
   6.5000000e-03   1.2538226e-01
   7.0000000e-03   1.4984709e-01
   7.5000000e-03   1.7125382e-01
   8.0000000e-03   2.1100917e-01
   8.5000000e-03   2.3547401e-01
   9.0000000e-03   2.5993884e-01
   9.5000000e-03   2.6605505e-01
   1.0000000e-02   2.9051988e-01
   1.0500000e-02   3.1804281e-01
   1.1000000e-02   3.4250765e-01
   1.1500000e-02   3.6391437e-01
   1.2000000e-02   3.7614679e-01
   1.2500000e-02   3.9143731e-01
   1.3000000e-02   4.0672783e-01
   1.3500000e-02   4.2201835e-01
   1.4000000e-02   4.4648318e-01
   1.4500000e-02   4.7400612e-01
   1.5000000e-02   4.8623853e-01
   1.5500000e-02   5.1070336e-01
   1.6000000e-02   5.2599388e-01
   1.6500000e-02   5.4740061e-01
   1.7000000e-02   5.5045872e-01
   1.7500000e-02   5.5351682e-01
   1.8000000e-02   5.6880734e-01
   1.8500000e-02   5.8715596e-01
   1.9000000e-02   5.9327217e-01
   1.9500000e-02   5.9633028e-01
   2.0000000e-02   6.0856269e-01
   2.0500000e-02   6.1773700e-01
   2.1000000e-02   6.2996942e-01
   2.2500000e-02   6.3302752e-01
   2.3000000e-02   6.4220183e-01
   2.3500000e-02   6.5443425e-01
   2.4000000e-02   6.6360856e-01
   2.4500000e-02   6.6666667e-01
   2.5000000e-02   6.6972477e-01
   2.6000000e-02   6.8195719e-01
   2.6500000e-02   6.9418960e-01
   2.7000000e-02   7.0030581e-01
   2.7500000e-02   7.0948012e-01
   2.8000000e-02   7.1559633e-01
   2.8500000e-02   7.2171254e-01
   3.0000000e-02   7.2477064e-01
   3.0500000e-02   7.2782875e-01
   3.1000000e-02   7.3394495e-01
   3.1500000e-02   7.3700306e-01
   3.2000000e-02   7.4617737e-01
   3.2500000e-02   7.5229358e-01
   3.3000000e-02   7.5535168e-01
   3.3500000e-02   7.5840979e-01
   3.5000000e-02   7.6146789e-01
   3.6500000e-02   7.6452599e-01
   3.7000000e-02   7.6758410e-01
   3.8000000e-02   7.7064220e-01
   3.8500000e-02   7.7370031e-01
   3.9500000e-02   7.7981651e-01
   4.2000000e-02   7.8287462e-01
   4.3000000e-02   7.8593272e-01
   4.3500000e-02   7.8899083e-01
   4.4000000e-02   7.9510703e-01
   4.4500000e-02   7.9816514e-01
   4.6000000e-02   8.0122324e-01
   4.7000000e-02   8.0428135e-01
   4.8000000e-02   8.0733945e-01
   4.8500000e-02   8.1039755e-01
   5.0000000e-02   8.1345566e-01
   5.1500000e-02   8.2262997e-01
   5.2500000e-02   8.2568807e-01
   5.3000000e-02   8.2874618e-01
   5.3500000e-02   8.3180428e-01
   5.4500000e-02   8.3486239e-01
   5.6000000e-02   8.4097859e-01
   5.8000000e-02   8.4709480e-01
   5.8500000e-02   8.5015291e-01
   5.9000000e-02   8.5321101e-01
   5.9500000e-02   8.5626911e-01
   6.1000000e-02   8.5932722e-01
   6.3500000e-02   8.6238532e-01
   6.4000000e-02   8.6544343e-01
   6.6500000e-02   8.6850153e-01
   6.7500000e-02   8.7155963e-01
   6.9500000e-02   8.7461774e-01
   7.0000000e-02   8.7767584e-01
   7.1000000e-02   8.8073394e-01
   7.1500000e-02   8.8379205e-01
   7.2000000e-02   8.8990826e-01
   7.3000000e-02   8.9296636e-01
   7.8000000e-02   8.9602446e-01
   9.0000000e-02   8.9908257e-01
   9.2000000e-02   9.0214067e-01
   9.3000000e-02   9.0519878e-01
   9.3500000e-02   9.0825688e-01
   9.4500000e-02   9.1131498e-01
   9.5000000e-02   9.1437309e-01
   1.0700000e-01   9.1743119e-01
   1.0800000e-01   9.2354740e-01
   1.0850000e-01   9.2660550e-01
   1.1100000e-01   9.2966361e-01
   1.1450000e-01   9.3272171e-01
   1.1500000e-01   9.3577982e-01
   1.2000000e-01   9.3883792e-01
   1.2450000e-01   9.4189602e-01
   1.2800000e-01   9.4801223e-01
   1.2900000e-01   9.5107034e-01
   1.3250000e-01   9.5412844e-01
   1.3700000e-01   9.5718654e-01
   1.4250000e-01   9.6024465e-01
   1.4400000e-01   9.6330275e-01
   1.4500000e-01   9.6636086e-01
   1.5700000e-01   9.6941896e-01
   1.6450000e-01   9.7247706e-01
   1.6600000e-01   9.7553517e-01
   1.7650000e-01   9.7859327e-01
   1.7850000e-01   9.8165138e-01
   1.8700000e-01   9.8470948e-01
   1.8950000e-01   9.8776758e-01
   1.9150000e-01   9.9082569e-01
   1.9250000e-01   9.9388379e-01
   1.9600000e-01   9.9694190e-01
   2.4650000e-01   1.0000000e+00
