   4.6467152e-03   0.0000000e+00
   4.6467152e-03   1.8018018e-03
   4.9148915e-03   3.6036036e-03
   4.9898508e-03   5.4054054e-03
   5.1159012e-03   9.0090090e-03
   5.1550923e-03   1.0810811e-02
   5.1560673e-03   1.2612613e-02
   5.2021935e-03   1.4414414e-02
   5.4296994e-03   1.6216216e-02
   5.4356748e-03   1.8018018e-02
   5.6724290e-03   1.9819820e-02
   5.7773643e-03   2.1621622e-02
   5.8149257e-03   2.5225225e-02
   6.0110729e-03   2.7027027e-02
   6.0138577e-03   2.8828829e-02
   6.2286737e-03   3.2432432e-02
   6.2294806e-03   3.6036036e-02
   6.3143136e-03   3.7837838e-02
   6.4381048e-03   3.9639640e-02
   6.4602223e-03   4.1441441e-02
   6.6019839e-03   4.3243243e-02
   6.6185239e-03   4.5045045e-02
   6.6245666e-03   4.6846847e-02
   6.6997360e-03   5.5855856e-02
   6.7432952e-03   5.9459459e-02
   6.8233653e-03   6.1261261e-02
   6.9537326e-03   6.4864865e-02
   6.9698166e-03   7.0270270e-02
   6.9752912e-03   7.2072072e-02
   7.1308771e-03   7.3873874e-02
   7.2143106e-03   7.5675676e-02
   7.2174757e-03   8.6486486e-02
   7.2474021e-03   8.8288288e-02
   7.2624954e-03   9.0090090e-02
   7.3179383e-03   9.1891892e-02
   7.3333111e-03   9.3693694e-02
   7.4688578e-03   9.7297297e-02
   7.4828318e-03   9.9099099e-02
   7.4904126e-03   1.0090090e-01
   7.5323070e-03   1.0810811e-01
   7.5471920e-03   1.1171171e-01
   7.5887067e-03   1.1891892e-01
   7.6384104e-03   1.2432432e-01
   7.7285399e-03   1.2972973e-01
   7.7628539e-03   1.3153153e-01
   7.7647311e-03   1.3333333e-01
   7.7715749e-03   1.3693694e-01
   7.9840251e-03   1.4054054e-01
   7.9963205e-03   1.4954955e-01
   8.0411362e-03   1.5315315e-01
   8.0601016e-03   1.6396396e-01
   8.1180564e-03   1.6576577e-01
   8.2030696e-03   1.6756757e-01
   8.2270849e-03   1.6936937e-01
   8.2435106e-03   1.7477477e-01
   8.2702739e-03   1.7657658e-01
   8.2859592e-03   1.7837838e-01
   8.3552300e-03   1.8558559e-01
   8.3665043e-03   1.8738739e-01
   8.4183344e-03   1.9099099e-01
   8.4997978e-03   1.9459459e-01
   8.5095098e-03   1.9819820e-01
   8.5384456e-03   2.0180180e-01
   8.5503411e-03   2.0540541e-01
   8.6218495e-03   2.0720721e-01
   8.6562848e-03   2.1081081e-01
   8.7228711e-03   2.1621622e-01
   8.7439350e-03   2.1801802e-01
   8.7580164e-03   2.1981982e-01
   8.7643839e-03   2.2342342e-01
   8.7819507e-03   2.2882883e-01
   8.8004684e-03   2.3063063e-01
   8.8359406e-03   2.3423423e-01
   8.8532362e-03   2.3603604e-01
   8.9194403e-03   2.4144144e-01
   8.9626689e-03   2.4504505e-01
   9.0112421e-03   2.4684685e-01
   9.0229570e-03   2.5225225e-01
   9.0312358e-03   2.5405405e-01
   9.0365400e-03   2.5765766e-01
   9.0866440e-03   2.6126126e-01
   9.0867839e-03   2.6306306e-01
   9.1265532e-03   2.6846847e-01
   9.1711037e-03   2.7027027e-01
   9.2212339e-03   2.7207207e-01
   9.2726272e-03   2.7567568e-01
   9.2738540e-03   2.8108108e-01
   9.2940447e-03   2.8468468e-01
   9.3156027e-03   2.8828829e-01
   9.3438910e-03   2.9189189e-01
   9.3791155e-03   2.9549550e-01
   9.5268308e-03   2.9729730e-01
   9.5302805e-03   2.9909910e-01
   9.5366204e-03   3.0090090e-01
   9.5517926e-03   3.0630631e-01
   9.5707572e-03   3.1891892e-01
   9.6323953e-03   3.2072072e-01
   9.7210115e-03   3.2612613e-01
   9.7873265e-03   3.3153153e-01
   9.8064905e-03   3.3693694e-01
   9.8303056e-03   3.3873874e-01
   9.8358767e-03   3.4054054e-01
   9.9095022e-03   3.4414414e-01
   9.9803578e-03   3.4594595e-01
   9.9959099e-03   3.4774775e-01
   1.0024072e-02   3.4954955e-01
   1.0045554e-02   3.5315315e-01
   1.0050467e-02   3.5855856e-01
   1.0081765e-02   3.6216216e-01
   1.0094063e-02   3.6396396e-01
   1.0114833e-02   3.6936937e-01
   1.0139205e-02   3.7117117e-01
   1.0189129e-02   3.7297297e-01
   1.0222346e-02   3.7657658e-01
   1.0287692e-02   3.7837838e-01
   1.0302101e-02   3.8738739e-01
   1.0310738e-02   3.9099099e-01
   1.0319236e-02   3.9459459e-01
   1.0330567e-02   3.9819820e-01
   1.0362015e-02   4.0360360e-01
   1.0425230e-02   4.0540541e-01
   1.0430122e-02   4.0900901e-01
   1.0467697e-02   4.1081081e-01
   1.0490349e-02   4.1441441e-01
   1.0560845e-02   4.1981982e-01
   1.0593204e-02   4.2342342e-01
   1.0618668e-02   4.2522523e-01
   1.0640197e-02   4.2882883e-01
   1.0725019e-02   4.3063063e-01
   1.0795983e-02   4.3423423e-01
   1.0826190e-02   4.3963964e-01
   1.0832238e-02   4.4144144e-01
   1.0871980e-02   4.4504505e-01
   1.0914442e-02   4.4684685e-01
   1.0918544e-02   4.5045045e-01
   1.0943423e-02   4.5225225e-01
   1.1023575e-02   4.5405405e-01
   1.1098251e-02   4.5765766e-01
   1.1105014e-02   4.6126126e-01
   1.1105668e-02   4.6306306e-01
   1.1155201e-02   4.7027027e-01
   1.1228850e-02   4.7207207e-01
   1.1267831e-02   4.7567568e-01
   1.1270117e-02   4.7747748e-01
   1.1345462e-02   4.8108108e-01
   1.1375423e-02   4.8648649e-01
   1.1382439e-02   4.9009009e-01
   1.1442539e-02   4.9189189e-01
   1.1554007e-02   4.9549550e-01
   1.1592862e-02   4.9729730e-01
   1.1630539e-02   5.0270270e-01
   1.1657877e-02   5.0810811e-01
   1.1670619e-02   5.0990991e-01
   1.1825282e-02   5.1531532e-01
   1.1857670e-02   5.1891892e-01
   1.1858879e-02   5.2432432e-01
   1.1879960e-02   5.2612613e-01
   1.1890532e-02   5.2792793e-01
   1.1945237e-02   5.3153153e-01
   1.1949933e-02   5.3333333e-01
   1.2120171e-02   5.3513514e-01
   1.2128245e-02   5.3693694e-01
   1.2129559e-02   5.4234234e-01
   1.2207503e-02   5.4414414e-01
   1.2226975e-02   5.4594595e-01
   1.2237159e-02   5.4774775e-01
   1.2239304e-02   5.4954955e-01
   1.2239417e-02   5.5315315e-01
   1.2362317e-02   5.5495495e-01
   1.2372995e-02   5.5675676e-01
   1.2373122e-02   5.5855856e-01
   1.2404596e-02   5.6036036e-01
   1.2430264e-02   5.6216216e-01
   1.2434064e-02   5.6396396e-01
   1.2457989e-02   5.6756757e-01
   1.2458844e-02   5.6936937e-01
   1.2557477e-02   5.7117117e-01
   1.2644237e-02   5.7297297e-01
   1.2683707e-02   5.8018018e-01
   1.2709607e-02   5.8198198e-01
   1.2730189e-02   5.8378378e-01
   1.2833437e-02   5.8558559e-01
   1.2877341e-02   5.8738739e-01
   1.2916703e-02   5.9279279e-01
   1.3053470e-02   5.9819820e-01
   1.3136731e-02   6.0000000e-01
   1.3137229e-02   6.0360360e-01
   1.3138056e-02   6.0540541e-01
   1.3155618e-02   6.0720721e-01
   1.3159585e-02   6.0900901e-01
   1.3203233e-02   6.1081081e-01
   1.3331782e-02   6.1261261e-01
   1.3392397e-02   6.1621622e-01
   1.3400602e-02   6.1801802e-01
   1.3429784e-02   6.2162162e-01
   1.3445113e-02   6.2342342e-01
   1.3542944e-02   6.2522523e-01
   1.3601650e-02   6.2702703e-01
   1.3651327e-02   6.2882883e-01
   1.3668692e-02   6.3063063e-01
   1.3674941e-02   6.3243243e-01
   1.3715820e-02   6.3423423e-01
   1.3761400e-02   6.3603604e-01
   1.3775878e-02   6.3783784e-01
   1.3835903e-02   6.3963964e-01
   1.3907483e-02   6.4324324e-01
   1.3953122e-02   6.4504505e-01
   1.4041534e-02   6.4684685e-01
   1.4049804e-02   6.5045045e-01
   1.4069795e-02   6.5405405e-01
   1.4168777e-02   6.5945946e-01
   1.4289776e-02   6.6126126e-01
   1.4341286e-02   6.6306306e-01
   1.4385159e-02   6.6486486e-01
   1.4430446e-02   6.6666667e-01
   1.4434928e-02   6.7027027e-01
   1.4635661e-02   6.7207207e-01
   1.4684147e-02   6.7387387e-01
   1.4695340e-02   6.7567568e-01
   1.4705673e-02   6.7747748e-01
   1.4745803e-02   6.7927928e-01
   1.4950379e-02   6.8108108e-01
   1.4962123e-02   6.8288288e-01
   1.4965757e-02   6.8468468e-01
   1.4981359e-02   6.8648649e-01
   1.4995633e-02   6.8828829e-01
   1.5006331e-02   6.9009009e-01
   1.5025238e-02   6.9189189e-01
   1.5118230e-02   6.9369369e-01
   1.5123153e-02   6.9549550e-01
   1.5139892e-02   6.9909910e-01
   1.5177596e-02   7.0090090e-01
   1.5199522e-02   7.0270270e-01
   1.5208879e-02   7.0450450e-01
   1.5286212e-02   7.0630631e-01
   1.5353246e-02   7.0810811e-01
   1.5390017e-02   7.0990991e-01
   1.5478549e-02   7.1171171e-01
   1.5543664e-02   7.1351351e-01
   1.5644855e-02   7.1531532e-01
   1.5674496e-02   7.1711712e-01
   1.5688426e-02   7.1891892e-01
   1.5722544e-02   7.2072072e-01
   1.5751685e-02   7.2252252e-01
   1.5775377e-02   7.2432432e-01
   1.5860141e-02   7.2612613e-01
   1.5968622e-02   7.2792793e-01
   1.6028109e-02   7.2972973e-01
   1.6093851e-02   7.3153153e-01
   1.6235885e-02   7.3333333e-01
   1.6263861e-02   7.3513514e-01
   1.6337113e-02   7.3693694e-01
   1.6404770e-02   7.4054054e-01
   1.6414256e-02   7.4234234e-01
   1.6443435e-02   7.4414414e-01
   1.6590163e-02   7.4594595e-01
   1.6656708e-02   7.4774775e-01
   1.6738868e-02   7.4954955e-01
   1.6740557e-02   7.5135135e-01
   1.6858128e-02   7.5315315e-01
   1.6875487e-02   7.5675676e-01
   1.7010581e-02   7.6036036e-01
   1.7042087e-02   7.6216216e-01
   1.7099560e-02   7.6396396e-01
   1.7220517e-02   7.6576577e-01
   1.7328723e-02   7.6936937e-01
   1.7514248e-02   7.7297297e-01
   1.7618144e-02   7.7657658e-01
   1.7638788e-02   7.7837838e-01
   1.7670763e-02   7.8018018e-01
   1.7770430e-02   7.8198198e-01
   1.7820676e-02   7.8378378e-01
   1.7886186e-02   7.8738739e-01
   1.8029484e-02   7.8918919e-01
   1.8043665e-02   7.9099099e-01
   1.8127729e-02   7.9279279e-01
   1.8464961e-02   7.9459459e-01
   1.8544733e-02   7.9639640e-01
   1.8911717e-02   7.9819820e-01
   1.8996422e-02   8.0000000e-01
   1.9055849e-02   8.0180180e-01
   1.9059349e-02   8.0360360e-01
   1.9099842e-02   8.0540541e-01
   1.9321402e-02   8.0720721e-01
   1.9323242e-02   8.0900901e-01
   1.9374492e-02   8.1081081e-01
   1.9466291e-02   8.1261261e-01
   1.9612370e-02   8.1441441e-01
   1.9886343e-02   8.1621622e-01
   1.9990053e-02   8.1801802e-01
   2.0005112e-02   8.1981982e-01
   2.0377139e-02   8.2162162e-01
   2.0441959e-02   8.2342342e-01
   2.0650163e-02   8.2522523e-01
   2.0864582e-02   8.2702703e-01
   2.0888553e-02   8.2882883e-01
   2.1065613e-02   8.3063063e-01
   2.1322873e-02   8.3243243e-01
   2.1365135e-02   8.3423423e-01
   2.1500048e-02   8.3603604e-01
   2.1652403e-02   8.3783784e-01
   2.1801238e-02   8.3963964e-01
   2.2157160e-02   8.4144144e-01
   2.2650196e-02   8.4324324e-01
   2.2721470e-02   8.4504505e-01
   2.2936653e-02   8.4684685e-01
   2.3204219e-02   8.4864865e-01
   2.3233459e-02   8.5045045e-01
   2.3468666e-02   8.5225225e-01
   2.3564860e-02   8.5405405e-01
   2.3851626e-02   8.5585586e-01
   2.3987833e-02   8.5765766e-01
   2.4467278e-02   8.5945946e-01
   2.4473828e-02   8.6126126e-01
   2.4554738e-02   8.6306306e-01
   2.4613355e-02   8.6486486e-01
   2.4755285e-02   8.6666667e-01
   2.4768975e-02   8.6846847e-01
   2.5711281e-02   8.7027027e-01
   2.5776593e-02   8.7207207e-01
   2.6078081e-02   8.7387387e-01
   2.6527752e-02   8.7567568e-01
   2.6834525e-02   8.7927928e-01
   2.6903754e-02   8.8108108e-01
   2.7302673e-02   8.8288288e-01
   2.7385942e-02   8.8468468e-01
   2.7593194e-02   8.8648649e-01
   2.7775092e-02   8.8828829e-01
   2.7829175e-02   8.9009009e-01
   2.8337553e-02   8.9189189e-01
   2.8515650e-02   8.9369369e-01
   2.8616689e-02   8.9549550e-01
   2.8861325e-02   8.9729730e-01
   2.9092315e-02   8.9909910e-01
   2.9105540e-02   9.0090090e-01
   2.9123053e-02   9.0270270e-01
   2.9458492e-02   9.0450450e-01
   2.9502171e-02   9.0630631e-01
   2.9633959e-02   9.0810811e-01
   2.9636976e-02   9.0990991e-01
   3.0186816e-02   9.1171171e-01
   3.0416787e-02   9.1351351e-01
   3.1162732e-02   9.1531532e-01
   3.1373209e-02   9.1711712e-01
   3.1473440e-02   9.1891892e-01
   3.1736450e-02   9.2072072e-01
   3.1935930e-02   9.2252252e-01
   3.2347108e-02   9.2432432e-01
   3.3716256e-02   9.2612613e-01
   3.4021810e-02   9.2792793e-01
   3.4640069e-02   9.2972973e-01
   3.6058968e-02   9.3153153e-01
   3.6862370e-02   9.3333333e-01
   3.7030627e-02   9.3513514e-01
   3.7866988e-02   9.3693694e-01
   3.8115856e-02   9.3873874e-01
   3.8479131e-02   9.4054054e-01
   3.9413602e-02   9.4234234e-01
   3.9616484e-02   9.4414414e-01
   4.0048564e-02   9.4594595e-01
   4.0266075e-02   9.4774775e-01
   4.0960238e-02   9.4954955e-01
   4.1396419e-02   9.5135135e-01
   4.3107025e-02   9.5315315e-01
   4.4420592e-02   9.5495495e-01
   4.4739566e-02   9.5675676e-01
   4.5907624e-02   9.5855856e-01
   4.6032315e-02   9.6036036e-01
   4.6058493e-02   9.6216216e-01
   4.6339507e-02   9.6396396e-01
   4.6349973e-02   9.6576577e-01
   4.8528942e-02   9.6756757e-01
   5.3155615e-02   9.6936937e-01
   5.3469770e-02   9.7117117e-01
   5.4572365e-02   9.7297297e-01
   5.8141195e-02   9.7477477e-01
   5.8609491e-02   9.7657658e-01
   6.4150492e-02   9.7837838e-01
   6.5001622e-02   9.8018018e-01
   6.7803698e-02   9.8198198e-01
   7.2556356e-02   9.8378378e-01
   7.2590148e-02   9.8558559e-01
   8.0601373e-02   9.8738739e-01
   8.3839321e-02   9.8918919e-01
   8.4788121e-02   9.9099099e-01
   9.8164135e-02   9.9279279e-01
   1.0560934e-01   9.9459459e-01
   1.2152210e-01   9.9639640e-01
   1.5659007e-01   9.9819820e-01
   1.6838484e-01   1.0000000e+00
