   3.9179568e-03   0.0000000e+00
   3.9179568e-03   2.9761905e-03
   4.4769282e-03   8.9285714e-03
   4.7606452e-03   1.1904762e-02
   5.3883136e-03   1.7857143e-02
   5.3998493e-03   2.0833333e-02
   5.7176060e-03   2.3809524e-02
   6.0344679e-03   2.9761905e-02
   6.3023410e-03   3.5714286e-02
   6.4421799e-03   3.8690476e-02
   6.5708278e-03   4.7619048e-02
   6.5766366e-03   5.3571429e-02
   6.6905033e-03   5.6547619e-02
   6.8565839e-03   6.8452381e-02
   6.9352820e-03   7.1428571e-02
   6.9526274e-03   7.4404762e-02
   7.1187085e-03   8.0357143e-02
   7.1415183e-03   8.3333333e-02
   7.3626528e-03   9.2261905e-02
   7.4308662e-03   9.8214286e-02
   7.4403012e-03   1.0119048e-01
   7.5172527e-03   1.0416667e-01
   7.6137540e-03   1.1904762e-01
   7.6408161e-03   1.2500000e-01
   7.7241316e-03   1.3392857e-01
   7.7656070e-03   1.4285714e-01
   7.8013484e-03   1.4583333e-01
   7.8395677e-03   1.4880952e-01
   7.8713272e-03   1.5476190e-01
   7.8989346e-03   1.5773810e-01
   8.0208848e-03   1.6071429e-01
   8.0387580e-03   1.6369048e-01
   8.0466818e-03   1.6666667e-01
   8.0475786e-03   1.6964286e-01
   8.0579648e-03   1.7261905e-01
   8.3207527e-03   1.7857143e-01
   8.3701300e-03   1.8154762e-01
   8.4034944e-03   1.8750000e-01
   8.5287614e-03   1.9047619e-01
   8.5338538e-03   1.9642857e-01
   8.5422710e-03   1.9940476e-01
   8.6770445e-03   2.0238095e-01
   8.6941690e-03   2.0535714e-01
   8.7203958e-03   2.1130952e-01
   8.7466017e-03   2.1428571e-01
   8.7903980e-03   2.2321429e-01
   8.8693476e-03   2.2619048e-01
   9.0522639e-03   2.2916667e-01
   9.0537299e-03   2.3511905e-01
   9.0841705e-03   2.3809524e-01
   9.1788984e-03   2.4404762e-01
   9.2035987e-03   2.5000000e-01
   9.2368670e-03   2.5297619e-01
   9.2467655e-03   2.5892857e-01
   9.3190028e-03   2.6190476e-01
   9.4046642e-03   2.6488095e-01
   9.4479239e-03   2.7083333e-01
   9.6391442e-03   2.7380952e-01
   9.6566975e-03   2.7678571e-01
   9.7097345e-03   2.7976190e-01
   9.7614064e-03   2.8273810e-01
   9.8655116e-03   2.8571429e-01
   9.8726033e-03   2.9166667e-01
   9.9505197e-03   2.9464286e-01
   9.9511574e-03   2.9761905e-01
   9.9521680e-03   3.0059524e-01
   9.9703171e-03   3.0654762e-01
   1.0095184e-02   3.1547619e-01
   1.0112450e-02   3.1845238e-01
   1.0150576e-02   3.2142857e-01
   1.0260923e-02   3.2440476e-01
   1.0288352e-02   3.3035714e-01
   1.0324007e-02   3.3630952e-01
   1.0356190e-02   3.3928571e-01
   1.0397005e-02   3.4226190e-01
   1.0416121e-02   3.4523810e-01
   1.0558667e-02   3.5416667e-01
   1.0568591e-02   3.5714286e-01
   1.0658298e-02   3.6011905e-01
   1.0661399e-02   3.6309524e-01
   1.0674500e-02   3.6607143e-01
   1.0777092e-02   3.6904762e-01
   1.0783265e-02   3.7202381e-01
   1.0854299e-02   3.8095238e-01
   1.0888273e-02   3.8392857e-01
   1.0961606e-02   3.8690476e-01
   1.1012167e-02   3.9285714e-01
   1.1044001e-02   3.9583333e-01
   1.1053743e-02   3.9880952e-01
   1.1097997e-02   4.0178571e-01
   1.1177979e-02   4.0476190e-01
   1.1215884e-02   4.0773810e-01
   1.1233714e-02   4.1369048e-01
   1.1333698e-02   4.1666667e-01
   1.1372278e-02   4.1964286e-01
   1.1418936e-02   4.2559524e-01
   1.1478342e-02   4.2857143e-01
   1.1481854e-02   4.3154762e-01
   1.1503390e-02   4.3452381e-01
   1.1558898e-02   4.3750000e-01
   1.1616718e-02   4.4047619e-01
   1.1703044e-02   4.4345238e-01
   1.1886729e-02   4.4642857e-01
   1.1902584e-02   4.4940476e-01
   1.1964740e-02   4.5238095e-01
   1.1965820e-02   4.6130952e-01
   1.2462403e-02   4.6428571e-01
   1.2480952e-02   4.6726190e-01
   1.2482071e-02   4.7321429e-01
   1.2486801e-02   4.7619048e-01
   1.2636487e-02   4.7916667e-01
   1.2666482e-02   4.8214286e-01
   1.2793411e-02   4.8511905e-01
   1.2876179e-02   4.9107143e-01
   1.2884360e-02   4.9702381e-01
   1.2957077e-02   5.0000000e-01
   1.3080028e-02   5.0297619e-01
   1.3127463e-02   5.0595238e-01
   1.3304235e-02   5.0892857e-01
   1.3372411e-02   5.1190476e-01
   1.3487142e-02   5.1488095e-01
   1.3535796e-02   5.1785714e-01
   1.3787372e-02   5.2083333e-01
   1.3907116e-02   5.2380952e-01
   1.4013596e-02   5.2678571e-01
   1.4202187e-02   5.2976190e-01
   1.4237417e-02   5.3273810e-01
   1.4461980e-02   5.3571429e-01
   1.4699549e-02   5.4166667e-01
   1.4723104e-02   5.4464286e-01
   1.4782701e-02   5.4761905e-01
   1.4911997e-02   5.5059524e-01
   1.4918853e-02   5.5654762e-01
   1.5042519e-02   5.5952381e-01
   1.5184026e-02   5.6250000e-01
   1.5370324e-02   5.6547619e-01
   1.5448263e-02   5.6845238e-01
   1.5602634e-02   5.7142857e-01
   1.5621125e-02   5.7440476e-01
   1.5645779e-02   5.7738095e-01
   1.5744194e-02   5.8035714e-01
   1.5842858e-02   5.8333333e-01
   1.6182047e-02   5.8630952e-01
   1.6269515e-02   5.8928571e-01
   1.6521089e-02   5.9226190e-01
   1.6663910e-02   5.9523810e-01
   1.7213184e-02   5.9821429e-01
   1.7287421e-02   6.0119048e-01
   1.7338114e-02   6.0416667e-01
   1.7367939e-02   6.0714286e-01
   1.7435423e-02   6.1011905e-01
   1.7659776e-02   6.1309524e-01
   1.7704276e-02   6.1607143e-01
   1.7736370e-02   6.1904762e-01
   1.7840885e-02   6.2202381e-01
   1.8104030e-02   6.2797619e-01
   1.8266235e-02   6.3095238e-01
   1.8406654e-02   6.3392857e-01
   1.8417364e-02   6.3690476e-01
   1.8722906e-02   6.3988095e-01
   1.9014072e-02   6.4285714e-01
   1.9103408e-02   6.4583333e-01
   1.9730264e-02   6.4880952e-01
   1.9939509e-02   6.5178571e-01
   2.0203514e-02   6.5476190e-01
   2.0247013e-02   6.5773810e-01
   2.0527130e-02   6.6071429e-01
   2.0677292e-02   6.6369048e-01
   2.0712381e-02   6.6666667e-01
   2.0801705e-02   6.6964286e-01
   2.0921101e-02   6.7261905e-01
   2.1107281e-02   6.7559524e-01
   2.1137182e-02   6.7857143e-01
   2.1381310e-02   6.8154762e-01
   2.1566558e-02   6.8452381e-01
   2.1622196e-02   6.8750000e-01
   2.1730008e-02   6.9047619e-01
   2.2301732e-02   6.9345238e-01
   2.2869899e-02   6.9642857e-01
   2.2956119e-02   6.9940476e-01
   2.3381415e-02   7.0238095e-01
   2.3437556e-02   7.0535714e-01
   2.3768870e-02   7.0833333e-01
   2.4078449e-02   7.1130952e-01
   2.4671317e-02   7.1726190e-01
   2.5046772e-02   7.2023810e-01
   2.5926514e-02   7.2321429e-01
   2.6141114e-02   7.2619048e-01
   2.6775027e-02   7.2916667e-01
   2.7009126e-02   7.3214286e-01
   2.7531277e-02   7.3511905e-01
   2.7582472e-02   7.3809524e-01
   2.7999179e-02   7.4107143e-01
   2.8038608e-02   7.4404762e-01
   2.8208666e-02   7.4702381e-01
   2.8532572e-02   7.5000000e-01
   2.8616828e-02   7.5297619e-01
   2.9141142e-02   7.5595238e-01
   2.9411671e-02   7.5892857e-01
   3.0622545e-02   7.6190476e-01
   3.1273317e-02   7.6488095e-01
   3.1431119e-02   7.6785714e-01
   3.2294646e-02   7.7083333e-01
   3.3299919e-02   7.7380952e-01
   3.3493775e-02   7.7678571e-01
   3.3919603e-02   7.7976190e-01
   3.4042144e-02   7.8273810e-01
   3.4585071e-02   7.8571429e-01
   3.4646049e-02   7.8869048e-01
   3.5863476e-02   7.9166667e-01
   3.6381103e-02   7.9464286e-01
   3.7188331e-02   7.9761905e-01
   3.8664281e-02   8.0059524e-01
   3.9617311e-02   8.0357143e-01
   3.9737980e-02   8.0654762e-01
   4.0481490e-02   8.0952381e-01
   4.1044645e-02   8.1250000e-01
   4.1628308e-02   8.1547619e-01
   4.1957110e-02   8.1845238e-01
   4.2875132e-02   8.2142857e-01
   4.3648987e-02   8.2440476e-01
   4.5677993e-02   8.2738095e-01
   4.5804303e-02   8.3035714e-01
   4.8134681e-02   8.3333333e-01
   4.9362341e-02   8.3630952e-01
   5.0664805e-02   8.3928571e-01
   5.0700693e-02   8.4226190e-01
   5.1366523e-02   8.4523810e-01
   5.2557015e-02   8.4821429e-01
   5.2689511e-02   8.5119048e-01
   5.3689984e-02   8.5416667e-01
   5.4280778e-02   8.5714286e-01
   5.8460723e-02   8.6011905e-01
   5.8864539e-02   8.6309524e-01
   6.1568337e-02   8.6607143e-01
   6.1587532e-02   8.6904762e-01
   6.1652740e-02   8.7202381e-01
   6.3929325e-02   8.7500000e-01
   6.4495989e-02   8.7797619e-01
   6.4746219e-02   8.8095238e-01
   6.5098341e-02   8.8392857e-01
   6.6572076e-02   8.8690476e-01
   6.7138993e-02   8.8988095e-01
   6.9521359e-02   8.9285714e-01
   7.2500327e-02   8.9583333e-01
   7.3796979e-02   8.9880952e-01
   7.6683874e-02   9.0178571e-01
   7.7762668e-02   9.0476190e-01
   7.8428979e-02   9.0773810e-01
   7.8765799e-02   9.1071429e-01
   8.0816367e-02   9.1369048e-01
   8.1396315e-02   9.1666667e-01
   8.3590612e-02   9.1964286e-01
   8.5313440e-02   9.2261905e-01
   8.6436679e-02   9.2559524e-01
   9.6384105e-02   9.2857143e-01
   9.6578003e-02   9.3154762e-01
   9.9554306e-02   9.3452381e-01
   1.0508246e-01   9.3750000e-01
   1.0744085e-01   9.4047619e-01
   1.1244745e-01   9.4345238e-01
   1.1795852e-01   9.4642857e-01
   1.2744417e-01   9.4940476e-01
   1.3298128e-01   9.5238095e-01
   1.4349980e-01   9.5535714e-01
   1.4618555e-01   9.5833333e-01
   1.4621571e-01   9.6130952e-01
   1.7189292e-01   9.6428571e-01
   1.7565166e-01   9.6726190e-01
   1.7620211e-01   9.7023810e-01
   1.8293236e-01   9.7321429e-01
   1.9512429e-01   9.7619048e-01
   2.2256159e-01   9.7916667e-01
   2.3889791e-01   9.8214286e-01
   2.4239745e-01   9.8511905e-01
   2.5729506e-01   9.8809524e-01
   2.6882779e-01   9.9107143e-01
   2.6884524e-01   9.9404762e-01
   3.0753783e-01   9.9702381e-01
   3.4260991e-01   1.0000000e+00
