   5.1832000e-03   0.0000000e+00
   5.1832000e-03   1.2903226e-02
   5.6152000e-03   1.9354839e-02
   6.0472000e-03   4.5161290e-02
   6.9112000e-03   5.1612903e-02
   7.3432000e-03   5.8064516e-02
   7.7752000e-03   7.7419355e-02
   8.2072000e-03   9.6774194e-02
   8.6392000e-03   1.0322581e-01
   9.0712000e-03   1.2258065e-01
   9.5032000e-03   1.4193548e-01
   9.9352000e-03   1.5483871e-01
   1.0367200e-02   1.6774194e-01
   1.0799200e-02   1.8709677e-01
   1.1231200e-02   2.0000000e-01
   1.1663200e-02   2.1290323e-01
   1.2095200e-02   2.1935484e-01
   1.2527200e-02   2.3225806e-01
   1.2959200e-02   2.8387097e-01
   1.3391200e-02   2.9032258e-01
   1.3823200e-02   2.9677419e-01
   1.4255200e-02   3.0322581e-01
   1.4686400e-02   3.0967742e-01
   1.5118400e-02   3.1612903e-01
   1.5550400e-02   3.2258065e-01
   1.5982400e-02   3.2903226e-01
   1.6414400e-02   3.4838710e-01
   1.8142400e-02   3.6129032e-01
   1.8574400e-02   3.6774194e-01
   1.9006400e-02   3.8709677e-01
   1.9438400e-02   3.9354839e-01
   1.9870400e-02   4.0645161e-01
   2.0302400e-02   4.2580645e-01
   2.1598400e-02   4.3225806e-01
   2.2030400e-02   4.4516129e-01
   2.2462400e-02   4.5161290e-01
   2.2894400e-02   4.7096774e-01
   2.3326400e-02   4.7741935e-01
   2.3758400e-02   4.8387097e-01
   2.4190400e-02   4.9032258e-01
   2.4621600e-02   4.9677419e-01
   2.5053600e-02   5.0967742e-01
   2.5485600e-02   5.2258065e-01
   2.5917600e-02   5.2903226e-01
   2.6349600e-02   5.3548387e-01
   2.6781600e-02   5.4193548e-01
   2.7213600e-02   5.5483871e-01
   2.7645600e-02   5.6774194e-01
   2.8077600e-02   5.7419355e-01
   2.8509600e-02   5.8709677e-01
   2.8941600e-02   5.9354839e-01
   2.9373600e-02   6.0000000e-01
   3.1101600e-02   6.0645161e-01
   3.1965600e-02   6.1290323e-01
   3.2397600e-02   6.1935484e-01
   3.2829600e-02   6.3870968e-01
   3.5421600e-02   6.5161290e-01
   3.5852800e-02   6.5806452e-01
   3.8444800e-02   6.6451613e-01
   4.0604800e-02   6.7096774e-01
   4.1468800e-02   6.7741935e-01
   4.1900800e-02   6.9032258e-01
   4.4060800e-02   6.9677419e-01
   4.4492800e-02   7.0322581e-01
   4.5788000e-02   7.0967742e-01
   4.7516000e-02   7.1612903e-01
   4.8380000e-02   7.2258065e-01
   5.0108000e-02   7.2903226e-01
   5.2268000e-02   7.3548387e-01
   5.4859200e-02   7.4193548e-01
   5.5291200e-02   7.4838710e-01
   5.6155200e-02   7.5483871e-01
   5.7883200e-02   7.6129032e-01
   6.0475200e-02   7.6774194e-01
   6.5226400e-02   7.7419355e-01
   6.5658400e-02   7.8709677e-01
   6.6090400e-02   7.9354839e-01
   6.6954400e-02   8.0000000e-01
   6.7818400e-02   8.1290323e-01
   6.8682400e-02   8.1935484e-01
   7.0410400e-02   8.3225806e-01
   7.2138400e-02   8.3870968e-01
   7.5161600e-02   8.4516129e-01
   8.1209600e-02   8.5161290e-01
   8.5096800e-02   8.5806452e-01
   9.4168800e-02   8.7096774e-01
   9.7192000e-02   8.7741935e-01
   1.0799120e-01   8.8387097e-01
   1.3174960e-01   8.9032258e-01
   1.3261360e-01   8.9677419e-01
   1.3390960e-01   9.0967742e-01
   1.3563680e-01   9.1612903e-01
   1.3736480e-01   9.2258065e-01
   1.4298080e-01   9.2903226e-01
   1.5421200e-01   9.3548387e-01
   1.7451440e-01   9.4193548e-01
   1.7494640e-01   9.4838710e-01
   1.8012960e-01   9.5483871e-01
   1.8790480e-01   9.6129032e-01
   1.8833680e-01   9.6774194e-01
   1.9136080e-01   9.8064516e-01
   1.9395280e-01   9.8709677e-01
   2.4017280e-01   9.9354839e-01
   2.6565840e-01   1.0000000e+00
