   2.2448000e-03   0.0000000e+00
   2.2448000e-03   1.0235415e-03
   2.9936000e-03   4.0941658e-03
   3.7416000e-03   1.0235415e-02
   4.1160000e-03   1.4329580e-02
   4.4904000e-03   1.5353122e-02
   4.8640000e-03   1.7400205e-02
   5.2384000e-03   2.9682702e-02
   5.6128000e-03   4.1965200e-02
   5.9872000e-03   6.4483112e-02
   6.3608000e-03   8.9048106e-02
   6.7352000e-03   1.1054248e-01
   7.1096000e-03   1.4329580e-01
   7.4840000e-03   1.6376663e-01
   7.8576000e-03   2.0266121e-01
   8.2320000e-03   2.1903787e-01
   8.6064000e-03   2.5076766e-01
   8.9800000e-03   2.6816786e-01
   9.3544000e-03   2.9580348e-01
   9.7288000e-03   3.2139202e-01
   1.0103200e-02   3.3265097e-01
   1.0476800e-02   3.6438076e-01
   1.0851200e-02   3.7973388e-01
   1.1225600e-02   3.9508700e-01
   1.1600000e-02   4.0532242e-01
   1.1973600e-02   4.2169908e-01
   1.2348000e-02   4.4216991e-01
   1.2722400e-02   4.5240532e-01
   1.3096000e-02   4.8515865e-01
   1.3470400e-02   4.9129990e-01
   1.3844800e-02   5.1381781e-01
   1.4219200e-02   5.2302968e-01
   1.4592800e-02   5.3940635e-01
   1.4967200e-02   5.5168884e-01
   1.5341600e-02   5.6192426e-01
   1.5715200e-02   5.8546571e-01
   1.6089600e-02   5.9877175e-01
   1.6464000e-02   6.1105425e-01
   1.6838400e-02   6.2436029e-01
   1.7212000e-02   6.2845445e-01
   1.7586400e-02   6.4176049e-01
   1.7960800e-02   6.5506653e-01
   1.8335200e-02   6.7144319e-01
   1.8708800e-02   6.7656090e-01
   1.9083200e-02   6.9089048e-01
   1.9457600e-02   6.9293756e-01
   1.9831200e-02   7.0931423e-01
   2.0205600e-02   7.2159672e-01
   2.0580000e-02   7.2876151e-01
   2.0954400e-02   7.3899693e-01
   2.1328000e-02   7.4513818e-01
   2.1702400e-02   7.5230297e-01
   2.2076800e-02   7.6049130e-01
   2.2451200e-02   7.6458547e-01
   2.2824800e-02   7.7072671e-01
   2.3199200e-02   7.7379734e-01
   2.3573600e-02   7.8300921e-01
   2.3947200e-02   7.8915046e-01
   2.4321600e-02   7.9222108e-01
   2.4696000e-02   7.9529171e-01
   2.5070400e-02   7.9938588e-01
   2.5444000e-02   8.0859775e-01
   2.5818400e-02   8.1064483e-01
   2.6192800e-02   8.1371546e-01
   2.6567200e-02   8.1473900e-01
   2.6940800e-02   8.1883316e-01
   2.7315200e-02   8.1985670e-01
   2.7689600e-02   8.2599795e-01
   2.8063200e-02   8.3009212e-01
   2.8812000e-02   8.3213920e-01
   2.9186400e-02   8.3418628e-01
   2.9560000e-02   8.3828045e-01
   2.9934400e-02   8.4237462e-01
   3.0308800e-02   8.4544524e-01
   3.0683200e-02   8.4749232e-01
   3.1056800e-02   8.4851586e-01
   3.1431200e-02   8.5158649e-01
   3.1805600e-02   8.5363357e-01
   3.2180000e-02   8.5465711e-01
   3.2553600e-02   8.5772774e-01
   3.2928000e-02   8.6079836e-01
   3.3302400e-02   8.6489253e-01
   3.3676000e-02   8.6591607e-01
   3.4050400e-02   8.7001024e-01
   3.4424800e-02   8.7410440e-01
   3.4799200e-02   8.7819857e-01
   3.5172800e-02   8.8024565e-01
   3.5547200e-02   8.8331627e-01
   3.5921600e-02   8.8945752e-01
   3.6669600e-02   8.9355169e-01
   3.7044000e-02   8.9457523e-01
   3.7418400e-02   8.9559877e-01
   3.7792000e-02   8.9662231e-01
   3.8166400e-02   8.9764585e-01
   3.8540800e-02   9.0071648e-01
   3.8915200e-02   9.0378710e-01
   3.9288800e-02   9.0583419e-01
   3.9663200e-02   9.0685773e-01
   4.0037600e-02   9.0788127e-01
   4.1160000e-02   9.1197544e-01
   4.1534400e-02   9.1299898e-01
   4.1908000e-02   9.1504606e-01
   4.2282400e-02   9.1811668e-01
   4.2656800e-02   9.1914023e-01
   4.3031200e-02   9.2016377e-01
   4.3404800e-02   9.2425793e-01
   4.4153600e-02   9.2528147e-01
   4.4528000e-02   9.2630502e-01
   4.5276000e-02   9.2732856e-01
   4.6024000e-02   9.2835210e-01
   4.6398400e-02   9.3039918e-01
   4.6772800e-02   9.3142272e-01
   4.7147200e-02   9.3449335e-01
   4.7520800e-02   9.3551689e-01
   4.8643200e-02   9.3858751e-01
   4.9017600e-02   9.3961105e-01
   4.9392000e-02   9.4165814e-01
   4.9766400e-02   9.4779939e-01
   5.0514400e-02   9.5189355e-01
   5.0888800e-02   9.5291709e-01
   5.1263200e-02   9.5394063e-01
   5.1636800e-02   9.5598772e-01
   5.2011200e-02   9.5905834e-01
   5.2385600e-02   9.6110542e-01
   5.2759200e-02   9.6212897e-01
   5.3508000e-02   9.6315251e-01
   5.4256000e-02   9.6417605e-01
   5.5004800e-02   9.6724667e-01
   5.5752800e-02   9.6929376e-01
   5.8372000e-02   9.7236438e-01
   5.8746400e-02   9.7338792e-01
   5.9495200e-02   9.7441146e-01
   6.1740000e-02   9.7543501e-01
   6.2114400e-02   9.7645855e-01
   6.2862400e-02   9.7748209e-01
   6.5856000e-02   9.7850563e-01
   6.6978400e-02   9.8055271e-01
   6.7352800e-02   9.8157625e-01
   6.9223200e-02   9.8259980e-01
   7.2591200e-02   9.8362334e-01
   7.3340000e-02   9.8567042e-01
   7.4836000e-02   9.8669396e-01
   7.6707200e-02   9.8771750e-01
   8.4564800e-02   9.8874104e-01
   8.5313600e-02   9.8976459e-01
   8.7184000e-02   9.9078813e-01
   8.7558400e-02   9.9181167e-01
   8.7932800e-02   9.9283521e-01
   9.0552000e-02   9.9488229e-01
   9.5416000e-02   9.9590583e-01
   9.5790400e-02   9.9692938e-01
   9.7661600e-02   9.9795292e-01
   1.6127200e-01   9.9897646e-01
   2.2563120e-01   1.0000000e+00
