   5.9296000e-03   0.0000000e+00
   5.9296000e-03   3.5714286e-02
   6.3856000e-03   7.1428571e-02
   6.8416000e-03   1.0714286e-01
   7.2976000e-03   1.4285714e-01
   8.2096000e-03   1.7857143e-01
   9.1216000e-03   2.1428571e-01
   1.0034400e-02   2.8571429e-01
   1.0490400e-02   3.2142857e-01
   1.1858400e-02   3.5714286e-01
   1.2314400e-02   3.9285714e-01
   1.2770400e-02   4.2857143e-01
   1.4139200e-02   4.6428571e-01
   1.5507200e-02   5.0000000e-01
   1.6876000e-02   5.3571429e-01
   1.7332000e-02   5.7142857e-01
   2.1436800e-02   6.0714286e-01
   2.5085600e-02   6.4285714e-01
   2.5997600e-02   6.7857143e-01
   3.4207200e-02   7.1428571e-01
   3.5120000e-02   7.5000000e-01
   4.5153600e-02   7.8571429e-01
   5.6100000e-02   8.5714286e-01
   5.7012800e-02   8.9285714e-01
   1.0672720e-01   9.2857143e-01
   1.6830080e-01   9.6428571e-01
   1.9293040e-01   1.0000000e+00
