   1.6864000e-03   0.0000000e+00
   1.6864000e-03   2.2321429e-03
   2.3608000e-03   4.4642857e-03
   2.6984000e-03   6.6964286e-03
   3.0352000e-03   8.9285714e-03
   3.3728000e-03   1.3392857e-02
   3.7096000e-03   4.4642857e-02
   4.0472000e-03   5.8035714e-02
   4.3848000e-03   7.5892857e-02
   4.7216000e-03   1.0044643e-01
   5.0592000e-03   1.7410714e-01
   5.3960000e-03   1.9642857e-01
   5.7336000e-03   2.1875000e-01
   6.0712000e-03   2.8794643e-01
   6.4080000e-03   3.6383929e-01
   6.7456000e-03   3.8616071e-01
   7.0824000e-03   4.0401786e-01
   7.4200000e-03   4.9330357e-01
   7.7568000e-03   5.4017857e-01
   8.0944000e-03   5.5580357e-01
   8.4320000e-03   5.6919643e-01
   8.7688000e-03   6.1383929e-01
   9.1064000e-03   6.3392857e-01
   9.4432000e-03   6.5625000e-01
   9.7808000e-03   6.8526786e-01
   1.0118400e-02   7.1875000e-01
   1.0455200e-02   7.2991071e-01
   1.0792800e-02   7.4107143e-01
   1.1129600e-02   7.7455357e-01
   1.1467200e-02   7.9464286e-01
   1.1804000e-02   8.0133929e-01
   1.2141600e-02   8.1026786e-01
   1.2479200e-02   8.4151786e-01
   1.2816000e-02   8.5491071e-01
   1.3153600e-02   8.6607143e-01
   1.3490400e-02   8.7500000e-01
   1.3828000e-02   9.0401786e-01
   1.4165600e-02   9.1294643e-01
   1.4502400e-02   9.2187500e-01
   1.4840000e-02   9.2857143e-01
   1.5176800e-02   9.3750000e-01
   1.5514400e-02   9.3973214e-01
   1.5851200e-02   9.4196429e-01
   1.6188800e-02   9.4866071e-01
   1.6526400e-02   9.5312500e-01
   1.6863200e-02   9.5758929e-01
   1.7200800e-02   9.5982143e-01
   1.7875200e-02   9.6205357e-01
   1.8549600e-02   9.6428571e-01
   1.8887200e-02   9.6651786e-01
   1.9224000e-02   9.7321429e-01
   1.9898400e-02   9.7544643e-01
   2.0236000e-02   9.7767857e-01
   2.0573600e-02   9.8214286e-01
   2.2596800e-02   9.8437500e-01
   2.4957600e-02   9.8660714e-01
   2.6307200e-02   9.8883929e-01
   3.6424800e-02   9.9107143e-01
   4.0809600e-02   9.9330357e-01
   4.3844800e-02   9.9553571e-01
   7.0152000e-02   9.9776786e-01
   8.6003200e-02   1.0000000e+00
