   2.3008000e-03   0.0000000e+00
   2.3008000e-03   8.6281277e-04
   2.6296000e-03   2.5884383e-03
   2.9584000e-03   8.6281277e-03
   3.2864000e-03   1.2079379e-02
   3.6152000e-03   1.9844694e-02
   3.9440000e-03   2.6747196e-02
   4.2728000e-03   4.0552200e-02
   4.6016000e-03   6.1259707e-02
   4.9304000e-03   8.9732528e-02
   5.2592000e-03   1.0094909e-01
   5.5872000e-03   1.3028473e-01
   5.9160000e-03   1.4495255e-01
   6.2448000e-03   1.8464193e-01
   6.5736000e-03   2.0189819e-01
   6.9024000e-03   2.2778257e-01
   7.2312000e-03   2.4417601e-01
   7.5592000e-03   2.8645384e-01
   7.8880000e-03   3.0371009e-01
   8.2168000e-03   3.3132010e-01
   8.5456000e-03   3.5634167e-01
   8.8744000e-03   3.8050043e-01
   9.2032000e-03   3.9516825e-01
   9.5312000e-03   4.1415013e-01
   9.8600000e-03   4.3226920e-01
   1.0188800e-02   4.5125108e-01
   1.0517600e-02   4.7454702e-01
   1.0846400e-02   4.8662640e-01
   1.1175200e-02   5.0129422e-01
   1.1504000e-02   5.0992235e-01
   1.1832000e-02   5.3321829e-01
   1.2160800e-02   5.4270923e-01
   1.2489600e-02   5.7204487e-01
   1.2818400e-02   5.8067299e-01
   1.3147200e-02   5.9706644e-01
   1.3476000e-02   6.0483175e-01
   1.3804800e-02   6.2640207e-01
   1.4132800e-02   6.3157895e-01
   1.4461600e-02   6.4538395e-01
   1.4790400e-02   6.5746333e-01
   1.5119200e-02   6.7213115e-01
   1.5448000e-02   6.8507334e-01
   1.5776800e-02   6.9283865e-01
   1.6105600e-02   7.0491803e-01
   1.6433600e-02   7.1182053e-01
   1.6762400e-02   7.2131148e-01
   1.7091200e-02   7.2735116e-01
   1.7420000e-02   7.4201898e-01
   1.7748800e-02   7.4719586e-01
   1.8076800e-02   7.5668680e-01
   1.8405600e-02   7.6100086e-01
   1.8734400e-02   7.7739431e-01
   1.9063200e-02   7.8257118e-01
   1.9392000e-02   7.8688525e-01
   1.9720800e-02   7.8947368e-01
   2.0049600e-02   7.9982744e-01
   2.0377600e-02   8.0586713e-01
   2.0706400e-02   8.1276963e-01
   2.1035200e-02   8.1449525e-01
   2.1364000e-02   8.1794651e-01
   2.1692800e-02   8.2139776e-01
   2.2021600e-02   8.2916307e-01
   2.2350400e-02   8.3606557e-01
   2.2678400e-02   8.3692839e-01
   2.3007200e-02   8.3951682e-01
   2.3336000e-02   8.4296808e-01
   2.3664800e-02   8.4814495e-01
   2.3993600e-02   8.5332183e-01
   2.4322400e-02   8.5504745e-01
   2.4651200e-02   8.5591027e-01
   2.4979200e-02   8.6022433e-01
   2.5308000e-02   8.6108714e-01
   2.5636800e-02   8.6453840e-01
   2.5965600e-02   8.6712683e-01
   2.6294400e-02   8.6885246e-01
   2.6623200e-02   8.6971527e-01
   2.6951200e-02   8.7144090e-01
   2.7280000e-02   8.7402934e-01
   2.7608800e-02   8.7834340e-01
   2.8266400e-02   8.7920621e-01
   2.8595200e-02   8.8006903e-01
   2.8923200e-02   8.8265746e-01
   2.9252000e-02   8.8438309e-01
   2.9580800e-02   8.8524590e-01
   2.9909600e-02   8.8697153e-01
   3.0238400e-02   8.8955997e-01
   3.0567200e-02   8.9214840e-01
   3.1224000e-02   8.9646247e-01
   3.1552800e-02   8.9818809e-01
   3.1881600e-02   8.9905091e-01
   3.2210400e-02   8.9991372e-01
   3.2539200e-02   9.0077653e-01
   3.2868000e-02   9.0250216e-01
   3.3196000e-02   9.0336497e-01
   3.3524800e-02   9.0422778e-01
   3.3853600e-02   9.0854185e-01
   3.4182400e-02   9.1113028e-01
   3.4511200e-02   9.1544435e-01
   3.4840000e-02   9.1889560e-01
   3.5168800e-02   9.2062123e-01
   3.5496800e-02   9.2493529e-01
   3.5825600e-02   9.2666091e-01
   3.6154400e-02   9.3183779e-01
   3.6483200e-02   9.3356342e-01
   3.6812000e-02   9.3528904e-01
   3.7140800e-02   9.3615186e-01
   3.7469600e-02   9.3874029e-01
   3.7797600e-02   9.3960311e-01
   3.9112800e-02   9.4132873e-01
   3.9441600e-02   9.4305436e-01
   3.9769600e-02   9.4391717e-01
   4.0098400e-02   9.4477998e-01
   4.0427200e-02   9.4564280e-01
   4.1084800e-02   9.4650561e-01
   4.1742400e-02   9.4736842e-01
   4.2070400e-02   9.4823123e-01
   4.3056800e-02   9.4995686e-01
   4.3385600e-02   9.5168248e-01
   4.3714400e-02   9.5427092e-01
   4.4042400e-02   9.5513374e-01
   4.4371200e-02   9.5685936e-01
   4.4700000e-02   9.5772217e-01
   4.5028800e-02   9.5944780e-01
   4.5686400e-02   9.6031061e-01
   4.6015200e-02   9.6117343e-01
   4.6672000e-02   9.6289905e-01
   4.7329600e-02   9.6635030e-01
   4.7658400e-02   9.6721311e-01
   4.8644000e-02   9.6980155e-01
   4.8972800e-02   9.7066437e-01
   4.9959200e-02   9.7152718e-01
   5.0616000e-02   9.7325280e-01
   5.0944800e-02   9.7411562e-01
   5.1273600e-02   9.7497843e-01
   5.1602400e-02   9.7670406e-01
   5.2588000e-02   9.7756687e-01
   5.3245600e-02   9.7929249e-01
   5.4560000e-02   9.8015531e-01
   6.0805600e-02   9.8101812e-01
   6.1133600e-02   9.8188093e-01
   6.1462400e-02   9.8360656e-01
   6.1791200e-02   9.8446937e-01
   6.4092000e-02   9.8533218e-01
   6.4749600e-02   9.8619500e-01
   6.6064000e-02   9.8705781e-01
   6.6392800e-02   9.8792062e-01
   6.7379200e-02   9.8878343e-01
   6.7707200e-02   9.8964625e-01
   7.2308800e-02   9.9050906e-01
   7.3295200e-02   9.9137187e-01
   7.4938400e-02   9.9223469e-01
   7.7239200e-02   9.9309750e-01
   9.2358400e-02   9.9396031e-01
   9.5644800e-02   9.9482312e-01
   9.7616800e-02   9.9568594e-01
   1.0057520e-01   9.9654875e-01
   1.0090400e-01   9.9741156e-01
   1.1766640e-01   9.9827437e-01
   1.1799520e-01   9.9913719e-01
   1.8241600e-01   1.0000000e+00
