   2.7424000e-03   0.0000000e+00
   2.7424000e-03   7.4626866e-03
   5.0928000e-03   2.2388060e-02
   5.4848000e-03   3.7313433e-02
   5.8768000e-03   5.2238806e-02
   6.2680000e-03   6.7164179e-02
   6.6600000e-03   7.4626866e-02
   7.0520000e-03   8.2089552e-02
   7.4440000e-03   1.0447761e-01
   7.8352000e-03   1.1194030e-01
   8.2272000e-03   1.1940299e-01
   9.0104000e-03   1.4179104e-01
   9.7944000e-03   1.4925373e-01
   1.0186400e-02   1.7164179e-01
   1.0969600e-02   2.0149254e-01
   1.1361600e-02   2.0895522e-01
   1.2144800e-02   2.2388060e-01
   1.2536800e-02   2.3880597e-01
   1.2928800e-02   2.4626866e-01
   1.3320000e-02   2.5373134e-01
   1.3712000e-02   2.6119403e-01
   1.4104000e-02   2.9850746e-01
   1.4496000e-02   3.0597015e-01
   1.4887200e-02   3.2089552e-01
   1.5279200e-02   3.4328358e-01
   1.6454400e-02   3.5820896e-01
   1.6846400e-02   3.6567164e-01
   1.7238400e-02   3.8805970e-01
   1.8021600e-02   4.0298507e-01
   1.8413600e-02   4.1044776e-01
   1.9196800e-02   4.1791045e-01
   1.9588800e-02   4.2537313e-01
   2.1156000e-02   4.3283582e-01
   2.1939200e-02   4.4029851e-01
   2.2331200e-02   4.5522388e-01
   2.2723200e-02   4.6268657e-01
   2.3114400e-02   4.7761194e-01
   2.3506400e-02   4.9253731e-01
   2.5464800e-02   5.0746269e-01
   2.5856800e-02   5.2238806e-01
   2.6248800e-02   5.3731343e-01
   2.6640800e-02   5.4477612e-01
   2.8207200e-02   5.5223881e-01
   2.8599200e-02   5.5970149e-01
   2.8991200e-02   5.6716418e-01
   3.0558400e-02   5.7462687e-01
   3.1341600e-02   5.8208955e-01
   3.1733600e-02   5.8955224e-01
   3.2125600e-02   5.9701493e-01
   3.2516800e-02   6.0447761e-01
   3.2908800e-02   6.1194030e-01
   3.3692800e-02   6.1940299e-01
   3.4084000e-02   6.2686567e-01
   3.5651200e-02   6.3432836e-01
   3.6043200e-02   6.4179104e-01
   3.6826400e-02   6.5671642e-01
   4.0352800e-02   6.6417910e-01
   4.0744000e-02   6.7164179e-01
   4.1528000e-02   6.7910448e-01
   4.2311200e-02   6.8656716e-01
   4.2703200e-02   6.9402985e-01
   4.3878400e-02   7.0149254e-01
   4.4662400e-02   7.0895522e-01
   4.6228800e-02   7.1641791e-01
   4.8188000e-02   7.2388060e-01
   5.0930400e-02   7.3134328e-01
   5.2105600e-02   7.3880597e-01
   5.6415200e-02   7.4626866e-01
   5.7590400e-02   7.5373134e-01
   5.7982400e-02   7.6119403e-01
   5.8765600e-02   7.6865672e-01
   6.3859200e-02   7.8358209e-01
   6.5034400e-02   7.9104478e-01
   6.5817600e-02   7.9850746e-01
   6.6209600e-02   8.0597015e-01
   6.6601600e-02   8.1343284e-01
   6.7384800e-02   8.2089552e-01
   7.2086400e-02   8.2835821e-01
   7.2869600e-02   8.3582090e-01
   7.4828800e-02   8.4328358e-01
   7.5220000e-02   8.6567164e-01
   7.5612000e-02   8.7313433e-01
   7.6787200e-02   8.8059701e-01
   8.1880800e-02   8.8805970e-01
   8.6581600e-02   8.9552239e-01
   8.8540800e-02   9.0298507e-01
   9.0499200e-02   9.1044776e-01
   9.7160000e-02   9.1791045e-01
   9.7943200e-02   9.2537313e-01
   9.9902400e-02   9.3283582e-01
   1.0068560e-01   9.4029851e-01
   1.0382000e-01   9.4776119e-01
   1.0656240e-01   9.5522388e-01
   1.1361440e-01   9.6268657e-01
   1.1478960e-01   9.7014925e-01
   1.1635680e-01   9.7761194e-01
   1.1714000e-01   9.8507463e-01
   1.6611200e-01   9.9253731e-01
   1.8883440e-01   1.0000000e+00
