   4.2714985e-03   0.0000000e+00
   4.2714985e-03   8.1300813e-04
   4.5263070e-03   1.6260163e-03
   4.7985683e-03   3.2520325e-03
   4.9389974e-03   4.0650407e-03
   5.0923192e-03   5.6910569e-03
   5.1420806e-03   6.5040650e-03
   5.1608030e-03   8.1300813e-03
   5.3636860e-03   9.7560976e-03
   5.3851363e-03   1.0569106e-02
   5.4658600e-03   1.1382114e-02
   5.4975398e-03   1.2195122e-02
   5.6484644e-03   1.3821138e-02
   5.6577472e-03   1.5447154e-02
   5.7973156e-03   1.6260163e-02
   5.9284168e-03   1.7886179e-02
   5.9447273e-03   1.8699187e-02
   5.9665030e-03   1.9512195e-02
   6.0139477e-03   2.0325203e-02
   6.0568141e-03   2.1138211e-02
   6.2113411e-03   2.1951220e-02
   6.2237594e-03   2.4390244e-02
   6.2866851e-03   2.6016260e-02
   6.3047064e-03   2.6829268e-02
   6.3998164e-03   2.8455285e-02
   6.4938288e-03   2.9268293e-02
   6.5049212e-03   3.0081301e-02
   6.5313423e-03   3.2520325e-02
   6.6177838e-03   3.5772358e-02
   6.7500502e-03   3.6585366e-02
   6.7751794e-03   3.9837398e-02
   6.8077788e-03   4.0650407e-02
   6.8264379e-03   4.1463415e-02
   6.8506266e-03   4.2276423e-02
   7.0587751e-03   4.6341463e-02
   7.0664636e-03   4.7967480e-02
   7.0968808e-03   4.8780488e-02
   7.1187298e-03   4.9593496e-02
   7.1434051e-03   5.0406504e-02
   7.2155673e-03   5.1219512e-02
   7.2985224e-03   5.2032520e-02
   7.3551995e-03   5.5284553e-02
   7.3665032e-03   5.6097561e-02
   7.4142596e-03   5.6910569e-02
   7.4367591e-03   6.0162602e-02
   7.5161735e-03   6.0975610e-02
   7.5278208e-03   6.1788618e-02
   7.6243565e-03   6.5853659e-02
   7.6281466e-03   6.8292683e-02
   7.6618853e-03   7.0731707e-02
   7.6742714e-03   7.3170732e-02
   7.7616738e-03   7.3983740e-02
   7.9032445e-03   7.4796748e-02
   7.9257613e-03   7.8048780e-02
   7.9787680e-03   7.9674797e-02
   7.9895329e-03   8.0487805e-02
   8.0755990e-03   8.1300813e-02
   8.0913837e-03   8.4552846e-02
   8.1894323e-03   8.6178862e-02
   8.1908697e-03   9.1056911e-02
   8.2275507e-03   9.3495935e-02
   8.2313964e-03   9.5121951e-02
   8.3035258e-03   9.6747967e-02
   8.3102073e-03   1.0000000e-01
   8.4175500e-03   1.0081301e-01
   8.4259130e-03   1.0162602e-01
   8.4381162e-03   1.0325203e-01
   8.4673416e-03   1.0894309e-01
   8.4866397e-03   1.1056911e-01
   8.4869630e-03   1.1463415e-01
   8.5428563e-03   1.1544715e-01
   8.5778298e-03   1.1626016e-01
   8.6362646e-03   1.1951220e-01
   8.6364571e-03   1.2032520e-01
   8.7540886e-03   1.2357724e-01
   8.7551199e-03   1.2682927e-01
   8.7647099e-03   1.2764228e-01
   8.7895080e-03   1.3089431e-01
   8.8604919e-03   1.3414634e-01
   8.9275923e-03   1.3495935e-01
   8.9671175e-03   1.3658537e-01
   8.9761000e-03   1.3821138e-01
   8.9821729e-03   1.3902439e-01
   9.0327359e-03   1.3983740e-01
   9.0477056e-03   1.4308943e-01
   9.0520676e-03   1.5040650e-01
   9.0984048e-03   1.5691057e-01
   9.1072982e-03   1.5772358e-01
   9.1832699e-03   1.6016260e-01
   9.3022543e-03   1.6097561e-01
   9.3175763e-03   1.6829268e-01
   9.3208434e-03   1.7073171e-01
   9.3210470e-03   1.7154472e-01
   9.3480745e-03   1.7886179e-01
   9.3584068e-03   1.8048780e-01
   9.4130282e-03   1.8699187e-01
   9.4835519e-03   1.8780488e-01
   9.5107932e-03   1.8943089e-01
   9.5348712e-03   1.9105691e-01
   9.5971366e-03   1.9593496e-01
   9.6095135e-03   1.9837398e-01
   9.6186263e-03   1.9918699e-01
   9.6412284e-03   2.0081301e-01
   9.6545651e-03   2.0406504e-01
   9.6727326e-03   2.0569106e-01
   9.7328228e-03   2.0894309e-01
   9.8425879e-03   2.1056911e-01
   9.8782259e-03   2.1138211e-01
   9.8808174e-03   2.1626016e-01
   9.8866011e-03   2.1788618e-01
   9.9079200e-03   2.2032520e-01
   9.9666126e-03   2.2439024e-01
   9.9836489e-03   2.2764228e-01
   9.9936632e-03   2.3008130e-01
   1.0027029e-02   2.3170732e-01
   1.0057295e-02   2.3414634e-01
   1.0162205e-02   2.3577236e-01
   1.0171267e-02   2.3983740e-01
   1.0178236e-02   2.4146341e-01
   1.0184638e-02   2.4308943e-01
   1.0205746e-02   2.4390244e-01
   1.0211440e-02   2.4471545e-01
   1.0212229e-02   2.5040650e-01
   1.0237749e-02   2.5284553e-01
   1.0283711e-02   2.5528455e-01
   1.0321767e-02   2.5609756e-01
   1.0386007e-02   2.5934959e-01
   1.0435690e-02   2.6016260e-01
   1.0444833e-02   2.6178862e-01
   1.0452386e-02   2.6585366e-01
   1.0467923e-02   2.7317073e-01
   1.0489919e-02   2.7398374e-01
   1.0508089e-02   2.7479675e-01
   1.0521928e-02   2.7886179e-01
   1.0558270e-02   2.7967480e-01
   1.0579336e-02   2.8130081e-01
   1.0605408e-02   2.8699187e-01
   1.0655173e-02   2.8780488e-01
   1.0677499e-02   2.9024390e-01
   1.0718569e-02   2.9186992e-01
   1.0727372e-02   2.9349593e-01
   1.0733931e-02   2.9674797e-01
   1.0750066e-02   3.0243902e-01
   1.0770273e-02   3.0487805e-01
   1.0802962e-02   3.0731707e-01
   1.0836555e-02   3.1219512e-01
   1.0931297e-02   3.1382114e-01
   1.0994630e-02   3.1463415e-01
   1.1009053e-02   3.2276423e-01
   1.1017625e-02   3.2601626e-01
   1.1028363e-02   3.2682927e-01
   1.1028990e-02   3.2926829e-01
   1.1055745e-02   3.3008130e-01
   1.1077849e-02   3.3252033e-01
   1.1121952e-02   3.3577236e-01
   1.1132336e-02   3.3658537e-01
   1.1155694e-02   3.3983740e-01
   1.1204822e-02   3.4065041e-01
   1.1216955e-02   3.4146341e-01
   1.1261014e-02   3.4227642e-01
   1.1292068e-02   3.4471545e-01
   1.1296929e-02   3.4634146e-01
   1.1316079e-02   3.4796748e-01
   1.1329545e-02   3.4959350e-01
   1.1338341e-02   3.5040650e-01
   1.1367644e-02   3.5447154e-01
   1.1381528e-02   3.5528455e-01
   1.1390228e-02   3.5691057e-01
   1.1393888e-02   3.6097561e-01
   1.1478967e-02   3.6422764e-01
   1.1487458e-02   3.6504065e-01
   1.1554054e-02   3.6747967e-01
   1.1554490e-02   3.6910569e-01
   1.1572906e-02   3.7154472e-01
   1.1583453e-02   3.7235772e-01
   1.1590538e-02   3.7560976e-01
   1.1594232e-02   3.7642276e-01
   1.1620992e-02   3.7804878e-01
   1.1635169e-02   3.7967480e-01
   1.1686424e-02   3.8048780e-01
   1.1687205e-02   3.8130081e-01
   1.1707027e-02   3.8455285e-01
   1.1778076e-02   3.8536585e-01
   1.1806035e-02   3.8699187e-01
   1.1857391e-02   3.8861789e-01
   1.1859684e-02   3.9105691e-01
   1.1881507e-02   3.9268293e-01
   1.1889455e-02   3.9512195e-01
   1.1896594e-02   3.9593496e-01
   1.1933006e-02   3.9756098e-01
   1.1945473e-02   4.0000000e-01
   1.2027895e-02   4.0487805e-01
   1.2039482e-02   4.0569106e-01
   1.2114283e-02   4.0731707e-01
   1.2136592e-02   4.0813008e-01
   1.2137450e-02   4.1463415e-01
   1.2148726e-02   4.1544715e-01
   1.2151982e-02   4.1707317e-01
   1.2186852e-02   4.2357724e-01
   1.2193290e-02   4.2682927e-01
   1.2250418e-02   4.2926829e-01
   1.2260103e-02   4.3252033e-01
   1.2270735e-02   4.3333333e-01
   1.2340234e-02   4.3414634e-01
   1.2352517e-02   4.3495935e-01
   1.2422218e-02   4.3821138e-01
   1.2423214e-02   4.3902439e-01
   1.2428904e-02   4.3983740e-01
   1.2447519e-02   4.4065041e-01
   1.2449412e-02   4.4146341e-01
   1.2454486e-02   4.4227642e-01
   1.2471054e-02   4.4308943e-01
   1.2497819e-02   4.4471545e-01
   1.2501684e-02   4.5040650e-01
   1.2544800e-02   4.5121951e-01
   1.2574001e-02   4.5203252e-01
   1.2578733e-02   4.5447154e-01
   1.2593796e-02   4.5528455e-01
   1.2612818e-02   4.5772358e-01
   1.2674374e-02   4.5853659e-01
   1.2681285e-02   4.6016260e-01
   1.2714300e-02   4.6097561e-01
   1.2714585e-02   4.6422764e-01
   1.2751613e-02   4.6910569e-01
   1.2755632e-02   4.6991870e-01
   1.2778439e-02   4.7073171e-01
   1.2799633e-02   4.7235772e-01
   1.2807788e-02   4.7398374e-01
   1.2814135e-02   4.7479675e-01
   1.2814308e-02   4.7642276e-01
   1.2815157e-02   4.7804878e-01
   1.2902088e-02   4.7886179e-01
   1.2966314e-02   4.7967480e-01
   1.2986426e-02   4.8130081e-01
   1.2987658e-02   4.8211382e-01
   1.3010351e-02   4.8536585e-01
   1.3012580e-02   4.8699187e-01
   1.3012947e-02   4.9024390e-01
   1.3013690e-02   4.9186992e-01
   1.3058256e-02   4.9268293e-01
   1.3118922e-02   4.9349593e-01
   1.3131520e-02   4.9674797e-01
   1.3137223e-02   4.9837398e-01
   1.3148051e-02   4.9918699e-01
   1.3227512e-02   5.0081301e-01
   1.3235568e-02   5.0162602e-01
   1.3266365e-02   5.0325203e-01
   1.3276409e-02   5.0650407e-01
   1.3279885e-02   5.0894309e-01
   1.3305800e-02   5.0975610e-01
   1.3311034e-02   5.1056911e-01
   1.3318016e-02   5.1300813e-01
   1.3346838e-02   5.1382114e-01
   1.3356525e-02   5.1463415e-01
   1.3379386e-02   5.1626016e-01
   1.3451731e-02   5.1869919e-01
   1.3464880e-02   5.1951220e-01
   1.3483546e-02   5.2032520e-01
   1.3489245e-02   5.2113821e-01
   1.3550359e-02   5.2439024e-01
   1.3552584e-02   5.2520325e-01
   1.3571199e-02   5.3089431e-01
   1.3572800e-02   5.3170732e-01
   1.3578959e-02   5.3333333e-01
   1.3616679e-02   5.3414634e-01
   1.3628203e-02   5.3495935e-01
   1.3653261e-02   5.3577236e-01
   1.3701253e-02   5.3739837e-01
   1.3830702e-02   5.4308943e-01
   1.3845768e-02   5.4390244e-01
   1.3871113e-02   5.4634146e-01
   1.3883317e-02   5.4715447e-01
   1.3888390e-02   5.4796748e-01
   1.3925738e-02   5.4959350e-01
   1.3944329e-02   5.5284553e-01
   1.4002552e-02   5.5365854e-01
   1.4023395e-02   5.5609756e-01
   1.4044406e-02   5.5691057e-01
   1.4054169e-02   5.5853659e-01
   1.4102105e-02   5.5934959e-01
   1.4113919e-02   5.6016260e-01
   1.4118112e-02   5.6260163e-01
   1.4133068e-02   5.6422764e-01
   1.4174625e-02   5.6585366e-01
   1.4193762e-02   5.6666667e-01
   1.4238575e-02   5.6747967e-01
   1.4264815e-02   5.6910569e-01
   1.4324137e-02   5.6991870e-01
   1.4357002e-02   5.7073171e-01
   1.4395676e-02   5.7154472e-01
   1.4402536e-02   5.7317073e-01
   1.4408443e-02   5.7560976e-01
   1.4411088e-02   5.7886179e-01
   1.4431534e-02   5.8048780e-01
   1.4431820e-02   5.8292683e-01
   1.4449223e-02   5.8373984e-01
   1.4472959e-02   5.8455285e-01
   1.4482087e-02   5.8536585e-01
   1.4508739e-02   5.8617886e-01
   1.4590576e-02   5.8780488e-01
   1.4597431e-02   5.8861789e-01
   1.4648856e-02   5.9024390e-01
   1.4683115e-02   5.9105691e-01
   1.4693124e-02   5.9268293e-01
   1.4695077e-02   5.9837398e-01
   1.4710399e-02   6.0081301e-01
   1.4711472e-02   6.0162602e-01
   1.4733636e-02   6.0243902e-01
   1.4764285e-02   6.0325203e-01
   1.4793252e-02   6.0487805e-01
   1.4829143e-02   6.0569106e-01
   1.4899913e-02   6.0650407e-01
   1.4960755e-02   6.0813008e-01
   1.4965896e-02   6.0975610e-01
   1.4976503e-02   6.1056911e-01
   1.4976990e-02   6.1138211e-01
   1.4991869e-02   6.1219512e-01
   1.5014543e-02   6.1463415e-01
   1.5032347e-02   6.1544715e-01
   1.5039597e-02   6.1626016e-01
   1.5055612e-02   6.1707317e-01
   1.5073841e-02   6.1788618e-01
   1.5099318e-02   6.1869919e-01
   1.5107891e-02   6.1951220e-01
   1.5153429e-02   6.2113821e-01
   1.5242586e-02   6.2357724e-01
   1.5249281e-02   6.2439024e-01
   1.5254226e-02   6.2601626e-01
   1.5257421e-02   6.2764228e-01
   1.5292664e-02   6.2845528e-01
   1.5324375e-02   6.3089431e-01
   1.5349187e-02   6.3252033e-01
   1.5350024e-02   6.3333333e-01
   1.5374546e-02   6.3414634e-01
   1.5392972e-02   6.3495935e-01
   1.5425792e-02   6.3577236e-01
   1.5510042e-02   6.3658537e-01
   1.5525875e-02   6.3739837e-01
   1.5528917e-02   6.3821138e-01
   1.5553082e-02   6.4065041e-01
   1.5580464e-02   6.4146341e-01
   1.5597232e-02   6.4308943e-01
   1.5638395e-02   6.4552846e-01
   1.5639848e-02   6.4959350e-01
   1.5675109e-02   6.5040650e-01
   1.5717098e-02   6.5121951e-01
   1.5807076e-02   6.5447154e-01
   1.5814343e-02   6.5853659e-01
   1.5815030e-02   6.6097561e-01
   1.5819505e-02   6.6178862e-01
   1.5852647e-02   6.6341463e-01
   1.5889424e-02   6.6585366e-01
   1.5905355e-02   6.6666667e-01
   1.5933103e-02   6.6747967e-01
   1.5957536e-02   6.6829268e-01
   1.5975210e-02   6.6910569e-01
   1.5978408e-02   6.7235772e-01
   1.6070602e-02   6.7398374e-01
   1.6090503e-02   6.7479675e-01
   1.6108799e-02   6.7723577e-01
   1.6114118e-02   6.7886179e-01
   1.6118217e-02   6.7967480e-01
   1.6225311e-02   6.8048780e-01
   1.6280300e-02   6.8211382e-01
   1.6312831e-02   6.8292683e-01
   1.6371126e-02   6.8373984e-01
   1.6379996e-02   6.8455285e-01
   1.6382343e-02   6.8861789e-01
   1.6397157e-02   6.9105691e-01
   1.6407814e-02   6.9593496e-01
   1.6462636e-02   6.9756098e-01
   1.6515872e-02   6.9837398e-01
   1.6521578e-02   6.9918699e-01
   1.6607689e-02   7.0081301e-01
   1.6619745e-02   7.0243902e-01
   1.6625343e-02   7.0406504e-01
   1.6674147e-02   7.0487805e-01
   1.6675966e-02   7.0569106e-01
   1.6712268e-02   7.0731707e-01
   1.6714567e-02   7.0813008e-01
   1.6726263e-02   7.0894309e-01
   1.6764310e-02   7.0975610e-01
   1.6772665e-02   7.1056911e-01
   1.6849096e-02   7.1300813e-01
   1.6935814e-02   7.1382114e-01
   1.6938849e-02   7.1544715e-01
   1.6944528e-02   7.1626016e-01
   1.6944866e-02   7.1707317e-01
   1.6945107e-02   7.1788618e-01
   1.6973307e-02   7.2113821e-01
   1.6995018e-02   7.2276423e-01
   1.7020008e-02   7.2439024e-01
   1.7020726e-02   7.2601626e-01
   1.7051034e-02   7.2682927e-01
   1.7057772e-02   7.2764228e-01
   1.7085807e-02   7.2926829e-01
   1.7086838e-02   7.3008130e-01
   1.7220002e-02   7.3089431e-01
   1.7220474e-02   7.3252033e-01
   1.7237569e-02   7.3577236e-01
   1.7274172e-02   7.3739837e-01
   1.7328681e-02   7.3902439e-01
   1.7342346e-02   7.3983740e-01
   1.7392241e-02   7.4065041e-01
   1.7393409e-02   7.4146341e-01
   1.7401894e-02   7.4227642e-01
   1.7492652e-02   7.4308943e-01
   1.7500040e-02   7.4471545e-01
   1.7508105e-02   7.4552846e-01
   1.7510805e-02   7.4634146e-01
   1.7533901e-02   7.4715447e-01
   1.7578383e-02   7.4878049e-01
   1.7586447e-02   7.4959350e-01
   1.7651674e-02   7.5040650e-01
   1.7720769e-02   7.5121951e-01
   1.7738148e-02   7.5203252e-01
   1.7783607e-02   7.5447154e-01
   1.7818959e-02   7.5609756e-01
   1.7833681e-02   7.5691057e-01
   1.7855185e-02   7.5772358e-01
   1.7873784e-02   7.5853659e-01
   1.7885767e-02   7.5934959e-01
   1.7951537e-02   7.6097561e-01
   1.7961824e-02   7.6178862e-01
   1.8042951e-02   7.6260163e-01
   1.8064890e-02   7.6504065e-01
   1.8070987e-02   7.6585366e-01
   1.8086414e-02   7.6666667e-01
   1.8095308e-02   7.6747967e-01
   1.8105266e-02   7.6829268e-01
   1.8136739e-02   7.6910569e-01
   1.8170638e-02   7.6991870e-01
   1.8196164e-02   7.7154472e-01
   1.8214959e-02   7.7235772e-01
   1.8215965e-02   7.7398374e-01
   1.8273108e-02   7.7560976e-01
   1.8295742e-02   7.7642276e-01
   1.8297634e-02   7.7804878e-01
   1.8350625e-02   7.7967480e-01
   1.8366972e-02   7.8048780e-01
   1.8371373e-02   7.8211382e-01
   1.8395717e-02   7.8292683e-01
   1.8442913e-02   7.8373984e-01
   1.8510074e-02   7.8455285e-01
   1.8536835e-02   7.8536585e-01
   1.8629261e-02   7.8699187e-01
   1.8634555e-02   7.8780488e-01
   1.8641690e-02   7.8861789e-01
   1.8642094e-02   7.8943089e-01
   1.8656479e-02   7.9024390e-01
   1.8696016e-02   7.9105691e-01
   1.8717342e-02   7.9268293e-01
   1.8747585e-02   7.9349593e-01
   1.8752693e-02   7.9430894e-01
   1.8911686e-02   7.9512195e-01
   1.8915607e-02   7.9593496e-01
   1.8916039e-02   7.9674797e-01
   1.8991781e-02   7.9756098e-01
   1.9022003e-02   7.9837398e-01
   1.9100653e-02   7.9918699e-01
   1.9145437e-02   8.0000000e-01
   1.9197734e-02   8.0243902e-01
   1.9218416e-02   8.0325203e-01
   1.9236706e-02   8.0569106e-01
   1.9240452e-02   8.0731707e-01
   1.9292087e-02   8.0813008e-01
   1.9345362e-02   8.0894309e-01
   1.9435910e-02   8.0975610e-01
   1.9476143e-02   8.1138211e-01
   1.9481487e-02   8.1382114e-01
   1.9487245e-02   8.1544715e-01
   1.9499070e-02   8.1626016e-01
   1.9502686e-02   8.1788618e-01
   1.9546814e-02   8.1869919e-01
   1.9594634e-02   8.1951220e-01
   1.9630199e-02   8.2032520e-01
   1.9665185e-02   8.2195122e-01
   1.9751074e-02   8.2276423e-01
   1.9756221e-02   8.2357724e-01
   1.9759287e-02   8.2439024e-01
   1.9772639e-02   8.2601626e-01
   1.9780676e-02   8.2764228e-01
   1.9866558e-02   8.2845528e-01
   1.9896743e-02   8.3008130e-01
   1.9910454e-02   8.3089431e-01
   1.9933690e-02   8.3252033e-01
   1.9955897e-02   8.3333333e-01
   1.9967298e-02   8.3414634e-01
   1.9970491e-02   8.3495935e-01
   2.0050993e-02   8.3577236e-01
   2.0068636e-02   8.3658537e-01
   2.0081460e-02   8.3821138e-01
   2.0160146e-02   8.3983740e-01
   2.0176097e-02   8.4146341e-01
   2.0314357e-02   8.4227642e-01
   2.0323831e-02   8.4308943e-01
   2.0326131e-02   8.4390244e-01
   2.0338078e-02   8.4471545e-01
   2.0375694e-02   8.4552846e-01
   2.0414097e-02   8.4715447e-01
   2.0424458e-02   8.4878049e-01
   2.0442294e-02   8.5121951e-01
   2.0474984e-02   8.5284553e-01
   2.0567873e-02   8.5365854e-01
   2.0589247e-02   8.5447154e-01
   2.0605353e-02   8.5691057e-01
   2.0634013e-02   8.5853659e-01
   2.0643373e-02   8.5934959e-01
   2.0905630e-02   8.6016260e-01
   2.0936352e-02   8.6097561e-01
   2.0982304e-02   8.6178862e-01
   2.1035117e-02   8.6260163e-01
   2.1088920e-02   8.6341463e-01
   2.1119918e-02   8.6504065e-01
   2.1177212e-02   8.6585366e-01
   2.1177457e-02   8.6666667e-01
   2.1199970e-02   8.6747967e-01
   2.1237525e-02   8.6829268e-01
   2.1289647e-02   8.6991870e-01
   2.1357305e-02   8.7073171e-01
   2.1439220e-02   8.7154472e-01
   2.1454189e-02   8.7235772e-01
   2.1470006e-02   8.7317073e-01
   2.1545129e-02   8.7479675e-01
   2.1599530e-02   8.7560976e-01
   2.1734268e-02   8.7723577e-01
   2.1740791e-02   8.7804878e-01
   2.1743016e-02   8.7967480e-01
   2.1765906e-02   8.8048780e-01
   2.1890229e-02   8.8130081e-01
   2.1979692e-02   8.8211382e-01
   2.2017566e-02   8.8455285e-01
   2.2057980e-02   8.8536585e-01
   2.2084257e-02   8.8617886e-01
   2.2110361e-02   8.8699187e-01
   2.2156175e-02   8.8780488e-01
   2.2299096e-02   8.8861789e-01
   2.2331868e-02   8.8943089e-01
   2.2357216e-02   8.9024390e-01
   2.2410484e-02   8.9105691e-01
   2.2423599e-02   8.9186992e-01
   2.2593331e-02   8.9268293e-01
   2.2601791e-02   8.9349593e-01
   2.2648931e-02   8.9430894e-01
   2.2661290e-02   8.9512195e-01
   2.2713283e-02   8.9593496e-01
   2.2769301e-02   8.9674797e-01
   2.2780921e-02   8.9756098e-01
   2.2788482e-02   8.9918699e-01
   2.2863039e-02   9.0081301e-01
   2.2873637e-02   9.0162602e-01
   2.2885568e-02   9.0243902e-01
   2.2935383e-02   9.0406504e-01
   2.2963496e-02   9.0487805e-01
   2.2986785e-02   9.0731707e-01
   2.2994455e-02   9.0813008e-01
   2.3223856e-02   9.0894309e-01
   2.3284770e-02   9.0975610e-01
   2.3300634e-02   9.1056911e-01
   2.3438696e-02   9.1138211e-01
   2.3580160e-02   9.1219512e-01
   2.3710320e-02   9.1382114e-01
   2.3735056e-02   9.1463415e-01
   2.3742425e-02   9.1544715e-01
   2.3763013e-02   9.1707317e-01
   2.3778409e-02   9.1788618e-01
   2.3828908e-02   9.1951220e-01
   2.3891593e-02   9.2032520e-01
   2.3936808e-02   9.2113821e-01
   2.3992813e-02   9.2195122e-01
   2.4004336e-02   9.2276423e-01
   2.4020219e-02   9.2439024e-01
   2.4279595e-02   9.2520325e-01
   2.4380617e-02   9.2601626e-01
   2.4511222e-02   9.2682927e-01
   2.4520861e-02   9.2764228e-01
   2.4569428e-02   9.2845528e-01
   2.4584301e-02   9.3089431e-01
   2.4683178e-02   9.3333333e-01
   2.4844437e-02   9.3414634e-01
   2.4865071e-02   9.3495935e-01
   2.4908526e-02   9.3577236e-01
   2.5003535e-02   9.3658537e-01
   2.5074801e-02   9.3739837e-01
   2.5122378e-02   9.3821138e-01
   2.5122943e-02   9.3902439e-01
   2.5151395e-02   9.3983740e-01
   2.5248273e-02   9.4065041e-01
   2.5251797e-02   9.4146341e-01
   2.5254304e-02   9.4227642e-01
   2.5311586e-02   9.4390244e-01
   2.5343626e-02   9.4471545e-01
   2.5460465e-02   9.4552846e-01
   2.5686518e-02   9.4634146e-01
   2.5760567e-02   9.4715447e-01
   2.5802805e-02   9.4796748e-01
   2.5907983e-02   9.4878049e-01
   2.5909837e-02   9.4959350e-01
   2.5944420e-02   9.5040650e-01
   2.6037506e-02   9.5121951e-01
   2.6262194e-02   9.5203252e-01
   2.6426935e-02   9.5284553e-01
   2.6532764e-02   9.5365854e-01
   2.6540802e-02   9.5447154e-01
   2.6857325e-02   9.5528455e-01
   2.6957360e-02   9.5609756e-01
   2.7105738e-02   9.5691057e-01
   2.7116263e-02   9.5772358e-01
   2.7133246e-02   9.5853659e-01
   2.7170648e-02   9.5934959e-01
   2.7441219e-02   9.6016260e-01
   2.7508498e-02   9.6097561e-01
   2.7607366e-02   9.6178862e-01
   2.7664832e-02   9.6260163e-01
   2.7928542e-02   9.6422764e-01
   2.7947807e-02   9.6504065e-01
   2.8044090e-02   9.6585366e-01
   2.8154872e-02   9.6666667e-01
   2.8226938e-02   9.6747967e-01
   2.8236232e-02   9.6829268e-01
   2.8239085e-02   9.6910569e-01
   2.8319768e-02   9.6991870e-01
   2.8520406e-02   9.7073171e-01
   2.8528282e-02   9.7154472e-01
   2.8530256e-02   9.7235772e-01
   2.8822735e-02   9.7317073e-01
   2.8883135e-02   9.7398374e-01
   2.9079065e-02   9.7479675e-01
   2.9213879e-02   9.7560976e-01
   2.9278421e-02   9.7642276e-01
   2.9356414e-02   9.7723577e-01
   2.9389543e-02   9.7804878e-01
   2.9642641e-02   9.7886179e-01
   2.9845939e-02   9.7967480e-01
   3.0338210e-02   9.8048780e-01
   3.0784768e-02   9.8130081e-01
   3.0990377e-02   9.8211382e-01
   3.1493513e-02   9.8292683e-01
   3.1628684e-02   9.8373984e-01
   3.1652265e-02   9.8455285e-01
   3.2421037e-02   9.8536585e-01
   3.2450622e-02   9.8617886e-01
   3.2887506e-02   9.8699187e-01
   3.3929775e-02   9.8780488e-01
   3.5944488e-02   9.8861789e-01
   3.6921943e-02   9.8943089e-01
   3.7040976e-02   9.9024390e-01
   3.8673258e-02   9.9105691e-01
   3.8761248e-02   9.9186992e-01
   4.1100777e-02   9.9268293e-01
   4.1593794e-02   9.9349593e-01
   4.1743650e-02   9.9430894e-01
   4.2300638e-02   9.9512195e-01
   4.4656910e-02   9.9593496e-01
   4.5062897e-02   9.9674797e-01
   5.0189693e-02   9.9756098e-01
   7.4051294e-02   9.9837398e-01
   9.5422623e-02   9.9918699e-01
   1.2813209e-01   1.0000000e+00
