   8.0680000e-03   0.0000000e+00
   8.0680000e-03   1.9230769e-02
   8.4928000e-03   3.8461538e-02
   9.3416000e-03   5.7692308e-02
   1.0191200e-02   9.6153846e-02
   1.1464800e-02   1.1538462e-01
   1.2314400e-02   1.3461538e-01
   1.4012800e-02   1.5384615e-01
   1.4437600e-02   1.7307692e-01
   1.4862400e-02   1.9230769e-01
   1.5286400e-02   2.1153846e-01
   1.5711200e-02   2.3076923e-01
   1.6984800e-02   2.5000000e-01
   1.7834400e-02   2.8846154e-01
   1.9108000e-02   3.4615385e-01
   1.9957600e-02   3.8461538e-01
   2.0807200e-02   4.0384615e-01
   2.5477600e-02   4.2307692e-01
   2.6327200e-02   4.6153846e-01
   2.6751200e-02   4.8076923e-01
   2.8025600e-02   5.0000000e-01
   2.9299200e-02   5.1923077e-01
   3.0573600e-02   5.3846154e-01
   3.1847200e-02   5.5769231e-01
   3.4395200e-02   5.9615385e-01
   3.4819200e-02   6.1538462e-01
   3.9915200e-02   6.3461538e-01
   4.1188800e-02   6.5384615e-01
   4.2038400e-02   6.7307692e-01
   4.2887200e-02   7.1153846e-01
   4.3736800e-02   7.3076923e-01
   4.4161600e-02   7.5000000e-01
   4.5860000e-02   7.6923077e-01
   4.7558400e-02   7.8846154e-01
   5.0106400e-02   8.2692308e-01
   5.1380000e-02   8.6538462e-01
   6.5392800e-02   8.8461538e-01
   6.7091200e-02   9.0384615e-01
   6.7516000e-02   9.2307692e-01
   7.0064000e-02   9.4230769e-01
   8.1528800e-02   9.6153846e-01
   1.2611440e-01   9.8076923e-01
   1.8811040e-01   1.0000000e+00
