   4.7752000e-03   0.0000000e+00
   4.7752000e-03   9.7087379e-03
   6.2440000e-03   2.9126214e-02
   6.6112000e-03   3.8834951e-02
   7.7136000e-03   4.8543689e-02
   8.0808000e-03   5.8252427e-02
   8.8152000e-03   7.7669903e-02
   9.1824000e-03   9.7087379e-02
   9.9176000e-03   1.0679612e-01
   1.0284800e-02   1.3592233e-01
   1.0652000e-02   1.6504854e-01
   1.1019200e-02   1.8446602e-01
   1.1386400e-02   1.9417476e-01
   1.1753600e-02   2.1359223e-01
   1.2121600e-02   2.2330097e-01
   1.2488800e-02   2.5242718e-01
   1.2856000e-02   2.6213592e-01
   1.3223200e-02   2.7184466e-01
   1.3590400e-02   2.8155340e-01
   1.3957600e-02   3.0097087e-01
   1.4324800e-02   3.3009709e-01
   1.4692000e-02   3.3980583e-01
   1.5060000e-02   3.5922330e-01
   1.5427200e-02   3.8834951e-01
   1.6161600e-02   3.9805825e-01
   1.6896000e-02   4.0776699e-01
   1.7631200e-02   4.2718447e-01
   1.8732800e-02   4.5631068e-01
   1.9100000e-02   4.9514563e-01
   2.0202400e-02   5.0485437e-01
   2.0936800e-02   5.1456311e-01
   2.1671200e-02   5.2427184e-01
   2.2405600e-02   5.3398058e-01
   2.2772800e-02   5.4368932e-01
   2.3140800e-02   5.5339806e-01
   2.4976800e-02   5.7281553e-01
   2.5712000e-02   5.8252427e-01
   2.6079200e-02   5.9223301e-01
   2.6446400e-02   6.2135922e-01
   2.7548000e-02   6.3106796e-01
   2.7915200e-02   6.5048544e-01
   2.9384800e-02   6.7961165e-01
   2.9752000e-02   6.8932039e-01
   3.3424800e-02   7.0873786e-01
   3.4160000e-02   7.2815534e-01
   3.4894400e-02   7.4757282e-01
   3.5261600e-02   7.5728155e-01
   3.7832800e-02   7.6699029e-01
   3.8567200e-02   7.7669903e-01
   3.8935200e-02   7.8640777e-01
   3.9302400e-02   7.9611650e-01
   4.0036800e-02   8.2524272e-01
   4.0771200e-02   8.3495146e-01
   4.1505600e-02   8.4466019e-01
   4.4076800e-02   8.5436893e-01
   4.4444800e-02   8.6407767e-01
   4.5179200e-02   8.7378641e-01
   4.9219200e-02   8.8349515e-01
   6.1708000e-02   9.0291262e-01
   6.2075200e-02   9.1262136e-01
   6.5380800e-02   9.2233010e-01
   6.6116000e-02   9.3203883e-01
   6.7217600e-02   9.4174757e-01
   7.5298400e-02   9.5145631e-01
   7.7502400e-02   9.6116505e-01
   8.1910400e-02   9.7087379e-01
   1.1276400e-01   9.8058252e-01
   1.5169920e-01   9.9029126e-01
   1.5720880e-01   1.0000000e+00
