   3.1328000e-03   0.0000000e+00
   3.1328000e-03   2.1881838e-03
   3.4816000e-03   4.3763676e-03
   3.8296000e-03   8.7527352e-03
   4.1776000e-03   1.0940919e-02
   4.5256000e-03   1.5317287e-02
   4.8736000e-03   2.6258206e-02
   5.2216000e-03   3.2822757e-02
   5.5704000e-03   5.4704595e-02
   5.9184000e-03   6.3457330e-02
   6.2664000e-03   8.9715536e-02
   6.6144000e-03   9.8468271e-02
   6.9624000e-03   1.1159737e-01
   7.3104000e-03   1.2691466e-01
   7.6592000e-03   1.4660832e-01
   8.0072000e-03   1.6630197e-01
   8.3552000e-03   1.7724289e-01
   8.7032000e-03   2.0131291e-01
   9.0512000e-03   2.1663020e-01
   9.3992000e-03   2.4070022e-01
   9.7472000e-03   2.5164114e-01
   1.0096000e-02   2.8227571e-01
   1.0444000e-02   2.8884026e-01
   1.0792000e-02   3.0853392e-01
   1.1140000e-02   3.3041575e-01
   1.1488000e-02   3.3479212e-01
   1.1836000e-02   3.5448578e-01
   1.2184800e-02   3.6105033e-01
   1.2532800e-02   3.7855580e-01
   1.2880800e-02   3.8074398e-01
   1.3228800e-02   3.9387309e-01
   1.3576800e-02   4.0919037e-01
   1.3924800e-02   4.2231947e-01
   1.4273600e-02   4.3544858e-01
   1.4621600e-02   4.4420131e-01
   1.4969600e-02   4.6389497e-01
   1.5317600e-02   4.6608315e-01
   1.5665600e-02   4.7702407e-01
   1.6013600e-02   4.9015317e-01
   1.6362400e-02   5.0547046e-01
   1.6710400e-02   5.1422319e-01
   1.7058400e-02   5.1859956e-01
   1.7406400e-02   5.2954048e-01
   1.8102400e-02   5.3610503e-01
   1.8451200e-02   5.4485777e-01
   1.8799200e-02   5.6017505e-01
   1.9147200e-02   5.6236324e-01
   1.9495200e-02   5.7330416e-01
   1.9843200e-02   5.8643326e-01
   2.0191200e-02   5.9518600e-01
   2.0539200e-02   6.0175055e-01
   2.0888000e-02   6.1269147e-01
   2.1236000e-02   6.2800875e-01
   2.1584000e-02   6.3019694e-01
   2.1932000e-02   6.3894967e-01
   2.2280000e-02   6.4332604e-01
   2.2628800e-02   6.4551422e-01
   2.2976800e-02   6.5645514e-01
   2.3324800e-02   6.6301969e-01
   2.3672800e-02   6.6739606e-01
   2.4368800e-02   6.7614880e-01
   2.4716800e-02   6.8052516e-01
   2.5065600e-02   6.9803063e-01
   2.5413600e-02   7.0240700e-01
   2.6109600e-02   7.0897155e-01
   2.6457600e-02   7.1115974e-01
   2.6805600e-02   7.1772429e-01
   2.7502400e-02   7.2647702e-01
   2.7850400e-02   7.3085339e-01
   2.8198400e-02   7.3304158e-01
   2.8546400e-02   7.3741794e-01
   2.9243200e-02   7.3960613e-01
   2.9591200e-02   7.4179431e-01
   2.9939200e-02   7.4835886e-01
   3.0287200e-02   7.5273523e-01
   3.0635200e-02   7.6148796e-01
   3.1331200e-02   7.6367615e-01
   3.1680000e-02   7.7242888e-01
   3.2028000e-02   7.7680525e-01
   3.2376000e-02   7.8118162e-01
   3.2724000e-02   7.8555799e-01
   3.3420800e-02   7.8774617e-01
   3.3768800e-02   7.8993435e-01
   3.4464800e-02   7.9431072e-01
   3.5160800e-02   7.9868709e-01
   3.5508800e-02   8.0306346e-01
   3.6205600e-02   8.0525164e-01
   3.6553600e-02   8.0962801e-01
   3.6901600e-02   8.1400438e-01
   3.7249600e-02   8.1838074e-01
   3.7597600e-02   8.2056893e-01
   3.7946400e-02   8.2275711e-01
   3.8294400e-02   8.2713348e-01
   3.8990400e-02   8.2932166e-01
   4.0034400e-02   8.3150985e-01
   4.0731200e-02   8.4026258e-01
   4.1079200e-02   8.4682713e-01
   4.1427200e-02   8.5120350e-01
   4.2472000e-02   8.5776805e-01
   4.2820000e-02   8.6214442e-01
   4.3168000e-02   8.6433260e-01
   4.3864000e-02   8.6870897e-01
   4.4212000e-02   8.7308534e-01
   4.4908800e-02   8.7746171e-01
   4.5256800e-02   8.7964989e-01
   4.5604800e-02   8.8402626e-01
   4.6300800e-02   8.8621444e-01
   4.6649600e-02   8.8840263e-01
   4.7345600e-02   8.9496718e-01
   4.7693600e-02   8.9715536e-01
   4.8737600e-02   8.9934354e-01
   5.0130400e-02   9.0153173e-01
   5.0478400e-02   9.0590810e-01
   5.1175200e-02   9.0809628e-01
   5.2915200e-02   9.1247265e-01
   5.3612000e-02   9.1466083e-01
   5.4308000e-02   9.1903720e-01
   5.5004000e-02   9.2122538e-01
   5.5352800e-02   9.2341357e-01
   5.5700800e-02   9.2560175e-01
   5.6048800e-02   9.2997812e-01
   5.6396800e-02   9.3435449e-01
   5.7441600e-02   9.3654267e-01
   5.8137600e-02   9.3873085e-01
   5.8485600e-02   9.4091904e-01
   5.9530400e-02   9.4529540e-01
   6.0574400e-02   9.4748359e-01
   6.0922400e-02   9.4967177e-01
   6.1967200e-02   9.5185996e-01
   6.2315200e-02   9.5404814e-01
   6.6492800e-02   9.5623632e-01
   7.1018400e-02   9.5842451e-01
   7.1366400e-02   9.6061269e-01
   7.2062400e-02   9.6280088e-01
   7.4848000e-02   9.6498906e-01
   8.0069600e-02   9.6717724e-01
   8.0417600e-02   9.6936543e-01
   8.0765600e-02   9.7155361e-01
   8.2506400e-02   9.7592998e-01
   8.4595200e-02   9.7811816e-01
   8.5640000e-02   9.8030635e-01
   8.8772800e-02   9.8249453e-01
   8.9817600e-02   9.8468271e-01
   9.6780000e-02   9.8687090e-01
   1.1348960e-01   9.8905908e-01
   1.2811120e-01   9.9124726e-01
   1.3785920e-01   9.9343545e-01
   1.4308080e-01   9.9562363e-01
   1.7197600e-01   9.9781182e-01
   1.9251520e-01   1.0000000e+00
