   2.6464000e-03   0.0000000e+00
   2.6464000e-03   1.2172855e-03
   3.0872000e-03   3.0432136e-03
   3.5280000e-03   4.8691418e-03
   3.9688000e-03   1.8259282e-02
   4.4104000e-03   3.4692635e-02
   4.8512000e-03   6.2081558e-02
   5.2920000e-03   1.2172855e-01
   5.7328000e-03   1.6311625e-01
   6.1744000e-03   2.2337188e-01
   6.6152000e-03   2.8362751e-01
   7.0560000e-03   3.3292757e-01
   7.4976000e-03   3.7979306e-01
   7.9384000e-03   4.1752891e-01
   8.3792000e-03   4.5222155e-01
   8.8200000e-03   4.9665247e-01
   9.2616000e-03   5.1978089e-01
   9.7024000e-03   5.4656117e-01
   1.0143200e-02   5.7577602e-01
   1.0584000e-02   5.9403530e-01
   1.1025600e-02   6.2142422e-01
   1.1466400e-02   6.4881315e-01
   1.1907200e-02   6.6220329e-01
   1.2348000e-02   6.8411442e-01
   1.2789600e-02   6.9811321e-01
   1.3230400e-02   7.1393792e-01
   1.3671200e-02   7.3341449e-01
   1.4112800e-02   7.5532562e-01
   1.4553600e-02   7.6688984e-01
   1.4994400e-02   7.8088862e-01
   1.5435200e-02   7.9184419e-01
   1.5876800e-02   8.0279976e-01
   1.6317600e-02   8.1132075e-01
   1.6758400e-02   8.1740718e-01
   1.7199200e-02   8.2531954e-01
   1.7640800e-02   8.3688375e-01
   1.8081600e-02   8.4236153e-01
   1.8522400e-02   8.4844796e-01
   1.8963200e-02   8.6183810e-01
   1.9404800e-02   8.6670724e-01
   1.9845600e-02   8.6975046e-01
   2.0286400e-02   8.7401096e-01
   2.0728000e-02   8.7827145e-01
   2.1168800e-02   8.8192331e-01
   2.1609600e-02   8.8740110e-01
   2.2050400e-02   8.9227024e-01
   2.2492000e-02   8.9713938e-01
   2.2932800e-02   9.0139988e-01
   2.3373600e-02   9.0505173e-01
   2.3814400e-02   9.0870359e-01
   2.4256000e-02   9.1357273e-01
   2.4696800e-02   9.1418138e-01
   2.5137600e-02   9.1661595e-01
   2.5579200e-02   9.2148509e-01
   2.6020000e-02   9.2391966e-01
   2.6460800e-02   9.2757152e-01
   2.6901600e-02   9.3000609e-01
   2.7343200e-02   9.3244066e-01
   2.7784000e-02   9.3609251e-01
   2.8224800e-02   9.3852708e-01
   2.8665600e-02   9.3913573e-01
   2.9107200e-02   9.4096166e-01
   3.0430400e-02   9.4339623e-01
   3.1312000e-02   9.4461351e-01
   3.1752800e-02   9.4704808e-01
   3.2194400e-02   9.4765673e-01
   3.3076000e-02   9.4826537e-01
   3.3516800e-02   9.4887401e-01
   3.3958400e-02   9.5009130e-01
   3.4399200e-02   9.5191722e-01
   3.5280800e-02   9.5617772e-01
   3.5722400e-02   9.5678637e-01
   3.7486400e-02   9.5739501e-01
   3.7927200e-02   9.5861229e-01
   3.8368000e-02   9.5982958e-01
   3.8809600e-02   9.6043822e-01
   3.9250400e-02   9.6226415e-01
   3.9691200e-02   9.6287279e-01
   4.0132000e-02   9.6348144e-01
   4.0573600e-02   9.6409008e-01
   4.1014400e-02   9.6713329e-01
   4.1455200e-02   9.6956786e-01
   4.2778400e-02   9.7139379e-01
   4.3219200e-02   9.7261108e-01
   4.3660000e-02   9.7321972e-01
   4.4101600e-02   9.7382836e-01
   4.4983200e-02   9.7443701e-01
   4.6747200e-02   9.7626293e-01
   4.7188800e-02   9.7748022e-01
   4.7629600e-02   9.7808886e-01
   4.8070400e-02   9.7869750e-01
   4.9834400e-02   9.7930615e-01
   5.0275200e-02   9.7991479e-01
   5.0716800e-02   9.8174072e-01
   5.1598400e-02   9.8356665e-01
   5.2480800e-02   9.8478393e-01
   5.2921600e-02   9.8600122e-01
   5.4244800e-02   9.8721850e-01
   5.4685600e-02   9.8843579e-01
   5.5126400e-02   9.8904443e-01
   5.6449600e-02   9.8965307e-01
   5.6891200e-02   9.9026172e-01
   5.7332000e-02   9.9147900e-01
   5.8213600e-02   9.9269629e-01
   6.2624000e-02   9.9330493e-01
   6.3064800e-02   9.9391357e-01
   6.4828800e-02   9.9452222e-01
   6.5270400e-02   9.9573950e-01
   6.7916000e-02   9.9634814e-01
   7.5854400e-02   9.9695679e-01
   7.7177600e-02   9.9756543e-01
   8.4233600e-02   9.9817407e-01
   9.3054400e-02   9.9878271e-01
   1.0319760e-01   9.9939136e-01
   1.2745280e-01   1.0000000e+00
