   3.8384000e-03   0.0000000e+00
   3.8384000e-03   3.5842294e-03
   4.2224000e-03   7.1684588e-03
   4.6064000e-03   1.0752688e-02
   4.9904000e-03   1.4336918e-02
   5.7584000e-03   1.7921147e-02
   6.1424000e-03   2.1505376e-02
   6.5256000e-03   2.8673835e-02
   6.9096000e-03   3.5842294e-02
   7.2936000e-03   4.6594982e-02
   8.0616000e-03   5.3763441e-02
   8.4456000e-03   6.4516129e-02
   8.8288000e-03   7.5268817e-02
   9.2128000e-03   8.2437276e-02
   9.5968000e-03   8.9605735e-02
   9.9808000e-03   1.0035842e-01
   1.0364800e-02   1.0394265e-01
   1.0748800e-02   1.1469534e-01
   1.1132800e-02   1.2544803e-01
   1.1516000e-02   1.2903226e-01
   1.1900000e-02   1.5053763e-01
   1.2284000e-02   1.6129032e-01
   1.2668000e-02   1.7562724e-01
   1.3052000e-02   1.7921147e-01
   1.3436000e-02   1.9713262e-01
   1.3820000e-02   2.1505376e-01
   1.4203200e-02   2.2580645e-01
   1.4587200e-02   2.4372760e-01
   1.4971200e-02   2.5448029e-01
   1.5355200e-02   2.6881720e-01
   1.5739200e-02   2.8315412e-01
   1.6123200e-02   3.0107527e-01
   1.6506400e-02   3.1541219e-01
   1.6890400e-02   3.2616487e-01
   1.7274400e-02   3.4408602e-01
   1.7658400e-02   3.4767025e-01
   1.8042400e-02   3.5483871e-01
   1.8426400e-02   3.6200717e-01
   1.9193600e-02   3.7992832e-01
   1.9577600e-02   3.8709677e-01
   1.9961600e-02   4.0143369e-01
   2.0729600e-02   4.1577061e-01
   2.1113600e-02   4.2293907e-01
   2.1496800e-02   4.3369176e-01
   2.1880800e-02   4.4802867e-01
   2.2264800e-02   4.5519713e-01
   2.2648800e-02   4.7670251e-01
   2.3032800e-02   4.9462366e-01
   2.3416800e-02   5.0896057e-01
   2.3800000e-02   5.1612903e-01
   2.4184000e-02   5.2329749e-01
   2.4568000e-02   5.4838710e-01
   2.4952000e-02   5.5555556e-01
   2.5336000e-02   5.6989247e-01
   2.5720000e-02   5.7706093e-01
   2.6104000e-02   5.8422939e-01
   2.7255200e-02   6.0215054e-01
   2.7639200e-02   6.0573477e-01
   2.8023200e-02   6.3082437e-01
   2.8790400e-02   6.3440860e-01
   2.9174400e-02   6.4157706e-01
   2.9558400e-02   6.5591398e-01
   2.9942400e-02   6.7025090e-01
   3.0710400e-02   6.7741935e-01
   3.1094400e-02   6.8817204e-01
   3.1477600e-02   6.9892473e-01
   3.3013600e-02   7.0609319e-01
   3.3397600e-02   7.0967742e-01
   3.4548800e-02   7.1326165e-01
   3.4932800e-02   7.2043011e-01
   3.5316800e-02   7.2401434e-01
   3.6084800e-02   7.3118280e-01
   3.6468000e-02   7.3476703e-01
   3.6852000e-02   7.4193548e-01
   3.7236000e-02   7.4910394e-01
   3.7620000e-02   7.5627240e-01
   3.8004000e-02   7.6344086e-01
   3.8388000e-02   7.7060932e-01
   3.9155200e-02   7.7419355e-01
   3.9923200e-02   7.7777778e-01
   4.0307200e-02   7.8853047e-01
   4.0691200e-02   7.9211470e-01
   4.1458400e-02   7.9569892e-01
   4.1842400e-02   7.9928315e-01
   4.2610400e-02   8.0286738e-01
   4.3378400e-02   8.0645161e-01
   4.3762400e-02   8.1362007e-01
   4.4145600e-02   8.2078853e-01
   4.5297600e-02   8.3512545e-01
   4.6065600e-02   8.4229391e-01
   4.6448800e-02   8.4587814e-01
   4.6832800e-02   8.4946237e-01
   4.7216800e-02   8.5304659e-01
   4.7984800e-02   8.5663082e-01
   4.8368800e-02   8.6021505e-01
   4.9136000e-02   8.6379928e-01
   4.9904000e-02   8.7096774e-01
   5.0288000e-02   8.7813620e-01
   5.0672000e-02   8.8888889e-01
   5.1439200e-02   8.9605735e-01
   5.3359200e-02   8.9964158e-01
   5.3743200e-02   9.0322581e-01
   5.4894400e-02   9.0681004e-01
   5.5278400e-02   9.1039427e-01
   5.6046400e-02   9.1397849e-01
   5.6813600e-02   9.1756272e-01
   5.7197600e-02   9.2114695e-01
   5.7965600e-02   9.2473118e-01
   5.8349600e-02   9.2831541e-01
   6.0652800e-02   9.3189964e-01
   6.1804000e-02   9.3548387e-01
   6.2188000e-02   9.3906810e-01
   6.3724000e-02   9.4265233e-01
   6.4491200e-02   9.4623656e-01
   6.5259200e-02   9.4982079e-01
   6.5643200e-02   9.5340502e-01
   7.0249600e-02   9.5698925e-01
   7.2552800e-02   9.6057348e-01
   7.6008000e-02   9.6415771e-01
   7.6775200e-02   9.6774194e-01
   7.7159200e-02   9.7132616e-01
   7.7927200e-02   9.7491039e-01
   8.7908000e-02   9.7849462e-01
   8.9059200e-02   9.8207885e-01
   9.1362400e-02   9.8566308e-01
   9.4433600e-02   9.8924731e-01
   9.9040000e-02   9.9283154e-01
   1.1439520e-01   9.9641577e-01
   1.4357040e-01   1.0000000e+00
