   4.0637950e-03   0.0000000e+00
   4.0637950e-03   3.4482759e-02
   4.4607892e-03   6.8965517e-02
   6.7918244e-03   1.0344828e-01
   8.7354831e-03   1.3793103e-01
   1.1228351e-02   1.7241379e-01
   1.1535858e-02   2.0689655e-01
   1.1535950e-02   2.4137931e-01
   1.3412271e-02   2.7586207e-01
   1.5805624e-02   3.1034483e-01
   1.7148316e-02   3.4482759e-01
   1.7998726e-02   3.7931034e-01
   1.9641432e-02   4.1379310e-01
   2.0117396e-02   4.4827586e-01
   2.0553011e-02   4.8275862e-01
   2.1525063e-02   5.1724138e-01
   2.8835233e-02   5.5172414e-01
   3.0860273e-02   5.8620690e-01
   3.1035431e-02   6.2068966e-01
   3.2802741e-02   6.5517241e-01
   3.5255233e-02   6.8965517e-01
   3.7529412e-02   7.2413793e-01
   3.9575315e-02   7.5862069e-01
   4.3590597e-02   7.9310345e-01
   5.2460987e-02   8.2758621e-01
   6.5045447e-02   8.6206897e-01
   6.7609006e-02   8.9655172e-01
   7.9185030e-02   9.3103448e-01
   8.7928019e-02   9.6551724e-01
   2.5188344e-01   1.0000000e+00
