   3.3232000e-03   0.0000000e+00
   3.3232000e-03   2.2831050e-03
   4.1536000e-03   1.5981735e-02
   4.5688000e-03   2.0547945e-02
   4.9848000e-03   2.7397260e-02
   5.4000000e-03   3.8812785e-02
   5.8152000e-03   4.7945205e-02
   6.2304000e-03   5.7077626e-02
   6.6456000e-03   7.9908676e-02
   7.0616000e-03   9.1324201e-02
   7.4768000e-03   1.0958904e-01
   7.8920000e-03   1.3013699e-01
   8.3072000e-03   1.5068493e-01
   8.7224000e-03   1.6210046e-01
   9.1384000e-03   1.8264840e-01
   9.5536000e-03   1.9634703e-01
   9.9688000e-03   2.0091324e-01
   1.0384000e-02   2.2831050e-01
   1.0799200e-02   2.4885845e-01
   1.1215200e-02   2.5799087e-01
   1.1630400e-02   2.6712329e-01
   1.2045600e-02   2.9908676e-01
   1.2460800e-02   3.1278539e-01
   1.2876000e-02   3.3105023e-01
   1.3292000e-02   3.6073059e-01
   1.3707200e-02   3.7899543e-01
   1.4122400e-02   4.0410959e-01
   1.4537600e-02   4.1780822e-01
   1.4953600e-02   4.3607306e-01
   1.5368800e-02   4.4977169e-01
   1.5784000e-02   4.5890411e-01
   1.6199200e-02   4.6803653e-01
   1.6614400e-02   4.7716895e-01
   1.7030400e-02   4.8173516e-01
   1.7445600e-02   5.1141553e-01
   1.8276000e-02   5.1598174e-01
   1.8691200e-02   5.2739726e-01
   1.9107200e-02   5.3196347e-01
   1.9522400e-02   5.4566210e-01
   1.9937600e-02   5.5479452e-01
   2.0352800e-02   5.5936073e-01
   2.0768800e-02   5.6849315e-01
   2.1184000e-02   5.8447489e-01
   2.1599200e-02   5.9817352e-01
   2.2014400e-02   6.0958904e-01
   2.2429600e-02   6.1643836e-01
   2.2845600e-02   6.2328767e-01
   2.3260800e-02   6.2557078e-01
   2.3676000e-02   6.3470320e-01
   2.4091200e-02   6.5753425e-01
   2.4506400e-02   6.6666667e-01
   2.4922400e-02   6.8036530e-01
   2.5337600e-02   6.8949772e-01
   2.5752800e-02   6.9406393e-01
   2.6168000e-02   6.9634703e-01
   2.6584000e-02   7.1004566e-01
   2.6999200e-02   7.1232877e-01
   2.7414400e-02   7.1461187e-01
   2.7829600e-02   7.2146119e-01
   2.8244800e-02   7.3287671e-01
   2.8660800e-02   7.3744292e-01
   2.9076000e-02   7.4200913e-01
   2.9491200e-02   7.4885845e-01
   2.9906400e-02   7.5114155e-01
   3.0321600e-02   7.6255708e-01
   3.0737600e-02   7.6712329e-01
   3.1152800e-02   7.6940639e-01
   3.1568000e-02   7.7168950e-01
   3.2398400e-02   7.7397260e-01
   3.2814400e-02   7.8310502e-01
   3.3229600e-02   7.8995434e-01
   3.3644800e-02   7.9452055e-01
   3.4060000e-02   7.9680365e-01
   3.4476000e-02   7.9908676e-01
   3.4891200e-02   8.0593607e-01
   3.5306400e-02   8.0821918e-01
   3.5721600e-02   8.1050228e-01
   3.6136800e-02   8.1506849e-01
   3.6552800e-02   8.1735160e-01
   3.6968000e-02   8.1963470e-01
   3.7383200e-02   8.2420091e-01
   3.7798400e-02   8.2648402e-01
   3.8213600e-02   8.2876712e-01
   3.8629600e-02   8.3105023e-01
   3.9044800e-02   8.3789954e-01
   4.0290400e-02   8.4018265e-01
   4.0706400e-02   8.4246575e-01
   4.1536800e-02   8.4703196e-01
   4.1952000e-02   8.5388128e-01
   4.3198400e-02   8.5616438e-01
   4.3613600e-02   8.5844749e-01
   4.4028800e-02   8.6757991e-01
   4.4860000e-02   8.7214612e-01
   4.5690400e-02   8.7442922e-01
   4.6521600e-02   8.7899543e-01
   4.7352000e-02   8.8127854e-01
   4.7767200e-02   8.8356164e-01
   4.9428800e-02   8.8584475e-01
   5.0260000e-02   8.9041096e-01
   5.3582400e-02   8.9726027e-01
   5.4413600e-02   8.9954338e-01
   5.5659200e-02   9.0639269e-01
   5.6075200e-02   9.1095890e-01
   5.6490400e-02   9.1324201e-01
   5.6905600e-02   9.1552511e-01
   5.8567200e-02   9.2009132e-01
   5.9397600e-02   9.2237443e-01
   6.2305600e-02   9.2465753e-01
   6.2720800e-02   9.2694064e-01
   6.6044000e-02   9.2922374e-01
   6.6874400e-02   9.3150685e-01
   6.7289600e-02   9.3378995e-01
   6.9781600e-02   9.3607306e-01
   7.0197600e-02   9.4292237e-01
   7.0612800e-02   9.4520548e-01
   7.1859200e-02   9.4748858e-01
   7.3104800e-02   9.4977169e-01
   7.4766400e-02   9.5205479e-01
   7.6012800e-02   9.5433790e-01
   7.6428000e-02   9.5662100e-01
   7.6843200e-02   9.5890411e-01
   7.7673600e-02   9.6118721e-01
   8.1828000e-02   9.6347032e-01
   8.3073600e-02   9.6803653e-01
   8.8058400e-02   9.7031963e-01
   9.3457600e-02   9.7260274e-01
   9.8027200e-02   9.7488584e-01
   1.0508800e-01   9.7716895e-01
   1.0550400e-01   9.8173516e-01
   1.0758080e-01   9.8401826e-01
   1.1505680e-01   9.8630137e-01
   1.2419520e-01   9.8858447e-01
   1.2544160e-01   9.9086758e-01
   1.2668720e-01   9.9315068e-01
   1.3125680e-01   9.9543379e-01
   1.3291760e-01   9.9771689e-01
   1.6074800e-01   1.0000000e+00
