   2.5640000e-03   0.0000000e+00
   2.5640000e-03   1.2195122e-03
   2.9912000e-03   4.8780488e-03
   3.4192000e-03   1.6260163e-02
   3.8464000e-03   3.5365854e-02
   4.2736000e-03   5.1219512e-02
   4.7008000e-03   7.9268293e-02
   5.1280000e-03   1.1707317e-01
   5.5552000e-03   1.6219512e-01
   5.9832000e-03   2.1544715e-01
   6.4104000e-03   2.7520325e-01
   6.8376000e-03   3.4227642e-01
   7.2648000e-03   4.0121951e-01
   7.6920000e-03   4.6504065e-01
   8.1200000e-03   5.2235772e-01
   8.5472000e-03   5.6869919e-01
   8.9744000e-03   6.0325203e-01
   9.4016000e-03   6.3536585e-01
   9.8288000e-03   6.6504065e-01
   1.0256800e-02   6.8699187e-01
   1.0684000e-02   7.1138211e-01
   1.1111200e-02   7.3252033e-01
   1.1538400e-02   7.5000000e-01
   1.1965600e-02   7.5975610e-01
   1.2393600e-02   7.8252033e-01
   1.2820800e-02   8.0365854e-01
   1.3248000e-02   8.1707317e-01
   1.3675200e-02   8.3658537e-01
   1.4102400e-02   8.4552846e-01
   1.4529600e-02   8.5447154e-01
   1.4957600e-02   8.6910569e-01
   1.5384800e-02   8.7967480e-01
   1.5812000e-02   8.8617886e-01
   1.6239200e-02   8.9796748e-01
   1.6666400e-02   9.0121951e-01
   1.7094400e-02   9.0487805e-01
   1.7521600e-02   9.1300813e-01
   1.7948800e-02   9.1788618e-01
   1.8376000e-02   9.2073171e-01
   1.8803200e-02   9.2804878e-01
   1.9231200e-02   9.3089431e-01
   1.9658400e-02   9.3536585e-01
   2.0085600e-02   9.4268293e-01
   2.0512800e-02   9.4715447e-01
   2.0940000e-02   9.5000000e-01
   2.1367200e-02   9.5121951e-01
   2.1795200e-02   9.5284553e-01
   2.2222400e-02   9.5447154e-01
   2.2649600e-02   9.5731707e-01
   2.3076800e-02   9.5934959e-01
   2.3504000e-02   9.6178862e-01
   2.3932000e-02   9.6544715e-01
   2.4359200e-02   9.6585366e-01
   2.4786400e-02   9.6707317e-01
   2.5213600e-02   9.6788618e-01
   2.5640800e-02   9.6991870e-01
   2.6068800e-02   9.7073171e-01
   2.6496000e-02   9.7113821e-01
   2.6923200e-02   9.7235772e-01
   2.7350400e-02   9.7357724e-01
   2.7777600e-02   9.7560976e-01
   2.8204800e-02   9.7601626e-01
   2.8632800e-02   9.7682927e-01
   2.9060000e-02   9.7804878e-01
   2.9487200e-02   9.7845528e-01
   2.9914400e-02   9.7886179e-01
   3.0341600e-02   9.7967480e-01
   3.1196800e-02   9.8130081e-01
   3.1624000e-02   9.8170732e-01
   3.2478400e-02   9.8252033e-01
   3.2906400e-02   9.8333333e-01
   3.3333600e-02   9.8414634e-01
   3.3760800e-02   9.8536585e-01
   3.4615200e-02   9.8577236e-01
   3.5042400e-02   9.8739837e-01
   3.5470400e-02   9.8821138e-01
   3.6324800e-02   9.9105691e-01
   3.6752000e-02   9.9146341e-01
   3.8034400e-02   9.9186992e-01
   3.9316000e-02   9.9268293e-01
   4.0598400e-02   9.9349593e-01
   4.1452800e-02   9.9390244e-01
   4.1880000e-02   9.9430894e-01
   4.2308000e-02   9.9512195e-01
   4.3589600e-02   9.9552846e-01
   4.5299200e-02   9.9593496e-01
   4.6153600e-02   9.9634146e-01
   4.6581600e-02   9.9715447e-01
   4.9145600e-02   9.9756098e-01
   5.0427200e-02   9.9796748e-01
   5.2136800e-02   9.9837398e-01
   5.3846400e-02   9.9878049e-01
   6.0256000e-02   9.9918699e-01
   6.2393600e-02   9.9959350e-01
   8.1624000e-02   1.0000000e+00
