   5.1693515e-03   0.0000000e+00
   5.1693515e-03   3.2258065e-03
   6.8801716e-03   6.4516129e-03
   7.0482623e-03   9.6774194e-03
   7.2620524e-03   1.2903226e-02
   7.4225192e-03   1.6129032e-02
   7.5863049e-03   1.9354839e-02
   7.6272222e-03   2.2580645e-02
   8.7649146e-03   2.5806452e-02
   8.8776047e-03   2.9032258e-02
   9.1032531e-03   3.2258065e-02
   9.1054311e-03   3.5483871e-02
   9.2292975e-03   3.8709677e-02
   9.3068856e-03   4.1935484e-02
   9.4074163e-03   4.5161290e-02
   9.4817357e-03   4.8387097e-02
   9.8253289e-03   5.1612903e-02
   9.9133083e-03   5.4838710e-02
   1.0185645e-02   5.8064516e-02
   1.0338106e-02   6.1290323e-02
   1.0343848e-02   6.4516129e-02
   1.0431329e-02   6.7741935e-02
   1.0513445e-02   7.0967742e-02
   1.0575559e-02   7.4193548e-02
   1.0659195e-02   7.7419355e-02
   1.0773591e-02   8.0645161e-02
   1.0821587e-02   8.3870968e-02
   1.0893620e-02   8.7096774e-02
   1.1146226e-02   9.0322581e-02
   1.1177651e-02   9.3548387e-02
   1.1274547e-02   1.0000000e-01
   1.1370651e-02   1.0322581e-01
   1.1386131e-02   1.0645161e-01
   1.1887797e-02   1.0967742e-01
   1.1992376e-02   1.1290323e-01
   1.2095256e-02   1.1612903e-01
   1.2161711e-02   1.1935484e-01
   1.2170651e-02   1.2258065e-01
   1.2281086e-02   1.2580645e-01
   1.2475979e-02   1.2903226e-01
   1.2504270e-02   1.3225806e-01
   1.2604064e-02   1.3548387e-01
   1.2883687e-02   1.3870968e-01
   1.3208263e-02   1.4193548e-01
   1.3235439e-02   1.4516129e-01
   1.3251736e-02   1.4838710e-01
   1.3399735e-02   1.5161290e-01
   1.3503137e-02   1.5806452e-01
   1.3916125e-02   1.6129032e-01
   1.4131407e-02   1.6451613e-01
   1.4222452e-02   1.6774194e-01
   1.4288829e-02   1.7096774e-01
   1.4307989e-02   1.7419355e-01
   1.4458608e-02   1.7741935e-01
   1.4691259e-02   1.8064516e-01
   1.4807949e-02   1.8387097e-01
   1.4870016e-02   1.9032258e-01
   1.4990268e-02   1.9354839e-01
   1.5007552e-02   1.9677419e-01
   1.5047036e-02   2.0000000e-01
   1.5064015e-02   2.0322581e-01
   1.5267226e-02   2.0645161e-01
   1.5314772e-02   2.0967742e-01
   1.5387732e-02   2.1290323e-01
   1.5439399e-02   2.1612903e-01
   1.5525896e-02   2.1935484e-01
   1.5983372e-02   2.2258065e-01
   1.6044820e-02   2.2580645e-01
   1.6113394e-02   2.2903226e-01
   1.6132898e-02   2.3225806e-01
   1.6286178e-02   2.3548387e-01
   1.6323323e-02   2.3870968e-01
   1.6504372e-02   2.4193548e-01
   1.6552612e-02   2.4516129e-01
   1.6599195e-02   2.5161290e-01
   1.6802265e-02   2.5483871e-01
   1.6838740e-02   2.5806452e-01
   1.6857057e-02   2.6129032e-01
   1.7335904e-02   2.6451613e-01
   1.7847596e-02   2.6774194e-01
   1.7887206e-02   2.7096774e-01
   1.8052548e-02   2.7419355e-01
   1.8120572e-02   2.7741935e-01
   1.8206506e-02   2.8064516e-01
   1.8614903e-02   2.8387097e-01
   1.8636837e-02   2.8709677e-01
   1.8654007e-02   2.9032258e-01
   1.8867474e-02   2.9354839e-01
   1.8963868e-02   2.9677419e-01
   1.9272490e-02   3.0000000e-01
   1.9284080e-02   3.0322581e-01
   1.9291544e-02   3.0645161e-01
   1.9382342e-02   3.0967742e-01
   1.9475714e-02   3.1290323e-01
   1.9553183e-02   3.1612903e-01
   1.9674307e-02   3.1935484e-01
   1.9898421e-02   3.2258065e-01
   1.9909230e-02   3.2580645e-01
   1.9984142e-02   3.2903226e-01
   2.0160276e-02   3.3225806e-01
   2.0230221e-02   3.3548387e-01
   2.0307492e-02   3.3870968e-01
   2.0351788e-02   3.4193548e-01
   2.0482424e-02   3.4516129e-01
   2.0547834e-02   3.4838710e-01
   2.0723094e-02   3.5161290e-01
   2.0799345e-02   3.5483871e-01
   2.0938527e-02   3.5806452e-01
   2.0956150e-02   3.6129032e-01
   2.1380623e-02   3.6451613e-01
   2.1720639e-02   3.6774194e-01
   2.1829376e-02   3.7096774e-01
   2.1954165e-02   3.7419355e-01
   2.2193506e-02   3.7741935e-01
   2.2549095e-02   3.8064516e-01
   2.2709464e-02   3.8387097e-01
   2.2750876e-02   3.8709677e-01
   2.3092937e-02   3.9032258e-01
   2.3258399e-02   3.9354839e-01
   2.3704188e-02   3.9677419e-01
   2.3781725e-02   4.0000000e-01
   2.3831256e-02   4.0322581e-01
   2.3861248e-02   4.0645161e-01
   2.4126230e-02   4.0967742e-01
   2.4238353e-02   4.1290323e-01
   2.4313725e-02   4.1612903e-01
   2.4324076e-02   4.1935484e-01
   2.4551601e-02   4.2258065e-01
   2.4618781e-02   4.2580645e-01
   2.4642930e-02   4.2903226e-01
   2.5077392e-02   4.3225806e-01
   2.6103914e-02   4.3548387e-01
   2.6148062e-02   4.3870968e-01
   2.6294530e-02   4.4193548e-01
   2.6373564e-02   4.4516129e-01
   2.7054372e-02   4.4838710e-01
   2.7521421e-02   4.5161290e-01
   2.7911880e-02   4.5483871e-01
   2.7921788e-02   4.5806452e-01
   2.7966291e-02   4.6129032e-01
   2.8189960e-02   4.6451613e-01
   2.8240345e-02   4.6774194e-01
   2.8427488e-02   4.7096774e-01
   2.8428551e-02   4.7419355e-01
   2.8460174e-02   4.7741935e-01
   2.9030188e-02   4.8387097e-01
   2.9222057e-02   4.8709677e-01
   2.9286863e-02   4.9032258e-01
   2.9362743e-02   4.9354839e-01
   3.0071539e-02   4.9677419e-01
   3.0368718e-02   5.0000000e-01
   3.0494021e-02   5.0322581e-01
   3.0671019e-02   5.0645161e-01
   3.0831423e-02   5.0967742e-01
   3.0839020e-02   5.1290323e-01
   3.0843282e-02   5.1612903e-01
   3.1786538e-02   5.1935484e-01
   3.2363464e-02   5.2258065e-01
   3.2608006e-02   5.2580645e-01
   3.2625726e-02   5.2903226e-01
   3.2917762e-02   5.3225806e-01
   3.3596259e-02   5.3548387e-01
   3.3953631e-02   5.3870968e-01
   3.4033177e-02   5.4193548e-01
   3.4375184e-02   5.4516129e-01
   3.4743404e-02   5.4838710e-01
   3.5214013e-02   5.5161290e-01
   3.5459240e-02   5.5483871e-01
   3.5993424e-02   5.5806452e-01
   3.7312279e-02   5.6451613e-01
   3.7427938e-02   5.6774194e-01
   3.7497868e-02   5.7096774e-01
   3.7512295e-02   5.7419355e-01
   3.8838176e-02   5.7741935e-01
   3.9378840e-02   5.8064516e-01
   3.9385758e-02   5.8387097e-01
   3.9538752e-02   5.8709677e-01
   4.0318811e-02   5.9032258e-01
   4.1011663e-02   5.9354839e-01
   4.1537282e-02   5.9677419e-01
   4.1612156e-02   6.0000000e-01
   4.2216388e-02   6.0322581e-01
   4.3125985e-02   6.0645161e-01
   4.3616183e-02   6.0967742e-01
   4.3647637e-02   6.1290323e-01
   4.4003374e-02   6.1612903e-01
   4.4373815e-02   6.1935484e-01
   4.4450321e-02   6.2258065e-01
   4.4470830e-02   6.2580645e-01
   4.4560324e-02   6.2903226e-01
   4.4621894e-02   6.3225806e-01
   4.5325111e-02   6.3548387e-01
   4.5944579e-02   6.3870968e-01
   4.6843040e-02   6.4193548e-01
   4.7218445e-02   6.4516129e-01
   4.7982895e-02   6.4838710e-01
   4.8867319e-02   6.5161290e-01
   4.9020592e-02   6.5483871e-01
   4.9103970e-02   6.5806452e-01
   4.9664638e-02   6.6129032e-01
   4.9902856e-02   6.6451613e-01
   5.0238718e-02   6.6774194e-01
   5.0341761e-02   6.7096774e-01
   5.0382301e-02   6.7419355e-01
   5.0408592e-02   6.7741935e-01
   5.0911756e-02   6.8064516e-01
   5.0925117e-02   6.8387097e-01
   5.1270503e-02   6.8709677e-01
   5.1297390e-02   6.9032258e-01
   5.1343959e-02   6.9354839e-01
   5.1344841e-02   6.9677419e-01
   5.1739368e-02   7.0000000e-01
   5.1894104e-02   7.0322581e-01
   5.2081137e-02   7.0645161e-01
   5.2281558e-02   7.0967742e-01
   5.2390748e-02   7.1290323e-01
   5.3796768e-02   7.1612903e-01
   5.4420967e-02   7.1935484e-01
   5.4556668e-02   7.2258065e-01
   5.5333695e-02   7.2580645e-01
   5.5558632e-02   7.2903226e-01
   5.6111086e-02   7.3225806e-01
   5.6866390e-02   7.3548387e-01
   5.7584567e-02   7.3870968e-01
   5.8332262e-02   7.4193548e-01
   5.8537402e-02   7.4516129e-01
   5.8677539e-02   7.4838710e-01
   6.0401921e-02   7.5161290e-01
   6.0746284e-02   7.5483871e-01
   6.0901773e-02   7.5806452e-01
   6.1274892e-02   7.6129032e-01
   6.1542782e-02   7.6451613e-01
   6.1987525e-02   7.6774194e-01
   6.2882354e-02   7.7096774e-01
   6.3170636e-02   7.7419355e-01
   6.3406396e-02   7.7741935e-01
   6.4929371e-02   7.8064516e-01
   6.6211379e-02   7.8387097e-01
   6.6220867e-02   7.8709677e-01
   6.6932172e-02   7.9032258e-01
   6.7011480e-02   7.9354839e-01
   6.7190324e-02   7.9677419e-01
   6.7621117e-02   8.0000000e-01
   6.7771058e-02   8.0322581e-01
   6.7942221e-02   8.0645161e-01
   6.8225627e-02   8.0967742e-01
   6.8683090e-02   8.1290323e-01
   6.9098439e-02   8.1612903e-01
   6.9523206e-02   8.1935484e-01
   6.9882117e-02   8.2258065e-01
   7.0027109e-02   8.2580645e-01
   7.0539676e-02   8.2903226e-01
   7.1544164e-02   8.3225806e-01
   7.1849901e-02   8.3548387e-01
   7.3812370e-02   8.3870968e-01
   7.5937699e-02   8.4193548e-01
   7.6062955e-02   8.4516129e-01
   7.8105141e-02   8.4838710e-01
   7.8493736e-02   8.5161290e-01
   7.9170853e-02   8.5483871e-01
   7.9225986e-02   8.5806452e-01
   8.2008216e-02   8.6129032e-01
   8.2440831e-02   8.6451613e-01
   8.2611135e-02   8.6774194e-01
   8.3696590e-02   8.7096774e-01
   8.5907005e-02   8.7419355e-01
   8.9101457e-02   8.7741935e-01
   8.9449910e-02   8.8064516e-01
   8.9569466e-02   8.8387097e-01
   9.0919769e-02   8.8709677e-01
   9.1111172e-02   8.9032258e-01
   9.1616140e-02   8.9354839e-01
   9.1984092e-02   8.9677419e-01
   9.2078613e-02   9.0000000e-01
   9.3145325e-02   9.0322581e-01
   9.3842443e-02   9.0645161e-01
   9.5752728e-02   9.0967742e-01
   9.6201798e-02   9.1290323e-01
   9.6854795e-02   9.1612903e-01
   9.7368229e-02   9.1935484e-01
   9.7744458e-02   9.2258065e-01
   9.9543423e-02   9.2580645e-01
   1.0084656e-01   9.2903226e-01
   1.0178653e-01   9.3225806e-01
   1.0355419e-01   9.3548387e-01
   1.0517994e-01   9.3870968e-01
   1.1131382e-01   9.4193548e-01
   1.1197692e-01   9.4516129e-01
   1.1257504e-01   9.4838710e-01
   1.1339685e-01   9.5161290e-01
   1.1470783e-01   9.5483871e-01
   1.1577408e-01   9.5806452e-01
   1.1648987e-01   9.6129032e-01
   1.2266490e-01   9.6451613e-01
   1.4455268e-01   9.6774194e-01
   1.4907855e-01   9.7096774e-01
   1.5707784e-01   9.7419355e-01
   1.5821836e-01   9.7741935e-01
   1.5869481e-01   9.8064516e-01
   1.5897057e-01   9.8387097e-01
   1.7201975e-01   9.8709677e-01
   1.8486893e-01   9.9032258e-01
   2.0368181e-01   9.9354839e-01
   2.2441476e-01   9.9677419e-01
   2.8272238e-01   1.0000000e+00
