   3.6240000e-03   0.0000000e+00
   3.6240000e-03   4.4150110e-03
   3.9536000e-03   6.6225166e-03
   4.2832000e-03   1.7660044e-02
   4.6128000e-03   1.9867550e-02
   4.9424000e-03   2.8697572e-02
   5.2720000e-03   3.3112583e-02
   5.6016000e-03   4.1942605e-02
   5.9312000e-03   4.6357616e-02
   6.2600000e-03   7.2847682e-02
   6.5896000e-03   9.0507726e-02
   6.9192000e-03   1.0596026e-01
   7.2488000e-03   1.1258278e-01
   7.5784000e-03   1.4348786e-01
   7.9080000e-03   1.5231788e-01
   8.2376000e-03   1.6556291e-01
   8.5664000e-03   1.9205298e-01
   8.8960000e-03   2.0750552e-01
   9.2256000e-03   2.0971302e-01
   9.5552000e-03   2.2075055e-01
   9.8848000e-03   2.4503311e-01
   1.0214400e-02   2.6269316e-01
   1.0544000e-02   2.8256071e-01
   1.0872800e-02   2.9359823e-01
   1.1202400e-02   3.2891832e-01
   1.1532000e-02   3.3774834e-01
   1.1861600e-02   3.5761589e-01
   1.2191200e-02   3.7086093e-01
   1.2520800e-02   4.3267108e-01
   1.2850400e-02   4.3929360e-01
   1.3179200e-02   4.6136865e-01
   1.3508800e-02   4.9668874e-01
   1.3838400e-02   5.3642384e-01
   1.4168000e-02   5.5408389e-01
   1.4497600e-02   5.7615894e-01
   1.4827200e-02   5.9602649e-01
   1.5156800e-02   6.2472406e-01
   1.5485600e-02   6.4017660e-01
   1.5815200e-02   6.5121413e-01
   1.6144800e-02   6.7991170e-01
   1.6474400e-02   6.9094923e-01
   1.6804000e-02   7.1302428e-01
   1.7133600e-02   7.1743929e-01
   1.7463200e-02   7.3509934e-01
   1.7792000e-02   7.5055188e-01
   1.8121600e-02   7.6821192e-01
   1.8451200e-02   7.7262693e-01
   1.8780800e-02   7.9911700e-01
   1.9110400e-02   8.0132450e-01
   1.9440000e-02   8.1236203e-01
   1.9769600e-02   8.2339956e-01
   2.0099200e-02   8.5209713e-01
   2.0428000e-02   8.6092715e-01
   2.0757600e-02   8.6313466e-01
   2.1087200e-02   8.6975717e-01
   2.1416800e-02   8.7637969e-01
   2.1746400e-02   8.7858720e-01
   2.2076000e-02   8.8741722e-01
   2.2405600e-02   9.0728477e-01
   2.2734400e-02   9.1169978e-01
   2.3064000e-02   9.1832230e-01
   2.3723200e-02   9.2273731e-01
   2.4382400e-02   9.2715232e-01
   2.4712000e-02   9.2935982e-01
   2.5041600e-02   9.3156733e-01
   2.6359200e-02   9.3377483e-01
   2.6688800e-02   9.3598234e-01
   2.7018400e-02   9.3818985e-01
   2.7347200e-02   9.4481236e-01
   2.7676800e-02   9.4701987e-01
   2.8006400e-02   9.4922737e-01
   2.8665600e-02   9.5143488e-01
   2.8995200e-02   9.5584989e-01
   2.9324800e-02   9.6026490e-01
   2.9983200e-02   9.6688742e-01
   3.0312800e-02   9.6909492e-01
   3.1301600e-02   9.7571744e-01
   3.1960800e-02   9.7792494e-01
   3.2619200e-02   9.8013245e-01
   3.4267200e-02   9.8233996e-01
   3.4925600e-02   9.8675497e-01
   3.6573600e-02   9.8896247e-01
   3.7561600e-02   9.9116998e-01
   3.7891200e-02   9.9337748e-01
   4.1186400e-02   9.9558499e-01
   4.1844800e-02   9.9779249e-01
   4.3822400e-02   1.0000000e+00
