   2.8776000e-03   0.0000000e+00
   2.8776000e-03   8.5251492e-04
   3.3576000e-03   3.4100597e-03
   3.8368000e-03   5.9676044e-03
   4.3168000e-03   2.4722933e-02
   4.7960000e-03   6.4791134e-02
   5.2760000e-03   9.8039216e-02
   5.7552000e-03   1.8073316e-01
   6.2352000e-03   2.7195226e-01
   6.7144000e-03   3.4271100e-01
   7.1944000e-03   4.3307758e-01
   7.6736000e-03   4.9104859e-01
   8.1536000e-03   5.5498721e-01
   8.6328000e-03   6.2063086e-01
   9.1128000e-03   6.6581415e-01
   9.5920000e-03   6.9650469e-01
   1.0072000e-02   7.3742540e-01
   1.0551200e-02   7.6385337e-01
   1.1031200e-02   7.9369139e-01
   1.1511200e-02   8.3887468e-01
   1.1990400e-02   8.7382779e-01
   1.2470400e-02   8.9599318e-01
   1.2949600e-02   9.1219096e-01
   1.3429600e-02   9.2412617e-01
   1.3908800e-02   9.3776641e-01
   1.4388800e-02   9.5055413e-01
   1.4868000e-02   9.5566922e-01
   1.5348000e-02   9.6248934e-01
   1.5827200e-02   9.7101449e-01
   1.6307200e-02   9.7527707e-01
   1.6786400e-02   9.7868713e-01
   1.7266400e-02   9.8465473e-01
   1.7745600e-02   9.8891731e-01
   1.8225600e-02   9.8976982e-01
   1.8704800e-02   9.9062234e-01
   1.9184800e-02   9.9232737e-01
   1.9664000e-02   9.9317988e-01
   2.1103200e-02   9.9403240e-01
   2.1582400e-02   9.9488491e-01
   2.2062400e-02   9.9658994e-01
   2.3021600e-02   9.9744246e-01
   2.3500800e-02   9.9829497e-01
   2.3980800e-02   9.9914749e-01
   3.3572800e-02   1.0000000e+00
