   5.4788679e-03   0.0000000e+00
   5.4788679e-03   2.7700831e-03
   5.7160833e-03   5.5401662e-03
   5.9438500e-03   8.3102493e-03
   6.3925201e-03   1.1080332e-02
   6.5624281e-03   1.3850416e-02
   6.6290000e-03   1.9390582e-02
   6.6910031e-03   2.2160665e-02
   6.7209211e-03   2.4930748e-02
   6.8077851e-03   2.7700831e-02
   7.0667376e-03   3.0470914e-02
   7.3378464e-03   3.6011080e-02
   7.3447723e-03   3.8781163e-02
   7.5562826e-03   4.4321330e-02
   7.6848892e-03   4.7091413e-02
   7.7986536e-03   4.9861496e-02
   7.9590196e-03   5.2631579e-02
   7.9800892e-03   5.5401662e-02
   8.0451356e-03   6.0941828e-02
   8.1639411e-03   6.3711911e-02
   8.3328770e-03   6.6481994e-02
   8.3624404e-03   6.9252078e-02
   8.5608132e-03   7.2022161e-02
   8.6464131e-03   7.4792244e-02
   8.6638108e-03   8.0332410e-02
   8.7725317e-03   8.3102493e-02
   8.7993443e-03   8.5872576e-02
   8.8424420e-03   8.8642659e-02
   8.8495214e-03   9.1412742e-02
   8.8919585e-03   9.4182825e-02
   8.9214101e-03   9.9722992e-02
   9.0087119e-03   1.0526316e-01
   9.0358196e-03   1.0803324e-01
   9.1361207e-03   1.1357341e-01
   9.1887902e-03   1.1634349e-01
   9.1899599e-03   1.2188366e-01
   9.2831016e-03   1.3019391e-01
   9.4365491e-03   1.3296399e-01
   9.4651222e-03   1.3573407e-01
   9.5403502e-03   1.4127424e-01
   9.5882959e-03   1.4958449e-01
   9.6109611e-03   1.5235457e-01
   9.7321706e-03   1.5512465e-01
   9.7960919e-03   1.5789474e-01
   9.9934290e-03   1.6066482e-01
   1.0038496e-02   1.6343490e-01
   1.0041662e-02   1.7728532e-01
   1.0151909e-02   1.8005540e-01
   1.0272548e-02   1.8559557e-01
   1.0354277e-02   1.8836565e-01
   1.0364333e-02   1.9390582e-01
   1.0405261e-02   1.9667590e-01
   1.0492414e-02   1.9944598e-01
   1.0520452e-02   2.0221607e-01
   1.0654162e-02   2.0498615e-01
   1.0697958e-02   2.1329640e-01
   1.0817438e-02   2.1606648e-01
   1.0950585e-02   2.1883657e-01
   1.0957249e-02   2.2160665e-01
   1.0998680e-02   2.2437673e-01
   1.1038989e-02   2.2991690e-01
   1.1042027e-02   2.3545706e-01
   1.1139127e-02   2.3822715e-01
   1.1218612e-02   2.4099723e-01
   1.1253698e-02   2.4653740e-01
   1.1270047e-02   2.4930748e-01
   1.1296181e-02   2.5207756e-01
   1.1314510e-02   2.5484765e-01
   1.1327526e-02   2.5761773e-01
   1.1534880e-02   2.6038781e-01
   1.1561688e-02   2.6869806e-01
   1.1594062e-02   2.7423823e-01
   1.1625432e-02   2.7700831e-01
   1.1668322e-02   2.8254848e-01
   1.1758418e-02   2.8808864e-01
   1.1875062e-02   2.9085873e-01
   1.1880769e-02   2.9362881e-01
   1.1931281e-02   2.9639889e-01
   1.2047724e-02   2.9916898e-01
   1.2173010e-02   3.0193906e-01
   1.2193085e-02   3.0747922e-01
   1.2210073e-02   3.1301939e-01
   1.2278286e-02   3.1578947e-01
   1.2515507e-02   3.2132964e-01
   1.2549371e-02   3.2409972e-01
   1.2663383e-02   3.2686981e-01
   1.2774125e-02   3.2963989e-01
   1.2793155e-02   3.3240997e-01
   1.2919900e-02   3.3518006e-01
   1.3061793e-02   3.3795014e-01
   1.3109466e-02   3.4072022e-01
   1.3128023e-02   3.4349030e-01
   1.3166491e-02   3.4903047e-01
   1.3252185e-02   3.5457064e-01
   1.3257644e-02   3.5734072e-01
   1.3279322e-02   3.6288089e-01
   1.3394919e-02   3.6565097e-01
   1.3398221e-02   3.7119114e-01
   1.3436336e-02   3.7396122e-01
   1.3687843e-02   3.7673130e-01
   1.3902417e-02   3.7950139e-01
   1.3984517e-02   3.8227147e-01
   1.4058663e-02   3.8504155e-01
   1.4303781e-02   3.8781163e-01
   1.4360985e-02   3.9058172e-01
   1.4401132e-02   3.9335180e-01
   1.4592312e-02   3.9612188e-01
   1.4721919e-02   3.9889197e-01
   1.4953146e-02   4.0166205e-01
   1.5188747e-02   4.0443213e-01
   1.5291759e-02   4.0997230e-01
   1.5302908e-02   4.1274238e-01
   1.5521524e-02   4.1551247e-01
   1.5570139e-02   4.1828255e-01
   1.5622783e-02   4.2105263e-01
   1.5840777e-02   4.2382271e-01
   1.5909129e-02   4.2659280e-01
   1.5977769e-02   4.2936288e-01
   1.6254451e-02   4.3213296e-01
   1.6319481e-02   4.3490305e-01
   1.6423108e-02   4.3767313e-01
   1.6434032e-02   4.4321330e-01
   1.6459342e-02   4.4598338e-01
   1.6596111e-02   4.4875346e-01
   1.6708946e-02   4.5152355e-01
   1.6841989e-02   4.5429363e-01
   1.7197415e-02   4.5706371e-01
   1.7352667e-02   4.5983380e-01
   1.7369403e-02   4.6260388e-01
   1.7641090e-02   4.6814404e-01
   1.7760304e-02   4.7091413e-01
   1.7763751e-02   4.7368421e-01
   1.8108451e-02   4.7645429e-01
   1.8250829e-02   4.7922438e-01
   1.8449600e-02   4.8199446e-01
   1.8873735e-02   4.8476454e-01
   1.9080101e-02   4.8753463e-01
   1.9182964e-02   4.9030471e-01
   1.9213365e-02   4.9307479e-01
   1.9311190e-02   4.9584488e-01
   1.9546702e-02   4.9861496e-01
   1.9612979e-02   5.0138504e-01
   1.9746446e-02   5.0415512e-01
   1.9803554e-02   5.0692521e-01
   1.9837229e-02   5.0969529e-01
   1.9907945e-02   5.1246537e-01
   2.0172116e-02   5.1523546e-01
   2.0317466e-02   5.1800554e-01
   2.0333248e-02   5.2077562e-01
   2.0422229e-02   5.2354571e-01
   2.0676870e-02   5.2631579e-01
   2.0922256e-02   5.2908587e-01
   2.1075533e-02   5.3185596e-01
   2.1120928e-02   5.3462604e-01
   2.1458619e-02   5.3739612e-01
   2.1540993e-02   5.4016620e-01
   2.1603237e-02   5.4293629e-01
   2.1738049e-02   5.4847645e-01
   2.1914350e-02   5.5124654e-01
   2.2244782e-02   5.5401662e-01
   2.2355255e-02   5.5678670e-01
   2.2435893e-02   5.5955679e-01
   2.2777286e-02   5.6232687e-01
   2.2813031e-02   5.6509695e-01
   2.3434702e-02   5.6786704e-01
   2.3638406e-02   5.7063712e-01
   2.3776203e-02   5.7340720e-01
   2.3776310e-02   5.7617729e-01
   2.3862055e-02   5.7894737e-01
   2.4207907e-02   5.8171745e-01
   2.4641967e-02   5.8448753e-01
   2.4883034e-02   5.8725762e-01
   2.5106867e-02   5.9002770e-01
   2.5122805e-02   5.9279778e-01
   2.5603392e-02   5.9556787e-01
   2.5778733e-02   5.9833795e-01
   2.5996990e-02   6.0110803e-01
   2.6182526e-02   6.0387812e-01
   2.6338281e-02   6.0664820e-01
   2.6476788e-02   6.1218837e-01
   2.7376188e-02   6.1495845e-01
   2.7401978e-02   6.1772853e-01
   2.7631896e-02   6.2049861e-01
   2.7725156e-02   6.2326870e-01
   2.7982656e-02   6.2603878e-01
   2.8147325e-02   6.2880886e-01
   2.8457875e-02   6.3157895e-01
   2.8802263e-02   6.3434903e-01
   2.9514712e-02   6.3711911e-01
   2.9592053e-02   6.3988920e-01
   2.9812237e-02   6.4265928e-01
   2.9906751e-02   6.4542936e-01
   3.0037822e-02   6.4819945e-01
   3.0324006e-02   6.5096953e-01
   3.0584091e-02   6.5373961e-01
   3.0691782e-02   6.5927978e-01
   3.0787725e-02   6.6204986e-01
   3.0889945e-02   6.6481994e-01
   3.1381803e-02   6.6759003e-01
   3.1412132e-02   6.7036011e-01
   3.1808076e-02   6.7313019e-01
   3.1817289e-02   6.7590028e-01
   3.2072458e-02   6.7867036e-01
   3.2669923e-02   6.8144044e-01
   3.2729832e-02   6.8421053e-01
   3.2799833e-02   6.8698061e-01
   3.3053641e-02   6.8975069e-01
   3.3292454e-02   6.9252078e-01
   3.3457030e-02   6.9529086e-01
   3.3655156e-02   6.9806094e-01
   3.4252646e-02   7.0083102e-01
   3.4529982e-02   7.0360111e-01
   3.5207119e-02   7.0637119e-01
   3.5283234e-02   7.0914127e-01
   3.5286578e-02   7.1468144e-01
   3.5312035e-02   7.1745152e-01
   3.5593009e-02   7.2299169e-01
   3.6520104e-02   7.2576177e-01
   3.6544141e-02   7.2853186e-01
   3.6568808e-02   7.3130194e-01
   3.6938285e-02   7.3407202e-01
   3.7594045e-02   7.3684211e-01
   3.8042551e-02   7.3961219e-01
   3.8142854e-02   7.4515235e-01
   3.8751941e-02   7.4792244e-01
   3.9042647e-02   7.5069252e-01
   3.9566899e-02   7.5346260e-01
   4.0402090e-02   7.5623269e-01
   4.0716635e-02   7.5900277e-01
   4.0771311e-02   7.6177285e-01
   4.1102271e-02   7.6454294e-01
   4.1198437e-02   7.6731302e-01
   4.2230729e-02   7.7008310e-01
   4.2374427e-02   7.7285319e-01
   4.2791823e-02   7.7562327e-01
   4.3206474e-02   7.7839335e-01
   4.3667042e-02   7.8116343e-01
   4.4318734e-02   7.8393352e-01
   4.4725961e-02   7.8670360e-01
   4.5710022e-02   7.8947368e-01
   4.6560618e-02   7.9224377e-01
   4.7112822e-02   7.9501385e-01
   4.8103433e-02   7.9778393e-01
   5.0969195e-02   8.0055402e-01
   5.3656970e-02   8.0332410e-01
   5.4351272e-02   8.0609418e-01
   5.5881774e-02   8.0886427e-01
   5.6728695e-02   8.1163435e-01
   5.6817592e-02   8.1440443e-01
   5.7109675e-02   8.1717452e-01
   5.7532736e-02   8.1994460e-01
   5.7979518e-02   8.2271468e-01
   5.8450951e-02   8.2548476e-01
   6.1211326e-02   8.2825485e-01
   6.1524711e-02   8.3102493e-01
   6.2060957e-02   8.3379501e-01
   6.2727297e-02   8.3656510e-01
   6.2976696e-02   8.3933518e-01
   6.5093806e-02   8.4210526e-01
   6.5677993e-02   8.4487535e-01
   6.6346586e-02   8.4764543e-01
   6.7128451e-02   8.5041551e-01
   6.7662087e-02   8.5318560e-01
   6.7919548e-02   8.5595568e-01
   6.8443292e-02   8.5872576e-01
   6.9071201e-02   8.6149584e-01
   7.0632131e-02   8.6426593e-01
   7.2800721e-02   8.6703601e-01
   7.7557827e-02   8.6980609e-01
   7.7802591e-02   8.7257618e-01
   8.0558187e-02   8.7534626e-01
   8.1647255e-02   8.7811634e-01
   8.2701403e-02   8.8088643e-01
   8.4706081e-02   8.8365651e-01
   8.6476520e-02   8.8642659e-01
   8.8536751e-02   8.8919668e-01
   8.8564514e-02   8.9196676e-01
   9.0168175e-02   8.9473684e-01
   9.0469435e-02   8.9750693e-01
   9.1013143e-02   9.0027701e-01
   9.1947210e-02   9.0304709e-01
   9.4428913e-02   9.0581717e-01
   9.4931674e-02   9.0858726e-01
   9.8311593e-02   9.1135734e-01
   9.9752053e-02   9.1412742e-01
   1.0031927e-01   9.1689751e-01
   1.0209904e-01   9.1966759e-01
   1.0340203e-01   9.2243767e-01
   1.0400339e-01   9.2520776e-01
   1.0430054e-01   9.2797784e-01
   1.0525800e-01   9.3074792e-01
   1.0529074e-01   9.3351801e-01
   1.0814363e-01   9.3628809e-01
   1.1792230e-01   9.3905817e-01
   1.2204308e-01   9.4182825e-01
   1.2320690e-01   9.4459834e-01
   1.2469616e-01   9.4736842e-01
   1.3423798e-01   9.5013850e-01
   1.3489568e-01   9.5290859e-01
   1.4231306e-01   9.5567867e-01
   1.4390287e-01   9.5844875e-01
   1.4723218e-01   9.6121884e-01
   1.5814602e-01   9.6398892e-01
   1.5831587e-01   9.6675900e-01
   2.0236233e-01   9.6952909e-01
   2.0353162e-01   9.7229917e-01
   2.1226166e-01   9.7506925e-01
   2.1713772e-01   9.7783934e-01
   2.3990189e-01   9.8060942e-01
   2.6070032e-01   9.8337950e-01
   2.6369223e-01   9.8614958e-01
   2.6864530e-01   9.8891967e-01
   2.8096138e-01   9.9168975e-01
   3.1505398e-01   9.9445983e-01
   3.4806485e-01   9.9722992e-01
   3.6131463e-01   1.0000000e+00
