   2.3312000e-03   0.0000000e+00
   2.3312000e-03   1.5082956e-03
   2.7976000e-03   4.5248869e-03
   3.2632000e-03   9.0497738e-03
   3.7296000e-03   1.5082956e-02
   4.1960000e-03   1.8099548e-02
   4.6624000e-03   3.0165913e-02
   5.1280000e-03   4.3740573e-02
   5.5944000e-03   6.6365008e-02
   6.0608000e-03   9.0497738e-02
   6.5272000e-03   1.1312217e-01
   6.9928000e-03   1.3423831e-01
   7.4592000e-03   1.7043741e-01
   7.9256000e-03   1.9607843e-01
   8.3920000e-03   2.2775264e-01
   8.8576000e-03   2.5490196e-01
   9.3240000e-03   2.7601810e-01
   9.7904000e-03   3.0015083e-01
   1.0256800e-02   3.1523379e-01
   1.0722400e-02   3.3333333e-01
   1.1188800e-02   3.6048265e-01
   1.1655200e-02   3.8009050e-01
   1.2121600e-02   3.9969834e-01
   1.2587200e-02   4.1930618e-01
   1.3053600e-02   4.3589744e-01
   1.3520000e-02   4.5852187e-01
   1.3986400e-02   4.9622926e-01
   1.4452000e-02   5.2036199e-01
   1.4918400e-02   5.3846154e-01
   1.5384800e-02   5.5656109e-01
   1.5851200e-02   5.6108597e-01
   1.6316800e-02   5.8974359e-01
   1.6783200e-02   6.0030166e-01
   1.7249600e-02   6.1990950e-01
   1.7716000e-02   6.3650075e-01
   1.8181600e-02   6.5610860e-01
   1.8648000e-02   6.7420814e-01
   1.9114400e-02   6.8476621e-01
   1.9580800e-02   6.9532428e-01
   2.0046400e-02   7.1191554e-01
   2.0512800e-02   7.1945701e-01
   2.0979200e-02   7.3001508e-01
   2.1445600e-02   7.4057315e-01
   2.1911200e-02   7.4811463e-01
   2.2377600e-02   7.6018100e-01
   2.2844000e-02   7.6923077e-01
   2.3310400e-02   7.8129713e-01
   2.3776000e-02   7.9185520e-01
   2.4242400e-02   7.9487179e-01
   2.4708800e-02   8.0241327e-01
   2.5175200e-02   8.2202112e-01
   2.5640800e-02   8.3107089e-01
   2.6107200e-02   8.3559578e-01
   2.6573600e-02   8.3861237e-01
   2.7040000e-02   8.4464555e-01
   2.7505600e-02   8.5218703e-01
   2.7972000e-02   8.5972851e-01
   2.8438400e-02   8.6425339e-01
   2.8904800e-02   8.6877828e-01
   2.9370400e-02   8.7330317e-01
   2.9836800e-02   8.7481146e-01
   3.0303200e-02   8.7782805e-01
   3.0769600e-02   8.7933635e-01
   3.1235200e-02   8.8687783e-01
   3.1701600e-02   8.9140271e-01
   3.2168000e-02   8.9441931e-01
   3.2634400e-02   8.9894419e-01
   3.3100000e-02   9.0346908e-01
   3.3566400e-02   9.0799397e-01
   3.4032800e-02   9.1101056e-01
   3.4499200e-02   9.1553544e-01
   3.4964800e-02   9.1704374e-01
   3.5431200e-02   9.2006033e-01
   3.5897600e-02   9.2307692e-01
   3.6364000e-02   9.2458522e-01
   3.6829600e-02   9.2609351e-01
   3.7296000e-02   9.3363499e-01
   3.7762400e-02   9.3514329e-01
   3.9160800e-02   9.3665158e-01
   3.9627200e-02   9.3815988e-01
   4.0093600e-02   9.4117647e-01
   4.1025600e-02   9.4419306e-01
   4.1492000e-02   9.4720965e-01
   4.1958400e-02   9.4871795e-01
   4.2424000e-02   9.5022624e-01
   4.2890400e-02   9.5173454e-01
   4.3356800e-02   9.5324284e-01
   4.3823200e-02   9.5625943e-01
   4.5221600e-02   9.5776772e-01
   4.6153600e-02   9.6078431e-01
   4.7086400e-02   9.6229261e-01
   4.8018400e-02   9.6380090e-01
   4.9417600e-02   9.6681750e-01
   5.1282400e-02   9.6983409e-01
   5.2214400e-02   9.7134238e-01
   5.4079200e-02   9.7435897e-01
   5.4545600e-02   9.7586727e-01
   5.5012000e-02   9.7737557e-01
   6.5734400e-02   9.8039216e-01
   6.6200800e-02   9.8190045e-01
   6.7132800e-02   9.8491704e-01
   7.1328800e-02   9.8642534e-01
   7.1795200e-02   9.8793363e-01
   7.3193600e-02   9.8944193e-01
   8.1119200e-02   9.9095023e-01
   8.7179200e-02   9.9245852e-01
   9.2308000e-02   9.9396682e-01
   9.4172800e-02   9.9547511e-01
   9.6503200e-02   9.9698341e-01
   9.8834400e-02   9.9849170e-01
   1.1095600e-01   1.0000000e+00
