   2.6568000e-03   0.0000000e+00
   2.6568000e-03   3.0395137e-03
   3.0360000e-03   4.5592705e-03
   3.4152000e-03   1.0638298e-02
   3.7952000e-03   2.2796353e-02
   4.1744000e-03   3.1914894e-02
   4.5544000e-03   4.1033435e-02
   4.9336000e-03   6.6869301e-02
   5.3128000e-03   8.2066869e-02
   5.6928000e-03   1.1854103e-01
   6.0720000e-03   1.5045593e-01
   6.4520000e-03   1.7477204e-01
   6.8312000e-03   2.2796353e-01
   7.2104000e-03   2.5379939e-01
   7.5904000e-03   2.9483283e-01
   7.9696000e-03   3.2066869e-01
   8.3488000e-03   3.5258359e-01
   8.7288000e-03   3.9817629e-01
   9.1080000e-03   4.1489362e-01
   9.4880000e-03   4.4832827e-01
   9.8672000e-03   4.6352584e-01
   1.0246400e-02   4.8176292e-01
   1.0626400e-02   5.2279635e-01
   1.1005600e-02   5.3495441e-01
   1.1384800e-02   5.5927052e-01
   1.1764800e-02   5.8206687e-01
   1.2144000e-02   5.9270517e-01
   1.2524000e-02   6.2158055e-01
   1.2903200e-02   6.3221884e-01
   1.3282400e-02   6.4285714e-01
   1.3662400e-02   6.5805471e-01
   1.4041600e-02   6.6717325e-01
   1.4421600e-02   6.8085106e-01
   1.4800800e-02   6.9604863e-01
   1.5180000e-02   7.0060790e-01
   1.5560000e-02   7.1276596e-01
   1.5939200e-02   7.2340426e-01
   1.6318400e-02   7.3556231e-01
   1.6698400e-02   7.4012158e-01
   1.7077600e-02   7.4316109e-01
   1.7457600e-02   7.5075988e-01
   1.7836800e-02   7.5379939e-01
   1.8216000e-02   7.6139818e-01
   1.8596000e-02   7.7051672e-01
   1.8975200e-02   7.7659574e-01
   1.9354400e-02   7.8723404e-01
   1.9734400e-02   7.9179331e-01
   2.0113600e-02   7.9331307e-01
   2.0493600e-02   7.9635258e-01
   2.0872800e-02   7.9939210e-01
   2.1252000e-02   8.1003040e-01
   2.1632000e-02   8.1155015e-01
   2.2011200e-02   8.1458967e-01
   2.2391200e-02   8.1610942e-01
   2.2770400e-02   8.2066869e-01
   2.3149600e-02   8.2826748e-01
   2.3529600e-02   8.2978723e-01
   2.3908800e-02   8.3586626e-01
   2.4668000e-02   8.3738602e-01
   2.5047200e-02   8.4498480e-01
   2.5427200e-02   8.5258359e-01
   2.5806400e-02   8.5562310e-01
   2.6185600e-02   8.6170213e-01
   2.6944800e-02   8.6322188e-01
   2.7324800e-02   8.6474164e-01
   2.8083200e-02   8.6778116e-01
   2.8463200e-02   8.6930091e-01
   2.8842400e-02   8.7537994e-01
   2.9221600e-02   8.7689970e-01
   2.9601600e-02   8.8145897e-01
   3.0360800e-02   8.8297872e-01
   3.0740000e-02   8.8449848e-01
   3.1878400e-02   8.8753799e-01
   3.2258400e-02   8.9209726e-01
   3.2637600e-02   8.9513678e-01
   3.3776000e-02   8.9665653e-01
   3.4156000e-02   8.9817629e-01
   3.4535200e-02   9.0121581e-01
   3.4914400e-02   9.0425532e-01
   3.5294400e-02   9.0729483e-01
   3.5673600e-02   9.1033435e-01
   3.6052800e-02   9.1185410e-01
   3.6812000e-02   9.1641337e-01
   3.7192000e-02   9.1793313e-01
   3.7571200e-02   9.2097264e-01
   3.9468800e-02   9.2705167e-01
   3.9848000e-02   9.3009119e-01
   4.0228000e-02   9.3161094e-01
   4.0607200e-02   9.3313070e-01
   4.1366400e-02   9.3465046e-01
   4.2884000e-02   9.3920973e-01
   4.3264000e-02   9.4072948e-01
   4.3643200e-02   9.4224924e-01
   4.4781600e-02   9.4376900e-01
   4.5161600e-02   9.4680851e-01
   4.5540800e-02   9.4832827e-01
   4.7059200e-02   9.4984802e-01
   4.8197600e-02   9.5136778e-01
   5.0853600e-02   9.5288754e-01
   5.1233600e-02   9.5592705e-01
   5.2372000e-02   9.5744681e-01
   5.3510400e-02   9.5896657e-01
   5.5408000e-02   9.6048632e-01
   5.6167200e-02   9.6352584e-01
   5.6546400e-02   9.6656535e-01
   5.9203200e-02   9.6808511e-01
   6.2998400e-02   9.6960486e-01
   6.4895200e-02   9.7112462e-01
   6.7552000e-02   9.7264438e-01
   6.8690400e-02   9.7416413e-01
   7.0588000e-02   9.7568389e-01
   7.2106400e-02   9.7720365e-01
   7.4383200e-02   9.7872340e-01
   7.5142400e-02   9.8024316e-01
   8.0076000e-02   9.8328267e-01
   8.0455200e-02   9.8632219e-01
   8.1214400e-02   9.8784195e-01
   8.1593600e-02   9.8936170e-01
   8.2732800e-02   9.9088146e-01
   9.0322400e-02   9.9392097e-01
   9.4496800e-02   9.9544073e-01
   1.0132800e-01   9.9696049e-01
   1.1650880e-01   9.9848024e-01
   1.1992400e-01   1.0000000e+00
