   3.0360000e-03   0.0000000e+00
   3.0360000e-03   2.2075055e-03
   3.7952000e-03   4.4150110e-03
   4.1744000e-03   6.6225166e-03
   4.5544000e-03   1.1037528e-02
   4.9336000e-03   1.9867550e-02
   5.6928000e-03   2.8697572e-02
   6.0720000e-03   3.5320088e-02
   6.4520000e-03   4.6357616e-02
   7.2104000e-03   6.6225166e-02
   7.5904000e-03   8.1677704e-02
   7.9696000e-03   1.0375276e-01
   8.3488000e-03   1.0816777e-01
   8.7288000e-03   1.3024283e-01
   9.1080000e-03   1.4569536e-01
   9.4880000e-03   1.5894040e-01
   9.8672000e-03   1.8984547e-01
   1.0246400e-02   2.1854305e-01
   1.0626400e-02   2.4724062e-01
   1.1005600e-02   2.8697572e-01
   1.1384800e-02   3.0905077e-01
   1.1764800e-02   3.2229581e-01
   1.2144000e-02   3.5540839e-01
   1.2524000e-02   3.7748344e-01
   1.2903200e-02   4.0397351e-01
   1.3282400e-02   4.1280353e-01
   1.3662400e-02   4.4591611e-01
   1.4041600e-02   4.5916115e-01
   1.4421600e-02   4.8123620e-01
   1.4800800e-02   4.8565121e-01
   1.5180000e-02   5.2317881e-01
   1.5560000e-02   5.3642384e-01
   1.5939200e-02   5.6291391e-01
   1.6318400e-02   5.8719647e-01
   1.6698400e-02   6.1810155e-01
   1.7077600e-02   6.3355408e-01
   1.7457600e-02   6.5342163e-01
   1.7836800e-02   6.7770419e-01
   1.8216000e-02   6.8874172e-01
   1.8596000e-02   7.0198675e-01
   1.8975200e-02   7.1081678e-01
   1.9354400e-02   7.2406181e-01
   1.9734400e-02   7.3289183e-01
   2.0113600e-02   7.6158940e-01
   2.0493600e-02   7.6821192e-01
   2.0872800e-02   7.8587196e-01
   2.1252000e-02   7.9249448e-01
   2.1632000e-02   8.0132450e-01
   2.2011200e-02   8.0794702e-01
   2.2391200e-02   8.2560706e-01
   2.2770400e-02   8.3222958e-01
   2.3149600e-02   8.3664459e-01
   2.3529600e-02   8.4768212e-01
   2.3908800e-02   8.5651214e-01
   2.4288000e-02   8.6754967e-01
   2.4668000e-02   8.6975717e-01
   2.5047200e-02   8.8300221e-01
   2.5427200e-02   8.9183223e-01
   2.5806400e-02   9.0066225e-01
   2.6185600e-02   9.0286976e-01
   2.6565600e-02   9.0507726e-01
   2.6944800e-02   9.1169978e-01
   2.7324800e-02   9.1611479e-01
   2.7704000e-02   9.1832230e-01
   2.8083200e-02   9.3156733e-01
   2.8463200e-02   9.3377483e-01
   2.8842400e-02   9.4260486e-01
   2.9221600e-02   9.4481236e-01
   2.9601600e-02   9.5143488e-01
   3.0360800e-02   9.5364238e-01
   3.0740000e-02   9.6026490e-01
   3.1119200e-02   9.6688742e-01
   3.1499200e-02   9.7130243e-01
   3.1878400e-02   9.7350993e-01
   3.3016800e-02   9.7571744e-01
   3.3396800e-02   9.7792494e-01
   3.5294400e-02   9.8013245e-01
   3.6052800e-02   9.8233996e-01
   3.8709600e-02   9.8675497e-01
   4.0228000e-02   9.8896247e-01
   4.4781600e-02   9.9337748e-01
   6.3377600e-02   9.9558499e-01
   6.5654400e-02   9.9779249e-01
   7.8557600e-02   1.0000000e+00
