   1.9160000e-03   0.0000000e+00
   1.9160000e-03   1.2453300e-03
   2.2992000e-03   2.4906600e-03
   2.6816000e-03   6.2266501e-03
   3.0648000e-03   2.2415940e-02
   3.4480000e-03   2.9887920e-02
   3.8312000e-03   5.4794521e-02
   4.2144000e-03   6.3511831e-02
   4.5976000e-03   7.8455791e-02
   4.9808000e-03   1.0460772e-01
   5.3640000e-03   1.1332503e-01
   5.7472000e-03   1.3574097e-01
   6.1304000e-03   1.6189290e-01
   6.5136000e-03   1.7310087e-01
   6.8968000e-03   2.0049813e-01
   7.2800000e-03   2.2291407e-01
   7.6632000e-03   2.4533001e-01
   8.0464000e-03   2.7397260e-01
   8.4288000e-03   2.8642590e-01
   8.8120000e-03   3.2004981e-01
   9.1952000e-03   3.3997509e-01
   9.5784000e-03   3.5740971e-01
   9.9616000e-03   3.8107098e-01
   1.0344800e-02   3.8978829e-01
   1.0728000e-02   4.0846824e-01
   1.1111200e-02   4.2963885e-01
   1.1494400e-02   4.4209215e-01
   1.1877600e-02   4.6077210e-01
   1.2260800e-02   4.7198007e-01
   1.2644000e-02   4.8692403e-01
   1.3026400e-02   5.0186800e-01
   1.3409600e-02   5.1681196e-01
   1.3792800e-02   5.3424658e-01
   1.4176000e-02   5.4171856e-01
   1.4559200e-02   5.5915318e-01
   1.4942400e-02   5.7783313e-01
   1.5325600e-02   5.9028643e-01
   1.5708800e-02   6.0273973e-01
   1.6092000e-02   6.1643836e-01
   1.6475200e-02   6.2515567e-01
   1.6858400e-02   6.3760897e-01
   1.7241600e-02   6.4383562e-01
   1.7624800e-02   6.5628892e-01
   1.8008000e-02   6.6127024e-01
   1.8390400e-02   6.6500623e-01
   1.8773600e-02   6.7372354e-01
   1.9156800e-02   6.8119552e-01
   1.9540000e-02   6.8866750e-01
   1.9923200e-02   6.9489415e-01
   2.0306400e-02   6.9738481e-01
   2.0689600e-02   7.0361146e-01
   2.1072800e-02   7.0734745e-01
   2.1456000e-02   7.0983811e-01
   2.1839200e-02   7.1481943e-01
   2.2222400e-02   7.2229141e-01
   2.2605600e-02   7.2851806e-01
   2.2988800e-02   7.3349938e-01
   2.3372000e-02   7.3599004e-01
   2.3755200e-02   7.3972603e-01
   2.4137600e-02   7.4097136e-01
   2.4520800e-02   7.4470735e-01
   2.4904000e-02   7.4719801e-01
   2.5670400e-02   7.5342466e-01
   2.6053600e-02   7.5466999e-01
   2.6436800e-02   7.5716065e-01
   2.6820000e-02   7.5965131e-01
   2.7203200e-02   7.6463263e-01
   2.7586400e-02   7.6836862e-01
   2.8736000e-02   7.7210461e-01
   2.9119200e-02   7.7459527e-01
   2.9501600e-02   7.7708593e-01
   2.9884800e-02   7.8455791e-01
   3.0268000e-02   7.8704857e-01
   3.0651200e-02   7.9327522e-01
   3.1034400e-02   7.9576588e-01
   3.1417600e-02   7.9950187e-01
   3.1800800e-02   8.0199253e-01
   3.2184000e-02   8.0448319e-01
   3.2567200e-02   8.1070984e-01
   3.2950400e-02   8.1320050e-01
   3.3333600e-02   8.1942715e-01
   3.3716800e-02   8.2067248e-01
   3.4100000e-02   8.2191781e-01
   3.4482400e-02   8.2814446e-01
   3.4865600e-02   8.3188045e-01
   3.5248800e-02   8.3437111e-01
   3.5632000e-02   8.3935243e-01
   3.6015200e-02   8.4184309e-01
   3.6398400e-02   8.4557908e-01
   3.6781600e-02   8.4931507e-01
   3.7164800e-02   8.5056040e-01
   3.7931200e-02   8.5305106e-01
   3.8314400e-02   8.5429639e-01
   3.8697600e-02   8.5554172e-01
   3.9080800e-02   8.5803238e-01
   3.9846400e-02   8.6052304e-01
   4.0229600e-02   8.6301370e-01
   4.0612800e-02   8.6425903e-01
   4.0996000e-02   8.6550436e-01
   4.1379200e-02   8.7048568e-01
   4.2528800e-02   8.7422167e-01
   4.3295200e-02   8.7795766e-01
   4.3678400e-02   8.8044832e-01
   4.4061600e-02   8.8293898e-01
   4.4444800e-02   8.8792030e-01
   4.4828000e-02   8.9041096e-01
   4.5593600e-02   8.9165629e-01
   4.5976800e-02   8.9290162e-01
   4.6360000e-02   8.9539228e-01
   4.6743200e-02   8.9663761e-01
   4.7509600e-02   8.9912827e-01
   4.7892800e-02   9.0286426e-01
   4.8659200e-02   9.0660025e-01
   4.9042400e-02   9.0909091e-01
   4.9425600e-02   9.1033624e-01
   4.9808800e-02   9.1282690e-01
   5.0192000e-02   9.1407223e-01
   5.0574400e-02   9.1780822e-01
   5.0957600e-02   9.1905355e-01
   5.1340800e-02   9.2029888e-01
   5.1724000e-02   9.2154421e-01
   5.2107200e-02   9.2403487e-01
   5.2873600e-02   9.2528020e-01
   5.3256800e-02   9.2777086e-01
   5.3640000e-02   9.2901619e-01
   5.4023200e-02   9.3150685e-01
   5.5555200e-02   9.3275218e-01
   5.6321600e-02   9.3399751e-01
   5.9387200e-02   9.3648817e-01
   5.9770400e-02   9.3773350e-01
   6.0153600e-02   9.4022416e-01
   6.0536800e-02   9.4146949e-01
   6.1302400e-02   9.4645081e-01
   6.1685600e-02   9.4894147e-01
   6.2068800e-02   9.5018680e-01
   6.2835200e-02   9.5143213e-01
   6.3218400e-02   9.5267746e-01
   6.3984800e-02   9.5392279e-01
   6.4368000e-02   9.5516812e-01
   6.5517600e-02   9.5765878e-01
   6.7816000e-02   9.5890411e-01
   6.8582400e-02   9.6014944e-01
   6.9348800e-02   9.6139477e-01
   7.0115200e-02   9.6264010e-01
   7.1264800e-02   9.6388543e-01
   7.1647200e-02   9.6637609e-01
   7.2413600e-02   9.6762142e-01
   7.7394400e-02   9.6886675e-01
   7.8160800e-02   9.7011208e-01
   7.8927200e-02   9.7135741e-01
   7.9693600e-02   9.7260274e-01
   8.0076800e-02   9.7509340e-01
   8.3524800e-02   9.7633873e-01
   8.5057600e-02   9.7758406e-01
   8.5440800e-02   9.7882939e-01
   8.6590400e-02   9.8007472e-01
   8.7739200e-02   9.8256538e-01
   9.4636000e-02   9.8381071e-01
   9.5019200e-02   9.8505604e-01
   9.5402400e-02   9.8630137e-01
   9.6552000e-02   9.8754670e-01
   1.0421440e-01   9.8879203e-01
   1.1149440e-01   9.9003736e-01
   1.2720320e-01   9.9128269e-01
   1.2988480e-01   9.9252802e-01
   1.3026800e-01   9.9377335e-01
   1.3946400e-01   9.9501868e-01
   1.4712640e-01   9.9626401e-01
   1.5325680e-01   9.9750934e-01
   1.5747120e-01   9.9875467e-01
   1.8007680e-01   1.0000000e+00
