   4.6560000e-03   0.0000000e+00
   4.6560000e-03   3.3707865e-02
   5.0792000e-03   6.7415730e-02
   5.5024000e-03   8.9887640e-02
   5.9256000e-03   1.4606742e-01
   6.3496000e-03   1.7977528e-01
   6.7728000e-03   2.4719101e-01
   7.1960000e-03   3.0337079e-01
   7.6192000e-03   3.1460674e-01
   8.0424000e-03   3.2584270e-01
   8.4656000e-03   3.4831461e-01
   8.8888000e-03   3.7078652e-01
   9.3120000e-03   3.9325843e-01
   9.7352000e-03   4.2696629e-01
   1.0158400e-02   4.3820225e-01
   1.0581600e-02   4.4943820e-01
   1.1005600e-02   4.7191011e-01
   1.1428800e-02   4.9438202e-01
   1.1852000e-02   5.0561798e-01
   1.2275200e-02   5.2808989e-01
   1.3121600e-02   5.3932584e-01
   1.3544800e-02   5.6179775e-01
   1.3968000e-02   6.1797753e-01
   1.4815200e-02   6.5168539e-01
   1.5238400e-02   6.6292135e-01
   1.5661600e-02   6.8539326e-01
   1.6508000e-02   7.3033708e-01
   1.7354400e-02   7.4157303e-01
   1.7777600e-02   7.5280899e-01
   1.8624000e-02   7.7528090e-01
   1.9048000e-02   7.8651685e-01
   1.9894400e-02   7.9775281e-01
   2.1587200e-02   8.0898876e-01
   2.2433600e-02   8.2022472e-01
   2.3280800e-02   8.3146067e-01
   2.4127200e-02   8.4269663e-01
   2.4973600e-02   8.5393258e-01
   2.7512800e-02   8.6516854e-01
   2.7936800e-02   8.7640449e-01
   2.9206400e-02   8.8764045e-01
   3.1322400e-02   8.9887640e-01
   3.2169600e-02   9.1011236e-01
   3.2592800e-02   9.2134831e-01
   3.6402400e-02   9.3258427e-01
   4.1481600e-02   9.4382022e-01
   4.1904800e-02   9.5505618e-01
   4.4020800e-02   9.6629213e-01
   4.6560800e-02   9.7752809e-01
   4.8254400e-02   9.8876404e-01
   5.2910400e-02   1.0000000e+00
