   3.5848000e-03   0.0000000e+00
   3.5848000e-03   2.5380711e-03
   4.0976000e-03   5.0761421e-03
   5.1216000e-03   7.6142132e-03
   5.6336000e-03   1.5228426e-02
   6.1456000e-03   2.2842640e-02
   6.6584000e-03   3.2994924e-02
   7.1704000e-03   4.0609137e-02
   7.6824000e-03   6.8527919e-02
   8.1944000e-03   7.8680203e-02
   8.7072000e-03   8.8832487e-02
   9.2192000e-03   1.0913706e-01
   9.7312000e-03   1.1928934e-01
   1.0243200e-02   1.3197970e-01
   1.0755200e-02   1.4467005e-01
   1.1267200e-02   1.4974619e-01
   1.1780000e-02   1.6243655e-01
   1.2292000e-02   1.9035533e-01
   1.2804000e-02   2.0558376e-01
   1.3316000e-02   2.1319797e-01
   1.3828000e-02   2.4619289e-01
   1.4340800e-02   2.7411168e-01
   1.4852800e-02   2.9187817e-01
   1.5364800e-02   3.0964467e-01
   1.5876800e-02   3.3248731e-01
   1.6389600e-02   3.4771574e-01
   1.6901600e-02   3.6294416e-01
   1.7413600e-02   3.8071066e-01
   1.7925600e-02   3.9593909e-01
   1.8437600e-02   4.0862944e-01
   1.8950400e-02   4.2639594e-01
   1.9462400e-02   4.3908629e-01
   1.9974400e-02   4.5685279e-01
   2.0486400e-02   4.6954315e-01
   2.0998400e-02   4.7461929e-01
   2.1511200e-02   4.7969543e-01
   2.2023200e-02   5.0000000e-01
   2.2535200e-02   5.1522843e-01
   2.3047200e-02   5.3045685e-01
   2.3559200e-02   5.4568528e-01
   2.4072000e-02   5.6345178e-01
   2.4584000e-02   5.6852792e-01
   2.5096000e-02   5.8121827e-01
   2.5608000e-02   5.8883249e-01
   2.6120000e-02   5.9390863e-01
   2.6632800e-02   6.0406091e-01
   2.7144800e-02   6.1421320e-01
   2.7656800e-02   6.2690355e-01
   2.8168800e-02   6.3705584e-01
   2.8681600e-02   6.5736041e-01
   2.9193600e-02   6.6751269e-01
   2.9705600e-02   6.7258883e-01
   3.0217600e-02   6.7766497e-01
   3.0729600e-02   6.9035533e-01
   3.1241600e-02   6.9796954e-01
   3.1754400e-02   7.0304569e-01
   3.2266400e-02   7.1065990e-01
   3.2778400e-02   7.1573604e-01
   3.3290400e-02   7.2588832e-01
   3.3802400e-02   7.3604061e-01
   3.4315200e-02   7.4619289e-01
   3.4827200e-02   7.5634518e-01
   3.5339200e-02   7.6142132e-01
   3.5851200e-02   7.6903553e-01
   3.6364000e-02   7.7157360e-01
   3.6876000e-02   7.7411168e-01
   3.7388000e-02   7.7918782e-01
   3.7900000e-02   7.8426396e-01
   3.8924800e-02   7.8680203e-01
   3.9436800e-02   7.9695431e-01
   3.9948800e-02   8.0203046e-01
   4.0460800e-02   8.0456853e-01
   4.0972800e-02   8.1472081e-01
   4.1485600e-02   8.1725888e-01
   4.1997600e-02   8.2233503e-01
   4.2509600e-02   8.2741117e-01
   4.3021600e-02   8.3248731e-01
   4.3533600e-02   8.3756345e-01
   4.4046400e-02   8.4517766e-01
   4.4558400e-02   8.5532995e-01
   4.5070400e-02   8.5786802e-01
   4.5582400e-02   8.6040609e-01
   4.6094400e-02   8.6802030e-01
   4.6607200e-02   8.7563452e-01
   4.7119200e-02   8.7817259e-01
   4.9168000e-02   8.8324873e-01
   4.9680000e-02   8.8578680e-01
   5.0192000e-02   8.8832487e-01
   5.0704000e-02   8.9086294e-01
   5.1216000e-02   8.9340102e-01
   5.1728800e-02   8.9593909e-01
   5.2752800e-02   9.0101523e-01
   5.4289600e-02   9.0609137e-01
   5.4801600e-02   9.1116751e-01
   5.5313600e-02   9.1370558e-01
   5.5825600e-02   9.1624365e-01
   5.6850400e-02   9.1878173e-01
   5.7362400e-02   9.2131980e-01
   5.7874400e-02   9.2639594e-01
   6.0435200e-02   9.3147208e-01
   6.2996000e-02   9.3401015e-01
   6.5044800e-02   9.3654822e-01
   6.6068800e-02   9.4162437e-01
   6.6581600e-02   9.4416244e-01
   6.8117600e-02   9.4670051e-01
   6.9142400e-02   9.4923858e-01
   6.9654400e-02   9.5177665e-01
   7.0166400e-02   9.5431472e-01
   7.0678400e-02   9.5685279e-01
   7.1190400e-02   9.6192893e-01
   7.1703200e-02   9.6446701e-01
   7.4776000e-02   9.6954315e-01
   7.7848800e-02   9.7208122e-01
   7.9897600e-02   9.7461929e-01
   8.0921600e-02   9.7969543e-01
   9.6799200e-02   9.8223350e-01
   9.9360000e-02   9.8477157e-01
   1.0140880e-01   9.8730964e-01
   1.0243280e-01   9.8984772e-01
   1.0294480e-01   9.9238579e-01
   1.0909120e-01   9.9492386e-01
   1.3572320e-01   9.9746193e-01
   1.7516000e-01   1.0000000e+00
