   3.5480000e-03   0.0000000e+00
   3.5480000e-03   1.0638298e-02
   3.9912000e-03   1.8617021e-02
   4.4344000e-03   3.4574468e-02
   4.8784000e-03   6.1170213e-02
   5.3216000e-03   8.2446809e-02
   5.7648000e-03   1.3563830e-01
   6.2088000e-03   1.6223404e-01
   6.6520000e-03   1.7553191e-01
   7.0952000e-03   2.1808511e-01
   7.5384000e-03   2.3138298e-01
   7.9824000e-03   2.6861702e-01
   8.4256000e-03   3.1382979e-01
   8.8688000e-03   3.2712766e-01
   9.3128000e-03   3.4840426e-01
   9.7560000e-03   3.6968085e-01
   1.0199200e-02   3.9627660e-01
   1.0643200e-02   4.2553191e-01
   1.1086400e-02   4.3617021e-01
   1.1529600e-02   4.4414894e-01
   1.1973600e-02   4.6276596e-01
   1.2416800e-02   4.8404255e-01
   1.2860000e-02   4.8936170e-01
   1.3304000e-02   5.0265957e-01
   1.3747200e-02   5.1595745e-01
   1.4190400e-02   5.3191489e-01
   1.4634400e-02   5.3989362e-01
   1.5077600e-02   5.5053191e-01
   1.5520800e-02   5.7446809e-01
   1.5964800e-02   5.8510638e-01
   1.6408000e-02   5.9042553e-01
   1.6851200e-02   6.0106383e-01
   1.7295200e-02   6.0904255e-01
   1.7738400e-02   6.1968085e-01
   1.8181600e-02   6.2234043e-01
   1.8625600e-02   6.3031915e-01
   1.9068800e-02   6.4095745e-01
   1.9512000e-02   6.4361702e-01
   1.9956000e-02   6.4627660e-01
   2.0399200e-02   6.5957447e-01
   2.1285600e-02   6.6223404e-01
   2.1729600e-02   6.7021277e-01
   2.3060000e-02   6.8085106e-01
   2.3946400e-02   6.8882979e-01
   2.4833600e-02   6.9148936e-01
   2.5276800e-02   6.9680851e-01
   2.5720800e-02   7.0478723e-01
   2.6164000e-02   7.1276596e-01
   2.6607200e-02   7.1808511e-01
   2.7051200e-02   7.2074468e-01
   2.7494400e-02   7.3404255e-01
   2.8824800e-02   7.3670213e-01
   2.9268000e-02   7.5000000e-01
   2.9712000e-02   7.5265957e-01
   3.0155200e-02   7.5531915e-01
   3.1042400e-02   7.6329787e-01
   3.2372800e-02   7.6595745e-01
   3.2816000e-02   7.7127660e-01
   3.3703200e-02   7.7393617e-01
   3.4589600e-02   7.7925532e-01
   3.5033600e-02   7.8191489e-01
   3.5920000e-02   7.8723404e-01
   3.7250400e-02   7.8989362e-01
   3.7693600e-02   7.9255319e-01
   3.9468000e-02   7.9787234e-01
   3.9911200e-02   8.0585106e-01
   4.0355200e-02   8.1117021e-01
   4.1684800e-02   8.1382979e-01
   4.2128800e-02   8.1648936e-01
   4.2572000e-02   8.1914894e-01
   4.3015200e-02   8.2180851e-01
   4.3902400e-02   8.2446809e-01
   4.4345600e-02   8.3776596e-01
   4.5232800e-02   8.4042553e-01
   4.5676000e-02   8.4308511e-01
   4.6120000e-02   8.4574468e-01
   4.7006400e-02   8.5106383e-01
   4.7450400e-02   8.5372340e-01
   4.7893600e-02   8.5638298e-01
   4.8336800e-02   8.5904255e-01
   4.8780800e-02   8.6170213e-01
   4.9224000e-02   8.6436170e-01
   5.0997600e-02   8.6702128e-01
   5.1441600e-02   8.7500000e-01
   5.2328000e-02   8.7765957e-01
   5.2771200e-02   8.8297872e-01
   5.3215200e-02   8.8829787e-01
   5.3658400e-02   8.9095745e-01
   5.4101600e-02   8.9361702e-01
   5.4545600e-02   8.9627660e-01
   5.5432800e-02   9.0425532e-01
   5.8536800e-02   9.0691489e-01
   6.0753600e-02   9.0957447e-01
   6.3858400e-02   9.1223404e-01
   6.6962400e-02   9.1489362e-01
   6.7848800e-02   9.1755319e-01
   6.8292800e-02   9.2021277e-01
   7.1396800e-02   9.2287234e-01
   7.2284000e-02   9.2553191e-01
   7.3170400e-02   9.2819149e-01
   7.4500800e-02   9.3085106e-01
   7.4944800e-02   9.3617021e-01
   7.5388000e-02   9.3882979e-01
   7.7161600e-02   9.4148936e-01
   7.9822400e-02   9.4414894e-01
   8.0709600e-02   9.4946809e-01
   8.2040000e-02   9.5212766e-01
   8.2483200e-02   9.5478723e-01
   8.2927200e-02   9.5744681e-01
   8.3813600e-02   9.6276596e-01
   8.4257600e-02   9.6542553e-01
   8.4700800e-02   9.6808511e-01
   8.8248000e-02   9.7074468e-01
   8.9135200e-02   9.7606383e-01
   9.0465600e-02   9.7872340e-01
   9.3126400e-02   9.8138298e-01
   9.8004800e-02   9.8404255e-01
   1.2328160e-01   9.8670213e-01
   1.2461200e-01   9.8936170e-01
   1.2682960e-01   9.9202128e-01
   1.2816000e-01   9.9468085e-01
   1.3569840e-01   9.9734043e-01
   1.5565440e-01   1.0000000e+00
