   4.9032000e-03   0.0000000e+00
   4.9032000e-03   7.9365079e-03
   5.3112000e-03   1.5873016e-02
   6.9456000e-03   3.1746032e-02
   7.3544000e-03   4.7619048e-02
   7.7632000e-03   5.5555556e-02
   8.1712000e-03   7.9365079e-02
   8.9888000e-03   9.5238095e-02
   9.3976000e-03   1.0317460e-01
   9.8056000e-03   1.2698413e-01
   1.0214400e-02   1.4285714e-01
   1.0623200e-02   1.7460317e-01
   1.1032000e-02   1.8253968e-01
   1.1848800e-02   1.9047619e-01
   1.2257600e-02   1.9841270e-01
   1.2665600e-02   2.1428571e-01
   1.3074400e-02   2.3809524e-01
   1.3483200e-02   2.4603175e-01
   1.3892000e-02   2.6190476e-01
   1.4300000e-02   2.6984127e-01
   1.4708800e-02   2.9365079e-01
   1.5117600e-02   3.3333333e-01
   1.5526400e-02   3.4920635e-01
   1.6343200e-02   3.5714286e-01
   1.6752000e-02   3.8095238e-01
   1.7160800e-02   3.8888889e-01
   1.7568800e-02   4.0476190e-01
   1.7977600e-02   4.2857143e-01
   1.8386400e-02   4.5238095e-01
   1.8794400e-02   4.6031746e-01
   1.9203200e-02   4.6825397e-01
   1.9612000e-02   4.9206349e-01
   2.0428800e-02   5.0793651e-01
   2.0837600e-02   5.1587302e-01
   2.1246400e-02   5.2380952e-01
   2.2880800e-02   5.3174603e-01
   2.3288800e-02   5.3968254e-01
   2.3697600e-02   5.4761905e-01
   2.4106400e-02   5.6349206e-01
   2.4923200e-02   5.8730159e-01
   2.6148800e-02   5.9523810e-01
   2.6557600e-02   6.0317460e-01
   2.6966400e-02   6.2698413e-01
   2.7375200e-02   6.4285714e-01
   2.7783200e-02   6.5079365e-01
   2.8192000e-02   6.6666667e-01
   2.9417600e-02   6.9841270e-01
   2.9826400e-02   7.1428571e-01
   3.0235200e-02   7.2222222e-01
   3.1460800e-02   7.3809524e-01
   3.3095200e-02   7.4603175e-01
   3.3912000e-02   7.5396825e-01
   3.4320800e-02   7.6190476e-01
   3.4729600e-02   7.6984127e-01
   3.5137600e-02   7.7777778e-01
   3.5546400e-02   7.8571429e-01
   3.5955200e-02   8.0952381e-01
   3.6364000e-02   8.1746032e-01
   3.6772000e-02   8.2539683e-01
   3.7180800e-02   8.3333333e-01
   3.7589600e-02   8.4126984e-01
   3.9224000e-02   8.5714286e-01
   3.9632000e-02   8.6507937e-01
   4.1266400e-02   8.7301587e-01
   4.3309600e-02   8.8095238e-01
   4.5352000e-02   8.8888889e-01
   4.8212800e-02   8.9682540e-01
   4.9438400e-02   9.0476190e-01
   5.3115200e-02   9.1269841e-01
   5.7200800e-02   9.2063492e-01
   5.7609600e-02   9.2857143e-01
   5.8835200e-02   9.3650794e-01
   5.9244000e-02   9.4444444e-01
   5.9652800e-02   9.5238095e-01
   6.0878400e-02   9.6031746e-01
   6.2921600e-02   9.6825397e-01
   6.6190400e-02   9.7619048e-01
   6.9050400e-02   9.8412698e-01
   8.7436000e-02   1.0000000e+00
