   3.3000000e-03   0.0000000e+00
   3.3000000e-03   2.7777778e-02
   3.6664000e-03   8.3333333e-02
   4.7664000e-03   1.1111111e-01
   5.8664000e-03   1.3888889e-01
   6.2328000e-03   1.6666667e-01
   6.5992000e-03   2.2222222e-01
   7.6992000e-03   2.5000000e-01
   8.4328000e-03   3.6111111e-01
   9.1656000e-03   3.8888889e-01
   9.8992000e-03   4.1666667e-01
   1.1365600e-02   4.4444444e-01
   1.1732000e-02   4.7222222e-01
   1.2832000e-02   5.0000000e-01
   1.3199200e-02   5.5555556e-01
   1.4299200e-02   5.8333333e-01
   1.5032000e-02   6.1111111e-01
   1.6865600e-02   6.6666667e-01
   1.7598400e-02   7.5000000e-01
   1.7965600e-02   7.7777778e-01
   2.4198400e-02   8.0555556e-01
   2.9331200e-02   8.3333333e-01
   3.1164000e-02   8.8888889e-01
   3.3730400e-02   9.1666667e-01
   4.3629600e-02   9.4444444e-01
   4.9129600e-02   9.7222222e-01
   1.0265840e-01   1.0000000e+00
