   5.6343434e-03   0.0000000e+00
   5.6343434e-03   5.8685446e-04
   5.9056047e-03   1.1737089e-03
   6.1417126e-03   1.7605634e-03
   6.3009602e-03   2.3474178e-03
   6.3992322e-03   2.9342723e-03
   6.5642746e-03   3.5211268e-03
   6.6111443e-03   4.6948357e-03
   6.6753205e-03   5.2816901e-03
   6.8058240e-03   5.8685446e-03
   6.9672203e-03   6.4553991e-03
   6.9978591e-03   7.6291080e-03
   7.2249270e-03   8.2159624e-03
   7.2740343e-03   8.8028169e-03
   7.3424264e-03   1.1150235e-02
   7.4705623e-03   1.1737089e-02
   7.5934962e-03   1.2910798e-02
   7.7325000e-03   1.5845070e-02
   7.8867544e-03   1.7018779e-02
   7.8915022e-03   1.7605634e-02
   7.9234605e-03   1.8779343e-02
   7.9391595e-03   2.0539906e-02
   8.0100545e-03   2.1126761e-02
   8.1353026e-03   2.2887324e-02
   8.2553191e-03   2.6408451e-02
   8.2638080e-03   2.6995305e-02
   8.3012398e-03   2.8755869e-02
   8.3995575e-03   3.1103286e-02
   8.5496978e-03   3.1690141e-02
   8.5825165e-03   3.4037559e-02
   8.6041051e-03   3.9319249e-02
   8.6776826e-03   4.2840376e-02
   8.6936778e-03   4.3427230e-02
   8.7481430e-03   4.4014085e-02
   8.8015197e-03   4.5774648e-02
   8.9185156e-03   4.8122066e-02
   8.9190290e-03   4.9882629e-02
   8.9678435e-03   5.8098592e-02
   8.9687144e-03   5.9272300e-02
   8.9728624e-03   6.3380282e-02
   8.9914662e-03   6.3967136e-02
   9.0673237e-03   6.5727700e-02
   9.1900052e-03   6.6314554e-02
   9.2131252e-03   6.7488263e-02
   9.2147725e-03   6.8075117e-02
   9.2428030e-03   7.0422535e-02
   9.2632017e-03   7.6877934e-02
   9.2699252e-03   8.2159624e-02
   9.3320422e-03   8.3333333e-02
   9.3453946e-03   8.6854460e-02
   9.4041719e-03   8.9788732e-02
   9.4476756e-03   9.0375587e-02
   9.4673801e-03   9.2723005e-02
   9.5753452e-03   9.8004695e-02
   9.5823275e-03   1.0387324e-01
   9.6076869e-03   1.0446009e-01
   9.6154085e-03   1.0680751e-01
   9.6336840e-03   1.1032864e-01
   9.6356472e-03   1.1267606e-01
   9.7013596e-03   1.1443662e-01
   9.7340293e-03   1.1913146e-01
   9.8425557e-03   1.2265258e-01
   9.8771188e-03   1.2617371e-01
   9.9034756e-03   1.3321596e-01
   9.9164717e-03   1.3615023e-01
   9.9365580e-03   1.4025822e-01
   9.9742391e-03   1.4143192e-01
   1.0013023e-02   1.4671362e-01
   1.0062073e-02   1.4964789e-01
   1.0132992e-02   1.5727700e-01
   1.0219748e-02   1.5786385e-01
   1.0233670e-02   1.6255869e-01
   1.0246610e-02   1.6960094e-01
   1.0264783e-02   1.7077465e-01
   1.0287109e-02   1.7194836e-01
   1.0295384e-02   1.7312207e-01
   1.0302918e-02   1.7899061e-01
   1.0338330e-02   1.8016432e-01
   1.0377505e-02   1.8133803e-01
   1.0401289e-02   1.8485915e-01
   1.0497335e-02   1.8544601e-01
   1.0541109e-02   1.9248826e-01
   1.0566087e-02   2.0070423e-01
   1.0571536e-02   2.0363850e-01
   1.0602261e-02   2.1185446e-01
   1.0618917e-02   2.1420188e-01
   1.0680651e-02   2.2124413e-01
   1.0721177e-02   2.2359155e-01
   1.0737066e-02   2.2417840e-01
   1.0799272e-02   2.2711268e-01
   1.0893647e-02   2.3063380e-01
   1.0911330e-02   2.3415493e-01
   1.0915722e-02   2.3708920e-01
   1.0938648e-02   2.3943662e-01
   1.0957358e-02   2.4237089e-01
   1.0969691e-02   2.5117371e-01
   1.1068593e-02   2.5528169e-01
   1.1083292e-02   2.5586854e-01
   1.1153637e-02   2.5645540e-01
   1.1191775e-02   2.5938967e-01
   1.1205935e-02   2.6232394e-01
   1.1225137e-02   2.6349765e-01
   1.1227964e-02   2.6643192e-01
   1.1228824e-02   2.6995305e-01
   1.1266856e-02   2.7053991e-01
   1.1268687e-02   2.7288732e-01
   1.1345470e-02   2.7406103e-01
   1.1347757e-02   2.8814554e-01
   1.1380846e-02   2.9225352e-01
   1.1385309e-02   2.9342723e-01
   1.1461796e-02   2.9460094e-01
   1.1465708e-02   2.9812207e-01
   1.1553445e-02   3.0281690e-01
   1.1569625e-02   3.0751174e-01
   1.1576384e-02   3.1161972e-01
   1.1592017e-02   3.1279343e-01
   1.1620368e-02   3.1396714e-01
   1.1623738e-02   3.1455399e-01
   1.1637042e-02   3.1983568e-01
   1.1715506e-02   3.2100939e-01
   1.1735429e-02   3.3098592e-01
   1.1810796e-02   3.3568075e-01
   1.1844901e-02   3.3626761e-01
   1.1871076e-02   3.3920188e-01
   1.1885754e-02   3.4096244e-01
   1.1891522e-02   3.4800469e-01
   1.1917444e-02   3.5035211e-01
   1.1935247e-02   3.5328638e-01
   1.1947797e-02   3.5387324e-01
   1.1985186e-02   3.5739437e-01
   1.2015385e-02   3.5915493e-01
   1.2029488e-02   3.5974178e-01
   1.2035671e-02   3.6032864e-01
   1.2041769e-02   3.6561033e-01
   1.2131788e-02   3.6854460e-01
   1.2214636e-02   3.7089202e-01
   1.2224581e-02   3.7265258e-01
   1.2231550e-02   3.7382629e-01
   1.2241149e-02   3.7969484e-01
   1.2246526e-02   3.8086854e-01
   1.2270243e-02   3.8262911e-01
   1.2283879e-02   3.8615023e-01
   1.2304424e-02   3.9025822e-01
   1.2352069e-02   3.9084507e-01
   1.2402800e-02   3.9377934e-01
   1.2469431e-02   3.9553991e-01
   1.2484035e-02   3.9671362e-01
   1.2536009e-02   3.9964789e-01
   1.2544584e-02   4.0199531e-01
   1.2555269e-02   4.0375587e-01
   1.2568763e-02   4.0669014e-01
   1.2601367e-02   4.0962441e-01
   1.2620697e-02   4.1138498e-01
   1.2628848e-02   4.1197183e-01
   1.2683013e-02   4.1255869e-01
   1.2687442e-02   4.1373239e-01
   1.2703393e-02   4.1431925e-01
   1.2723315e-02   4.1490610e-01
   1.2752457e-02   4.1549296e-01
   1.2798464e-02   4.1901408e-01
   1.2805536e-02   4.1960094e-01
   1.2876492e-02   4.2136150e-01
   1.2880217e-02   4.2429577e-01
   1.2902731e-02   4.2664319e-01
   1.2906723e-02   4.2723005e-01
   1.2919084e-02   4.2899061e-01
   1.2937340e-02   4.2957746e-01
   1.2947356e-02   4.3368545e-01
   1.2971293e-02   4.3485915e-01
   1.2992187e-02   4.3544601e-01
   1.3097860e-02   4.3603286e-01
   1.3128974e-02   4.3720657e-01
   1.3133728e-02   4.3838028e-01
   1.3201636e-02   4.4072770e-01
   1.3203690e-02   4.4835681e-01
   1.3215228e-02   4.4894366e-01
   1.3219408e-02   4.4953052e-01
   1.3222289e-02   4.5011737e-01
   1.3268138e-02   4.5070423e-01
   1.3274481e-02   4.5187793e-01
   1.3341818e-02   4.5246479e-01
   1.3350119e-02   4.6068075e-01
   1.3359196e-02   4.6126761e-01
   1.3365171e-02   4.6361502e-01
   1.3465235e-02   4.6596244e-01
   1.3476748e-02   4.6654930e-01
   1.3537591e-02   4.6772300e-01
   1.3538322e-02   4.7124413e-01
   1.3560737e-02   4.7183099e-01
   1.3569747e-02   4.7359155e-01
   1.3572499e-02   4.7535211e-01
   1.3583516e-02   4.7652582e-01
   1.3626450e-02   4.7711268e-01
   1.3633893e-02   4.7828638e-01
   1.3638722e-02   4.7887324e-01
   1.3737109e-02   4.8298122e-01
   1.3784818e-02   4.8356808e-01
   1.3789540e-02   4.8532864e-01
   1.3806114e-02   4.8591549e-01
   1.3864165e-02   4.8767606e-01
   1.3867456e-02   4.8943662e-01
   1.3877157e-02   4.9002347e-01
   1.3883304e-02   4.9119718e-01
   1.3921538e-02   4.9178404e-01
   1.3934991e-02   4.9354460e-01
   1.3996810e-02   4.9413146e-01
   1.4037104e-02   4.9471831e-01
   1.4106237e-02   4.9589202e-01
   1.4131594e-02   4.9823944e-01
   1.4195922e-02   4.9941315e-01
   1.4201235e-02   5.0000000e-01
   1.4218598e-02   5.0176056e-01
   1.4221346e-02   5.0410798e-01
   1.4231991e-02   5.0469484e-01
   1.4237885e-02   5.0645540e-01
   1.4276903e-02   5.0821596e-01
   1.4278587e-02   5.0997653e-01
   1.4306169e-02   5.1173709e-01
   1.4316419e-02   5.1232394e-01
   1.4404548e-02   5.1349765e-01
   1.4484298e-02   5.1408451e-01
   1.4525295e-02   5.1467136e-01
   1.4533602e-02   5.1936620e-01
   1.4548069e-02   5.2053991e-01
   1.4571050e-02   5.2171362e-01
   1.4601366e-02   5.2406103e-01
   1.4631794e-02   5.2464789e-01
   1.4639913e-02   5.2640845e-01
   1.4652539e-02   5.2758216e-01
   1.4682956e-02   5.2816901e-01
   1.4685375e-02   5.2992958e-01
   1.4691735e-02   5.3110329e-01
   1.4799143e-02   5.3286385e-01
   1.4814575e-02   5.3345070e-01
   1.4854473e-02   5.3403756e-01
   1.4864569e-02   5.3462441e-01
   1.4874952e-02   5.3697183e-01
   1.4903986e-02   5.3755869e-01
   1.4925297e-02   5.3873239e-01
   1.4941308e-02   5.3990610e-01
   1.4954290e-02   5.4049296e-01
   1.4973097e-02   5.4107981e-01
   1.5004533e-02   5.4166667e-01
   1.5072620e-02   5.4284038e-01
   1.5090942e-02   5.4460094e-01
   1.5137374e-02   5.4518779e-01
   1.5186396e-02   5.4812207e-01
   1.5189608e-02   5.4870892e-01
   1.5199728e-02   5.4929577e-01
   1.5213084e-02   5.5046948e-01
   1.5222129e-02   5.5164319e-01
   1.5283110e-02   5.5399061e-01
   1.5309660e-02   5.5457746e-01
   1.5353087e-02   5.6103286e-01
   1.5428133e-02   5.6161972e-01
   1.5466124e-02   5.6338028e-01
   1.5514362e-02   5.6455399e-01
   1.5527689e-02   5.6690141e-01
   1.5529752e-02   5.6807512e-01
   1.5533429e-02   5.6924883e-01
   1.5573124e-02   5.7042254e-01
   1.5606412e-02   5.7100939e-01
   1.5637750e-02   5.7159624e-01
   1.5645515e-02   5.7218310e-01
   1.5739580e-02   5.7511737e-01
   1.5773734e-02   5.7687793e-01
   1.5847537e-02   5.7746479e-01
   1.5848594e-02   5.7863850e-01
   1.5865981e-02   5.7922535e-01
   1.5873946e-02   5.8039906e-01
   1.5877748e-02   5.8333333e-01
   1.5935976e-02   5.8450704e-01
   1.6018730e-02   5.8685446e-01
   1.6020715e-02   5.8802817e-01
   1.6027720e-02   5.8861502e-01
   1.6174886e-02   5.8978873e-01
   1.6184975e-02   5.9096244e-01
   1.6186375e-02   5.9154930e-01
   1.6191717e-02   5.9213615e-01
   1.6197579e-02   5.9389671e-01
   1.6236580e-02   5.9565728e-01
   1.6237769e-02   5.9624413e-01
   1.6271723e-02   5.9683099e-01
   1.6288639e-02   5.9741784e-01
   1.6308661e-02   5.9859155e-01
   1.6380409e-02   5.9917840e-01
   1.6420005e-02   5.9976526e-01
   1.6436259e-02   6.0035211e-01
   1.6499361e-02   6.0093897e-01
   1.6505633e-02   6.0269953e-01
   1.6511229e-02   6.0328638e-01
   1.6527616e-02   6.0446009e-01
   1.6531859e-02   6.0622066e-01
   1.6543740e-02   6.0798122e-01
   1.6576481e-02   6.0856808e-01
   1.6602519e-02   6.1032864e-01
   1.6625995e-02   6.1091549e-01
   1.6643420e-02   6.1150235e-01
   1.6651322e-02   6.1208920e-01
   1.6799741e-02   6.1384977e-01
   1.6821028e-02   6.1443662e-01
   1.6835370e-02   6.1678404e-01
   1.6840472e-02   6.1737089e-01
   1.6856581e-02   6.1913146e-01
   1.6874566e-02   6.2030516e-01
   1.6903030e-02   6.2089202e-01
   1.6933000e-02   6.2147887e-01
   1.6936743e-02   6.2206573e-01
   1.6975629e-02   6.2265258e-01
   1.7008097e-02   6.2323944e-01
   1.7018081e-02   6.2382629e-01
   1.7074555e-02   6.2441315e-01
   1.7077963e-02   6.2500000e-01
   1.7099182e-02   6.2617371e-01
   1.7165033e-02   6.2676056e-01
   1.7174205e-02   6.2734742e-01
   1.7182359e-02   6.2793427e-01
   1.7209342e-02   6.2910798e-01
   1.7224916e-02   6.2969484e-01
   1.7293787e-02   6.3028169e-01
   1.7346914e-02   6.3262911e-01
   1.7355449e-02   6.3556338e-01
   1.7388037e-02   6.3615023e-01
   1.7452489e-02   6.3673709e-01
   1.7495194e-02   6.3732394e-01
   1.7497485e-02   6.3908451e-01
   1.7499350e-02   6.4025822e-01
   1.7506561e-02   6.4084507e-01
   1.7520143e-02   6.4201878e-01
   1.7520571e-02   6.4436620e-01
   1.7526558e-02   6.4495305e-01
   1.7569570e-02   6.4847418e-01
   1.7602396e-02   6.4964789e-01
   1.7643141e-02   6.5082160e-01
   1.7716401e-02   6.5140845e-01
   1.7817775e-02   6.5199531e-01
   1.7874529e-02   6.5316901e-01
   1.7887653e-02   6.5375587e-01
   1.7935377e-02   6.5492958e-01
   1.7936818e-02   6.5610329e-01
   1.7938090e-02   6.5669014e-01
   1.7982932e-02   6.5727700e-01
   1.8023077e-02   6.5786385e-01
   1.8133523e-02   6.5962441e-01
   1.8157578e-02   6.6021127e-01
   1.8159515e-02   6.6079812e-01
   1.8180280e-02   6.6197183e-01
   1.8181680e-02   6.6255869e-01
   1.8227933e-02   6.6314554e-01
   1.8235635e-02   6.6431925e-01
   1.8268193e-02   6.6490610e-01
   1.8271200e-02   6.6549296e-01
   1.8299170e-02   6.6666667e-01
   1.8310661e-02   6.6725352e-01
   1.8374875e-02   6.6842723e-01
   1.8485528e-02   6.6901408e-01
   1.8494491e-02   6.7077465e-01
   1.8501252e-02   6.7194836e-01
   1.8531003e-02   6.7370892e-01
   1.8540418e-02   6.7488263e-01
   1.8583383e-02   6.7546948e-01
   1.8603475e-02   6.7723005e-01
   1.8605629e-02   6.7840376e-01
   1.8656342e-02   6.7899061e-01
   1.8664084e-02   6.7957746e-01
   1.8676497e-02   6.8016432e-01
   1.8690705e-02   6.8133803e-01
   1.8721284e-02   6.8192488e-01
   1.8800715e-02   6.8309859e-01
   1.8821347e-02   6.8368545e-01
   1.8826314e-02   6.8427230e-01
   1.8835471e-02   6.8603286e-01
   1.8844054e-02   6.8661972e-01
   1.8850357e-02   6.8720657e-01
   1.8894650e-02   6.8779343e-01
   1.8933641e-02   6.8896714e-01
   1.8977656e-02   6.8955399e-01
   1.9034246e-02   6.9131455e-01
   1.9076579e-02   6.9190141e-01
   1.9089460e-02   6.9248826e-01
   1.9143348e-02   6.9307512e-01
   1.9151816e-02   6.9424883e-01
   1.9164622e-02   6.9483568e-01
   1.9179664e-02   6.9542254e-01
   1.9186670e-02   6.9600939e-01
   1.9197697e-02   6.9659624e-01
   1.9199603e-02   6.9718310e-01
   1.9206427e-02   6.9776995e-01
   1.9216099e-02   6.9835681e-01
   1.9230817e-02   6.9894366e-01
   1.9270706e-02   6.9953052e-01
   1.9275908e-02   7.0070423e-01
   1.9305419e-02   7.0187793e-01
   1.9341114e-02   7.0246479e-01
   1.9434401e-02   7.0305164e-01
   1.9467937e-02   7.0363850e-01
   1.9476902e-02   7.0422535e-01
   1.9484129e-02   7.0481221e-01
   1.9490424e-02   7.0598592e-01
   1.9514959e-02   7.0833333e-01
   1.9569083e-02   7.0950704e-01
   1.9663282e-02   7.1009390e-01
   1.9693927e-02   7.1126761e-01
   1.9743595e-02   7.1185446e-01
   1.9753779e-02   7.1302817e-01
   1.9775423e-02   7.1361502e-01
   1.9808081e-02   7.1420188e-01
   1.9809214e-02   7.1537559e-01
   1.9833433e-02   7.1654930e-01
   1.9864453e-02   7.1830986e-01
   1.9871985e-02   7.1889671e-01
   1.9880055e-02   7.2007042e-01
   1.9928870e-02   7.2124413e-01
   1.9937964e-02   7.2300469e-01
   1.9998997e-02   7.2476526e-01
   2.0025439e-02   7.2535211e-01
   2.0124147e-02   7.2593897e-01
   2.0128605e-02   7.2652582e-01
   2.0134683e-02   7.2711268e-01
   2.0135655e-02   7.2828638e-01
   2.0146797e-02   7.2887324e-01
   2.0147232e-02   7.2946009e-01
   2.0151324e-02   7.3004695e-01
   2.0170053e-02   7.3122066e-01
   2.0180032e-02   7.3180751e-01
   2.0180296e-02   7.3239437e-01
   2.0183050e-02   7.3298122e-01
   2.0235345e-02   7.3356808e-01
   2.0266465e-02   7.3474178e-01
   2.0339473e-02   7.3532864e-01
   2.0354125e-02   7.3591549e-01
   2.0488096e-02   7.3650235e-01
   2.0493245e-02   7.3708920e-01
   2.0528906e-02   7.3767606e-01
   2.0531404e-02   7.3826291e-01
   2.0538202e-02   7.3943662e-01
   2.0574591e-02   7.4002347e-01
   2.0590328e-02   7.4119718e-01
   2.0604705e-02   7.4178404e-01
   2.0672418e-02   7.4237089e-01
   2.0693067e-02   7.4295775e-01
   2.0780934e-02   7.4413146e-01
   2.0782649e-02   7.4471831e-01
   2.0803886e-02   7.4530516e-01
   2.0833396e-02   7.4589202e-01
   2.0845779e-02   7.4765258e-01
   2.0882633e-02   7.4823944e-01
   2.0932220e-02   7.4882629e-01
   2.1023276e-02   7.4941315e-01
   2.1045481e-02   7.5000000e-01
   2.1056622e-02   7.5058685e-01
   2.1082680e-02   7.5117371e-01
   2.1127058e-02   7.5176056e-01
   2.1131637e-02   7.5234742e-01
   2.1142943e-02   7.5293427e-01
   2.1158608e-02   7.5352113e-01
   2.1198267e-02   7.5410798e-01
   2.1204509e-02   7.5528169e-01
   2.1252581e-02   7.5586854e-01
   2.1257665e-02   7.5645540e-01
   2.1441932e-02   7.5704225e-01
   2.1457277e-02   7.5762911e-01
   2.1461009e-02   7.5821596e-01
   2.1469872e-02   7.5938967e-01
   2.1473693e-02   7.6056338e-01
   2.1497004e-02   7.6115023e-01
   2.1510828e-02   7.6173709e-01
   2.1569124e-02   7.6349765e-01
   2.1647897e-02   7.6584507e-01
   2.1672266e-02   7.6643192e-01
   2.1746314e-02   7.6701878e-01
   2.1746958e-02   7.6877934e-01
   2.1786167e-02   7.6936620e-01
   2.1794223e-02   7.7053991e-01
   2.1822103e-02   7.7230047e-01
   2.1865177e-02   7.7288732e-01
   2.1870338e-02   7.7406103e-01
   2.1877295e-02   7.7464789e-01
   2.1939923e-02   7.7699531e-01
   2.2028407e-02   7.7758216e-01
   2.2053401e-02   7.7816901e-01
   2.2121799e-02   7.7875587e-01
   2.2136682e-02   7.7934272e-01
   2.2137588e-02   7.8051643e-01
   2.2140726e-02   7.8110329e-01
   2.2160398e-02   7.8227700e-01
   2.2165892e-02   7.8345070e-01
   2.2176567e-02   7.8403756e-01
   2.2181546e-02   7.8462441e-01
   2.2236114e-02   7.8579812e-01
   2.2242966e-02   7.8697183e-01
   2.2324193e-02   7.8755869e-01
   2.2424326e-02   7.8814554e-01
   2.2446354e-02   7.8873239e-01
   2.2456517e-02   7.8990610e-01
   2.2484925e-02   7.9107981e-01
   2.2487080e-02   7.9225352e-01
   2.2531633e-02   7.9284038e-01
   2.2577590e-02   7.9342723e-01
   2.2603052e-02   7.9460094e-01
   2.2606726e-02   7.9577465e-01
   2.2696036e-02   7.9694836e-01
   2.2743861e-02   7.9753521e-01
   2.2762122e-02   7.9812207e-01
   2.2778220e-02   7.9870892e-01
   2.2795483e-02   7.9929577e-01
   2.2832873e-02   7.9988263e-01
   2.2840371e-02   8.0105634e-01
   2.2889683e-02   8.0164319e-01
   2.2903111e-02   8.0281690e-01
   2.2930930e-02   8.0340376e-01
   2.2982484e-02   8.0399061e-01
   2.3076939e-02   8.0457746e-01
   2.3119676e-02   8.0516432e-01
   2.3203903e-02   8.0575117e-01
   2.3240737e-02   8.0692488e-01
   2.3274085e-02   8.0751174e-01
   2.3334350e-02   8.0809859e-01
   2.3363142e-02   8.0868545e-01
   2.3436982e-02   8.0927230e-01
   2.3442012e-02   8.0985915e-01
   2.3471363e-02   8.1044601e-01
   2.3485115e-02   8.1103286e-01
   2.3488736e-02   8.1220657e-01
   2.3689803e-02   8.1279343e-01
   2.3697937e-02   8.1338028e-01
   2.3741682e-02   8.1396714e-01
   2.3748462e-02   8.1455399e-01
   2.3783629e-02   8.1631455e-01
   2.3793361e-02   8.1748826e-01
   2.3865649e-02   8.1924883e-01
   2.3869939e-02   8.1983568e-01
   2.3904133e-02   8.2042254e-01
   2.3941459e-02   8.2159624e-01
   2.3971480e-02   8.2218310e-01
   2.4000334e-02   8.2335681e-01
   2.4030770e-02   8.2453052e-01
   2.4084210e-02   8.2511737e-01
   2.4108271e-02   8.2629108e-01
   2.4215299e-02   8.2687793e-01
   2.4252479e-02   8.2746479e-01
   2.4264064e-02   8.2805164e-01
   2.4317618e-02   8.2863850e-01
   2.4323611e-02   8.2922535e-01
   2.4403130e-02   8.2981221e-01
   2.4429272e-02   8.3039906e-01
   2.4429586e-02   8.3098592e-01
   2.4446685e-02   8.3215962e-01
   2.4536587e-02   8.3274648e-01
   2.4559635e-02   8.3392019e-01
   2.4696802e-02   8.3450704e-01
   2.4745671e-02   8.3509390e-01
   2.4757580e-02   8.3568075e-01
   2.4764946e-02   8.3626761e-01
   2.4767088e-02   8.3685446e-01
   2.4805600e-02   8.3802817e-01
   2.4933829e-02   8.3861502e-01
   2.4939543e-02   8.3978873e-01
   2.4977317e-02   8.4037559e-01
   2.5083589e-02   8.4096244e-01
   2.5090975e-02   8.4330986e-01
   2.5103996e-02   8.4389671e-01
   2.5110539e-02   8.4448357e-01
   2.5137680e-02   8.4507042e-01
   2.5229072e-02   8.4565728e-01
   2.5257247e-02   8.4624413e-01
   2.5275710e-02   8.4683099e-01
   2.5446000e-02   8.4741784e-01
   2.5459398e-02   8.4800469e-01
   2.5506192e-02   8.4859155e-01
   2.5570882e-02   8.4917840e-01
   2.5597561e-02   8.4976526e-01
   2.5633485e-02   8.5035211e-01
   2.5703477e-02   8.5093897e-01
   2.5761056e-02   8.5152582e-01
   2.5774587e-02   8.5211268e-01
   2.5820439e-02   8.5269953e-01
   2.5867040e-02   8.5328638e-01
   2.5943123e-02   8.5387324e-01
   2.6069095e-02   8.5446009e-01
   2.6078603e-02   8.5504695e-01
   2.6124364e-02   8.5622066e-01
   2.6140507e-02   8.5680751e-01
   2.6172473e-02   8.5739437e-01
   2.6237487e-02   8.5856808e-01
   2.6264309e-02   8.5915493e-01
   2.6414680e-02   8.5974178e-01
   2.6418827e-02   8.6091549e-01
   2.6444577e-02   8.6150235e-01
   2.6472071e-02   8.6208920e-01
   2.6533682e-02   8.6267606e-01
   2.6536276e-02   8.6326291e-01
   2.6559575e-02   8.6384977e-01
   2.6665247e-02   8.6443662e-01
   2.6756091e-02   8.6502347e-01
   2.6827880e-02   8.6561033e-01
   2.6838821e-02   8.6619718e-01
   2.6839974e-02   8.6678404e-01
   2.6899221e-02   8.6737089e-01
   2.6904661e-02   8.6795775e-01
   2.6989316e-02   8.6854460e-01
   2.7068049e-02   8.6913146e-01
   2.7075182e-02   8.6971831e-01
   2.7203110e-02   8.7030516e-01
   2.7267341e-02   8.7089202e-01
   2.7331126e-02   8.7147887e-01
   2.7393617e-02   8.7206573e-01
   2.7400956e-02   8.7265258e-01
   2.7454113e-02   8.7323944e-01
   2.7597441e-02   8.7382629e-01
   2.7735076e-02   8.7441315e-01
   2.7739443e-02   8.7500000e-01
   2.7767186e-02   8.7558685e-01
   2.7815045e-02   8.7617371e-01
   2.7868033e-02   8.7676056e-01
   2.7869283e-02   8.7734742e-01
   2.7887840e-02   8.7793427e-01
   2.8056464e-02   8.7910798e-01
   2.8058661e-02   8.7969484e-01
   2.8139939e-02   8.8028169e-01
   2.8200861e-02   8.8086854e-01
   2.8322629e-02   8.8145540e-01
   2.8391230e-02   8.8204225e-01
   2.8401021e-02   8.8262911e-01
   2.8402469e-02   8.8321596e-01
   2.8421042e-02   8.8380282e-01
   2.8436930e-02   8.8438967e-01
   2.8442692e-02   8.8497653e-01
   2.8468498e-02   8.8556338e-01
   2.8530760e-02   8.8615023e-01
   2.8536921e-02   8.8673709e-01
   2.8632522e-02   8.8732394e-01
   2.8751148e-02   8.8791080e-01
   2.8807716e-02   8.8849765e-01
   2.8966082e-02   8.8908451e-01
   2.9142406e-02   8.8967136e-01
   2.9326982e-02   8.9025822e-01
   2.9382358e-02   8.9084507e-01
   2.9448010e-02   8.9143192e-01
   2.9504258e-02   8.9201878e-01
   2.9573608e-02   8.9260563e-01
   2.9732657e-02   8.9319249e-01
   2.9755691e-02   8.9377934e-01
   2.9763945e-02   8.9436620e-01
   2.9947324e-02   8.9495305e-01
   3.0046484e-02   8.9553991e-01
   3.0061955e-02   8.9612676e-01
   3.0115392e-02   8.9671362e-01
   3.0116065e-02   8.9788732e-01
   3.0144000e-02   8.9847418e-01
   3.0207392e-02   8.9906103e-01
   3.0223753e-02   8.9964789e-01
   3.0290712e-02   9.0023474e-01
   3.0379215e-02   9.0082160e-01
   3.0415071e-02   9.0140845e-01
   3.0547665e-02   9.0199531e-01
   3.0706090e-02   9.0258216e-01
   3.0712359e-02   9.0316901e-01
   3.0739855e-02   9.0375587e-01
   3.0748628e-02   9.0434272e-01
   3.0794178e-02   9.0492958e-01
   3.0837543e-02   9.0610329e-01
   3.0931124e-02   9.0669014e-01
   3.1140448e-02   9.0727700e-01
   3.1281746e-02   9.0786385e-01
   3.1444444e-02   9.0845070e-01
   3.1491127e-02   9.0903756e-01
   3.1501048e-02   9.0962441e-01
   3.1659523e-02   9.1021127e-01
   3.1694968e-02   9.1079812e-01
   3.1719878e-02   9.1138498e-01
   3.1731478e-02   9.1197183e-01
   3.1757935e-02   9.1314554e-01
   3.1934891e-02   9.1373239e-01
   3.2020013e-02   9.1431925e-01
   3.2096042e-02   9.1490610e-01
   3.2241697e-02   9.1549296e-01
   3.2353498e-02   9.1607981e-01
   3.2359666e-02   9.1666667e-01
   3.2387566e-02   9.1725352e-01
   3.2472586e-02   9.1784038e-01
   3.2573979e-02   9.1842723e-01
   3.2822901e-02   9.1901408e-01
   3.3027011e-02   9.2018779e-01
   3.3056057e-02   9.2077465e-01
   3.3120210e-02   9.2136150e-01
   3.3204452e-02   9.2194836e-01
   3.3378681e-02   9.2253521e-01
   3.3467711e-02   9.2312207e-01
   3.3662385e-02   9.2370892e-01
   3.3760805e-02   9.2429577e-01
   3.3805486e-02   9.2488263e-01
   3.3873959e-02   9.2546948e-01
   3.4022897e-02   9.2605634e-01
   3.4043792e-02   9.2664319e-01
   3.4098979e-02   9.2723005e-01
   3.4376539e-02   9.2781690e-01
   3.4378637e-02   9.2840376e-01
   3.4401316e-02   9.2899061e-01
   3.4571544e-02   9.2957746e-01
   3.4708385e-02   9.3016432e-01
   3.5206792e-02   9.3075117e-01
   3.5286282e-02   9.3192488e-01
   3.5465554e-02   9.3251174e-01
   3.5660628e-02   9.3309859e-01
   3.5763075e-02   9.3368545e-01
   3.5873091e-02   9.3427230e-01
   3.5891201e-02   9.3485915e-01
   3.5953267e-02   9.3544601e-01
   3.6058596e-02   9.3603286e-01
   3.6436691e-02   9.3720657e-01
   3.6524865e-02   9.3779343e-01
   3.6658284e-02   9.3896714e-01
   3.6752544e-02   9.3955399e-01
   3.6787385e-02   9.4014085e-01
   3.6970530e-02   9.4072770e-01
   3.6973479e-02   9.4131455e-01
   3.7349240e-02   9.4190141e-01
   3.7410716e-02   9.4248826e-01
   3.7441080e-02   9.4307512e-01
   3.7620870e-02   9.4366197e-01
   3.7666941e-02   9.4424883e-01
   3.7765023e-02   9.4483568e-01
   3.7875903e-02   9.4542254e-01
   3.7932464e-02   9.4600939e-01
   3.8319596e-02   9.4659624e-01
   3.8664251e-02   9.4718310e-01
   3.8968259e-02   9.4776995e-01
   3.9002226e-02   9.4835681e-01
   3.9093791e-02   9.4894366e-01
   3.9657644e-02   9.4953052e-01
   3.9896075e-02   9.5011737e-01
   4.0077842e-02   9.5070423e-01
   4.0271310e-02   9.5129108e-01
   4.0447562e-02   9.5187793e-01
   4.0476577e-02   9.5246479e-01
   4.0718591e-02   9.5305164e-01
   4.0750193e-02   9.5363850e-01
   4.1076976e-02   9.5422535e-01
   4.1293076e-02   9.5481221e-01
   4.1565706e-02   9.5539906e-01
   4.1602531e-02   9.5598592e-01
   4.1603778e-02   9.5657277e-01
   4.1764801e-02   9.5715962e-01
   4.2119716e-02   9.5774648e-01
   4.2471355e-02   9.5833333e-01
   4.2476780e-02   9.5892019e-01
   4.2582008e-02   9.5950704e-01
   4.2710921e-02   9.6009390e-01
   4.3350906e-02   9.6068075e-01
   4.3388581e-02   9.6126761e-01
   4.3438904e-02   9.6185446e-01
   4.3588392e-02   9.6244131e-01
   4.3776410e-02   9.6302817e-01
   4.4105062e-02   9.6361502e-01
   4.4105700e-02   9.6420188e-01
   4.4125256e-02   9.6478873e-01
   4.4160176e-02   9.6537559e-01
   4.4714989e-02   9.6596244e-01
   4.5236000e-02   9.6654930e-01
   4.5256670e-02   9.6713615e-01
   4.5587955e-02   9.6772300e-01
   4.5778711e-02   9.6830986e-01
   4.5951867e-02   9.6889671e-01
   4.6397247e-02   9.6948357e-01
   4.6528382e-02   9.7007042e-01
   4.7209032e-02   9.7065728e-01
   4.7247541e-02   9.7124413e-01
   4.7535275e-02   9.7183099e-01
   4.7732339e-02   9.7241784e-01
   4.7945861e-02   9.7300469e-01
   4.8105342e-02   9.7359155e-01
   4.8536177e-02   9.7417840e-01
   4.8709724e-02   9.7476526e-01
   4.8725244e-02   9.7535211e-01
   4.9140413e-02   9.7593897e-01
   4.9239894e-02   9.7652582e-01
   4.9971697e-02   9.7711268e-01
   5.1238252e-02   9.7769953e-01
   5.1469929e-02   9.7828638e-01
   5.1890144e-02   9.7887324e-01
   5.2260991e-02   9.7946009e-01
   5.2560662e-02   9.8004695e-01
   5.3142729e-02   9.8063380e-01
   5.3614240e-02   9.8122066e-01
   5.3888043e-02   9.8180751e-01
   5.4088695e-02   9.8239437e-01
   5.5394020e-02   9.8298122e-01
   5.6284542e-02   9.8356808e-01
   5.6950000e-02   9.8415493e-01
   5.7024260e-02   9.8474178e-01
   5.7305980e-02   9.8532864e-01
   5.7736701e-02   9.8591549e-01
   5.7835577e-02   9.8650235e-01
   5.8359575e-02   9.8708920e-01
   5.9314550e-02   9.8767606e-01
   5.9362767e-02   9.8826291e-01
   6.0209517e-02   9.8884977e-01
   6.0755457e-02   9.8943662e-01
   6.2777752e-02   9.9002347e-01
   6.4924155e-02   9.9061033e-01
   6.5308865e-02   9.9119718e-01
   6.6860325e-02   9.9178404e-01
   6.7611547e-02   9.9237089e-01
   6.8565232e-02   9.9295775e-01
   6.8721175e-02   9.9354460e-01
   6.9117093e-02   9.9413146e-01
   7.6809462e-02   9.9471831e-01
   8.4174767e-02   9.9530516e-01
   8.4394991e-02   9.9589202e-01
   9.0876578e-02   9.9647887e-01
   9.3138892e-02   9.9706573e-01
   1.1246305e-01   9.9765258e-01
   1.3666315e-01   9.9823944e-01
   2.0161095e-01   9.9882629e-01
   2.2023221e-01   9.9941315e-01
   2.3800434e-01   1.0000000e+00
