   6.3736596e-03   0.0000000e+00
   6.3736596e-03   5.2083333e-03
   6.9230561e-03   1.0416667e-02
   7.1223418e-03   1.5625000e-02
   7.4669592e-03   2.0833333e-02
   7.5317339e-03   2.6041667e-02
   7.8000173e-03   3.1250000e-02
   7.8964684e-03   3.6458333e-02
   8.0869594e-03   5.2083333e-02
   8.1369938e-03   5.7291667e-02
   8.2169184e-03   6.2500000e-02
   8.2265136e-03   6.7708333e-02
   8.3654798e-03   7.2916667e-02
   8.4576582e-03   7.8125000e-02
   8.5254445e-03   8.3333333e-02
   8.6567634e-03   8.8541667e-02
   8.7845736e-03   9.3750000e-02
   9.0213471e-03   9.8958333e-02
   9.1164855e-03   1.0416667e-01
   9.2702449e-03   1.1458333e-01
   9.2718414e-03   1.1979167e-01
   9.4111066e-03   1.2500000e-01
   9.4483941e-03   1.3020833e-01
   9.5354781e-03   1.3541667e-01
   9.5868983e-03   1.4062500e-01
   9.5915371e-03   1.4583333e-01
   9.5943461e-03   1.5104167e-01
   9.8102550e-03   1.5625000e-01
   9.8420993e-03   1.6666667e-01
   1.0006193e-02   1.7187500e-01
   1.0095704e-02   1.8750000e-01
   1.0137257e-02   1.9270833e-01
   1.0232607e-02   1.9791667e-01
   1.0256464e-02   2.0312500e-01
   1.0325606e-02   2.0833333e-01
   1.0391505e-02   2.1354167e-01
   1.0654505e-02   2.1875000e-01
   1.0695743e-02   2.2395833e-01
   1.0984645e-02   2.3437500e-01
   1.1008217e-02   2.3958333e-01
   1.1026827e-02   2.4479167e-01
   1.1077278e-02   2.5000000e-01
   1.1079877e-02   2.5520833e-01
   1.1120543e-02   2.6041667e-01
   1.1251084e-02   2.6562500e-01
   1.1292408e-02   2.7083333e-01
   1.1328849e-02   2.8125000e-01
   1.1373689e-02   2.9166667e-01
   1.1573381e-02   2.9687500e-01
   1.1588115e-02   3.0208333e-01
   1.1655821e-02   3.0729167e-01
   1.2127738e-02   3.1250000e-01
   1.2233592e-02   3.1770833e-01
   1.2328978e-02   3.2291667e-01
   1.2340662e-02   3.2812500e-01
   1.2406530e-02   3.3333333e-01
   1.2407179e-02   3.3854167e-01
   1.2807107e-02   3.4895833e-01
   1.2905829e-02   3.5416667e-01
   1.3006035e-02   3.5937500e-01
   1.3012883e-02   3.6458333e-01
   1.3278514e-02   3.6979167e-01
   1.3284616e-02   3.7500000e-01
   1.3347118e-02   3.8020833e-01
   1.3938346e-02   3.8541667e-01
   1.3971241e-02   3.9062500e-01
   1.4152333e-02   3.9583333e-01
   1.4244299e-02   4.0104167e-01
   1.4428106e-02   4.0625000e-01
   1.4442816e-02   4.1145833e-01
   1.5003344e-02   4.1666667e-01
   1.5009290e-02   4.2187500e-01
   1.5060182e-02   4.2708333e-01
   1.5134394e-02   4.3229167e-01
   1.5452625e-02   4.3750000e-01
   1.5578734e-02   4.4270833e-01
   1.5600715e-02   4.4791667e-01
   1.5630697e-02   4.5312500e-01
   1.5643423e-02   4.5833333e-01
   1.6037638e-02   4.6354167e-01
   1.6371333e-02   4.7395833e-01
   1.6454973e-02   4.7916667e-01
   1.6488142e-02   4.8437500e-01
   1.6723081e-02   4.8958333e-01
   1.6879792e-02   4.9479167e-01
   1.6903533e-02   5.0000000e-01
   1.7048954e-02   5.0520833e-01
   1.7067950e-02   5.1041667e-01
   1.7093782e-02   5.1562500e-01
   1.7354506e-02   5.2083333e-01
   1.7444831e-02   5.2604167e-01
   1.7760225e-02   5.3125000e-01
   1.7891607e-02   5.3645833e-01
   1.7926557e-02   5.4166667e-01
   1.8043352e-02   5.4687500e-01
   1.8174054e-02   5.5208333e-01
   1.8226418e-02   5.5729167e-01
   1.8441444e-02   5.6250000e-01
   1.8549712e-02   5.6770833e-01
   1.8751671e-02   5.7291667e-01
   1.9045915e-02   5.8333333e-01
   1.9348732e-02   5.8854167e-01
   1.9699155e-02   5.9375000e-01
   1.9720398e-02   5.9895833e-01
   1.9935771e-02   6.0416667e-01
   2.0018190e-02   6.0937500e-01
   2.0058734e-02   6.1458333e-01
   2.0250177e-02   6.1979167e-01
   2.0480371e-02   6.2500000e-01
   2.0772124e-02   6.3020833e-01
   2.0825857e-02   6.3541667e-01
   2.0858360e-02   6.4062500e-01
   2.1134483e-02   6.4583333e-01
   2.1343175e-02   6.5104167e-01
   2.1427189e-02   6.5625000e-01
   2.2017564e-02   6.6145833e-01
   2.2242811e-02   6.6666667e-01
   2.2245840e-02   6.7187500e-01
   2.2585200e-02   6.7708333e-01
   2.2727985e-02   6.8229167e-01
   2.2912474e-02   6.8750000e-01
   2.2943948e-02   6.9270833e-01
   2.3088305e-02   6.9791667e-01
   2.3129517e-02   7.0312500e-01
   2.3844070e-02   7.0833333e-01
   2.4052696e-02   7.1354167e-01
   2.4894056e-02   7.1875000e-01
   2.5485292e-02   7.2395833e-01
   2.5684398e-02   7.2916667e-01
   2.5689563e-02   7.3437500e-01
   2.6099469e-02   7.3958333e-01
   2.6966414e-02   7.4479167e-01
   2.7034230e-02   7.5000000e-01
   2.7599742e-02   7.5520833e-01
   2.7599998e-02   7.6041667e-01
   2.7692852e-02   7.6562500e-01
   2.8147349e-02   7.7083333e-01
   2.8573163e-02   7.7604167e-01
   2.8742610e-02   7.8125000e-01
   2.9451866e-02   7.8645833e-01
   2.9525811e-02   7.9166667e-01
   2.9722414e-02   7.9687500e-01
   3.1443341e-02   8.0208333e-01
   3.2145780e-02   8.0729167e-01
   3.2164846e-02   8.1250000e-01
   3.2374357e-02   8.1770833e-01
   3.3222483e-02   8.2291667e-01
   3.3457568e-02   8.2812500e-01
   3.3830679e-02   8.3333333e-01
   3.5607177e-02   8.3854167e-01
   3.5947334e-02   8.4375000e-01
   3.7962613e-02   8.4895833e-01
   3.8366829e-02   8.5416667e-01
   3.9978747e-02   8.5937500e-01
   4.1396698e-02   8.6458333e-01
   4.1726996e-02   8.6979167e-01
   4.2826594e-02   8.7500000e-01
   4.5021031e-02   8.8020833e-01
   4.9970156e-02   8.8541667e-01
   5.6454620e-02   8.9062500e-01
   5.7576118e-02   8.9583333e-01
   5.9344530e-02   9.0104167e-01
   5.9843625e-02   9.0625000e-01
   6.7838640e-02   9.1145833e-01
   6.9529676e-02   9.1666667e-01
   7.2995475e-02   9.2187500e-01
   7.8692107e-02   9.2708333e-01
   8.6302873e-02   9.3229167e-01
   8.9582817e-02   9.3750000e-01
   9.2238417e-02   9.4270833e-01
   9.4456883e-02   9.4791667e-01
   9.4735852e-02   9.5312500e-01
   9.9058108e-02   9.5833333e-01
   1.0681475e-01   9.6354167e-01
   1.1658167e-01   9.6875000e-01
   1.4186283e-01   9.7395833e-01
   1.5127161e-01   9.7916667e-01
   1.6344351e-01   9.8437500e-01
   2.0010103e-01   9.8958333e-01
   2.1649703e-01   9.9479167e-01
   2.5209236e-01   1.0000000e+00
