   3.8424000e-03   0.0000000e+00
   3.8424000e-03   7.4626866e-03
   4.9952000e-03   1.4925373e-02
   5.3792000e-03   2.2388060e-02
   5.7640000e-03   3.7313433e-02
   6.1480000e-03   5.2238806e-02
   7.3008000e-03   6.7164179e-02
   7.6848000e-03   8.9552239e-02
   8.4536000e-03   9.7014925e-02
   8.8376000e-03   1.1194030e-01
   9.2216000e-03   1.1940299e-01
   9.6064000e-03   1.3432836e-01
   9.9904000e-03   1.5671642e-01
   1.0374400e-02   1.7164179e-01
   1.0759200e-02   1.7910448e-01
   1.1143200e-02   2.0895522e-01
   1.1527200e-02   2.2388060e-01
   1.1911200e-02   2.3880597e-01
   1.2296000e-02   2.5373134e-01
   1.2680000e-02   2.6119403e-01
   1.3064800e-02   2.6865672e-01
   1.3832800e-02   2.9104478e-01
   1.4216800e-02   2.9850746e-01
   1.4985600e-02   3.0597015e-01
   1.6522400e-02   3.1343284e-01
   1.6906400e-02   3.2835821e-01
   1.7291200e-02   3.4328358e-01
   1.7675200e-02   3.5074627e-01
   1.8444000e-02   3.8059701e-01
   1.8828000e-02   3.9552239e-01
   1.9212000e-02   4.1044776e-01
   1.9980800e-02   4.3283582e-01
   2.0749600e-02   4.4029851e-01
   2.1133600e-02   4.4776119e-01
   2.1517600e-02   4.6268657e-01
   2.1901600e-02   4.7014925e-01
   2.2670400e-02   4.7761194e-01
   2.3054400e-02   4.8507463e-01
   2.3439200e-02   4.9253731e-01
   2.4592000e-02   5.0000000e-01
   2.4976000e-02   5.0746269e-01
   2.5360000e-02   5.1492537e-01
   2.6128800e-02   5.2238806e-01
   2.6896800e-02   5.4477612e-01
   2.7665600e-02   5.5970149e-01
   2.8434400e-02   5.6716418e-01
   2.8818400e-02   5.7462687e-01
   2.9202400e-02   5.8208955e-01
   2.9971200e-02   5.8955224e-01
   3.0740000e-02   5.9701493e-01
   3.1508000e-02   6.0447761e-01
   3.2660800e-02   6.1940299e-01
   3.3429600e-02   6.2686567e-01
   3.4197600e-02   6.3432836e-01
   3.4966400e-02   6.4179104e-01
   3.6119200e-02   6.6417910e-01
   3.6887200e-02   6.7164179e-01
   3.7656000e-02   6.7910448e-01
   3.8808800e-02   6.8656716e-01
   3.9961600e-02   6.9402985e-01
   4.0730400e-02   7.0149254e-01
   4.1114400e-02   7.1641791e-01
   4.3420000e-02   7.2388060e-01
   4.7646400e-02   7.3134328e-01
   4.8415200e-02   7.3880597e-01
   4.9183200e-02   7.4626866e-01
   4.9952000e-02   7.5373134e-01
   5.0336000e-02   7.6119403e-01
   5.1488800e-02   7.6865672e-01
   5.2257600e-02   7.7611940e-01
   5.2641600e-02   7.8358209e-01
   5.3025600e-02   7.9850746e-01
   5.4563200e-02   8.0597015e-01
   5.6100000e-02   8.2089552e-01
   5.8789600e-02   8.2835821e-01
   6.1479200e-02   8.3582090e-01
   6.3400800e-02   8.4328358e-01
   6.4553600e-02   8.5074627e-01
   6.5706400e-02   8.5820896e-01
   6.6090400e-02   8.6567164e-01
   6.7627200e-02   8.7313433e-01
   6.9932800e-02   8.8059701e-01
   7.0701600e-02   8.8805970e-01
   7.2622400e-02   8.9552239e-01
   7.3775200e-02   9.0298507e-01
   7.8001600e-02   9.1044776e-01
   8.3381600e-02   9.1791045e-01
   8.6455200e-02   9.2537313e-01
   8.7224000e-02   9.3283582e-01
   8.7608000e-02   9.4776119e-01
   9.0297600e-02   9.5522388e-01
   9.4524800e-02   9.6268657e-01
   1.0451520e-01   9.7014925e-01
   1.0835760e-01   9.7761194e-01
   1.1834800e-01   9.8507463e-01
   1.2372720e-01   9.9253731e-01
   1.6599440e-01   1.0000000e+00
