   5.1701220e-03   0.0000000e+00
   5.1701220e-03   3.0769231e-03
   5.5882107e-03   6.1538462e-03
   5.7790889e-03   9.2307692e-03
   5.9687674e-03   1.2307692e-02
   5.9954255e-03   1.5384615e-02
   6.1933089e-03   1.8461538e-02
   6.3548891e-03   2.1538462e-02
   7.2410402e-03   2.4615385e-02
   7.2877948e-03   2.7692308e-02
   7.3002956e-03   3.0769231e-02
   7.7775143e-03   3.3846154e-02
   8.0115207e-03   3.6923077e-02
   8.1528637e-03   4.0000000e-02
   8.1586149e-03   4.3076923e-02
   8.4431077e-03   4.6153846e-02
   8.5472252e-03   4.9230769e-02
   8.6182218e-03   5.5384615e-02
   8.7861457e-03   5.8461538e-02
   8.8662870e-03   6.1538462e-02
   9.0651098e-03   6.4615385e-02
   9.1466197e-03   7.0769231e-02
   9.2251345e-03   7.3846154e-02
   9.3635820e-03   7.6923077e-02
   9.3890007e-03   8.3076923e-02
   9.4742644e-03   9.2307692e-02
   9.5752013e-03   9.5384615e-02
   9.5806900e-03   9.8461538e-02
   9.6488227e-03   1.0153846e-01
   9.6721572e-03   1.0461538e-01
   9.7323111e-03   1.0769231e-01
   9.7335269e-03   1.1076923e-01
   9.7471186e-03   1.1384615e-01
   9.8322197e-03   1.1692308e-01
   9.9346448e-03   1.2000000e-01
   9.9374377e-03   1.2307692e-01
   9.9520592e-03   1.2615385e-01
   9.9585665e-03   1.2923077e-01
   9.9826848e-03   1.3230769e-01
   1.0082282e-02   1.3538462e-01
   1.0137489e-02   1.4153846e-01
   1.0252646e-02   1.4461538e-01
   1.0439447e-02   1.4769231e-01
   1.0553755e-02   1.5076923e-01
   1.0610182e-02   1.5384615e-01
   1.0637096e-02   1.5692308e-01
   1.0747438e-02   1.6000000e-01
   1.0861308e-02   1.6307692e-01
   1.0899646e-02   1.6923077e-01
   1.0951371e-02   1.7230769e-01
   1.1156167e-02   1.7538462e-01
   1.1158539e-02   1.7846154e-01
   1.1170705e-02   1.8153846e-01
   1.1174773e-02   1.8461538e-01
   1.1218259e-02   1.8769231e-01
   1.1336636e-02   1.9076923e-01
   1.1461716e-02   1.9384615e-01
   1.1559052e-02   1.9692308e-01
   1.1654869e-02   2.0307692e-01
   1.1759187e-02   2.0615385e-01
   1.1772699e-02   2.1230769e-01
   1.1777121e-02   2.1846154e-01
   1.1907127e-02   2.2153846e-01
   1.2066819e-02   2.2461538e-01
   1.2102187e-02   2.2769231e-01
   1.2157544e-02   2.3076923e-01
   1.2262399e-02   2.3692308e-01
   1.2334254e-02   2.4000000e-01
   1.2384284e-02   2.4615385e-01
   1.2410397e-02   2.4923077e-01
   1.2478724e-02   2.5230769e-01
   1.2576138e-02   2.5538462e-01
   1.2624263e-02   2.5846154e-01
   1.2672778e-02   2.6153846e-01
   1.2685772e-02   2.6461538e-01
   1.2709778e-02   2.7384615e-01
   1.2743460e-02   2.7692308e-01
   1.2967244e-02   2.8000000e-01
   1.2971448e-02   2.8307692e-01
   1.2992166e-02   2.8615385e-01
   1.3331733e-02   2.8923077e-01
   1.3383976e-02   2.9230769e-01
   1.3572527e-02   2.9538462e-01
   1.4085394e-02   2.9846154e-01
   1.4127358e-02   3.0153846e-01
   1.4197277e-02   3.0461538e-01
   1.4204969e-02   3.0769231e-01
   1.4339706e-02   3.1076923e-01
   1.4347377e-02   3.1384615e-01
   1.4482080e-02   3.1692308e-01
   1.4514881e-02   3.2000000e-01
   1.4600591e-02   3.2307692e-01
   1.4812095e-02   3.2615385e-01
   1.4839036e-02   3.2923077e-01
   1.5140718e-02   3.3230769e-01
   1.5208899e-02   3.3538462e-01
   1.5393237e-02   3.3846154e-01
   1.5432565e-02   3.4153846e-01
   1.5469910e-02   3.4461538e-01
   1.5556072e-02   3.4769231e-01
   1.5817207e-02   3.5076923e-01
   1.5980666e-02   3.5384615e-01
   1.6026618e-02   3.5692308e-01
   1.6027201e-02   3.6000000e-01
   1.6266814e-02   3.6307692e-01
   1.6284371e-02   3.6615385e-01
   1.6285725e-02   3.7230769e-01
   1.6309782e-02   3.7846154e-01
   1.6356443e-02   3.8153846e-01
   1.6416119e-02   3.8461538e-01
   1.6592200e-02   3.8769231e-01
   1.6803875e-02   3.9076923e-01
   1.6890408e-02   3.9692308e-01
   1.7095136e-02   4.0000000e-01
   1.7267470e-02   4.0307692e-01
   1.7369506e-02   4.0615385e-01
   1.7488507e-02   4.0923077e-01
   1.7843945e-02   4.1230769e-01
   1.7848936e-02   4.1538462e-01
   1.7989515e-02   4.1846154e-01
   1.8089821e-02   4.2153846e-01
   1.8130220e-02   4.2461538e-01
   1.8341159e-02   4.2769231e-01
   1.8501381e-02   4.3076923e-01
   1.8517547e-02   4.3384615e-01
   1.8788824e-02   4.3692308e-01
   1.8859348e-02   4.4000000e-01
   1.8909070e-02   4.4307692e-01
   1.9344882e-02   4.4923077e-01
   1.9644983e-02   4.5230769e-01
   1.9672314e-02   4.5538462e-01
   1.9733783e-02   4.5846154e-01
   1.9734013e-02   4.6153846e-01
   1.9908032e-02   4.6461538e-01
   2.0023664e-02   4.6769231e-01
   2.0235850e-02   4.7076923e-01
   2.0523557e-02   4.7384615e-01
   2.0523983e-02   4.7692308e-01
   2.0560336e-02   4.8000000e-01
   2.0675878e-02   4.8307692e-01
   2.0684271e-02   4.8615385e-01
   2.1359679e-02   4.8923077e-01
   2.1476345e-02   4.9230769e-01
   2.1677201e-02   4.9538462e-01
   2.1829021e-02   4.9846154e-01
   2.2166994e-02   5.0153846e-01
   2.2437105e-02   5.0461538e-01
   2.2509195e-02   5.0769231e-01
   2.2597436e-02   5.1076923e-01
   2.2948334e-02   5.1384615e-01
   2.3205532e-02   5.1692308e-01
   2.3454307e-02   5.2000000e-01
   2.3489720e-02   5.2307692e-01
   2.3671236e-02   5.2615385e-01
   2.3877121e-02   5.2923077e-01
   2.4052815e-02   5.3230769e-01
   2.4167184e-02   5.3538462e-01
   2.4261422e-02   5.3846154e-01
   2.4433454e-02   5.4153846e-01
   2.4725982e-02   5.4461538e-01
   2.5329323e-02   5.4769231e-01
   2.5400656e-02   5.5076923e-01
   2.5680383e-02   5.5384615e-01
   2.5750495e-02   5.5692308e-01
   2.5855303e-02   5.6000000e-01
   2.6567478e-02   5.6307692e-01
   2.6706877e-02   5.6615385e-01
   2.7268258e-02   5.6923077e-01
   2.7745616e-02   5.7230769e-01
   2.7878017e-02   5.7538462e-01
   2.7903984e-02   5.7846154e-01
   2.7910884e-02   5.8153846e-01
   2.8307747e-02   5.8461538e-01
   2.8343028e-02   5.8769231e-01
   2.9013438e-02   5.9076923e-01
   2.9075394e-02   5.9384615e-01
   2.9084994e-02   5.9692308e-01
   2.9136543e-02   6.0000000e-01
   2.9744050e-02   6.0307692e-01
   3.0020173e-02   6.0615385e-01
   3.0088779e-02   6.0923077e-01
   3.0396858e-02   6.1230769e-01
   3.0402788e-02   6.1538462e-01
   3.0417798e-02   6.1846154e-01
   3.0453971e-02   6.2153846e-01
   3.0461965e-02   6.2461538e-01
   3.0773193e-02   6.2769231e-01
   3.0951787e-02   6.3076923e-01
   3.1112143e-02   6.3384615e-01
   3.1164230e-02   6.3692308e-01
   3.1406402e-02   6.4000000e-01
   3.1660866e-02   6.4307692e-01
   3.1720338e-02   6.4615385e-01
   3.1993275e-02   6.4923077e-01
   3.2046723e-02   6.5230769e-01
   3.2174383e-02   6.5538462e-01
   3.2830543e-02   6.5846154e-01
   3.2848414e-02   6.6153846e-01
   3.3020063e-02   6.6461538e-01
   3.3199044e-02   6.6769231e-01
   3.3962975e-02   6.7076923e-01
   3.4058878e-02   6.7384615e-01
   3.4413821e-02   6.7692308e-01
   3.4439764e-02   6.8000000e-01
   3.4631184e-02   6.8307692e-01
   3.4679362e-02   6.8615385e-01
   3.4825030e-02   6.8923077e-01
   3.5035802e-02   6.9230769e-01
   3.5043453e-02   6.9538462e-01
   3.5576715e-02   6.9846154e-01
   3.6238676e-02   7.0153846e-01
   3.6471478e-02   7.0461538e-01
   3.6553838e-02   7.1076923e-01
   3.6913554e-02   7.1384615e-01
   3.7283636e-02   7.1692308e-01
   3.7968200e-02   7.2000000e-01
   3.8742934e-02   7.2307692e-01
   4.0290519e-02   7.2615385e-01
   4.0366217e-02   7.2923077e-01
   4.0389585e-02   7.3230769e-01
   4.0684517e-02   7.3538462e-01
   4.0756041e-02   7.3846154e-01
   4.1494986e-02   7.4153846e-01
   4.2141137e-02   7.4461538e-01
   4.2329603e-02   7.4769231e-01
   4.2332569e-02   7.5076923e-01
   4.2819490e-02   7.5384615e-01
   4.2863938e-02   7.5692308e-01
   4.3680434e-02   7.6000000e-01
   4.3736401e-02   7.6615385e-01
   4.3790622e-02   7.6923077e-01
   4.4255871e-02   7.7230769e-01
   4.4625193e-02   7.7538462e-01
   4.8704606e-02   7.7846154e-01
   4.9162364e-02   7.8153846e-01
   5.2092169e-02   7.8461538e-01
   5.2388268e-02   7.8769231e-01
   5.2472789e-02   7.9076923e-01
   5.2482687e-02   7.9384615e-01
   5.3302995e-02   7.9692308e-01
   5.3618885e-02   8.0000000e-01
   5.4881079e-02   8.0307692e-01
   5.6052575e-02   8.0615385e-01
   5.8226590e-02   8.0923077e-01
   5.9314891e-02   8.1230769e-01
   5.9626202e-02   8.1538462e-01
   6.0087365e-02   8.1846154e-01
   6.1639161e-02   8.2153846e-01
   6.3834966e-02   8.2461538e-01
   6.3934016e-02   8.2769231e-01
   6.4108325e-02   8.3076923e-01
   6.4858254e-02   8.3384615e-01
   6.5493380e-02   8.3692308e-01
   6.5760006e-02   8.4000000e-01
   6.6167828e-02   8.4307692e-01
   6.8037029e-02   8.4615385e-01
   6.8273288e-02   8.4923077e-01
   7.1790793e-02   8.5230769e-01
   7.8397864e-02   8.5538462e-01
   7.8398488e-02   8.5846154e-01
   7.8516004e-02   8.6153846e-01
   8.1347798e-02   8.6461538e-01
   8.2439141e-02   8.6769231e-01
   8.3098416e-02   8.7076923e-01
   8.3829046e-02   8.7384615e-01
   8.4816490e-02   8.7692308e-01
   8.5509311e-02   8.8000000e-01
   8.6100282e-02   8.8307692e-01
   8.8563363e-02   8.8615385e-01
   9.0538540e-02   8.8923077e-01
   9.1446669e-02   8.9230769e-01
   9.1746238e-02   8.9538462e-01
   9.1989648e-02   8.9846154e-01
   9.4985953e-02   9.0153846e-01
   9.7743437e-02   9.0461538e-01
   9.9250677e-02   9.0769231e-01
   9.9330315e-02   9.1076923e-01
   9.9349979e-02   9.1384615e-01
   9.9668369e-02   9.1692308e-01
   1.0023635e-01   9.2000000e-01
   1.0202732e-01   9.2307692e-01
   1.0495814e-01   9.2615385e-01
   1.0911489e-01   9.2923077e-01
   1.1331472e-01   9.3230769e-01
   1.1351692e-01   9.3538462e-01
   1.1859697e-01   9.3846154e-01
   1.2034039e-01   9.4153846e-01
   1.2881675e-01   9.4461538e-01
   1.3137640e-01   9.4769231e-01
   1.3414777e-01   9.5076923e-01
   1.4092225e-01   9.5384615e-01
   1.4472400e-01   9.5692308e-01
   1.4606264e-01   9.6000000e-01
   1.5201112e-01   9.6307692e-01
   1.9431500e-01   9.6615385e-01
   2.0024150e-01   9.6923077e-01
   2.0963342e-01   9.7230769e-01
   2.2055514e-01   9.7538462e-01
   2.4281425e-01   9.7846154e-01
   2.5311392e-01   9.8153846e-01
   2.6171920e-01   9.8461538e-01
   2.7591756e-01   9.8769231e-01
   2.8447663e-01   9.9076923e-01
   3.0279770e-01   9.9384615e-01
   3.4984213e-01   9.9692308e-01
   3.5190568e-01   1.0000000e+00
