   5.3196650e-03   0.0000000e+00
   5.3196650e-03   2.1881838e-03
   6.6289283e-03   4.3763676e-03
   7.0011702e-03   6.5645514e-03
   7.0692037e-03   8.7527352e-03
   7.1553260e-03   1.0940919e-02
   7.3272359e-03   1.3129103e-02
   7.4032546e-03   1.5317287e-02
   7.9762069e-03   1.7505470e-02
   8.0762615e-03   1.9693654e-02
   8.1000796e-03   2.4070022e-02
   8.4730095e-03   2.6258206e-02
   8.9819897e-03   2.8446389e-02
   9.0393803e-03   3.0634573e-02
   9.1119708e-03   3.2822757e-02
   9.3188705e-03   3.5010941e-02
   9.4983642e-03   3.7199125e-02
   9.5522420e-03   4.1575492e-02
   9.8181146e-03   4.3763676e-02
   9.9718699e-03   4.8140044e-02
   1.0011773e-02   5.2516411e-02
   1.0320782e-02   5.4704595e-02
   1.0392941e-02   5.6892779e-02
   1.0604303e-02   6.1269147e-02
   1.0639146e-02   6.3457330e-02
   1.0666241e-02   6.5645514e-02
   1.0682845e-02   7.0021882e-02
   1.0762606e-02   7.2210066e-02
   1.0982261e-02   7.6586433e-02
   1.0990854e-02   7.8774617e-02
   1.1265980e-02   8.0962801e-02
   1.1274428e-02   8.3150985e-02
   1.1516049e-02   8.5339168e-02
   1.1567827e-02   8.7527352e-02
   1.1631640e-02   9.1903720e-02
   1.1774988e-02   9.4091904e-02
   1.1836281e-02   9.6280088e-02
   1.1975974e-02   9.8468271e-02
   1.2027145e-02   1.0065646e-01
   1.2158573e-02   1.0503282e-01
   1.2239287e-02   1.0940919e-01
   1.2298147e-02   1.1378556e-01
   1.2332522e-02   1.1816193e-01
   1.2402844e-02   1.2253829e-01
   1.2418391e-02   1.2472648e-01
   1.2645205e-02   1.2691466e-01
   1.2699190e-02   1.3129103e-01
   1.2788008e-02   1.3347921e-01
   1.2911342e-02   1.3566740e-01
   1.2994217e-02   1.3785558e-01
   1.3068214e-02   1.4004376e-01
   1.3271944e-02   1.4223195e-01
   1.3371331e-02   1.4442013e-01
   1.3583491e-02   1.4660832e-01
   1.3633620e-02   1.4879650e-01
   1.3696327e-02   1.5317287e-01
   1.3984927e-02   1.5536105e-01
   1.4043555e-02   1.5754923e-01
   1.4255720e-02   1.5973742e-01
   1.4586411e-02   1.6192560e-01
   1.4624390e-02   1.6411379e-01
   1.4664384e-02   1.6630197e-01
   1.4812028e-02   1.6849015e-01
   1.5016815e-02   1.7067834e-01
   1.5094096e-02   1.7286652e-01
   1.5387664e-02   1.7505470e-01
   1.5639008e-02   1.7724289e-01
   1.5873727e-02   1.7943107e-01
   1.5905759e-02   1.8161926e-01
   1.5924560e-02   1.8380744e-01
   1.5950786e-02   1.8599562e-01
   1.6148141e-02   1.8818381e-01
   1.6153132e-02   1.9037199e-01
   1.6273425e-02   1.9256018e-01
   1.6284310e-02   1.9474836e-01
   1.6355102e-02   1.9693654e-01
   1.6360704e-02   1.9912473e-01
   1.6546082e-02   2.0131291e-01
   1.6592463e-02   2.0350109e-01
   1.6629916e-02   2.0568928e-01
   1.6679262e-02   2.0787746e-01
   1.6733126e-02   2.1006565e-01
   1.6826139e-02   2.1225383e-01
   1.7013011e-02   2.1444201e-01
   1.7032522e-02   2.1663020e-01
   1.7230248e-02   2.1881838e-01
   1.7350619e-02   2.2100656e-01
   1.7492715e-02   2.2319475e-01
   1.7617892e-02   2.2538293e-01
   1.7673507e-02   2.2757112e-01
   1.7879649e-02   2.2975930e-01
   1.7964527e-02   2.3194748e-01
   1.8172152e-02   2.3413567e-01
   1.8291057e-02   2.3632385e-01
   1.8356443e-02   2.3851204e-01
   1.8376418e-02   2.4070022e-01
   1.8458548e-02   2.4288840e-01
   1.8610609e-02   2.4507659e-01
   1.8639841e-02   2.4726477e-01
   1.8787089e-02   2.4945295e-01
   1.8845768e-02   2.5164114e-01
   1.8848172e-02   2.5382932e-01
   1.8940773e-02   2.5601751e-01
   1.9048479e-02   2.5820569e-01
   1.9132053e-02   2.6039387e-01
   1.9222407e-02   2.6477024e-01
   1.9275181e-02   2.6695842e-01
   1.9296866e-02   2.6914661e-01
   1.9423942e-02   2.7133479e-01
   1.9441254e-02   2.7352298e-01
   1.9512028e-02   2.7571116e-01
   1.9518632e-02   2.8227571e-01
   1.9658969e-02   2.8446389e-01
   1.9775902e-02   2.8665208e-01
   2.0138194e-02   2.8884026e-01
   2.0191781e-02   2.9321663e-01
   2.0330228e-02   2.9540481e-01
   2.0547727e-02   2.9759300e-01
   2.0787922e-02   2.9978118e-01
   2.0866083e-02   3.0196937e-01
   2.0936980e-02   3.0415755e-01
   2.0959246e-02   3.0634573e-01
   2.1001072e-02   3.0853392e-01
   2.1150278e-02   3.1072210e-01
   2.1266306e-02   3.1291028e-01
   2.1279147e-02   3.1509847e-01
   2.1603257e-02   3.1728665e-01
   2.1627511e-02   3.1947484e-01
   2.1654308e-02   3.2166302e-01
   2.1672050e-02   3.2603939e-01
   2.1698653e-02   3.2822757e-01
   2.1705572e-02   3.3041575e-01
   2.1931851e-02   3.3260394e-01
   2.1946477e-02   3.3479212e-01
   2.2056256e-02   3.3698031e-01
   2.2099384e-02   3.3916849e-01
   2.2210892e-02   3.4135667e-01
   2.2270007e-02   3.4354486e-01
   2.2278166e-02   3.4573304e-01
   2.2312980e-02   3.4792123e-01
   2.2410258e-02   3.5010941e-01
   2.2462682e-02   3.5229759e-01
   2.2618047e-02   3.5448578e-01
   2.2710406e-02   3.5667396e-01
   2.2937123e-02   3.5886214e-01
   2.2999712e-02   3.6105033e-01
   2.3089729e-02   3.6323851e-01
   2.3275878e-02   3.6542670e-01
   2.3286563e-02   3.6761488e-01
   2.3549711e-02   3.6980306e-01
   2.3600649e-02   3.7199125e-01
   2.3666629e-02   3.7417943e-01
   2.3754487e-02   3.7636761e-01
   2.3807085e-02   3.7855580e-01
   2.3948815e-02   3.8074398e-01
   2.4084632e-02   3.8293217e-01
   2.4132329e-02   3.8512035e-01
   2.4229912e-02   3.8730853e-01
   2.4299144e-02   3.8949672e-01
   2.4305702e-02   3.9168490e-01
   2.4326873e-02   3.9387309e-01
   2.4345807e-02   3.9606127e-01
   2.4377000e-02   3.9824945e-01
   2.4479060e-02   4.0043764e-01
   2.4515042e-02   4.0262582e-01
   2.4554786e-02   4.0481400e-01
   2.4676923e-02   4.0700219e-01
   2.4925207e-02   4.0919037e-01
   2.4975722e-02   4.1137856e-01
   2.5263855e-02   4.1356674e-01
   2.5290678e-02   4.1575492e-01
   2.5437452e-02   4.1794311e-01
   2.5478465e-02   4.2013129e-01
   2.5559602e-02   4.2231947e-01
   2.5604070e-02   4.2450766e-01
   2.5609212e-02   4.2669584e-01
   2.5625228e-02   4.2888403e-01
   2.5850847e-02   4.3107221e-01
   2.5919149e-02   4.3326039e-01
   2.6066572e-02   4.3544858e-01
   2.6122779e-02   4.3763676e-01
   2.6265064e-02   4.3982495e-01
   2.6318833e-02   4.4420131e-01
   2.6363614e-02   4.4638950e-01
   2.6407323e-02   4.4857768e-01
   2.6607783e-02   4.5076586e-01
   2.6640704e-02   4.5295405e-01
   2.6644513e-02   4.5514223e-01
   2.6678004e-02   4.5733042e-01
   2.6748736e-02   4.5951860e-01
   2.6763415e-02   4.6170678e-01
   2.6952457e-02   4.6389497e-01
   2.7301282e-02   4.6608315e-01
   2.7314163e-02   4.6827133e-01
   2.7369891e-02   4.7045952e-01
   2.7589485e-02   4.7264770e-01
   2.7615453e-02   4.7702407e-01
   2.7616943e-02   4.7921225e-01
   2.7934785e-02   4.8140044e-01
   2.7969280e-02   4.8358862e-01
   2.8019901e-02   4.8577681e-01
   2.8093260e-02   4.8796499e-01
   2.8284618e-02   4.9015317e-01
   2.8327941e-02   4.9234136e-01
   2.8359544e-02   4.9452954e-01
   2.8781738e-02   4.9671772e-01
   2.9237112e-02   4.9890591e-01
   2.9249377e-02   5.0109409e-01
   2.9313608e-02   5.0328228e-01
   2.9328126e-02   5.0547046e-01
   2.9333147e-02   5.0765864e-01
   2.9431740e-02   5.0984683e-01
   2.9522954e-02   5.1203501e-01
   2.9575912e-02   5.1422319e-01
   2.9590355e-02   5.1641138e-01
   3.0006109e-02   5.1859956e-01
   3.0104085e-02   5.2078775e-01
   3.0491726e-02   5.2297593e-01
   3.0571578e-02   5.2516411e-01
   3.0800233e-02   5.2735230e-01
   3.0960160e-02   5.2954048e-01
   3.1236945e-02   5.3172867e-01
   3.1245327e-02   5.3391685e-01
   3.1250241e-02   5.3610503e-01
   3.1343380e-02   5.3829322e-01
   3.1352142e-02   5.4048140e-01
   3.1352310e-02   5.4266958e-01
   3.1368515e-02   5.4485777e-01
   3.1536977e-02   5.4704595e-01
   3.1589276e-02   5.4923414e-01
   3.1633776e-02   5.5142232e-01
   3.1825983e-02   5.5361050e-01
   3.1914083e-02   5.5579869e-01
   3.1947865e-02   5.5798687e-01
   3.2015041e-02   5.6017505e-01
   3.2145059e-02   5.6236324e-01
   3.2255910e-02   5.6455142e-01
   3.2279146e-02   5.6673961e-01
   3.2337146e-02   5.6892779e-01
   3.2499265e-02   5.7330416e-01
   3.2591875e-02   5.7549234e-01
   3.2686276e-02   5.7768053e-01
   3.2973134e-02   5.7986871e-01
   3.3171430e-02   5.8205689e-01
   3.3229487e-02   5.8424508e-01
   3.3466251e-02   5.8643326e-01
   3.3490439e-02   5.8862144e-01
   3.3603439e-02   5.9080963e-01
   3.3652796e-02   5.9299781e-01
   3.3811054e-02   5.9518600e-01
   3.3926933e-02   5.9737418e-01
   3.3928726e-02   5.9956236e-01
   3.4439034e-02   6.0175055e-01
   3.4590504e-02   6.0393873e-01
   3.4610278e-02   6.0612691e-01
   3.5139610e-02   6.0831510e-01
   3.5348102e-02   6.1050328e-01
   3.5374264e-02   6.1269147e-01
   3.6191864e-02   6.1487965e-01
   3.6555811e-02   6.1706783e-01
   3.6585158e-02   6.1925602e-01
   3.6629820e-02   6.2144420e-01
   3.6815680e-02   6.2363239e-01
   3.6919393e-02   6.2582057e-01
   3.6984905e-02   6.2800875e-01
   3.7026486e-02   6.3019694e-01
   3.7126721e-02   6.3238512e-01
   3.7207937e-02   6.3457330e-01
   3.7321717e-02   6.3676149e-01
   3.7360246e-02   6.3894967e-01
   3.7590069e-02   6.4113786e-01
   3.7626114e-02   6.4332604e-01
   3.7696808e-02   6.4551422e-01
   3.7809741e-02   6.4770241e-01
   3.7934979e-02   6.4989059e-01
   3.8221054e-02   6.5207877e-01
   3.8329590e-02   6.5426696e-01
   3.8470290e-02   6.5645514e-01
   3.8476950e-02   6.5864333e-01
   3.8546289e-02   6.6083151e-01
   3.8713621e-02   6.6301969e-01
   3.8755060e-02   6.6520788e-01
   3.8847344e-02   6.6739606e-01
   3.8907308e-02   6.6958425e-01
   3.9336431e-02   6.7396061e-01
   3.9402113e-02   6.7614880e-01
   3.9550118e-02   6.7833698e-01
   3.9815693e-02   6.8052516e-01
   4.0113993e-02   6.8271335e-01
   4.0122026e-02   6.8490153e-01
   4.0282317e-02   6.8708972e-01
   4.0383044e-02   6.8927790e-01
   4.0570810e-02   6.9146608e-01
   4.0660456e-02   6.9365427e-01
   4.0765189e-02   6.9584245e-01
   4.0774005e-02   6.9803063e-01
   4.0880836e-02   7.0021882e-01
   4.0966413e-02   7.0240700e-01
   4.1023223e-02   7.0459519e-01
   4.1105655e-02   7.0678337e-01
   4.1245296e-02   7.0897155e-01
   4.1296896e-02   7.1115974e-01
   4.1389143e-02   7.1334792e-01
   4.1529070e-02   7.1553611e-01
   4.1564438e-02   7.1772429e-01
   4.1589142e-02   7.1991247e-01
   4.1729666e-02   7.2210066e-01
   4.1816009e-02   7.2428884e-01
   4.1916145e-02   7.2647702e-01
   4.1976774e-02   7.2866521e-01
   4.2236030e-02   7.3085339e-01
   4.2557703e-02   7.3304158e-01
   4.3321098e-02   7.3522976e-01
   4.3440703e-02   7.3741794e-01
   4.3582287e-02   7.3960613e-01
   4.3667968e-02   7.4179431e-01
   4.3873766e-02   7.4398249e-01
   4.4195716e-02   7.4617068e-01
   4.4446858e-02   7.4835886e-01
   4.4532959e-02   7.5054705e-01
   4.4592923e-02   7.5273523e-01
   4.4869311e-02   7.5492341e-01
   4.4901447e-02   7.5711160e-01
   4.5077735e-02   7.5929978e-01
   4.5419681e-02   7.6148796e-01
   4.5433047e-02   7.6367615e-01
   4.5591492e-02   7.6586433e-01
   4.5598318e-02   7.6805252e-01
   4.5794111e-02   7.7024070e-01
   4.6220339e-02   7.7242888e-01
   4.6249552e-02   7.7461707e-01
   4.6403436e-02   7.7680525e-01
   4.6462712e-02   7.7899344e-01
   4.6744336e-02   7.8118162e-01
   4.6866298e-02   7.8336980e-01
   4.7296895e-02   7.8555799e-01
   4.8018244e-02   7.8774617e-01
   4.8633859e-02   7.8993435e-01
   4.8683667e-02   7.9212254e-01
   4.8968819e-02   7.9649891e-01
   4.9152169e-02   7.9868709e-01
   4.9691764e-02   8.0087527e-01
   5.0075668e-02   8.0306346e-01
   5.0094000e-02   8.0525164e-01
   5.0233940e-02   8.0743982e-01
   5.1114749e-02   8.0962801e-01
   5.1508008e-02   8.1181619e-01
   5.1657988e-02   8.1400438e-01
   5.2011772e-02   8.1619256e-01
   5.2282484e-02   8.1838074e-01
   5.2367138e-02   8.2275711e-01
   5.3121020e-02   8.2494530e-01
   5.3259277e-02   8.2713348e-01
   5.4121135e-02   8.2932166e-01
   5.4451134e-02   8.3150985e-01
   5.4457269e-02   8.3369803e-01
   5.4787155e-02   8.3588621e-01
   5.4951405e-02   8.3807440e-01
   5.5837225e-02   8.4026258e-01
   5.6293109e-02   8.4245077e-01
   5.6556016e-02   8.4463895e-01
   5.7028589e-02   8.4682713e-01
   5.7055419e-02   8.4901532e-01
   5.7078111e-02   8.5120350e-01
   5.7278660e-02   8.5339168e-01
   5.8453371e-02   8.5557987e-01
   5.8516646e-02   8.5776805e-01
   5.8943318e-02   8.5995624e-01
   5.9027822e-02   8.6214442e-01
   5.9495580e-02   8.6433260e-01
   5.9543080e-02   8.6652079e-01
   5.9649245e-02   8.6870897e-01
   6.0292341e-02   8.7089716e-01
   6.0406475e-02   8.7308534e-01
   6.1225075e-02   8.7527352e-01
   6.1638944e-02   8.7746171e-01
   6.2658595e-02   8.7964989e-01
   6.2910371e-02   8.8183807e-01
   6.3273942e-02   8.8402626e-01
   6.4613565e-02   8.8621444e-01
   6.4653598e-02   8.8840263e-01
   6.4989443e-02   8.9059081e-01
   6.5177829e-02   8.9277899e-01
   6.6767008e-02   8.9496718e-01
   6.6841575e-02   8.9715536e-01
   6.7022499e-02   8.9934354e-01
   6.7127004e-02   9.0153173e-01
   6.7867768e-02   9.0371991e-01
   6.7875919e-02   9.0590810e-01
   6.8817418e-02   9.0809628e-01
   6.9117788e-02   9.1028446e-01
   6.9531116e-02   9.1247265e-01
   6.9643761e-02   9.1466083e-01
   7.0699582e-02   9.1684902e-01
   7.0744807e-02   9.1903720e-01
   7.1417447e-02   9.2122538e-01
   7.2511191e-02   9.2341357e-01
   7.3551573e-02   9.2560175e-01
   7.4096108e-02   9.2778993e-01
   7.4656967e-02   9.2997812e-01
   7.4818616e-02   9.3216630e-01
   7.5297721e-02   9.3435449e-01
   7.5996327e-02   9.3654267e-01
   7.6875358e-02   9.3873085e-01
   7.6911608e-02   9.4091904e-01
   7.7619373e-02   9.4310722e-01
   7.7995761e-02   9.4529540e-01
   7.8421923e-02   9.4748359e-01
   7.9519082e-02   9.4967177e-01
   8.0137935e-02   9.5185996e-01
   8.2405209e-02   9.5404814e-01
   8.4915558e-02   9.5623632e-01
   8.6823848e-02   9.6061269e-01
   8.9570155e-02   9.6280088e-01
   9.2067525e-02   9.6498906e-01
   9.4327952e-02   9.6717724e-01
   9.6064772e-02   9.6936543e-01
   9.6273597e-02   9.7155361e-01
   9.6444831e-02   9.7374179e-01
   1.0007313e-01   9.7592998e-01
   1.0670140e-01   9.7811816e-01
   1.0691097e-01   9.8030635e-01
   1.0729708e-01   9.8249453e-01
   1.0733908e-01   9.8468271e-01
   1.0799722e-01   9.8687090e-01
   1.1690070e-01   9.8905908e-01
   1.1978510e-01   9.9124726e-01
   1.1995309e-01   9.9343545e-01
   1.2548299e-01   9.9562363e-01
   1.4517549e-01   9.9781182e-01
   1.7970812e-01   1.0000000e+00
