   4.4304000e-03   0.0000000e+00
   4.4304000e-03   5.7142857e-03
   5.0632000e-03   1.1428571e-02
   5.3800000e-03   1.7142857e-02
   5.6960000e-03   2.2857143e-02
   6.0128000e-03   2.5714286e-02
   6.3288000e-03   2.8571429e-02
   6.9624000e-03   3.7142857e-02
   7.2784000e-03   4.5714286e-02
   7.5952000e-03   5.1428571e-02
   7.9112000e-03   5.7142857e-02
   8.2280000e-03   6.5714286e-02
   8.5440000e-03   8.0000000e-02
   8.8608000e-03   1.0571429e-01
   9.1776000e-03   1.1142857e-01
   9.8104000e-03   1.1714286e-01
   1.0126400e-02   1.4571429e-01
   1.0443200e-02   1.4857143e-01
   1.0759200e-02   1.6285714e-01
   1.1076000e-02   1.7428571e-01
   1.1392000e-02   1.9428571e-01
   1.1708800e-02   1.9714286e-01
   1.2025600e-02   2.0000000e-01
   1.2341600e-02   2.0285714e-01
   1.2658400e-02   2.0571429e-01
   1.2974400e-02   2.1428571e-01
   1.3291200e-02   2.2285714e-01
   1.3608000e-02   2.4285714e-01
   1.3924000e-02   2.4857143e-01
   1.4240800e-02   2.5428571e-01
   1.4873600e-02   2.6571429e-01
   1.5189600e-02   2.8857143e-01
   1.5823200e-02   2.9142857e-01
   1.6139200e-02   3.0285714e-01
   1.6456000e-02   3.1142857e-01
   1.6772000e-02   3.1428571e-01
   1.7088800e-02   3.2000000e-01
   1.7404800e-02   3.3142857e-01
   1.7721600e-02   3.4000000e-01
   1.8038400e-02   3.5142857e-01
   1.8354400e-02   3.6857143e-01
   1.8671200e-02   3.9714286e-01
   1.8987200e-02   4.0285714e-01
   1.9304000e-02   4.1714286e-01
   1.9620000e-02   4.2000000e-01
   1.9936800e-02   4.3428571e-01
   2.0252800e-02   4.4000000e-01
   2.1202400e-02   4.6000000e-01
   2.1835200e-02   4.6285714e-01
   2.2468000e-02   4.7142857e-01
   2.2784800e-02   4.7428571e-01
   2.3101600e-02   4.9428571e-01
   2.3417600e-02   5.0000000e-01
   2.3734400e-02   5.1714286e-01
   2.4050400e-02   5.2000000e-01
   2.4367200e-02   5.2571429e-01
   2.5000000e-02   5.3428571e-01
   2.5632800e-02   5.4000000e-01
   2.5949600e-02   5.4571429e-01
   2.6265600e-02   5.5428571e-01
   2.6582400e-02   5.6000000e-01
   2.6898400e-02   5.6857143e-01
   2.7215200e-02   5.7142857e-01
   2.7532000e-02   5.7428571e-01
   2.8164800e-02   5.8000000e-01
   2.8480800e-02   5.8285714e-01
   2.9430400e-02   5.9428571e-01
   2.9747200e-02   5.9714286e-01
   3.0063200e-02   6.0571429e-01
   3.0696000e-02   6.1714286e-01
   3.1012800e-02   6.2000000e-01
   3.1328800e-02   6.2857143e-01
   3.1962400e-02   6.3142857e-01
   3.2278400e-02   6.3428571e-01
   3.2595200e-02   6.4571429e-01
   3.3228000e-02   6.5428571e-01
   3.3544000e-02   6.6000000e-01
   3.3860800e-02   6.8000000e-01
   3.4493600e-02   6.8571429e-01
   3.4810400e-02   6.8857143e-01
   3.5126400e-02   7.0857143e-01
   3.5443200e-02   7.1142857e-01
   3.5759200e-02   7.1714286e-01
   3.6076000e-02   7.2285714e-01
   3.6392800e-02   7.2571429e-01
   3.6708800e-02   7.3142857e-01
   3.7025600e-02   7.3714286e-01
   3.7341600e-02   7.4285714e-01
   3.7974400e-02   7.5142857e-01
   3.8924000e-02   7.6285714e-01
   3.9240800e-02   7.6857143e-01
   3.9556800e-02   7.7714286e-01
   3.9873600e-02   7.8285714e-01
   4.0189600e-02   7.8857143e-01
   4.0506400e-02   7.9142857e-01
   4.1139200e-02   7.9714286e-01
   4.1772000e-02   8.0571429e-01
   4.2088800e-02   8.1142857e-01
   4.2404800e-02   8.2000000e-01
   4.3354400e-02   8.2285714e-01
   4.3671200e-02   8.2857143e-01
   4.4936800e-02   8.3428571e-01
   4.6202400e-02   8.4000000e-01
   4.6835200e-02   8.4285714e-01
   4.7152000e-02   8.4571429e-01
   4.7784800e-02   8.4857143e-01
   4.8101600e-02   8.5428571e-01
   4.9367200e-02   8.6857143e-01
   4.9683200e-02   8.7142857e-01
   5.0000000e-02   8.7714286e-01
   5.1265600e-02   8.8571429e-01
   5.1898400e-02   8.8857143e-01
   5.2215200e-02   8.9142857e-01
   5.2532000e-02   8.9428571e-01
   5.3164800e-02   8.9714286e-01
   5.3480800e-02   9.0285714e-01
   5.3797600e-02   9.0857143e-01
   5.5063200e-02   9.1142857e-01
   5.5696000e-02   9.1428571e-01
   5.6645600e-02   9.1714286e-01
   5.7278400e-02   9.2000000e-01
   5.8860800e-02   9.2571429e-01
   5.9810400e-02   9.2857143e-01
   6.2341600e-02   9.3142857e-01
   6.3291200e-02   9.3428571e-01
   6.3607200e-02   9.4000000e-01
   6.4556800e-02   9.4285714e-01
   6.4873600e-02   9.4571429e-01
   6.5506400e-02   9.4857143e-01
   6.5823200e-02   9.5142857e-01
   6.6139200e-02   9.5428571e-01
   6.6772000e-02   9.6000000e-01
   6.8037600e-02   9.6285714e-01
   6.8987200e-02   9.6571429e-01
   6.9936800e-02   9.6857143e-01
   8.3544000e-02   9.7142857e-01
   8.3860800e-02   9.7428571e-01
   8.5443200e-02   9.7714286e-01
   8.7341600e-02   9.8285714e-01
   9.3671200e-02   9.8571429e-01
   1.0221520e-01   9.8857143e-01
   1.0949360e-01   9.9142857e-01
   1.1487360e-01   9.9428571e-01
   1.2626560e-01   9.9714286e-01
   1.5443040e-01   1.0000000e+00
