   3.8792000e-03   0.0000000e+00
   3.8792000e-03   6.9444444e-03
   4.3104000e-03   2.7777778e-02
   4.7416000e-03   4.8611111e-02
   5.1728000e-03   6.9444444e-02
   5.6032000e-03   1.1111111e-01
   6.0344000e-03   1.2500000e-01
   6.4656000e-03   1.3888889e-01
   6.8968000e-03   1.9444444e-01
   7.3272000e-03   2.2222222e-01
   7.7584000e-03   2.5000000e-01
   8.1896000e-03   2.7777778e-01
   8.6208000e-03   2.9861111e-01
   9.0520000e-03   3.1250000e-01
   9.4824000e-03   3.2638889e-01
   9.9136000e-03   3.4722222e-01
   1.0344800e-02   3.6111111e-01
   1.0776000e-02   3.8194444e-01
   1.1207200e-02   4.0277778e-01
   1.1637600e-02   4.3055556e-01
   1.2068800e-02   4.3750000e-01
   1.2500000e-02   4.5138889e-01
   1.2931200e-02   4.7222222e-01
   1.3362400e-02   4.8611111e-01
   1.4224000e-02   5.0694444e-01
   1.4655200e-02   5.1388889e-01
   1.5086400e-02   5.2083333e-01
   1.5517600e-02   5.3472222e-01
   1.7241600e-02   5.6250000e-01
   1.8103200e-02   5.6944444e-01
   1.9396800e-02   5.8333333e-01
   1.9828000e-02   5.9027778e-01
   2.0258400e-02   6.0416667e-01
   2.1120800e-02   6.1111111e-01
   2.1982400e-02   6.2500000e-01
   2.2413600e-02   6.3888889e-01
   2.3276000e-02   6.4583333e-01
   2.4137600e-02   6.5277778e-01
   2.5431200e-02   6.5972222e-01
   2.6724000e-02   6.6666667e-01
   2.7155200e-02   6.7361111e-01
   2.8448000e-02   6.8055556e-01
   2.8879200e-02   6.8750000e-01
   2.9310400e-02   6.9444444e-01
   2.9741600e-02   7.0138889e-01
   3.1465600e-02   7.0833333e-01
   3.3189600e-02   7.1527778e-01
   3.4482400e-02   7.2916667e-01
   3.7068800e-02   7.3611111e-01
   4.0086400e-02   7.4305556e-01
   4.7413600e-02   7.5694444e-01
   4.8707200e-02   7.6388889e-01
   5.0431200e-02   7.7083333e-01
   5.5172000e-02   7.7777778e-01
   5.6465600e-02   7.8472222e-01
   5.8189600e-02   7.9166667e-01
   5.9482400e-02   7.9861111e-01
   6.5948000e-02   8.0555556e-01
   6.8965600e-02   8.1250000e-01
   7.2844800e-02   8.1944444e-01
   7.5862400e-02   8.2638889e-01
   7.6292800e-02   8.3333333e-01
   8.0603200e-02   8.4027778e-01
   8.3189600e-02   8.4722222e-01
   8.4913600e-02   8.5416667e-01
   8.7931200e-02   8.6111111e-01
   9.0517600e-02   8.6805556e-01
   1.0344800e-01   8.7500000e-01
   1.0603440e-01   8.8194444e-01
   1.1120720e-01   8.8888889e-01
   1.1206880e-01   8.9583333e-01
   1.1336240e-01   9.0277778e-01
   1.1594800e-01   9.0972222e-01
   1.1681040e-01   9.1666667e-01
   1.1724160e-01   9.2361111e-01
   1.3146560e-01   9.3055556e-01
   1.4094800e-01   9.3750000e-01
   1.6422400e-01   9.4444444e-01
   1.7370720e-01   9.5138889e-01
   1.7801760e-01   9.5833333e-01
   1.9137920e-01   9.6527778e-01
   1.9181040e-01   9.7222222e-01
   1.9396560e-01   9.7916667e-01
   2.1939680e-01   9.8611111e-01
   2.3620720e-01   9.9305556e-01
   2.4310320e-01   1.0000000e+00
