   3.3536000e-03   0.0000000e+00
   3.3536000e-03   3.1347962e-03
   3.8320000e-03   9.4043887e-03
   4.3112000e-03   1.5673981e-02
   4.7904000e-03   3.0303030e-02
   5.2696000e-03   4.9111808e-02
   5.7488000e-03   6.3740857e-02
   6.2272000e-03   9.4043887e-02
   6.7064000e-03   1.1912226e-01
   7.1856000e-03   1.5464995e-01
   7.6648000e-03   1.8390805e-01
   8.1440000e-03   2.0062696e-01
   8.6224000e-03   2.2884013e-01
   9.1016000e-03   2.6332288e-01
   9.5808000e-03   2.8735632e-01
   1.0060000e-02   3.0616510e-01
   1.0539200e-02   3.3960293e-01
   1.1018400e-02   3.6154650e-01
   1.1496800e-02   3.8140021e-01
   1.1976000e-02   4.0752351e-01
   1.2455200e-02   4.2633229e-01
   1.2934400e-02   4.4932079e-01
   1.3413600e-02   4.7021944e-01
   1.3892000e-02   4.8484848e-01
   1.4371200e-02   5.0156740e-01
   1.4850400e-02   5.1933124e-01
   1.5329600e-02   5.4440961e-01
   1.5808800e-02   5.6217346e-01
   1.6287200e-02   5.7366771e-01
   1.6766400e-02   5.8829676e-01
   1.7245600e-02   5.9561129e-01
   1.7724800e-02   6.0501567e-01
   1.8204000e-02   6.1024033e-01
   1.8682400e-02   6.1964472e-01
   1.9161600e-02   6.3009404e-01
   1.9640800e-02   6.4367816e-01
   2.0120000e-02   6.5621735e-01
   2.0599200e-02   6.6248694e-01
   2.1077600e-02   6.7816092e-01
   2.1556800e-02   6.8547544e-01
   2.2036000e-02   6.9070010e-01
   2.2515200e-02   7.0532915e-01
   2.2994400e-02   7.1264368e-01
   2.3472800e-02   7.1891327e-01
   2.3952000e-02   7.2727273e-01
   2.4431200e-02   7.3667712e-01
   2.4910400e-02   7.4399164e-01
   2.5389600e-02   7.5444096e-01
   2.5868000e-02   7.6489028e-01
   2.6347200e-02   7.7324974e-01
   2.6826400e-02   7.7533960e-01
   2.7305600e-02   7.8265413e-01
   2.7784000e-02   7.8892372e-01
   2.8263200e-02   7.9519331e-01
   2.8742400e-02   8.0355277e-01
   2.9221600e-02   8.0982236e-01
   2.9700800e-02   8.1504702e-01
   3.0180000e-02   8.1818182e-01
   3.0658400e-02   8.1922675e-01
   3.1137600e-02   8.2863114e-01
   3.1616800e-02   8.4221526e-01
   3.2096000e-02   8.4326019e-01
   3.2575200e-02   8.4535005e-01
   3.3053600e-02   8.5057471e-01
   3.3532800e-02   8.5266458e-01
   3.4012000e-02   8.5475444e-01
   3.4491200e-02   8.5893417e-01
   3.4970400e-02   8.6206897e-01
   3.5448800e-02   8.6520376e-01
   3.5928000e-02   8.6833856e-01
   3.6407200e-02   8.6938349e-01
   3.6886400e-02   8.7251829e-01
   3.7365600e-02   8.7460815e-01
   3.7844000e-02   8.7565308e-01
   3.8323200e-02   8.7774295e-01
   3.9281600e-02   8.7983281e-01
   3.9760800e-02   8.8401254e-01
   4.0239200e-02   8.8610240e-01
   4.0718400e-02   8.8819227e-01
   4.1197600e-02   8.9132706e-01
   4.1676800e-02   8.9237200e-01
   4.2634400e-02   8.9655172e-01
   4.3113600e-02   8.9759666e-01
   4.3592800e-02   9.0073145e-01
   4.4072000e-02   9.0282132e-01
   4.4551200e-02   9.0491118e-01
   4.5029600e-02   9.0909091e-01
   4.6467200e-02   9.1118077e-01
   4.6946400e-02   9.1536050e-01
   4.7424800e-02   9.1640543e-01
   4.7904000e-02   9.1849530e-01
   4.8383200e-02   9.1954023e-01
   4.8862400e-02   9.2058516e-01
   4.9341600e-02   9.2267503e-01
   5.0299200e-02   9.2371996e-01
   5.0778400e-02   9.2476489e-01
   5.1257600e-02   9.2685475e-01
   5.1736800e-02   9.2789969e-01
   5.2215200e-02   9.3103448e-01
   5.3173600e-02   9.3207941e-01
   5.3652800e-02   9.3312435e-01
   5.4132000e-02   9.3521421e-01
   5.5568800e-02   9.3625914e-01
   5.6048000e-02   9.3730408e-01
   5.6527200e-02   9.3834901e-01
   5.7006400e-02   9.4043887e-01
   5.7484800e-02   9.4357367e-01
   5.7964000e-02   9.4461860e-01
   5.9400800e-02   9.4566353e-01
   6.0838400e-02   9.4775340e-01
   6.1317600e-02   9.4984326e-01
   6.3233600e-02   9.5088819e-01
   6.4670400e-02   9.5402299e-01
   6.6587200e-02   9.5506792e-01
   6.7544800e-02   9.5611285e-01
   6.8503200e-02   9.5715778e-01
   6.8981600e-02   9.5924765e-01
   6.9460800e-02   9.6029258e-01
   7.1377600e-02   9.6133751e-01
   7.2335200e-02   9.6238245e-01
   7.3772800e-02   9.6342738e-01
   7.5209600e-02   9.6551724e-01
   7.5688800e-02   9.6865204e-01
   7.7604800e-02   9.7074190e-01
   7.8084000e-02   9.7283177e-01
   7.8563200e-02   9.7492163e-01
   7.9041600e-02   9.7596656e-01
   7.9520800e-02   9.7701149e-01
   8.0958400e-02   9.7910136e-01
   8.1436800e-02   9.8014629e-01
   8.4311200e-02   9.8119122e-01
   8.5269600e-02   9.8223615e-01
   8.6706400e-02   9.8328109e-01
   9.0060000e-02   9.8537095e-01
   9.1017600e-02   9.8641588e-01
   9.2934400e-02   9.8746082e-01
   9.4850400e-02   9.8955068e-01
   1.0155680e-01   9.9059561e-01
   1.0443120e-01   9.9164054e-01
   1.0730560e-01   9.9268548e-01
   1.0874240e-01   9.9373041e-01
   1.0970080e-01   9.9477534e-01
   1.1257520e-01   9.9582027e-01
   1.2215600e-01   9.9686520e-01
   1.2311360e-01   9.9791014e-01
   1.5664640e-01   9.9895507e-01
   1.8778480e-01   1.0000000e+00
