   2.6392000e-03   0.0000000e+00
   2.6392000e-03   1.8315018e-03
   3.7704000e-03   7.3260073e-03
   4.1472000e-03   1.4652015e-02
   4.5240000e-03   1.8315018e-02
   4.9008000e-03   2.3809524e-02
   5.2784000e-03   2.7472527e-02
   5.6552000e-03   3.6630037e-02
   6.0320000e-03   5.1282051e-02
   6.4088000e-03   6.7765568e-02
   6.7864000e-03   8.7912088e-02
   7.1632000e-03   9.7069597e-02
   7.5400000e-03   1.3553114e-01
   7.9168000e-03   1.5201465e-01
   8.2944000e-03   1.6666667e-01
   8.6712000e-03   1.9230769e-01
   9.0480000e-03   2.0329670e-01
   9.4248000e-03   2.2710623e-01
   9.8024000e-03   2.4908425e-01
   1.0179200e-02   2.7655678e-01
   1.0556000e-02   2.9670330e-01
   1.0932800e-02   3.0219780e-01
   1.1310400e-02   3.2600733e-01
   1.1687200e-02   3.3699634e-01
   1.2064000e-02   3.6080586e-01
   1.2440800e-02   3.8095238e-01
   1.2818400e-02   3.9194139e-01
   1.3195200e-02   4.1575092e-01
   1.3572000e-02   4.3772894e-01
   1.3948800e-02   4.6336996e-01
   1.4326400e-02   4.8351648e-01
   1.4703200e-02   4.9816850e-01
   1.5080000e-02   5.1465201e-01
   1.5456800e-02   5.3296703e-01
   1.5834400e-02   5.3663004e-01
   1.6211200e-02   5.6043956e-01
   1.6588000e-02   5.7509158e-01
   1.6964800e-02   5.8241758e-01
   1.7342400e-02   5.9706960e-01
   1.7719200e-02   6.1355311e-01
   1.8096000e-02   6.3553114e-01
   1.8472800e-02   6.4835165e-01
   1.8850400e-02   6.5750916e-01
   1.9227200e-02   6.6666667e-01
   1.9604000e-02   6.7399267e-01
   1.9980800e-02   6.8681319e-01
   2.0358400e-02   6.9597070e-01
   2.0735200e-02   7.0146520e-01
   2.1112000e-02   7.0879121e-01
   2.1488800e-02   7.1794872e-01
   2.1866400e-02   7.2710623e-01
   2.2243200e-02   7.2893773e-01
   2.2620000e-02   7.4358974e-01
   2.2997600e-02   7.4725275e-01
   2.3374400e-02   7.5457875e-01
   2.3751200e-02   7.6556777e-01
   2.4504800e-02   7.6923077e-01
   2.4882400e-02   7.7838828e-01
   2.5259200e-02   7.8021978e-01
   2.5636000e-02   7.8205128e-01
   2.6012800e-02   7.8571429e-01
   2.6390400e-02   7.9487179e-01
   2.6767200e-02   7.9670330e-01
   2.7144000e-02   8.0219780e-01
   2.7521600e-02   8.1684982e-01
   2.8275200e-02   8.2051282e-01
   2.9028800e-02   8.3333333e-01
   2.9406400e-02   8.3516484e-01
   2.9783200e-02   8.3699634e-01
   3.0160000e-02   8.3882784e-01
   3.0536800e-02   8.4249084e-01
   3.0914400e-02   8.4615385e-01
   3.1291200e-02   8.4981685e-01
   3.1668000e-02   8.5164835e-01
   3.2045600e-02   8.5897436e-01
   3.2422400e-02   8.6446886e-01
   3.2799200e-02   8.6630037e-01
   3.3176000e-02   8.7179487e-01
   3.3553600e-02   8.7362637e-01
   3.3930400e-02   8.7912088e-01
   3.4307200e-02   8.8095238e-01
   3.5061600e-02   8.8461538e-01
   3.5815200e-02   8.8644689e-01
   3.6192000e-02   8.9194139e-01
   3.6569600e-02   8.9377289e-01
   3.6946400e-02   8.9560440e-01
   3.7323200e-02   8.9926740e-01
   3.8831200e-02   9.0109890e-01
   3.9962400e-02   9.0293040e-01
   4.0339200e-02   9.0476190e-01
   4.0716000e-02   9.0842491e-01
   4.1093600e-02   9.1025641e-01
   4.1470400e-02   9.1391941e-01
   4.2601600e-02   9.1575092e-01
   4.2978400e-02   9.1758242e-01
   4.3732000e-02   9.1941392e-01
   4.4863200e-02   9.2307692e-01
   4.5240000e-02   9.2673993e-01
   4.6371200e-02   9.2857143e-01
   4.7125600e-02   9.3040293e-01
   4.7502400e-02   9.3406593e-01
   4.7879200e-02   9.3589744e-01
   4.8256000e-02   9.3772894e-01
   4.8633600e-02   9.4322344e-01
   4.9010400e-02   9.4688645e-01
   4.9764000e-02   9.4871795e-01
   5.0141600e-02   9.5054945e-01
   5.1272000e-02   9.5238095e-01
   5.1649600e-02   9.5421245e-01
   5.2403200e-02   9.5787546e-01
   5.3534400e-02   9.6153846e-01
   5.5419200e-02   9.6336996e-01
   5.8435200e-02   9.6520147e-01
   5.8812000e-02   9.6703297e-01
   5.9943200e-02   9.6886447e-01
   6.1074400e-02   9.7069597e-01
   6.2582400e-02   9.7252747e-01
   6.5975200e-02   9.7435897e-01
   6.8614400e-02   9.7802198e-01
   6.9368800e-02   9.7985348e-01
   7.1630400e-02   9.8168498e-01
   7.2761600e-02   9.8351648e-01
   7.5777600e-02   9.8534799e-01
   7.9924800e-02   9.8717949e-01
   8.9349600e-02   9.9084249e-01
   9.5758400e-02   9.9267399e-01
   1.0329840e-01   9.9450549e-01
   1.1988720e-01   9.9633700e-01
   1.3760640e-01   9.9816850e-01
   1.6286560e-01   1.0000000e+00
