   2.7336000e-03   0.0000000e+00
   2.7336000e-03   5.7142857e-03
   3.1888000e-03   8.5714286e-03
   3.6448000e-03   1.7142857e-02
   4.1000000e-03   2.2857143e-02
   4.5560000e-03   3.1428571e-02
   5.0112000e-03   5.4285714e-02
   5.4672000e-03   6.5714286e-02
   5.9224000e-03   8.0000000e-02
   6.3784000e-03   1.0285714e-01
   6.8336000e-03   1.2285714e-01
   7.2896000e-03   1.4857143e-01
   7.7448000e-03   1.5714286e-01
   8.2008000e-03   1.8285714e-01
   8.6560000e-03   2.1428571e-01
   9.1120000e-03   2.3428571e-01
   9.5672000e-03   2.4000000e-01
   1.0022400e-02   2.8000000e-01
   1.0478400e-02   2.9142857e-01
   1.0933600e-02   3.2857143e-01
   1.1389600e-02   3.5428571e-01
   1.1844800e-02   3.7142857e-01
   1.2300800e-02   3.7714286e-01
   1.2756000e-02   3.9428571e-01
   1.3212000e-02   3.9714286e-01
   1.3667200e-02   4.1142857e-01
   1.4123200e-02   4.2285714e-01
   1.4578400e-02   4.3142857e-01
   1.5034400e-02   4.6000000e-01
   1.5489600e-02   4.6857143e-01
   1.5945600e-02   4.7142857e-01
   1.6400800e-02   4.8857143e-01
   1.6856800e-02   4.9428571e-01
   1.7312000e-02   5.1428571e-01
   1.7768000e-02   5.2571429e-01
   1.8223200e-02   5.3428571e-01
   1.8679200e-02   5.4571429e-01
   1.9589600e-02   5.5142857e-01
   2.0045600e-02   5.6285714e-01
   2.0500800e-02   5.7142857e-01
   2.0956800e-02   5.8285714e-01
   2.1412000e-02   5.8857143e-01
   2.1868000e-02   5.9714286e-01
   2.2323200e-02   6.1428571e-01
   2.2779200e-02   6.2571429e-01
   2.3690400e-02   6.3428571e-01
   2.4601600e-02   6.3714286e-01
   2.5056800e-02   6.4285714e-01
   2.5512800e-02   6.4571429e-01
   2.5968000e-02   6.4857143e-01
   2.6424000e-02   6.5714286e-01
   2.6879200e-02   6.6285714e-01
   2.7335200e-02   6.7142857e-01
   2.7790400e-02   6.7714286e-01
   2.8245600e-02   6.8857143e-01
   2.8701600e-02   6.9428571e-01
   2.9612800e-02   7.1142857e-01
   3.0524000e-02   7.1428571e-01
   3.0979200e-02   7.2000000e-01
   3.1435200e-02   7.3142857e-01
   3.1890400e-02   7.3714286e-01
   3.2346400e-02   7.4000000e-01
   3.3257600e-02   7.4571429e-01
   3.3712800e-02   7.5142857e-01
   3.4168800e-02   7.5428571e-01
   3.4624000e-02   7.5714286e-01
   3.5080000e-02   7.6285714e-01
   3.5535200e-02   7.6571429e-01
   3.6446400e-02   7.7142857e-01
   3.6902400e-02   7.7428571e-01
   3.7357600e-02   7.7714286e-01
   3.7813600e-02   7.8571429e-01
   3.8724000e-02   7.8857143e-01
   3.9180000e-02   7.9142857e-01
   4.0091200e-02   8.0000000e-01
   4.0546400e-02   8.0571429e-01
   4.1002400e-02   8.1428571e-01
   4.1913600e-02   8.2000000e-01
   4.2368800e-02   8.2285714e-01
   4.2824800e-02   8.2857143e-01
   4.3736000e-02   8.4000000e-01
   4.5102400e-02   8.4285714e-01
   4.6013600e-02   8.4571429e-01
   4.7380800e-02   8.4857143e-01
   4.7836000e-02   8.5142857e-01
   4.8292000e-02   8.5428571e-01
   4.8747200e-02   8.5714286e-01
   4.9202400e-02   8.6000000e-01
   5.0113600e-02   8.6285714e-01
   5.1024800e-02   8.7142857e-01
   5.1480800e-02   8.7714286e-01
   5.1936000e-02   8.8000000e-01
   5.2392000e-02   8.8285714e-01
   5.2847200e-02   8.8857143e-01
   5.3303200e-02   8.9142857e-01
   5.3758400e-02   8.9714286e-01
   5.4214400e-02   9.0285714e-01
   5.5125600e-02   9.0857143e-01
   5.8769600e-02   9.1142857e-01
   6.0136800e-02   9.1428571e-01
   6.1503200e-02   9.1714286e-01
   6.2414400e-02   9.2000000e-01
   6.4236800e-02   9.2285714e-01
   6.5148000e-02   9.2571429e-01
   6.5604000e-02   9.3428571e-01
   6.6059200e-02   9.4000000e-01
   6.8336800e-02   9.4285714e-01
   6.9704000e-02   9.4571429e-01
   7.0615200e-02   9.4857143e-01
   7.1070400e-02   9.5142857e-01
   7.3804000e-02   9.5428571e-01
   7.6537600e-02   9.5714286e-01
   7.9726400e-02   9.6000000e-01
   8.4738400e-02   9.6285714e-01
   8.6560000e-02   9.6571429e-01
   9.2027200e-02   9.6857143e-01
   9.9316800e-02   9.7142857e-01
   1.0706160e-01   9.7428571e-01
   1.1799520e-01   9.7714286e-01
   1.2391760e-01   9.8000000e-01
   1.2619600e-01   9.8285714e-01
   1.3029600e-01   9.8571429e-01
   1.3120720e-01   9.8857143e-01
   1.3530720e-01   9.9142857e-01
   1.7357600e-01   9.9428571e-01
   1.8405440e-01   9.9714286e-01
   1.8633280e-01   1.0000000e+00
