   2.8168000e-03   0.0000000e+00
   2.8168000e-03   1.4925373e-03
   3.2192000e-03   4.4776119e-03
   3.6216000e-03   1.1940299e-02
   4.0240000e-03   1.5671642e-02
   4.4264000e-03   2.5373134e-02
   4.8288000e-03   3.8059701e-02
   5.2312000e-03   5.0000000e-02
   5.6336000e-03   6.9402985e-02
   6.0360000e-03   9.1791045e-02
   6.4384000e-03   1.2014925e-01
   6.8408000e-03   1.6417910e-01
   7.2432000e-03   1.9402985e-01
   7.6456000e-03   2.3208955e-01
   8.0480000e-03   2.6194030e-01
   8.4504000e-03   2.9402985e-01
   8.8528000e-03   3.3731343e-01
   9.2552000e-03   3.6417910e-01
   9.6576000e-03   3.8283582e-01
   1.0060000e-02   4.2686567e-01
   1.0462400e-02   4.4179104e-01
   1.0864800e-02   4.5597015e-01
   1.1267200e-02   4.8955224e-01
   1.1669600e-02   5.0597015e-01
   1.2072000e-02   5.2611940e-01
   1.2475200e-02   5.7014925e-01
   1.2877600e-02   5.8358209e-01
   1.3280000e-02   5.9850746e-01
   1.3682400e-02   6.1865672e-01
   1.4084800e-02   6.3656716e-01
   1.4487200e-02   6.4850746e-01
   1.4889600e-02   6.6417910e-01
   1.5292000e-02   6.7313433e-01
   1.5694400e-02   6.8208955e-01
   1.6096800e-02   6.9925373e-01
   1.6499200e-02   7.1417910e-01
   1.6901600e-02   7.3134328e-01
   1.7304000e-02   7.4402985e-01
   1.7706400e-02   7.5373134e-01
   1.8108800e-02   7.6343284e-01
   1.8511200e-02   7.7388060e-01
   1.8913600e-02   7.8880597e-01
   1.9316000e-02   7.9776119e-01
   1.9718400e-02   8.0820896e-01
   2.0120800e-02   8.1940299e-01
   2.0523200e-02   8.2611940e-01
   2.0925600e-02   8.3134328e-01
   2.1328000e-02   8.4029851e-01
   2.1730400e-02   8.4850746e-01
   2.2132800e-02   8.5149254e-01
   2.2535200e-02   8.5746269e-01
   2.2937600e-02   8.6044776e-01
   2.3340000e-02   8.6492537e-01
   2.3742400e-02   8.7462687e-01
   2.4144800e-02   8.7686567e-01
   2.4547200e-02   8.7835821e-01
   2.4949600e-02   8.8283582e-01
   2.5352000e-02   8.8358209e-01
   2.5754400e-02   8.8656716e-01
   2.6156800e-02   8.9104478e-01
   2.6559200e-02   8.9179104e-01
   2.6961600e-02   8.9402985e-01
   2.7766400e-02   8.9701493e-01
   2.8168800e-02   9.0000000e-01
   2.8571200e-02   9.0149254e-01
   2.9376000e-02   9.0223881e-01
   2.9778400e-02   9.0298507e-01
   3.0180800e-02   9.0522388e-01
   3.0583200e-02   9.0597015e-01
   3.0985600e-02   9.0895522e-01
   3.1388000e-02   9.1417910e-01
   3.1790400e-02   9.1567164e-01
   3.2192800e-02   9.2014925e-01
   3.2596000e-02   9.2388060e-01
   3.2997600e-02   9.2462687e-01
   3.3400800e-02   9.2611940e-01
   3.3802400e-02   9.2686567e-01
   3.4205600e-02   9.2835821e-01
   3.4608000e-02   9.3059701e-01
   3.5010400e-02   9.3208955e-01
   3.5412800e-02   9.3358209e-01
   3.5815200e-02   9.3656716e-01
   3.6217600e-02   9.4104478e-01
   3.6620000e-02   9.4179104e-01
   3.7424800e-02   9.4402985e-01
   3.7827200e-02   9.4626866e-01
   3.8229600e-02   9.4701493e-01
   3.8632000e-02   9.4850746e-01
   3.9034400e-02   9.4925373e-01
   3.9436800e-02   9.5000000e-01
   4.0241600e-02   9.5074627e-01
   4.0644000e-02   9.5149254e-01
   4.1046400e-02   9.5223881e-01
   4.2253600e-02   9.5298507e-01
   4.2656000e-02   9.5373134e-01
   4.3058400e-02   9.5447761e-01
   4.3460800e-02   9.5597015e-01
   4.3863200e-02   9.5746269e-01
   4.5472800e-02   9.5895522e-01
   4.6277600e-02   9.6044776e-01
   4.6680000e-02   9.6119403e-01
   4.7082400e-02   9.6194030e-01
   4.8692000e-02   9.6268657e-01
   4.9094400e-02   9.6417910e-01
   4.9496800e-02   9.6492537e-01
   4.9899200e-02   9.6716418e-01
   5.0301600e-02   9.6791045e-01
   5.0704000e-02   9.6865672e-01
   5.2313600e-02   9.7014925e-01
   5.2716000e-02   9.7164179e-01
   5.3520800e-02   9.7238806e-01
   5.4325600e-02   9.7313433e-01
   5.4728000e-02   9.7388060e-01
   5.5533600e-02   9.7462687e-01
   5.7948000e-02   9.7537313e-01
   5.9155200e-02   9.7611940e-01
   6.1569600e-02   9.7686567e-01
   6.1972000e-02   9.7761194e-01
   6.3179200e-02   9.7910448e-01
   6.4788800e-02   9.7985075e-01
   6.5191200e-02   9.8059701e-01
   6.5996000e-02   9.8134328e-01
   6.6800800e-02   9.8208955e-01
   6.7605600e-02   9.8283582e-01
   6.8812800e-02   9.8358209e-01
   7.5251200e-02   9.8432836e-01
   7.5653600e-02   9.8507463e-01
   7.6458400e-02   9.8582090e-01
   7.7263200e-02   9.8656716e-01
   7.7666400e-02   9.8731343e-01
   7.8873600e-02   9.8805970e-01
   7.9678400e-02   9.8880597e-01
   8.0885600e-02   9.8955224e-01
   8.1288000e-02   9.9104478e-01
   8.2897600e-02   9.9179104e-01
   8.8531200e-02   9.9253731e-01
   8.8933600e-02   9.9328358e-01
   9.4969600e-02   9.9402985e-01
   9.5774400e-02   9.9477612e-01
   9.9396000e-02   9.9552239e-01
   1.0301840e-01   9.9626866e-01
   1.1106640e-01   9.9701493e-01
   1.2032160e-01   9.9776119e-01
   1.2595600e-01   9.9850746e-01
   1.2635840e-01   9.9925373e-01
   1.7947680e-01   1.0000000e+00
