   4.0105801e-03   0.0000000e+00
   4.0105801e-03   2.7777778e-02
   6.0947856e-03   5.5555556e-02
   7.4292435e-03   8.3333333e-02
   7.6142815e-03   1.1111111e-01
   8.9748757e-03   1.3888889e-01
   9.1257107e-03   1.6666667e-01
   9.2487815e-03   1.9444444e-01
   1.0048795e-02   2.2222222e-01
   1.0596868e-02   2.5000000e-01
   1.1254576e-02   2.7777778e-01
   1.1608368e-02   3.0555556e-01
   1.2418863e-02   3.3333333e-01
   1.3278331e-02   3.6111111e-01
   1.4254687e-02   3.8888889e-01
   1.7168898e-02   4.1666667e-01
   1.7416498e-02   4.4444444e-01
   1.8466761e-02   4.7222222e-01
   1.9280529e-02   5.0000000e-01
   2.0050331e-02   5.2777778e-01
   2.0090187e-02   5.5555556e-01
   2.0321220e-02   5.8333333e-01
   2.0579351e-02   6.1111111e-01
   2.1829019e-02   6.3888889e-01
   2.1898529e-02   6.6666667e-01
   2.3500332e-02   6.9444444e-01
   2.4013891e-02   7.2222222e-01
   2.5685674e-02   7.5000000e-01
   2.7608616e-02   7.7777778e-01
   2.9847768e-02   8.0555556e-01
   3.8897883e-02   8.3333333e-01
   4.0626517e-02   8.6111111e-01
   4.7394082e-02   8.8888889e-01
   5.5847661e-02   9.1666667e-01
   6.4006386e-02   9.4444444e-01
   6.9082465e-02   9.7222222e-01
   1.1112519e-01   1.0000000e+00
