   1.5472000e-03   0.0000000e+00
   1.5472000e-03   2.8901734e-03
   1.9344000e-03   5.7803468e-03
   2.3208000e-03   1.1560694e-02
   2.7080000e-03   1.4450867e-02
   3.0944000e-03   2.6011561e-02
   3.4816000e-03   3.1791908e-02
   3.8688000e-03   4.3352601e-02
   4.2552000e-03   4.9132948e-02
   4.6424000e-03   6.6473988e-02
   5.0288000e-03   9.2485549e-02
   5.8024000e-03   1.0693642e-01
   6.1896000e-03   1.2427746e-01
   6.5768000e-03   1.3583815e-01
   6.9632000e-03   1.6473988e-01
   7.3504000e-03   2.1965318e-01
   7.7368000e-03   2.4566474e-01
   8.1240000e-03   2.6878613e-01
   8.5104000e-03   3.0346821e-01
   8.8976000e-03   3.3526012e-01
   9.2840000e-03   3.5549133e-01
   9.6712000e-03   3.6705202e-01
   1.0058400e-02   4.0173410e-01
   1.0444800e-02   4.0462428e-01
   1.0832000e-02   4.1329480e-01
   1.1218400e-02   4.3352601e-01
   1.1605600e-02   4.5375723e-01
   1.1992000e-02   4.6242775e-01
   1.2379200e-02   4.7976879e-01
   1.2765600e-02   4.8554913e-01
   1.3152800e-02   5.0578035e-01
   1.3540000e-02   5.0867052e-01
   1.3926400e-02   5.1734104e-01
   1.4313600e-02   5.3179191e-01
   1.4700000e-02   5.4913295e-01
   1.5087200e-02   5.5780347e-01
   1.5473600e-02   5.6358382e-01
   1.6248000e-02   5.7514451e-01
   1.6634400e-02   5.7803468e-01
   1.7408000e-02   5.8959538e-01
   1.7795200e-02   5.9248555e-01
   1.8181600e-02   6.0115607e-01
   1.8568800e-02   6.2427746e-01
   1.8955200e-02   6.3294798e-01
   1.9342400e-02   6.3583815e-01
   1.9728800e-02   6.3872832e-01
   2.0116000e-02   6.4161850e-01
   2.0503200e-02   6.4739884e-01
   2.0889600e-02   6.5028902e-01
   2.1276800e-02   6.6184971e-01
   2.1663200e-02   6.6473988e-01
   2.2436800e-02   6.7630058e-01
   2.2824000e-02   6.7919075e-01
   2.3597600e-02   6.9075145e-01
   2.3984800e-02   6.9364162e-01
   2.4371200e-02   7.0520231e-01
   2.4758400e-02   7.1098266e-01
   2.5144800e-02   7.1387283e-01
   2.5532000e-02   7.1676301e-01
   2.5918400e-02   7.2254335e-01
   2.6305600e-02   7.3121387e-01
   2.6692800e-02   7.3699422e-01
   2.8240000e-02   7.4566474e-01
   2.8626400e-02   7.4855491e-01
   2.9013600e-02   7.5144509e-01
   2.9400000e-02   7.5433526e-01
   2.9787200e-02   7.6011561e-01
   3.0174400e-02   7.6300578e-01
   3.0560800e-02   7.6589595e-01
   3.1721600e-02   7.7167630e-01
   3.2108000e-02   7.7456647e-01
   3.2495200e-02   7.7745665e-01
   3.3268800e-02   7.8034682e-01
   3.4042400e-02   7.8901734e-01
   3.4816000e-02   7.9768786e-01
   3.5976800e-02   8.0057803e-01
   3.6364000e-02   8.0346821e-01
   3.7137600e-02   8.0635838e-01
   3.7524000e-02   8.0924855e-01
   3.9458400e-02   8.1213873e-01
   3.9845600e-02   8.1502890e-01
   4.0619200e-02   8.2369942e-01
   4.1779200e-02   8.2658960e-01
   4.2166400e-02   8.2947977e-01
   4.2553600e-02   8.3236994e-01
   4.3327200e-02   8.4104046e-01
   4.4874400e-02   8.4393064e-01
   4.6034400e-02   8.4682081e-01
   4.6421600e-02   8.4971098e-01
   4.6808800e-02   8.5549133e-01
   4.7968800e-02   8.5838150e-01
   4.8356000e-02   8.6127168e-01
   4.9903200e-02   8.6416185e-01
   5.0676800e-02   8.6705202e-01
   5.1064000e-02   8.6994220e-01
   5.1450400e-02   8.7283237e-01
   5.1837600e-02   8.7861272e-01
   5.2611200e-02   8.8150289e-01
   5.2998400e-02   8.8439306e-01
   5.3772000e-02   8.8728324e-01
   5.4932000e-02   8.9306358e-01
   5.5705600e-02   8.9884393e-01
   5.6480000e-02   9.0173410e-01
   5.9187200e-02   9.0751445e-01
   5.9961600e-02   9.1329480e-01
   6.1121600e-02   9.2485549e-01
   6.1508800e-02   9.2774566e-01
   6.3056000e-02   9.3352601e-01
   6.3443200e-02   9.3641618e-01
   6.3829600e-02   9.3930636e-01
   6.4603200e-02   9.4219653e-01
   6.4990400e-02   9.4508671e-01
   6.6537600e-02   9.4797688e-01
   6.7698400e-02   9.5086705e-01
   7.0406400e-02   9.5375723e-01
   7.0792800e-02   9.5664740e-01
   7.3888000e-02   9.5953757e-01
   7.8916800e-02   9.6242775e-01
   8.2785600e-02   9.6531792e-01
   8.3945600e-02   9.6820809e-01
   8.9748800e-02   9.7109827e-01
   9.0522400e-02   9.7687861e-01
   9.2069600e-02   9.7976879e-01
   9.2843200e-02   9.8265896e-01
   9.6324800e-02   9.8554913e-01
   9.7485600e-02   9.8843931e-01
   9.9420000e-02   9.9132948e-01
   1.1837520e-01   9.9421965e-01
   1.2495200e-01   9.9710983e-01
   1.3346240e-01   1.0000000e+00
