   2.4592000e-03   0.0000000e+00
   2.4592000e-03   2.9154519e-03
   2.8688000e-03   5.8309038e-03
   3.2784000e-03   7.2886297e-03
   3.6888000e-03   2.0408163e-02
   4.0984000e-03   3.0612245e-02
   4.5080000e-03   4.0816327e-02
   4.9184000e-03   5.8309038e-02
   5.3280000e-03   6.7055394e-02
   5.7376000e-03   8.3090379e-02
   6.1472000e-03   1.1807580e-01
   6.5576000e-03   1.2827988e-01
   6.9672000e-03   1.6180758e-01
   7.3768000e-03   1.9825073e-01
   7.7872000e-03   2.2011662e-01
   8.1968000e-03   2.5364431e-01
   8.6064000e-03   2.7551020e-01
   9.0160000e-03   2.9154519e-01
   9.4264000e-03   3.0903790e-01
   9.8360000e-03   3.2944606e-01
   1.0245600e-02   3.4985423e-01
   1.0656000e-02   3.6151603e-01
   1.1065600e-02   3.7900875e-01
   1.1475200e-02   3.9795918e-01
   1.1885600e-02   4.1690962e-01
   1.2295200e-02   4.3002915e-01
   1.2704800e-02   4.4314869e-01
   1.3114400e-02   4.6064140e-01
   1.3524800e-02   4.7376093e-01
   1.3934400e-02   4.8979592e-01
   1.4344000e-02   5.0145773e-01
   1.4754400e-02   5.1457726e-01
   1.5164000e-02   5.2915452e-01
   1.5573600e-02   5.3790087e-01
   1.5984000e-02   5.4081633e-01
   1.6393600e-02   5.5830904e-01
   1.6803200e-02   5.6851312e-01
   1.7212800e-02   5.7288630e-01
   1.7623200e-02   5.7725948e-01
   1.8032800e-02   5.8600583e-01
   1.8442400e-02   5.8892128e-01
   1.8852800e-02   6.0349854e-01
   1.9262400e-02   6.1078717e-01
   1.9672000e-02   6.1370262e-01
   2.0081600e-02   6.1807580e-01
   2.0492000e-02   6.2973761e-01
   2.0901600e-02   6.3702624e-01
   2.1311200e-02   6.5014577e-01
   2.1721600e-02   6.6034985e-01
   2.2131200e-02   6.6618076e-01
   2.2540800e-02   6.8221574e-01
   2.2950400e-02   6.8367347e-01
   2.3360800e-02   6.8950437e-01
   2.3770400e-02   7.0116618e-01
   2.4180000e-02   7.0991254e-01
   2.4590400e-02   7.1428571e-01
   2.5000000e-02   7.1865889e-01
   2.5820000e-02   7.2448980e-01
   2.6229600e-02   7.2740525e-01
   2.6639200e-02   7.3177843e-01
   2.7049600e-02   7.3323615e-01
   2.7459200e-02   7.4344023e-01
   2.7868800e-02   7.4489796e-01
   2.8278400e-02   7.4781341e-01
   2.8688800e-02   7.4927114e-01
   2.9508000e-02   7.5072886e-01
   2.9918400e-02   7.5364431e-01
   3.0328000e-02   7.5947522e-01
   3.0737600e-02   7.6093294e-01
   3.1147200e-02   7.7113703e-01
   3.1557600e-02   7.7842566e-01
   3.1967200e-02   7.7988338e-01
   3.2376800e-02   7.9008746e-01
   3.2787200e-02   8.0029155e-01
   3.3196800e-02   8.0320700e-01
   3.3606400e-02   8.0758017e-01
   3.4016800e-02   8.1632653e-01
   3.4426400e-02   8.2361516e-01
   3.4836000e-02   8.2653061e-01
   3.5245600e-02   8.3090379e-01
   3.5656000e-02   8.3965015e-01
   3.6065600e-02   8.4256560e-01
   3.6475200e-02   8.4839650e-01
   3.6885600e-02   8.5422741e-01
   3.7704800e-02   8.5568513e-01
   3.8114400e-02   8.5860058e-01
   3.9344000e-02   8.6005831e-01
   4.0164000e-02   8.6151603e-01
   4.0983200e-02   8.6588921e-01
   4.1393600e-02   8.6880466e-01
   4.2212800e-02   8.7026239e-01
   4.3032800e-02   8.7172012e-01
   4.3442400e-02   8.7609329e-01
   4.3852800e-02   8.7900875e-01
   4.4262400e-02   8.8192420e-01
   4.4672000e-02   8.8483965e-01
   4.5081600e-02   8.8775510e-01
   4.5492000e-02   8.9212828e-01
   4.5901600e-02   8.9504373e-01
   4.6721600e-02   8.9795918e-01
   4.7131200e-02   8.9941691e-01
   4.7540800e-02   9.0233236e-01
   4.8360800e-02   9.0670554e-01
   4.8770400e-02   9.0962099e-01
   4.9180000e-02   9.1253644e-01
   4.9590400e-02   9.1545190e-01
   5.1639200e-02   9.1690962e-01
   5.3278400e-02   9.1836735e-01
   5.3688800e-02   9.2274052e-01
   5.4508000e-02   9.3002915e-01
   5.4918400e-02   9.3148688e-01
   5.5328000e-02   9.3294461e-01
   5.5737600e-02   9.3586006e-01
   5.6147200e-02   9.3877551e-01
   5.6557600e-02   9.4169096e-01
   5.6967200e-02   9.4314869e-01
   5.7787200e-02   9.4460641e-01
   5.8196800e-02   9.4606414e-01
   5.9016800e-02   9.4897959e-01
   5.9836000e-02   9.5043732e-01
   6.0245600e-02   9.5189504e-01
   6.2295200e-02   9.5335277e-01
   6.3934400e-02   9.5481050e-01
   6.5983200e-02   9.5626822e-01
   6.6393600e-02   9.5772595e-01
   6.6803200e-02   9.5918367e-01
   6.8442400e-02   9.6209913e-01
   6.9262400e-02   9.6501458e-01
   6.9672000e-02   9.6793003e-01
   7.2540800e-02   9.6938776e-01
   7.7048800e-02   9.7084548e-01
   7.9098400e-02   9.7230321e-01
   8.1147200e-02   9.7376093e-01
   8.1557600e-02   9.7521866e-01
   8.2787200e-02   9.7667638e-01
   8.4426400e-02   9.7813411e-01
   8.4836000e-02   9.7959184e-01
   9.0573600e-02   9.8104956e-01
   1.0122960e-01   9.8250729e-01
   1.0163920e-01   9.8396501e-01
   1.0819680e-01   9.8542274e-01
   1.0942640e-01   9.8688047e-01
   1.1065600e-01   9.8833819e-01
   1.1106560e-01   9.8979592e-01
   1.1557360e-01   9.9125364e-01
   1.2172160e-01   9.9271137e-01
   1.2663920e-01   9.9416910e-01
   1.3729520e-01   9.9562682e-01
   1.4344240e-01   9.9708455e-01
   1.5327840e-01   9.9854227e-01
   1.6639360e-01   1.0000000e+00
