   2.8776000e-03   0.0000000e+00
   2.8776000e-03   1.7543860e-03
   3.3576000e-03   8.1871345e-03
   3.8368000e-03   1.7543860e-02
   4.3168000e-03   4.8538012e-02
   4.7960000e-03   1.0116959e-01
   5.2760000e-03   1.5321637e-01
   5.7552000e-03   2.6783626e-01
   6.2352000e-03   3.7543860e-01
   6.7144000e-03   4.5380117e-01
   7.1944000e-03   5.4502924e-01
   7.6736000e-03   5.9239766e-01
   8.1536000e-03   6.4619883e-01
   8.6328000e-03   7.0467836e-01
   9.1128000e-03   7.3976608e-01
   9.5920000e-03   7.6432749e-01
   1.0072000e-02   7.9883041e-01
   1.0551200e-02   8.2163743e-01
   1.1031200e-02   8.4269006e-01
   1.1511200e-02   8.7543860e-01
   1.1990400e-02   9.0116959e-01
   1.2470400e-02   9.1871345e-01
   1.2949600e-02   9.3216374e-01
   1.3429600e-02   9.4093567e-01
   1.3908800e-02   9.5087719e-01
   1.4388800e-02   9.6023392e-01
   1.4868000e-02   9.6549708e-01
   1.5348000e-02   9.7017544e-01
   1.5827200e-02   9.7660819e-01
   1.6307200e-02   9.8011696e-01
   1.6786400e-02   9.8245614e-01
   1.7266400e-02   9.8713450e-01
   1.7745600e-02   9.9064327e-01
   1.8225600e-02   9.9122807e-01
   1.8704800e-02   9.9181287e-01
   1.9184800e-02   9.9298246e-01
   1.9664000e-02   9.9415205e-01
   2.1103200e-02   9.9473684e-01
   2.1582400e-02   9.9590643e-01
   2.2062400e-02   9.9707602e-01
   2.3021600e-02   9.9766082e-01
   2.3500800e-02   9.9824561e-01
   2.3980800e-02   9.9883041e-01
   2.7338400e-02   9.9941520e-01
   3.3572800e-02   1.0000000e+00
