   5.0003008e-03   0.0000000e+00
   5.0003008e-03   7.8492936e-04
   5.2759849e-03   2.3547881e-03
   5.7528596e-03   3.1397174e-03
   5.7621770e-03   3.9246468e-03
   6.0255006e-03   4.7095761e-03
   6.0826725e-03   5.4945055e-03
   6.2862765e-03   6.2794349e-03
   6.3067283e-03   9.4191523e-03
   6.5449580e-03   1.0204082e-02
   6.5697800e-03   1.0989011e-02
   6.5954445e-03   1.1773940e-02
   6.6447106e-03   1.2558870e-02
   6.8634206e-03   1.3343799e-02
   7.0598469e-03   1.4128728e-02
   7.0935045e-03   1.4913658e-02
   7.3189142e-03   1.5698587e-02
   7.3338920e-03   1.8838305e-02
   7.3419163e-03   2.0408163e-02
   7.4015118e-03   2.1978022e-02
   7.4741691e-03   2.2762951e-02
   7.5836032e-03   2.5117739e-02
   7.5860709e-03   2.7472527e-02
   7.6251297e-03   2.8257457e-02
   7.7893589e-03   2.9042386e-02
   7.8417476e-03   3.1397174e-02
   7.8604924e-03   3.2182104e-02
   7.9150929e-03   3.2967033e-02
   7.9435811e-03   3.3751962e-02
   8.0026067e-03   3.5321821e-02
   8.1068383e-03   3.7676609e-02
   8.1075196e-03   3.9246468e-02
   8.1109345e-03   4.1601256e-02
   8.2069203e-03   4.3956044e-02
   8.3808094e-03   4.6310832e-02
   8.3815075e-03   4.7095761e-02
   8.4308130e-03   4.7880691e-02
   8.4375865e-03   4.8665620e-02
   8.5095290e-03   4.9450549e-02
   8.5127368e-03   5.4160126e-02
   8.5979266e-03   5.5729984e-02
   8.6257828e-03   5.6514914e-02
   8.6293562e-03   5.8084772e-02
   8.6306741e-03   6.1224490e-02
   8.7210563e-03   6.2009419e-02
   8.7287888e-03   6.3579278e-02
   8.7680503e-03   6.4364207e-02
   8.8135765e-03   6.5149137e-02
   8.8245280e-03   6.8288854e-02
   8.8878922e-03   6.9073783e-02
   8.9005074e-03   6.9858713e-02
   8.9050235e-03   7.1428571e-02
   8.9394774e-03   7.2213501e-02
   8.9443476e-03   7.3783359e-02
   8.9539780e-03   7.4568289e-02
   9.0331257e-03   7.6138148e-02
   9.1410139e-03   7.8492936e-02
   9.1513863e-03   7.9277865e-02
   9.1545363e-03   8.0847724e-02
   9.1776455e-03   8.3202512e-02
   9.1876325e-03   8.5557300e-02
   9.2340891e-03   8.8697017e-02
   9.2509096e-03   9.1051805e-02
   9.2834897e-03   9.1836735e-02
   9.3425479e-03   9.3406593e-02
   9.4105674e-03   9.4976452e-02
   9.4211473e-03   9.7331240e-02
   9.4296703e-03   9.8901099e-02
   9.4412681e-03   9.9686028e-02
   9.4602444e-03   1.0047096e-01
   9.4629830e-03   1.0204082e-01
   9.4772462e-03   1.0753532e-01
   9.5532805e-03   1.1067504e-01
   9.6578007e-03   1.1224490e-01
   9.6731032e-03   1.1381476e-01
   9.6784258e-03   1.1459969e-01
   9.6966522e-03   1.1773940e-01
   9.7120692e-03   1.1930926e-01
   9.7726167e-03   1.2244898e-01
   9.7832390e-03   1.2323391e-01
   9.7886144e-03   1.2480377e-01
   9.8617991e-03   1.2872841e-01
   9.9338850e-03   1.2951334e-01
   9.9537698e-03   1.3422292e-01
   9.9770757e-03   1.3579278e-01
   9.9774251e-03   1.3657771e-01
   1.0000506e-02   1.4285714e-01
   1.0074421e-02   1.4521193e-01
   1.0118853e-02   1.4835165e-01
   1.0174675e-02   1.4992151e-01
   1.0195544e-02   1.5541601e-01
   1.0215670e-02   1.5698587e-01
   1.0235398e-02   1.5934066e-01
   1.0263034e-02   1.6012559e-01
   1.0284699e-02   1.6091052e-01
   1.0295632e-02   1.6562009e-01
   1.0336284e-02   1.6640502e-01
   1.0380890e-02   1.6954474e-01
   1.0451947e-02   1.7268446e-01
   1.0457281e-02   1.7739403e-01
   1.0462938e-02   1.7896389e-01
   1.0477286e-02   1.8288854e-01
   1.0492770e-02   1.8838305e-01
   1.0494797e-02   1.8916797e-01
   1.0523939e-02   1.9309262e-01
   1.0553085e-02   1.9387755e-01
   1.0595705e-02   1.9701727e-01
   1.0628653e-02   1.9780220e-01
   1.0692853e-02   1.9937206e-01
   1.0718147e-02   2.0094192e-01
   1.0725696e-02   2.0486656e-01
   1.0745099e-02   2.0565149e-01
   1.0759342e-02   2.0722135e-01
   1.0788963e-02   2.0800628e-01
   1.0817680e-02   2.1114600e-01
   1.0823927e-02   2.1193093e-01
   1.0960237e-02   2.1428571e-01
   1.0971265e-02   2.1507064e-01
   1.0980187e-02   2.1978022e-01
   1.1001385e-02   2.2684458e-01
   1.1008592e-02   2.3155416e-01
   1.1013249e-02   2.3312402e-01
   1.1046826e-02   2.3390895e-01
   1.1066760e-02   2.3547881e-01
   1.1117393e-02   2.3783359e-01
   1.1128200e-02   2.4018838e-01
   1.1140411e-02   2.4097331e-01
   1.1211387e-02   2.4332810e-01
   1.1240345e-02   2.4411303e-01
   1.1255988e-02   2.4489796e-01
   1.1282704e-02   2.5196232e-01
   1.1295411e-02   2.5667190e-01
   1.1329061e-02   2.5902669e-01
   1.1340484e-02   2.6216641e-01
   1.1358905e-02   2.6295133e-01
   1.1360631e-02   2.6373626e-01
   1.1421403e-02   2.6530612e-01
   1.1446496e-02   2.6609105e-01
   1.1503707e-02   2.6766091e-01
   1.1505786e-02   2.6844584e-01
   1.1524901e-02   2.7080063e-01
   1.1526219e-02   2.7551020e-01
   1.1532212e-02   2.7629513e-01
   1.1556763e-02   2.7708006e-01
   1.1570377e-02   2.8257457e-01
   1.1581790e-02   2.8335950e-01
   1.1632056e-02   2.8414443e-01
   1.1638668e-02   2.8649922e-01
   1.1652585e-02   2.8885400e-01
   1.1667462e-02   2.8963893e-01
   1.1730600e-02   2.9120879e-01
   1.1763206e-02   2.9277865e-01
   1.1773028e-02   2.9356358e-01
   1.1776152e-02   2.9434851e-01
   1.1806675e-02   2.9513344e-01
   1.1812852e-02   2.9670330e-01
   1.1815153e-02   2.9748823e-01
   1.1844358e-02   2.9827316e-01
   1.1862784e-02   3.0062794e-01
   1.1971755e-02   3.0219780e-01
   1.1980215e-02   3.0455259e-01
   1.2026718e-02   3.0769231e-01
   1.2043341e-02   3.1004710e-01
   1.2049001e-02   3.1397174e-01
   1.2051113e-02   3.1789639e-01
   1.2093369e-02   3.1868132e-01
   1.2097600e-02   3.1946625e-01
   1.2160763e-02   3.2260597e-01
   1.2162441e-02   3.2417582e-01
   1.2166005e-02   3.2496075e-01
   1.2166826e-02   3.2574568e-01
   1.2285626e-02   3.3124019e-01
   1.2296998e-02   3.3594976e-01
   1.2297123e-02   3.3830455e-01
   1.2310310e-02   3.3987441e-01
   1.2314627e-02   3.4065934e-01
   1.2330062e-02   3.4144427e-01
   1.2360619e-02   3.4301413e-01
   1.2372406e-02   3.4379906e-01
   1.2385803e-02   3.4458399e-01
   1.2386173e-02   3.4536892e-01
   1.2462715e-02   3.4772370e-01
   1.2463303e-02   3.4850863e-01
   1.2491991e-02   3.4929356e-01
   1.2511778e-02   3.5086342e-01
   1.2550331e-02   3.5321821e-01
   1.2561650e-02   3.5557300e-01
   1.2572517e-02   3.5871272e-01
   1.2613609e-02   3.6028257e-01
   1.2617011e-02   3.6342229e-01
   1.2644006e-02   3.6577708e-01
   1.2659765e-02   3.6656201e-01
   1.2678310e-02   3.6734694e-01
   1.2680815e-02   3.6970173e-01
   1.2682397e-02   3.7284144e-01
   1.2763741e-02   3.7362637e-01
   1.2769577e-02   3.7519623e-01
   1.2808683e-02   3.7598116e-01
   1.2816069e-02   3.7676609e-01
   1.2848853e-02   3.7912088e-01
   1.2854054e-02   3.8147567e-01
   1.2876848e-02   3.8226060e-01
   1.2900596e-02   3.8304553e-01
   1.2908294e-02   3.8383046e-01
   1.2973769e-02   3.8461538e-01
   1.2984069e-02   3.8540031e-01
   1.3005008e-02   3.8618524e-01
   1.3071757e-02   3.8775510e-01
   1.3079766e-02   3.9246468e-01
   1.3090529e-02   3.9481947e-01
   1.3096616e-02   3.9560440e-01
   1.3130700e-02   3.9638932e-01
   1.3140084e-02   4.0031397e-01
   1.3152816e-02   4.0109890e-01
   1.3204805e-02   4.0345369e-01
   1.3289252e-02   4.0659341e-01
   1.3332285e-02   4.0816327e-01
   1.3339272e-02   4.0973312e-01
   1.3344396e-02   4.1051805e-01
   1.3367281e-02   4.1208791e-01
   1.3394305e-02   4.1365777e-01
   1.3416201e-02   4.1522763e-01
   1.3431479e-02   4.1679749e-01
   1.3493658e-02   4.1758242e-01
   1.3505002e-02   4.1993721e-01
   1.3573788e-02   4.2072214e-01
   1.3593682e-02   4.2307692e-01
   1.3597109e-02   4.2386185e-01
   1.3598947e-02   4.2543171e-01
   1.3620132e-02   4.2700157e-01
   1.3661732e-02   4.3014129e-01
   1.3712294e-02   4.3092622e-01
   1.3726719e-02   4.3249608e-01
   1.3781638e-02   4.3328100e-01
   1.3809859e-02   4.3485086e-01
   1.3843882e-02   4.3563579e-01
   1.3854484e-02   4.3799058e-01
   1.3860391e-02   4.3877551e-01
   1.3867821e-02   4.3956044e-01
   1.3877953e-02   4.4034537e-01
   1.3886598e-02   4.4113030e-01
   1.3901469e-02   4.4191523e-01
   1.3925014e-02   4.4270016e-01
   1.3954120e-02   4.4505495e-01
   1.4002275e-02   4.4583987e-01
   1.4032823e-02   4.4976452e-01
   1.4081314e-02   4.5133438e-01
   1.4116266e-02   4.5290424e-01
   1.4118492e-02   4.5525903e-01
   1.4120262e-02   4.5604396e-01
   1.4162267e-02   4.5761381e-01
   1.4172402e-02   4.5839874e-01
   1.4184651e-02   4.5918367e-01
   1.4186931e-02   4.5996860e-01
   1.4199051e-02   4.6075353e-01
   1.4249372e-02   4.6153846e-01
   1.4292422e-02   4.6232339e-01
   1.4329098e-02   4.6310832e-01
   1.4330721e-02   4.6546311e-01
   1.4357020e-02   4.6624804e-01
   1.4377207e-02   4.6781790e-01
   1.4383677e-02   4.6860283e-01
   1.4391826e-02   4.7017268e-01
   1.4405751e-02   4.7095761e-01
   1.4410357e-02   4.7174254e-01
   1.4430001e-02   4.7331240e-01
   1.4448758e-02   4.7409733e-01
   1.4477436e-02   4.7645212e-01
   1.4548126e-02   4.7880691e-01
   1.4548684e-02   4.7959184e-01
   1.4548963e-02   4.8037677e-01
   1.4637714e-02   4.8351648e-01
   1.4644006e-02   4.8430141e-01
   1.4652105e-02   4.8587127e-01
   1.4667748e-02   4.8665620e-01
   1.4683332e-02   4.8744113e-01
   1.4688561e-02   4.8901099e-01
   1.4693917e-02   4.8979592e-01
   1.4710697e-02   4.9058085e-01
   1.4734873e-02   4.9136578e-01
   1.4745468e-02   4.9293564e-01
   1.4772128e-02   4.9450549e-01
   1.4870245e-02   4.9529042e-01
   1.4901170e-02   4.9607535e-01
   1.4903667e-02   4.9686028e-01
   1.4915263e-02   4.9764521e-01
   1.4948799e-02   5.0000000e-01
   1.4948912e-02   5.0235479e-01
   1.5000807e-02   5.0313972e-01
   1.5063367e-02   5.0392465e-01
   1.5157877e-02   5.0470958e-01
   1.5167209e-02   5.0627943e-01
   1.5171707e-02   5.0784929e-01
   1.5202862e-02   5.0863422e-01
   1.5234486e-02   5.0941915e-01
   1.5262463e-02   5.1020408e-01
   1.5294356e-02   5.1098901e-01
   1.5316230e-02   5.1255887e-01
   1.5344306e-02   5.1491366e-01
   1.5347412e-02   5.1569859e-01
   1.5360242e-02   5.1648352e-01
   1.5372468e-02   5.1805338e-01
   1.5384838e-02   5.1883830e-01
   1.5425793e-02   5.1962323e-01
   1.5439280e-02   5.2119309e-01
   1.5445456e-02   5.2276295e-01
   1.5467302e-02   5.2433281e-01
   1.5472939e-02   5.2511774e-01
   1.5499735e-02   5.2590267e-01
   1.5509778e-02   5.2668760e-01
   1.5523617e-02   5.2982732e-01
   1.5579827e-02   5.3061224e-01
   1.5592345e-02   5.3218210e-01
   1.5611132e-02   5.3296703e-01
   1.5677659e-02   5.3453689e-01
   1.5678656e-02   5.3610675e-01
   1.5683534e-02   5.3689168e-01
   1.5690999e-02   5.3767661e-01
   1.5691018e-02   5.3846154e-01
   1.5700659e-02   5.3924647e-01
   1.5708358e-02   5.4003140e-01
   1.5715947e-02   5.4160126e-01
   1.5739157e-02   5.4238619e-01
   1.5757695e-02   5.4317111e-01
   1.5766973e-02   5.4395604e-01
   1.5829070e-02   5.4474097e-01
   1.5899380e-02   5.4631083e-01
   1.5946799e-02   5.4709576e-01
   1.5947511e-02   5.4945055e-01
   1.5963303e-02   5.5023548e-01
   1.5965380e-02   5.5180534e-01
   1.6001016e-02   5.5259027e-01
   1.6053597e-02   5.5416013e-01
   1.6096115e-02   5.5572998e-01
   1.6114056e-02   5.5808477e-01
   1.6206488e-02   5.5886970e-01
   1.6214808e-02   5.6043956e-01
   1.6215113e-02   5.6122449e-01
   1.6222293e-02   5.6279435e-01
   1.6236943e-02   5.6357928e-01
   1.6239463e-02   5.6436421e-01
   1.6281523e-02   5.6514914e-01
   1.6339677e-02   5.6750392e-01
   1.6364291e-02   5.6907378e-01
   1.6414963e-02   5.6985871e-01
   1.6415159e-02   5.7064364e-01
   1.6442847e-02   5.7142857e-01
   1.6451429e-02   5.7221350e-01
   1.6470272e-02   5.7299843e-01
   1.6486162e-02   5.7378336e-01
   1.6486756e-02   5.7535322e-01
   1.6520413e-02   5.7770801e-01
   1.6547742e-02   5.7849294e-01
   1.6569979e-02   5.7927786e-01
   1.6613519e-02   5.8006279e-01
   1.6693374e-02   5.8163265e-01
   1.6695037e-02   5.8320251e-01
   1.6717134e-02   5.8398744e-01
   1.6718561e-02   5.8555730e-01
   1.6730477e-02   5.8634223e-01
   1.6736806e-02   5.8712716e-01
   1.6738069e-02   5.8791209e-01
   1.6763562e-02   5.8869702e-01
   1.6804769e-02   5.9026688e-01
   1.6857192e-02   5.9183673e-01
   1.6874892e-02   5.9262166e-01
   1.6879544e-02   5.9340659e-01
   1.6936131e-02   5.9497645e-01
   1.6993226e-02   5.9576138e-01
   1.7010787e-02   5.9654631e-01
   1.7025945e-02   5.9733124e-01
   1.7028609e-02   5.9968603e-01
   1.7037945e-02   6.0125589e-01
   1.7043862e-02   6.0204082e-01
   1.7060382e-02   6.0361068e-01
   1.7085308e-02   6.0439560e-01
   1.7093521e-02   6.0596546e-01
   1.7204979e-02   6.0675039e-01
   1.7239636e-02   6.0753532e-01
   1.7240984e-02   6.0832025e-01
   1.7251325e-02   6.0989011e-01
   1.7252055e-02   6.1381476e-01
   1.7261913e-02   6.1459969e-01
   1.7280588e-02   6.1538462e-01
   1.7318370e-02   6.1616954e-01
   1.7320964e-02   6.1695447e-01
   1.7336314e-02   6.1852433e-01
   1.7372364e-02   6.1930926e-01
   1.7385274e-02   6.2087912e-01
   1.7447540e-02   6.2166405e-01
   1.7516772e-02   6.2244898e-01
   1.7534248e-02   6.2323391e-01
   1.7536493e-02   6.2480377e-01
   1.7567905e-02   6.2558870e-01
   1.7574342e-02   6.2715856e-01
   1.7601625e-02   6.2794349e-01
   1.7648853e-02   6.2872841e-01
   1.7681071e-02   6.3029827e-01
   1.7723431e-02   6.3186813e-01
   1.7737233e-02   6.3265306e-01
   1.7785204e-02   6.3343799e-01
   1.7811178e-02   6.3422292e-01
   1.7836601e-02   6.3579278e-01
   1.7851907e-02   6.3736264e-01
   1.7863878e-02   6.3814757e-01
   1.7878590e-02   6.3893250e-01
   1.7899016e-02   6.3971743e-01
   1.7980135e-02   6.4050235e-01
   1.8014159e-02   6.4128728e-01
   1.8035282e-02   6.4207221e-01
   1.8037054e-02   6.4364207e-01
   1.8048983e-02   6.4442700e-01
   1.8053266e-02   6.4521193e-01
   1.8058287e-02   6.4835165e-01
   1.8066085e-02   6.4913658e-01
   1.8070360e-02   6.5070644e-01
   1.8118844e-02   6.5149137e-01
   1.8203797e-02   6.5227630e-01
   1.8206113e-02   6.5306122e-01
   1.8226585e-02   6.5384615e-01
   1.8281670e-02   6.5698587e-01
   1.8282467e-02   6.5855573e-01
   1.8302177e-02   6.6012559e-01
   1.8320946e-02   6.6091052e-01
   1.8374785e-02   6.6248038e-01
   1.8375795e-02   6.6326531e-01
   1.8378172e-02   6.6483516e-01
   1.8380498e-02   6.6562009e-01
   1.8403738e-02   6.6640502e-01
   1.8412410e-02   6.6718995e-01
   1.8431714e-02   6.6875981e-01
   1.8467063e-02   6.6954474e-01
   1.8544014e-02   6.7032967e-01
   1.8545433e-02   6.7111460e-01
   1.8555559e-02   6.7189953e-01
   1.8563398e-02   6.7268446e-01
   1.8595839e-02   6.7346939e-01
   1.8615411e-02   6.7503925e-01
   1.8663731e-02   6.7582418e-01
   1.8685556e-02   6.7660911e-01
   1.8725979e-02   6.7739403e-01
   1.8738122e-02   6.7817896e-01
   1.8760364e-02   6.7896389e-01
   1.8767621e-02   6.7974882e-01
   1.8803237e-02   6.8053375e-01
   1.8821108e-02   6.8131868e-01
   1.8832393e-02   6.8210361e-01
   1.8894075e-02   6.8288854e-01
   1.8899696e-02   6.8367347e-01
   1.8920337e-02   6.8445840e-01
   1.8925712e-02   6.8602826e-01
   1.9012449e-02   6.8681319e-01
   1.9082069e-02   6.8838305e-01
   1.9107041e-02   6.8916797e-01
   1.9153910e-02   6.8995290e-01
   1.9186785e-02   6.9073783e-01
   1.9224103e-02   6.9152276e-01
   1.9248853e-02   6.9230769e-01
   1.9250986e-02   6.9387755e-01
   1.9343853e-02   6.9466248e-01
   1.9356289e-02   6.9544741e-01
   1.9382893e-02   6.9623234e-01
   1.9396355e-02   6.9701727e-01
   1.9414238e-02   6.9780220e-01
   1.9423009e-02   6.9858713e-01
   1.9469892e-02   6.9937206e-01
   1.9545732e-02   7.0015699e-01
   1.9604408e-02   7.0094192e-01
   1.9634202e-02   7.0251177e-01
   1.9662928e-02   7.0329670e-01
   1.9736701e-02   7.0408163e-01
   1.9763760e-02   7.0565149e-01
   1.9771174e-02   7.0722135e-01
   1.9832749e-02   7.0800628e-01
   1.9863948e-02   7.0879121e-01
   1.9868012e-02   7.0957614e-01
   1.9880195e-02   7.1036107e-01
   1.9883173e-02   7.1193093e-01
   1.9906409e-02   7.1350078e-01
   1.9954582e-02   7.1428571e-01
   2.0000497e-02   7.1585557e-01
   2.0067732e-02   7.1664050e-01
   2.0068206e-02   7.1742543e-01
   2.0079742e-02   7.1899529e-01
   2.0148688e-02   7.1978022e-01
   2.0190270e-02   7.2056515e-01
   2.0233569e-02   7.2135008e-01
   2.0238663e-02   7.2213501e-01
   2.0243042e-02   7.2291994e-01
   2.0277761e-02   7.2370487e-01
   2.0349800e-02   7.2448980e-01
   2.0367652e-02   7.2527473e-01
   2.0375046e-02   7.2605965e-01
   2.0403542e-02   7.2684458e-01
   2.0430508e-02   7.2762951e-01
   2.0454876e-02   7.2841444e-01
   2.0471436e-02   7.2919937e-01
   2.0489402e-02   7.2998430e-01
   2.0553935e-02   7.3076923e-01
   2.0602967e-02   7.3233909e-01
   2.0639956e-02   7.3312402e-01
   2.0650360e-02   7.3390895e-01
   2.0666799e-02   7.3547881e-01
   2.0670055e-02   7.3626374e-01
   2.0675940e-02   7.3704867e-01
   2.0770822e-02   7.3783359e-01
   2.0816611e-02   7.3861852e-01
   2.0867833e-02   7.3940345e-01
   2.0887847e-02   7.4018838e-01
   2.0954024e-02   7.4097331e-01
   2.0971556e-02   7.4175824e-01
   2.0974619e-02   7.4254317e-01
   2.1115793e-02   7.4411303e-01
   2.1178574e-02   7.4568289e-01
   2.1196691e-02   7.4725275e-01
   2.1200854e-02   7.4803768e-01
   2.1280436e-02   7.4882261e-01
   2.1298534e-02   7.4960754e-01
   2.1339718e-02   7.5117739e-01
   2.1411041e-02   7.5196232e-01
   2.1441914e-02   7.5274725e-01
   2.1450831e-02   7.5353218e-01
   2.1478124e-02   7.5431711e-01
   2.1570231e-02   7.5510204e-01
   2.1588448e-02   7.5588697e-01
   2.1592395e-02   7.5667190e-01
   2.1629809e-02   7.5745683e-01
   2.1634857e-02   7.5824176e-01
   2.1724911e-02   7.5902669e-01
   2.1769179e-02   7.5981162e-01
   2.1862258e-02   7.6059655e-01
   2.1911106e-02   7.6138148e-01
   2.1916833e-02   7.6216641e-01
   2.2001640e-02   7.6295133e-01
   2.2018294e-02   7.6373626e-01
   2.2133341e-02   7.6452119e-01
   2.2218662e-02   7.6609105e-01
   2.2257474e-02   7.6687598e-01
   2.2282057e-02   7.6923077e-01
   2.2322365e-02   7.7001570e-01
   2.2327372e-02   7.7080063e-01
   2.2359429e-02   7.7158556e-01
   2.2429557e-02   7.7237049e-01
   2.2467827e-02   7.7315542e-01
   2.2483307e-02   7.7394035e-01
   2.2534649e-02   7.7472527e-01
   2.2537132e-02   7.7551020e-01
   2.2544720e-02   7.7629513e-01
   2.2567422e-02   7.7708006e-01
   2.2598734e-02   7.7864992e-01
   2.2744264e-02   7.7943485e-01
   2.2744378e-02   7.8021978e-01
   2.2750812e-02   7.8100471e-01
   2.2755518e-02   7.8178964e-01
   2.2772455e-02   7.8257457e-01
   2.2805534e-02   7.8335950e-01
   2.2851165e-02   7.8414443e-01
   2.2977419e-02   7.8492936e-01
   2.3051990e-02   7.8571429e-01
   2.3088842e-02   7.8649922e-01
   2.3098361e-02   7.8728414e-01
   2.3140234e-02   7.8806907e-01
   2.3150438e-02   7.8885400e-01
   2.3264469e-02   7.8963893e-01
   2.3369185e-02   7.9042386e-01
   2.3499911e-02   7.9120879e-01
   2.3545497e-02   7.9199372e-01
   2.3573355e-02   7.9277865e-01
   2.3612815e-02   7.9356358e-01
   2.3688951e-02   7.9434851e-01
   2.3725678e-02   7.9513344e-01
   2.3743511e-02   7.9591837e-01
   2.3788635e-02   7.9670330e-01
   2.4048224e-02   7.9748823e-01
   2.4072600e-02   7.9827316e-01
   2.4094256e-02   7.9905808e-01
   2.4194080e-02   8.0062794e-01
   2.4310503e-02   8.0141287e-01
   2.4312871e-02   8.0219780e-01
   2.4321031e-02   8.0298273e-01
   2.4321646e-02   8.0376766e-01
   2.4325213e-02   8.0455259e-01
   2.4404409e-02   8.0533752e-01
   2.4417007e-02   8.0612245e-01
   2.4544479e-02   8.0690738e-01
   2.4771877e-02   8.0769231e-01
   2.4801056e-02   8.0847724e-01
   2.4833280e-02   8.1004710e-01
   2.4920054e-02   8.1083203e-01
   2.4925584e-02   8.1161695e-01
   2.4928544e-02   8.1240188e-01
   2.4943001e-02   8.1318681e-01
   2.4997904e-02   8.1397174e-01
   2.5040810e-02   8.1475667e-01
   2.5093705e-02   8.1554160e-01
   2.5143659e-02   8.1632653e-01
   2.5183579e-02   8.1711146e-01
   2.5233499e-02   8.1789639e-01
   2.5329080e-02   8.1868132e-01
   2.5355966e-02   8.1946625e-01
   2.5368741e-02   8.2025118e-01
   2.5436795e-02   8.2103611e-01
   2.5523597e-02   8.2182104e-01
   2.5631780e-02   8.2260597e-01
   2.5668586e-02   8.2339089e-01
   2.5816693e-02   8.2417582e-01
   2.5848571e-02   8.2496075e-01
   2.5877107e-02   8.2574568e-01
   2.5887404e-02   8.2653061e-01
   2.5892587e-02   8.2731554e-01
   2.5948788e-02   8.2810047e-01
   2.5962047e-02   8.2888540e-01
   2.5967651e-02   8.2967033e-01
   2.6047036e-02   8.3045526e-01
   2.6139356e-02   8.3124019e-01
   2.6164242e-02   8.3202512e-01
   2.6336136e-02   8.3281005e-01
   2.6409111e-02   8.3437991e-01
   2.6428206e-02   8.3516484e-01
   2.6489167e-02   8.3594976e-01
   2.6523260e-02   8.3673469e-01
   2.6678544e-02   8.3751962e-01
   2.6792882e-02   8.3908948e-01
   2.6831923e-02   8.4065934e-01
   2.6869371e-02   8.4144427e-01
   2.6962685e-02   8.4222920e-01
   2.6996352e-02   8.4301413e-01
   2.7036647e-02   8.4379906e-01
   2.7093381e-02   8.4458399e-01
   2.7105323e-02   8.4536892e-01
   2.7141834e-02   8.4615385e-01
   2.7221935e-02   8.4693878e-01
   2.7361607e-02   8.4772370e-01
   2.7385683e-02   8.4850863e-01
   2.7463049e-02   8.5007849e-01
   2.7469841e-02   8.5086342e-01
   2.7509874e-02   8.5164835e-01
   2.7616894e-02   8.5243328e-01
   2.7621842e-02   8.5321821e-01
   2.7904389e-02   8.5400314e-01
   2.8096262e-02   8.5478807e-01
   2.8200284e-02   8.5557300e-01
   2.8456125e-02   8.5635793e-01
   2.8536493e-02   8.5714286e-01
   2.8538047e-02   8.5792779e-01
   2.8612052e-02   8.5871272e-01
   2.8663376e-02   8.5949765e-01
   2.8724969e-02   8.6028257e-01
   2.8754657e-02   8.6106750e-01
   2.8783205e-02   8.6263736e-01
   2.9015133e-02   8.6342229e-01
   2.9243310e-02   8.6499215e-01
   2.9248039e-02   8.6577708e-01
   2.9338371e-02   8.6656201e-01
   2.9377123e-02   8.6734694e-01
   2.9490489e-02   8.6813187e-01
   2.9770530e-02   8.6891680e-01
   2.9799597e-02   8.6970173e-01
   2.9801078e-02   8.7048666e-01
   2.9840808e-02   8.7205651e-01
   2.9897824e-02   8.7284144e-01
   3.0076010e-02   8.7362637e-01
   3.0081962e-02   8.7441130e-01
   3.0334983e-02   8.7519623e-01
   3.0441210e-02   8.7598116e-01
   3.0586041e-02   8.7676609e-01
   3.0744452e-02   8.7755102e-01
   3.0881308e-02   8.7833595e-01
   3.0907794e-02   8.7912088e-01
   3.1022019e-02   8.7990581e-01
   3.1154109e-02   8.8069074e-01
   3.1159211e-02   8.8147567e-01
   3.1187185e-02   8.8226060e-01
   3.1222265e-02   8.8304553e-01
   3.1246620e-02   8.8383046e-01
   3.1339948e-02   8.8461538e-01
   3.1569833e-02   8.8540031e-01
   3.1606534e-02   8.8618524e-01
   3.1636802e-02   8.8697017e-01
   3.1663170e-02   8.8775510e-01
   3.1765516e-02   8.8854003e-01
   3.1881165e-02   8.8932496e-01
   3.1926031e-02   8.9010989e-01
   3.2160450e-02   8.9167975e-01
   3.2314615e-02   8.9246468e-01
   3.2327053e-02   8.9324961e-01
   3.2385833e-02   8.9481947e-01
   3.3003025e-02   8.9560440e-01
   3.3084411e-02   8.9638932e-01
   3.3428941e-02   8.9717425e-01
   3.3462216e-02   8.9795918e-01
   3.3473612e-02   8.9874411e-01
   3.3557928e-02   8.9952904e-01
   3.3610138e-02   9.0031397e-01
   3.3747792e-02   9.0109890e-01
   3.3798182e-02   9.0266876e-01
   3.3995417e-02   9.0345369e-01
   3.4005081e-02   9.0423862e-01
   3.4248011e-02   9.0502355e-01
   3.4264529e-02   9.0580848e-01
   3.4564479e-02   9.0659341e-01
   3.4611766e-02   9.0737834e-01
   3.4671976e-02   9.0816327e-01
   3.4756357e-02   9.0894819e-01
   3.4883365e-02   9.0973312e-01
   3.4946931e-02   9.1051805e-01
   3.5901604e-02   9.1130298e-01
   3.5920007e-02   9.1208791e-01
   3.6047527e-02   9.1287284e-01
   3.6082233e-02   9.1365777e-01
   3.6782270e-02   9.1444270e-01
   3.6803214e-02   9.1522763e-01
   3.6862814e-02   9.1601256e-01
   3.7003375e-02   9.1679749e-01
   3.7383676e-02   9.1758242e-01
   3.7852102e-02   9.1836735e-01
   3.7897763e-02   9.1915228e-01
   3.8098100e-02   9.1993721e-01
   3.8114339e-02   9.2072214e-01
   3.8237033e-02   9.2150706e-01
   3.8617172e-02   9.2229199e-01
   3.8897008e-02   9.2307692e-01
   3.9123310e-02   9.2386185e-01
   3.9278897e-02   9.2464678e-01
   3.9307559e-02   9.2543171e-01
   3.9369937e-02   9.2621664e-01
   3.9716768e-02   9.2700157e-01
   3.9747741e-02   9.2778650e-01
   4.0041389e-02   9.2857143e-01
   4.0101725e-02   9.2935636e-01
   4.0104101e-02   9.3014129e-01
   4.0880232e-02   9.3092622e-01
   4.1675842e-02   9.3171115e-01
   4.2165081e-02   9.3249608e-01
   4.2346324e-02   9.3328100e-01
   4.2348210e-02   9.3406593e-01
   4.2561475e-02   9.3485086e-01
   4.2630652e-02   9.3563579e-01
   4.2667658e-02   9.3642072e-01
   4.3035704e-02   9.3720565e-01
   4.3201964e-02   9.3799058e-01
   4.3297492e-02   9.3877551e-01
   4.3415256e-02   9.3956044e-01
   4.3666345e-02   9.4034537e-01
   4.3698355e-02   9.4113030e-01
   4.3759989e-02   9.4191523e-01
   4.3773003e-02   9.4270016e-01
   4.4096845e-02   9.4348509e-01
   4.4158990e-02   9.4427002e-01
   4.4476890e-02   9.4505495e-01
   4.4770915e-02   9.4583987e-01
   4.4943347e-02   9.4662480e-01
   4.5074265e-02   9.4740973e-01
   4.5261563e-02   9.4819466e-01
   4.5269865e-02   9.4897959e-01
   4.5275358e-02   9.4976452e-01
   4.5518764e-02   9.5054945e-01
   4.5595561e-02   9.5133438e-01
   4.6269902e-02   9.5211931e-01
   4.6417685e-02   9.5290424e-01
   4.6615385e-02   9.5368917e-01
   4.6720113e-02   9.5447410e-01
   4.6928398e-02   9.5525903e-01
   4.6941497e-02   9.5604396e-01
   4.6962477e-02   9.5682889e-01
   4.7247058e-02   9.5761381e-01
   4.7314423e-02   9.5839874e-01
   4.7377322e-02   9.5918367e-01
   4.7560633e-02   9.5996860e-01
   4.7819920e-02   9.6075353e-01
   4.8566313e-02   9.6153846e-01
   4.8619218e-02   9.6232339e-01
   4.8745609e-02   9.6310832e-01
   4.8880074e-02   9.6389325e-01
   5.1718427e-02   9.6467818e-01
   5.1792059e-02   9.6546311e-01
   5.2351064e-02   9.6624804e-01
   5.2755711e-02   9.6703297e-01
   5.3105358e-02   9.6781790e-01
   5.3230748e-02   9.6860283e-01
   5.3325061e-02   9.6938776e-01
   5.3355959e-02   9.7017268e-01
   5.3847655e-02   9.7095761e-01
   5.3952662e-02   9.7174254e-01
   5.4202898e-02   9.7252747e-01
   5.4962301e-02   9.7331240e-01
   5.5683100e-02   9.7409733e-01
   5.5946795e-02   9.7488226e-01
   5.6245943e-02   9.7566719e-01
   5.6586689e-02   9.7645212e-01
   5.7046010e-02   9.7723705e-01
   5.7112765e-02   9.7802198e-01
   5.7565803e-02   9.7880691e-01
   5.7817240e-02   9.7959184e-01
   5.7869803e-02   9.8037677e-01
   6.0467016e-02   9.8116170e-01
   6.0736009e-02   9.8194662e-01
   6.2467428e-02   9.8273155e-01
   6.3841910e-02   9.8351648e-01
   6.8279705e-02   9.8430141e-01
   6.9362662e-02   9.8508634e-01
   7.0866730e-02   9.8587127e-01
   7.1933303e-02   9.8665620e-01
   7.2208952e-02   9.8744113e-01
   7.2218924e-02   9.8822606e-01
   7.3132007e-02   9.8901099e-01
   7.4374901e-02   9.8979592e-01
   8.0257451e-02   9.9058085e-01
   8.5205106e-02   9.9136578e-01
   8.9420423e-02   9.9215071e-01
   9.1864219e-02   9.9293564e-01
   9.3358528e-02   9.9372057e-01
   9.8198518e-02   9.9450549e-01
   9.9567081e-02   9.9529042e-01
   1.0119169e-01   9.9607535e-01
   1.0198182e-01   9.9686028e-01
   1.1665452e-01   9.9764521e-01
   1.5043246e-01   9.9843014e-01
   1.5695335e-01   9.9921507e-01
   2.3665855e-01   1.0000000e+00
