   4.1985428e-03   0.0000000e+00
   4.1985428e-03   6.5359477e-04
   6.1329690e-03   1.9607843e-03
   6.1705686e-03   2.6143791e-03
   6.3934960e-03   3.2679739e-03
   6.4189003e-03   3.9215686e-03
   6.5092570e-03   4.5751634e-03
   6.6696123e-03   5.2287582e-03
   6.6826394e-03   6.5359477e-03
   6.7451310e-03   7.1895425e-03
   6.8562666e-03   7.8431373e-03
   6.9711664e-03   9.1503268e-03
   6.9965834e-03   9.8039216e-03
   7.1372737e-03   1.1111111e-02
   7.2619962e-03   1.3071895e-02
   7.2828303e-03   1.4379085e-02
   7.4867591e-03   1.5032680e-02
   7.5398954e-03   1.5686275e-02
   7.5496999e-03   1.7647059e-02
   7.5706463e-03   1.8954248e-02
   7.5745993e-03   2.0915033e-02
   7.6033608e-03   2.2875817e-02
   7.6532061e-03   2.3529412e-02
   7.7016261e-03   2.4183007e-02
   7.8289513e-03   2.5490196e-02
   7.8414276e-03   2.6143791e-02
   7.8593541e-03   2.9411765e-02
   7.8965799e-03   3.0718954e-02
   7.9323377e-03   3.1372549e-02
   7.9935247e-03   3.2679739e-02
   8.0464413e-03   3.3333333e-02
   8.1197563e-03   3.3986928e-02
   8.1307674e-03   3.4640523e-02
   8.1528772e-03   3.7254902e-02
   8.1780397e-03   4.0522876e-02
   8.2268371e-03   4.3790850e-02
   8.2675362e-03   4.4444444e-02
   8.3405495e-03   4.6405229e-02
   8.3966906e-03   4.7712418e-02
   8.4084435e-03   5.0326797e-02
   8.4209181e-03   5.2941176e-02
   8.4731506e-03   5.3594771e-02
   8.5644134e-03   5.5555556e-02
   8.6087949e-03   5.8169935e-02
   8.6934775e-03   5.8823529e-02
   8.6996173e-03   6.0130719e-02
   8.7070551e-03   6.4052288e-02
   8.7313651e-03   6.5359477e-02
   8.8012846e-03   6.6666667e-02
   8.8357060e-03   6.7320261e-02
   8.8594019e-03   6.8627451e-02
   8.9300834e-03   6.9281046e-02
   8.9554212e-03   6.9934641e-02
   8.9885609e-03   7.2549020e-02
   9.0004564e-03   7.3856209e-02
   9.0134888e-03   7.5163399e-02
   9.0501417e-03   8.0392157e-02
   9.0523141e-03   8.1045752e-02
   9.1364322e-03   8.4313725e-02
   9.1737626e-03   8.5620915e-02
   9.2589848e-03   8.8235294e-02
   9.2857095e-03   9.1503268e-02
   9.3100238e-03   9.3464052e-02
   9.3274957e-03   9.4771242e-02
   9.3763985e-03   9.9346405e-02
   9.4049152e-03   1.0196078e-01
   9.4150808e-03   1.0261438e-01
   9.4785143e-03   1.0457516e-01
   9.5170983e-03   1.0522876e-01
   9.5681385e-03   1.1045752e-01
   9.5805757e-03   1.1503268e-01
   9.5908079e-03   1.1699346e-01
   9.6139563e-03   1.2091503e-01
   9.6274777e-03   1.2810458e-01
   9.6483363e-03   1.2941176e-01
   9.6730522e-03   1.3006536e-01
   9.7100303e-03   1.3398693e-01
   9.7401063e-03   1.3464052e-01
   9.8255580e-03   1.3594771e-01
   9.8598987e-03   1.4052288e-01
   9.8645056e-03   1.4117647e-01
   9.8651621e-03   1.4183007e-01
   9.8893485e-03   1.4705882e-01
   9.9031214e-03   1.4836601e-01
   9.9526965e-03   1.5359477e-01
   9.9735133e-03   1.5490196e-01
   1.0049082e-02   1.5947712e-01
   1.0080473e-02   1.6013072e-01
   1.0147748e-02   1.6405229e-01
   1.0152479e-02   1.6470588e-01
   1.0160186e-02   1.6732026e-01
   1.0168416e-02   1.6928105e-01
   1.0177642e-02   1.7058824e-01
   1.0206226e-02   1.7320261e-01
   1.0217471e-02   1.7647059e-01
   1.0283750e-02   1.7908497e-01
   1.0307953e-02   1.8104575e-01
   1.0337177e-02   1.8169935e-01
   1.0384732e-02   1.8300654e-01
   1.0393597e-02   1.8627451e-01
   1.0439760e-02   1.9019608e-01
   1.0443420e-02   1.9477124e-01
   1.0468869e-02   1.9542484e-01
   1.0479214e-02   1.9673203e-01
   1.0529312e-02   1.9934641e-01
   1.0534262e-02   2.0000000e-01
   1.0546816e-02   2.0196078e-01
   1.0573600e-02   2.0326797e-01
   1.0620656e-02   2.0588235e-01
   1.0645618e-02   2.0718954e-01
   1.0704530e-02   2.0784314e-01
   1.0727386e-02   2.0980392e-01
   1.0743050e-02   2.1176471e-01
   1.0746267e-02   2.1699346e-01
   1.0784089e-02   2.2156863e-01
   1.0796305e-02   2.2222222e-01
   1.0858601e-02   2.2614379e-01
   1.0877068e-02   2.2679739e-01
   1.0894971e-02   2.2875817e-01
   1.0903014e-02   2.2941176e-01
   1.0962874e-02   2.3006536e-01
   1.0987879e-02   2.3071895e-01
   1.1020192e-02   2.3267974e-01
   1.1022434e-02   2.3594771e-01
   1.1047886e-02   2.3790850e-01
   1.1075203e-02   2.3856209e-01
   1.1096974e-02   2.4052288e-01
   1.1105827e-02   2.4379085e-01
   1.1119149e-02   2.4509804e-01
   1.1119279e-02   2.4575163e-01
   1.1128206e-02   2.4640523e-01
   1.1212266e-02   2.4771242e-01
   1.1259377e-02   2.4901961e-01
   1.1295871e-02   2.4967320e-01
   1.1307603e-02   2.5620915e-01
   1.1309921e-02   2.5751634e-01
   1.1320071e-02   2.5947712e-01
   1.1324324e-02   2.6013072e-01
   1.1334321e-02   2.6078431e-01
   1.1362156e-02   2.6405229e-01
   1.1371183e-02   2.6797386e-01
   1.1433532e-02   2.7124183e-01
   1.1447261e-02   2.7254902e-01
   1.1448876e-02   2.7320261e-01
   1.1454956e-02   2.7450980e-01
   1.1484390e-02   2.7516340e-01
   1.1515828e-02   2.7647059e-01
   1.1533655e-02   2.7777778e-01
   1.1551980e-02   2.7908497e-01
   1.1571397e-02   2.7973856e-01
   1.1600053e-02   2.8300654e-01
   1.1602075e-02   2.8431373e-01
   1.1626986e-02   2.8627451e-01
   1.1627132e-02   2.8692810e-01
   1.1632523e-02   2.8888889e-01
   1.1661368e-02   2.9150327e-01
   1.1664891e-02   2.9215686e-01
   1.1682673e-02   2.9346405e-01
   1.1684570e-02   2.9477124e-01
   1.1692225e-02   2.9738562e-01
   1.1766706e-02   3.0000000e-01
   1.1780200e-02   3.0130719e-01
   1.1816626e-02   3.0392157e-01
   1.1878484e-02   3.0457516e-01
   1.1887283e-02   3.0588235e-01
   1.1899750e-02   3.0718954e-01
   1.1903085e-02   3.1111111e-01
   1.1940397e-02   3.1307190e-01
   1.1946543e-02   3.1437908e-01
   1.1998647e-02   3.1568627e-01
   1.2008937e-02   3.2156863e-01
   1.2016827e-02   3.2287582e-01
   1.2018380e-02   3.2418301e-01
   1.2104898e-02   3.2483660e-01
   1.2117569e-02   3.2614379e-01
   1.2179914e-02   3.2745098e-01
   1.2181247e-02   3.3071895e-01
   1.2204847e-02   3.3137255e-01
   1.2206159e-02   3.3267974e-01
   1.2210149e-02   3.3464052e-01
   1.2259804e-02   3.3529412e-01
   1.2265938e-02   3.3660131e-01
   1.2340492e-02   3.3921569e-01
   1.2349243e-02   3.4248366e-01
   1.2447698e-02   3.4379085e-01
   1.2459684e-02   3.4444444e-01
   1.2466980e-02   3.4771242e-01
   1.2479446e-02   3.4836601e-01
   1.2481470e-02   3.4901961e-01
   1.2518787e-02   3.5163399e-01
   1.2522822e-02   3.5294118e-01
   1.2581428e-02   3.5424837e-01
   1.2584751e-02   3.5555556e-01
   1.2590297e-02   3.5620915e-01
   1.2595233e-02   3.5686275e-01
   1.2676923e-02   3.5882353e-01
   1.2739139e-02   3.6013072e-01
   1.2759775e-02   3.6209150e-01
   1.2760482e-02   3.6405229e-01
   1.2773221e-02   3.6470588e-01
   1.2785394e-02   3.6666667e-01
   1.2787511e-02   3.6862745e-01
   1.2795410e-02   3.6993464e-01
   1.2837181e-02   3.7385621e-01
   1.2921371e-02   3.7516340e-01
   1.2938182e-02   3.7581699e-01
   1.3018514e-02   3.7777778e-01
   1.3024327e-02   3.7908497e-01
   1.3059157e-02   3.8169935e-01
   1.3059986e-02   3.8235294e-01
   1.3097308e-02   3.8300654e-01
   1.3098961e-02   3.8366013e-01
   1.3104706e-02   3.8431373e-01
   1.3126709e-02   3.8562092e-01
   1.3160921e-02   3.8627451e-01
   1.3164030e-02   3.8692810e-01
   1.3250280e-02   3.8954248e-01
   1.3253109e-02   3.9084967e-01
   1.3294847e-02   3.9150327e-01
   1.3298278e-02   3.9215686e-01
   1.3339636e-02   3.9411765e-01
   1.3339772e-02   3.9542484e-01
   1.3363604e-02   3.9673203e-01
   1.3364683e-02   3.9934641e-01
   1.3365089e-02   4.0130719e-01
   1.3414772e-02   4.0326797e-01
   1.3416074e-02   4.0522876e-01
   1.3483166e-02   4.0588235e-01
   1.3490262e-02   4.0653595e-01
   1.3491209e-02   4.0784314e-01
   1.3500903e-02   4.0980392e-01
   1.3589486e-02   4.1045752e-01
   1.3626416e-02   4.1111111e-01
   1.3638616e-02   4.1176471e-01
   1.3666645e-02   4.1241830e-01
   1.3675942e-02   4.1437908e-01
   1.3676032e-02   4.1568627e-01
   1.3681920e-02   4.1633987e-01
   1.3712533e-02   4.1830065e-01
   1.3713580e-02   4.1895425e-01
   1.3738029e-02   4.2026144e-01
   1.3740802e-02   4.2091503e-01
   1.3823580e-02   4.2156863e-01
   1.3844096e-02   4.2222222e-01
   1.3858769e-02   4.2287582e-01
   1.3919108e-02   4.2418301e-01
   1.3919497e-02   4.2549020e-01
   1.3931046e-02   4.2614379e-01
   1.3932759e-02   4.2810458e-01
   1.3943461e-02   4.2941176e-01
   1.3991244e-02   4.3071895e-01
   1.3993167e-02   4.3398693e-01
   1.4062793e-02   4.3464052e-01
   1.4063086e-02   4.3529412e-01
   1.4065016e-02   4.3594771e-01
   1.4157750e-02   4.3790850e-01
   1.4217941e-02   4.3986928e-01
   1.4218616e-02   4.4052288e-01
   1.4252760e-02   4.4117647e-01
   1.4255281e-02   4.4248366e-01
   1.4279807e-02   4.4379085e-01
   1.4311009e-02   4.4640523e-01
   1.4392403e-02   4.4705882e-01
   1.4397406e-02   4.4836601e-01
   1.4415531e-02   4.4901961e-01
   1.4420792e-02   4.4967320e-01
   1.4428687e-02   4.5098039e-01
   1.4499069e-02   4.5163399e-01
   1.4499358e-02   4.5294118e-01
   1.4502763e-02   4.5424837e-01
   1.4521394e-02   4.5686275e-01
   1.4523992e-02   4.5816993e-01
   1.4566785e-02   4.5947712e-01
   1.4571109e-02   4.6013072e-01
   1.4583486e-02   4.6143791e-01
   1.4622562e-02   4.6209150e-01
   1.4635029e-02   4.6274510e-01
   1.4641058e-02   4.6339869e-01
   1.4733513e-02   4.6470588e-01
   1.4770704e-02   4.6535948e-01
   1.4779623e-02   4.6601307e-01
   1.4786468e-02   4.6797386e-01
   1.4796758e-02   4.6862745e-01
   1.4798943e-02   4.7058824e-01
   1.4829732e-02   4.7254902e-01
   1.4885239e-02   4.7581699e-01
   1.4891772e-02   4.7712418e-01
   1.4971696e-02   4.7843137e-01
   1.5047937e-02   4.7908497e-01
   1.5080350e-02   4.8366013e-01
   1.5103407e-02   4.8496732e-01
   1.5128413e-02   4.8562092e-01
   1.5142657e-02   4.8627451e-01
   1.5149199e-02   4.8758170e-01
   1.5183982e-02   4.8823529e-01
   1.5196800e-02   4.8888889e-01
   1.5216964e-02   4.9019608e-01
   1.5294748e-02   4.9084967e-01
   1.5306412e-02   4.9150327e-01
   1.5325817e-02   4.9215686e-01
   1.5341022e-02   4.9346405e-01
   1.5366783e-02   4.9542484e-01
   1.5375655e-02   4.9607843e-01
   1.5379245e-02   4.9803922e-01
   1.5413000e-02   5.0065359e-01
   1.5417165e-02   5.0130719e-01
   1.5459889e-02   5.0196078e-01
   1.5468980e-02   5.0261438e-01
   1.5658483e-02   5.0588235e-01
   1.5660211e-02   5.0653595e-01
   1.5671653e-02   5.0718954e-01
   1.5677686e-02   5.0915033e-01
   1.5683393e-02   5.1176471e-01
   1.5690615e-02   5.1307190e-01
   1.5700697e-02   5.1372549e-01
   1.5718821e-02   5.1503268e-01
   1.5727418e-02   5.1633987e-01
   1.5746360e-02   5.1699346e-01
   1.5764215e-02   5.1764706e-01
   1.5781169e-02   5.1830065e-01
   1.5793160e-02   5.1960784e-01
   1.5851468e-02   5.2026144e-01
   1.5864481e-02   5.2091503e-01
   1.5873078e-02   5.2156863e-01
   1.5903746e-02   5.2222222e-01
   1.5946545e-02   5.2483660e-01
   1.5955162e-02   5.2549020e-01
   1.5959006e-02   5.2679739e-01
   1.5968427e-02   5.2745098e-01
   1.5984304e-02   5.2875817e-01
   1.5987049e-02   5.3006536e-01
   1.6046378e-02   5.3071895e-01
   1.6063711e-02   5.3137255e-01
   1.6063870e-02   5.3202614e-01
   1.6106256e-02   5.3267974e-01
   1.6114447e-02   5.3333333e-01
   1.6121474e-02   5.3398693e-01
   1.6198053e-02   5.3464052e-01
   1.6237961e-02   5.3594771e-01
   1.6240072e-02   5.3660131e-01
   1.6242140e-02   5.3725490e-01
   1.6256546e-02   5.3856209e-01
   1.6262228e-02   5.3921569e-01
   1.6262871e-02   5.3986928e-01
   1.6295248e-02   5.4052288e-01
   1.6306272e-02   5.4183007e-01
   1.6332504e-02   5.4248366e-01
   1.6354958e-02   5.4313725e-01
   1.6369614e-02   5.4575163e-01
   1.6434922e-02   5.4705882e-01
   1.6453674e-02   5.4771242e-01
   1.6468343e-02   5.4967320e-01
   1.6526314e-02   5.5032680e-01
   1.6534192e-02   5.5228758e-01
   1.6534846e-02   5.5424837e-01
   1.6538774e-02   5.5620915e-01
   1.6562380e-02   5.5751634e-01
   1.6571528e-02   5.5947712e-01
   1.6610276e-02   5.6013072e-01
   1.6624456e-02   5.6274510e-01
   1.6655054e-02   5.6339869e-01
   1.6681775e-02   5.6405229e-01
   1.6696878e-02   5.6470588e-01
   1.6766957e-02   5.6601307e-01
   1.6782028e-02   5.6666667e-01
   1.6789530e-02   5.6732026e-01
   1.6795573e-02   5.6862745e-01
   1.6816161e-02   5.6928105e-01
   1.6817466e-02   5.7058824e-01
   1.6819933e-02   5.7320261e-01
   1.6842376e-02   5.7385621e-01
   1.6875340e-02   5.7450980e-01
   1.6884714e-02   5.7516340e-01
   1.6946799e-02   5.7581699e-01
   1.7002168e-02   5.7647059e-01
   1.7006000e-02   5.7712418e-01
   1.7027938e-02   5.7843137e-01
   1.7033324e-02   5.8039216e-01
   1.7102830e-02   5.8104575e-01
   1.7113278e-02   5.8235294e-01
   1.7129485e-02   5.8300654e-01
   1.7147677e-02   5.8366013e-01
   1.7150616e-02   5.8496732e-01
   1.7251686e-02   5.8627451e-01
   1.7337243e-02   5.8692810e-01
   1.7350733e-02   5.8758170e-01
   1.7351820e-02   5.8823529e-01
   1.7363226e-02   5.8888889e-01
   1.7396994e-02   5.8954248e-01
   1.7421904e-02   5.9150327e-01
   1.7463251e-02   5.9281046e-01
   1.7504228e-02   5.9411765e-01
   1.7536065e-02   5.9477124e-01
   1.7603689e-02   5.9673203e-01
   1.7698329e-02   5.9934641e-01
   1.7701246e-02   6.0065359e-01
   1.7717947e-02   6.0196078e-01
   1.7729755e-02   6.0326797e-01
   1.7744562e-02   6.0392157e-01
   1.7780046e-02   6.0457516e-01
   1.7817624e-02   6.0588235e-01
   1.7849675e-02   6.0718954e-01
   1.7907527e-02   6.0784314e-01
   1.7976544e-02   6.0915033e-01
   1.7979655e-02   6.1045752e-01
   1.7992130e-02   6.1176471e-01
   1.8007632e-02   6.1241830e-01
   1.8026365e-02   6.1503268e-01
   1.8042452e-02   6.1568627e-01
   1.8058144e-02   6.1633987e-01
   1.8063825e-02   6.1699346e-01
   1.8079772e-02   6.1764706e-01
   1.8101408e-02   6.2026144e-01
   1.8150946e-02   6.2091503e-01
   1.8265655e-02   6.2222222e-01
   1.8271599e-02   6.2287582e-01
   1.8273024e-02   6.2352941e-01
   1.8278115e-02   6.2549020e-01
   1.8284137e-02   6.2614379e-01
   1.8295928e-02   6.2679739e-01
   1.8307284e-02   6.2810458e-01
   1.8308939e-02   6.2941176e-01
   1.8312495e-02   6.3006536e-01
   1.8339188e-02   6.3071895e-01
   1.8347091e-02   6.3137255e-01
   1.8358651e-02   6.3202614e-01
   1.8386666e-02   6.3398693e-01
   1.8400028e-02   6.3529412e-01
   1.8425892e-02   6.3594771e-01
   1.8471940e-02   6.3660131e-01
   1.8478874e-02   6.3856209e-01
   1.8517289e-02   6.3921569e-01
   1.8556113e-02   6.3986928e-01
   1.8559516e-02   6.4052288e-01
   1.8581023e-02   6.4183007e-01
   1.8584423e-02   6.4248366e-01
   1.8613912e-02   6.4444444e-01
   1.8621176e-02   6.4509804e-01
   1.8654991e-02   6.4575163e-01
   1.8678667e-02   6.4705882e-01
   1.8689188e-02   6.4771242e-01
   1.8753918e-02   6.4901961e-01
   1.8829457e-02   6.5032680e-01
   1.8845446e-02   6.5163399e-01
   1.8846718e-02   6.5359477e-01
   1.8850824e-02   6.5424837e-01
   1.8857905e-02   6.5490196e-01
   1.8888762e-02   6.5686275e-01
   1.8915597e-02   6.5751634e-01
   1.8974210e-02   6.5816993e-01
   1.9002330e-02   6.5882353e-01
   1.9083466e-02   6.5947712e-01
   1.9085305e-02   6.6078431e-01
   1.9135700e-02   6.6143791e-01
   1.9161198e-02   6.6209150e-01
   1.9185454e-02   6.6274510e-01
   1.9227223e-02   6.6405229e-01
   1.9230490e-02   6.6470588e-01
   1.9253606e-02   6.6535948e-01
   1.9256081e-02   6.6601307e-01
   1.9302511e-02   6.6666667e-01
   1.9419275e-02   6.6732026e-01
   1.9419880e-02   6.6797386e-01
   1.9425240e-02   6.6928105e-01
   1.9435752e-02   6.6993464e-01
   1.9452825e-02   6.7058824e-01
   1.9492211e-02   6.7189542e-01
   1.9495299e-02   6.7254902e-01
   1.9585692e-02   6.7320261e-01
   1.9650870e-02   6.7516340e-01
   1.9715880e-02   6.7581699e-01
   1.9719810e-02   6.7777778e-01
   1.9759158e-02   6.7908497e-01
   1.9833638e-02   6.7973856e-01
   1.9870145e-02   6.8104575e-01
   1.9905249e-02   6.8169935e-01
   1.9942076e-02   6.8235294e-01
   1.9947027e-02   6.8300654e-01
   1.9993427e-02   6.8366013e-01
   2.0009968e-02   6.8496732e-01
   2.0031121e-02   6.8562092e-01
   2.0081231e-02   6.8627451e-01
   2.0093267e-02   6.8823529e-01
   2.0097956e-02   6.8888889e-01
   2.0123549e-02   6.8954248e-01
   2.0155795e-02   6.9084967e-01
   2.0160946e-02   6.9150327e-01
   2.0182671e-02   6.9215686e-01
   2.0194595e-02   6.9281046e-01
   2.0218580e-02   6.9346405e-01
   2.0234754e-02   6.9411765e-01
   2.0296052e-02   6.9477124e-01
   2.0300230e-02   6.9542484e-01
   2.0307898e-02   6.9607843e-01
   2.0357666e-02   6.9738562e-01
   2.0385484e-02   6.9803922e-01
   2.0411326e-02   6.9869281e-01
   2.0441161e-02   6.9934641e-01
   2.0507243e-02   7.0065359e-01
   2.0567329e-02   7.0130719e-01
   2.0589844e-02   7.0261438e-01
   2.0598430e-02   7.0457516e-01
   2.0609505e-02   7.0522876e-01
   2.0626652e-02   7.0784314e-01
   2.0671658e-02   7.0980392e-01
   2.0698653e-02   7.1111111e-01
   2.0711236e-02   7.1176471e-01
   2.0809906e-02   7.1307190e-01
   2.0852019e-02   7.1372549e-01
   2.0875684e-02   7.1437908e-01
   2.0880091e-02   7.1568627e-01
   2.0900591e-02   7.1830065e-01
   2.0902829e-02   7.1895425e-01
   2.0914628e-02   7.1960784e-01
   2.0920715e-02   7.2026144e-01
   2.0936610e-02   7.2091503e-01
   2.0952366e-02   7.2156863e-01
   2.0958428e-02   7.2222222e-01
   2.0989134e-02   7.2287582e-01
   2.1057501e-02   7.2352941e-01
   2.1068201e-02   7.2418301e-01
   2.1068924e-02   7.2483660e-01
   2.1135903e-02   7.2549020e-01
   2.1141556e-02   7.2679739e-01
   2.1165777e-02   7.2810458e-01
   2.1188501e-02   7.2875817e-01
   2.1241770e-02   7.2941176e-01
   2.1250128e-02   7.3006536e-01
   2.1262867e-02   7.3071895e-01
   2.1309940e-02   7.3137255e-01
   2.1356626e-02   7.3202614e-01
   2.1422589e-02   7.3267974e-01
   2.1428655e-02   7.3333333e-01
   2.1455327e-02   7.3398693e-01
   2.1459952e-02   7.3464052e-01
   2.1466371e-02   7.3529412e-01
   2.1473062e-02   7.3594771e-01
   2.1476730e-02   7.3660131e-01
   2.1480235e-02   7.3725490e-01
   2.1486523e-02   7.3790850e-01
   2.1506297e-02   7.3856209e-01
   2.1516131e-02   7.3921569e-01
   2.1534824e-02   7.3986928e-01
   2.1550220e-02   7.4052288e-01
   2.1567052e-02   7.4117647e-01
   2.1596531e-02   7.4183007e-01
   2.1631188e-02   7.4248366e-01
   2.1633926e-02   7.4313725e-01
   2.1681316e-02   7.4379085e-01
   2.1724597e-02   7.4444444e-01
   2.1745586e-02   7.4509804e-01
   2.1748587e-02   7.4575163e-01
   2.1758042e-02   7.4705882e-01
   2.1760427e-02   7.4771242e-01
   2.1767041e-02   7.4836601e-01
   2.1800908e-02   7.4967320e-01
   2.1814004e-02   7.5032680e-01
   2.1829193e-02   7.5098039e-01
   2.1849616e-02   7.5163399e-01
   2.1857538e-02   7.5228758e-01
   2.1871793e-02   7.5294118e-01
   2.1887233e-02   7.5359477e-01
   2.1926191e-02   7.5424837e-01
   2.2034983e-02   7.5490196e-01
   2.2050327e-02   7.5555556e-01
   2.2095171e-02   7.5686275e-01
   2.2153894e-02   7.5751634e-01
   2.2211157e-02   7.5816993e-01
   2.2272081e-02   7.5882353e-01
   2.2325396e-02   7.5947712e-01
   2.2327997e-02   7.6013072e-01
   2.2365342e-02   7.6143791e-01
   2.2378318e-02   7.6209150e-01
   2.2404657e-02   7.6274510e-01
   2.2407807e-02   7.6339869e-01
   2.2408196e-02   7.6405229e-01
   2.2412724e-02   7.6470588e-01
   2.2425198e-02   7.6535948e-01
   2.2487927e-02   7.6601307e-01
   2.2519835e-02   7.6666667e-01
   2.2524088e-02   7.6732026e-01
   2.2537442e-02   7.6928105e-01
   2.2540136e-02   7.6993464e-01
   2.2565151e-02   7.7058824e-01
   2.2619674e-02   7.7124183e-01
   2.2624488e-02   7.7189542e-01
   2.2674253e-02   7.7320261e-01
   2.2688658e-02   7.7450980e-01
   2.2724312e-02   7.7516340e-01
   2.2841057e-02   7.7581699e-01
   2.2895174e-02   7.7712418e-01
   2.2917666e-02   7.7777778e-01
   2.2944775e-02   7.7843137e-01
   2.2969487e-02   7.7908497e-01
   2.2987089e-02   7.7973856e-01
   2.3043332e-02   7.8039216e-01
   2.3062565e-02   7.8104575e-01
   2.3066861e-02   7.8300654e-01
   2.3076529e-02   7.8366013e-01
   2.3113990e-02   7.8431373e-01
   2.3114782e-02   7.8496732e-01
   2.3137717e-02   7.8562092e-01
   2.3195526e-02   7.8627451e-01
   2.3198454e-02   7.8692810e-01
   2.3219230e-02   7.8823529e-01
   2.3323835e-02   7.8888889e-01
   2.3472438e-02   7.8954248e-01
   2.3486884e-02   7.9019608e-01
   2.3497482e-02   7.9084967e-01
   2.3532944e-02   7.9150327e-01
   2.3533501e-02   7.9346405e-01
   2.3572524e-02   7.9411765e-01
   2.3625408e-02   7.9477124e-01
   2.3637626e-02   7.9542484e-01
   2.3678334e-02   7.9607843e-01
   2.3710497e-02   7.9673203e-01
   2.3782762e-02   7.9738562e-01
   2.3792328e-02   7.9803922e-01
   2.3799500e-02   7.9869281e-01
   2.3842604e-02   7.9934641e-01
   2.3880793e-02   8.0000000e-01
   2.3942411e-02   8.0130719e-01
   2.3981238e-02   8.0261438e-01
   2.4017875e-02   8.0326797e-01
   2.4037876e-02   8.0392157e-01
   2.4066357e-02   8.0457516e-01
   2.4077878e-02   8.0522876e-01
   2.4104294e-02   8.0653595e-01
   2.4144611e-02   8.0784314e-01
   2.4155181e-02   8.1045752e-01
   2.4242654e-02   8.1111111e-01
   2.4348161e-02   8.1176471e-01
   2.4361950e-02   8.1241830e-01
   2.4364392e-02   8.1307190e-01
   2.4379192e-02   8.1372549e-01
   2.4398143e-02   8.1437908e-01
   2.4414074e-02   8.1503268e-01
   2.4420393e-02   8.1568627e-01
   2.4443812e-02   8.1633987e-01
   2.4459149e-02   8.1699346e-01
   2.4487582e-02   8.1764706e-01
   2.4593594e-02   8.1895425e-01
   2.4660672e-02   8.1960784e-01
   2.4699600e-02   8.2026144e-01
   2.4778660e-02   8.2091503e-01
   2.4787242e-02   8.2156863e-01
   2.4789519e-02   8.2222222e-01
   2.4807691e-02   8.2352941e-01
   2.4856162e-02   8.2418301e-01
   2.4923779e-02   8.2483660e-01
   2.5096927e-02   8.2549020e-01
   2.5237519e-02   8.2614379e-01
   2.5262979e-02   8.2679739e-01
   2.5354500e-02   8.2745098e-01
   2.5354581e-02   8.2875817e-01
   2.5362395e-02   8.3006536e-01
   2.5373397e-02   8.3071895e-01
   2.5477957e-02   8.3137255e-01
   2.5509558e-02   8.3202614e-01
   2.5513669e-02   8.3267974e-01
   2.5589715e-02   8.3333333e-01
   2.5602530e-02   8.3398693e-01
   2.5621815e-02   8.3529412e-01
   2.5694353e-02   8.3594771e-01
   2.5746221e-02   8.3660131e-01
   2.5842818e-02   8.3790850e-01
   2.5873305e-02   8.3856209e-01
   2.5874792e-02   8.3921569e-01
   2.5881264e-02   8.3986928e-01
   2.5997440e-02   8.4052288e-01
   2.6074384e-02   8.4117647e-01
   2.6118314e-02   8.4183007e-01
   2.6120569e-02   8.4248366e-01
   2.6150065e-02   8.4313725e-01
   2.6266029e-02   8.4379085e-01
   2.6380454e-02   8.4444444e-01
   2.6385552e-02   8.4509804e-01
   2.6398578e-02   8.4575163e-01
   2.6404974e-02   8.4705882e-01
   2.6574434e-02   8.4771242e-01
   2.6576947e-02   8.4836601e-01
   2.6577495e-02   8.4901961e-01
   2.6595467e-02   8.4967320e-01
   2.6607147e-02   8.5032680e-01
   2.6679832e-02   8.5098039e-01
   2.6773830e-02   8.5228758e-01
   2.6795785e-02   8.5294118e-01
   2.6838056e-02   8.5359477e-01
   2.6965093e-02   8.5424837e-01
   2.7080416e-02   8.5490196e-01
   2.7151550e-02   8.5555556e-01
   2.7166266e-02   8.5620915e-01
   2.7178313e-02   8.5686275e-01
   2.7225300e-02   8.5751634e-01
   2.7352490e-02   8.5816993e-01
   2.7358471e-02   8.5882353e-01
   2.7410639e-02   8.5947712e-01
   2.7512676e-02   8.6013072e-01
   2.7582606e-02   8.6078431e-01
   2.7617068e-02   8.6209150e-01
   2.7665476e-02   8.6274510e-01
   2.7667812e-02   8.6339869e-01
   2.7889170e-02   8.6405229e-01
   2.8077344e-02   8.6470588e-01
   2.8135701e-02   8.6535948e-01
   2.8194390e-02   8.6601307e-01
   2.8198491e-02   8.6666667e-01
   2.8241553e-02   8.6732026e-01
   2.8264101e-02   8.6797386e-01
   2.8321705e-02   8.6862745e-01
   2.8422264e-02   8.6928105e-01
   2.8427297e-02   8.7058824e-01
   2.8438362e-02   8.7189542e-01
   2.8556032e-02   8.7254902e-01
   2.8714808e-02   8.7320261e-01
   2.8717613e-02   8.7385621e-01
   2.8741773e-02   8.7450980e-01
   2.8777600e-02   8.7516340e-01
   2.8780576e-02   8.7581699e-01
   2.8802126e-02   8.7647059e-01
   2.8817782e-02   8.7712418e-01
   2.8945009e-02   8.7777778e-01
   2.8993178e-02   8.7843137e-01
   2.9281482e-02   8.7908497e-01
   2.9399771e-02   8.7973856e-01
   2.9530480e-02   8.8039216e-01
   2.9703395e-02   8.8104575e-01
   2.9873654e-02   8.8235294e-01
   2.9907490e-02   8.8300654e-01
   3.0044020e-02   8.8366013e-01
   3.0152678e-02   8.8431373e-01
   3.0247006e-02   8.8496732e-01
   3.0277123e-02   8.8562092e-01
   3.0355111e-02   8.8627451e-01
   3.0361204e-02   8.8692810e-01
   3.0378116e-02   8.8888889e-01
   3.0434419e-02   8.8954248e-01
   3.0637879e-02   8.9019608e-01
   3.0682736e-02   8.9084967e-01
   3.0684795e-02   8.9150327e-01
   3.0715044e-02   8.9215686e-01
   3.0732434e-02   8.9281046e-01
   3.0757359e-02   8.9346405e-01
   3.0929601e-02   8.9411765e-01
   3.1159042e-02   8.9477124e-01
   3.1177031e-02   8.9542484e-01
   3.1186110e-02   8.9607843e-01
   3.1330799e-02   8.9673203e-01
   3.1391697e-02   8.9738562e-01
   3.1603185e-02   8.9803922e-01
   3.1750124e-02   8.9869281e-01
   3.1918169e-02   8.9934641e-01
   3.1969126e-02   9.0000000e-01
   3.2220102e-02   9.0065359e-01
   3.2279015e-02   9.0130719e-01
   3.2351141e-02   9.0196078e-01
   3.2563482e-02   9.0261438e-01
   3.2670792e-02   9.0326797e-01
   3.2685299e-02   9.0392157e-01
   3.2817320e-02   9.0457516e-01
   3.3037260e-02   9.0522876e-01
   3.3066006e-02   9.0588235e-01
   3.3147644e-02   9.0653595e-01
   3.3150083e-02   9.0718954e-01
   3.3701915e-02   9.0784314e-01
   3.3804267e-02   9.0849673e-01
   3.3893726e-02   9.0915033e-01
   3.3922251e-02   9.0980392e-01
   3.3924804e-02   9.1111111e-01
   3.3991864e-02   9.1176471e-01
   3.4091987e-02   9.1241830e-01
   3.4153108e-02   9.1307190e-01
   3.4226014e-02   9.1372549e-01
   3.4247941e-02   9.1437908e-01
   3.4542473e-02   9.1503268e-01
   3.4571206e-02   9.1568627e-01
   3.4584634e-02   9.1633987e-01
   3.4612798e-02   9.1699346e-01
   3.4719446e-02   9.1764706e-01
   3.4793988e-02   9.1830065e-01
   3.4816877e-02   9.1895425e-01
   3.4964735e-02   9.1960784e-01
   3.5063463e-02   9.2026144e-01
   3.5131573e-02   9.2091503e-01
   3.5299650e-02   9.2156863e-01
   3.5302459e-02   9.2222222e-01
   3.5384831e-02   9.2287582e-01
   3.5460109e-02   9.2352941e-01
   3.5743378e-02   9.2483660e-01
   3.6477829e-02   9.2549020e-01
   3.6551615e-02   9.2614379e-01
   3.6602011e-02   9.2679739e-01
   3.6663364e-02   9.2745098e-01
   3.6716689e-02   9.2810458e-01
   3.6866047e-02   9.2875817e-01
   3.7199846e-02   9.2941176e-01
   3.7241747e-02   9.3006536e-01
   3.7263084e-02   9.3071895e-01
   3.7382811e-02   9.3137255e-01
   3.7469242e-02   9.3202614e-01
   3.7491053e-02   9.3267974e-01
   3.7692971e-02   9.3333333e-01
   3.7699465e-02   9.3398693e-01
   3.7830577e-02   9.3464052e-01
   3.8251755e-02   9.3529412e-01
   3.8279885e-02   9.3594771e-01
   3.8297027e-02   9.3660131e-01
   3.8384451e-02   9.3725490e-01
   3.8393036e-02   9.3790850e-01
   3.8451694e-02   9.3856209e-01
   3.8483328e-02   9.3921569e-01
   3.8745104e-02   9.3986928e-01
   3.8838550e-02   9.4052288e-01
   3.9078390e-02   9.4117647e-01
   3.9234647e-02   9.4183007e-01
   3.9249478e-02   9.4248366e-01
   3.9301986e-02   9.4313725e-01
   3.9313780e-02   9.4379085e-01
   3.9517708e-02   9.4444444e-01
   3.9787684e-02   9.4509804e-01
   3.9894560e-02   9.4575163e-01
   3.9900940e-02   9.4640523e-01
   4.0238103e-02   9.4705882e-01
   4.0304317e-02   9.4771242e-01
   4.0453689e-02   9.4836601e-01
   4.0616505e-02   9.4901961e-01
   4.0815814e-02   9.4967320e-01
   4.1136496e-02   9.5032680e-01
   4.1400432e-02   9.5098039e-01
   4.1464472e-02   9.5163399e-01
   4.1797986e-02   9.5228758e-01
   4.2043315e-02   9.5294118e-01
   4.2115631e-02   9.5359477e-01
   4.2290900e-02   9.5424837e-01
   4.2296811e-02   9.5490196e-01
   4.2446747e-02   9.5555556e-01
   4.2617582e-02   9.5620915e-01
   4.2621853e-02   9.5686275e-01
   4.3099347e-02   9.5751634e-01
   4.3468760e-02   9.5816993e-01
   4.4275500e-02   9.5882353e-01
   4.4295587e-02   9.5947712e-01
   4.4422184e-02   9.6013072e-01
   4.5223836e-02   9.6078431e-01
   4.5403812e-02   9.6209150e-01
   4.5460057e-02   9.6274510e-01
   4.5547991e-02   9.6339869e-01
   4.5576349e-02   9.6405229e-01
   4.5660000e-02   9.6470588e-01
   4.6181648e-02   9.6535948e-01
   4.7167215e-02   9.6601307e-01
   4.7240008e-02   9.6666667e-01
   4.7305227e-02   9.6732026e-01
   4.7802680e-02   9.6797386e-01
   4.8484624e-02   9.6862745e-01
   4.8910361e-02   9.6928105e-01
   4.9044821e-02   9.6993464e-01
   4.9417447e-02   9.7058824e-01
   4.9615774e-02   9.7124183e-01
   4.9651669e-02   9.7189542e-01
   5.1349054e-02   9.7254902e-01
   5.1412726e-02   9.7320261e-01
   5.1753701e-02   9.7385621e-01
   5.1915192e-02   9.7450980e-01
   5.2215062e-02   9.7516340e-01
   5.3359104e-02   9.7581699e-01
   5.5412487e-02   9.7647059e-01
   5.5914454e-02   9.7712418e-01
   5.6018968e-02   9.7777778e-01
   5.7447085e-02   9.7843137e-01
   5.7456465e-02   9.7908497e-01
   5.7478499e-02   9.7973856e-01
   5.8173271e-02   9.8039216e-01
   5.9052760e-02   9.8104575e-01
   6.0040238e-02   9.8169935e-01
   6.1493249e-02   9.8235294e-01
   6.1779270e-02   9.8300654e-01
   6.2568045e-02   9.8366013e-01
   6.4076528e-02   9.8431373e-01
   6.4176619e-02   9.8496732e-01
   6.4786144e-02   9.8562092e-01
   6.5245762e-02   9.8627451e-01
   6.5273575e-02   9.8692810e-01
   6.6353209e-02   9.8758170e-01
   6.6437285e-02   9.8823529e-01
   6.8715176e-02   9.8888889e-01
   7.0883683e-02   9.8954248e-01
   7.1990427e-02   9.9019608e-01
   7.3998089e-02   9.9084967e-01
   7.5382914e-02   9.9150327e-01
   8.0022705e-02   9.9215686e-01
   8.2506360e-02   9.9281046e-01
   8.7080286e-02   9.9346405e-01
   9.0697681e-02   9.9411765e-01
   9.1645726e-02   9.9477124e-01
   9.5927015e-02   9.9542484e-01
   9.8612499e-02   9.9607843e-01
   1.0213095e-01   9.9673203e-01
   1.0558434e-01   9.9738562e-01
   1.0732054e-01   9.9803922e-01
   1.2090028e-01   9.9869281e-01
   1.2322558e-01   9.9934641e-01
   1.7181148e-01   1.0000000e+00
