   2.5920000e-03   0.0000000e+00
   2.5920000e-03   5.8479532e-03
   3.8880000e-03   1.1695906e-02
   4.3200000e-03   1.7543860e-02
   5.1832000e-03   4.0935673e-02
   5.6152000e-03   5.2631579e-02
   6.0472000e-03   7.6023392e-02
   6.4792000e-03   8.1871345e-02
   6.9112000e-03   9.9415205e-02
   7.3432000e-03   1.1111111e-01
   7.7752000e-03   1.2865497e-01
   8.2072000e-03   1.4619883e-01
   8.6392000e-03   1.5204678e-01
   9.0712000e-03   1.6959064e-01
   9.5032000e-03   1.8713450e-01
   9.9352000e-03   1.9883041e-01
   1.0367200e-02   2.1052632e-01
   1.0799200e-02   2.2807018e-01
   1.1231200e-02   2.3976608e-01
   1.1663200e-02   2.5730994e-01
   1.2095200e-02   2.6315789e-01
   1.2527200e-02   2.7485380e-01
   1.2959200e-02   3.2163743e-01
   1.3391200e-02   3.2748538e-01
   1.3823200e-02   3.3333333e-01
   1.4255200e-02   3.3918129e-01
   1.4686400e-02   3.4502924e-01
   1.5118400e-02   3.5087719e-01
   1.5550400e-02   3.5672515e-01
   1.5982400e-02   3.6257310e-01
   1.6414400e-02   3.8011696e-01
   1.8142400e-02   3.9181287e-01
   1.8574400e-02   3.9766082e-01
   1.9006400e-02   4.1520468e-01
   1.9438400e-02   4.2105263e-01
   1.9870400e-02   4.3274854e-01
   2.0302400e-02   4.5029240e-01
   2.1598400e-02   4.5614035e-01
   2.2030400e-02   4.6783626e-01
   2.2462400e-02   4.7368421e-01
   2.2894400e-02   4.9122807e-01
   2.3326400e-02   4.9707602e-01
   2.3758400e-02   5.0877193e-01
   2.4190400e-02   5.2046784e-01
   2.4621600e-02   5.2631579e-01
   2.5053600e-02   5.3801170e-01
   2.5485600e-02   5.4970760e-01
   2.5917600e-02   5.6140351e-01
   2.6349600e-02   5.7309942e-01
   2.6781600e-02   5.7894737e-01
   2.7213600e-02   5.9064327e-01
   2.7645600e-02   6.0233918e-01
   2.8077600e-02   6.0818713e-01
   2.8509600e-02   6.1988304e-01
   2.8941600e-02   6.2573099e-01
   2.9373600e-02   6.3157895e-01
   3.1101600e-02   6.3742690e-01
   3.1965600e-02   6.4327485e-01
   3.2397600e-02   6.4912281e-01
   3.2829600e-02   6.6666667e-01
   3.5421600e-02   6.7836257e-01
   3.5852800e-02   6.8421053e-01
   3.8444800e-02   6.9005848e-01
   4.0604800e-02   6.9590643e-01
   4.1468800e-02   7.0175439e-01
   4.1900800e-02   7.1929825e-01
   4.4060800e-02   7.2514620e-01
   4.4492800e-02   7.3099415e-01
   4.5788000e-02   7.3684211e-01
   4.7516000e-02   7.4269006e-01
   4.8380000e-02   7.4853801e-01
   5.0108000e-02   7.5438596e-01
   5.2268000e-02   7.6023392e-01
   5.4859200e-02   7.6608187e-01
   5.5291200e-02   7.7192982e-01
   5.6155200e-02   7.7777778e-01
   5.7883200e-02   7.8362573e-01
   6.0475200e-02   7.8947368e-01
   6.5226400e-02   7.9532164e-01
   6.5658400e-02   8.0701754e-01
   6.6090400e-02   8.1286550e-01
   6.6954400e-02   8.1871345e-01
   6.7818400e-02   8.3040936e-01
   6.8682400e-02   8.3625731e-01
   7.0410400e-02   8.4795322e-01
   7.2138400e-02   8.5380117e-01
   7.5161600e-02   8.5964912e-01
   8.1209600e-02   8.6549708e-01
   8.5096800e-02   8.7134503e-01
   9.4168800e-02   8.8304094e-01
   9.7192000e-02   8.8888889e-01
   1.0799120e-01   8.9473684e-01
   1.3174960e-01   9.0058480e-01
   1.3261360e-01   9.0643275e-01
   1.3390960e-01   9.1812865e-01
   1.3563680e-01   9.2397661e-01
   1.3736480e-01   9.2982456e-01
   1.4298080e-01   9.3567251e-01
   1.5421200e-01   9.4152047e-01
   1.7451440e-01   9.4736842e-01
   1.7494640e-01   9.5321637e-01
   1.8012960e-01   9.5906433e-01
   1.8790480e-01   9.6491228e-01
   1.8833680e-01   9.7076023e-01
   1.9136080e-01   9.8245614e-01
   1.9395280e-01   9.8830409e-01
   2.4017280e-01   9.9415205e-01
   2.6565840e-01   1.0000000e+00
