   4.8654852e-03   0.0000000e+00
   4.8654852e-03   7.1428571e-03
   6.3836331e-03   1.4285714e-02
   6.9906368e-03   2.1428571e-02
   7.4306693e-03   2.8571429e-02
   7.6846887e-03   3.5714286e-02
   7.9058500e-03   4.2857143e-02
   7.9101413e-03   5.0000000e-02
   7.9482311e-03   5.7142857e-02
   8.0365463e-03   6.4285714e-02
   8.2889090e-03   7.8571429e-02
   8.5547733e-03   8.5714286e-02
   8.8100763e-03   9.2857143e-02
   8.8372438e-03   1.0000000e-01
   8.8936702e-03   1.0714286e-01
   8.9016861e-03   1.1428571e-01
   9.1656137e-03   1.2142857e-01
   1.0030124e-02   1.2857143e-01
   1.0100140e-02   1.3571429e-01
   1.0195569e-02   1.4285714e-01
   1.0375472e-02   1.5000000e-01
   1.0447694e-02   1.6428571e-01
   1.0710169e-02   1.9285714e-01
   1.0867224e-02   2.0000000e-01
   1.0944592e-02   2.0714286e-01
   1.0982682e-02   2.1428571e-01
   1.1264506e-02   2.2142857e-01
   1.1400309e-02   2.4285714e-01
   1.2039233e-02   2.5000000e-01
   1.2159262e-02   2.5714286e-01
   1.2185768e-02   2.6428571e-01
   1.2421323e-02   2.7142857e-01
   1.2771335e-02   2.7857143e-01
   1.2925717e-02   2.8571429e-01
   1.3069414e-02   2.9285714e-01
   1.3075127e-02   3.0000000e-01
   1.3083683e-02   3.0714286e-01
   1.3210246e-02   3.1428571e-01
   1.3220252e-02   3.2142857e-01
   1.3374242e-02   3.2857143e-01
   1.3391451e-02   3.3571429e-01
   1.3441973e-02   3.4285714e-01
   1.3524296e-02   3.5000000e-01
   1.3597219e-02   3.5714286e-01
   1.3814590e-02   3.6428571e-01
   1.3987711e-02   3.7142857e-01
   1.4166662e-02   3.7857143e-01
   1.4304004e-02   3.8571429e-01
   1.4558447e-02   3.9285714e-01
   1.4576012e-02   4.0000000e-01
   1.4627052e-02   4.0714286e-01
   1.4776931e-02   4.1428571e-01
   1.4947019e-02   4.2142857e-01
   1.5143908e-02   4.2857143e-01
   1.5290116e-02   4.3571429e-01
   1.6113548e-02   4.4285714e-01
   1.6122707e-02   4.5000000e-01
   1.6147965e-02   4.5714286e-01
   1.6924481e-02   4.6428571e-01
   1.7058557e-02   4.7142857e-01
   1.7204272e-02   4.7857143e-01
   1.7207466e-02   4.8571429e-01
   1.7385293e-02   4.9285714e-01
   1.7525772e-02   5.0000000e-01
   1.7631016e-02   5.0714286e-01
   1.8052118e-02   5.1428571e-01
   1.8132370e-02   5.2142857e-01
   1.8148883e-02   5.2857143e-01
   1.8247357e-02   5.3571429e-01
   1.8250775e-02   5.4285714e-01
   1.8481412e-02   5.5714286e-01
   1.8648204e-02   5.6428571e-01
   1.8854228e-02   5.7857143e-01
   1.9210552e-02   5.8571429e-01
   1.9757695e-02   5.9285714e-01
   1.9814533e-02   6.0000000e-01
   2.0097287e-02   6.0714286e-01
   2.0273273e-02   6.1428571e-01
   2.0365811e-02   6.2142857e-01
   2.0549734e-02   6.2857143e-01
   2.0667602e-02   6.3571429e-01
   2.0700982e-02   6.4285714e-01
   2.0748601e-02   6.5000000e-01
   2.0775202e-02   6.5714286e-01
   2.0806032e-02   6.6428571e-01
   2.1357603e-02   6.7142857e-01
   2.1389441e-02   6.7857143e-01
   2.1407861e-02   6.8571429e-01
   2.1601706e-02   6.9285714e-01
   2.1912866e-02   7.0714286e-01
   2.2428080e-02   7.1428571e-01
   2.2605785e-02   7.2142857e-01
   2.2796000e-02   7.2857143e-01
   2.3136989e-02   7.3571429e-01
   2.3152967e-02   7.4285714e-01
   2.3288577e-02   7.5000000e-01
   2.3292665e-02   7.5714286e-01
   2.3368168e-02   7.6428571e-01
   2.3731553e-02   7.7142857e-01
   2.4943956e-02   7.7857143e-01
   2.5542670e-02   7.8571429e-01
   2.5667982e-02   7.9285714e-01
   2.6296389e-02   8.0000000e-01
   2.6482037e-02   8.0714286e-01
   2.7573660e-02   8.1428571e-01
   2.7848596e-02   8.2142857e-01
   2.8431839e-02   8.2857143e-01
   2.9367845e-02   8.3571429e-01
   2.9786604e-02   8.4285714e-01
   2.9983800e-02   8.5000000e-01
   3.0030564e-02   8.5714286e-01
   3.3950748e-02   8.6428571e-01
   3.4854145e-02   8.7142857e-01
   3.7068219e-02   8.7857143e-01
   3.8003269e-02   8.8571429e-01
   3.9974184e-02   8.9285714e-01
   4.1856469e-02   9.0000000e-01
   4.4015523e-02   9.0714286e-01
   4.5533739e-02   9.1428571e-01
   5.1981548e-02   9.2142857e-01
   5.6562740e-02   9.2857143e-01
   5.7444674e-02   9.3571429e-01
   5.7863557e-02   9.4285714e-01
   5.9005030e-02   9.5000000e-01
   6.0574866e-02   9.5714286e-01
   6.6781124e-02   9.6428571e-01
   7.0871474e-02   9.7142857e-01
   7.1411545e-02   9.7857143e-01
   8.8907335e-02   9.8571429e-01
   1.0099531e-01   9.9285714e-01
   2.7507388e-01   1.0000000e+00
