   4.1080000e-03   0.0000000e+00
   4.1080000e-03   7.1942446e-03
   4.6216000e-03   1.4388489e-02
   5.1344000e-03   2.1582734e-02
   5.6480000e-03   3.5971223e-02
   6.1616000e-03   5.7553957e-02
   6.6752000e-03   7.1942446e-02
   7.1888000e-03   1.0071942e-01
   7.7024000e-03   1.2949640e-01
   8.2160000e-03   1.3669065e-01
   8.7288000e-03   1.4388489e-01
   9.2424000e-03   1.5827338e-01
   9.7560000e-03   1.7266187e-01
   1.0269600e-02   1.7985612e-01
   1.1296800e-02   2.0143885e-01
   1.1809600e-02   2.1582734e-01
   1.2836800e-02   2.3021583e-01
   1.3350400e-02   2.3741007e-01
   1.3864000e-02   2.6618705e-01
   1.4377600e-02   2.7338129e-01
   1.4891200e-02   2.8057554e-01
   1.5404000e-02   2.8776978e-01
   1.5917600e-02   3.0935252e-01
   1.6944800e-02   3.1654676e-01
   1.8484800e-02   3.2374101e-01
   1.8998400e-02   3.5251799e-01
   2.0025600e-02   3.5971223e-01
   2.0539200e-02   3.7410072e-01
   2.1052800e-02   3.8129496e-01
   2.1566400e-02   3.9568345e-01
   2.2079200e-02   4.1007194e-01
   2.2592800e-02   4.2446043e-01
   2.3106400e-02   4.3884892e-01
   2.3620000e-02   4.5323741e-01
   2.4647200e-02   4.6762590e-01
   2.5673600e-02   4.8920863e-01
   2.6700800e-02   5.0359712e-01
   2.7214400e-02   5.2517986e-01
   2.7728000e-02   5.3237410e-01
   2.8241600e-02   5.3956835e-01
   2.8755200e-02   5.4676259e-01
   2.9781600e-02   5.5395683e-01
   3.0808800e-02   5.6834532e-01
   3.1322400e-02   5.7553957e-01
   3.1836000e-02   6.0431655e-01
   3.2349600e-02   6.1151079e-01
   3.3889600e-02   6.2589928e-01
   3.4403200e-02   6.3309353e-01
   3.4916800e-02   6.4028777e-01
   3.5943200e-02   6.4748201e-01
   3.6456800e-02   6.5467626e-01
   3.8511200e-02   6.6187050e-01
   3.9024000e-02   6.6906475e-01
   4.1592000e-02   6.8345324e-01
   4.3645600e-02   6.9064748e-01
   4.4159200e-02   6.9784173e-01
   4.5186400e-02   7.0503597e-01
   4.6212800e-02   7.1223022e-01
   4.7240000e-02   7.1942446e-01
   4.7753600e-02   7.2661871e-01
   4.8780800e-02   7.3381295e-01
   5.1861600e-02   7.4100719e-01
   5.8023200e-02   7.4820144e-01
   6.0590400e-02   7.6258993e-01
   6.1104000e-02   7.6978417e-01
   6.1617600e-02   7.7697842e-01
   6.6752000e-02   7.8417266e-01
   7.0346400e-02   7.9136691e-01
   7.0860000e-02   7.9856115e-01
   7.1373600e-02   8.0575540e-01
   7.4968000e-02   8.1294964e-01
   7.9589600e-02   8.2014388e-01
   8.0616000e-02   8.3453237e-01
   8.5237600e-02   8.4172662e-01
   8.7291200e-02   8.4892086e-01
   8.8318400e-02   8.5611511e-01
   8.8832000e-02   8.6330935e-01
   9.0372000e-02   8.7050360e-01
   9.2940000e-02   8.7769784e-01
   9.5507200e-02   8.8489209e-01
   9.6534400e-02   8.9208633e-01
   9.9615200e-02   8.9928058e-01
   1.1091120e-01   9.0647482e-01
   1.1399200e-01   9.1366906e-01
   1.2272160e-01   9.2086331e-01
   1.2682960e-01   9.2805755e-01
   1.3607200e-01   9.3525180e-01
   1.4582800e-01   9.4244604e-01
   1.5917840e-01   9.4964029e-01
   1.6534000e-01   9.5683453e-01
   1.6739440e-01   9.6402878e-01
   1.6893440e-01   9.7122302e-01
   1.7458320e-01   9.7841727e-01
   2.0539120e-01   9.8561151e-01
   2.1976880e-01   9.9280576e-01
   2.6752240e-01   1.0000000e+00
