   2.4512000e-03   0.0000000e+00
   2.4512000e-03   2.6990553e-03
   2.8600000e-03   5.3981107e-03
   3.2688000e-03   9.4466937e-03
   3.6776000e-03   1.2145749e-02
   4.0856000e-03   1.7543860e-02
   4.4944000e-03   2.1592443e-02
   4.9032000e-03   2.5641026e-02
   5.3112000e-03   5.1282051e-02
   5.7200000e-03   6.7476383e-02
   6.1288000e-03   8.6369771e-02
   6.5376000e-03   9.8515520e-02
   6.9456000e-03   1.2820513e-01
   7.3544000e-03   1.4709852e-01
   7.7632000e-03   1.6869096e-01
   8.1712000e-03   1.8488529e-01
   8.5800000e-03   2.0782726e-01
   8.9888000e-03   2.2941970e-01
   9.3976000e-03   2.5236167e-01
   9.8056000e-03   2.6180837e-01
   1.0214400e-02   2.7665317e-01
   1.0623200e-02   2.9284750e-01
   1.1032000e-02   3.1578947e-01
   1.1440000e-02   3.3333333e-01
   1.1848800e-02   3.4547908e-01
   1.2257600e-02   3.6302294e-01
   1.2665600e-02   3.7381916e-01
   1.3074400e-02   3.8866397e-01
   1.3483200e-02   4.0485830e-01
   1.3892000e-02   4.1835358e-01
   1.4300000e-02   4.3319838e-01
   1.4708800e-02   4.4804318e-01
   1.5117600e-02   4.7368421e-01
   1.5526400e-02   4.9122807e-01
   1.5934400e-02   5.0472335e-01
   1.6343200e-02   5.1956815e-01
   1.6752000e-02   5.2496626e-01
   1.7160800e-02   5.3711201e-01
   1.7568800e-02   5.4655870e-01
   1.7977600e-02   5.5330634e-01
   1.8386400e-02   5.6410256e-01
   1.8794400e-02   5.8434548e-01
   1.9203200e-02   5.9244265e-01
   1.9612000e-02   6.0728745e-01
   2.0020000e-02   6.1673414e-01
   2.0428800e-02   6.2348178e-01
   2.0837600e-02   6.3292848e-01
   2.1246400e-02   6.4237517e-01
   2.1654400e-02   6.4642375e-01
   2.2063200e-02   6.4912281e-01
   2.2472000e-02   6.6801619e-01
   2.2880800e-02   6.6936572e-01
   2.3288800e-02   6.7746289e-01
   2.3697600e-02   6.8286100e-01
   2.4106400e-02   6.8556005e-01
   2.4515200e-02   6.8690958e-01
   2.4923200e-02   6.9365722e-01
   2.5332000e-02   6.9770580e-01
   2.5740800e-02   6.9905533e-01
   2.6148800e-02   7.0985155e-01
   2.6557600e-02   7.1255061e-01
   2.6966400e-02   7.1390013e-01
   2.7375200e-02   7.1794872e-01
   2.7783200e-02   7.2064777e-01
   2.8192000e-02   7.2199730e-01
   2.8600800e-02   7.2874494e-01
   2.9009600e-02   7.3144399e-01
   2.9417600e-02   7.3684211e-01
   2.9826400e-02   7.4089069e-01
   3.0235200e-02   7.4493927e-01
   3.0643200e-02   7.4898785e-01
   3.1052000e-02   7.5168691e-01
   3.1460800e-02   7.5303644e-01
   3.1869600e-02   7.5708502e-01
   3.2277600e-02   7.6113360e-01
   3.2686400e-02   7.6653171e-01
   3.3095200e-02   7.7058030e-01
   3.3504000e-02   7.7867746e-01
   3.3912000e-02   7.8542510e-01
   3.4320800e-02   7.9352227e-01
   3.4729600e-02   8.0296896e-01
   3.5137600e-02   8.1106613e-01
   3.5546400e-02   8.2051282e-01
   3.5955200e-02   8.2186235e-01
   3.6364000e-02   8.2860999e-01
   3.7180800e-02   8.3400810e-01
   3.7589600e-02   8.3670715e-01
   3.7997600e-02   8.3940621e-01
   3.8815200e-02   8.4075574e-01
   3.9224000e-02   8.4210526e-01
   3.9632000e-02   8.4345479e-01
   4.0040800e-02   8.5155196e-01
   4.0449600e-02   8.5695007e-01
   4.0857600e-02   8.5829960e-01
   4.1266400e-02   8.6234818e-01
   4.2084000e-02   8.6504723e-01
   4.2492000e-02   8.6639676e-01
   4.2900800e-02   8.6909582e-01
   4.3309600e-02   8.7314440e-01
   4.3718400e-02   8.7854251e-01
   4.4944000e-02   8.8259109e-01
   4.6169600e-02   8.8529015e-01
   4.6578400e-02   8.8663968e-01
   4.6986400e-02   8.8798920e-01
   4.7395200e-02   8.9068826e-01
   4.8212800e-02   8.9338731e-01
   4.8620800e-02   8.9608637e-01
   4.9847200e-02   8.9743590e-01
   5.0255200e-02   9.0013495e-01
   5.0664000e-02   9.0283401e-01
   5.1072800e-02   9.0553306e-01
   5.1480800e-02   9.0958165e-01
   5.3115200e-02   9.1093117e-01
   5.3524000e-02   9.1363023e-01
   5.3932800e-02   9.1497976e-01
   5.4341600e-02   9.1902834e-01
   5.5158400e-02   9.2037787e-01
   5.6384000e-02   9.2172740e-01
   5.6792800e-02   9.2442645e-01
   5.7200800e-02   9.2712551e-01
   5.7609600e-02   9.2982456e-01
   5.8018400e-02   9.3117409e-01
   5.8835200e-02   9.3252362e-01
   5.9244000e-02   9.3387314e-01
   5.9652800e-02   9.3657220e-01
   6.0469600e-02   9.3792173e-01
   6.1287200e-02   9.4062078e-01
   6.1695200e-02   9.4197031e-01
   6.2921600e-02   9.4466937e-01
   6.3329600e-02   9.4736842e-01
   6.3738400e-02   9.4871795e-01
   6.4147200e-02   9.5141700e-01
   6.5781600e-02   9.5276653e-01
   6.6190400e-02   9.5681511e-01
   6.6598400e-02   9.5816464e-01
   6.7824000e-02   9.5951417e-01
   6.9867200e-02   9.6086370e-01
   7.1092800e-02   9.6221323e-01
   7.1910400e-02   9.6356275e-01
   7.5178400e-02   9.6491228e-01
   7.5587200e-02   9.6626181e-01
   7.5996000e-02   9.6896086e-01
   7.6404800e-02   9.7031039e-01
   7.7221600e-02   9.7165992e-01
   7.9264800e-02   9.7435897e-01
   7.9672800e-02   9.7570850e-01
   8.2124800e-02   9.7705803e-01
   8.2532800e-02   9.7840756e-01
   8.2941600e-02   9.7975709e-01
   8.3350400e-02   9.8110661e-01
   8.3759200e-02   9.8245614e-01
   8.8253600e-02   9.8515520e-01
   8.9888000e-02   9.8650472e-01
   9.0296000e-02   9.8785425e-01
   9.7242400e-02   9.8920378e-01
   1.0296240e-01   9.9055331e-01
   1.0337040e-01   9.9190283e-01
   1.0868240e-01   9.9325236e-01
   1.1358560e-01   9.9460189e-01
   1.2134800e-01   9.9595142e-01
   1.2420800e-01   9.9730094e-01
   1.4382000e-01   9.9865047e-01
   1.4994880e-01   1.0000000e+00
