   6.1506390e-03   0.0000000e+00
   6.1506390e-03   9.1743119e-03
   6.7327938e-03   1.8348624e-02
   6.9758569e-03   2.7522936e-02
   7.3643628e-03   3.6697248e-02
   8.4073583e-03   4.5871560e-02
   9.1526439e-03   5.5045872e-02
   9.2814162e-03   6.4220183e-02
   9.5875675e-03   7.3394495e-02
   9.9016897e-03   8.2568807e-02
   9.9739959e-03   9.1743119e-02
   1.0147856e-02   1.0091743e-01
   1.0312971e-02   1.1009174e-01
   1.1346945e-02   1.1926606e-01
   1.1366782e-02   1.2844037e-01
   1.1389966e-02   1.3761468e-01
   1.1605810e-02   1.4678899e-01
   1.1708882e-02   1.5596330e-01
   1.1719720e-02   1.6513761e-01
   1.2165943e-02   1.7431193e-01
   1.2176077e-02   1.8348624e-01
   1.2840917e-02   1.9266055e-01
   1.3435955e-02   2.0183486e-01
   1.3599403e-02   2.1100917e-01
   1.3902811e-02   2.2018349e-01
   1.4005553e-02   2.2935780e-01
   1.4795287e-02   2.3853211e-01
   1.4834656e-02   2.4770642e-01
   1.4860745e-02   2.5688073e-01
   1.5465978e-02   2.6605505e-01
   1.5543809e-02   2.7522936e-01
   1.5726390e-02   2.8440367e-01
   1.6815846e-02   2.9357798e-01
   1.7495283e-02   3.0275229e-01
   1.7687740e-02   3.1192661e-01
   1.8378000e-02   3.2110092e-01
   1.8543624e-02   3.3027523e-01
   1.8779817e-02   3.3944954e-01
   1.8779934e-02   3.4862385e-01
   1.8846029e-02   3.5779817e-01
   1.9428756e-02   3.6697248e-01
   1.9715165e-02   3.7614679e-01
   2.0045860e-02   3.8532110e-01
   2.0620781e-02   3.9449541e-01
   2.0890276e-02   4.0366972e-01
   2.0927571e-02   4.1284404e-01
   2.1043653e-02   4.2201835e-01
   2.1195004e-02   4.3119266e-01
   2.1235111e-02   4.4036697e-01
   2.2754399e-02   4.4954128e-01
   2.2885192e-02   4.5871560e-01
   2.3037684e-02   4.6788991e-01
   2.3458920e-02   4.7706422e-01
   2.3472048e-02   4.8623853e-01
   2.5544156e-02   4.9541284e-01
   2.5949919e-02   5.0458716e-01
   2.6391384e-02   5.1376147e-01
   2.6996526e-02   5.2293578e-01
   2.7574810e-02   5.3211009e-01
   2.7811072e-02   5.4128440e-01
   2.8182301e-02   5.5045872e-01
   3.0598108e-02   5.5963303e-01
   3.0675797e-02   5.6880734e-01
   3.4084432e-02   5.7798165e-01
   3.5367958e-02   5.8715596e-01
   3.7662582e-02   5.9633028e-01
   3.7667469e-02   6.0550459e-01
   3.9437535e-02   6.1467890e-01
   3.9523599e-02   6.2385321e-01
   4.2634743e-02   6.3302752e-01
   4.4657635e-02   6.4220183e-01
   4.9620941e-02   6.5137615e-01
   5.0169026e-02   6.6055046e-01
   5.1314301e-02   6.6972477e-01
   5.5154224e-02   6.7889908e-01
   5.5780121e-02   6.8807339e-01
   6.0534809e-02   6.9724771e-01
   6.3773761e-02   7.0642202e-01
   6.9347796e-02   7.1559633e-01
   7.0797065e-02   7.2477064e-01
   7.4556631e-02   7.3394495e-01
   7.6833310e-02   7.4311927e-01
   8.2537543e-02   7.5229358e-01
   8.6936920e-02   7.6146789e-01
   9.6551003e-02   7.7064220e-01
   1.0140251e-01   7.7981651e-01
   1.0393853e-01   7.8899083e-01
   1.0765496e-01   7.9816514e-01
   1.0891396e-01   8.0733945e-01
   1.1214788e-01   8.1651376e-01
   1.1314919e-01   8.2568807e-01
   1.2444109e-01   8.3486239e-01
   1.2727392e-01   8.4403670e-01
   1.2934963e-01   8.5321101e-01
   1.3137690e-01   8.6238532e-01
   1.4167057e-01   8.7155963e-01
   1.4575405e-01   8.8073394e-01
   1.5221160e-01   8.8990826e-01
   1.8107171e-01   8.9908257e-01
   1.8277101e-01   9.0825688e-01
   1.9561942e-01   9.1743119e-01
   2.0613271e-01   9.2660550e-01
   2.3384515e-01   9.3577982e-01
   2.3563118e-01   9.4495413e-01
   2.4610638e-01   9.5412844e-01
   2.4918129e-01   9.6330275e-01
   2.7307331e-01   9.7247706e-01
   2.7729330e-01   9.8165138e-01
   2.9421469e-01   9.9082569e-01
   3.3657243e-01   1.0000000e+00
