   4.9509011e-03   0.0000000e+00
   4.9509011e-03   1.8315018e-03
   5.6357752e-03   3.6630037e-03
   5.8945155e-03   5.4945055e-03
   6.1654377e-03   7.3260073e-03
   6.5164380e-03   1.0989011e-02
   6.9715430e-03   1.2820513e-02
   7.3255503e-03   1.6483516e-02
   7.4352271e-03   1.8315018e-02
   7.6562891e-03   2.0146520e-02
   7.8810349e-03   2.1978022e-02
   7.8897403e-03   2.3809524e-02
   8.0900077e-03   2.5641026e-02
   8.5169082e-03   2.7472527e-02
   8.7006363e-03   2.9304029e-02
   8.7688500e-03   3.1135531e-02
   8.8063640e-03   3.2967033e-02
   8.8361695e-03   3.4798535e-02
   8.9976264e-03   4.0293040e-02
   9.0932436e-03   4.2124542e-02
   9.2479065e-03   4.5787546e-02
   9.2573177e-03   4.7619048e-02
   9.3004004e-03   4.9450549e-02
   9.3322461e-03   5.1282051e-02
   9.5203652e-03   5.3113553e-02
   9.5376448e-03   5.4945055e-02
   9.5518635e-03   5.6776557e-02
   9.8520159e-03   5.8608059e-02
   9.8950621e-03   6.2271062e-02
   1.0087767e-02   6.4102564e-02
   1.0106645e-02   6.5934066e-02
   1.0107030e-02   6.7765568e-02
   1.0322587e-02   7.1428571e-02
   1.0370988e-02   7.3260073e-02
   1.0372423e-02   7.5091575e-02
   1.0405077e-02   8.0586081e-02
   1.0665582e-02   8.2417582e-02
   1.0707860e-02   8.6080586e-02
   1.0780816e-02   8.7912088e-02
   1.0931737e-02   8.9743590e-02
   1.1220316e-02   9.1575092e-02
   1.1270420e-02   1.0073260e-01
   1.1366234e-02   1.0439560e-01
   1.1525906e-02   1.0622711e-01
   1.1543914e-02   1.0989011e-01
   1.1570608e-02   1.1172161e-01
   1.1722957e-02   1.1355311e-01
   1.1769700e-02   1.1538462e-01
   1.1783950e-02   1.1904762e-01
   1.1788463e-02   1.2087912e-01
   1.1812394e-02   1.2271062e-01
   1.1834075e-02   1.2454212e-01
   1.1874278e-02   1.2820513e-01
   1.1906165e-02   1.3186813e-01
   1.1921217e-02   1.3369963e-01
   1.2056554e-02   1.3736264e-01
   1.2271190e-02   1.3919414e-01
   1.2276756e-02   1.4102564e-01
   1.2284042e-02   1.4285714e-01
   1.2325048e-02   1.4468864e-01
   1.2335436e-02   1.4652015e-01
   1.2422637e-02   1.4835165e-01
   1.2469241e-02   1.5201465e-01
   1.2609426e-02   1.5384615e-01
   1.2667109e-02   1.5567766e-01
   1.3032259e-02   1.5934066e-01
   1.3069231e-02   1.6117216e-01
   1.3146733e-02   1.6300366e-01
   1.3182826e-02   1.6666667e-01
   1.3216374e-02   1.6849817e-01
   1.3219881e-02   1.7032967e-01
   1.3364831e-02   1.7399267e-01
   1.3365289e-02   1.7582418e-01
   1.3472271e-02   1.7765568e-01
   1.3477133e-02   1.8131868e-01
   1.3522657e-02   1.8315018e-01
   1.3591930e-02   1.8498168e-01
   1.3629226e-02   1.8681319e-01
   1.3743846e-02   1.8864469e-01
   1.3913672e-02   1.9047619e-01
   1.3942653e-02   1.9230769e-01
   1.4088040e-02   1.9413919e-01
   1.4158641e-02   1.9597070e-01
   1.4226020e-02   1.9780220e-01
   1.4291095e-02   1.9963370e-01
   1.4296385e-02   2.0146520e-01
   1.4305901e-02   2.0329670e-01
   1.4452551e-02   2.0512821e-01
   1.4576414e-02   2.0695971e-01
   1.4585462e-02   2.0879121e-01
   1.4588705e-02   2.1062271e-01
   1.4623441e-02   2.1245421e-01
   1.4654211e-02   2.1794872e-01
   1.4708233e-02   2.1978022e-01
   1.4721271e-02   2.2161172e-01
   1.4868597e-02   2.2527473e-01
   1.4906942e-02   2.2710623e-01
   1.4923965e-02   2.2893773e-01
   1.4965828e-02   2.3260073e-01
   1.4993969e-02   2.3443223e-01
   1.5045692e-02   2.3626374e-01
   1.5087992e-02   2.3809524e-01
   1.5146001e-02   2.3992674e-01
   1.5180424e-02   2.4175824e-01
   1.5207234e-02   2.4358974e-01
   1.5267089e-02   2.4725275e-01
   1.5285059e-02   2.4908425e-01
   1.5413344e-02   2.5274725e-01
   1.5438470e-02   2.5457875e-01
   1.5529395e-02   2.5641026e-01
   1.5613262e-02   2.5824176e-01
   1.5629590e-02   2.6007326e-01
   1.5643346e-02   2.6190476e-01
   1.5702955e-02   2.6373626e-01
   1.5745169e-02   2.6556777e-01
   1.5858213e-02   2.6739927e-01
   1.5936792e-02   2.6923077e-01
   1.5994255e-02   2.7106227e-01
   1.6044037e-02   2.7289377e-01
   1.6171284e-02   2.7472527e-01
   1.6171335e-02   2.7655678e-01
   1.6268722e-02   2.7838828e-01
   1.6337673e-02   2.8205128e-01
   1.6385134e-02   2.8388278e-01
   1.6411077e-02   2.8571429e-01
   1.6490562e-02   2.8754579e-01
   1.6587827e-02   2.8937729e-01
   1.6596993e-02   2.9120879e-01
   1.6643480e-02   2.9304029e-01
   1.6673035e-02   2.9487179e-01
   1.6845158e-02   2.9670330e-01
   1.6906196e-02   3.0036630e-01
   1.6973814e-02   3.0219780e-01
   1.7097353e-02   3.0402930e-01
   1.7141914e-02   3.0769231e-01
   1.7160564e-02   3.1135531e-01
   1.7166096e-02   3.1318681e-01
   1.7219448e-02   3.1501832e-01
   1.7419369e-02   3.1868132e-01
   1.7441762e-02   3.2051282e-01
   1.7504756e-02   3.2417582e-01
   1.7537700e-02   3.2600733e-01
   1.7611662e-02   3.2783883e-01
   1.7635267e-02   3.2967033e-01
   1.7666017e-02   3.3150183e-01
   1.7682415e-02   3.3333333e-01
   1.7696605e-02   3.3516484e-01
   1.7723554e-02   3.3699634e-01
   1.7783037e-02   3.3882784e-01
   1.7784327e-02   3.4065934e-01
   1.7957115e-02   3.4249084e-01
   1.7982151e-02   3.4432234e-01
   1.8192698e-02   3.4615385e-01
   1.8224023e-02   3.4798535e-01
   1.8251978e-02   3.4981685e-01
   1.8494012e-02   3.5164835e-01
   1.8496055e-02   3.5347985e-01
   1.8497187e-02   3.5714286e-01
   1.8596565e-02   3.5897436e-01
   1.8782459e-02   3.6080586e-01
   1.8849280e-02   3.6263736e-01
   1.8851263e-02   3.6446886e-01
   1.8864592e-02   3.6630037e-01
   1.8975429e-02   3.6813187e-01
   1.9077442e-02   3.6996337e-01
   1.9103727e-02   3.7179487e-01
   1.9246551e-02   3.7362637e-01
   1.9298939e-02   3.7545788e-01
   1.9305688e-02   3.7728938e-01
   1.9334684e-02   3.7912088e-01
   1.9445525e-02   3.8095238e-01
   1.9525476e-02   3.8461538e-01
   1.9603551e-02   3.8644689e-01
   1.9637407e-02   3.8827839e-01
   1.9639646e-02   3.9194139e-01
   1.9873327e-02   3.9377289e-01
   1.9907398e-02   3.9560440e-01
   1.9934127e-02   4.0109890e-01
   1.9977857e-02   4.0293040e-01
   2.0076123e-02   4.0476190e-01
   2.0157733e-02   4.0842491e-01
   2.0175534e-02   4.1025641e-01
   2.0201301e-02   4.1391941e-01
   2.0258452e-02   4.1575092e-01
   2.0469110e-02   4.1758242e-01
   2.0505159e-02   4.1941392e-01
   2.0530866e-02   4.2124542e-01
   2.0540866e-02   4.2307692e-01
   2.0735752e-02   4.2490842e-01
   2.0762940e-02   4.2857143e-01
   2.0764155e-02   4.3040293e-01
   2.0864790e-02   4.3223443e-01
   2.0885025e-02   4.3406593e-01
   2.0998859e-02   4.3589744e-01
   2.1105008e-02   4.3772894e-01
   2.1219289e-02   4.3956044e-01
   2.1285941e-02   4.4139194e-01
   2.1325956e-02   4.4322344e-01
   2.1339029e-02   4.4505495e-01
   2.1470099e-02   4.4688645e-01
   2.1480405e-02   4.4871795e-01
   2.1623645e-02   4.5238095e-01
   2.1659485e-02   4.5421245e-01
   2.1668021e-02   4.5604396e-01
   2.1722439e-02   4.5787546e-01
   2.1793787e-02   4.5970696e-01
   2.1794500e-02   4.6153846e-01
   2.1825437e-02   4.6336996e-01
   2.1856775e-02   4.6520147e-01
   2.1888085e-02   4.6703297e-01
   2.1925452e-02   4.6886447e-01
   2.2106241e-02   4.7069597e-01
   2.2176961e-02   4.7252747e-01
   2.2181944e-02   4.7435897e-01
   2.2186296e-02   4.7619048e-01
   2.2217467e-02   4.8168498e-01
   2.2231625e-02   4.8351648e-01
   2.2290518e-02   4.8534799e-01
   2.2326841e-02   4.8717949e-01
   2.2364051e-02   4.8901099e-01
   2.2440125e-02   4.9084249e-01
   2.2450375e-02   4.9267399e-01
   2.2708466e-02   4.9450549e-01
   2.2744705e-02   4.9633700e-01
   2.2771121e-02   4.9816850e-01
   2.2887755e-02   5.0000000e-01
   2.3052361e-02   5.0183150e-01
   2.3225983e-02   5.0366300e-01
   2.3249916e-02   5.0549451e-01
   2.3266461e-02   5.0732601e-01
   2.3312789e-02   5.1098901e-01
   2.3324766e-02   5.1282051e-01
   2.3352480e-02   5.1465201e-01
   2.3383058e-02   5.1648352e-01
   2.3452361e-02   5.1831502e-01
   2.3576137e-02   5.2014652e-01
   2.3576362e-02   5.2197802e-01
   2.3642684e-02   5.2380952e-01
   2.3698864e-02   5.2564103e-01
   2.3706528e-02   5.2747253e-01
   2.3733672e-02   5.2930403e-01
   2.3786425e-02   5.3113553e-01
   2.4059887e-02   5.3296703e-01
   2.4231746e-02   5.3479853e-01
   2.4417240e-02   5.3663004e-01
   2.4424774e-02   5.3846154e-01
   2.4485429e-02   5.4029304e-01
   2.4536356e-02   5.4212454e-01
   2.4605564e-02   5.4395604e-01
   2.4732063e-02   5.4578755e-01
   2.4943463e-02   5.4761905e-01
   2.5002667e-02   5.4945055e-01
   2.5031790e-02   5.5128205e-01
   2.5108390e-02   5.5311355e-01
   2.5222002e-02   5.5860806e-01
   2.5358461e-02   5.6043956e-01
   2.5424137e-02   5.6227106e-01
   2.5499417e-02   5.6410256e-01
   2.5501487e-02   5.6593407e-01
   2.5634271e-02   5.6776557e-01
   2.5663579e-02   5.6959707e-01
   2.5779649e-02   5.7142857e-01
   2.6075189e-02   5.7326007e-01
   2.6103948e-02   5.7509158e-01
   2.6148123e-02   5.7692308e-01
   2.6432749e-02   5.7875458e-01
   2.6491032e-02   5.8058608e-01
   2.6537839e-02   5.8241758e-01
   2.6551117e-02   5.8424908e-01
   2.6626839e-02   5.8608059e-01
   2.6831853e-02   5.8791209e-01
   2.6836105e-02   5.8974359e-01
   2.6905664e-02   5.9157509e-01
   2.6921376e-02   5.9340659e-01
   2.6923105e-02   5.9523810e-01
   2.7045881e-02   5.9706960e-01
   2.7049366e-02   5.9890110e-01
   2.7050271e-02   6.0073260e-01
   2.7155503e-02   6.0256410e-01
   2.7190862e-02   6.0439560e-01
   2.7194925e-02   6.0622711e-01
   2.7267796e-02   6.0805861e-01
   2.7349959e-02   6.0989011e-01
   2.7432721e-02   6.1172161e-01
   2.7461147e-02   6.1355311e-01
   2.7488315e-02   6.1538462e-01
   2.7517414e-02   6.1721612e-01
   2.7549230e-02   6.1904762e-01
   2.8203275e-02   6.2271062e-01
   2.8400167e-02   6.2454212e-01
   2.8561800e-02   6.2637363e-01
   2.8793952e-02   6.3003663e-01
   2.8795001e-02   6.3186813e-01
   2.8858101e-02   6.3369963e-01
   2.8868435e-02   6.3553114e-01
   2.8908459e-02   6.3736264e-01
   2.8927892e-02   6.3919414e-01
   2.8965860e-02   6.4102564e-01
   2.8994152e-02   6.4285714e-01
   2.9071442e-02   6.4468864e-01
   2.9177295e-02   6.4652015e-01
   2.9202743e-02   6.4835165e-01
   2.9294357e-02   6.5018315e-01
   2.9303331e-02   6.5201465e-01
   2.9368175e-02   6.5384615e-01
   2.9395858e-02   6.5567766e-01
   2.9443361e-02   6.5750916e-01
   2.9528605e-02   6.5934066e-01
   2.9554796e-02   6.6117216e-01
   2.9704249e-02   6.6300366e-01
   2.9731415e-02   6.6483516e-01
   2.9791139e-02   6.6666667e-01
   2.9871277e-02   6.6849817e-01
   2.9906190e-02   6.7032967e-01
   2.9911386e-02   6.7216117e-01
   2.9996949e-02   6.7399267e-01
   3.0161745e-02   6.7582418e-01
   3.0394552e-02   6.7765568e-01
   3.0419148e-02   6.7948718e-01
   3.0604392e-02   6.8131868e-01
   3.0716581e-02   6.8315018e-01
   3.0797682e-02   6.8681319e-01
   3.1159973e-02   6.8864469e-01
   3.1259180e-02   6.9047619e-01
   3.1310831e-02   6.9230769e-01
   3.1375969e-02   6.9413919e-01
   3.1438012e-02   6.9597070e-01
   3.1503376e-02   6.9963370e-01
   3.1685844e-02   7.0329670e-01
   3.1693357e-02   7.0512821e-01
   3.2022712e-02   7.0695971e-01
   3.2037649e-02   7.0879121e-01
   3.2204020e-02   7.1062271e-01
   3.2333753e-02   7.1245421e-01
   3.2428720e-02   7.1428571e-01
   3.2797490e-02   7.1611722e-01
   3.2818542e-02   7.1794872e-01
   3.2906638e-02   7.1978022e-01
   3.3040217e-02   7.2161172e-01
   3.3065779e-02   7.2344322e-01
   3.3122328e-02   7.2527473e-01
   3.3151259e-02   7.2710623e-01
   3.3286960e-02   7.2893773e-01
   3.3712632e-02   7.3076923e-01
   3.3974969e-02   7.3260073e-01
   3.4121835e-02   7.3443223e-01
   3.4260830e-02   7.3626374e-01
   3.4578848e-02   7.3809524e-01
   3.5192301e-02   7.3992674e-01
   3.5246705e-02   7.4175824e-01
   3.5638173e-02   7.4358974e-01
   3.5794627e-02   7.4542125e-01
   3.5869656e-02   7.4725275e-01
   3.5948455e-02   7.4908425e-01
   3.6014230e-02   7.5091575e-01
   3.6371224e-02   7.5274725e-01
   3.6846597e-02   7.5457875e-01
   3.6991539e-02   7.5641026e-01
   3.7302113e-02   7.5824176e-01
   3.7510868e-02   7.6007326e-01
   3.7614927e-02   7.6190476e-01
   3.7715209e-02   7.6373626e-01
   3.7718598e-02   7.6556777e-01
   3.7848789e-02   7.6739927e-01
   3.7987342e-02   7.6923077e-01
   3.8044801e-02   7.7106227e-01
   3.8156180e-02   7.7289377e-01
   3.8446374e-02   7.7472527e-01
   3.8695007e-02   7.7655678e-01
   3.8746469e-02   7.7838828e-01
   3.8828530e-02   7.8021978e-01
   3.8856574e-02   7.8205128e-01
   3.8897549e-02   7.8388278e-01
   3.8949324e-02   7.8571429e-01
   3.9195424e-02   7.8754579e-01
   3.9381896e-02   7.8937729e-01
   3.9580767e-02   7.9120879e-01
   3.9958943e-02   7.9304029e-01
   4.0813679e-02   7.9487179e-01
   4.1500545e-02   7.9670330e-01
   4.1540229e-02   7.9853480e-01
   4.1645571e-02   8.0036630e-01
   4.2044648e-02   8.0219780e-01
   4.2312418e-02   8.0402930e-01
   4.2686396e-02   8.0586081e-01
   4.2972299e-02   8.0769231e-01
   4.3245879e-02   8.0952381e-01
   4.3715487e-02   8.1135531e-01
   4.3809935e-02   8.1318681e-01
   4.4135007e-02   8.1501832e-01
   4.4668737e-02   8.1684982e-01
   4.4859089e-02   8.1868132e-01
   4.4999659e-02   8.2051282e-01
   4.5466844e-02   8.2234432e-01
   4.5956223e-02   8.2417582e-01
   4.6011886e-02   8.2600733e-01
   4.6138637e-02   8.2783883e-01
   4.6521946e-02   8.2967033e-01
   4.6626152e-02   8.3150183e-01
   4.6783147e-02   8.3333333e-01
   4.6797630e-02   8.3516484e-01
   4.7234102e-02   8.3699634e-01
   4.7247124e-02   8.3882784e-01
   4.7589684e-02   8.4065934e-01
   4.7625280e-02   8.4249084e-01
   4.8380930e-02   8.4432234e-01
   4.8579747e-02   8.4615385e-01
   4.9037646e-02   8.4798535e-01
   4.9054545e-02   8.4981685e-01
   4.9540510e-02   8.5164835e-01
   4.9889591e-02   8.5347985e-01
   4.9933011e-02   8.5531136e-01
   5.0735977e-02   8.5714286e-01
   5.0838422e-02   8.5897436e-01
   5.1736627e-02   8.6080586e-01
   5.1906691e-02   8.6263736e-01
   5.2074880e-02   8.6446886e-01
   5.2560720e-02   8.6630037e-01
   5.2641767e-02   8.6813187e-01
   5.2828109e-02   8.6996337e-01
   5.2922653e-02   8.7179487e-01
   5.3089141e-02   8.7362637e-01
   5.3236791e-02   8.7545788e-01
   5.3432045e-02   8.7728938e-01
   5.3843121e-02   8.7912088e-01
   5.4155089e-02   8.8095238e-01
   5.4291790e-02   8.8278388e-01
   5.4755096e-02   8.8461538e-01
   5.5428846e-02   8.8644689e-01
   5.5706251e-02   8.8827839e-01
   5.5839742e-02   8.9010989e-01
   5.6949910e-02   8.9194139e-01
   5.7607317e-02   8.9377289e-01
   5.7671327e-02   8.9560440e-01
   5.7743243e-02   8.9743590e-01
   5.8202738e-02   8.9926740e-01
   5.9294164e-02   9.0109890e-01
   5.9426910e-02   9.0293040e-01
   6.0359065e-02   9.0476190e-01
   6.1524460e-02   9.0659341e-01
   6.2613535e-02   9.0842491e-01
   6.2812845e-02   9.1025641e-01
   6.3265958e-02   9.1208791e-01
   6.3303176e-02   9.1391941e-01
   6.3391095e-02   9.1575092e-01
   6.4780487e-02   9.1758242e-01
   6.5569788e-02   9.1941392e-01
   6.5900148e-02   9.2124542e-01
   6.6302928e-02   9.2307692e-01
   6.7323910e-02   9.2490842e-01
   6.7571353e-02   9.2673993e-01
   6.8469699e-02   9.2857143e-01
   6.8948223e-02   9.3040293e-01
   6.9604246e-02   9.3223443e-01
   7.0905433e-02   9.3406593e-01
   7.2885482e-02   9.3589744e-01
   7.4515442e-02   9.3772894e-01
   7.5764532e-02   9.3956044e-01
   7.6789105e-02   9.4139194e-01
   8.1121824e-02   9.4322344e-01
   8.2633170e-02   9.4505495e-01
   8.3106287e-02   9.4688645e-01
   8.4164767e-02   9.4871795e-01
   8.4417262e-02   9.5054945e-01
   8.4748369e-02   9.5238095e-01
   8.5383352e-02   9.5421245e-01
   8.6818748e-02   9.5604396e-01
   8.7139511e-02   9.5787546e-01
   8.8190204e-02   9.5970696e-01
   8.8684955e-02   9.6153846e-01
   8.9763429e-02   9.6336996e-01
   9.0257398e-02   9.6520147e-01
   9.0380212e-02   9.6703297e-01
   9.1066489e-02   9.6886447e-01
   9.2924904e-02   9.7069597e-01
   9.5056369e-02   9.7252747e-01
   9.7624338e-02   9.7435897e-01
   1.0070509e-01   9.7619048e-01
   1.0372896e-01   9.7802198e-01
   1.0510248e-01   9.7985348e-01
   1.0850929e-01   9.8168498e-01
   1.1789477e-01   9.8351648e-01
   1.1902479e-01   9.8534799e-01
   1.3139620e-01   9.8717949e-01
   1.3786898e-01   9.8901099e-01
   1.5698546e-01   9.9084249e-01
   1.6705460e-01   9.9267399e-01
   1.6951302e-01   9.9450549e-01
   1.7241059e-01   9.9633700e-01
   2.0161234e-01   9.9816850e-01
   2.3485893e-01   1.0000000e+00
