   3.9736000e-03   0.0000000e+00
   3.9736000e-03   7.8740157e-03
   4.3048000e-03   1.5748031e-02
   4.9672000e-03   2.3622047e-02
   5.2984000e-03   3.1496063e-02
   6.9536000e-03   5.5118110e-02
   7.2848000e-03   7.0866142e-02
   7.6160000e-03   8.6614173e-02
   8.6096000e-03   1.0236220e-01
   8.9400000e-03   1.1023622e-01
   9.2712000e-03   1.1811024e-01
   9.6024000e-03   1.2598425e-01
   1.0264800e-02   1.5748031e-01
   1.0596000e-02   1.6535433e-01
   1.0927200e-02   1.7322835e-01
   1.1258400e-02   1.8110236e-01
   1.1589600e-02   1.9685039e-01
   1.1920800e-02   2.0472441e-01
   1.2252000e-02   2.3622047e-01
   1.2913600e-02   2.4409449e-01
   1.3244800e-02   2.5196850e-01
   1.3576000e-02   2.5984252e-01
   1.3907200e-02   2.7559055e-01
   1.4569600e-02   2.8346457e-01
   1.4900800e-02   2.9133858e-01
   1.5232000e-02   2.9921260e-01
   1.5563200e-02   3.0708661e-01
   1.5894400e-02   3.1496063e-01
   1.6225600e-02   3.2283465e-01
   1.6556000e-02   3.3070866e-01
   1.7880800e-02   3.3858268e-01
   1.8543200e-02   3.4645669e-01
   1.8874400e-02   3.5433071e-01
   1.9205600e-02   3.6220472e-01
   2.1523200e-02   3.7795276e-01
   2.1854400e-02   3.8582677e-01
   2.2185600e-02   3.9370079e-01
   2.2516800e-02   4.0944882e-01
   2.2848000e-02   4.2519685e-01
   2.3178400e-02   4.4094488e-01
   2.3509600e-02   4.6456693e-01
   2.4172000e-02   4.7244094e-01
   2.4503200e-02   4.8031496e-01
   2.6159200e-02   4.8818898e-01
   2.7152000e-02   4.9606299e-01
   2.8808000e-02   5.1181102e-01
   2.9801600e-02   5.1968504e-01
   3.0132800e-02   5.2755906e-01
   3.1788000e-02   5.3543307e-01
   3.2119200e-02   5.5118110e-01
   3.2781600e-02   5.8267717e-01
   3.3444000e-02   5.9842520e-01
   3.3774400e-02   6.0629921e-01
   3.4105600e-02   6.1417323e-01
   3.4436800e-02   6.2204724e-01
   3.4768000e-02   6.2992126e-01
   3.5099200e-02   6.3779528e-01
   3.6755200e-02   6.6141732e-01
   3.7086400e-02   6.6929134e-01
   3.7748000e-02   6.8503937e-01
   3.8079200e-02   6.9291339e-01
   3.9072800e-02   7.0078740e-01
   3.9404000e-02   7.0866142e-01
   3.9735200e-02   7.3228346e-01
   4.0066400e-02   7.4015748e-01
   4.0728800e-02   7.4803150e-01
   4.1060000e-02   7.5590551e-01
   4.2052800e-02   7.7165354e-01
   4.2715200e-02   7.8740157e-01
   4.3046400e-02   7.9527559e-01
   4.3708800e-02   8.1102362e-01
   4.4701600e-02   8.1889764e-01
   4.7020000e-02   8.2677165e-01
   4.7682400e-02   8.3464567e-01
   4.8675200e-02   8.4251969e-01
   4.9668800e-02   8.5039370e-01
   5.6622400e-02   8.5826772e-01
   5.6953600e-02   8.6614173e-01
   5.7284800e-02   8.7401575e-01
   5.7947200e-02   8.8188976e-01
   5.8278400e-02   8.8976378e-01
   5.8940800e-02   8.9763780e-01
   6.0264800e-02   9.0551181e-01
   6.1589600e-02   9.1338583e-01
   6.4569600e-02   9.2125984e-01
   6.5232000e-02   9.2913386e-01
   6.5893600e-02   9.3700787e-01
   7.1192000e-02   9.4488189e-01
   7.2185600e-02   9.5275591e-01
   7.5828000e-02   9.6062992e-01
   8.1456800e-02   9.6850394e-01
   8.2450400e-02   9.7637795e-01
   9.6688800e-02   9.8425197e-01
   1.6788080e-01   9.9212598e-01
   2.0066240e-01   1.0000000e+00
