   6.5542826e-03   0.0000000e+00
   6.5542826e-03   1.0309278e-02
   6.6017786e-03   2.0618557e-02
   1.0047071e-02   3.0927835e-02
   1.0780102e-02   4.1237113e-02
   1.0913808e-02   5.1546392e-02
   1.3801370e-02   6.1855670e-02
   1.4924831e-02   7.2164948e-02
   1.6134536e-02   8.2474227e-02
   1.6353872e-02   9.2783505e-02
   1.7061338e-02   1.0309278e-01
   1.7518046e-02   1.1340206e-01
   1.7799059e-02   1.2371134e-01
   1.8787517e-02   1.3402062e-01
   1.9159894e-02   1.4432990e-01
   1.9746273e-02   1.6494845e-01
   1.9865790e-02   1.7525773e-01
   1.9892842e-02   1.8556701e-01
   2.2180622e-02   1.9587629e-01
   2.2423870e-02   2.0618557e-01
   2.3857645e-02   2.1649485e-01
   2.4181238e-02   2.2680412e-01
   2.5036365e-02   2.3711340e-01
   2.5079429e-02   2.4742268e-01
   2.5411332e-02   2.5773196e-01
   2.5958013e-02   2.6804124e-01
   2.6053820e-02   2.7835052e-01
   2.9321063e-02   2.8865979e-01
   2.9444584e-02   2.9896907e-01
   3.0370832e-02   3.0927835e-01
   3.0952827e-02   3.1958763e-01
   3.1114565e-02   3.2989691e-01
   3.2009186e-02   3.4020619e-01
   3.4201475e-02   3.5051546e-01
   3.4657707e-02   3.6082474e-01
   3.5566745e-02   3.7113402e-01
   3.5748383e-02   3.8144330e-01
   3.6698144e-02   3.9175258e-01
   3.7886619e-02   4.0206186e-01
   4.0611046e-02   4.1237113e-01
   4.1436955e-02   4.2268041e-01
   4.1550577e-02   4.3298969e-01
   4.2582961e-02   4.4329897e-01
   4.3848165e-02   4.5360825e-01
   4.4114983e-02   4.6391753e-01
   4.4691006e-02   4.7422680e-01
   4.5163064e-02   4.8453608e-01
   4.5481520e-02   4.9484536e-01
   4.5849194e-02   5.0515464e-01
   4.6127900e-02   5.1546392e-01
   4.6687867e-02   5.2577320e-01
   4.7143858e-02   5.3608247e-01
   4.7900217e-02   5.4639175e-01
   4.8920200e-02   5.5670103e-01
   4.9580939e-02   5.6701031e-01
   5.0688282e-02   5.7731959e-01
   5.0704528e-02   5.8762887e-01
   5.1618887e-02   5.9793814e-01
   5.1812472e-02   6.0824742e-01
   5.2032839e-02   6.1855670e-01
   5.2507877e-02   6.2886598e-01
   5.2544791e-02   6.3917526e-01
   5.3503263e-02   6.4948454e-01
   5.4149909e-02   6.5979381e-01
   5.4711961e-02   6.7010309e-01
   5.5787569e-02   6.8041237e-01
   5.6514291e-02   6.9072165e-01
   5.6826645e-02   7.0103093e-01
   5.8211376e-02   7.1134021e-01
   5.9032320e-02   7.2164948e-01
   6.0498443e-02   7.3195876e-01
   6.2146665e-02   7.4226804e-01
   6.3762980e-02   7.5257732e-01
   6.4620934e-02   7.6288660e-01
   6.5541172e-02   7.7319588e-01
   6.7228890e-02   7.8350515e-01
   6.8224529e-02   7.9381443e-01
   6.9334304e-02   8.0412371e-01
   7.1476917e-02   8.1443299e-01
   7.1674869e-02   8.2474227e-01
   7.4065810e-02   8.3505155e-01
   7.6498520e-02   8.4536082e-01
   7.9297531e-02   8.5567010e-01
   8.1983108e-02   8.6597938e-01
   8.4322582e-02   8.7628866e-01
   8.4820406e-02   8.8659794e-01
   8.5312633e-02   8.9690722e-01
   8.7281730e-02   9.0721649e-01
   8.9095632e-02   9.1752577e-01
   9.3681781e-02   9.2783505e-01
   1.0008413e-01   9.3814433e-01
   1.0273447e-01   9.4845361e-01
   1.0490184e-01   9.5876289e-01
   1.2670700e-01   9.6907216e-01
   1.3072138e-01   9.7938144e-01
   1.7905855e-01   9.8969072e-01
   2.3343516e-01   1.0000000e+00
