   7.5001559e-03   0.0000000e+00
   7.5001559e-03   7.1942446e-03
   7.9733151e-03   1.4388489e-02
   8.0817963e-03   2.1582734e-02
   8.7630458e-03   2.8776978e-02
   8.9237389e-03   3.5971223e-02
   9.0189308e-03   4.3165468e-02
   9.2012718e-03   5.0359712e-02
   9.2216144e-03   5.7553957e-02
   9.6105584e-03   6.4748201e-02
   9.9575612e-03   7.1942446e-02
   1.0064993e-02   7.9136691e-02
   1.0905593e-02   8.6330935e-02
   1.1250782e-02   1.0071942e-01
   1.1586773e-02   1.0791367e-01
   1.1606351e-02   1.1510791e-01
   1.2282438e-02   1.2230216e-01
   1.2456382e-02   1.2949640e-01
   1.2593766e-02   1.3669065e-01
   1.3444551e-02   1.4388489e-01
   1.3633432e-02   1.5827338e-01
   1.3757725e-02   1.6546763e-01
   1.3780260e-02   1.7266187e-01
   1.4043705e-02   1.7985612e-01
   1.6423656e-02   1.8705036e-01
   1.6579690e-02   1.9424460e-01
   1.7094662e-02   2.0143885e-01
   1.8062641e-02   2.0863309e-01
   1.8085421e-02   2.1582734e-01
   1.8534297e-02   2.2302158e-01
   1.8750354e-02   2.3021583e-01
   1.8839481e-02   2.3741007e-01
   1.9239407e-02   2.4460432e-01
   1.9310971e-02   2.5179856e-01
   1.9526196e-02   2.5899281e-01
   2.0516362e-02   2.6618705e-01
   2.0877393e-02   2.7338129e-01
   2.1861805e-02   2.8057554e-01
   2.3262051e-02   2.8776978e-01
   2.3672853e-02   2.9496403e-01
   2.4372866e-02   3.0215827e-01
   2.4670855e-02   3.0935252e-01
   2.5018852e-02   3.1654676e-01
   2.5869936e-02   3.2374101e-01
   2.6844365e-02   3.3093525e-01
   2.7520341e-02   3.3812950e-01
   2.7653151e-02   3.4532374e-01
   2.8163937e-02   3.5251799e-01
   2.8872324e-02   3.5971223e-01
   2.9317203e-02   3.6690647e-01
   3.1368799e-02   3.7410072e-01
   3.2001695e-02   3.8129496e-01
   3.2352310e-02   3.8848921e-01
   3.2374675e-02   3.9568345e-01
   3.3092911e-02   4.0287770e-01
   3.3288923e-02   4.1007194e-01
   3.3388004e-02   4.1726619e-01
   3.4194475e-02   4.2446043e-01
   3.4281414e-02   4.3165468e-01
   3.4597602e-02   4.3884892e-01
   3.5113046e-02   4.4604317e-01
   3.5558015e-02   4.5323741e-01
   3.7380253e-02   4.6043165e-01
   3.7672346e-02   4.6762590e-01
   3.7932260e-02   4.7482014e-01
   3.8478436e-02   4.8201439e-01
   3.9537556e-02   4.8920863e-01
   3.9552565e-02   4.9640288e-01
   4.0424706e-02   5.0359712e-01
   4.0513876e-02   5.1079137e-01
   4.0940583e-02   5.1798561e-01
   4.0950953e-02   5.2517986e-01
   4.1251334e-02   5.3237410e-01
   4.1680668e-02   5.3956835e-01
   4.1837631e-02   5.4676259e-01
   4.2559897e-02   5.5395683e-01
   4.2604361e-02   5.6115108e-01
   4.3326394e-02   5.6834532e-01
   4.3983882e-02   5.7553957e-01
   4.3998006e-02   5.8273381e-01
   4.7037016e-02   5.8992806e-01
   4.8028788e-02   5.9712230e-01
   4.8392881e-02   6.0431655e-01
   4.9551053e-02   6.1151079e-01
   5.0216706e-02   6.1870504e-01
   5.2689506e-02   6.2589928e-01
   5.5754242e-02   6.3309353e-01
   5.6211768e-02   6.4028777e-01
   5.8032217e-02   6.4748201e-01
   5.8920956e-02   6.5467626e-01
   6.0411397e-02   6.6187050e-01
   6.1885773e-02   6.6906475e-01
   6.2799273e-02   6.7625899e-01
   6.6632050e-02   6.8345324e-01
   6.7400969e-02   6.9064748e-01
   6.9785514e-02   6.9784173e-01
   7.1120499e-02   7.0503597e-01
   7.3465575e-02   7.1223022e-01
   7.5686573e-02   7.1942446e-01
   7.6267176e-02   7.2661871e-01
   7.6325185e-02   7.3381295e-01
   7.6844936e-02   7.4100719e-01
   7.8176809e-02   7.4820144e-01
   8.1367422e-02   7.5539568e-01
   8.4524098e-02   7.6258993e-01
   8.6789378e-02   7.6978417e-01
   8.6794734e-02   7.7697842e-01
   9.0330454e-02   7.8417266e-01
   9.1671402e-02   7.9136691e-01
   9.6256956e-02   7.9856115e-01
   1.0205629e-01   8.0575540e-01
   1.0226674e-01   8.1294964e-01
   1.0301962e-01   8.2014388e-01
   1.0451366e-01   8.2733813e-01
   1.0482495e-01   8.3453237e-01
   1.0621228e-01   8.4172662e-01
   1.1185178e-01   8.4892086e-01
   1.1195267e-01   8.5611511e-01
   1.2165963e-01   8.6330935e-01
   1.2672553e-01   8.7050360e-01
   1.2722253e-01   8.7769784e-01
   1.3088760e-01   8.8489209e-01
   1.3811705e-01   8.9208633e-01
   1.4149620e-01   8.9928058e-01
   1.4980670e-01   9.0647482e-01
   1.5104638e-01   9.1366906e-01
   1.5421772e-01   9.2086331e-01
   1.6490511e-01   9.2805755e-01
   1.7007097e-01   9.3525180e-01
   1.8277404e-01   9.4244604e-01
   2.1279988e-01   9.4964029e-01
   2.1521760e-01   9.5683453e-01
   2.2059999e-01   9.6402878e-01
   2.2225152e-01   9.7122302e-01
   2.2472263e-01   9.7841727e-01
   2.2621841e-01   9.8561151e-01
   2.4545433e-01   9.9280576e-01
   3.7030133e-01   1.0000000e+00
