   5.9824000e-03   0.0000000e+00
   5.9824000e-03   2.9411765e-02
   7.9760000e-03   8.8235294e-02
   9.9704000e-03   1.1764706e-01
   1.0368800e-02   1.4705882e-01
   1.2363200e-02   1.7647059e-01
   1.2761600e-02   2.0588235e-01
   1.3958400e-02   2.3529412e-01
   1.6351200e-02   2.9411765e-01
   1.6749600e-02   3.5294118e-01
   1.7946400e-02   3.8235294e-01
   1.8744000e-02   4.1176471e-01
   2.1934400e-02   4.4117647e-01
   2.8315200e-02   4.7058824e-01
   2.8713600e-02   5.5882353e-01
   3.1106400e-02   5.8823529e-01
   3.1904000e-02   6.1764706e-01
   3.2303200e-02   6.4705882e-01
   3.4296800e-02   7.0588235e-01
   3.5094400e-02   7.3529412e-01
   3.6689600e-02   7.6470588e-01
   3.7487200e-02   7.9411765e-01
   3.9481600e-02   8.2352941e-01
   4.4267200e-02   8.5294118e-01
   5.0648000e-02   8.8235294e-01
   5.1047200e-02   9.1176471e-01
   9.0528800e-02   9.4117647e-01
   1.2721840e-01   9.7058824e-01
   1.4636080e-01   1.0000000e+00
