   4.4702869e-03   0.0000000e+00
   4.4702869e-03   2.9585799e-03
   5.2223719e-03   5.9171598e-03
   5.3568612e-03   8.8757396e-03
   5.4610929e-03   1.1834320e-02
   5.5881385e-03   1.4792899e-02
   5.6040247e-03   1.7751479e-02
   5.6757330e-03   2.0710059e-02
   5.8799546e-03   2.3668639e-02
   6.0031661e-03   2.6627219e-02
   6.4633572e-03   2.9585799e-02
   6.6779458e-03   3.2544379e-02
   6.6988446e-03   3.5502959e-02
   6.7172583e-03   3.8461538e-02
   6.9847587e-03   4.1420118e-02
   7.2643562e-03   4.4378698e-02
   7.7002081e-03   4.7337278e-02
   7.7537947e-03   5.0295858e-02
   7.9023595e-03   5.3254438e-02
   8.0344325e-03   5.6213018e-02
   8.1012693e-03   5.9171598e-02
   8.1132730e-03   6.2130178e-02
   8.1807136e-03   6.5088757e-02
   8.2958852e-03   6.8047337e-02
   8.3816480e-03   7.1005917e-02
   8.4122161e-03   7.6923077e-02
   8.4331024e-03   7.9881657e-02
   8.6598891e-03   8.2840237e-02
   8.6713438e-03   8.8757396e-02
   8.6844662e-03   9.1715976e-02
   8.7191903e-03   9.4674556e-02
   8.7192931e-03   9.7633136e-02
   8.7447712e-03   1.0059172e-01
   8.7800036e-03   1.0355030e-01
   8.8186233e-03   1.0650888e-01
   8.9405738e-03   1.0946746e-01
   8.9465866e-03   1.1242604e-01
   9.0686899e-03   1.1538462e-01
   9.1306141e-03   1.1834320e-01
   9.2185461e-03   1.2130178e-01
   9.3540497e-03   1.2426036e-01
   9.4220445e-03   1.3017751e-01
   9.6805636e-03   1.3313609e-01
   9.7789279e-03   1.3609467e-01
   9.9796296e-03   1.3905325e-01
   1.0012347e-02   1.4201183e-01
   1.0058425e-02   1.4497041e-01
   1.0147387e-02   1.4792899e-01
   1.0231027e-02   1.5088757e-01
   1.0347380e-02   1.5384615e-01
   1.0360603e-02   1.5680473e-01
   1.0402890e-02   1.5976331e-01
   1.0620040e-02   1.6863905e-01
   1.0643464e-02   1.7159763e-01
   1.0804008e-02   1.7455621e-01
   1.0957030e-02   1.7751479e-01
   1.1014346e-02   1.8047337e-01
   1.1110325e-02   1.8343195e-01
   1.1208663e-02   1.8639053e-01
   1.1266130e-02   1.8934911e-01
   1.1468674e-02   1.9230769e-01
   1.1502940e-02   1.9822485e-01
   1.1601309e-02   2.0118343e-01
   1.1660917e-02   2.0414201e-01
   1.1736505e-02   2.0710059e-01
   1.1778707e-02   2.1005917e-01
   1.2066012e-02   2.1301775e-01
   1.2132081e-02   2.1597633e-01
   1.2292005e-02   2.1893491e-01
   1.2293569e-02   2.2189349e-01
   1.2581855e-02   2.2781065e-01
   1.2618064e-02   2.3076923e-01
   1.2684040e-02   2.3668639e-01
   1.2763811e-02   2.3964497e-01
   1.2770234e-02   2.4260355e-01
   1.2851935e-02   2.4556213e-01
   1.2999047e-02   2.4852071e-01
   1.3159021e-02   2.5147929e-01
   1.3356594e-02   2.5443787e-01
   1.3549823e-02   2.5739645e-01
   1.3641523e-02   2.6035503e-01
   1.3733108e-02   2.6331361e-01
   1.3755340e-02   2.6627219e-01
   1.3968947e-02   2.6923077e-01
   1.4193171e-02   2.7218935e-01
   1.4246266e-02   2.7514793e-01
   1.4257711e-02   2.7810651e-01
   1.4397531e-02   2.8106509e-01
   1.4418056e-02   2.8402367e-01
   1.4528712e-02   2.8698225e-01
   1.4590382e-02   2.9289941e-01
   1.5085970e-02   2.9585799e-01
   1.5450725e-02   2.9881657e-01
   1.5922192e-02   3.0177515e-01
   1.6069293e-02   3.0473373e-01
   1.6204930e-02   3.0769231e-01
   1.6256627e-02   3.1360947e-01
   1.6572004e-02   3.1656805e-01
   1.6591092e-02   3.1952663e-01
   1.6761727e-02   3.2248521e-01
   1.6777631e-02   3.2544379e-01
   1.6857733e-02   3.2840237e-01
   1.7046186e-02   3.3136095e-01
   1.7176246e-02   3.3727811e-01
   1.7259855e-02   3.4023669e-01
   1.7319778e-02   3.4615385e-01
   1.7368932e-02   3.4911243e-01
   1.7499262e-02   3.5207101e-01
   1.7750366e-02   3.5502959e-01
   1.7837495e-02   3.5798817e-01
   1.7881148e-02   3.6094675e-01
   1.7974218e-02   3.6390533e-01
   1.8089345e-02   3.6686391e-01
   1.8185715e-02   3.6982249e-01
   1.8521244e-02   3.7278107e-01
   1.8621014e-02   3.7573964e-01
   1.8721136e-02   3.8165680e-01
   1.8810464e-02   3.8461538e-01
   1.8835985e-02   3.8757396e-01
   1.9008395e-02   3.9053254e-01
   1.9274765e-02   3.9349112e-01
   1.9360675e-02   3.9644970e-01
   1.9389327e-02   3.9940828e-01
   1.9417774e-02   4.0236686e-01
   1.9552431e-02   4.0828402e-01
   1.9592287e-02   4.1124260e-01
   1.9594830e-02   4.1420118e-01
   1.9663848e-02   4.1715976e-01
   1.9678792e-02   4.2011834e-01
   1.9915053e-02   4.2307692e-01
   2.0024257e-02   4.2603550e-01
   2.0136046e-02   4.2899408e-01
   2.0193932e-02   4.3195266e-01
   2.0395804e-02   4.3491124e-01
   2.0462513e-02   4.3786982e-01
   2.0605925e-02   4.4082840e-01
   2.0805781e-02   4.4378698e-01
   2.0920380e-02   4.4674556e-01
   2.1086164e-02   4.4970414e-01
   2.1115929e-02   4.5266272e-01
   2.1181434e-02   4.5562130e-01
   2.1252939e-02   4.5857988e-01
   2.1454780e-02   4.6153846e-01
   2.1512190e-02   4.6449704e-01
   2.1599072e-02   4.7041420e-01
   2.1798259e-02   4.7337278e-01
   2.2198910e-02   4.7633136e-01
   2.2381275e-02   4.8224852e-01
   2.2385201e-02   4.8520710e-01
   2.2434062e-02   4.8816568e-01
   2.2467069e-02   4.9112426e-01
   2.2583200e-02   4.9408284e-01
   2.2638349e-02   4.9704142e-01
   2.2645395e-02   5.0000000e-01
   2.2756377e-02   5.0295858e-01
   2.2884865e-02   5.0591716e-01
   2.2929927e-02   5.0887574e-01
   2.3487384e-02   5.1183432e-01
   2.3653512e-02   5.1479290e-01
   2.3712691e-02   5.1775148e-01
   2.3760642e-02   5.2071006e-01
   2.3767502e-02   5.2366864e-01
   2.4022693e-02   5.2662722e-01
   2.4088887e-02   5.2958580e-01
   2.4304387e-02   5.3254438e-01
   2.4613455e-02   5.3550296e-01
   2.5140262e-02   5.3846154e-01
   2.5151151e-02   5.4142012e-01
   2.5412159e-02   5.4437870e-01
   2.5432227e-02   5.4733728e-01
   2.5698341e-02   5.5029586e-01
   2.6101254e-02   5.5325444e-01
   2.6161576e-02   5.5621302e-01
   2.6317439e-02   5.5917160e-01
   2.6511092e-02   5.6508876e-01
   2.6632785e-02   5.6804734e-01
   2.6908885e-02   5.7100592e-01
   2.7166295e-02   5.7396450e-01
   2.7283045e-02   5.7692308e-01
   2.7724348e-02   5.7988166e-01
   2.7940988e-02   5.8284024e-01
   2.8387650e-02   5.8579882e-01
   2.8632115e-02   5.8875740e-01
   2.8803780e-02   5.9171598e-01
   2.8856841e-02   5.9467456e-01
   2.8877784e-02   5.9763314e-01
   2.9056865e-02   6.0059172e-01
   2.9472498e-02   6.0355030e-01
   3.0040586e-02   6.0650888e-01
   3.0161906e-02   6.0946746e-01
   3.0514799e-02   6.1242604e-01
   3.0680470e-02   6.1538462e-01
   3.0900823e-02   6.1834320e-01
   3.0919459e-02   6.2130178e-01
   3.1041595e-02   6.2426036e-01
   3.1082533e-02   6.2721893e-01
   3.1116128e-02   6.3017751e-01
   3.1573756e-02   6.3313609e-01
   3.2770179e-02   6.3609467e-01
   3.3083793e-02   6.3905325e-01
   3.3370860e-02   6.4201183e-01
   3.3798729e-02   6.4497041e-01
   3.3960732e-02   6.4792899e-01
   3.4941036e-02   6.5088757e-01
   3.5768840e-02   6.5384615e-01
   3.6122640e-02   6.5680473e-01
   3.6593106e-02   6.5976331e-01
   3.6975905e-02   6.6272189e-01
   3.7485497e-02   6.6568047e-01
   3.7738657e-02   6.6863905e-01
   3.7773000e-02   6.7455621e-01
   3.8037316e-02   6.7751479e-01
   3.8069271e-02   6.8047337e-01
   3.8273769e-02   6.8343195e-01
   3.8336691e-02   6.8639053e-01
   3.8865128e-02   6.8934911e-01
   3.9132780e-02   6.9230769e-01
   3.9960380e-02   6.9526627e-01
   4.0575331e-02   6.9822485e-01
   4.0735833e-02   7.0118343e-01
   4.1920397e-02   7.0414201e-01
   4.2674799e-02   7.0710059e-01
   4.2696928e-02   7.1005917e-01
   4.2794094e-02   7.1301775e-01
   4.3457395e-02   7.1597633e-01
   4.4826468e-02   7.1893491e-01
   4.5033186e-02   7.2189349e-01
   4.5263706e-02   7.2485207e-01
   4.5857792e-02   7.2781065e-01
   4.6199348e-02   7.3076923e-01
   4.6929884e-02   7.3372781e-01
   4.7207735e-02   7.3668639e-01
   4.7358289e-02   7.3964497e-01
   4.7811697e-02   7.4260355e-01
   4.8092304e-02   7.4556213e-01
   4.8208745e-02   7.4852071e-01
   4.8355589e-02   7.5147929e-01
   4.8415466e-02   7.5443787e-01
   4.8937069e-02   7.5739645e-01
   4.9270776e-02   7.6035503e-01
   4.9897526e-02   7.6331361e-01
   5.0090368e-02   7.6627219e-01
   5.0291008e-02   7.6923077e-01
   5.0873770e-02   7.7218935e-01
   5.1126162e-02   7.7514793e-01
   5.1169364e-02   7.7810651e-01
   5.1175972e-02   7.8106509e-01
   5.1411090e-02   7.8402367e-01
   5.1747580e-02   7.8698225e-01
   5.2518555e-02   7.8994083e-01
   5.5029862e-02   7.9289941e-01
   5.5220402e-02   7.9585799e-01
   5.5486575e-02   7.9881657e-01
   5.6571418e-02   8.0177515e-01
   5.6817292e-02   8.0473373e-01
   5.6905881e-02   8.0769231e-01
   5.7558166e-02   8.1065089e-01
   5.7569528e-02   8.1360947e-01
   5.7670789e-02   8.1656805e-01
   5.8838045e-02   8.1952663e-01
   5.8914816e-02   8.2248521e-01
   5.9183262e-02   8.2544379e-01
   5.9678699e-02   8.2840237e-01
   5.9935830e-02   8.3136095e-01
   6.0022644e-02   8.3431953e-01
   6.0031788e-02   8.3727811e-01
   6.0049049e-02   8.4023669e-01
   6.0694227e-02   8.4319527e-01
   6.3136703e-02   8.4615385e-01
   6.3347149e-02   8.4911243e-01
   6.5411094e-02   8.5207101e-01
   6.5767726e-02   8.5502959e-01
   6.7006686e-02   8.5798817e-01
   6.7297370e-02   8.6094675e-01
   6.7604649e-02   8.6390533e-01
   6.7904375e-02   8.6686391e-01
   6.8363153e-02   8.6982249e-01
   7.0865818e-02   8.7278107e-01
   7.1393605e-02   8.7573964e-01
   7.2611804e-02   8.7869822e-01
   7.2887546e-02   8.8165680e-01
   7.3196380e-02   8.8461538e-01
   7.4617261e-02   8.8757396e-01
   7.5792123e-02   8.9053254e-01
   7.6802401e-02   8.9349112e-01
   7.9063738e-02   8.9644970e-01
   8.0173464e-02   8.9940828e-01
   8.1030949e-02   9.0236686e-01
   8.1747752e-02   9.0532544e-01
   8.2890329e-02   9.0828402e-01
   8.3119852e-02   9.1124260e-01
   8.3545449e-02   9.1420118e-01
   8.3808613e-02   9.1715976e-01
   8.6781672e-02   9.2011834e-01
   8.7289866e-02   9.2307692e-01
   8.8588659e-02   9.2603550e-01
   9.0348437e-02   9.2899408e-01
   9.1222127e-02   9.3195266e-01
   9.1522229e-02   9.3491124e-01
   9.1720849e-02   9.3786982e-01
   9.2184239e-02   9.4082840e-01
   9.3756628e-02   9.4378698e-01
   9.6563862e-02   9.4674556e-01
   9.7439790e-02   9.4970414e-01
   9.9980663e-02   9.5266272e-01
   1.0060533e-01   9.5562130e-01
   1.0085614e-01   9.5857988e-01
   1.0544486e-01   9.6153846e-01
   1.0679772e-01   9.6449704e-01
   1.2400266e-01   9.6745562e-01
   1.2703538e-01   9.7041420e-01
   1.2812424e-01   9.7337278e-01
   1.2822769e-01   9.7633136e-01
   1.4117869e-01   9.7928994e-01
   1.4193269e-01   9.8224852e-01
   1.6225046e-01   9.8520710e-01
   1.6991745e-01   9.8816568e-01
   1.7664960e-01   9.9112426e-01
   1.9310739e-01   9.9408284e-01
   1.9388056e-01   9.9704142e-01
   2.1213628e-01   1.0000000e+00
