   3.6888000e-03   0.0000000e+00
   3.6888000e-03   3.4246575e-03
   4.0984000e-03   6.8493151e-03
   4.5080000e-03   1.1986301e-02
   4.9184000e-03   2.5684932e-02
   5.3280000e-03   3.4246575e-02
   5.7376000e-03   4.7945205e-02
   6.1472000e-03   8.2191781e-02
   6.5576000e-03   9.0753425e-02
   6.9672000e-03   1.1815068e-01
   7.3768000e-03   1.4897260e-01
   7.7872000e-03   1.6952055e-01
   8.1968000e-03   2.0376712e-01
   8.6064000e-03   2.2260274e-01
   9.0160000e-03   2.3630137e-01
   9.4264000e-03   2.5513699e-01
   9.8360000e-03   2.7739726e-01
   1.0245600e-02   2.9452055e-01
   1.0656000e-02   3.0650685e-01
   1.1065600e-02   3.2534247e-01
   1.1475200e-02   3.4760274e-01
   1.1885600e-02   3.6472603e-01
   1.2295200e-02   3.8013699e-01
   1.2704800e-02   3.8869863e-01
   1.3114400e-02   4.0753425e-01
   1.3524800e-02   4.2123288e-01
   1.3934400e-02   4.3835616e-01
   1.4344000e-02   4.4691781e-01
   1.4754400e-02   4.6061644e-01
   1.5164000e-02   4.7602740e-01
   1.5573600e-02   4.8630137e-01
   1.5984000e-02   4.8801370e-01
   1.6393600e-02   5.0684932e-01
   1.6803200e-02   5.1712329e-01
   1.7212800e-02   5.2226027e-01
   1.7623200e-02   5.2739726e-01
   1.8032800e-02   5.3595890e-01
   1.8442400e-02   5.3767123e-01
   1.8852800e-02   5.5136986e-01
   1.9262400e-02   5.5993151e-01
   1.9672000e-02   5.6335616e-01
   2.0081600e-02   5.6849315e-01
   2.0492000e-02   5.8047945e-01
   2.0901600e-02   5.8904110e-01
   2.1311200e-02   6.0445205e-01
   2.1721600e-02   6.1643836e-01
   2.2131200e-02   6.2328767e-01
   2.2540800e-02   6.4212329e-01
   2.2950400e-02   6.4383562e-01
   2.3360800e-02   6.5068493e-01
   2.3770400e-02   6.6438356e-01
   2.4180000e-02   6.7465753e-01
   2.4590400e-02   6.7808219e-01
   2.5000000e-02   6.8321918e-01
   2.5820000e-02   6.9006849e-01
   2.6229600e-02   6.9349315e-01
   2.6639200e-02   6.9691781e-01
   2.7049600e-02   6.9863014e-01
   2.7459200e-02   7.0890411e-01
   2.7868800e-02   7.1061644e-01
   2.8278400e-02   7.1232877e-01
   2.8688800e-02   7.1404110e-01
   2.9508000e-02   7.1575342e-01
   2.9918400e-02   7.1746575e-01
   3.0328000e-02   7.2431507e-01
   3.0737600e-02   7.2602740e-01
   3.1147200e-02   7.3801370e-01
   3.1557600e-02   7.4657534e-01
   3.1967200e-02   7.4828767e-01
   3.2376800e-02   7.6027397e-01
   3.2787200e-02   7.7226027e-01
   3.3196800e-02   7.7568493e-01
   3.3606400e-02   7.8082192e-01
   3.4016800e-02   7.9109589e-01
   3.4426400e-02   7.9965753e-01
   3.4836000e-02   8.0308219e-01
   3.5245600e-02   8.0821918e-01
   3.5656000e-02   8.1849315e-01
   3.6065600e-02   8.2191781e-01
   3.6475200e-02   8.2876712e-01
   3.6885600e-02   8.3561644e-01
   3.7704800e-02   8.3732877e-01
   3.8114400e-02   8.4075342e-01
   3.9344000e-02   8.4246575e-01
   4.0164000e-02   8.4417808e-01
   4.0983200e-02   8.4931507e-01
   4.1393600e-02   8.5102740e-01
   4.2212800e-02   8.5273973e-01
   4.3032800e-02   8.5445205e-01
   4.3442400e-02   8.5958904e-01
   4.3852800e-02   8.6301370e-01
   4.4262400e-02   8.6643836e-01
   4.4672000e-02   8.6986301e-01
   4.5081600e-02   8.7328767e-01
   4.5492000e-02   8.7842466e-01
   4.5901600e-02   8.8184932e-01
   4.6721600e-02   8.8527397e-01
   4.7131200e-02   8.8698630e-01
   4.7540800e-02   8.9041096e-01
   4.8360800e-02   8.9554795e-01
   4.8770400e-02   8.9897260e-01
   4.9180000e-02   9.0239726e-01
   4.9590400e-02   9.0582192e-01
   5.1639200e-02   9.0753425e-01
   5.3278400e-02   9.0924658e-01
   5.3688800e-02   9.1438356e-01
   5.4508000e-02   9.2294521e-01
   5.4918400e-02   9.2465753e-01
   5.5328000e-02   9.2636986e-01
   5.5737600e-02   9.2979452e-01
   5.6147200e-02   9.3321918e-01
   5.6557600e-02   9.3664384e-01
   5.6967200e-02   9.3835616e-01
   5.8196800e-02   9.4006849e-01
   5.9016800e-02   9.4349315e-01
   6.0245600e-02   9.4520548e-01
   6.3934400e-02   9.4691781e-01
   6.5983200e-02   9.4863014e-01
   6.6393600e-02   9.5034247e-01
   6.6803200e-02   9.5205479e-01
   6.8442400e-02   9.5547945e-01
   6.9262400e-02   9.5890411e-01
   6.9672000e-02   9.6232877e-01
   7.2540800e-02   9.6404110e-01
   7.7048800e-02   9.6575342e-01
   7.9098400e-02   9.6746575e-01
   8.1147200e-02   9.6917808e-01
   8.1557600e-02   9.7089041e-01
   8.2787200e-02   9.7260274e-01
   8.4426400e-02   9.7431507e-01
   8.4836000e-02   9.7602740e-01
   9.0573600e-02   9.7773973e-01
   1.0122960e-01   9.7945205e-01
   1.0163920e-01   9.8116438e-01
   1.0819680e-01   9.8287671e-01
   1.0942640e-01   9.8458904e-01
   1.1065600e-01   9.8630137e-01
   1.1106560e-01   9.8801370e-01
   1.1557360e-01   9.8972603e-01
   1.2172160e-01   9.9143836e-01
   1.2663920e-01   9.9315068e-01
   1.3729520e-01   9.9486301e-01
   1.4344240e-01   9.9657534e-01
   1.5327840e-01   9.9828767e-01
   1.6639360e-01   1.0000000e+00
