   4.8404338e-03   0.0000000e+00
   4.8404338e-03   4.4052863e-03
   5.2836526e-03   8.8105727e-03
   5.3216268e-03   1.3215859e-02
   5.5516100e-03   1.7621145e-02
   5.7430952e-03   2.2026432e-02
   5.9767683e-03   2.6431718e-02
   6.0095651e-03   3.0837004e-02
   6.0152938e-03   3.5242291e-02
   6.0876543e-03   3.9647577e-02
   6.2675529e-03   4.4052863e-02
   6.4368183e-03   4.8458150e-02
   6.5327144e-03   5.2863436e-02
   6.6619553e-03   5.7268722e-02
   6.7254934e-03   6.1674009e-02
   6.8030059e-03   6.6079295e-02
   6.8955779e-03   7.0484581e-02
   6.8957181e-03   7.9295154e-02
   6.9258429e-03   8.3700441e-02
   7.1216764e-03   8.8105727e-02
   7.1374458e-03   9.2511013e-02
   7.1940239e-03   9.6916300e-02
   7.2517882e-03   1.0572687e-01
   7.3561139e-03   1.1013216e-01
   7.5814116e-03   1.1453744e-01
   7.5929461e-03   1.1894273e-01
   7.5971668e-03   1.2334802e-01
   7.6325516e-03   1.2775330e-01
   7.7106672e-03   1.3215859e-01
   7.8132559e-03   1.3656388e-01
   7.9820991e-03   1.4096916e-01
   8.0900748e-03   1.4537445e-01
   8.0982092e-03   1.4977974e-01
   8.2749236e-03   1.5418502e-01
   8.2949898e-03   1.5859031e-01
   8.3570634e-03   1.6299559e-01
   8.4356495e-03   1.6740088e-01
   8.5439218e-03   1.7180617e-01
   8.6334755e-03   1.8061674e-01
   8.6839788e-03   1.8502203e-01
   8.9563725e-03   1.8942731e-01
   8.9753953e-03   1.9823789e-01
   9.0538927e-03   2.0704846e-01
   9.1314815e-03   2.1145374e-01
   9.1619427e-03   2.1585903e-01
   9.1906029e-03   2.2026432e-01
   9.1942892e-03   2.2466960e-01
   9.2220754e-03   2.2907489e-01
   9.2508110e-03   2.3788546e-01
   9.4011220e-03   2.4229075e-01
   9.4261592e-03   2.4669604e-01
   9.5799390e-03   2.5110132e-01
   9.7179969e-03   2.5550661e-01
   9.7662564e-03   2.5991189e-01
   9.7858283e-03   2.6431718e-01
   9.7894413e-03   2.6872247e-01
   9.9315476e-03   2.7312775e-01
   9.9498999e-03   2.7753304e-01
   9.9836003e-03   2.8193833e-01
   1.0124534e-02   2.8634361e-01
   1.0227878e-02   2.9074890e-01
   1.0568436e-02   2.9515419e-01
   1.0573839e-02   2.9955947e-01
   1.0791391e-02   3.0396476e-01
   1.0903953e-02   3.0837004e-01
   1.1073017e-02   3.1277533e-01
   1.1257769e-02   3.1718062e-01
   1.1346754e-02   3.2158590e-01
   1.1387432e-02   3.2599119e-01
   1.1511301e-02   3.3039648e-01
   1.1528980e-02   3.3480176e-01
   1.1627921e-02   3.3920705e-01
   1.1719931e-02   3.4361233e-01
   1.1727645e-02   3.4801762e-01
   1.1740205e-02   3.5242291e-01
   1.1767096e-02   3.5682819e-01
   1.1778376e-02   3.6123348e-01
   1.1947530e-02   3.6563877e-01
   1.2019641e-02   3.7004405e-01
   1.2287507e-02   3.7444934e-01
   1.2412941e-02   3.7885463e-01
   1.2656038e-02   3.8325991e-01
   1.2825542e-02   3.8766520e-01
   1.2896272e-02   3.9207048e-01
   1.3097127e-02   3.9647577e-01
   1.3649126e-02   4.0088106e-01
   1.4152478e-02   4.0528634e-01
   1.4163111e-02   4.0969163e-01
   1.4423530e-02   4.1409692e-01
   1.4427239e-02   4.1850220e-01
   1.4822641e-02   4.2290749e-01
   1.5139370e-02   4.2731278e-01
   1.5469263e-02   4.3171806e-01
   1.5521763e-02   4.3612335e-01
   1.5653537e-02   4.4052863e-01
   1.5721026e-02   4.4493392e-01
   1.6085187e-02   4.4933921e-01
   1.6090998e-02   4.5374449e-01
   1.6490983e-02   4.5814978e-01
   1.6565542e-02   4.6255507e-01
   1.6802079e-02   4.6696035e-01
   1.6967865e-02   4.7136564e-01
   1.7249499e-02   4.7577093e-01
   1.7277474e-02   4.8017621e-01
   1.7279799e-02   4.8458150e-01
   1.7420542e-02   4.8898678e-01
   1.7525405e-02   4.9339207e-01
   1.7542678e-02   4.9779736e-01
   1.7736525e-02   5.0220264e-01
   1.7836016e-02   5.0660793e-01
   1.8389154e-02   5.1101322e-01
   1.8410640e-02   5.1541850e-01
   1.8425695e-02   5.1982379e-01
   1.8502257e-02   5.2422907e-01
   1.8633796e-02   5.2863436e-01
   1.8660779e-02   5.3303965e-01
   1.8756808e-02   5.3744493e-01
   1.9255487e-02   5.4185022e-01
   1.9374101e-02   5.4625551e-01
   1.9520072e-02   5.5066079e-01
   1.9532258e-02   5.5506608e-01
   1.9665053e-02   5.5947137e-01
   2.0249420e-02   5.6387665e-01
   2.0451057e-02   5.6828194e-01
   2.0828480e-02   5.7268722e-01
   2.0984147e-02   5.7709251e-01
   2.1137068e-02   5.8149780e-01
   2.1658267e-02   5.8590308e-01
   2.1769633e-02   5.9030837e-01
   2.2156827e-02   5.9471366e-01
   2.2514405e-02   5.9911894e-01
   2.2539190e-02   6.0352423e-01
   2.2642721e-02   6.0792952e-01
   2.2652181e-02   6.1233480e-01
   2.2743677e-02   6.1674009e-01
   2.2958131e-02   6.2114537e-01
   2.2982313e-02   6.2555066e-01
   2.3006910e-02   6.2995595e-01
   2.3075066e-02   6.3436123e-01
   2.3186790e-02   6.3876652e-01
   2.3899024e-02   6.4317181e-01
   2.4094531e-02   6.4757709e-01
   2.4325382e-02   6.5198238e-01
   2.4517518e-02   6.5638767e-01
   2.4612271e-02   6.6079295e-01
   2.4639416e-02   6.6519824e-01
   2.5285287e-02   6.6960352e-01
   2.5769089e-02   6.7400881e-01
   2.5962928e-02   6.7841410e-01
   2.6653028e-02   6.8281938e-01
   2.6665000e-02   6.8722467e-01
   2.6678137e-02   6.9162996e-01
   2.6684337e-02   6.9603524e-01
   2.6759103e-02   7.0044053e-01
   2.7108661e-02   7.0484581e-01
   2.7247612e-02   7.0925110e-01
   2.7860908e-02   7.1365639e-01
   2.7952212e-02   7.1806167e-01
   2.8774732e-02   7.2246696e-01
   3.4495934e-02   7.2687225e-01
   3.4663907e-02   7.3127753e-01
   3.4838570e-02   7.3568282e-01
   3.5441858e-02   7.4008811e-01
   3.6011280e-02   7.4449339e-01
   3.6097810e-02   7.4889868e-01
   3.6298368e-02   7.5330396e-01
   3.6433952e-02   7.5770925e-01
   3.6531459e-02   7.6211454e-01
   3.7180646e-02   7.6651982e-01
   3.7523527e-02   7.7092511e-01
   3.8241141e-02   7.7533040e-01
   3.9522888e-02   7.7973568e-01
   3.9642624e-02   7.8414097e-01
   3.9769595e-02   7.8854626e-01
   4.0016660e-02   7.9295154e-01
   4.0683986e-02   7.9735683e-01
   4.0753620e-02   8.0176211e-01
   4.1586506e-02   8.0616740e-01
   4.2089641e-02   8.1057269e-01
   4.2128492e-02   8.1497797e-01
   4.2563826e-02   8.1938326e-01
   4.4780906e-02   8.2378855e-01
   4.6272076e-02   8.2819383e-01
   4.6456295e-02   8.3259912e-01
   4.8753673e-02   8.3700441e-01
   4.9531371e-02   8.4140969e-01
   5.0421125e-02   8.4581498e-01
   5.0512996e-02   8.5022026e-01
   5.1828822e-02   8.5462555e-01
   5.2751051e-02   8.5903084e-01
   5.3214508e-02   8.6343612e-01
   5.6462522e-02   8.6784141e-01
   6.1308710e-02   8.7224670e-01
   6.2040555e-02   8.7665198e-01
   6.2228940e-02   8.8105727e-01
   6.2502346e-02   8.8546256e-01
   6.2645125e-02   8.8986784e-01
   6.3468905e-02   8.9427313e-01
   6.3828662e-02   8.9867841e-01
   6.6632775e-02   9.0308370e-01
   6.8513455e-02   9.0748899e-01
   7.2139808e-02   9.1189427e-01
   7.3350776e-02   9.1629956e-01
   7.6944609e-02   9.2070485e-01
   7.7779892e-02   9.2511013e-01
   8.1358214e-02   9.2951542e-01
   8.5932052e-02   9.3392070e-01
   8.9806082e-02   9.3832599e-01
   9.1909791e-02   9.4273128e-01
   9.2157888e-02   9.4713656e-01
   1.0163681e-01   9.5154185e-01
   1.0276723e-01   9.5594714e-01
   1.0802951e-01   9.6035242e-01
   1.0881363e-01   9.6475771e-01
   1.1116841e-01   9.6916300e-01
   1.1578716e-01   9.7356828e-01
   1.2106214e-01   9.7797357e-01
   1.5357172e-01   9.8237885e-01
   1.5821835e-01   9.8678414e-01
   1.6249083e-01   9.9118943e-01
   1.9738486e-01   9.9559471e-01
   2.1887191e-01   1.0000000e+00
