   2.4952000e-03   0.0000000e+00
   2.4952000e-03   7.1890726e-04
   3.3264000e-03   1.4378145e-03
   3.7424000e-03   5.7512581e-03
   4.1584000e-03   1.0783609e-02
   4.5736000e-03   3.0194105e-02
   4.9896000e-03   5.8231488e-02
   5.4056000e-03   9.1301222e-02
   5.8216000e-03   1.3371675e-01
   6.2368000e-03   1.7828900e-01
   6.6528000e-03   2.5161754e-01
   7.0688000e-03   2.9115744e-01
   7.4848000e-03   3.2638390e-01
   7.9000000e-03   4.0186916e-01
   8.3160000e-03   4.3134436e-01
   8.7320000e-03   4.5650611e-01
   9.1480000e-03   5.2336449e-01
   9.5632000e-03   5.4133717e-01
   9.9792000e-03   5.6506111e-01
   1.0395200e-02   6.0891445e-01
   1.0810400e-02   6.2616822e-01
   1.1226400e-02   6.4989216e-01
   1.1642400e-02   6.8439971e-01
   1.2058400e-02   7.0237239e-01
   1.2474400e-02   7.2537743e-01
   1.2889600e-02   7.4550683e-01
   1.3305600e-02   7.6204170e-01
   1.3721600e-02   7.7785766e-01
   1.4136800e-02   7.9079799e-01
   1.4552800e-02   8.0589504e-01
   1.4968800e-02   8.1595974e-01
   1.5384800e-02   8.2746226e-01
   1.5800800e-02   8.4184040e-01
   1.6216000e-02   8.5406183e-01
   1.6632000e-02   8.5981308e-01
   1.7048000e-02   8.7203451e-01
   1.7464000e-02   8.7347232e-01
   1.7879200e-02   8.7778577e-01
   1.8295200e-02   8.8497484e-01
   1.8711200e-02   8.8713156e-01
   1.9126400e-02   8.9216391e-01
   1.9542400e-02   8.9935298e-01
   1.9958400e-02   9.0366643e-01
   2.0374400e-02   9.0726096e-01
   2.0790400e-02   9.1157441e-01
   2.1205600e-02   9.1588785e-01
   2.1621600e-02   9.2092020e-01
   2.2037600e-02   9.2307692e-01
   2.2453600e-02   9.2523364e-01
   2.2868800e-02   9.2882818e-01
   2.3284800e-02   9.3314162e-01
   2.3700800e-02   9.3457944e-01
   2.4116000e-02   9.3673616e-01
   2.4532000e-02   9.3745507e-01
   2.4948000e-02   9.3961179e-01
   2.5364000e-02   9.4248742e-01
   2.5780000e-02   9.4320633e-01
   2.6195200e-02   9.5039540e-01
   2.6611200e-02   9.5255212e-01
   2.7027200e-02   9.5398994e-01
   2.7443200e-02   9.5686556e-01
   2.7858400e-02   9.5758447e-01
   2.8274400e-02   9.5830338e-01
   2.8690400e-02   9.6046010e-01
   2.9105600e-02   9.6189792e-01
   2.9937600e-02   9.6261682e-01
   3.0353600e-02   9.6333573e-01
   3.0769600e-02   9.6477354e-01
   3.1184800e-02   9.6836808e-01
   3.2016800e-02   9.7196262e-01
   3.2432800e-02   9.7268152e-01
   3.3264000e-02   9.7340043e-01
   3.4095200e-02   9.7411934e-01
   3.4511200e-02   9.7483825e-01
   3.4927200e-02   9.7555715e-01
   3.5343200e-02   9.7627606e-01
   3.6174400e-02   9.7771387e-01
   3.6590400e-02   9.8058950e-01
   3.7006400e-02   9.8130841e-01
   3.7421600e-02   9.8274623e-01
   3.7837600e-02   9.8346513e-01
   3.9084800e-02   9.8418404e-01
   3.9500800e-02   9.8490295e-01
   3.9916800e-02   9.8634076e-01
   4.0748800e-02   9.8705967e-01
   4.1580000e-02   9.8777858e-01
   4.1996000e-02   9.8849748e-01
   4.3243200e-02   9.8921639e-01
   4.3659200e-02   9.8993530e-01
   4.4490400e-02   9.9065421e-01
   4.5322400e-02   9.9209202e-01
   4.5738400e-02   9.9352983e-01
   4.6985600e-02   9.9424874e-01
   4.7401600e-02   9.9496765e-01
   5.4054400e-02   9.9568656e-01
   5.5717600e-02   9.9640546e-01
   6.6112000e-02   9.9712437e-01
   6.6528000e-02   9.9784328e-01
   7.1933600e-02   9.9928109e-01
   1.0270240e-01   1.0000000e+00
