   5.4258907e-03   0.0000000e+00
   5.4258907e-03   1.0178117e-03
   5.5546249e-03   1.5267176e-03
   6.1804737e-03   2.5445293e-03
   6.4273644e-03   3.0534351e-03
   6.4543264e-03   3.5623410e-03
   6.5752802e-03   4.0712468e-03
   6.6355179e-03   5.0890585e-03
   6.6393763e-03   5.5979644e-03
   6.6925436e-03   6.6157761e-03
   6.8078681e-03   7.6335878e-03
   6.9455940e-03   8.1424936e-03
   6.9733854e-03   9.1603053e-03
   7.0587672e-03   1.0178117e-02
   7.0626387e-03   1.0687023e-02
   7.1980163e-03   1.2213740e-02
   7.2676558e-03   1.3231552e-02
   7.2690633e-03   1.4758270e-02
   7.3255825e-03   1.5776081e-02
   7.4357626e-03   1.6793893e-02
   7.5773892e-03   1.8320611e-02
   7.5975549e-03   1.9338422e-02
   7.6001799e-03   1.9847328e-02
   7.6075841e-03   2.2391858e-02
   7.6297537e-03   2.2900763e-02
   7.6748153e-03   2.3918575e-02
   7.6895078e-03   2.5445293e-02
   7.8076585e-03   2.5954198e-02
   7.8968817e-03   2.9007634e-02
   7.9027136e-03   3.1043257e-02
   7.9412058e-03   3.3078880e-02
   7.9586247e-03   3.9185751e-02
   8.0045168e-03   4.0203562e-02
   8.0360908e-03   4.1221374e-02
   8.2095551e-03   4.6819338e-02
   8.2189669e-03   4.7837150e-02
   8.2256158e-03   4.9872774e-02
   8.2308583e-03   5.0381679e-02
   8.2411925e-03   5.2417303e-02
   8.2908814e-03   5.3944020e-02
   8.3217251e-03   5.5470738e-02
   8.4178256e-03   5.6488550e-02
   8.4492237e-03   5.8524173e-02
   8.5262424e-03   6.3104326e-02
   8.5358753e-03   7.0229008e-02
   8.5636861e-03   7.3282443e-02
   8.5923603e-03   7.8371501e-02
   8.6220017e-03   7.8880407e-02
   8.6476035e-03   8.1933842e-02
   8.6586705e-03   8.2442748e-02
   8.6948582e-03   8.8549618e-02
   8.7766616e-03   8.9567430e-02
   8.8365906e-03   9.0585242e-02
   8.8408812e-03   9.8218830e-02
   8.8417690e-03   1.0076336e-01
   8.8528399e-03   1.0788804e-01
   8.8753912e-03   1.1399491e-01
   8.9094923e-03   1.1704835e-01
   8.9542227e-03   1.1959288e-01
   9.0105353e-03   1.2162850e-01
   9.0313044e-03   1.2264631e-01
   9.0767867e-03   1.2722646e-01
   9.0897027e-03   1.2875318e-01
   9.1537890e-03   1.3027990e-01
   9.1562626e-03   1.3994911e-01
   9.1691102e-03   1.4961832e-01
   9.1877694e-03   1.5674300e-01
   9.2261594e-03   1.6335878e-01
   9.2413432e-03   1.6539440e-01
   9.2593441e-03   1.6590331e-01
   9.2621679e-03   1.6946565e-01
   9.3255349e-03   1.7455471e-01
   9.3386666e-03   1.7506361e-01
   9.3782627e-03   1.7811705e-01
   9.4453470e-03   1.7913486e-01
   9.4664461e-03   1.8117048e-01
   9.4735710e-03   1.8982188e-01
   9.4804788e-03   2.0356234e-01
   9.5090500e-03   2.1272265e-01
   9.5301526e-03   2.1781170e-01
   9.5869451e-03   2.2595420e-01
   9.6202815e-03   2.2849873e-01
   9.6463747e-03   2.3053435e-01
   9.6869162e-03   2.3104326e-01
   9.7052124e-03   2.3460560e-01
   9.7515415e-03   2.3562341e-01
   9.7872815e-03   2.4478372e-01
   9.8029586e-03   2.5597964e-01
   9.8126540e-03   2.6666667e-01
   9.8594893e-03   2.7480916e-01
   9.8622371e-03   2.7938931e-01
   9.8648605e-03   2.8040712e-01
   9.8785561e-03   2.8651399e-01
   9.9566591e-03   2.9211196e-01
   9.9845165e-03   2.9363868e-01
   1.0057506e-02   2.9618321e-01
   1.0091643e-02   3.0178117e-01
   1.0106450e-02   3.0992366e-01
   1.0109381e-02   3.1653944e-01
   1.0129150e-02   3.1806616e-01
   1.0143249e-02   3.2926209e-01
   1.0151367e-02   3.3740458e-01
   1.0219348e-02   3.4249364e-01
   1.0233603e-02   3.4402036e-01
   1.0264727e-02   3.4605598e-01
   1.0288557e-02   3.4707379e-01
   1.0333692e-02   3.5165394e-01
   1.0353632e-02   3.5521628e-01
   1.0418687e-02   3.6335878e-01
   1.0436849e-02   3.6895674e-01
   1.0438469e-02   3.7557252e-01
   1.0473413e-02   3.7608142e-01
   1.0485331e-02   3.7964377e-01
   1.0493381e-02   3.8676845e-01
   1.0497190e-02   3.9033079e-01
   1.0510622e-02   3.9083969e-01
   1.0587030e-02   3.9694656e-01
   1.0594043e-02   3.9745547e-01
   1.0672561e-02   3.9898219e-01
   1.0718492e-02   4.0610687e-01
   1.0727123e-02   4.0712468e-01
   1.0738300e-02   4.1221374e-01
   1.0739485e-02   4.2290076e-01
   1.0775082e-02   4.2697201e-01
   1.0776935e-02   4.2748092e-01
   1.0777447e-02   4.3053435e-01
   1.0848876e-02   4.3562341e-01
   1.0851781e-02   4.4071247e-01
   1.0884902e-02   4.4376590e-01
   1.0893547e-02   4.4529262e-01
   1.0894828e-02   4.4580153e-01
   1.0959344e-02   4.4834606e-01
   1.0962942e-02   4.5190840e-01
   1.1049823e-02   4.5801527e-01
   1.1065796e-02   4.6310433e-01
   1.1070776e-02   4.6717557e-01
   1.1085150e-02   4.6819338e-01
   1.1103841e-02   4.6870229e-01
   1.1109681e-02   4.7175573e-01
   1.1117982e-02   4.7430025e-01
   1.1126702e-02   4.7837150e-01
   1.1205874e-02   4.7938931e-01
   1.1218826e-02   4.8396947e-01
   1.1289734e-02   4.8702290e-01
   1.1317438e-02   4.8753181e-01
   1.1328343e-02   4.8956743e-01
   1.1345705e-02   4.9262087e-01
   1.1368348e-02   4.9669211e-01
   1.1372077e-02   4.9821883e-01
   1.1399955e-02   5.0178117e-01
   1.1411056e-02   5.0534351e-01
   1.1428175e-02   5.0585242e-01
   1.1466604e-02   5.0941476e-01
   1.1484963e-02   5.1348601e-01
   1.1501982e-02   5.1399491e-01
   1.1567010e-02   5.1501272e-01
   1.1579391e-02   5.1552163e-01
   1.1593144e-02   5.1704835e-01
   1.1673677e-02   5.1755725e-01
   1.1681819e-02   5.1908397e-01
   1.1693864e-02   5.2417303e-01
   1.1699279e-02   5.2519084e-01
   1.1702003e-02   5.2569975e-01
   1.1703600e-02   5.2773537e-01
   1.1734650e-02   5.3435115e-01
   1.1740207e-02   5.3893130e-01
   1.1743946e-02   5.3944020e-01
   1.1760658e-02   5.4503817e-01
   1.1819777e-02   5.4758270e-01
   1.1850879e-02   5.5012723e-01
   1.1868982e-02   5.5063613e-01
   1.1908696e-02   5.5572519e-01
   1.1921889e-02   5.5623410e-01
   1.1933200e-02   5.5928753e-01
   1.1974055e-02   5.6183206e-01
   1.1998834e-02   5.6743003e-01
   1.2004791e-02   5.7455471e-01
   1.2025804e-02   5.7964377e-01
   1.2044715e-02   5.8473282e-01
   1.2079271e-02   5.8524173e-01
   1.2085386e-02   5.8625954e-01
   1.2112349e-02   5.8727735e-01
   1.2118252e-02   5.8931298e-01
   1.2129182e-02   5.9236641e-01
   1.2141553e-02   5.9287532e-01
   1.2178368e-02   5.9338422e-01
   1.2223760e-02   5.9491094e-01
   1.2303380e-02   5.9643766e-01
   1.2313494e-02   6.0000000e-01
   1.2314744e-02   6.0101781e-01
   1.2322560e-02   6.0356234e-01
   1.2337581e-02   6.0661578e-01
   1.2345924e-02   6.0763359e-01
   1.2360947e-02   6.1068702e-01
   1.2363012e-02   6.1526718e-01
   1.2394115e-02   6.1832061e-01
   1.2436322e-02   6.1933842e-01
   1.2459818e-02   6.1984733e-01
   1.2483149e-02   6.2137405e-01
   1.2528085e-02   6.2290076e-01
   1.2529939e-02   6.2442748e-01
   1.2602990e-02   6.2798982e-01
   1.2607105e-02   6.2849873e-01
   1.2629157e-02   6.3155216e-01
   1.2638157e-02   6.3664122e-01
   1.2651862e-02   6.3867684e-01
   1.2678913e-02   6.4173028e-01
   1.2706282e-02   6.4325700e-01
   1.2725694e-02   6.4427481e-01
   1.2751121e-02   6.4681934e-01
   1.2752603e-02   6.4936387e-01
   1.2791951e-02   6.5038168e-01
   1.2842633e-02   6.5139949e-01
   1.2854729e-02   6.5496183e-01
   1.2908247e-02   6.5648855e-01
   1.2932258e-02   6.5852417e-01
   1.2945907e-02   6.6259542e-01
   1.2950665e-02   6.6463104e-01
   1.2958562e-02   6.6513995e-01
   1.2971583e-02   6.6564885e-01
   1.2987500e-02   6.6666667e-01
   1.3028117e-02   6.6921120e-01
   1.3053643e-02   6.6972010e-01
   1.3054559e-02   6.7124682e-01
   1.3115110e-02   6.7379135e-01
   1.3140461e-02   6.7480916e-01
   1.3149877e-02   6.7684478e-01
   1.3151893e-02   6.7786260e-01
   1.3228891e-02   6.7837150e-01
   1.3231777e-02   6.8142494e-01
   1.3259737e-02   6.8600509e-01
   1.3271603e-02   6.8804071e-01
   1.3278140e-02   6.8854962e-01
   1.3278753e-02   6.9007634e-01
   1.3313112e-02   6.9262087e-01
   1.3328430e-02   6.9363868e-01
   1.3375137e-02   6.9516539e-01
   1.3377653e-02   6.9770992e-01
   1.3384576e-02   7.0025445e-01
   1.3407453e-02   7.0178117e-01
   1.3577907e-02   7.0534351e-01
   1.3580359e-02   7.0737913e-01
   1.3605603e-02   7.0839695e-01
   1.3612391e-02   7.0992366e-01
   1.3615076e-02   7.1195929e-01
   1.3662137e-02   7.1552163e-01
   1.3674258e-02   7.1653944e-01
   1.3747099e-02   7.1704835e-01
   1.3763936e-02   7.1857506e-01
   1.3772801e-02   7.1908397e-01
   1.3816824e-02   7.1959288e-01
   1.3861182e-02   7.2010178e-01
   1.3882679e-02   7.2162850e-01
   1.3891188e-02   7.2213740e-01
   1.3904551e-02   7.2315522e-01
   1.3906763e-02   7.2519084e-01
   1.3947311e-02   7.2620865e-01
   1.3951181e-02   7.2875318e-01
   1.3957585e-02   7.2977099e-01
   1.3980083e-02   7.3027990e-01
   1.4003526e-02   7.3180662e-01
   1.4017484e-02   7.3333333e-01
   1.4023961e-02   7.3435115e-01
   1.4116413e-02   7.3587786e-01
   1.4168371e-02   7.3638677e-01
   1.4210454e-02   7.3689567e-01
   1.4210633e-02   7.3842239e-01
   1.4225808e-02   7.3893130e-01
   1.4238551e-02   7.3944020e-01
   1.4239087e-02   7.4096692e-01
   1.4242921e-02   7.4249364e-01
   1.4294111e-02   7.4300254e-01
   1.4295571e-02   7.4452926e-01
   1.4367279e-02   7.4503817e-01
   1.4378519e-02   7.4656489e-01
   1.4379855e-02   7.4707379e-01
   1.4396709e-02   7.4860051e-01
   1.4491430e-02   7.5012723e-01
   1.4522878e-02   7.5114504e-01
   1.4535312e-02   7.5165394e-01
   1.4538127e-02   7.5318066e-01
   1.4574721e-02   7.5572519e-01
   1.4576043e-02   7.5674300e-01
   1.4580379e-02   7.5826972e-01
   1.4586444e-02   7.5877863e-01
   1.4627663e-02   7.5928753e-01
   1.4629671e-02   7.6030534e-01
   1.4642129e-02   7.6132316e-01
   1.4662889e-02   7.6183206e-01
   1.4736978e-02   7.6234097e-01
   1.4748175e-02   7.6386768e-01
   1.4779727e-02   7.6437659e-01
   1.4794247e-02   7.6488550e-01
   1.4840899e-02   7.6641221e-01
   1.4843485e-02   7.6743003e-01
   1.4864772e-02   7.6793893e-01
   1.4871719e-02   7.6895674e-01
   1.4872558e-02   7.7099237e-01
   1.4916194e-02   7.7201018e-01
   1.4929094e-02   7.7302799e-01
   1.4982745e-02   7.7353690e-01
   1.5008139e-02   7.7404580e-01
   1.5012733e-02   7.7506361e-01
   1.5021046e-02   7.7608142e-01
   1.5096961e-02   7.7659033e-01
   1.5099059e-02   7.7760814e-01
   1.5122009e-02   7.7862595e-01
   1.5154778e-02   7.7913486e-01
   1.5163721e-02   7.7964377e-01
   1.5171187e-02   7.8015267e-01
   1.5195110e-02   7.8167939e-01
   1.5199729e-02   7.8218830e-01
   1.5214578e-02   7.8371501e-01
   1.5228402e-02   7.8524173e-01
   1.5256886e-02   7.8676845e-01
   1.5262029e-02   7.8880407e-01
   1.5350300e-02   7.8931298e-01
   1.5416012e-02   7.8982188e-01
   1.5434191e-02   7.9033079e-01
   1.5471053e-02   7.9083969e-01
   1.5475890e-02   7.9185751e-01
   1.5492216e-02   7.9389313e-01
   1.5500957e-02   7.9491094e-01
   1.5506621e-02   7.9592875e-01
   1.5539256e-02   7.9694656e-01
   1.5563156e-02   7.9847328e-01
   1.5600360e-02   7.9949109e-01
   1.5611937e-02   8.0000000e-01
   1.5615317e-02   8.0050891e-01
   1.5645215e-02   8.0152672e-01
   1.5645900e-02   8.0254453e-01
   1.5709230e-02   8.0305344e-01
   1.5752878e-02   8.0407125e-01
   1.5785732e-02   8.0661578e-01
   1.5793157e-02   8.0712468e-01
   1.5804859e-02   8.0763359e-01
   1.5815603e-02   8.0814249e-01
   1.5848777e-02   8.0916031e-01
   1.5883058e-02   8.1017812e-01
   1.5883995e-02   8.1221374e-01
   1.5917861e-02   8.1323155e-01
   1.5979388e-02   8.1374046e-01
   1.6009034e-02   8.1424936e-01
   1.6011786e-02   8.1526718e-01
   1.6037272e-02   8.1577608e-01
   1.6101542e-02   8.1781170e-01
   1.6108374e-02   8.1832061e-01
   1.6129934e-02   8.1984733e-01
   1.6140694e-02   8.2086514e-01
   1.6163184e-02   8.2188295e-01
   1.6197228e-02   8.2290076e-01
   1.6230211e-02   8.2391858e-01
   1.6272098e-02   8.2442748e-01
   1.6278293e-02   8.2595420e-01
   1.6322252e-02   8.2697201e-01
   1.6382884e-02   8.2748092e-01
   1.6422435e-02   8.2849873e-01
   1.6437517e-02   8.2900763e-01
   1.6451856e-02   8.3002545e-01
   1.6482975e-02   8.3053435e-01
   1.6504446e-02   8.3155216e-01
   1.6512258e-02   8.3206107e-01
   1.6551578e-02   8.3256997e-01
   1.6581763e-02   8.3307888e-01
   1.6643450e-02   8.3358779e-01
   1.6644232e-02   8.3460560e-01
   1.6664306e-02   8.3562341e-01
   1.6718837e-02   8.3613232e-01
   1.6748117e-02   8.3816794e-01
   1.6759438e-02   8.3969466e-01
   1.6787250e-02   8.4020356e-01
   1.6807271e-02   8.4071247e-01
   1.6831310e-02   8.4122137e-01
   1.6850277e-02   8.4223919e-01
   1.6910835e-02   8.4274809e-01
   1.6924283e-02   8.4325700e-01
   1.6954895e-02   8.4376590e-01
   1.7014238e-02   8.4478372e-01
   1.7035293e-02   8.4529262e-01
   1.7050372e-02   8.4631043e-01
   1.7060336e-02   8.4681934e-01
   1.7071759e-02   8.4783715e-01
   1.7077694e-02   8.4885496e-01
   1.7116634e-02   8.4987277e-01
   1.7123634e-02   8.5038168e-01
   1.7127372e-02   8.5089059e-01
   1.7140499e-02   8.5190840e-01
   1.7184721e-02   8.5292621e-01
   1.7243607e-02   8.5343511e-01
   1.7289550e-02   8.5445293e-01
   1.7364281e-02   8.5496183e-01
   1.7374742e-02   8.5547074e-01
   1.7376364e-02   8.5648855e-01
   1.7389716e-02   8.5750636e-01
   1.7413198e-02   8.5903308e-01
   1.7471358e-02   8.6005089e-01
   1.7544073e-02   8.6259542e-01
   1.7586822e-02   8.6310433e-01
   1.7650760e-02   8.6412214e-01
   1.7682377e-02   8.6463104e-01
   1.7682893e-02   8.6564885e-01
   1.7705172e-02   8.6615776e-01
   1.7705541e-02   8.6666667e-01
   1.7750242e-02   8.6768448e-01
   1.7750612e-02   8.6819338e-01
   1.7769587e-02   8.6972010e-01
   1.7817987e-02   8.7124682e-01
   1.7897423e-02   8.7175573e-01
   1.7908445e-02   8.7277354e-01
   1.7909087e-02   8.7328244e-01
   1.7995359e-02   8.7379135e-01
   1.8005598e-02   8.7531807e-01
   1.8020387e-02   8.7582697e-01
   1.8038143e-02   8.7684478e-01
   1.8041835e-02   8.7735369e-01
   1.8094842e-02   8.7786260e-01
   1.8098370e-02   8.7837150e-01
   1.8153573e-02   8.7938931e-01
   1.8160573e-02   8.7989822e-01
   1.8308288e-02   8.8040712e-01
   1.8313057e-02   8.8091603e-01
   1.8333113e-02   8.8142494e-01
   1.8338780e-02   8.8295165e-01
   1.8375050e-02   8.8346056e-01
   1.8384441e-02   8.8396947e-01
   1.8387512e-02   8.8447837e-01
   1.8399025e-02   8.8498728e-01
   1.8451800e-02   8.8549618e-01
   1.8523671e-02   8.8600509e-01
   1.8627200e-02   8.8651399e-01
   1.8640254e-02   8.8702290e-01
   1.8651070e-02   8.8753181e-01
   1.8675940e-02   8.8804071e-01
   1.8677078e-02   8.8854962e-01
   1.8732474e-02   8.9007634e-01
   1.8781147e-02   8.9058524e-01
   1.8810233e-02   8.9160305e-01
   1.8870090e-02   8.9211196e-01
   1.8886681e-02   8.9262087e-01
   1.8900222e-02   8.9312977e-01
   1.8908955e-02   8.9465649e-01
   1.8932220e-02   8.9516539e-01
   1.8947142e-02   8.9567430e-01
   1.8961471e-02   8.9821883e-01
   1.8972057e-02   8.9974555e-01
   1.9088706e-02   9.0025445e-01
   1.9103163e-02   9.0076336e-01
   1.9139710e-02   9.0127226e-01
   1.9173390e-02   9.0178117e-01
   1.9291749e-02   9.0229008e-01
   1.9308739e-02   9.0279898e-01
   1.9338590e-02   9.0330789e-01
   1.9406671e-02   9.0381679e-01
   1.9443652e-02   9.0534351e-01
   1.9502167e-02   9.0585242e-01
   1.9579978e-02   9.0636132e-01
   1.9604190e-02   9.0687023e-01
   1.9625176e-02   9.0737913e-01
   1.9652299e-02   9.0788804e-01
   1.9663732e-02   9.0839695e-01
   1.9681141e-02   9.0890585e-01
   1.9795114e-02   9.0941476e-01
   1.9843359e-02   9.0992366e-01
   1.9894666e-02   9.1043257e-01
   1.9907121e-02   9.1094148e-01
   1.9912198e-02   9.1145038e-01
   1.9943619e-02   9.1246819e-01
   1.9951284e-02   9.1297710e-01
   2.0026981e-02   9.1399491e-01
   2.0115387e-02   9.1450382e-01
   2.0172564e-02   9.1501272e-01
   2.0205881e-02   9.1603053e-01
   2.0212900e-02   9.1653944e-01
   2.0218152e-02   9.1704835e-01
   2.0239798e-02   9.1755725e-01
   2.0251379e-02   9.1857506e-01
   2.0286497e-02   9.2010178e-01
   2.0303853e-02   9.2162850e-01
   2.0337507e-02   9.2213740e-01
   2.0375941e-02   9.2264631e-01
   2.0430947e-02   9.2315522e-01
   2.0438576e-02   9.2366412e-01
   2.0524462e-02   9.2569975e-01
   2.0540625e-02   9.2620865e-01
   2.0543606e-02   9.2671756e-01
   2.0546045e-02   9.2722646e-01
   2.0577395e-02   9.2773537e-01
   2.0577742e-02   9.2824427e-01
   2.0633694e-02   9.2926209e-01
   2.0709505e-02   9.2977099e-01
   2.0727203e-02   9.3027990e-01
   2.0804874e-02   9.3078880e-01
   2.0816427e-02   9.3129771e-01
   2.0832623e-02   9.3180662e-01
   2.0845899e-02   9.3231552e-01
   2.0877562e-02   9.3333333e-01
   2.0927254e-02   9.3384224e-01
   2.0970661e-02   9.3486005e-01
   2.1071094e-02   9.3536896e-01
   2.1081936e-02   9.3587786e-01
   2.1115420e-02   9.3638677e-01
   2.1154845e-02   9.3689567e-01
   2.1174335e-02   9.3740458e-01
   2.1175180e-02   9.3791349e-01
   2.1211286e-02   9.3842239e-01
   2.1267821e-02   9.3944020e-01
   2.1405158e-02   9.3994911e-01
   2.1615250e-02   9.4045802e-01
   2.1623118e-02   9.4096692e-01
   2.1787330e-02   9.4147583e-01
   2.1799294e-02   9.4198473e-01
   2.1802967e-02   9.4249364e-01
   2.1845417e-02   9.4300254e-01
   2.1891566e-02   9.4351145e-01
   2.1926351e-02   9.4402036e-01
   2.2100235e-02   9.4452926e-01
   2.2174772e-02   9.4503817e-01
   2.2188503e-02   9.4554707e-01
   2.2286244e-02   9.4605598e-01
   2.2307482e-02   9.4656489e-01
   2.2390746e-02   9.4707379e-01
   2.2416944e-02   9.4758270e-01
   2.2479004e-02   9.4809160e-01
   2.2536085e-02   9.4860051e-01
   2.2614505e-02   9.4910941e-01
   2.2668928e-02   9.4961832e-01
   2.2736697e-02   9.5012723e-01
   2.2955869e-02   9.5063613e-01
   2.3113142e-02   9.5114504e-01
   2.3186288e-02   9.5216285e-01
   2.3408332e-02   9.5267176e-01
   2.3425534e-02   9.5318066e-01
   2.3520793e-02   9.5368957e-01
   2.3565630e-02   9.5419847e-01
   2.3634813e-02   9.5470738e-01
   2.3640219e-02   9.5521628e-01
   2.3746701e-02   9.5572519e-01
   2.3762484e-02   9.5623410e-01
   2.3966800e-02   9.5674300e-01
   2.4034408e-02   9.5725191e-01
   2.4050981e-02   9.5826972e-01
   2.4089969e-02   9.5877863e-01
   2.4258108e-02   9.5928753e-01
   2.4356737e-02   9.5979644e-01
   2.4510197e-02   9.6030534e-01
   2.4599155e-02   9.6132316e-01
   2.4621577e-02   9.6183206e-01
   2.4627907e-02   9.6234097e-01
   2.4724168e-02   9.6284987e-01
   2.4824587e-02   9.6335878e-01
   2.4872861e-02   9.6386768e-01
   2.5014445e-02   9.6437659e-01
   2.5059879e-02   9.6488550e-01
   2.5276315e-02   9.6539440e-01
   2.5309159e-02   9.6590331e-01
   2.5330182e-02   9.6641221e-01
   2.5422752e-02   9.6692112e-01
   2.5454718e-02   9.6743003e-01
   2.5502135e-02   9.6793893e-01
   2.5512518e-02   9.6844784e-01
   2.5572155e-02   9.6895674e-01
   2.5588960e-02   9.6946565e-01
   2.5708338e-02   9.6997455e-01
   2.5843607e-02   9.7048346e-01
   2.5931071e-02   9.7099237e-01
   2.6088262e-02   9.7150127e-01
   2.6272259e-02   9.7201018e-01
   2.6478377e-02   9.7251908e-01
   2.6542639e-02   9.7302799e-01
   2.6555781e-02   9.7353690e-01
   2.6558012e-02   9.7404580e-01
   2.6598946e-02   9.7455471e-01
   2.6602271e-02   9.7506361e-01
   2.6656383e-02   9.7557252e-01
   2.6856728e-02   9.7608142e-01
   2.6990380e-02   9.7659033e-01
   2.7347400e-02   9.7709924e-01
   2.7402043e-02   9.7760814e-01
   2.7622232e-02   9.7811705e-01
   2.7763221e-02   9.7862595e-01
   2.7844108e-02   9.7913486e-01
   2.7893491e-02   9.7964377e-01
   2.8048128e-02   9.8015267e-01
   2.8100196e-02   9.8066158e-01
   2.8126922e-02   9.8117048e-01
   2.8352995e-02   9.8167939e-01
   2.8476478e-02   9.8218830e-01
   2.8606473e-02   9.8269720e-01
   2.8633032e-02   9.8320611e-01
   2.8792313e-02   9.8371501e-01
   2.8864535e-02   9.8422392e-01
   2.8871840e-02   9.8473282e-01
   2.8874791e-02   9.8524173e-01
   2.9029033e-02   9.8575064e-01
   2.9070011e-02   9.8625954e-01
   2.9499071e-02   9.8676845e-01
   3.0086857e-02   9.8727735e-01
   3.0942170e-02   9.8778626e-01
   3.1760381e-02   9.8829517e-01
   3.2044049e-02   9.8880407e-01
   3.2545256e-02   9.8931298e-01
   3.2850447e-02   9.8982188e-01
   3.3025076e-02   9.9033079e-01
   3.3027935e-02   9.9083969e-01
   3.3189108e-02   9.9134860e-01
   3.3286901e-02   9.9185751e-01
   3.3589755e-02   9.9236641e-01
   3.3953690e-02   9.9287532e-01
   3.4233218e-02   9.9338422e-01
   3.4478523e-02   9.9389313e-01
   3.4482275e-02   9.9440204e-01
   3.5203263e-02   9.9491094e-01
   3.5360540e-02   9.9541985e-01
   3.5552636e-02   9.9592875e-01
   3.6354247e-02   9.9643766e-01
   3.6677561e-02   9.9694656e-01
   3.9301241e-02   9.9745547e-01
   4.0098426e-02   9.9796438e-01
   4.2961893e-02   9.9847328e-01
   4.7887919e-02   9.9898219e-01
   5.1357703e-02   9.9949109e-01
   5.5056654e-02   1.0000000e+00
