   5.0037820e-03   0.0000000e+00
   5.0037820e-03   2.2522523e-03
   5.0475411e-03   4.5045045e-03
   6.0046536e-03   6.7567568e-03
   6.0443064e-03   9.0090090e-03
   6.5053775e-03   1.1261261e-02
   7.2193535e-03   1.3513514e-02
   7.3222079e-03   1.5765766e-02
   7.5062491e-03   1.8018018e-02
   7.7511779e-03   2.0270270e-02
   7.8204957e-03   2.4774775e-02
   8.0063968e-03   2.7027027e-02
   8.0322791e-03   3.1531532e-02
   8.3184523e-03   3.3783784e-02
   8.7699322e-03   3.6036036e-02
   8.8006113e-03   3.8288288e-02
   8.8919624e-03   4.0540541e-02
   9.0033940e-03   4.2792793e-02
   9.0078236e-03   4.5045045e-02
   9.0262058e-03   4.7297297e-02
   9.0771017e-03   4.9549550e-02
   9.3583058e-03   5.4054054e-02
   9.3886029e-03   5.6306306e-02
   9.5399807e-03   5.8558559e-02
   9.5707638e-03   6.0810811e-02
   9.7526609e-03   6.5315315e-02
   9.7923518e-03   6.7567568e-02
   1.0021515e-02   7.2072072e-02
   1.0039464e-02   7.4324324e-02
   1.0095577e-02   7.6576577e-02
   1.0174933e-02   7.8828829e-02
   1.0178785e-02   8.1081081e-02
   1.0258729e-02   8.5585586e-02
   1.0279202e-02   8.7837838e-02
   1.0288633e-02   9.0090090e-02
   1.0380676e-02   9.6846847e-02
   1.0502433e-02   9.9099099e-02
   1.0539612e-02   1.0135135e-01
   1.0593360e-02   1.0360360e-01
   1.0752669e-02   1.0585586e-01
   1.0770181e-02   1.0810811e-01
   1.0771557e-02   1.1036036e-01
   1.0836497e-02   1.1711712e-01
   1.0892642e-02   1.1936937e-01
   1.0910434e-02   1.2162162e-01
   1.0964761e-02   1.2387387e-01
   1.1006204e-02   1.2612613e-01
   1.1017832e-02   1.3063063e-01
   1.1166325e-02   1.3288288e-01
   1.1253256e-02   1.3513514e-01
   1.1263077e-02   1.3963964e-01
   1.1271571e-02   1.4189189e-01
   1.1330884e-02   1.4639640e-01
   1.1374916e-02   1.4864865e-01
   1.1379958e-02   1.5090090e-01
   1.1400340e-02   1.5315315e-01
   1.1516024e-02   1.5990991e-01
   1.1564282e-02   1.6216216e-01
   1.1603404e-02   1.6441441e-01
   1.1786841e-02   1.6891892e-01
   1.1811683e-02   1.7117117e-01
   1.1872770e-02   1.7342342e-01
   1.1887544e-02   1.7567568e-01
   1.1953885e-02   1.7792793e-01
   1.2089118e-02   1.8243243e-01
   1.2176960e-02   1.8468468e-01
   1.2253899e-02   1.8918919e-01
   1.2277930e-02   1.9144144e-01
   1.2383076e-02   1.9369369e-01
   1.2487283e-02   1.9594595e-01
   1.2510586e-02   1.9819820e-01
   1.2539469e-02   2.0045045e-01
   1.2810699e-02   2.0270270e-01
   1.2816007e-02   2.0720721e-01
   1.2848930e-02   2.0945946e-01
   1.2865930e-02   2.1171171e-01
   1.2944815e-02   2.1846847e-01
   1.2954051e-02   2.2072072e-01
   1.2973975e-02   2.2297297e-01
   1.3041771e-02   2.2522523e-01
   1.3086828e-02   2.2747748e-01
   1.3116252e-02   2.2972973e-01
   1.3138277e-02   2.3423423e-01
   1.3254567e-02   2.3648649e-01
   1.3366366e-02   2.3873874e-01
   1.3461011e-02   2.4099099e-01
   1.3585089e-02   2.4549550e-01
   1.3585549e-02   2.4774775e-01
   1.3649675e-02   2.5000000e-01
   1.3754499e-02   2.5225225e-01
   1.3864380e-02   2.5450450e-01
   1.4002213e-02   2.5675676e-01
   1.4022650e-02   2.5900901e-01
   1.4039417e-02   2.6126126e-01
   1.4083386e-02   2.6576577e-01
   1.4363164e-02   2.6801802e-01
   1.4502617e-02   2.7027027e-01
   1.4510125e-02   2.7252252e-01
   1.4512329e-02   2.7477477e-01
   1.4557977e-02   2.7702703e-01
   1.4612067e-02   2.7927928e-01
   1.4723313e-02   2.8378378e-01
   1.4802134e-02   2.8603604e-01
   1.4881761e-02   2.8828829e-01
   1.4930655e-02   2.9054054e-01
   1.5009162e-02   2.9279279e-01
   1.5039699e-02   2.9729730e-01
   1.5096481e-02   2.9954955e-01
   1.5308998e-02   3.0180180e-01
   1.5360492e-02   3.0405405e-01
   1.5408065e-02   3.0630631e-01
   1.5508249e-02   3.0855856e-01
   1.5512493e-02   3.1081081e-01
   1.5609287e-02   3.1306306e-01
   1.5691049e-02   3.1756757e-01
   1.5691657e-02   3.1981982e-01
   1.5756093e-02   3.2207207e-01
   1.5766517e-02   3.2432432e-01
   1.5840300e-02   3.2882883e-01
   1.5859015e-02   3.3108108e-01
   1.5976566e-02   3.3333333e-01
   1.5996360e-02   3.3558559e-01
   1.6005871e-02   3.3783784e-01
   1.6115696e-02   3.4009009e-01
   1.6211681e-02   3.4234234e-01
   1.6253243e-02   3.4459459e-01
   1.6339371e-02   3.4684685e-01
   1.6375035e-02   3.4909910e-01
   1.6502750e-02   3.5135135e-01
   1.6526184e-02   3.5360360e-01
   1.6764418e-02   3.5810811e-01
   1.6808971e-02   3.6036036e-01
   1.6856964e-02   3.6261261e-01
   1.6928852e-02   3.6486486e-01
   1.7006427e-02   3.6711712e-01
   1.7014220e-02   3.6936937e-01
   1.7048976e-02   3.7162162e-01
   1.7080758e-02   3.7387387e-01
   1.7105139e-02   3.7612613e-01
   1.7136178e-02   3.7837838e-01
   1.7141418e-02   3.8063063e-01
   1.7205360e-02   3.8288288e-01
   1.7275848e-02   3.8513514e-01
   1.7523149e-02   3.8963964e-01
   1.7554790e-02   3.9414414e-01
   1.7600100e-02   3.9639640e-01
   1.7752804e-02   3.9864865e-01
   1.7757610e-02   4.0315315e-01
   1.7762653e-02   4.0540541e-01
   1.7775941e-02   4.0765766e-01
   1.7808905e-02   4.0990991e-01
   1.7823986e-02   4.1216216e-01
   1.7879590e-02   4.1441441e-01
   1.7925290e-02   4.1666667e-01
   1.7988867e-02   4.1891892e-01
   1.7989959e-02   4.2117117e-01
   1.8261611e-02   4.2342342e-01
   1.8276621e-02   4.2792793e-01
   1.8284377e-02   4.3018018e-01
   1.8631884e-02   4.3243243e-01
   1.8715497e-02   4.3468468e-01
   1.8758387e-02   4.3693694e-01
   1.8797479e-02   4.3918919e-01
   1.9005060e-02   4.4144144e-01
   1.9067249e-02   4.4369369e-01
   1.9239236e-02   4.4594595e-01
   1.9253147e-02   4.4819820e-01
   1.9273515e-02   4.5045045e-01
   1.9308689e-02   4.5270270e-01
   1.9352852e-02   4.5495495e-01
   1.9378523e-02   4.5945946e-01
   1.9419139e-02   4.6171171e-01
   1.9676055e-02   4.6396396e-01
   1.9699578e-02   4.6621622e-01
   1.9759173e-02   4.6846847e-01
   1.9777509e-02   4.7072072e-01
   1.9811304e-02   4.7297297e-01
   1.9855626e-02   4.7522523e-01
   2.0016835e-02   4.7747748e-01
   2.0017536e-02   4.7972973e-01
   2.0042420e-02   4.8198198e-01
   2.0177927e-02   4.8423423e-01
   2.0351742e-02   4.8648649e-01
   2.0406562e-02   4.8873874e-01
   2.0451458e-02   4.9099099e-01
   2.0504707e-02   4.9324324e-01
   2.0541982e-02   4.9549550e-01
   2.0631528e-02   4.9774775e-01
   2.0661334e-02   5.0000000e-01
   2.0748540e-02   5.0225225e-01
   2.0808652e-02   5.0450450e-01
   2.0847298e-02   5.0900901e-01
   2.0972383e-02   5.1126126e-01
   2.1004285e-02   5.1351351e-01
   2.1015721e-02   5.1576577e-01
   2.1038523e-02   5.1801802e-01
   2.1049603e-02   5.2027027e-01
   2.1248738e-02   5.2252252e-01
   2.1258075e-02   5.2477477e-01
   2.1578284e-02   5.2702703e-01
   2.1634251e-02   5.2927928e-01
   2.1740653e-02   5.3153153e-01
   2.1773636e-02   5.3378378e-01
   2.1890232e-02   5.3603604e-01
   2.1903287e-02   5.4054054e-01
   2.1910454e-02   5.4279279e-01
   2.2004069e-02   5.4504505e-01
   2.2107913e-02   5.4729730e-01
   2.2111356e-02   5.4954955e-01
   2.2183456e-02   5.5180180e-01
   2.2203539e-02   5.5405405e-01
   2.2272220e-02   5.5630631e-01
   2.2800681e-02   5.5855856e-01
   2.2850029e-02   5.6081081e-01
   2.2942341e-02   5.6306306e-01
   2.2997901e-02   5.6531532e-01
   2.3160650e-02   5.6756757e-01
   2.3543826e-02   5.6981982e-01
   2.3670704e-02   5.7207207e-01
   2.3678734e-02   5.7432432e-01
   2.3740876e-02   5.7657658e-01
   2.3744417e-02   5.7882883e-01
   2.3792677e-02   5.8108108e-01
   2.3821065e-02   5.8333333e-01
   2.3907305e-02   5.8558559e-01
   2.3969546e-02   5.8783784e-01
   2.4259023e-02   5.9009009e-01
   2.4291173e-02   5.9234234e-01
   2.4353687e-02   5.9459459e-01
   2.4413452e-02   5.9684685e-01
   2.4527678e-02   5.9909910e-01
   2.4762637e-02   6.0135135e-01
   2.4872289e-02   6.0360360e-01
   2.5109316e-02   6.0585586e-01
   2.5620877e-02   6.0810811e-01
   2.6032295e-02   6.1036036e-01
   2.6102677e-02   6.1261261e-01
   2.6110270e-02   6.1486486e-01
   2.6127253e-02   6.1711712e-01
   2.6230107e-02   6.1936937e-01
   2.6314304e-02   6.2162162e-01
   2.6385413e-02   6.2387387e-01
   2.6458251e-02   6.2612613e-01
   2.6807193e-02   6.2837838e-01
   2.6868730e-02   6.3063063e-01
   2.7023140e-02   6.3288288e-01
   2.7045950e-02   6.3513514e-01
   2.7376780e-02   6.3738739e-01
   2.7544539e-02   6.3963964e-01
   2.7840824e-02   6.4189189e-01
   2.7873854e-02   6.4414414e-01
   2.8148721e-02   6.4639640e-01
   2.8263374e-02   6.4864865e-01
   2.8435784e-02   6.5090090e-01
   2.8443718e-02   6.5315315e-01
   2.8762593e-02   6.5540541e-01
   2.9003019e-02   6.5765766e-01
   2.9004677e-02   6.5990991e-01
   2.9029478e-02   6.6216216e-01
   2.9152058e-02   6.6441441e-01
   2.9218502e-02   6.6666667e-01
   2.9285543e-02   6.6891892e-01
   2.9340418e-02   6.7117117e-01
   2.9525383e-02   6.7342342e-01
   2.9547943e-02   6.7567568e-01
   2.9578945e-02   6.7792793e-01
   2.9812382e-02   6.8018018e-01
   2.9848050e-02   6.8243243e-01
   2.9876118e-02   6.8468468e-01
   2.9910128e-02   6.8693694e-01
   3.0003730e-02   6.8918919e-01
   3.0042520e-02   6.9144144e-01
   3.0099720e-02   6.9369369e-01
   3.0267472e-02   6.9594595e-01
   3.0391355e-02   6.9819820e-01
   3.0655237e-02   7.0045045e-01
   3.0973011e-02   7.0270270e-01
   3.1026402e-02   7.0495495e-01
   3.1064773e-02   7.0720721e-01
   3.1255086e-02   7.0945946e-01
   3.1282351e-02   7.1171171e-01
   3.1286639e-02   7.1396396e-01
   3.1352458e-02   7.1621622e-01
   3.1497596e-02   7.1846847e-01
   3.1680601e-02   7.2072072e-01
   3.1822738e-02   7.2297297e-01
   3.2015346e-02   7.2522523e-01
   3.2237898e-02   7.2747748e-01
   3.2269150e-02   7.2972973e-01
   3.2580011e-02   7.3198198e-01
   3.2622349e-02   7.3423423e-01
   3.2677646e-02   7.3648649e-01
   3.2726096e-02   7.3873874e-01
   3.3551025e-02   7.4099099e-01
   3.3597172e-02   7.4324324e-01
   3.3755125e-02   7.4549550e-01
   3.3841679e-02   7.4774775e-01
   3.3847856e-02   7.5000000e-01
   3.3914040e-02   7.5225225e-01
   3.4029017e-02   7.5450450e-01
   3.4161517e-02   7.5675676e-01
   3.4172360e-02   7.5900901e-01
   3.4201627e-02   7.6126126e-01
   3.4271733e-02   7.6351351e-01
   3.4551111e-02   7.6576577e-01
   3.4553210e-02   7.6801802e-01
   3.4935422e-02   7.7027027e-01
   3.5029018e-02   7.7252252e-01
   3.5488668e-02   7.7477477e-01
   3.5544939e-02   7.7702703e-01
   3.6028320e-02   7.7927928e-01
   3.6030184e-02   7.8153153e-01
   3.6757370e-02   7.8378378e-01
   3.7889387e-02   7.8603604e-01
   3.8106075e-02   7.8828829e-01
   3.8261851e-02   7.9054054e-01
   3.8373816e-02   7.9279279e-01
   3.8411465e-02   7.9504505e-01
   3.8515244e-02   7.9729730e-01
   3.9344280e-02   7.9954955e-01
   3.9585066e-02   8.0180180e-01
   3.9820816e-02   8.0405405e-01
   4.0230558e-02   8.0630631e-01
   4.0271469e-02   8.0855856e-01
   4.0439143e-02   8.1081081e-01
   4.1011370e-02   8.1306306e-01
   4.1294539e-02   8.1531532e-01
   4.1587052e-02   8.1756757e-01
   4.1617899e-02   8.1981982e-01
   4.1797676e-02   8.2207207e-01
   4.1929438e-02   8.2432432e-01
   4.2006989e-02   8.2657658e-01
   4.2252150e-02   8.2882883e-01
   4.2257569e-02   8.3108108e-01
   4.2574972e-02   8.3333333e-01
   4.3036285e-02   8.3558559e-01
   4.3296248e-02   8.3783784e-01
   4.3981777e-02   8.4009009e-01
   4.4085509e-02   8.4234234e-01
   4.5026948e-02   8.4459459e-01
   4.6099672e-02   8.4684685e-01
   4.6864802e-02   8.4909910e-01
   4.7577154e-02   8.5135135e-01
   4.7618146e-02   8.5360360e-01
   4.7883960e-02   8.5585586e-01
   4.8056375e-02   8.5810811e-01
   4.8353845e-02   8.6036036e-01
   5.0589635e-02   8.6261261e-01
   5.1938827e-02   8.6486486e-01
   5.2692335e-02   8.6711712e-01
   5.4439545e-02   8.6936937e-01
   5.4490310e-02   8.7162162e-01
   5.5006767e-02   8.7387387e-01
   5.5324641e-02   8.7612613e-01
   5.5517013e-02   8.7837838e-01
   5.6798956e-02   8.8063063e-01
   5.7896339e-02   8.8288288e-01
   5.8012583e-02   8.8513514e-01
   6.0385923e-02   8.8738739e-01
   6.0904855e-02   8.8963964e-01
   6.1750036e-02   8.9189189e-01
   6.2510498e-02   8.9414414e-01
   6.2567488e-02   8.9639640e-01
   6.3601889e-02   8.9864865e-01
   6.4563012e-02   9.0090090e-01
   6.4830640e-02   9.0315315e-01
   6.5574855e-02   9.0540541e-01
   6.6051483e-02   9.0765766e-01
   6.6501627e-02   9.0990991e-01
   6.6793277e-02   9.1216216e-01
   6.7264697e-02   9.1441441e-01
   7.1070368e-02   9.1666667e-01
   7.3667153e-02   9.1891892e-01
   7.4734820e-02   9.2117117e-01
   7.5865554e-02   9.2342342e-01
   7.7709929e-02   9.2567568e-01
   7.9829863e-02   9.2792793e-01
   8.0015414e-02   9.3018018e-01
   8.0088297e-02   9.3243243e-01
   8.2956412e-02   9.3468468e-01
   8.3098490e-02   9.3693694e-01
   8.5703613e-02   9.3918919e-01
   8.7042499e-02   9.4144144e-01
   8.7075206e-02   9.4369369e-01
   8.7184831e-02   9.4594595e-01
   8.8200207e-02   9.4819820e-01
   8.9398822e-02   9.5045045e-01
   9.1294572e-02   9.5270270e-01
   9.9770028e-02   9.5495495e-01
   1.0064314e-01   9.5720721e-01
   1.0207685e-01   9.5945946e-01
   1.0673258e-01   9.6171171e-01
   1.0857977e-01   9.6396396e-01
   1.1029879e-01   9.6621622e-01
   1.1186183e-01   9.6846847e-01
   1.1209839e-01   9.7072072e-01
   1.1348718e-01   9.7297297e-01
   1.1539794e-01   9.7522523e-01
   1.1684092e-01   9.7747748e-01
   1.1685684e-01   9.7972973e-01
   1.1796765e-01   9.8198198e-01
   1.2581595e-01   9.8423423e-01
   1.2609578e-01   9.8648649e-01
   1.3051714e-01   9.8873874e-01
   1.3758606e-01   9.9099099e-01
   1.4304529e-01   9.9324324e-01
   1.5590554e-01   9.9549550e-01
   1.6764486e-01   9.9774775e-01
   2.0555999e-01   1.0000000e+00
