   4.0393556e-03   0.0000000e+00
   4.0393556e-03   4.0766408e-04
   4.2369844e-03   8.1532817e-04
   4.5495525e-03   1.2229923e-03
   4.6310814e-03   1.6306563e-03
   4.8428337e-03   2.0383204e-03
   5.1545340e-03   2.8536486e-03
   5.2240130e-03   3.2613127e-03
   5.3652513e-03   3.6689768e-03
   5.4166024e-03   4.0766408e-03
   5.4481171e-03   4.4843049e-03
   5.4813250e-03   5.2996331e-03
   5.5666465e-03   5.7072972e-03
   5.5792721e-03   6.5226254e-03
   5.5822788e-03   6.9302894e-03
   5.7447274e-03   7.3379535e-03
   5.7585680e-03   8.1532817e-03
   5.7588653e-03   1.0599266e-02
   5.8209010e-03   1.1822258e-02
   5.9446997e-03   1.2229923e-02
   6.0534004e-03   1.3452915e-02
   6.0826861e-03   1.3860579e-02
   6.0844873e-03   1.4675907e-02
   6.1744796e-03   1.5083571e-02
   6.3214039e-03   1.5898899e-02
   6.3625169e-03   1.6306563e-02
   6.3639698e-03   1.7529556e-02
   6.4195209e-03   1.7937220e-02
   6.4216008e-03   1.9567876e-02
   6.5323511e-03   1.9975540e-02
   6.5350239e-03   2.0383204e-02
   6.6586843e-03   2.2829189e-02
   6.6852673e-03   2.5682837e-02
   6.6870085e-03   2.6090501e-02
   6.7021226e-03   2.6905830e-02
   6.7666679e-03   2.8128822e-02
   6.7689952e-03   2.9759478e-02
   6.9039726e-03   3.0574806e-02
   6.9677295e-03   3.1797799e-02
   6.9680735e-03   3.5059111e-02
   7.0192837e-03   3.5874439e-02
   7.0212835e-03   3.7912760e-02
   7.0624436e-03   3.8320424e-02
   7.0824380e-03   3.8728088e-02
   7.1226194e-03   3.9135752e-02
   7.1258400e-03   3.9951080e-02
   7.2639676e-03   4.2804729e-02
   7.2743068e-03   4.3212393e-02
   7.2787772e-03   4.3620057e-02
   7.2888133e-03   4.6066042e-02
   7.2894710e-03   4.6881370e-02
   7.3630332e-03   4.7696698e-02
   7.3659163e-03   5.0142682e-02
   7.4854340e-03   5.2181003e-02
   7.4895498e-03   5.2996331e-02
   7.5725010e-03   5.4219323e-02
   7.5728175e-03   5.6257644e-02
   7.6204143e-03   5.8295964e-02
   7.6219871e-03   5.9518956e-02
   7.7145494e-03   6.1964941e-02
   7.7183212e-03   6.3187933e-02
   7.8554240e-03   6.4410925e-02
   7.8597382e-03   6.5226254e-02
   7.8663350e-03   6.5633918e-02
   7.8692509e-03   7.2971871e-02
   7.8921914e-03   7.6233184e-02
   7.8934064e-03   7.9494497e-02
   7.9605733e-03   8.3978801e-02
   7.9630677e-03   8.5201794e-02
   8.0740471e-03   8.6017122e-02
   8.0780326e-03   8.7647778e-02
   8.1773482e-03   8.9278435e-02
   8.1782278e-03   9.2947411e-02
   8.2211130e-03   9.7431716e-02
   8.2232369e-03   1.0110069e-01
   8.2310400e-03   1.0150836e-01
   8.3094339e-03   1.0517733e-01
   8.3121944e-03   1.0640033e-01
   8.4343594e-03   1.0680799e-01
   8.4399390e-03   1.0843865e-01
   8.4448064e-03   1.0884631e-01
   8.4751002e-03   1.1088463e-01
   8.4952362e-03   1.1373828e-01
   8.4970095e-03   1.1699959e-01
   8.5593612e-03   1.2352222e-01
   8.5617611e-03   1.2637587e-01
   8.6115457e-03   1.2678353e-01
   8.6169123e-03   1.2841419e-01
   8.6631397e-03   1.2882185e-01
   8.6653924e-03   1.3126784e-01
   8.6690668e-03   1.3249083e-01
   8.7822172e-03   1.3575214e-01
   8.7831136e-03   1.4186710e-01
   8.8114284e-03   1.4268243e-01
   8.8164791e-03   1.4309009e-01
   8.8206916e-03   1.4390542e-01
   8.8229815e-03   1.5246637e-01
   8.8250382e-03   1.5450469e-01
   8.9053353e-03   1.5980432e-01
   8.9086417e-03   1.6143498e-01
   8.9955980e-03   1.6265797e-01
   9.0276091e-03   1.6591928e-01
   9.0315153e-03   1.6673461e-01
   9.0798182e-03   1.7162658e-01
   9.0996320e-03   1.7448023e-01
   9.1008358e-03   1.7529556e-01
   9.1590030e-03   1.7896453e-01
   9.1619563e-03   1.8141052e-01
   9.1871287e-03   1.8344884e-01
   9.2165803e-03   1.8385650e-01
   9.2240081e-03   1.8426417e-01
   9.2581692e-03   1.8793314e-01
   9.2617194e-03   1.9078679e-01
   9.3871755e-03   1.9608642e-01
   9.3875037e-03   1.9894007e-01
   9.3946681e-03   2.0097839e-01
   9.4257963e-03   2.0546270e-01
   9.4279031e-03   2.0872401e-01
   9.4708955e-03   2.0913168e-01
   9.5024227e-03   2.1198532e-01
   9.5056295e-03   2.1280065e-01
   9.5678674e-03   2.1443131e-01
   9.6152209e-03   2.1483897e-01
   9.6164318e-03   2.1891561e-01
   9.6208816e-03   2.2054627e-01
   9.6851015e-03   2.2462291e-01
   9.7036795e-03   2.2910722e-01
   9.7049148e-03   2.3318386e-01
   9.7598328e-03   2.3685283e-01
   9.7622183e-03   2.4133714e-01
   9.7673201e-03   2.4541378e-01
   9.7730330e-03   2.4663677e-01
   9.7831703e-03   2.4704444e-01
   9.8518069e-03   2.5112108e-01
   9.8559073e-03   2.5356706e-01
   9.9524472e-03   2.5438239e-01
   9.9808072e-03   2.5682837e-01
   9.9861580e-03   2.5886669e-01
   9.9921731e-03   2.6212801e-01
   9.9930644e-03   2.6620465e-01
   1.0023940e-02   2.6661231e-01
   1.0028464e-02   2.7313494e-01
   1.0030001e-02   2.7680391e-01
   1.0100317e-02   2.8128822e-01
   1.0103604e-02   2.8251121e-01
   1.0144341e-02   2.8373420e-01
   1.0150247e-02   2.8536486e-01
   1.0170651e-02   2.8577252e-01
   1.0207784e-02   2.8903384e-01
   1.0212781e-02   2.9107216e-01
   1.0290951e-02   2.9555646e-01
   1.0307872e-02   3.0207909e-01
   1.0309068e-02   3.0615573e-01
   1.0340440e-02   3.0697106e-01
   1.0350055e-02   3.0941704e-01
   1.0355612e-02   3.0982470e-01
   1.0360124e-02   3.1634733e-01
   1.0362569e-02   3.1838565e-01
   1.0418737e-02   3.1879331e-01
   1.0447830e-02   3.2409295e-01
   1.0452024e-02   3.2613127e-01
   1.0525262e-02   3.2694660e-01
   1.0569105e-02   3.2857725e-01
   1.0576198e-02   3.2898492e-01
   1.0597753e-02   3.3428455e-01
   1.0598076e-02   3.3795353e-01
   1.0630818e-02   3.3958418e-01
   1.0632911e-02   3.4203017e-01
   1.0699201e-02   3.4529148e-01
   1.0702562e-02   3.4814513e-01
   1.0723671e-02   3.5059111e-01
   1.0729417e-02   3.5140644e-01
   1.0730741e-02   3.5181411e-01
   1.0739417e-02   3.5222177e-01
   1.0801124e-02   3.5426009e-01
   1.0805561e-02   3.5548308e-01
   1.0896234e-02   3.5874439e-01
   1.0912123e-02   3.6445169e-01
   1.0913347e-02   3.6812067e-01
   1.0935239e-02   3.7056665e-01
   1.0940655e-02   3.7097432e-01
   1.0961525e-02   3.7545862e-01
   1.0964524e-02   3.7831227e-01
   1.1044457e-02   3.8075826e-01
   1.1048084e-02   3.8320424e-01
   1.1100506e-02   3.8361190e-01
   1.1107845e-02   3.8401957e-01
   1.1124493e-02   3.8483490e-01
   1.1159649e-02   3.8687322e-01
   1.1164312e-02   3.8728088e-01
   1.1202231e-02   3.9135752e-01
   1.1203117e-02   3.9706482e-01
   1.1234553e-02   3.9828781e-01
   1.1236686e-02   3.9951080e-01
   1.1296495e-02   3.9991847e-01
   1.1298768e-02   4.0236445e-01
   1.1302041e-02   4.0481044e-01
   1.1305024e-02   4.0603343e-01
   1.1395329e-02   4.0766408e-01
   1.1399205e-02   4.0929474e-01
   1.1481584e-02   4.0970241e-01
   1.1489097e-02   4.1011007e-01
   1.1500952e-02   4.1255605e-01
   1.1516542e-02   4.1500204e-01
   1.1518326e-02   4.1744802e-01
   1.1520688e-02   4.1826335e-01
   1.1522234e-02   4.1948634e-01
   1.1528473e-02   4.1989401e-01
   1.1563836e-02   4.2233999e-01
   1.1566264e-02   4.2397065e-01
   1.1641978e-02   4.2437831e-01
   1.1645507e-02   4.2560130e-01
   1.1679431e-02   4.2641663e-01
   1.1686861e-02   4.2723196e-01
   1.1750644e-02   4.2763962e-01
   1.1756092e-02   4.2927028e-01
   1.1807313e-02   4.3293926e-01
   1.1808213e-02   4.3538524e-01
   1.1837984e-02   4.3742356e-01
   1.1840066e-02   4.4068488e-01
   1.1865862e-02   4.4150020e-01
   1.1889803e-02   4.4272320e-01
   1.1896252e-02   4.4313086e-01
   1.1899403e-02   4.4557684e-01
   1.1902108e-02   4.4679984e-01
   1.1989986e-02   4.4761517e-01
   1.1995068e-02   4.4843049e-01
   1.2057405e-02   4.4883816e-01
   1.2106801e-02   4.5087648e-01
   1.2116965e-02   4.5169181e-01
   1.2121047e-02   4.5536078e-01
   1.2122262e-02   4.5739910e-01
   1.2165991e-02   4.6106808e-01
   1.2168355e-02   4.6147574e-01
   1.2240094e-02   4.6432939e-01
   1.2244346e-02   4.6555238e-01
   1.2253039e-02   4.6596005e-01
   1.2261294e-02   4.6718304e-01
   1.2267938e-02   4.6759071e-01
   1.2318713e-02   4.6799837e-01
   1.2343634e-02   4.6922136e-01
   1.2348959e-02   4.6962903e-01
   1.2412967e-02   4.7125968e-01
   1.2413298e-02   4.7492866e-01
   1.2438621e-02   4.7533632e-01
   1.2441594e-02   4.7818997e-01
   1.2470032e-02   4.7859764e-01
   1.2476180e-02   4.7900530e-01
   1.2482080e-02   4.7941296e-01
   1.2499418e-02   4.8022829e-01
   1.2503308e-02   4.8226661e-01
   1.2586717e-02   4.8389727e-01
   1.2591232e-02   4.8471260e-01
   1.2636360e-02   4.8593559e-01
   1.2642117e-02   4.8634325e-01
   1.2669712e-02   4.8675092e-01
   1.2701858e-02   4.8715858e-01
   1.2707411e-02   4.8756625e-01
   1.2712085e-02   4.9123522e-01
   1.2720889e-02   4.9164289e-01
   1.2726164e-02   4.9245821e-01
   1.2726810e-02   4.9327354e-01
   1.2767826e-02   4.9449653e-01
   1.2770856e-02   4.9612719e-01
   1.2822069e-02   4.9653486e-01
   1.2839042e-02   4.9735018e-01
   1.2843202e-02   4.9898084e-01
   1.2844974e-02   5.0101916e-01
   1.2851770e-02   5.0142682e-01
   1.2938213e-02   5.0183449e-01
   1.2942976e-02   5.0224215e-01
   1.3013983e-02   5.0346514e-01
   1.3018087e-02   5.0631879e-01
   1.3018402e-02   5.0835711e-01
   1.3034318e-02   5.0876478e-01
   1.3045281e-02   5.1080310e-01
   1.3047433e-02   5.1324908e-01
   1.3064283e-02   5.1365675e-01
   1.3070729e-02   5.1487974e-01
   1.3100493e-02   5.1569507e-01
   1.3103812e-02   5.1651040e-01
   1.3183812e-02   5.1691806e-01
   1.3188227e-02   5.1854872e-01
   1.3216638e-02   5.1895638e-01
   1.3283902e-02   5.1936404e-01
   1.3294195e-02   5.2099470e-01
   1.3317368e-02   5.2384835e-01
   1.3330217e-02   5.2547901e-01
   1.3332015e-02   5.2629433e-01
   1.3371047e-02   5.2751733e-01
   1.3373505e-02   5.2955565e-01
   1.3395301e-02   5.2996331e-01
   1.3428706e-02   5.3077864e-01
   1.3429879e-02   5.3159397e-01
   1.3438557e-02   5.3363229e-01
   1.3442150e-02   5.3526294e-01
   1.3533336e-02   5.3730126e-01
   1.3538648e-02   5.3770893e-01
   1.3592271e-02   5.3852426e-01
   1.3598253e-02   5.3933958e-01
   1.3600154e-02   5.4097024e-01
   1.3622643e-02   5.4260090e-01
   1.3624101e-02   5.4341623e-01
   1.3651292e-02   5.4382389e-01
   1.3653636e-02   5.4463922e-01
   1.3702438e-02   5.4626987e-01
   1.3705186e-02   5.4749287e-01
   1.3779361e-02   5.4790053e-01
   1.3781622e-02   5.4830819e-01
   1.3786118e-02   5.4953119e-01
   1.3799709e-02   5.4993885e-01
   1.3886588e-02   5.5075418e-01
   1.3922652e-02   5.5320016e-01
   1.3934918e-02   5.5401549e-01
   1.3936687e-02   5.5483082e-01
   1.3970918e-02   5.5523848e-01
   1.3973981e-02   5.5686914e-01
   1.3976382e-02   5.5727680e-01
   1.3979690e-02   5.5768447e-01
   1.3989837e-02   5.5809213e-01
   1.4017565e-02   5.5849980e-01
   1.4024354e-02   5.5972279e-01
   1.4039056e-02   5.6053812e-01
   1.4042714e-02   5.6094578e-01
   1.4128668e-02   5.6135344e-01
   1.4165939e-02   5.6216877e-01
   1.4175557e-02   5.6257644e-01
   1.4181244e-02   5.6298410e-01
   1.4228344e-02   5.6339177e-01
   1.4244566e-02   5.6379943e-01
   1.4251007e-02   5.6461476e-01
   1.4253205e-02   5.6583775e-01
   1.4255271e-02   5.6624541e-01
   1.4304210e-02   5.6746841e-01
   1.4307513e-02   5.6787607e-01
   1.4352338e-02   5.6869140e-01
   1.4379890e-02   5.6950673e-01
   1.4384461e-02   5.7072972e-01
   1.4385020e-02   5.7154505e-01
   1.4480662e-02   5.7236038e-01
   1.4527935e-02   5.7317570e-01
   1.4540209e-02   5.7399103e-01
   1.4540869e-02   5.7562169e-01
   1.4557554e-02   5.7602935e-01
   1.4577110e-02   5.7643702e-01
   1.4580069e-02   5.7725234e-01
   1.4606312e-02   5.7766001e-01
   1.4613648e-02   5.7847534e-01
   1.4638872e-02   5.7888300e-01
   1.4643082e-02   5.8051366e-01
   1.4725881e-02   5.8092132e-01
   1.4730717e-02   5.8132898e-01
   1.4755740e-02   5.8214431e-01
   1.4833503e-02   5.8459030e-01
   1.4836653e-02   5.8540563e-01
   1.4843207e-02   5.8662862e-01
   1.4857858e-02   5.8703628e-01
   1.4859426e-02   5.8825927e-01
   1.4905646e-02   5.8907460e-01
   1.4909505e-02   5.9111292e-01
   1.4945138e-02   5.9152059e-01
   1.4971554e-02   5.9233592e-01
   1.4978882e-02   5.9396657e-01
   1.4979100e-02   5.9437424e-01
   1.5081828e-02   5.9559723e-01
   1.5133219e-02   5.9600489e-01
   1.5137562e-02   5.9641256e-01
   1.5145002e-02   5.9763555e-01
   1.5146223e-02   5.9885854e-01
   1.5180320e-02   5.9967387e-01
   1.5182801e-02   6.0048920e-01
   1.5196359e-02   6.0130453e-01
   1.5203141e-02   6.0171219e-01
   1.5239705e-02   6.0252752e-01
   1.5243839e-02   6.0415817e-01
   1.5302273e-02   6.0456584e-01
   1.5308659e-02   6.0538117e-01
   1.5319035e-02   6.0578883e-01
   1.5323303e-02   6.0741949e-01
   1.5328687e-02   6.0782715e-01
   1.5339349e-02   6.0864248e-01
   1.5347785e-02   6.0905014e-01
   1.5349637e-02   6.0945781e-01
   1.5430208e-02   6.0986547e-01
   1.5436199e-02   6.1027313e-01
   1.5439559e-02   6.1312678e-01
   1.5461476e-02   6.1516510e-01
   1.5463602e-02   6.1638810e-01
   1.5505328e-02   6.1720342e-01
   1.5508464e-02   6.1842642e-01
   1.5511245e-02   6.1924174e-01
   1.5521319e-02   6.1964941e-01
   1.5558841e-02   6.2005707e-01
   1.5578360e-02   6.2087240e-01
   1.5671843e-02   6.2209539e-01
   1.5677479e-02   6.2250306e-01
   1.5710848e-02   6.2291072e-01
   1.5720174e-02   6.2372605e-01
   1.5739068e-02   6.2535671e-01
   1.5749246e-02   6.2576437e-01
   1.5751028e-02   6.2657970e-01
   1.5786205e-02   6.2861802e-01
   1.5787322e-02   6.2984101e-01
   1.5794218e-02   6.3065634e-01
   1.5841374e-02   6.3106400e-01
   1.5845070e-02   6.3187933e-01
   1.5884479e-02   6.3228700e-01
   1.5925221e-02   6.3350999e-01
   1.5926608e-02   6.3391765e-01
   1.5933798e-02   6.3473298e-01
   1.5988105e-02   6.3514064e-01
   1.6023572e-02   6.3554831e-01
   1.6043828e-02   6.3595597e-01
   1.6044724e-02   6.3717896e-01
   1.6065773e-02   6.3799429e-01
   1.6067862e-02   6.3921728e-01
   1.6110998e-02   6.4084794e-01
   1.6114335e-02   6.4125561e-01
   1.6148519e-02   6.4207093e-01
   1.6156320e-02   6.4247860e-01
   1.6178758e-02   6.4288626e-01
   1.6267654e-02   6.4329393e-01
   1.6273842e-02   6.4370159e-01
   1.6276072e-02   6.4410925e-01
   1.6293449e-02   6.4533225e-01
   1.6343786e-02   6.4573991e-01
   1.6354655e-02   6.4696290e-01
   1.6355869e-02   6.4818589e-01
   1.6379560e-02   6.4859356e-01
   1.6387001e-02   6.4981655e-01
   1.6387366e-02   6.5022422e-01
   1.6390354e-02   6.5144721e-01
   1.6442850e-02   6.5226254e-01
   1.6512908e-02   6.5267020e-01
   1.6520931e-02   6.5307786e-01
   1.6524589e-02   6.5389319e-01
   1.6618414e-02   6.5470852e-01
   1.6625501e-02   6.5511618e-01
   1.6649014e-02   6.5593151e-01
   1.6666793e-02   6.5633918e-01
   1.6670676e-02   6.5796983e-01
   1.6672792e-02   6.5960049e-01
   1.6713732e-02   6.6041582e-01
   1.6717010e-02   6.6082348e-01
   1.6738921e-02   6.6123115e-01
   1.6856291e-02   6.6163881e-01
   1.6865217e-02   6.6245414e-01
   1.6949069e-02   6.6286180e-01
   1.6959551e-02   6.6408479e-01
   1.6960782e-02   6.6449246e-01
   1.6972719e-02   6.6571545e-01
   1.6991601e-02   6.6653078e-01
   1.6994019e-02   6.6693844e-01
   1.7041602e-02   6.6775377e-01
   1.7043974e-02   6.6897676e-01
   1.7048152e-02   6.6938443e-01
   1.7220508e-02   6.6979209e-01
   1.7254206e-02   6.7060742e-01
   1.7255100e-02   6.7142275e-01
   1.7316545e-02   6.7183041e-01
   1.7319866e-02   6.7264574e-01
   1.7337896e-02   6.7305340e-01
   1.7379072e-02   6.7509172e-01
   1.7384155e-02   6.7590705e-01
   1.7428906e-02   6.7672238e-01
   1.7462879e-02   6.7713004e-01
   1.7466927e-02   6.7753771e-01
   1.7475708e-02   6.7794537e-01
   1.7554918e-02   6.7957603e-01
   1.7564473e-02   6.8039136e-01
   1.7567153e-02   6.8120669e-01
   1.7594818e-02   6.8283734e-01
   1.7606150e-02   6.8324501e-01
   1.7632570e-02   6.8365267e-01
   1.7641810e-02   6.8406033e-01
   1.7646468e-02   6.8569099e-01
   1.7650697e-02   6.8691398e-01
   1.7691106e-02   6.8732165e-01
   1.7718172e-02   6.8772931e-01
   1.7723525e-02   6.8813698e-01
   1.7810671e-02   6.8895230e-01
   1.7834503e-02   6.8935997e-01
   1.7859961e-02   6.9017530e-01
   1.7881114e-02   6.9099062e-01
   1.7892610e-02   6.9139829e-01
   1.7919619e-02   6.9221362e-01
   1.7922982e-02   6.9262128e-01
   1.7923144e-02   6.9302894e-01
   1.7930364e-02   6.9343661e-01
   1.7985039e-02   6.9384427e-01
   1.8061049e-02   6.9425194e-01
   1.8160202e-02   6.9506726e-01
   1.8161889e-02   6.9669792e-01
   1.8168751e-02   6.9751325e-01
   1.8169382e-02   6.9873624e-01
   1.8170606e-02   6.9955157e-01
   1.8201747e-02   7.0036690e-01
   1.8204192e-02   7.0077456e-01
   1.8248677e-02   7.0240522e-01
   1.8281549e-02   7.0281288e-01
   1.8289676e-02   7.0362821e-01
   1.8318492e-02   7.0403587e-01
   1.8414000e-02   7.0485120e-01
   1.8464591e-02   7.0607419e-01
   1.8465481e-02   7.0648186e-01
   1.8484089e-02   7.0729719e-01
   1.8486219e-02   7.0852018e-01
   1.8515673e-02   7.0892784e-01
   1.8522837e-02   7.0974317e-01
   1.8523439e-02   7.1055850e-01
   1.8552650e-02   7.1096616e-01
   1.8563137e-02   7.1137383e-01
   1.8578708e-02   7.1178149e-01
   1.8585711e-02   7.1218916e-01
   1.8589469e-02   7.1259682e-01
   1.8660155e-02   7.1341215e-01
   1.8694941e-02   7.1381981e-01
   1.8764053e-02   7.1422748e-01
   1.8768222e-02   7.1463514e-01
   1.8774351e-02   7.1545047e-01
   1.8776138e-02   7.1667346e-01
   1.8803272e-02   7.1708113e-01
   1.8805712e-02   7.1871178e-01
   1.8851084e-02   7.1911945e-01
   1.8854680e-02   7.1952711e-01
   1.8873167e-02   7.2034244e-01
   1.8918676e-02   7.2115777e-01
   1.8965295e-02   7.2156543e-01
   1.8991094e-02   7.2197309e-01
   1.9070699e-02   7.2319609e-01
   1.9088681e-02   7.2360375e-01
   1.9090779e-02   7.2401141e-01
   1.9126706e-02   7.2441908e-01
   1.9129445e-02   7.2523441e-01
   1.9161135e-02   7.2564207e-01
   1.9171748e-02   7.2604974e-01
   1.9183263e-02   7.2686506e-01
   1.9187761e-02   7.2727273e-01
   1.9264323e-02   7.2768039e-01
   1.9331461e-02   7.2808806e-01
   1.9359975e-02   7.2849572e-01
   1.9370769e-02   7.2971871e-01
   1.9379340e-02   7.3012638e-01
   1.9380559e-02   7.3094170e-01
   1.9454179e-02   7.3257236e-01
   1.9465625e-02   7.3298002e-01
   1.9518543e-02   7.3420302e-01
   1.9523946e-02   7.3461068e-01
   1.9532809e-02   7.3501834e-01
   1.9602513e-02   7.3542601e-01
   1.9675573e-02   7.3746433e-01
   1.9675904e-02   7.3868732e-01
   1.9693315e-02   7.3950265e-01
   1.9724040e-02   7.3991031e-01
   1.9730175e-02   7.4072564e-01
   1.9733472e-02   7.4154097e-01
   1.9744643e-02   7.4194863e-01
   1.9789420e-02   7.4235630e-01
   1.9863663e-02   7.4276396e-01
   1.9905239e-02   7.4317163e-01
   1.9910252e-02   7.4357929e-01
   1.9922632e-02   7.4439462e-01
   1.9949715e-02   7.4480228e-01
   1.9956649e-02   7.4520995e-01
   1.9976052e-02   7.4561761e-01
   1.9984895e-02   7.4684060e-01
   1.9985546e-02   7.4806360e-01
   2.0011519e-02   7.4847126e-01
   2.0013949e-02   7.4928659e-01
   2.0056314e-02   7.4969425e-01
   2.0059293e-02   7.5010192e-01
   2.0060514e-02   7.5050958e-01
   2.0124657e-02   7.5091724e-01
   2.0298528e-02   7.5214024e-01
   2.0300004e-02   7.5254790e-01
   2.0300080e-02   7.5417856e-01
   2.0329710e-02   7.5458622e-01
   2.0333146e-02   7.5499389e-01
   2.0340622e-02   7.5540155e-01
   2.0386810e-02   7.5580921e-01
   2.0416004e-02   7.5621688e-01
   2.0458249e-02   7.5825520e-01
   2.0463989e-02   7.5907053e-01
   2.0476759e-02   7.5947819e-01
   2.0506593e-02   7.5988585e-01
   2.0546811e-02   7.6029352e-01
   2.0549419e-02   7.6070118e-01
   2.0553643e-02   7.6110885e-01
   2.0559981e-02   7.6151651e-01
   2.0581336e-02   7.6192417e-01
   2.0615678e-02   7.6233184e-01
   2.0618136e-02   7.6355483e-01
   2.0652558e-02   7.6396249e-01
   2.0660647e-02   7.6437016e-01
   2.0668318e-02   7.6518549e-01
   2.0681038e-02   7.6559315e-01
   2.0726262e-02   7.6600082e-01
   2.0776051e-02   7.6640848e-01
   2.0785839e-02   7.6722381e-01
   2.0799975e-02   7.6763147e-01
   2.0886014e-02   7.6803914e-01
   2.0886900e-02   7.6926213e-01
   2.0895201e-02   7.6966979e-01
   2.0902648e-02   7.7007746e-01
   2.0926697e-02   7.7048512e-01
   2.0937346e-02   7.7170811e-01
   2.0940110e-02   7.7252344e-01
   2.0988943e-02   7.7333877e-01
   2.0993478e-02   7.7374643e-01
   2.1008551e-02   7.7456176e-01
   2.1058339e-02   7.7537709e-01
   2.1085899e-02   7.7578475e-01
   2.1187185e-02   7.7700775e-01
   2.1194375e-02   7.7782307e-01
   2.1219966e-02   7.7823074e-01
   2.1222386e-02   7.7904607e-01
   2.1244840e-02   7.7945373e-01
   2.1247129e-02   7.7986139e-01
   2.1262763e-02   7.8026906e-01
   2.1263166e-02   7.8067672e-01
   2.1266435e-02   7.8108439e-01
   2.1446640e-02   7.8149205e-01
   2.1491225e-02   7.8271504e-01
   2.1492045e-02   7.8312271e-01
   2.1492117e-02   7.8353037e-01
   2.1499867e-02   7.8393804e-01
   2.1507390e-02   7.8434570e-01
   2.1509475e-02   7.8475336e-01
   2.1541114e-02   7.8516103e-01
   2.1544436e-02   7.8556869e-01
   2.1591760e-02   7.8597636e-01
   2.1595724e-02   7.8638402e-01
   2.1655019e-02   7.8679168e-01
   2.1742187e-02   7.8719935e-01
   2.1749651e-02   7.8760701e-01
   2.1791903e-02   7.8801468e-01
   2.1801187e-02   7.8883000e-01
   2.1823249e-02   7.8923767e-01
   2.1824309e-02   7.9005300e-01
   2.1836332e-02   7.9046066e-01
   2.1865923e-02   7.9086832e-01
   2.1870197e-02   7.9127599e-01
   2.1923551e-02   7.9209132e-01
   2.1968197e-02   7.9249898e-01
   2.1997813e-02   7.9290664e-01
   2.2028066e-02   7.9331431e-01
   2.2096454e-02   7.9453730e-01
   2.2114809e-02   7.9494497e-01
   2.2144964e-02   7.9535263e-01
   2.2198136e-02   7.9576029e-01
   2.2205090e-02   7.9616796e-01
   2.2220584e-02   7.9657562e-01
   2.2259226e-02   7.9739095e-01
   2.2318193e-02   7.9779861e-01
   2.2404875e-02   7.9820628e-01
   2.2405043e-02   7.9861394e-01
   2.2429237e-02   7.9902161e-01
   2.2431649e-02   7.9942927e-01
   2.2438447e-02   7.9983693e-01
   2.2456988e-02   8.0024460e-01
   2.2468588e-02   8.0065226e-01
   2.2525267e-02   8.0105993e-01
   2.2551480e-02   8.0146759e-01
   2.2581962e-02   8.0187525e-01
   2.2596106e-02   8.0228292e-01
   2.2604082e-02   8.0269058e-01
   2.2623341e-02   8.0350591e-01
   2.2644905e-02   8.0391358e-01
   2.2680335e-02   8.0432124e-01
   2.2691233e-02   8.0472890e-01
   2.2701687e-02   8.0554423e-01
   2.2702577e-02   8.0595190e-01
   2.2737080e-02   8.0635956e-01
   2.2796239e-02   8.0676722e-01
   2.2801315e-02   8.0717489e-01
   2.2810240e-02   8.0758255e-01
   2.2836413e-02   8.0799022e-01
   2.3003035e-02   8.0880554e-01
   2.3033083e-02   8.0921321e-01
   2.3033997e-02   8.0962087e-01
   2.3041673e-02   8.1002854e-01
   2.3076703e-02   8.1206686e-01
   2.3132528e-02   8.1247452e-01
   2.3154520e-02   8.1288219e-01
   2.3204013e-02   8.1328985e-01
   2.3291661e-02   8.1369751e-01
   2.3307480e-02   8.1410518e-01
   2.3307804e-02   8.1451284e-01
   2.3352815e-02   8.1492051e-01
   2.3356159e-02   8.1532817e-01
   2.3373224e-02   8.1573583e-01
   2.3385057e-02   8.1614350e-01
   2.3399511e-02   8.1655116e-01
   2.3457635e-02   8.1695883e-01
   2.3461239e-02   8.1736649e-01
   2.3501958e-02   8.1777415e-01
   2.3538243e-02   8.1818182e-01
   2.3565910e-02   8.1858948e-01
   2.3587978e-02   8.1899715e-01
   2.3608319e-02   8.1940481e-01
   2.3615178e-02   8.2022014e-01
   2.3616396e-02   8.2062780e-01
   2.3631129e-02   8.2103547e-01
   2.3637568e-02   8.2144313e-01
   2.3675967e-02   8.2185079e-01
   2.3729748e-02   8.2266612e-01
   2.3734538e-02   8.2307379e-01
   2.3747793e-02   8.2348145e-01
   2.3750524e-02   8.2388912e-01
   2.3779202e-02   8.2429678e-01
   2.3792101e-02   8.2470444e-01
   2.3797684e-02   8.2551977e-01
   2.3912146e-02   8.2592744e-01
   2.3913033e-02   8.2633510e-01
   2.3927133e-02   8.2674276e-01
   2.3929251e-02   8.2755809e-01
   2.3956879e-02   8.2796576e-01
   2.4006337e-02   8.2837342e-01
   2.4062439e-02   8.2918875e-01
   2.4068756e-02   8.3041174e-01
   2.4115180e-02   8.3081940e-01
   2.4149764e-02   8.3122707e-01
   2.4213037e-02   8.3204240e-01
   2.4220276e-02   8.3245006e-01
   2.4222057e-02   8.3367305e-01
   2.4222566e-02   8.3408072e-01
   2.4236267e-02   8.3448838e-01
   2.4242630e-02   8.3530371e-01
   2.4245059e-02   8.3571137e-01
   2.4279536e-02   8.3652670e-01
   2.4331363e-02   8.3693437e-01
   2.4333537e-02   8.3774969e-01
   2.4463280e-02   8.3815736e-01
   2.4480356e-02   8.3856502e-01
   2.4518280e-02   8.4019568e-01
   2.4561533e-02   8.4060334e-01
   2.4564265e-02   8.4101101e-01
   2.4572405e-02   8.4141867e-01
   2.4598448e-02   8.4182634e-01
   2.4609901e-02   8.4223400e-01
   2.4697918e-02   8.4264166e-01
   2.4810132e-02   8.4304933e-01
   2.4818886e-02   8.4386466e-01
   2.4883106e-02   8.4467998e-01
   2.4896415e-02   8.4508765e-01
   2.5055278e-02   8.4549531e-01
   2.5074272e-02   8.4590298e-01
   2.5114026e-02   8.4631064e-01
   2.5136894e-02   8.4712597e-01
   2.5138420e-02   8.4753363e-01
   2.5165115e-02   8.4794130e-01
   2.5169006e-02   8.4834896e-01
   2.5175412e-02   8.4875662e-01
   2.5187543e-02   8.4916429e-01
   2.5208427e-02   8.4957195e-01
   2.5265667e-02   8.4997962e-01
   2.5364142e-02   8.5038728e-01
   2.5431697e-02   8.5120261e-01
   2.5451198e-02   8.5161027e-01
   2.5479750e-02   8.5201794e-01
   2.5492231e-02   8.5242560e-01
   2.5600440e-02   8.5283327e-01
   2.5607020e-02   8.5324093e-01
   2.5637575e-02   8.5364859e-01
   2.5648565e-02   8.5405626e-01
   2.5689255e-02   8.5446392e-01
   2.5728431e-02   8.5487159e-01
   2.5769348e-02   8.5568691e-01
   2.5811646e-02   8.5609458e-01
   2.5816130e-02   8.5650224e-01
   2.5868042e-02   8.5690991e-01
   2.5873773e-02   8.5772523e-01
   2.6035595e-02   8.5854056e-01
   2.6058810e-02   8.5894823e-01
   2.6075644e-02   8.5935589e-01
   2.6119673e-02   8.6017122e-01
   2.6135230e-02   8.6057888e-01
   2.6140777e-02   8.6098655e-01
   2.6208120e-02   8.6139421e-01
   2.6230888e-02   8.6180188e-01
   2.6244031e-02   8.6261720e-01
   2.6333106e-02   8.6302487e-01
   2.6346690e-02   8.6343253e-01
   2.6374162e-02   8.6424786e-01
   2.6376914e-02   8.6465552e-01
   2.6419484e-02   8.6506319e-01
   2.6425212e-02   8.6587852e-01
   2.6469449e-02   8.6628618e-01
   2.6471318e-02   8.6669384e-01
   2.6475736e-02   8.6710151e-01
   2.6493654e-02   8.6750917e-01
   2.6507028e-02   8.6791684e-01
   2.6562598e-02   8.6832450e-01
   2.6695037e-02   8.6873216e-01
   2.6698693e-02   8.6913983e-01
   2.6824519e-02   8.6954749e-01
   2.6885420e-02   8.6995516e-01
   2.6959077e-02   8.7036282e-01
   2.6965267e-02   8.7077049e-01
   2.6978489e-02   8.7117815e-01
   2.6981802e-02   8.7199348e-01
   2.7022835e-02   8.7240114e-01
   2.7180512e-02   8.7280881e-01
   2.7219454e-02   8.7362413e-01
   2.7229830e-02   8.7403180e-01
   2.7243621e-02   8.7443946e-01
   2.7246417e-02   8.7484713e-01
   2.7274296e-02   8.7525479e-01
   2.7307523e-02   8.7566245e-01
   2.7349834e-02   8.7607012e-01
   2.7586135e-02   8.7647778e-01
   2.7626271e-02   8.7688545e-01
   2.7661800e-02   8.7729311e-01
   2.7670543e-02   8.7770077e-01
   2.7680207e-02   8.7810844e-01
   2.7683646e-02   8.7892377e-01
   2.7765169e-02   8.7933143e-01
   2.7782793e-02   8.7973909e-01
   2.7785158e-02   8.8014676e-01
   2.7817924e-02   8.8055442e-01
   2.7826563e-02   8.8096209e-01
   2.7845303e-02   8.8136975e-01
   2.7851561e-02   8.8218508e-01
   2.7852779e-02   8.8259274e-01
   2.8258450e-02   8.8300041e-01
   2.8268603e-02   8.8340807e-01
   2.8276880e-02   8.8381574e-01
   2.8393467e-02   8.8422340e-01
   2.8451153e-02   8.8463106e-01
   2.8457915e-02   8.8503873e-01
   2.8475115e-02   8.8544639e-01
   2.8477544e-02   8.8626172e-01
   2.8506939e-02   8.8666938e-01
   2.8510614e-02   8.8707705e-01
   2.8556406e-02   8.8748471e-01
   2.8623532e-02   8.8789238e-01
   2.8695656e-02   8.8830004e-01
   2.8754655e-02   8.8870770e-01
   2.8755548e-02   8.8952303e-01
   2.8768923e-02   8.8993070e-01
   2.8878821e-02   8.9074603e-01
   2.9017399e-02   8.9115369e-01
   2.9025540e-02   8.9156135e-01
   2.9063058e-02   8.9237668e-01
   2.9106446e-02   8.9278435e-01
   2.9159011e-02   8.9319201e-01
   2.9212625e-02   8.9359967e-01
   2.9227625e-02   8.9400734e-01
   2.9278890e-02   8.9441500e-01
   2.9316797e-02   8.9482267e-01
   2.9329000e-02   8.9523033e-01
   2.9396132e-02   8.9563799e-01
   2.9432579e-02   8.9645332e-01
   2.9687623e-02   8.9726865e-01
   2.9762830e-02   8.9767631e-01
   2.9811528e-02   8.9808398e-01
   2.9879118e-02   8.9849164e-01
   3.0000588e-02   8.9889931e-01
   3.0003909e-02   8.9930697e-01
   3.0054261e-02   8.9971464e-01
   3.0090515e-02   9.0012230e-01
   3.0110996e-02   9.0052996e-01
   3.0138741e-02   9.0093763e-01
   3.0162997e-02   9.0134529e-01
   3.0225928e-02   9.0175296e-01
   3.0272172e-02   9.0216062e-01
   3.0282491e-02   9.0256828e-01
   3.0291858e-02   9.0297595e-01
   3.0308570e-02   9.0338361e-01
   3.0407852e-02   9.0379128e-01
   3.0428877e-02   9.0419894e-01
   3.0571305e-02   9.0460660e-01
   3.0608478e-02   9.0501427e-01
   3.0640700e-02   9.0542193e-01
   3.0753904e-02   9.0582960e-01
   3.0825631e-02   9.0623726e-01
   3.0872286e-02   9.0664492e-01
   3.0896693e-02   9.0705259e-01
   3.1017037e-02   9.0746025e-01
   3.1189206e-02   9.0786792e-01
   3.1348181e-02   9.0827558e-01
   3.1355663e-02   9.0868325e-01
   3.1422393e-02   9.0909091e-01
   3.1477004e-02   9.0949857e-01
   3.1502057e-02   9.0990624e-01
   3.1527828e-02   9.1031390e-01
   3.1573018e-02   9.1072157e-01
   3.1780925e-02   9.1112923e-01
   3.1794228e-02   9.1194456e-01
   3.1817589e-02   9.1235222e-01
   3.1852744e-02   9.1275989e-01
   3.1899346e-02   9.1316755e-01
   3.2072333e-02   9.1357521e-01
   3.2228054e-02   9.1398288e-01
   3.2365959e-02   9.1439054e-01
   3.2402927e-02   9.1479821e-01
   3.2451072e-02   9.1520587e-01
   3.2536424e-02   9.1561353e-01
   3.2586162e-02   9.1602120e-01
   3.2619869e-02   9.1642886e-01
   3.2627962e-02   9.1683653e-01
   3.2709352e-02   9.1724419e-01
   3.2746341e-02   9.1765185e-01
   3.2775255e-02   9.1805952e-01
   3.2824683e-02   9.1846718e-01
   3.2892948e-02   9.1887485e-01
   3.2992328e-02   9.1928251e-01
   3.3041863e-02   9.1969018e-01
   3.3060981e-02   9.2009784e-01
   3.3132778e-02   9.2050550e-01
   3.3494561e-02   9.2091317e-01
   3.3597267e-02   9.2132083e-01
   3.3703750e-02   9.2172850e-01
   3.3945771e-02   9.2213616e-01
   3.4030232e-02   9.2254382e-01
   3.4167028e-02   9.2295149e-01
   3.4203410e-02   9.2335915e-01
   3.4214440e-02   9.2376682e-01
   3.4289314e-02   9.2417448e-01
   3.4508575e-02   9.2458214e-01
   3.4687802e-02   9.2539747e-01
   3.4817982e-02   9.2580514e-01
   3.5195669e-02   9.2621280e-01
   3.5237355e-02   9.2662046e-01
   3.5283930e-02   9.2702813e-01
   3.5300270e-02   9.2743579e-01
   3.5413046e-02   9.2784346e-01
   3.5478067e-02   9.2825112e-01
   3.5633913e-02   9.2865879e-01
   3.5697087e-02   9.2906645e-01
   3.5719367e-02   9.2988178e-01
   3.5733848e-02   9.3028944e-01
   3.5759145e-02   9.3069711e-01
   3.5778783e-02   9.3110477e-01
   3.5839849e-02   9.3151243e-01
   3.6077752e-02   9.3192010e-01
   3.6227667e-02   9.3232776e-01
   3.6230489e-02   9.3273543e-01
   3.6254758e-02   9.3314309e-01
   3.6324551e-02   9.3355075e-01
   3.6530380e-02   9.3395842e-01
   3.6597076e-02   9.3436608e-01
   3.6721033e-02   9.3477375e-01
   3.6766192e-02   9.3518141e-01
   3.6796147e-02   9.3558907e-01
   3.6800008e-02   9.3599674e-01
   3.6944311e-02   9.3640440e-01
   3.6971770e-02   9.3681207e-01
   3.7154495e-02   9.3721973e-01
   3.7177238e-02   9.3762740e-01
   3.7238350e-02   9.3803506e-01
   3.7304876e-02   9.3844272e-01
   3.7327024e-02   9.3885039e-01
   3.7366479e-02   9.3925805e-01
   3.7380333e-02   9.3966572e-01
   3.7403867e-02   9.4007338e-01
   3.7425130e-02   9.4048104e-01
   3.7428541e-02   9.4088871e-01
   3.7606015e-02   9.4129637e-01
   3.7625121e-02   9.4170404e-01
   3.7746333e-02   9.4211170e-01
   3.7890293e-02   9.4251936e-01
   3.7981120e-02   9.4292703e-01
   3.8099825e-02   9.4333469e-01
   3.8109624e-02   9.4374236e-01
   3.8140734e-02   9.4415002e-01
   3.8274034e-02   9.4455768e-01
   3.8369967e-02   9.4496535e-01
   3.8437143e-02   9.4537301e-01
   3.8532710e-02   9.4578068e-01
   3.8607063e-02   9.4618834e-01
   3.8671210e-02   9.4659600e-01
   3.8697494e-02   9.4700367e-01
   3.8701396e-02   9.4741133e-01
   3.8829589e-02   9.4781900e-01
   3.9039173e-02   9.4822666e-01
   3.9189316e-02   9.4863433e-01
   3.9336907e-02   9.4904199e-01
   3.9557625e-02   9.4944965e-01
   3.9648533e-02   9.4985732e-01
   3.9652888e-02   9.5026498e-01
   3.9716464e-02   9.5067265e-01
   3.9745511e-02   9.5148797e-01
   3.9899431e-02   9.5230330e-01
   3.9987515e-02   9.5271097e-01
   4.0069927e-02   9.5311863e-01
   4.0113243e-02   9.5352629e-01
   4.0357083e-02   9.5434162e-01
   4.0499057e-02   9.5474929e-01
   4.0600399e-02   9.5515695e-01
   4.0723321e-02   9.5556461e-01
   4.0998905e-02   9.5597228e-01
   4.1201167e-02   9.5637994e-01
   4.1611966e-02   9.5678761e-01
   4.1704638e-02   9.5719527e-01
   4.1840507e-02   9.5760294e-01
   4.1868588e-02   9.5801060e-01
   4.1984549e-02   9.5841826e-01
   4.2038597e-02   9.5882593e-01
   4.2071848e-02   9.5923359e-01
   4.2541847e-02   9.5964126e-01
   4.2967498e-02   9.6004892e-01
   4.2982465e-02   9.6045658e-01
   4.2983628e-02   9.6086425e-01
   4.2986039e-02   9.6127191e-01
   4.3094905e-02   9.6167958e-01
   4.3282625e-02   9.6208724e-01
   4.3291738e-02   9.6249490e-01
   4.3701630e-02   9.6290257e-01
   4.3793821e-02   9.6331023e-01
   4.3839844e-02   9.6371790e-01
   4.3888216e-02   9.6412556e-01
   4.3939825e-02   9.6453322e-01
   4.4336015e-02   9.6494089e-01
   4.4396889e-02   9.6534855e-01
   4.4937286e-02   9.6575622e-01
   4.4981323e-02   9.6616388e-01
   4.5050533e-02   9.6657155e-01
   4.5093316e-02   9.6697921e-01
   4.5122058e-02   9.6738687e-01
   4.5652390e-02   9.6779454e-01
   4.5735878e-02   9.6820220e-01
   4.6039237e-02   9.6860987e-01
   4.6321304e-02   9.6901753e-01
   4.6391337e-02   9.6942519e-01
   4.6479027e-02   9.6983286e-01
   4.6798510e-02   9.7064819e-01
   4.6914424e-02   9.7105585e-01
   4.7082498e-02   9.7146351e-01
   4.7189178e-02   9.7227884e-01
   4.7233372e-02   9.7268651e-01
   4.7401881e-02   9.7309417e-01
   4.7955481e-02   9.7350183e-01
   4.8013802e-02   9.7390950e-01
   4.8169731e-02   9.7431716e-01
   4.8342898e-02   9.7472483e-01
   4.8935665e-02   9.7513249e-01
   4.9089814e-02   9.7554015e-01
   4.9469008e-02   9.7594782e-01
   4.9961963e-02   9.7635548e-01
   4.9982504e-02   9.7717081e-01
   5.0028396e-02   9.7757848e-01
   5.0832437e-02   9.7798614e-01
   5.1539228e-02   9.7839380e-01
   5.1756421e-02   9.7880147e-01
   5.1765279e-02   9.7920913e-01
   5.1779756e-02   9.7961680e-01
   5.2794006e-02   9.8002446e-01
   5.2829829e-02   9.8043212e-01
   5.2990381e-02   9.8083979e-01
   5.3720195e-02   9.8124745e-01
   5.3968156e-02   9.8165512e-01
   5.4245109e-02   9.8206278e-01
   5.4538597e-02   9.8247044e-01
   5.4975745e-02   9.8287811e-01
   5.5326443e-02   9.8328577e-01
   5.5570760e-02   9.8369344e-01
   5.6234680e-02   9.8410110e-01
   5.6387552e-02   9.8450876e-01
   5.6617390e-02   9.8491643e-01
   5.7032687e-02   9.8532409e-01
   5.8114574e-02   9.8573176e-01
   5.8432607e-02   9.8613942e-01
   5.8435930e-02   9.8654709e-01
   5.8926401e-02   9.8695475e-01
   5.9146892e-02   9.8736241e-01
   5.9155622e-02   9.8777008e-01
   6.1376411e-02   9.8817774e-01
   6.4131301e-02   9.8858541e-01
   6.4876276e-02   9.8899307e-01
   6.6565565e-02   9.8940073e-01
   6.7797408e-02   9.8980840e-01
   6.7860461e-02   9.9021606e-01
   6.8712383e-02   9.9062373e-01
   6.8723949e-02   9.9103139e-01
   6.8963003e-02   9.9143905e-01
   7.1403144e-02   9.9184672e-01
   7.1571579e-02   9.9225438e-01
   7.2414036e-02   9.9266205e-01
   7.3265932e-02   9.9306971e-01
   7.5890645e-02   9.9347737e-01
   7.6607195e-02   9.9388504e-01
   7.7287578e-02   9.9429270e-01
   7.8756060e-02   9.9470037e-01
   8.3295034e-02   9.9510803e-01
   8.5022071e-02   9.9551570e-01
   8.8231837e-02   9.9592336e-01
   9.2350501e-02   9.9633102e-01
   9.8083327e-02   9.9673869e-01
   1.0085134e-01   9.9714635e-01
   1.0286794e-01   9.9755402e-01
   1.0397655e-01   9.9796168e-01
   1.0511636e-01   9.9836934e-01
   1.0824357e-01   9.9877701e-01
   1.3414759e-01   9.9918467e-01
   1.7171292e-01   9.9959234e-01
   2.1147366e-01   1.0000000e+00
