   5.1080000e-03   0.0000000e+00
   5.1080000e-03   1.1363636e-02
   5.8936000e-03   2.2727273e-02
   6.2872000e-03   1.0227273e-01
   6.6800000e-03   1.2500000e-01
   7.0728000e-03   1.5909091e-01
   7.4656000e-03   1.8181818e-01
   7.8584000e-03   2.0454545e-01
   8.2512000e-03   2.1590909e-01
   8.6440000e-03   2.5000000e-01
   9.0376000e-03   3.0681818e-01
   9.4304000e-03   3.2954545e-01
   1.0216000e-02   3.5227273e-01
   1.1395200e-02   3.8636364e-01
   1.1788000e-02   3.9772727e-01
   1.2573600e-02   4.5454545e-01
   1.2966400e-02   4.6590909e-01
   1.3359200e-02   4.8863636e-01
   1.3752800e-02   5.1136364e-01
   1.4538400e-02   5.2272727e-01
   1.4931200e-02   5.4545455e-01
   1.5324000e-02   5.7954545e-01
   1.5716800e-02   6.0227273e-01
   1.6109600e-02   6.1363636e-01
   1.6503200e-02   6.5909091e-01
   1.7681600e-02   6.9318182e-01
   1.8860800e-02   7.2727273e-01
   1.9253600e-02   7.3863636e-01
   2.0039200e-02   7.5000000e-01
   2.0432000e-02   7.6136364e-01
   2.0824800e-02   7.9545455e-01
   2.1611200e-02   8.0681818e-01
   2.2396800e-02   8.1818182e-01
   2.2789600e-02   8.5227273e-01
   2.3575200e-02   8.6363636e-01
   2.4754400e-02   8.7500000e-01
   2.6719200e-02   8.8636364e-01
   2.7504800e-02   8.9772727e-01
   3.0255200e-02   9.0909091e-01
   3.1041600e-02   9.2045455e-01
   3.3792000e-02   9.3181818e-01
   3.4184800e-02   9.4318182e-01
   3.8507200e-02   9.5454545e-01
   4.0078400e-02   9.6590909e-01
   4.2828800e-02   9.7727273e-01
   4.3221600e-02   9.8863636e-01
   7.2691200e-02   1.0000000e+00
