   6.5925418e-03   0.0000000e+00
   6.5925418e-03   2.4813896e-03
   7.3548438e-03   7.4441687e-03
   7.3953060e-03   9.9255583e-03
   7.5599274e-03   1.2406948e-02
   8.1902487e-03   1.4888337e-02
   8.5788646e-03   1.7369727e-02
   8.6460652e-03   1.9851117e-02
   8.7900917e-03   2.2332506e-02
   9.0940473e-03   2.4813896e-02
   9.4497613e-03   2.9776675e-02
   9.5303876e-03   3.2258065e-02
   9.7420468e-03   3.7220844e-02
   9.7999184e-03   3.9702233e-02
   9.8996848e-03   4.2183623e-02
   9.9051421e-03   4.4665012e-02
   1.0038851e-02   5.2109181e-02
   1.0159423e-02   5.4590571e-02
   1.0364659e-02   5.7071960e-02
   1.0418673e-02   5.9553350e-02
   1.0527317e-02   6.2034739e-02
   1.0620366e-02   6.4516129e-02
   1.0660474e-02   6.6997519e-02
   1.0709866e-02   6.9478908e-02
   1.0987024e-02   7.1960298e-02
   1.1059464e-02   7.4441687e-02
   1.1317278e-02   7.6923077e-02
   1.1340187e-02   7.9404467e-02
   1.1379656e-02   8.1885856e-02
   1.1528459e-02   8.4367246e-02
   1.1994831e-02   8.9330025e-02
   1.2046209e-02   9.1811414e-02
   1.2231402e-02   9.6774194e-02
   1.2781867e-02   9.9255583e-02
   1.2860886e-02   1.0173697e-01
   1.2893250e-02   1.0421836e-01
   1.2948644e-02   1.0918114e-01
   1.2955581e-02   1.1414392e-01
   1.3048722e-02   1.1662531e-01
   1.3184430e-02   1.1910670e-01
   1.3486209e-02   1.2158809e-01
   1.3514181e-02   1.2406948e-01
   1.3578787e-02   1.2655087e-01
   1.3929030e-02   1.2903226e-01
   1.4100329e-02   1.3151365e-01
   1.4188642e-02   1.3399504e-01
   1.4443778e-02   1.3647643e-01
   1.4489534e-02   1.3895782e-01
   1.4518788e-02   1.4143921e-01
   1.4622246e-02   1.4392060e-01
   1.4778045e-02   1.4640199e-01
   1.4790154e-02   1.4888337e-01
   1.4882022e-02   1.5136476e-01
   1.5147674e-02   1.5384615e-01
   1.5256184e-02   1.5632754e-01
   1.5336828e-02   1.5880893e-01
   1.5365346e-02   1.6129032e-01
   1.5543094e-02   1.6377171e-01
   1.5798038e-02   1.6625310e-01
   1.5991384e-02   1.6873449e-01
   1.6002536e-02   1.7369727e-01
   1.6040221e-02   1.7617866e-01
   1.6147644e-02   1.7866005e-01
   1.6290279e-02   1.8114144e-01
   1.6307782e-02   1.8610422e-01
   1.6379959e-02   1.8858561e-01
   1.6383114e-02   1.9106700e-01
   1.6451292e-02   1.9354839e-01
   1.6455664e-02   1.9602978e-01
   1.6912259e-02   1.9851117e-01
   1.6934704e-02   2.0099256e-01
   1.7246409e-02   2.0347395e-01
   1.7297170e-02   2.0595533e-01
   1.7357660e-02   2.0843672e-01
   1.7590695e-02   2.1091811e-01
   1.7639552e-02   2.1339950e-01
   1.7745455e-02   2.1588089e-01
   1.7770557e-02   2.1836228e-01
   1.7927393e-02   2.2084367e-01
   1.7959323e-02   2.2332506e-01
   1.7987354e-02   2.2580645e-01
   1.8172237e-02   2.2828784e-01
   1.8187498e-02   2.3076923e-01
   1.8241619e-02   2.3573201e-01
   1.8269793e-02   2.3821340e-01
   1.8300564e-02   2.4069479e-01
   1.8386229e-02   2.4317618e-01
   1.8388931e-02   2.4565757e-01
   1.8518935e-02   2.4813896e-01
   1.8614447e-02   2.5062035e-01
   1.8678851e-02   2.5310174e-01
   1.8814024e-02   2.5558313e-01
   1.8828186e-02   2.5806452e-01
   1.8832985e-02   2.6054591e-01
   1.8862249e-02   2.6302730e-01
   1.8917874e-02   2.6550868e-01
   1.8974521e-02   2.6799007e-01
   1.9147906e-02   2.7047146e-01
   1.9187858e-02   2.7295285e-01
   1.9247214e-02   2.7543424e-01
   1.9451950e-02   2.7791563e-01
   1.9599837e-02   2.8039702e-01
   1.9777116e-02   2.8535980e-01
   1.9799370e-02   2.8784119e-01
   1.9825191e-02   2.9032258e-01
   2.0068163e-02   2.9280397e-01
   2.0077181e-02   2.9528536e-01
   2.0219628e-02   2.9776675e-01
   2.0229843e-02   3.0024814e-01
   2.0401194e-02   3.0272953e-01
   2.0507169e-02   3.0521092e-01
   2.0702720e-02   3.0769231e-01
   2.1137418e-02   3.1017370e-01
   2.1183658e-02   3.1265509e-01
   2.1240731e-02   3.1513648e-01
   2.1321612e-02   3.1761787e-01
   2.1368969e-02   3.2009926e-01
   2.1686400e-02   3.2258065e-01
   2.1940843e-02   3.2506203e-01
   2.1953491e-02   3.2754342e-01
   2.2118843e-02   3.3002481e-01
   2.2295129e-02   3.3250620e-01
   2.2568625e-02   3.3498759e-01
   2.2594735e-02   3.3746898e-01
   2.2598108e-02   3.3995037e-01
   2.2628526e-02   3.4243176e-01
   2.2673014e-02   3.4491315e-01
   2.2810138e-02   3.4739454e-01
   2.2925671e-02   3.4987593e-01
   2.2967108e-02   3.5235732e-01
   2.3027058e-02   3.5483871e-01
   2.3205737e-02   3.5732010e-01
   2.3206085e-02   3.5980149e-01
   2.3415693e-02   3.6228288e-01
   2.3435277e-02   3.6476427e-01
   2.3462978e-02   3.6724566e-01
   2.3553583e-02   3.6972705e-01
   2.3596827e-02   3.7220844e-01
   2.3939887e-02   3.7468983e-01
   2.4144649e-02   3.7717122e-01
   2.4264525e-02   3.7965261e-01
   2.4363090e-02   3.8461538e-01
   2.4637561e-02   3.8709677e-01
   2.4718264e-02   3.8957816e-01
   2.4777865e-02   3.9205955e-01
   2.4812715e-02   3.9454094e-01
   2.4916729e-02   3.9702233e-01
   2.5061778e-02   3.9950372e-01
   2.5312363e-02   4.0198511e-01
   2.5399753e-02   4.0446650e-01
   2.5428018e-02   4.0694789e-01
   2.5520129e-02   4.0942928e-01
   2.5601634e-02   4.1439206e-01
   2.5622318e-02   4.1687345e-01
   2.5691781e-02   4.1935484e-01
   2.5972797e-02   4.2183623e-01
   2.6044020e-02   4.2431762e-01
   2.6183117e-02   4.2679901e-01
   2.6701293e-02   4.2928040e-01
   2.6975077e-02   4.3176179e-01
   2.7004927e-02   4.3424318e-01
   2.7082350e-02   4.3672457e-01
   2.7238594e-02   4.3920596e-01
   2.7323419e-02   4.4168734e-01
   2.7376210e-02   4.4416873e-01
   2.7510960e-02   4.4665012e-01
   2.7599419e-02   4.4913151e-01
   2.7628149e-02   4.5161290e-01
   2.7719554e-02   4.5409429e-01
   2.7800460e-02   4.5657568e-01
   2.7868259e-02   4.5905707e-01
   2.8140401e-02   4.6153846e-01
   2.8418915e-02   4.6401985e-01
   2.8557682e-02   4.6650124e-01
   2.8590036e-02   4.6898263e-01
   2.8699521e-02   4.7146402e-01
   2.8820766e-02   4.7394541e-01
   2.8958150e-02   4.7642680e-01
   2.9038277e-02   4.7890819e-01
   2.9064269e-02   4.8138958e-01
   2.9107638e-02   4.8387097e-01
   2.9126547e-02   4.8635236e-01
   2.9161912e-02   4.8883375e-01
   2.9186507e-02   4.9131514e-01
   2.9220143e-02   4.9379653e-01
   2.9399755e-02   4.9627792e-01
   2.9609388e-02   5.0124069e-01
   2.9847305e-02   5.0372208e-01
   2.9849179e-02   5.0620347e-01
   3.0103188e-02   5.0868486e-01
   3.0659255e-02   5.1116625e-01
   3.0850084e-02   5.1364764e-01
   3.0972000e-02   5.1612903e-01
   3.1216214e-02   5.1861042e-01
   3.1286925e-02   5.2109181e-01
   3.1325662e-02   5.2357320e-01
   3.1356667e-02   5.2605459e-01
   3.1532674e-02   5.2853598e-01
   3.1565415e-02   5.3101737e-01
   3.2003248e-02   5.3349876e-01
   3.2080908e-02   5.3598015e-01
   3.2090302e-02   5.3846154e-01
   3.2415702e-02   5.4094293e-01
   3.2426617e-02   5.4342432e-01
   3.2728179e-02   5.4590571e-01
   3.2835972e-02   5.4838710e-01
   3.2903712e-02   5.5086849e-01
   3.3094848e-02   5.5334988e-01
   3.3345155e-02   5.5583127e-01
   3.3375972e-02   5.5831266e-01
   3.3468592e-02   5.6079404e-01
   3.3582388e-02   5.6327543e-01
   3.3676289e-02   5.6575682e-01
   3.3736249e-02   5.6823821e-01
   3.3909913e-02   5.7071960e-01
   3.3958404e-02   5.7320099e-01
   3.4500698e-02   5.7568238e-01
   3.4562824e-02   5.7816377e-01
   3.4823756e-02   5.8064516e-01
   3.5279482e-02   5.8312655e-01
   3.5601642e-02   5.8560794e-01
   3.5918481e-02   5.8808933e-01
   3.6236534e-02   5.9057072e-01
   3.6808579e-02   5.9305211e-01
   3.7014650e-02   5.9553350e-01
   3.8122049e-02   5.9801489e-01
   3.8280048e-02   6.0049628e-01
   3.8568838e-02   6.0297767e-01
   3.8690565e-02   6.0545906e-01
   3.8924823e-02   6.0794045e-01
   3.8971161e-02   6.1042184e-01
   3.9042943e-02   6.1290323e-01
   3.9231671e-02   6.1538462e-01
   3.9259526e-02   6.1786600e-01
   3.9518769e-02   6.2034739e-01
   3.9529050e-02   6.2282878e-01
   3.9614995e-02   6.2531017e-01
   3.9754378e-02   6.2779156e-01
   4.0048444e-02   6.3027295e-01
   4.0098740e-02   6.3275434e-01
   4.0264180e-02   6.3523573e-01
   4.0471483e-02   6.3771712e-01
   4.0847822e-02   6.4019851e-01
   4.0887786e-02   6.4267990e-01
   4.1089997e-02   6.4516129e-01
   4.1282363e-02   6.4764268e-01
   4.1415583e-02   6.5012407e-01
   4.1478406e-02   6.5260546e-01
   4.1480236e-02   6.5508685e-01
   4.1501558e-02   6.5756824e-01
   4.1616222e-02   6.6004963e-01
   4.1681371e-02   6.6253102e-01
   4.1873831e-02   6.6501241e-01
   4.1994943e-02   6.6749380e-01
   4.2154381e-02   6.6997519e-01
   4.2300708e-02   6.7245658e-01
   4.2555385e-02   6.7493797e-01
   4.2624865e-02   6.7741935e-01
   4.2655350e-02   6.7990074e-01
   4.2962997e-02   6.8238213e-01
   4.2981689e-02   6.8486352e-01
   4.3031310e-02   6.8734491e-01
   4.3707033e-02   6.8982630e-01
   4.3745145e-02   6.9230769e-01
   4.3851476e-02   6.9478908e-01
   4.3914127e-02   6.9727047e-01
   4.4179419e-02   6.9975186e-01
   4.4528846e-02   7.0223325e-01
   4.4589126e-02   7.0471464e-01
   4.5085693e-02   7.0719603e-01
   4.5136730e-02   7.0967742e-01
   4.5523491e-02   7.1215881e-01
   4.5848121e-02   7.1464020e-01
   4.5954766e-02   7.1712159e-01
   4.6031090e-02   7.1960298e-01
   4.6374675e-02   7.2208437e-01
   4.7110769e-02   7.2456576e-01
   4.7156592e-02   7.2704715e-01
   4.7390177e-02   7.2952854e-01
   4.7475010e-02   7.3200993e-01
   4.8016031e-02   7.3449132e-01
   4.8203353e-02   7.3697270e-01
   4.8405296e-02   7.3945409e-01
   4.8414153e-02   7.4193548e-01
   4.8420327e-02   7.4441687e-01
   4.8926411e-02   7.4689826e-01
   4.9884942e-02   7.4937965e-01
   5.0184278e-02   7.5186104e-01
   5.0247676e-02   7.5434243e-01
   5.0463198e-02   7.5682382e-01
   5.1593911e-02   7.5930521e-01
   5.1906965e-02   7.6178660e-01
   5.1932572e-02   7.6426799e-01
   5.2004935e-02   7.6674938e-01
   5.2143298e-02   7.6923077e-01
   5.2298844e-02   7.7171216e-01
   5.2578122e-02   7.7419355e-01
   5.3459005e-02   7.7667494e-01
   5.3997543e-02   7.7915633e-01
   5.5425322e-02   7.8163772e-01
   5.5988511e-02   7.8411911e-01
   5.6186703e-02   7.8660050e-01
   5.6554386e-02   7.8908189e-01
   5.6556166e-02   7.9156328e-01
   5.6981729e-02   7.9404467e-01
   5.6991829e-02   7.9652605e-01
   5.7072018e-02   7.9900744e-01
   5.7185724e-02   8.0148883e-01
   5.7382147e-02   8.0397022e-01
   5.7591097e-02   8.0645161e-01
   5.7714468e-02   8.0893300e-01
   5.7744179e-02   8.1141439e-01
   5.8706106e-02   8.1389578e-01
   6.0062667e-02   8.1637717e-01
   6.0134557e-02   8.1885856e-01
   6.1402258e-02   8.2133995e-01
   6.1971342e-02   8.2382134e-01
   6.2733206e-02   8.2630273e-01
   6.2975909e-02   8.2878412e-01
   6.3241686e-02   8.3126551e-01
   6.3636761e-02   8.3374690e-01
   6.4955210e-02   8.3622829e-01
   6.5553161e-02   8.3870968e-01
   6.5660691e-02   8.4367246e-01
   6.6421691e-02   8.4615385e-01
   6.6547214e-02   8.4863524e-01
   6.7164641e-02   8.5111663e-01
   6.7239952e-02   8.5359801e-01
   6.7738214e-02   8.5607940e-01
   6.7847297e-02   8.5856079e-01
   6.8602949e-02   8.6104218e-01
   6.9547109e-02   8.6352357e-01
   6.9746011e-02   8.6600496e-01
   6.9959192e-02   8.6848635e-01
   7.1623212e-02   8.7096774e-01
   7.1946850e-02   8.7344913e-01
   7.2276749e-02   8.7593052e-01
   7.2994764e-02   8.7841191e-01
   7.3994746e-02   8.8089330e-01
   7.4266324e-02   8.8337469e-01
   7.4307593e-02   8.8585608e-01
   7.4574495e-02   8.8833747e-01
   7.6584865e-02   8.9081886e-01
   8.2287442e-02   8.9330025e-01
   8.2594645e-02   8.9578164e-01
   8.3161706e-02   8.9826303e-01
   8.4053003e-02   9.0074442e-01
   8.4742665e-02   9.0322581e-01
   8.4851301e-02   9.0570720e-01
   8.5459046e-02   9.0818859e-01
   8.5989259e-02   9.1066998e-01
   8.7485295e-02   9.1315136e-01
   8.7870515e-02   9.1563275e-01
   8.8140706e-02   9.1811414e-01
   8.8828757e-02   9.2059553e-01
   9.1336597e-02   9.2307692e-01
   9.1848896e-02   9.2555831e-01
   9.3612032e-02   9.2803970e-01
   9.3756890e-02   9.3052109e-01
   9.4810098e-02   9.3300248e-01
   9.5626789e-02   9.3548387e-01
   9.6031456e-02   9.3796526e-01
   9.6796784e-02   9.4044665e-01
   9.7399522e-02   9.4292804e-01
   9.8250748e-02   9.4540943e-01
   1.0062356e-01   9.4789082e-01
   1.0275969e-01   9.5037221e-01
   1.0334606e-01   9.5285360e-01
   1.0478642e-01   9.5533499e-01
   1.0758436e-01   9.5781638e-01
   1.1028787e-01   9.6029777e-01
   1.1121197e-01   9.6277916e-01
   1.1132731e-01   9.6526055e-01
   1.1570710e-01   9.6774194e-01
   1.1979466e-01   9.7022333e-01
   1.2135055e-01   9.7270471e-01
   1.2302812e-01   9.7518610e-01
   1.2512187e-01   9.7766749e-01
   1.2605403e-01   9.8014888e-01
   1.3352645e-01   9.8263027e-01
   1.3848927e-01   9.8511166e-01
   1.4070714e-01   9.8759305e-01
   1.4158655e-01   9.9007444e-01
   1.4299075e-01   9.9255583e-01
   1.4549498e-01   9.9503722e-01
   1.4564305e-01   9.9751861e-01
   1.8059126e-01   1.0000000e+00
