   3.6512000e-03   0.0000000e+00
   3.6512000e-03   3.9215686e-03
   4.0568000e-03   9.1503268e-03
   4.4624000e-03   1.8954248e-02
   4.8680000e-03   4.3790850e-02
   5.2736000e-03   6.6666667e-02
   5.6792000e-03   1.0915033e-01
   6.0848000e-03   1.5032680e-01
   6.4912000e-03   1.8562092e-01
   6.8968000e-03   2.2810458e-01
   7.3024000e-03   2.6993464e-01
   7.7080000e-03   3.0915033e-01
   8.1136000e-03   3.4640523e-01
   8.5192000e-03   3.7189542e-01
   8.9248000e-03   4.1699346e-01
   9.3304000e-03   4.3921569e-01
   9.7360000e-03   4.6601307e-01
   1.0141600e-02   5.0130719e-01
   1.0548000e-02   5.3594771e-01
   1.0953600e-02   5.6013072e-01
   1.1359200e-02   5.8954248e-01
   1.1764800e-02   6.1699346e-01
   1.2170400e-02   6.3921569e-01
   1.2576000e-02   6.6078431e-01
   1.2981600e-02   6.7777778e-01
   1.3387200e-02   6.9542484e-01
   1.3792800e-02   7.2287582e-01
   1.4199200e-02   7.3660131e-01
   1.4604800e-02   7.5228758e-01
   1.5010400e-02   7.7581699e-01
   1.5416000e-02   7.8300654e-01
   1.5821600e-02   8.0065359e-01
   1.6227200e-02   8.1111111e-01
   1.6632800e-02   8.1830065e-01
   1.7038400e-02   8.2418301e-01
   1.7444000e-02   8.3725490e-01
   1.7849600e-02   8.4575163e-01
   1.8255200e-02   8.5228758e-01
   1.8661600e-02   8.6405229e-01
   1.9067200e-02   8.7058824e-01
   1.9472800e-02   8.7581699e-01
   1.9878400e-02   8.8366013e-01
   2.0284000e-02   8.9019608e-01
   2.0689600e-02   8.9607843e-01
   2.1095200e-02   9.0196078e-01
   2.1500800e-02   9.0718954e-01
   2.1906400e-02   9.1372549e-01
   2.2312000e-02   9.1764706e-01
   2.2718400e-02   9.2091503e-01
   2.3124000e-02   9.2549020e-01
   2.3529600e-02   9.2679739e-01
   2.3935200e-02   9.3267974e-01
   2.4340800e-02   9.3529412e-01
   2.4746400e-02   9.3790850e-01
   2.5152000e-02   9.4183007e-01
   2.5557600e-02   9.4444444e-01
   2.5963200e-02   9.4705882e-01
   2.6368800e-02   9.5032680e-01
   2.6775200e-02   9.5163399e-01
   2.7586400e-02   9.5424837e-01
   2.7992000e-02   9.5686275e-01
   2.8397600e-02   9.5751634e-01
   2.8803200e-02   9.6078431e-01
   2.9208800e-02   9.6274510e-01
   3.0020000e-02   9.6535948e-01
   3.0425600e-02   9.6601307e-01
   3.1237600e-02   9.6666667e-01
   3.1643200e-02   9.6732026e-01
   3.2048800e-02   9.6797386e-01
   3.2454400e-02   9.6993464e-01
   3.2860000e-02   9.7058824e-01
   3.3265600e-02   9.7124183e-01
   3.3671200e-02   9.7189542e-01
   3.4076800e-02   9.7254902e-01
   3.4482400e-02   9.7450980e-01
   3.4888800e-02   9.7516340e-01
   3.6105600e-02   9.7712418e-01
   3.6511200e-02   9.7843137e-01
   3.7322400e-02   9.8039216e-01
   3.7728000e-02   9.8104575e-01
   3.8133600e-02   9.8235294e-01
   3.9351200e-02   9.8431373e-01
   3.9756800e-02   9.8496732e-01
   4.0973600e-02   9.8562092e-01
   4.1379200e-02   9.8627451e-01
   4.5030400e-02   9.8692810e-01
   4.5436000e-02   9.8758170e-01
   4.6652800e-02   9.8823529e-01
   4.7464800e-02   9.8888889e-01
   4.9492800e-02   9.9019608e-01
   5.1116000e-02   9.9084967e-01
   5.2738400e-02   9.9150327e-01
   5.3549600e-02   9.9215686e-01
   5.4360800e-02   9.9281046e-01
   5.4766400e-02   9.9346405e-01
   5.7606400e-02   9.9411765e-01
   5.9229600e-02   9.9477124e-01
   6.0040800e-02   9.9542484e-01
   6.6531200e-02   9.9607843e-01
   6.8154400e-02   9.9673203e-01
   8.1136000e-02   9.9738562e-01
   8.6409600e-02   9.9803922e-01
   8.7220800e-02   9.9934641e-01
   1.4482720e-01   1.0000000e+00
