   2.8984000e-03   0.0000000e+00
   2.8984000e-03   6.7114094e-03
   3.3128000e-03   1.3422819e-02
   4.1408000e-03   2.0134228e-02
   4.9688000e-03   2.6845638e-02
   6.2112000e-03   4.0268456e-02
   6.6256000e-03   4.6979866e-02
   7.0392000e-03   5.3691275e-02
   7.8672000e-03   8.0536913e-02
   8.2816000e-03   8.7248322e-02
   9.1096000e-03   9.3959732e-02
   9.5240000e-03   1.4093960e-01
   9.9376000e-03   1.4765101e-01
   1.0352000e-02   1.6778523e-01
   1.0766400e-02   2.0134228e-01
   1.1180000e-02   2.0805369e-01
   1.1594400e-02   2.1476510e-01
   1.2008000e-02   2.2147651e-01
   1.2422400e-02   2.4161074e-01
   1.2836800e-02   2.6845638e-01
   1.3250400e-02   2.8859060e-01
   1.3664800e-02   3.2885906e-01
   1.4078400e-02   3.3557047e-01
   1.4492800e-02   3.4899329e-01
   1.4907200e-02   3.5570470e-01
   1.5320800e-02   3.6912752e-01
   1.5735200e-02   3.9597315e-01
   1.6148800e-02   4.0268456e-01
   1.6563200e-02   4.1610738e-01
   1.6977600e-02   4.2281879e-01
   1.7391200e-02   4.2953020e-01
   1.7805600e-02   4.3624161e-01
   1.8219200e-02   4.4966443e-01
   1.9048000e-02   4.6308725e-01
   1.9461600e-02   4.7651007e-01
   1.9876000e-02   4.8322148e-01
   2.0704000e-02   4.9664430e-01
   2.1118400e-02   5.2348993e-01
   2.1946400e-02   5.4362416e-01
   2.3188800e-02   5.5704698e-01
   2.3602400e-02   5.7718121e-01
   2.4016800e-02   6.0402685e-01
   2.4430400e-02   6.1073826e-01
   2.5672800e-02   6.2416107e-01
   2.6087200e-02   6.4429530e-01
   2.7328800e-02   6.5771812e-01
   2.8157600e-02   6.7114094e-01
   2.8571200e-02   6.8456376e-01
   2.8985600e-02   6.9127517e-01
   2.9399200e-02   7.0469799e-01
   3.0641600e-02   7.2483221e-01
   3.1469600e-02   7.3825503e-01
   3.2298400e-02   7.4496644e-01
   3.3540000e-02   7.5838926e-01
   3.4368800e-02   7.7181208e-01
   3.6852800e-02   7.7852349e-01
   3.7267200e-02   7.8523490e-01
   3.7680800e-02   7.9865772e-01
   3.8095200e-02   8.1208054e-01
   3.8509600e-02   8.1879195e-01
   3.9337600e-02   8.3221477e-01
   3.9751200e-02   8.4563758e-01
   4.0165600e-02   8.5234899e-01
   4.1821600e-02   8.6577181e-01
   4.2650400e-02   8.7919463e-01
   4.7204800e-02   8.8590604e-01
   4.7619200e-02   8.9261745e-01
   5.7556800e-02   8.9932886e-01
   5.8384800e-02   9.0604027e-01
   6.0041600e-02   9.1275168e-01
   6.0869600e-02   9.2617450e-01
   6.1284000e-02   9.3288591e-01
   6.5838400e-02   9.4630872e-01
   6.7494400e-02   9.5302013e-01
   6.9565600e-02   9.5973154e-01
   8.1573600e-02   9.6644295e-01
   8.6128000e-02   9.7315436e-01
   9.1097600e-02   9.7986577e-01
   9.1511200e-02   9.8657718e-01
   1.0848880e-01   9.9328859e-01
   1.7805360e-01   1.0000000e+00
