   5.0192000e-03   0.0000000e+00
   5.0192000e-03   7.1942446e-03
   6.1776000e-03   1.4388489e-02
   6.5640000e-03   3.5971223e-02
   6.9496000e-03   4.3165468e-02
   7.7224000e-03   5.7553957e-02
   8.1080000e-03   7.1942446e-02
   8.8800000e-03   8.6330935e-02
   9.2664000e-03   9.3525180e-02
   9.6528000e-03   1.0071942e-01
   1.0038400e-02   1.4388489e-01
   1.0424800e-02   1.6546763e-01
   1.0810400e-02   1.7985612e-01
   1.1196800e-02   2.0143885e-01
   1.1583200e-02   2.2302158e-01
   1.1968800e-02   2.3741007e-01
   1.2741600e-02   2.5899281e-01
   1.3127200e-02   2.6618705e-01
   1.3513600e-02   2.8057554e-01
   1.3900000e-02   2.8776978e-01
   1.4672000e-02   3.0215827e-01
   1.5057600e-02   3.2374101e-01
   1.5444000e-02   3.3812950e-01
   1.5830400e-02   3.5251799e-01
   1.6602400e-02   3.6690647e-01
   1.7374400e-02   3.7410072e-01
   1.8146400e-02   3.8129496e-01
   1.8532800e-02   4.1007194e-01
   1.8919200e-02   4.1726619e-01
   1.9304800e-02   4.3165468e-01
   1.9691200e-02   4.3884892e-01
   2.0463200e-02   4.6043165e-01
   2.0849600e-02   4.6762590e-01
   2.1235200e-02   4.7482014e-01
   2.1621600e-02   4.8920863e-01
   2.2393600e-02   5.0359712e-01
   2.3938400e-02   5.3237410e-01
   2.4324000e-02   5.4676259e-01
   2.4710400e-02   5.5395683e-01
   2.5096800e-02   5.6115108e-01
   2.5482400e-02   5.8273381e-01
   2.6255200e-02   5.9712230e-01
   2.6640800e-02   6.1870504e-01
   2.7412800e-02   6.3309353e-01
   2.7799200e-02   6.4028777e-01
   2.8185600e-02   6.5467626e-01
   2.8571200e-02   6.6187050e-01
   3.0116000e-02   6.9784173e-01
   3.0888000e-02   7.0503597e-01
   3.3204800e-02   7.1223022e-01
   3.4748800e-02   7.1942446e-01
   3.5521600e-02   7.2661871e-01
   3.7065600e-02   7.3381295e-01
   3.8224000e-02   7.4100719e-01
   3.8609600e-02   7.4820144e-01
   3.9768000e-02   7.5539568e-01
   4.0154400e-02   7.6258993e-01
   4.0540800e-02   7.6978417e-01
   4.2471200e-02   7.7697842e-01
   4.2856800e-02   7.9136691e-01
   4.3629600e-02   8.0575540e-01
   4.4401600e-02   8.1294964e-01
   4.6718400e-02   8.2014388e-01
   5.2509600e-02   8.3453237e-01
   5.3281600e-02   8.4892086e-01
   5.3668000e-02   8.6330935e-01
   5.4054400e-02   8.7769784e-01
   5.4826400e-02   8.8489209e-01
   5.5598400e-02   8.9208633e-01
   5.8687200e-02   8.9928058e-01
   6.4479200e-02   9.0647482e-01
   6.4864800e-02   9.1366906e-01
   6.6795200e-02   9.2086331e-01
   6.7568000e-02   9.2805755e-01
   6.8725600e-02   9.3525180e-01
   7.1428800e-02   9.4244604e-01
   7.5289600e-02   9.4964029e-01
   8.1080800e-02   9.5683453e-01
   8.1853600e-02   9.6402878e-01
   8.2625600e-02   9.7122302e-01
   8.3784000e-02   9.7841727e-01
   8.5328000e-02   9.8561151e-01
   9.5752800e-02   9.9280576e-01
   1.3127440e-01   1.0000000e+00
