   5.2120000e-03   0.0000000e+00
   5.2120000e-03   9.8039216e-03
   6.5144000e-03   1.9607843e-02
   7.1664000e-03   2.9411765e-02
   7.8176000e-03   3.9215686e-02
   8.4688000e-03   4.9019608e-02
   9.1208000e-03   5.8823529e-02
   9.7720000e-03   7.8431373e-02
   1.0423200e-02   1.0784314e-01
   1.1075200e-02   1.1764706e-01
   1.1726400e-02   1.2745098e-01
   1.2377600e-02   1.4705882e-01
   1.3029600e-02   1.6666667e-01
   1.3680800e-02   1.7647059e-01
   1.4984000e-02   2.0588235e-01
   1.5635200e-02   2.2549020e-01
   1.6286400e-02   2.5490196e-01
   1.7589600e-02   2.6470588e-01
   1.8892800e-02   2.9411765e-01
   1.9544000e-02   3.3333333e-01
   2.0195200e-02   3.5294118e-01
   2.1498400e-02   3.6274510e-01
   2.2149600e-02   3.8235294e-01
   2.2801600e-02   3.9215686e-01
   2.3452800e-02   4.1176471e-01
   2.4104000e-02   4.3137255e-01
   2.4756000e-02   4.4117647e-01
   2.6058400e-02   4.5098039e-01
   2.6710400e-02   4.7058824e-01
   2.7361600e-02   4.8039216e-01
   2.8012800e-02   5.0980392e-01
   2.8664800e-02   5.1960784e-01
   2.9316000e-02   5.3921569e-01
   2.9967200e-02   5.5882353e-01
   3.0619200e-02   5.7843137e-01
   3.1921600e-02   5.8823529e-01
   3.3224800e-02   5.9803922e-01
   3.5179200e-02   6.0784314e-01
   3.7133600e-02   6.1764706e-01
   3.9088000e-02   6.4705882e-01
   4.6905600e-02   6.5686275e-01
   4.7556800e-02   6.6666667e-01
   4.8860000e-02   6.8627451e-01
   5.2117600e-02   6.9607843e-01
   5.2768800e-02   7.0588235e-01
   5.6026400e-02   7.1568627e-01
   5.8632000e-02   7.2549020e-01
   5.9283200e-02   7.3529412e-01
   5.9935200e-02   7.4509804e-01
   6.0586400e-02   7.5490196e-01
   6.1889600e-02   7.6470588e-01
   6.4495200e-02   7.7450980e-01
   6.5798400e-02   7.9411765e-01
   6.8404000e-02   8.1372549e-01
   7.1661600e-02   8.2352941e-01
   7.2964000e-02   8.3333333e-01
   7.5570400e-02   8.4313725e-01
   7.7524800e-02   8.5294118e-01
   7.8827200e-02   8.6274510e-01
   8.0130400e-02   8.8235294e-01
   8.0781600e-02   8.9215686e-01
   9.4462400e-02   9.0196078e-01
   9.7068800e-02   9.1176471e-01
   1.0684000e-01   9.2156863e-01
   1.0749200e-01   9.3137255e-01
   1.1270320e-01   9.4117647e-01
   1.3224720e-01   9.5098039e-01
   1.3485360e-01   9.6078431e-01
   2.0065120e-01   9.7058824e-01
   2.0390880e-01   9.8039216e-01
   2.1302960e-01   9.9019608e-01
   2.8143360e-01   1.0000000e+00
