   5.1776000e-03   0.0000000e+00
   5.1776000e-03   5.5248619e-03
   6.4728000e-03   2.2099448e-02
   6.9040000e-03   3.3149171e-02
   7.7672000e-03   4.9723757e-02
   8.6304000e-03   6.6298343e-02
   1.1219200e-02   8.2872928e-02
   1.1650400e-02   9.9447514e-02
   1.2081600e-02   1.0497238e-01
   1.2513600e-02   1.1602210e-01
   1.2944800e-02   1.2707182e-01
   1.3376800e-02   1.3812155e-01
   1.3808000e-02   1.4364641e-01
   1.4239200e-02   1.4917127e-01
   1.4671200e-02   1.6022099e-01
   1.5102400e-02   1.7127072e-01
   1.5534400e-02   1.7679558e-01
   1.5965600e-02   2.0441989e-01
   1.6396800e-02   2.2651934e-01
   1.6828800e-02   2.3204420e-01
   1.7691200e-02   2.4309392e-01
   1.8554400e-02   2.5414365e-01
   1.9848800e-02   2.5966851e-01
   2.0280800e-02   2.8729282e-01
   2.0712000e-02   3.0386740e-01
   2.1143200e-02   3.2596685e-01
   2.2006400e-02   3.3149171e-01
   2.2437600e-02   3.4806630e-01
   2.2869600e-02   3.5359116e-01
   2.4164000e-02   3.6464088e-01
   2.4595200e-02   3.8674033e-01
   2.5027200e-02   3.9779006e-01
   2.5458400e-02   4.0883978e-01
   2.5890400e-02   4.2541436e-01
   2.6321600e-02   4.3093923e-01
   2.6752800e-02   4.3646409e-01
   2.7184800e-02   4.4198895e-01
   2.7616000e-02   4.5303867e-01
   2.8047200e-02   4.5856354e-01
   2.8910400e-02   4.7513812e-01
   2.9342400e-02   4.8066298e-01
   3.0636800e-02   4.9171271e-01
   3.1068000e-02   4.9723757e-01
   3.1931200e-02   5.0828729e-01
   3.2362400e-02   5.1933702e-01
   3.3225600e-02   5.2486188e-01
   3.4088800e-02   5.3038674e-01
   3.4520000e-02   5.3591160e-01
   3.4951200e-02   5.5248619e-01
   3.5814400e-02   5.6353591e-01
   3.6245600e-02   5.7458564e-01
   3.6677600e-02   5.8563536e-01
   3.7108800e-02   5.9116022e-01
   3.7540800e-02   6.0773481e-01
   3.9697600e-02   6.1325967e-01
   4.0129600e-02   6.2430939e-01
   4.0560800e-02   6.2983425e-01
   4.0992800e-02   6.3535912e-01
   4.1424000e-02   6.4088398e-01
   4.2718400e-02   6.4640884e-01
   4.3149600e-02   6.5193370e-01
   4.3581600e-02   6.5745856e-01
   4.4444800e-02   6.6298343e-01
   4.4876000e-02   6.7403315e-01
   4.5739200e-02   6.8508287e-01
   4.6170400e-02   6.9613260e-01
   4.7464800e-02   7.0165746e-01
   4.7896800e-02   7.0718232e-01
   4.8328000e-02   7.1270718e-01
   4.8759200e-02   7.2928177e-01
   4.9191200e-02   7.3480663e-01
   4.9622400e-02   7.4033149e-01
   5.0053600e-02   7.5138122e-01
   5.0485600e-02   7.6243094e-01
   5.0916800e-02   7.6795580e-01
   5.1348800e-02   7.7900552e-01
   5.1780000e-02   7.9558011e-01
   5.3505600e-02   8.0662983e-01
   5.5232000e-02   8.1215470e-01
   5.5663200e-02   8.1767956e-01
   5.6957600e-02   8.2320442e-01
   5.9978400e-02   8.2872928e-01
   6.0841600e-02   8.3425414e-01
   6.1272800e-02   8.3977901e-01
   6.3861600e-02   8.4530387e-01
   6.4293600e-02   8.5082873e-01
   6.6019200e-02   8.5635359e-01
   6.6451200e-02   8.6187845e-01
   6.7313600e-02   8.6740331e-01
   6.8608800e-02   8.7845304e-01
   7.0765600e-02   8.8397790e-01
   7.3786400e-02   8.8950276e-01
   7.5512800e-02   9.0055249e-01
   7.8532800e-02   9.0607735e-01
   8.5005600e-02   9.1712707e-01
   8.5868000e-02   9.2265193e-01
   8.7594400e-02   9.2817680e-01
   8.8888800e-02   9.3370166e-01
   8.9752000e-02   9.3922652e-01
   9.1477600e-02   9.4475138e-01
   9.7519200e-02   9.5027624e-01
   9.8813600e-02   9.5580110e-01
   1.0140240e-01   9.6132597e-01
   1.1262160e-01   9.6685083e-01
   1.2125120e-01   9.7237569e-01
   1.2470320e-01   9.7790055e-01
   1.2556640e-01   9.8342541e-01
   1.3808000e-01   9.8895028e-01
   1.6699040e-01   9.9447514e-01
   1.7260000e-01   1.0000000e+00
