   2.2944000e-03   0.0000000e+00
   2.2944000e-03   3.8022814e-03
   3.0592000e-03   1.1406844e-02
   4.5888000e-03   1.9011407e-02
   4.9712000e-03   2.2813688e-02
   5.3536000e-03   3.4220532e-02
   6.1184000e-03   4.1825095e-02
   6.5008000e-03   5.7034221e-02
   6.8832000e-03   6.4638783e-02
   7.2656000e-03   7.6045627e-02
   8.0304000e-03   7.9847909e-02
   8.4128000e-03   8.3650190e-02
   8.7952000e-03   9.8859316e-02
   9.1776000e-03   1.0266160e-01
   9.5600000e-03   1.1787072e-01
   9.9424000e-03   1.2547529e-01
   1.0324800e-02   1.3307985e-01
   1.0707200e-02   1.4068441e-01
   1.1089600e-02   1.4448669e-01
   1.1472000e-02   1.6349810e-01
   1.1854400e-02   1.7110266e-01
   1.2236800e-02   1.7870722e-01
   1.2619200e-02   1.9771863e-01
   1.3001600e-02   2.1673004e-01
   1.3766400e-02   2.2433460e-01
   1.4148800e-02   2.3193916e-01
   1.4531200e-02   2.4334601e-01
   1.4913600e-02   2.6996198e-01
   1.5296000e-02   2.8136882e-01
   1.5679200e-02   3.0038023e-01
   1.6061600e-02   3.1558935e-01
   1.6443200e-02   3.2319392e-01
   1.6825600e-02   3.3460076e-01
   1.7208000e-02   3.4220532e-01
   1.7591200e-02   3.4980989e-01
   1.7973600e-02   3.6501901e-01
   1.8356000e-02   3.6882129e-01
   1.8738400e-02   3.8783270e-01
   1.9885600e-02   4.2205323e-01
   2.0268000e-02   4.2585551e-01
   2.0650400e-02   4.2965779e-01
   2.1032800e-02   4.3726236e-01
   2.1415200e-02   4.5247148e-01
   2.2180000e-02   4.6387833e-01
   2.2562400e-02   4.7908745e-01
   2.2944800e-02   4.9049430e-01
   2.3327200e-02   5.0190114e-01
   2.3709600e-02   5.0570342e-01
   2.4092000e-02   5.0950570e-01
   2.4474400e-02   5.1330798e-01
   2.4856800e-02   5.3992395e-01
   2.5239200e-02   5.4752852e-01
   2.6386400e-02   5.5513308e-01
   2.7151200e-02   5.5893536e-01
   2.7533600e-02   5.6273764e-01
   2.7916000e-02   5.7414449e-01
   2.8298400e-02   5.7794677e-01
   2.8680800e-02   5.9315589e-01
   2.9063200e-02   6.0456274e-01
   2.9445600e-02   6.1596958e-01
   2.9828000e-02   6.2737643e-01
   3.0592800e-02   6.3878327e-01
   3.0975200e-02   6.4638783e-01
   3.1357600e-02   6.6539924e-01
   3.1740000e-02   6.7300380e-01
   3.2122400e-02   6.8441065e-01
   3.2504800e-02   6.9201521e-01
   3.3652000e-02   7.0722433e-01
   3.4034400e-02   7.1482890e-01
   3.4799200e-02   7.2623574e-01
   3.5181600e-02   7.3003802e-01
   3.5564000e-02   7.3764259e-01
   3.5946400e-02   7.4144487e-01
   3.6328800e-02   7.4904943e-01
   3.6711200e-02   7.5665399e-01
   3.8623200e-02   7.6425856e-01
   3.9388000e-02   7.7946768e-01
   4.0152800e-02   7.8326996e-01
   4.0917600e-02   7.9087452e-01
   4.2064800e-02   7.9847909e-01
   4.2447200e-02   8.0988593e-01
   4.3212000e-02   8.1749049e-01
   4.3594400e-02   8.2509506e-01
   4.3976800e-02   8.2889734e-01
   4.4359200e-02   8.4030418e-01
   4.4741600e-02   8.4410646e-01
   4.5124000e-02   8.4790875e-01
   4.5506400e-02   8.5171103e-01
   4.6271200e-02   8.5551331e-01
   4.6653600e-02   8.5931559e-01
   4.7800800e-02   8.6311787e-01
   4.8565600e-02   8.7072243e-01
   4.8948000e-02   8.7832700e-01
   5.0860000e-02   8.8973384e-01
   5.2390400e-02   8.9733840e-01
   5.5067200e-02   9.0494297e-01
   5.6214400e-02   9.1254753e-01
   5.8126400e-02   9.1634981e-01
   6.2332800e-02   9.2015209e-01
   6.2715200e-02   9.2395437e-01
   6.3097600e-02   9.3155894e-01
   6.3480000e-02   9.3536122e-01
   6.6539200e-02   9.4296578e-01
   6.8451200e-02   9.4676806e-01
   6.9216000e-02   9.5057034e-01
   7.0745600e-02   9.5437262e-01
   7.1128000e-02   9.5817490e-01
   7.1510400e-02   9.6197719e-01
   7.4952000e-02   9.6958175e-01
   7.9158400e-02   9.7338403e-01
   8.8719200e-02   9.7718631e-01
   9.2925600e-02   9.8098859e-01
   9.6367200e-02   9.8479087e-01
   1.0363280e-01   9.8859316e-01
   1.0554480e-01   9.9239544e-01
   1.1740000e-01   9.9619772e-01
   1.2351840e-01   1.0000000e+00
