   3.6120000e-03   0.0000000e+00
   3.6120000e-03   2.8901734e-03
   4.0632000e-03   8.6705202e-03
   4.5144000e-03   2.0231214e-02
   4.9664000e-03   4.0462428e-02
   5.4176000e-03   5.4913295e-02
   5.8688000e-03   9.2485549e-02
   6.3208000e-03   1.2427746e-01
   6.7720000e-03   1.5028902e-01
   7.2232000e-03   1.7630058e-01
   7.6752000e-03   1.9364162e-01
   8.1264000e-03   2.5722543e-01
   8.5776000e-03   2.8034682e-01
   9.0296000e-03   3.0924855e-01
   9.4808000e-03   3.2947977e-01
   9.9320000e-03   3.4682081e-01
   1.0384000e-02   3.6416185e-01
   1.0835200e-02   3.9017341e-01
   1.1286400e-02   4.0751445e-01
   1.1738400e-02   4.1618497e-01
   1.2189600e-02   4.2485549e-01
   1.2640800e-02   4.3641618e-01
   1.3092800e-02   4.5375723e-01
   1.3544000e-02   4.5953757e-01
   1.3995200e-02   4.7687861e-01
   1.4447200e-02   4.8554913e-01
   1.4898400e-02   4.9421965e-01
   1.5349600e-02   5.1156069e-01
   1.5801600e-02   5.1445087e-01
   1.6252800e-02   5.2023121e-01
   1.6704000e-02   5.3757225e-01
   1.7156000e-02   5.5780347e-01
   1.7607200e-02   5.7225434e-01
   1.8510400e-02   5.8381503e-01
   1.8961600e-02   5.9537572e-01
   1.9412800e-02   5.9826590e-01
   1.9864800e-02   6.0404624e-01
   2.0316000e-02   6.1271676e-01
   2.0767200e-02   6.1849711e-01
   2.1219200e-02   6.2716763e-01
   2.2121600e-02   6.3005780e-01
   2.2573600e-02   6.3294798e-01
   2.3476000e-02   6.3872832e-01
   2.3928000e-02   6.4739884e-01
   2.4379200e-02   6.5606936e-01
   2.4830400e-02   6.6184971e-01
   2.5282400e-02   6.6763006e-01
   2.5733600e-02   6.7052023e-01
   2.6184800e-02   6.8208092e-01
   2.6636800e-02   6.8497110e-01
   2.7088000e-02   6.8786127e-01
   2.7539200e-02   6.9364162e-01
   2.7991200e-02   6.9653179e-01
   2.8442400e-02   7.0231214e-01
   2.8893600e-02   7.0809249e-01
   2.9345600e-02   7.1387283e-01
   2.9796800e-02   7.1676301e-01
   3.0248000e-02   7.2543353e-01
   3.0700000e-02   7.3410405e-01
   3.1151200e-02   7.3699422e-01
   3.1602400e-02   7.3988439e-01
   3.2054400e-02   7.4566474e-01
   3.2956800e-02   7.4855491e-01
   3.4311200e-02   7.5144509e-01
   3.4763200e-02   7.5433526e-01
   3.5214400e-02   7.6300578e-01
   3.5665600e-02   7.6589595e-01
   3.6117600e-02   7.6878613e-01
   3.6568800e-02   7.7167630e-01
   3.7472000e-02   7.7456647e-01
   3.7923200e-02   7.7745665e-01
   3.9728800e-02   7.8323699e-01
   4.0180800e-02   7.8612717e-01
   4.0632000e-02   7.8901734e-01
   4.1083200e-02   7.9190751e-01
   4.1535200e-02   7.9768786e-01
   4.2437600e-02   8.0057803e-01
   4.2889600e-02   8.0635838e-01
   4.3792000e-02   8.1213873e-01
   4.4244000e-02   8.1502890e-01
   4.5598400e-02   8.1791908e-01
   4.6500800e-02   8.2080925e-01
   4.7404000e-02   8.2658960e-01
   4.7855200e-02   8.3815029e-01
   4.8307200e-02   8.4682081e-01
   4.9209600e-02   8.5260116e-01
   4.9661600e-02   8.5549133e-01
   5.0112800e-02   8.5838150e-01
   5.1016000e-02   8.6416185e-01
   5.1918400e-02   8.7283237e-01
   5.2370400e-02   8.7861272e-01
   5.2821600e-02   8.8439306e-01
   5.4627200e-02   8.8728324e-01
   5.8690400e-02   8.9017341e-01
   5.9142400e-02   8.9306358e-01
   6.0496800e-02   8.9595376e-01
   6.1851200e-02   8.9884393e-01
   6.2302400e-02   9.0173410e-01
   6.6365600e-02   9.0462428e-01
   6.6816800e-02   9.0751445e-01
   6.7268800e-02   9.1040462e-01
   6.9977600e-02   9.1329480e-01
   7.1332000e-02   9.1618497e-01
   7.2686400e-02   9.1907514e-01
   7.3137600e-02   9.2485549e-01
   7.4943200e-02   9.2774566e-01
   7.5846400e-02   9.3063584e-01
   7.6297600e-02   9.3352601e-01
   7.7200800e-02   9.3641618e-01
   8.1264000e-02   9.3930636e-01
   8.1715200e-02   9.4219653e-01
   8.3972800e-02   9.4508671e-01
   8.4424000e-02   9.5086705e-01
   8.4876000e-02   9.5375723e-01
   8.6681600e-02   9.5953757e-01
   8.7132800e-02   9.6242775e-01
   8.8036000e-02   9.6531792e-01
   8.8939200e-02   9.7109827e-01
   9.1648000e-02   9.7398844e-01
   9.4356800e-02   9.7687861e-01
   9.6613600e-02   9.7976879e-01
   9.8420000e-02   9.8265896e-01
   1.2144480e-01   9.8554913e-01
   1.2731360e-01   9.9132948e-01
   1.2776560e-01   9.9421965e-01
   1.3589200e-01   9.9710983e-01
   1.5756240e-01   1.0000000e+00
