   2.4464000e-03   0.0000000e+00
   2.4464000e-03   4.1067762e-03
   2.8544000e-03   7.1868583e-03
   3.2616000e-03   1.6427105e-02
   3.6696000e-03   4.5174538e-02
   4.0776000e-03   5.9548255e-02
   4.4856000e-03   7.8028747e-02
   4.8928000e-03   1.1806982e-01
   5.3008000e-03   1.4065708e-01
   5.7088000e-03   1.7761807e-01
   6.1160000e-03   2.2381930e-01
   6.5240000e-03   2.6180698e-01
   6.9320000e-03   2.8952772e-01
   7.3392000e-03   3.4599589e-01
   7.7472000e-03   3.7782341e-01
   8.1552000e-03   4.0657084e-01
   8.5624000e-03   4.4558522e-01
   8.9704000e-03   4.8254620e-01
   9.3784000e-03   5.0308008e-01
   9.7856000e-03   5.3080082e-01
   1.0193600e-02   5.5338809e-01
   1.0601600e-02   5.7700205e-01
   1.1008800e-02   5.9650924e-01
   1.1416800e-02   6.1601643e-01
   1.1824800e-02   6.3141684e-01
   1.2232800e-02   6.4887064e-01
   1.2640000e-02   6.7043121e-01
   1.3048000e-02   6.8583162e-01
   1.3456000e-02   6.9712526e-01
   1.3863200e-02   7.1457906e-01
   1.4271200e-02   7.2895277e-01
   1.4679200e-02   7.4127310e-01
   1.5086400e-02   7.5359343e-01
   1.5494400e-02   7.6180698e-01
   1.5902400e-02   7.7104723e-01
   1.6309600e-02   7.9055441e-01
   1.6717600e-02   7.9363450e-01
   1.7125600e-02   7.9774127e-01
   1.7532800e-02   8.1416838e-01
   1.7940800e-02   8.1930185e-01
   1.8348800e-02   8.2238193e-01
   1.8756800e-02   8.3264887e-01
   1.9164000e-02   8.3470226e-01
   1.9572000e-02   8.4188912e-01
   1.9980000e-02   8.5420945e-01
   2.0387200e-02   8.6242300e-01
   2.0795200e-02   8.6550308e-01
   2.1203200e-02   8.7577002e-01
   2.1610400e-02   8.8090349e-01
   2.2018400e-02   8.8398357e-01
   2.2426400e-02   8.9117043e-01
   2.3241600e-02   8.9527721e-01
   2.3649600e-02   9.0657084e-01
   2.4056800e-02   9.0862423e-01
   2.4872800e-02   9.1581109e-01
   2.5280000e-02   9.1786448e-01
   2.5688000e-02   9.1991786e-01
   2.6096000e-02   9.2607803e-01
   2.6503200e-02   9.2915811e-01
   2.6911200e-02   9.3018480e-01
   2.7319200e-02   9.3326489e-01
   2.7727200e-02   9.3429158e-01
   2.8542400e-02   9.3531828e-01
   2.8950400e-02   9.3737166e-01
   2.9357600e-02   9.4045175e-01
   2.9765600e-02   9.4147844e-01
   3.0173600e-02   9.4455852e-01
   3.1804000e-02   9.4558522e-01
   3.2212000e-02   9.4763860e-01
   3.3435200e-02   9.4866530e-01
   3.3843200e-02   9.4969199e-01
   3.4250400e-02   9.5277207e-01
   3.4658400e-02   9.5687885e-01
   3.5066400e-02   9.5893224e-01
   3.5881600e-02   9.6098563e-01
   3.6289600e-02   9.6201232e-01
   3.6697600e-02   9.6303901e-01
   3.7104800e-02   9.6406571e-01
   3.7512800e-02   9.6509240e-01
   3.8328000e-02   9.6611910e-01
   3.8736000e-02   9.6817248e-01
   3.9144000e-02   9.6919918e-01
   3.9959200e-02   9.7125257e-01
   4.0774400e-02   9.7227926e-01
   4.1182400e-02   9.7330595e-01
   4.2405600e-02   9.7535934e-01
   4.2813600e-02   9.7741273e-01
   4.4852000e-02   9.7843943e-01
   4.8114400e-02   9.7946612e-01
   5.0560800e-02   9.8049281e-01
   5.1376000e-02   9.8151951e-01
   5.6268800e-02   9.8254620e-01
   6.1162400e-02   9.8357290e-01
   6.2792800e-02   9.8459959e-01
   6.4016000e-02   9.8562628e-01
   6.6870400e-02   9.8665298e-01
   6.9724800e-02   9.8767967e-01
   7.0540000e-02   9.8870637e-01
   7.0948000e-02   9.8973306e-01
   7.8287200e-02   9.9075975e-01
   8.3588000e-02   9.9178645e-01
   9.0520000e-02   9.9281314e-01
   9.9082400e-02   9.9383984e-01
   1.2028560e-01   9.9486653e-01
   1.3455680e-01   9.9589322e-01
   1.5290560e-01   9.9691992e-01
   1.8674800e-01   9.9794661e-01
   1.9449520e-01   9.9897331e-01
   2.0632000e-01   1.0000000e+00
