   7.0102202e-03   0.0000000e+00
   7.0102202e-03   1.1013216e-03
   7.0144278e-03   3.3039648e-03
   7.0890026e-03   4.4052863e-03
   7.3722521e-03   6.6079295e-03
   7.3753321e-03   8.8105727e-03
   7.4538208e-03   9.9118943e-03
   7.7358077e-03   1.4317181e-02
   7.7914921e-03   1.5418502e-02
   7.9048585e-03   1.7621145e-02
   7.9085930e-03   1.9823789e-02
   7.9337292e-03   2.0925110e-02
   7.9518117e-03   2.3127753e-02
   8.1049049e-03   2.4229075e-02
   8.1576494e-03   2.5330396e-02
   8.1838471e-03   2.7533040e-02
   8.3558184e-03   2.8634361e-02
   8.4701590e-03   3.0837004e-02
   8.4710688e-03   3.1938326e-02
   8.5098970e-03   3.3039648e-02
   8.7479853e-03   3.4140969e-02
   8.7635970e-03   3.5242291e-02
   8.7696586e-03   3.9647577e-02
   8.8267188e-03   4.2951542e-02
   9.0374306e-03   4.4052863e-02
   9.0487291e-03   4.5154185e-02
   9.0774187e-03   4.8458150e-02
   9.1303763e-03   4.9559471e-02
   9.2306579e-03   5.0660793e-02
   9.2617888e-03   5.2863436e-02
   9.3130120e-03   5.3964758e-02
   9.3236327e-03   5.5066079e-02
   9.3363682e-03   5.6167401e-02
   9.3698068e-03   5.7268722e-02
   9.3939498e-03   5.8370044e-02
   9.4022520e-03   5.9471366e-02
   9.4852919e-03   6.0572687e-02
   9.5957299e-03   6.1674009e-02
   9.6216908e-03   6.2775330e-02
   9.6807710e-03   6.3876652e-02
   9.7644815e-03   6.4977974e-02
   9.8247896e-03   6.7180617e-02
   9.8855874e-03   6.8281938e-02
   9.9031093e-03   6.9383260e-02
   9.9247661e-03   7.0484581e-02
   9.9613036e-03   7.2687225e-02
   9.9622453e-03   7.3788546e-02
   1.0050625e-02   7.4889868e-02
   1.0130314e-02   7.5991189e-02
   1.0159599e-02   8.1497797e-02
   1.0169435e-02   8.2599119e-02
   1.0170367e-02   8.4801762e-02
   1.0232978e-02   8.5903084e-02
   1.0285101e-02   8.7004405e-02
   1.0317258e-02   9.0308370e-02
   1.0443382e-02   9.2511013e-02
   1.0447081e-02   9.3612335e-02
   1.0470456e-02   9.6916300e-02
   1.0481495e-02   9.8017621e-02
   1.0522097e-02   9.9118943e-02
   1.0528074e-02   1.0022026e-01
   1.0546538e-02   1.0132159e-01
   1.0573762e-02   1.0242291e-01
   1.0615704e-02   1.0572687e-01
   1.0683788e-02   1.0682819e-01
   1.0736725e-02   1.0792952e-01
   1.0740314e-02   1.0903084e-01
   1.0778969e-02   1.1013216e-01
   1.0851277e-02   1.1233480e-01
   1.0872676e-02   1.1453744e-01
   1.0953143e-02   1.1674009e-01
   1.0968898e-02   1.1784141e-01
   1.1009146e-02   1.2004405e-01
   1.1037798e-02   1.2224670e-01
   1.1039474e-02   1.2665198e-01
   1.1094866e-02   1.2775330e-01
   1.1098127e-02   1.3105727e-01
   1.1102066e-02   1.3325991e-01
   1.1287788e-02   1.3436123e-01
   1.1295582e-02   1.3546256e-01
   1.1299796e-02   1.3656388e-01
   1.1301184e-02   1.4207048e-01
   1.1302966e-02   1.4427313e-01
   1.1342885e-02   1.4537445e-01
   1.1346491e-02   1.4977974e-01
   1.1436560e-02   1.5088106e-01
   1.1442454e-02   1.5198238e-01
   1.1509519e-02   1.5308370e-01
   1.1572804e-02   1.5969163e-01
   1.1603863e-02   1.6079295e-01
   1.1604607e-02   1.6299559e-01
   1.1643159e-02   1.6409692e-01
   1.1650790e-02   1.6519824e-01
   1.1659441e-02   1.6629956e-01
   1.1662805e-02   1.6850220e-01
   1.1838198e-02   1.6960352e-01
   1.1852659e-02   1.7180617e-01
   1.1858339e-02   1.7290749e-01
   1.1869278e-02   1.7400881e-01
   1.1899062e-02   1.7621145e-01
   1.1914070e-02   1.7731278e-01
   1.1962841e-02   1.7841410e-01
   1.1984985e-02   1.7951542e-01
   1.2011512e-02   1.8061674e-01
   1.2135756e-02   1.8171806e-01
   1.2140650e-02   1.8722467e-01
   1.2172014e-02   1.8832599e-01
   1.2172824e-02   1.8942731e-01
   1.2204766e-02   1.9162996e-01
   1.2205060e-02   1.9273128e-01
   1.2229632e-02   1.9713656e-01
   1.2279391e-02   1.9933921e-01
   1.2311467e-02   2.0044053e-01
   1.2313117e-02   2.0374449e-01
   1.2343730e-02   2.0594714e-01
   1.2352667e-02   2.0704846e-01
   1.2417184e-02   2.0814978e-01
   1.2422131e-02   2.0925110e-01
   1.2424026e-02   2.1035242e-01
   1.2436782e-02   2.1365639e-01
   1.2456699e-02   2.1475771e-01
   1.2476177e-02   2.1585903e-01
   1.2515199e-02   2.1806167e-01
   1.2551370e-02   2.1916300e-01
   1.2647377e-02   2.2356828e-01
   1.2699067e-02   2.2466960e-01
   1.2707217e-02   2.2687225e-01
   1.2739403e-02   2.2797357e-01
   1.2761005e-02   2.2907489e-01
   1.2910520e-02   2.3017621e-01
   1.2982468e-02   2.3237885e-01
   1.2985952e-02   2.3458150e-01
   1.3048578e-02   2.3678414e-01
   1.3178848e-02   2.3788546e-01
   1.3263225e-02   2.3898678e-01
   1.3272653e-02   2.4118943e-01
   1.3278134e-02   2.4339207e-01
   1.3306255e-02   2.4449339e-01
   1.3317126e-02   2.4559471e-01
   1.3329448e-02   2.4779736e-01
   1.3364455e-02   2.5000000e-01
   1.3372731e-02   2.5110132e-01
   1.3445258e-02   2.5220264e-01
   1.3466828e-02   2.5330396e-01
   1.3469135e-02   2.5440529e-01
   1.3547397e-02   2.5550661e-01
   1.3549842e-02   2.5660793e-01
   1.3569683e-02   2.5991189e-01
   1.3574082e-02   2.6101322e-01
   1.3616157e-02   2.6321586e-01
   1.3622830e-02   2.6431718e-01
   1.3632131e-02   2.6541850e-01
   1.3677149e-02   2.6651982e-01
   1.3685416e-02   2.6872247e-01
   1.3695564e-02   2.6982379e-01
   1.3777194e-02   2.7092511e-01
   1.3838531e-02   2.7202643e-01
   1.3931320e-02   2.7422907e-01
   1.4011663e-02   2.7643172e-01
   1.4029528e-02   2.7863436e-01
   1.4047209e-02   2.7973568e-01
   1.4113073e-02   2.8083700e-01
   1.4133985e-02   2.8414097e-01
   1.4178649e-02   2.8524229e-01
   1.4183142e-02   2.8634361e-01
   1.4187320e-02   2.8744493e-01
   1.4189810e-02   2.8854626e-01
   1.4241373e-02   2.9074890e-01
   1.4334749e-02   2.9185022e-01
   1.4342836e-02   2.9515419e-01
   1.4384952e-02   2.9625551e-01
   1.4391862e-02   2.9735683e-01
   1.4400985e-02   2.9845815e-01
   1.4433026e-02   3.0066079e-01
   1.4445188e-02   3.0176211e-01
   1.4486130e-02   3.0286344e-01
   1.4577654e-02   3.0396476e-01
   1.4675195e-02   3.0506608e-01
   1.4679243e-02   3.0837004e-01
   1.4703879e-02   3.0947137e-01
   1.4750128e-02   3.1167401e-01
   1.4777159e-02   3.1277533e-01
   1.4796980e-02   3.1387665e-01
   1.4818497e-02   3.1497797e-01
   1.4918504e-02   3.1607930e-01
   1.4963424e-02   3.1718062e-01
   1.4991496e-02   3.1938326e-01
   1.5019301e-02   3.2048458e-01
   1.5040904e-02   3.2158590e-01
   1.5106574e-02   3.2268722e-01
   1.5110993e-02   3.2488987e-01
   1.5203065e-02   3.2599119e-01
   1.5270462e-02   3.2709251e-01
   1.5317650e-02   3.2819383e-01
   1.5364015e-02   3.2929515e-01
   1.5503079e-02   3.3039648e-01
   1.5543761e-02   3.3149780e-01
   1.5574892e-02   3.3259912e-01
   1.5598577e-02   3.3370044e-01
   1.5633094e-02   3.3590308e-01
   1.5707678e-02   3.3700441e-01
   1.5711814e-02   3.3810573e-01
   1.5768947e-02   3.3920705e-01
   1.5784878e-02   3.4030837e-01
   1.5803265e-02   3.4140969e-01
   1.5808980e-02   3.4361233e-01
   1.5816571e-02   3.4471366e-01
   1.5837074e-02   3.4691630e-01
   1.5849671e-02   3.4801762e-01
   1.5867835e-02   3.4911894e-01
   1.5926461e-02   3.5132159e-01
   1.5952832e-02   3.5242291e-01
   1.6025336e-02   3.5352423e-01
   1.6040340e-02   3.5572687e-01
   1.6070819e-02   3.5903084e-01
   1.6088687e-02   3.6013216e-01
   1.6210516e-02   3.6123348e-01
   1.6277788e-02   3.6233480e-01
   1.6373780e-02   3.6343612e-01
   1.6377952e-02   3.6563877e-01
   1.6417669e-02   3.6784141e-01
   1.6515684e-02   3.6894273e-01
   1.6623204e-02   3.7004405e-01
   1.6634064e-02   3.7114537e-01
   1.6711163e-02   3.7444934e-01
   1.6767266e-02   3.7885463e-01
   1.6767496e-02   3.7995595e-01
   1.6931144e-02   3.8215859e-01
   1.6967851e-02   3.8436123e-01
   1.6971504e-02   3.8656388e-01
   1.7014244e-02   3.8766520e-01
   1.7086752e-02   3.8876652e-01
   1.7154208e-02   3.8986784e-01
   1.7163178e-02   3.9096916e-01
   1.7172179e-02   3.9207048e-01
   1.7184420e-02   3.9317181e-01
   1.7217052e-02   3.9427313e-01
   1.7237593e-02   3.9647577e-01
   1.7267497e-02   3.9757709e-01
   1.7277312e-02   3.9867841e-01
   1.7334930e-02   3.9977974e-01
   1.7393898e-02   4.0198238e-01
   1.7410324e-02   4.0308370e-01
   1.7500267e-02   4.0418502e-01
   1.7507887e-02   4.0528634e-01
   1.7527194e-02   4.0638767e-01
   1.7587316e-02   4.0748899e-01
   1.7692637e-02   4.0859031e-01
   1.7718507e-02   4.0969163e-01
   1.7804484e-02   4.1189427e-01
   1.7826170e-02   4.1409692e-01
   1.7840787e-02   4.1519824e-01
   1.7844224e-02   4.1629956e-01
   1.7866085e-02   4.1740088e-01
   1.7876603e-02   4.1850220e-01
   1.7901843e-02   4.1960352e-01
   1.7977168e-02   4.2070485e-01
   1.8030182e-02   4.2180617e-01
   1.8065326e-02   4.2511013e-01
   1.8074861e-02   4.2621145e-01
   1.8105464e-02   4.2731278e-01
   1.8127576e-02   4.2841410e-01
   1.8304974e-02   4.2951542e-01
   1.8307152e-02   4.3061674e-01
   1.8348577e-02   4.3171806e-01
   1.8355539e-02   4.3281938e-01
   1.8648391e-02   4.3392070e-01
   1.8657718e-02   4.3502203e-01
   1.8721287e-02   4.3832599e-01
   1.8807581e-02   4.3942731e-01
   1.8869481e-02   4.4052863e-01
   1.8937813e-02   4.4162996e-01
   1.8944339e-02   4.4383260e-01
   1.8973642e-02   4.4493392e-01
   1.9061961e-02   4.4603524e-01
   1.9086460e-02   4.4713656e-01
   1.9233151e-02   4.4823789e-01
   1.9239470e-02   4.4933921e-01
   1.9352095e-02   4.5154185e-01
   1.9471605e-02   4.5264317e-01
   1.9479752e-02   4.5484581e-01
   1.9479965e-02   4.5594714e-01
   1.9504248e-02   4.5704846e-01
   1.9570092e-02   4.5814978e-01
   1.9637865e-02   4.5925110e-01
   1.9650044e-02   4.6035242e-01
   1.9676143e-02   4.6145374e-01
   1.9677019e-02   4.6255507e-01
   1.9728390e-02   4.6365639e-01
   1.9750135e-02   4.6475771e-01
   1.9755225e-02   4.6585903e-01
   1.9756156e-02   4.6696035e-01
   1.9766421e-02   4.6806167e-01
   1.9767454e-02   4.6916300e-01
   1.9779387e-02   4.7026432e-01
   1.9873049e-02   4.7136564e-01
   1.9899760e-02   4.7246696e-01
   2.0003592e-02   4.7356828e-01
   2.0032912e-02   4.7466960e-01
   2.0035748e-02   4.7797357e-01
   2.0042035e-02   4.7907489e-01
   2.0076859e-02   4.8017621e-01
   2.0100765e-02   4.8127753e-01
   2.0113046e-02   4.8237885e-01
   2.0113823e-02   4.8348018e-01
   2.0199932e-02   4.8458150e-01
   2.0321114e-02   4.8568282e-01
   2.0333033e-02   4.8678414e-01
   2.0340002e-02   4.8788546e-01
   2.0361619e-02   4.8898678e-01
   2.0413701e-02   4.9008811e-01
   2.0423373e-02   4.9229075e-01
   2.0570201e-02   4.9339207e-01
   2.0600047e-02   4.9449339e-01
   2.0605182e-02   4.9559471e-01
   2.0611675e-02   4.9669604e-01
   2.0691599e-02   4.9779736e-01
   2.0738197e-02   4.9889868e-01
   2.0811124e-02   5.0110132e-01
   2.0822678e-02   5.0330396e-01
   2.0894162e-02   5.0440529e-01
   2.0899183e-02   5.0550661e-01
   2.1056147e-02   5.0660793e-01
   2.1069205e-02   5.0770925e-01
   2.1177367e-02   5.0991189e-01
   2.1341282e-02   5.1101322e-01
   2.1367577e-02   5.1211454e-01
   2.1399222e-02   5.1321586e-01
   2.1456089e-02   5.1431718e-01
   2.1472318e-02   5.1541850e-01
   2.1549834e-02   5.1651982e-01
   2.1559429e-02   5.1872247e-01
   2.1574889e-02   5.1982379e-01
   2.1593824e-02   5.2092511e-01
   2.1604417e-02   5.2312775e-01
   2.1643592e-02   5.2422907e-01
   2.1683083e-02   5.2533040e-01
   2.1731481e-02   5.2643172e-01
   2.1747658e-02   5.2753304e-01
   2.1771979e-02   5.2863436e-01
   2.1814979e-02   5.2973568e-01
   2.1824062e-02   5.3083700e-01
   2.1834350e-02   5.3193833e-01
   2.1958269e-02   5.3303965e-01
   2.2017742e-02   5.3414097e-01
   2.2028277e-02   5.3524229e-01
   2.2031328e-02   5.3634361e-01
   2.2041328e-02   5.3744493e-01
   2.2078315e-02   5.3854626e-01
   2.2121333e-02   5.3964758e-01
   2.2125460e-02   5.4074890e-01
   2.2310078e-02   5.4295154e-01
   2.2438402e-02   5.4405286e-01
   2.2440137e-02   5.4625551e-01
   2.2583642e-02   5.4735683e-01
   2.2591164e-02   5.4845815e-01
   2.2602255e-02   5.4955947e-01
   2.2697447e-02   5.5066079e-01
   2.2748565e-02   5.5176211e-01
   2.2757666e-02   5.5286344e-01
   2.2807091e-02   5.5396476e-01
   2.2858666e-02   5.5506608e-01
   2.2875957e-02   5.5616740e-01
   2.3034514e-02   5.5726872e-01
   2.3078500e-02   5.5947137e-01
   2.3143403e-02   5.6057269e-01
   2.3164209e-02   5.6167401e-01
   2.3286318e-02   5.6277533e-01
   2.3301580e-02   5.6497797e-01
   2.3324482e-02   5.6607930e-01
   2.3374296e-02   5.6718062e-01
   2.3432969e-02   5.6828194e-01
   2.3462724e-02   5.6938326e-01
   2.3472875e-02   5.7158590e-01
   2.3494581e-02   5.7268722e-01
   2.3499410e-02   5.7378855e-01
   2.3516934e-02   5.7488987e-01
   2.3576192e-02   5.7599119e-01
   2.3704727e-02   5.7709251e-01
   2.3716677e-02   5.7819383e-01
   2.3730167e-02   5.7929515e-01
   2.3739687e-02   5.8149780e-01
   2.3783829e-02   5.8259912e-01
   2.3855901e-02   5.8370044e-01
   2.3856828e-02   5.8480176e-01
   2.3969462e-02   5.8590308e-01
   2.3990764e-02   5.8700441e-01
   2.4062203e-02   5.8810573e-01
   2.4147021e-02   5.8920705e-01
   2.4216504e-02   5.9030837e-01
   2.4271512e-02   5.9251101e-01
   2.4306046e-02   5.9361233e-01
   2.4345648e-02   5.9471366e-01
   2.4477693e-02   5.9691630e-01
   2.4495991e-02   5.9801762e-01
   2.4536341e-02   5.9911894e-01
   2.4575031e-02   6.0022026e-01
   2.4613056e-02   6.0132159e-01
   2.4622494e-02   6.0242291e-01
   2.4625016e-02   6.0352423e-01
   2.4651958e-02   6.0462555e-01
   2.4719445e-02   6.0572687e-01
   2.4821989e-02   6.0682819e-01
   2.4844076e-02   6.0792952e-01
   2.4848053e-02   6.0903084e-01
   2.4862724e-02   6.1233480e-01
   2.4874910e-02   6.1343612e-01
   2.5018964e-02   6.1453744e-01
   2.5102740e-02   6.1563877e-01
   2.5105934e-02   6.1674009e-01
   2.5148841e-02   6.1784141e-01
   2.5218907e-02   6.1894273e-01
   2.5269420e-02   6.2004405e-01
   2.5407474e-02   6.2114537e-01
   2.5426324e-02   6.2224670e-01
   2.5524418e-02   6.2334802e-01
   2.5583559e-02   6.2444934e-01
   2.5657965e-02   6.2555066e-01
   2.5669782e-02   6.2665198e-01
   2.5708346e-02   6.2775330e-01
   2.5731364e-02   6.2885463e-01
   2.5744215e-02   6.2995595e-01
   2.5821040e-02   6.3105727e-01
   2.5858887e-02   6.3215859e-01
   2.5954614e-02   6.3325991e-01
   2.5962815e-02   6.3436123e-01
   2.6096619e-02   6.3766520e-01
   2.6159419e-02   6.3876652e-01
   2.6168766e-02   6.3986784e-01
   2.6193566e-02   6.4096916e-01
   2.6236741e-02   6.4207048e-01
   2.6247858e-02   6.4427313e-01
   2.6253352e-02   6.4537445e-01
   2.6290791e-02   6.4647577e-01
   2.6324054e-02   6.4757709e-01
   2.6331449e-02   6.4867841e-01
   2.6352810e-02   6.4977974e-01
   2.6530405e-02   6.5088106e-01
   2.6535846e-02   6.5198238e-01
   2.6545305e-02   6.5308370e-01
   2.6760860e-02   6.5418502e-01
   2.6809415e-02   6.5528634e-01
   2.6920895e-02   6.5638767e-01
   2.7031136e-02   6.5748899e-01
   2.7097728e-02   6.5859031e-01
   2.7111733e-02   6.5969163e-01
   2.7139365e-02   6.6079295e-01
   2.7246308e-02   6.6189427e-01
   2.7411702e-02   6.6299559e-01
   2.7487850e-02   6.6409692e-01
   2.7495526e-02   6.6519824e-01
   2.7677634e-02   6.6629956e-01
   2.7705271e-02   6.6740088e-01
   2.7749373e-02   6.6850220e-01
   2.7995300e-02   6.6960352e-01
   2.8022827e-02   6.7070485e-01
   2.8273526e-02   6.7180617e-01
   2.8330851e-02   6.7290749e-01
   2.8338734e-02   6.7400881e-01
   2.8478181e-02   6.7511013e-01
   2.8663732e-02   6.7621145e-01
   2.8669075e-02   6.7731278e-01
   2.8685818e-02   6.7841410e-01
   2.8738696e-02   6.7951542e-01
   2.8783724e-02   6.8061674e-01
   2.8793059e-02   6.8171806e-01
   2.8881696e-02   6.8281938e-01
   2.8996387e-02   6.8392070e-01
   2.9065954e-02   6.8502203e-01
   2.9071042e-02   6.8612335e-01
   2.9106862e-02   6.8722467e-01
   2.9128207e-02   6.8832599e-01
   2.9222144e-02   6.8942731e-01
   2.9317604e-02   6.9052863e-01
   2.9388567e-02   6.9162996e-01
   2.9395300e-02   6.9273128e-01
   2.9655636e-02   6.9383260e-01
   2.9686106e-02   6.9493392e-01
   2.9756812e-02   6.9603524e-01
   2.9798415e-02   6.9713656e-01
   2.9815027e-02   6.9823789e-01
   2.9817528e-02   6.9933921e-01
   2.9943342e-02   7.0044053e-01
   3.0038135e-02   7.0154185e-01
   3.0068371e-02   7.0264317e-01
   3.0131280e-02   7.0374449e-01
   3.0186089e-02   7.0484581e-01
   3.0212745e-02   7.0594714e-01
   3.0324361e-02   7.0925110e-01
   3.0389854e-02   7.1035242e-01
   3.0446302e-02   7.1145374e-01
   3.0450064e-02   7.1255507e-01
   3.0459598e-02   7.1365639e-01
   3.0540925e-02   7.1475771e-01
   3.0603142e-02   7.1585903e-01
   3.0617409e-02   7.1696035e-01
   3.0652474e-02   7.1806167e-01
   3.0758848e-02   7.1916300e-01
   3.0844565e-02   7.2026432e-01
   3.0855302e-02   7.2136564e-01
   3.0960246e-02   7.2246696e-01
   3.1108104e-02   7.2356828e-01
   3.1150368e-02   7.2466960e-01
   3.1210030e-02   7.2577093e-01
   3.1282113e-02   7.2687225e-01
   3.1327284e-02   7.2797357e-01
   3.1620011e-02   7.2907489e-01
   3.1642855e-02   7.3017621e-01
   3.1750226e-02   7.3127753e-01
   3.1770458e-02   7.3348018e-01
   3.1847746e-02   7.3458150e-01
   3.1876958e-02   7.3568282e-01
   3.1888365e-02   7.3678414e-01
   3.1920485e-02   7.3788546e-01
   3.1970277e-02   7.3898678e-01
   3.2125779e-02   7.4008811e-01
   3.2142738e-02   7.4118943e-01
   3.2170309e-02   7.4229075e-01
   3.2272401e-02   7.4339207e-01
   3.2407286e-02   7.4449339e-01
   3.2424548e-02   7.4559471e-01
   3.2479303e-02   7.4669604e-01
   3.2635496e-02   7.4779736e-01
   3.2718927e-02   7.4889868e-01
   3.2738618e-02   7.5000000e-01
   3.2858782e-02   7.5110132e-01
   3.2882075e-02   7.5220264e-01
   3.2932068e-02   7.5330396e-01
   3.2968632e-02   7.5440529e-01
   3.3056265e-02   7.5550661e-01
   3.3121187e-02   7.5660793e-01
   3.3312955e-02   7.5770925e-01
   3.3342630e-02   7.5881057e-01
   3.3472560e-02   7.5991189e-01
   3.3688064e-02   7.6101322e-01
   3.3716924e-02   7.6211454e-01
   3.3903439e-02   7.6321586e-01
   3.4101822e-02   7.6431718e-01
   3.4108890e-02   7.6541850e-01
   3.4247586e-02   7.6651982e-01
   3.4424373e-02   7.6762115e-01
   3.4580935e-02   7.6872247e-01
   3.4740701e-02   7.6982379e-01
   3.4871987e-02   7.7092511e-01
   3.4920559e-02   7.7202643e-01
   3.5055013e-02   7.7312775e-01
   3.5063057e-02   7.7422907e-01
   3.5072356e-02   7.7533040e-01
   3.5104092e-02   7.7643172e-01
   3.5142527e-02   7.7753304e-01
   3.5554109e-02   7.7863436e-01
   3.5688449e-02   7.7973568e-01
   3.5920135e-02   7.8083700e-01
   3.6059598e-02   7.8193833e-01
   3.6308602e-02   7.8303965e-01
   3.6686028e-02   7.8414097e-01
   3.6686903e-02   7.8524229e-01
   3.6706016e-02   7.8634361e-01
   3.6753965e-02   7.8744493e-01
   3.6812793e-02   7.8854626e-01
   3.6860163e-02   7.8964758e-01
   3.7255734e-02   7.9074890e-01
   3.7331015e-02   7.9185022e-01
   3.7525208e-02   7.9295154e-01
   3.7699439e-02   7.9405286e-01
   3.7820004e-02   7.9625551e-01
   3.7897602e-02   7.9735683e-01
   3.8107954e-02   7.9845815e-01
   3.8120061e-02   7.9955947e-01
   3.8300863e-02   8.0066079e-01
   3.8383598e-02   8.0176211e-01
   3.8390549e-02   8.0286344e-01
   3.8524724e-02   8.0396476e-01
   3.9008646e-02   8.0506608e-01
   3.9053535e-02   8.0616740e-01
   3.9534277e-02   8.0726872e-01
   3.9633219e-02   8.0837004e-01
   3.9759340e-02   8.0947137e-01
   3.9877134e-02   8.1057269e-01
   3.9966942e-02   8.1167401e-01
   3.9988543e-02   8.1277533e-01
   4.0162651e-02   8.1387665e-01
   4.0642774e-02   8.1497797e-01
   4.0920891e-02   8.1607930e-01
   4.0949770e-02   8.1718062e-01
   4.1281940e-02   8.1828194e-01
   4.1282911e-02   8.1938326e-01
   4.1299604e-02   8.2048458e-01
   4.1380281e-02   8.2158590e-01
   4.1486143e-02   8.2268722e-01
   4.1486692e-02   8.2378855e-01
   4.1580739e-02   8.2488987e-01
   4.1658503e-02   8.2599119e-01
   4.1765470e-02   8.2709251e-01
   4.1798500e-02   8.2819383e-01
   4.2022440e-02   8.2929515e-01
   4.2079476e-02   8.3039648e-01
   4.2188770e-02   8.3149780e-01
   4.2295690e-02   8.3259912e-01
   4.2433447e-02   8.3370044e-01
   4.2679600e-02   8.3480176e-01
   4.2754811e-02   8.3590308e-01
   4.2797820e-02   8.3700441e-01
   4.2822916e-02   8.3810573e-01
   4.3099287e-02   8.3920705e-01
   4.3246997e-02   8.4030837e-01
   4.3357886e-02   8.4140969e-01
   4.3495212e-02   8.4251101e-01
   4.3511979e-02   8.4361233e-01
   4.3627469e-02   8.4471366e-01
   4.4056467e-02   8.4581498e-01
   4.4340089e-02   8.4691630e-01
   4.4375930e-02   8.4801762e-01
   4.4675701e-02   8.4911894e-01
   4.4866316e-02   8.5022026e-01
   4.5023811e-02   8.5132159e-01
   4.5153303e-02   8.5242291e-01
   4.5155700e-02   8.5352423e-01
   4.5167312e-02   8.5462555e-01
   4.5180533e-02   8.5572687e-01
   4.5194855e-02   8.5682819e-01
   4.5284830e-02   8.5792952e-01
   4.5312874e-02   8.5903084e-01
   4.5802674e-02   8.6013216e-01
   4.5999639e-02   8.6123348e-01
   4.6069504e-02   8.6233480e-01
   4.6299665e-02   8.6343612e-01
   4.6378564e-02   8.6453744e-01
   4.6508996e-02   8.6563877e-01
   4.6565770e-02   8.6674009e-01
   4.6620415e-02   8.6784141e-01
   4.6662128e-02   8.6894273e-01
   4.6703256e-02   8.7004405e-01
   4.6749061e-02   8.7114537e-01
   4.6757927e-02   8.7224670e-01
   4.6887580e-02   8.7334802e-01
   4.7140353e-02   8.7444934e-01
   4.7156854e-02   8.7555066e-01
   4.7346902e-02   8.7665198e-01
   4.7409454e-02   8.7775330e-01
   4.7616991e-02   8.7885463e-01
   4.7746806e-02   8.7995595e-01
   4.8355382e-02   8.8105727e-01
   4.8753219e-02   8.8215859e-01
   4.9596181e-02   8.8325991e-01
   4.9662258e-02   8.8436123e-01
   4.9670881e-02   8.8546256e-01
   4.9730188e-02   8.8656388e-01
   4.9812745e-02   8.8766520e-01
   5.0375817e-02   8.8876652e-01
   5.0491745e-02   8.8986784e-01
   5.0525968e-02   8.9096916e-01
   5.0580208e-02   8.9207048e-01
   5.0804834e-02   8.9317181e-01
   5.0817148e-02   8.9427313e-01
   5.1004765e-02   8.9537445e-01
   5.1643182e-02   8.9647577e-01
   5.1696702e-02   8.9757709e-01
   5.1769771e-02   8.9867841e-01
   5.1785448e-02   8.9977974e-01
   5.2012275e-02   9.0088106e-01
   5.2139256e-02   9.0198238e-01
   5.2452852e-02   9.0308370e-01
   5.2594077e-02   9.0418502e-01
   5.2965174e-02   9.0528634e-01
   5.3192051e-02   9.0638767e-01
   5.3412971e-02   9.0748899e-01
   5.3705002e-02   9.0859031e-01
   5.4234373e-02   9.0969163e-01
   5.4559374e-02   9.1079295e-01
   5.4839964e-02   9.1189427e-01
   5.5157283e-02   9.1299559e-01
   5.6061639e-02   9.1409692e-01
   5.6140670e-02   9.1519824e-01
   5.6440972e-02   9.1629956e-01
   5.6514828e-02   9.1740088e-01
   5.6623824e-02   9.1850220e-01
   5.7024735e-02   9.1960352e-01
   5.7090537e-02   9.2070485e-01
   5.7108776e-02   9.2180617e-01
   5.7237161e-02   9.2290749e-01
   5.7443356e-02   9.2400881e-01
   5.7613087e-02   9.2511013e-01
   5.8340476e-02   9.2621145e-01
   5.8747641e-02   9.2731278e-01
   5.9127664e-02   9.2841410e-01
   5.9520199e-02   9.2951542e-01
   6.0137062e-02   9.3061674e-01
   6.0255324e-02   9.3171806e-01
   6.0754010e-02   9.3281938e-01
   6.1165762e-02   9.3392070e-01
   6.1332563e-02   9.3502203e-01
   6.2041607e-02   9.3612335e-01
   6.2385786e-02   9.3722467e-01
   6.2572143e-02   9.3832599e-01
   6.3272331e-02   9.3942731e-01
   6.5932775e-02   9.4052863e-01
   6.6733437e-02   9.4162996e-01
   6.7781605e-02   9.4273128e-01
   6.7991203e-02   9.4383260e-01
   6.8882972e-02   9.4493392e-01
   6.9316668e-02   9.4603524e-01
   6.9452671e-02   9.4713656e-01
   6.9758086e-02   9.4823789e-01
   7.0028575e-02   9.4933921e-01
   7.0526830e-02   9.5044053e-01
   7.1715106e-02   9.5154185e-01
   7.2321692e-02   9.5264317e-01
   7.4242052e-02   9.5374449e-01
   7.5263514e-02   9.5484581e-01
   7.5381213e-02   9.5594714e-01
   7.5576486e-02   9.5704846e-01
   7.7131008e-02   9.5814978e-01
   7.7222367e-02   9.5925110e-01
   7.7723465e-02   9.6035242e-01
   8.0522183e-02   9.6145374e-01
   8.0580838e-02   9.6255507e-01
   8.0683259e-02   9.6365639e-01
   8.0822214e-02   9.6475771e-01
   8.2378592e-02   9.6585903e-01
   8.5076113e-02   9.6696035e-01
   8.5476866e-02   9.6806167e-01
   8.5957919e-02   9.6916300e-01
   8.6078790e-02   9.7026432e-01
   8.6520776e-02   9.7136564e-01
   8.7134838e-02   9.7246696e-01
   8.7499707e-02   9.7356828e-01
   8.7802875e-02   9.7466960e-01
   8.8090503e-02   9.7577093e-01
   9.2170305e-02   9.7687225e-01
   9.5964120e-02   9.7797357e-01
   9.7250672e-02   9.7907489e-01
   9.8893703e-02   9.8017621e-01
   9.9852165e-02   9.8127753e-01
   1.0009213e-01   9.8237885e-01
   1.0304727e-01   9.8348018e-01
   1.0425837e-01   9.8458150e-01
   1.0455906e-01   9.8568282e-01
   1.0592269e-01   9.8678414e-01
   1.0671645e-01   9.8788546e-01
   1.0929961e-01   9.8898678e-01
   1.1028632e-01   9.9008811e-01
   1.1215536e-01   9.9118943e-01
   1.1601084e-01   9.9229075e-01
   1.1662323e-01   9.9339207e-01
   1.3007408e-01   9.9449339e-01
   1.3552319e-01   9.9559471e-01
   1.3859331e-01   9.9669604e-01
   1.4452416e-01   9.9779736e-01
   1.4796726e-01   9.9889868e-01
   2.0755177e-01   1.0000000e+00
