   4.4112384e-03   0.0000000e+00
   4.4112384e-03   5.4083288e-04
   4.5295328e-03   1.0816658e-03
   5.1083085e-03   1.6224986e-03
   5.2757709e-03   2.7041644e-03
   5.4670718e-03   3.2449973e-03
   5.5348131e-03   3.7858302e-03
   5.5534853e-03   4.3266631e-03
   5.5776028e-03   4.8674959e-03
   5.6608247e-03   5.9491617e-03
   5.6798028e-03   6.4899946e-03
   5.8395249e-03   7.0308275e-03
   5.8717264e-03   7.5716604e-03
   6.0391504e-03   8.1124932e-03
   6.1310627e-03   8.6533261e-03
   6.1604584e-03   1.0275825e-02
   6.1991383e-03   1.0816658e-02
   6.2191315e-03   1.1357491e-02
   6.2576989e-03   1.1898323e-02
   6.3108995e-03   1.2439156e-02
   6.4069402e-03   1.4061655e-02
   6.4242547e-03   1.8929151e-02
   6.4453141e-03   1.9469984e-02
   6.4472006e-03   2.0010817e-02
   6.6133457e-03   2.0551650e-02
   6.7012701e-03   2.2174148e-02
   6.7440512e-03   2.2714981e-02
   6.7817989e-03   2.3255814e-02
   6.8366637e-03   2.5419145e-02
   6.9771237e-03   2.6500811e-02
   6.9899331e-03   2.9745809e-02
   6.9943924e-03   3.0286641e-02
   7.0084377e-03   3.0827474e-02
   7.0311013e-03   3.1368307e-02
   7.0752930e-03   3.3531639e-02
   7.0989349e-03   3.4613304e-02
   7.1891504e-03   3.5154137e-02
   7.2849394e-03   3.6235803e-02
   7.2888600e-03   3.8399135e-02
   7.3277380e-03   3.9480800e-02
   7.3398912e-03   4.0021633e-02
   7.3471266e-03   4.1103299e-02
   7.4164469e-03   4.4348296e-02
   7.4360967e-03   4.4889129e-02
   7.5722294e-03   4.7052461e-02
   7.5762528e-03   4.8134127e-02
   7.5926206e-03   5.0838291e-02
   7.5968393e-03   5.3001622e-02
   7.6576535e-03   5.4083288e-02
   7.6664634e-03   5.4624121e-02
   7.7237448e-03   5.5705787e-02
   7.7655456e-03   5.7328286e-02
   7.7789694e-03   5.7869118e-02
   7.8686850e-03   6.1114116e-02
   7.8691261e-03   6.1654949e-02
   7.9114981e-03   6.4899946e-02
   7.9128140e-03   6.7063277e-02
   7.9157983e-03   6.8144943e-02
   7.9330075e-03   6.8685776e-02
   7.9962286e-03   6.9767442e-02
   7.9994682e-03   7.0849108e-02
   8.1054652e-03   7.2471606e-02
   8.1227867e-03   7.4094105e-02
   8.1262163e-03   7.4634938e-02
   8.1745828e-03   7.6798269e-02
   8.1768036e-03   7.9502434e-02
   8.2358640e-03   8.0043267e-02
   8.2396490e-03   8.3288264e-02
   8.2886788e-03   8.3829097e-02
   8.2934782e-03   8.4910763e-02
   8.3435985e-03   8.5992428e-02
   8.3561247e-03   8.6533261e-02
   8.4499319e-03   9.3564089e-02
   8.4524910e-03   9.7890752e-02
   8.4790648e-03   9.8431585e-02
   8.4865774e-03   1.0005408e-01
   8.4876754e-03   1.0167658e-01
   8.4915998e-03   1.0221741e-01
   8.4947120e-03   1.0492158e-01
   8.5651887e-03   1.0600324e-01
   8.5771662e-03   1.0762574e-01
   8.6818008e-03   1.0816658e-01
   8.6981590e-03   1.0978908e-01
   8.7375776e-03   1.1141157e-01
   8.7531811e-03   1.1303407e-01
   8.7604006e-03   1.1519740e-01
   8.8075896e-03   1.1790157e-01
   8.8224767e-03   1.2006490e-01
   8.9000916e-03   1.2222823e-01
   8.9224500e-03   1.2330990e-01
   9.0311734e-03   1.2763656e-01
   9.0357776e-03   1.3520822e-01
   9.0590656e-03   1.3628989e-01
   9.0637289e-03   1.3683072e-01
   9.0785782e-03   1.3845322e-01
   9.1336087e-03   1.4061655e-01
   9.1585167e-03   1.4332071e-01
   9.2299925e-03   1.4494321e-01
   9.2399662e-03   1.4602488e-01
   9.2746328e-03   1.4818821e-01
   9.3199843e-03   1.5035154e-01
   9.3324753e-03   1.5413737e-01
   9.3445835e-03   1.6116820e-01
   9.3808504e-03   1.6549486e-01
   9.4054727e-03   1.6711736e-01
   9.4248997e-03   1.6819903e-01
   9.5019540e-03   1.6982153e-01
   9.6090329e-03   1.7036236e-01
   9.6122374e-03   1.7360736e-01
   9.6196711e-03   1.7847485e-01
   9.6322831e-03   1.7955652e-01
   9.6407607e-03   1.8550568e-01
   9.6624828e-03   1.8929151e-01
   9.7039012e-03   1.9091401e-01
   9.7096257e-03   1.9145484e-01
   9.7402062e-03   1.9469984e-01
   9.7964017e-03   1.9578150e-01
   9.8015136e-03   1.9632234e-01
   9.8513549e-03   1.9740400e-01
   9.9030840e-03   2.0227150e-01
   9.9118253e-03   2.0605733e-01
   9.9287665e-03   2.0930233e-01
   9.9325817e-03   2.1092482e-01
   9.9553811e-03   2.1254732e-01
   9.9886073e-03   2.1308816e-01
   1.0032309e-02   2.1416982e-01
   1.0081353e-02   2.1633315e-01
   1.0142355e-02   2.1795565e-01
   1.0172345e-02   2.1849648e-01
   1.0194128e-02   2.2228231e-01
   1.0203598e-02   2.2498648e-01
   1.0207348e-02   2.2660898e-01
   1.0218103e-02   2.2877231e-01
   1.0246419e-02   2.3039481e-01
   1.0275754e-02   2.3309897e-01
   1.0321547e-02   2.3580314e-01
   1.0364784e-02   2.3796647e-01
   1.0365563e-02   2.4175230e-01
   1.0378541e-02   2.4229313e-01
   1.0469709e-02   2.4283396e-01
   1.0486304e-02   2.4716063e-01
   1.0487193e-02   2.4770146e-01
   1.0492168e-02   2.4878313e-01
   1.0512949e-02   2.5202812e-01
   1.0530486e-02   2.5256896e-01
   1.0552255e-02   2.5310979e-01
   1.0571243e-02   2.5581395e-01
   1.0601359e-02   2.5905895e-01
   1.0639552e-02   2.6014062e-01
   1.0659699e-02   2.6068145e-01
   1.0661852e-02   2.6338561e-01
   1.0703213e-02   2.6446728e-01
   1.0737888e-02   2.6500811e-01
   1.0776267e-02   2.6879394e-01
   1.0783392e-02   2.7149811e-01
   1.0787552e-02   2.7528394e-01
   1.0796625e-02   2.7852893e-01
   1.0829782e-02   2.8123310e-01
   1.0835647e-02   2.8177393e-01
   1.0848448e-02   2.8664143e-01
   1.0903757e-02   2.8880476e-01
   1.0931728e-02   2.9096809e-01
   1.0934832e-02   2.9204976e-01
   1.0997558e-02   2.9367226e-01
   1.1008279e-02   2.9529475e-01
   1.1072915e-02   2.9745809e-01
   1.1096546e-02   3.0178475e-01
   1.1106971e-02   3.0611141e-01
   1.1142488e-02   3.0665224e-01
   1.1154592e-02   3.0773391e-01
   1.1171512e-02   3.0881558e-01
   1.1242733e-02   3.1151974e-01
   1.1266442e-02   3.1260141e-01
   1.1304630e-02   3.1368307e-01
   1.1321649e-02   3.1422390e-01
   1.1358615e-02   3.1476474e-01
   1.1360268e-02   3.1638724e-01
   1.1370958e-02   3.2233640e-01
   1.1375725e-02   3.2504056e-01
   1.1413768e-02   3.2936723e-01
   1.1422725e-02   3.3044889e-01
   1.1486167e-02   3.3207139e-01
   1.1494864e-02   3.3261222e-01
   1.1499249e-02   3.3315306e-01
   1.1505614e-02   3.3423472e-01
   1.1587602e-02   3.3802055e-01
   1.1605124e-02   3.3856138e-01
   1.1652476e-02   3.4072472e-01
   1.1654005e-02   3.4342888e-01
   1.1684220e-02   3.4451055e-01
   1.1721228e-02   3.4559221e-01
   1.1738024e-02   3.4775554e-01
   1.1743453e-02   3.4937804e-01
   1.1823939e-02   3.5100054e-01
   1.1831269e-02   3.5262304e-01
   1.1873697e-02   3.5316387e-01
   1.1878712e-02   3.5370471e-01
   1.1899511e-02   3.5424554e-01
   1.1927353e-02   3.5478637e-01
   1.1940598e-02   3.6235803e-01
   1.1954955e-02   3.6398053e-01
   1.1955320e-02   3.6452136e-01
   1.1997959e-02   3.6506220e-01
   1.2057036e-02   3.6614386e-01
   1.2068749e-02   3.6830719e-01
   1.2068757e-02   3.6938886e-01
   1.2167222e-02   3.6992969e-01
   1.2234858e-02   3.7047052e-01
   1.2235957e-02   3.7371552e-01
   1.2262125e-02   3.7425635e-01
   1.2264912e-02   3.7479719e-01
   1.2292363e-02   3.7587885e-01
   1.2293080e-02   3.7696052e-01
   1.2316543e-02   3.7858302e-01
   1.2398277e-02   3.7912385e-01
   1.2404790e-02   3.8074635e-01
   1.2438263e-02   3.8182802e-01
   1.2444166e-02   3.8345051e-01
   1.2445419e-02   3.8399135e-01
   1.2515398e-02   3.8507301e-01
   1.2523278e-02   3.8669551e-01
   1.2534823e-02   3.8723634e-01
   1.2538970e-02   3.8885884e-01
   1.2574018e-02   3.9102217e-01
   1.2581795e-02   3.9156301e-01
   1.2590896e-02   3.9210384e-01
   1.2639604e-02   3.9372634e-01
   1.2642482e-02   3.9426717e-01
   1.2650856e-02   3.9534884e-01
   1.2652039e-02   3.9643050e-01
   1.2731685e-02   3.9697134e-01
   1.2746935e-02   3.9967550e-01
   1.2801622e-02   4.0021633e-01
   1.2816495e-02   4.0183883e-01
   1.2819502e-02   4.0237966e-01
   1.2823375e-02   4.0292050e-01
   1.2840093e-02   4.0454300e-01
   1.2849095e-02   4.0724716e-01
   1.2868842e-02   4.0941049e-01
   1.2890628e-02   4.0995133e-01
   1.2904483e-02   4.1103299e-01
   1.2986520e-02   4.1157382e-01
   1.2999271e-02   4.1211466e-01
   1.3069366e-02   4.1265549e-01
   1.3094131e-02   4.1590049e-01
   1.3106092e-02   4.1806382e-01
   1.3115210e-02   4.1968632e-01
   1.3122999e-02   4.2239048e-01
   1.3150299e-02   4.2347215e-01
   1.3165233e-02   4.2617631e-01
   1.3186421e-02   4.2671714e-01
   1.3211618e-02   4.2725798e-01
   1.3226691e-02   4.2779881e-01
   1.3233715e-02   4.2833964e-01
   1.3293824e-02   4.2888048e-01
   1.3327476e-02   4.2996214e-01
   1.3348093e-02   4.3050297e-01
   1.3382770e-02   4.3158464e-01
   1.3398353e-02   4.3428880e-01
   1.3403102e-02   4.3482964e-01
   1.3409005e-02   4.3537047e-01
   1.3419058e-02   4.3591130e-01
   1.3432692e-02   4.3699297e-01
   1.3445986e-02   4.3915630e-01
   1.3465099e-02   4.4023797e-01
   1.3488102e-02   4.4131963e-01
   1.3537332e-02   4.4240130e-01
   1.3545169e-02   4.4294213e-01
   1.3587918e-02   4.4456463e-01
   1.3632452e-02   4.4510546e-01
   1.3673327e-02   4.4564630e-01
   1.3689023e-02   4.4889129e-01
   1.3692559e-02   4.4943213e-01
   1.3706468e-02   4.5051379e-01
   1.3749282e-02   4.5159546e-01
   1.3753093e-02   4.5213629e-01
   1.3753867e-02   4.5321796e-01
   1.3765466e-02   4.5375879e-01
   1.3801475e-02   4.5484045e-01
   1.3816686e-02   4.5700379e-01
   1.3942335e-02   4.5754462e-01
   1.3971038e-02   4.5862628e-01
   1.3986188e-02   4.6024878e-01
   1.3998456e-02   4.6187128e-01
   1.4016875e-02   4.6349378e-01
   1.4041445e-02   4.6457545e-01
   1.4071769e-02   4.6565711e-01
   1.4107250e-02   4.6619794e-01
   1.4128183e-02   4.6673878e-01
   1.4150586e-02   4.6727961e-01
   1.4152425e-02   4.6782044e-01
   1.4161604e-02   4.6890211e-01
   1.4252283e-02   4.6944294e-01
   1.4271504e-02   4.6998378e-01
   1.4290521e-02   4.7106544e-01
   1.4306268e-02   4.7268794e-01
   1.4312014e-02   4.7376961e-01
   1.4324517e-02   4.7431044e-01
   1.4333342e-02   4.7485127e-01
   1.4399755e-02   4.7539210e-01
   1.4488797e-02   4.7755544e-01
   1.4525416e-02   4.7863710e-01
   1.4569879e-02   4.7917793e-01
   1.4578847e-02   4.8025960e-01
   1.4601058e-02   4.8242293e-01
   1.4606564e-02   4.8296376e-01
   1.4655476e-02   4.8458626e-01
   1.4732247e-02   4.8729043e-01
   1.4736114e-02   4.8837209e-01
   1.4764976e-02   4.8891293e-01
   1.4832248e-02   4.8999459e-01
   1.4854626e-02   4.9107626e-01
   1.4872878e-02   4.9269876e-01
   1.4874585e-02   4.9323959e-01
   1.4884081e-02   4.9432125e-01
   1.4892642e-02   4.9540292e-01
   1.4933470e-02   4.9864792e-01
   1.4964762e-02   4.9918875e-01
   1.4982294e-02   5.0027042e-01
   1.5002333e-02   5.0081125e-01
   1.5004842e-02   5.0135208e-01
   1.5070150e-02   5.0189292e-01
   1.5095533e-02   5.0243375e-01
   1.5145047e-02   5.0297458e-01
   1.5153608e-02   5.0351541e-01
   1.5185241e-02   5.0405625e-01
   1.5194802e-02   5.0567875e-01
   1.5238613e-02   5.0676041e-01
   1.5267349e-02   5.0838291e-01
   1.5311357e-02   5.1000541e-01
   1.5324903e-02   5.1054624e-01
   1.5325662e-02   5.1108707e-01
   1.5333144e-02   5.1216874e-01
   1.5435050e-02   5.1270957e-01
   1.5438405e-02   5.1433207e-01
   1.5439091e-02   5.1541374e-01
   1.5462999e-02   5.1649540e-01
   1.5463057e-02   5.1703624e-01
   1.5492348e-02   5.1757707e-01
   1.5508897e-02   5.2028123e-01
   1.5531752e-02   5.2244456e-01
   1.5565528e-02   5.2352623e-01
   1.5576021e-02   5.2406706e-01
   1.5651714e-02   5.2514873e-01
   1.5664658e-02   5.2568956e-01
   1.5702578e-02   5.2623039e-01
   1.5726965e-02   5.2731206e-01
   1.5737936e-02   5.2785289e-01
   1.5738858e-02   5.2893456e-01
   1.5768838e-02   5.3109789e-01
   1.5771810e-02   5.3163872e-01
   1.5822390e-02   5.3380206e-01
   1.5826747e-02   5.3488372e-01
   1.5828026e-02   5.3596539e-01
   1.5886584e-02   5.3650622e-01
   1.5897244e-02   5.4029205e-01
   1.5902473e-02   5.4083288e-01
   1.5993099e-02   5.4137372e-01
   1.5999184e-02   5.4191455e-01
   1.6011733e-02   5.4245538e-01
   1.6021102e-02   5.4299621e-01
   1.6042718e-02   5.4407788e-01
   1.6084980e-02   5.4515955e-01
   1.6116504e-02   5.4570038e-01
   1.6148131e-02   5.4678204e-01
   1.6203115e-02   5.4786371e-01
   1.6233466e-02   5.4894538e-01
   1.6245573e-02   5.4948621e-01
   1.6254365e-02   5.5002704e-01
   1.6310176e-02   5.5164954e-01
   1.6319542e-02   5.5327204e-01
   1.6320596e-02   5.5543537e-01
   1.6337914e-02   5.5651704e-01
   1.6349788e-02   5.5705787e-01
   1.6353566e-02   5.5813953e-01
   1.6400800e-02   5.5922120e-01
   1.6401904e-02   5.5976203e-01
   1.6406196e-02   5.6138453e-01
   1.6411477e-02   5.6246620e-01
   1.6428496e-02   5.6300703e-01
   1.6461058e-02   5.6354786e-01
   1.6463065e-02   5.6408870e-01
   1.6479921e-02   5.6462953e-01
   1.6564709e-02   5.6517036e-01
   1.6573281e-02   5.6733369e-01
   1.6577358e-02   5.6841536e-01
   1.6587685e-02   5.6895619e-01
   1.6603184e-02   5.6949703e-01
   1.6604458e-02   5.7057869e-01
   1.6607834e-02   5.7166036e-01
   1.6621898e-02   5.7274202e-01
   1.6661086e-02   5.7598702e-01
   1.6669607e-02   5.7760952e-01
   1.6687197e-02   5.7869118e-01
   1.6720605e-02   5.7923202e-01
   1.6732195e-02   5.8031368e-01
   1.6771711e-02   5.8139535e-01
   1.6800686e-02   5.8193618e-01
   1.6814756e-02   5.8247701e-01
   1.6900466e-02   5.8355868e-01
   1.6904980e-02   5.8518118e-01
   1.6917705e-02   5.8572201e-01
   1.6928192e-02   5.8626284e-01
   1.6975988e-02   5.8680368e-01
   1.6990552e-02   5.8788534e-01
   1.7040071e-02   5.8896701e-01
   1.7131485e-02   5.8950784e-01
   1.7153822e-02   5.9004867e-01
   1.7157051e-02   5.9058951e-01
   1.7184642e-02   5.9167117e-01
   1.7187850e-02   5.9275284e-01
   1.7201801e-02   5.9437534e-01
   1.7210899e-02   5.9545700e-01
   1.7238215e-02   5.9707950e-01
   1.7253172e-02   5.9816117e-01
   1.7315516e-02   5.9870200e-01
   1.7332598e-02   5.9924283e-01
   1.7363904e-02   5.9978367e-01
   1.7396318e-02   6.0086533e-01
   1.7396829e-02   6.0140617e-01
   1.7475189e-02   6.0248783e-01
   1.7481079e-02   6.0356950e-01
   1.7488822e-02   6.0411033e-01
   1.7506980e-02   6.0465116e-01
   1.7518575e-02   6.0519200e-01
   1.7521932e-02   6.0735533e-01
   1.7539095e-02   6.0789616e-01
   1.7545258e-02   6.0843699e-01
   1.7573280e-02   6.0897783e-01
   1.7615829e-02   6.0951866e-01
   1.7645458e-02   6.1005949e-01
   1.7698949e-02   6.1060032e-01
   1.7711526e-02   6.1168199e-01
   1.7718686e-02   6.1222282e-01
   1.7735590e-02   6.1276366e-01
   1.7755734e-02   6.1330449e-01
   1.7771295e-02   6.1384532e-01
   1.7781465e-02   6.1438615e-01
   1.7794998e-02   6.1600865e-01
   1.7837217e-02   6.1654949e-01
   1.7868670e-02   6.1709032e-01
   1.7898471e-02   6.1763115e-01
   1.7911226e-02   6.1817198e-01
   1.7921649e-02   6.1871282e-01
   1.7972543e-02   6.2033532e-01
   1.7979535e-02   6.2249865e-01
   1.8058105e-02   6.2358031e-01
   1.8072687e-02   6.2466198e-01
   1.8084922e-02   6.2520281e-01
   1.8097454e-02   6.2574365e-01
   1.8105529e-02   6.2628448e-01
   1.8117451e-02   6.2682531e-01
   1.8139983e-02   6.2790698e-01
   1.8157682e-02   6.2844781e-01
   1.8188740e-02   6.2898864e-01
   1.8195457e-02   6.3007031e-01
   1.8267879e-02   6.3061114e-01
   1.8349047e-02   6.3115197e-01
   1.8361900e-02   6.3169281e-01
   1.8365269e-02   6.3277447e-01
   1.8378526e-02   6.3385614e-01
   1.8411230e-02   6.3439697e-01
   1.8421327e-02   6.3601947e-01
   1.8424256e-02   6.3818280e-01
   1.8460689e-02   6.3872363e-01
   1.8481028e-02   6.3980530e-01
   1.8482503e-02   6.4088697e-01
   1.8511816e-02   6.4196863e-01
   1.8641100e-02   6.4250946e-01
   1.8643929e-02   6.4305030e-01
   1.8656002e-02   6.4359113e-01
   1.8659200e-02   6.4521363e-01
   1.8689712e-02   6.4629529e-01
   1.8691028e-02   6.4737696e-01
   1.8704403e-02   6.4791779e-01
   1.8705334e-02   6.4899946e-01
   1.8741579e-02   6.5170362e-01
   1.8898646e-02   6.5224446e-01
   1.8931433e-02   6.5332612e-01
   1.8937761e-02   6.5386696e-01
   1.8942566e-02   6.5440779e-01
   1.8962635e-02   6.5494862e-01
   1.8963182e-02   6.5603029e-01
   1.8971690e-02   6.5711195e-01
   1.9003728e-02   6.5765279e-01
   1.9018721e-02   6.5873445e-01
   1.9026558e-02   6.5927528e-01
   1.9054846e-02   6.6089778e-01
   1.9066059e-02   6.6197945e-01
   1.9097658e-02   6.6252028e-01
   1.9223615e-02   6.6360195e-01
   1.9225605e-02   6.6414278e-01
   1.9238887e-02   6.6522445e-01
   1.9239904e-02   6.6576528e-01
   1.9266127e-02   6.6630611e-01
   1.9273895e-02   6.6955111e-01
   1.9281651e-02   6.7117361e-01
   1.9352208e-02   6.7171444e-01
   1.9394557e-02   6.7279611e-01
   1.9480270e-02   6.7441860e-01
   1.9491485e-02   6.7495944e-01
   1.9497578e-02   6.7550027e-01
   1.9513382e-02   6.7712277e-01
   1.9523441e-02   6.7766360e-01
   1.9546749e-02   6.7820443e-01
   1.9550416e-02   6.7874527e-01
   1.9583182e-02   6.7982693e-01
   1.9589560e-02   6.8036777e-01
   1.9594778e-02   6.8090860e-01
   1.9603709e-02   6.8144943e-01
   1.9649653e-02   6.8199027e-01
   1.9652396e-02   6.8253110e-01
   1.9726246e-02   6.8307193e-01
   1.9726576e-02   6.8361276e-01
   1.9780773e-02   6.8415360e-01
   1.9806746e-02   6.8469443e-01
   1.9806892e-02   6.8523526e-01
   1.9820373e-02   6.8577610e-01
   1.9823823e-02   6.8739859e-01
   1.9824778e-02   6.8848026e-01
   1.9859305e-02   6.8902109e-01
   1.9866247e-02   6.8956193e-01
   1.9933018e-02   6.9010276e-01
   1.9943503e-02   6.9118442e-01
   1.9977107e-02   6.9172526e-01
   1.9979489e-02   6.9226609e-01
   2.0058405e-02   6.9280692e-01
   2.0062180e-02   6.9334776e-01
   2.0072167e-02   6.9388859e-01
   2.0103981e-02   6.9442942e-01
   2.0104942e-02   6.9551109e-01
   2.0129458e-02   6.9659275e-01
   2.0160734e-02   6.9767442e-01
   2.0163824e-02   6.9821525e-01
   2.0167182e-02   6.9875608e-01
   2.0173682e-02   7.0091942e-01
   2.0200620e-02   7.0146025e-01
   2.0232672e-02   7.0362358e-01
   2.0305215e-02   7.0470525e-01
   2.0369740e-02   7.0524608e-01
   2.0388849e-02   7.0578691e-01
   2.0401561e-02   7.0632774e-01
   2.0404492e-02   7.0740941e-01
   2.0407757e-02   7.0795024e-01
   2.0442261e-02   7.0849108e-01
   2.0486264e-02   7.0903191e-01
   2.0492765e-02   7.0957274e-01
   2.0505349e-02   7.1065441e-01
   2.0534182e-02   7.1281774e-01
   2.0560333e-02   7.1335857e-01
   2.0564438e-02   7.1389941e-01
   2.0629292e-02   7.1444024e-01
   2.0633460e-02   7.1498107e-01
   2.0634211e-02   7.1552190e-01
   2.0678652e-02   7.1660357e-01
   2.0688582e-02   7.1768524e-01
   2.0708276e-02   7.1822607e-01
   2.0731802e-02   7.1876690e-01
   2.0744221e-02   7.1930773e-01
   2.0748255e-02   7.1984857e-01
   2.0816332e-02   7.2038940e-01
   2.0859454e-02   7.2093023e-01
   2.0891624e-02   7.2201190e-01
   2.0909721e-02   7.2255273e-01
   2.0924318e-02   7.2309356e-01
   2.0970929e-02   7.2363440e-01
   2.0973185e-02   7.2471606e-01
   2.0990515e-02   7.2525690e-01
   2.1015192e-02   7.2633856e-01
   2.1076723e-02   7.2687939e-01
   2.1089350e-02   7.2742023e-01
   2.1137788e-02   7.2796106e-01
   2.1143612e-02   7.2850189e-01
   2.1202926e-02   7.3012439e-01
   2.1211975e-02   7.3174689e-01
   2.1226374e-02   7.3282856e-01
   2.1261414e-02   7.3336939e-01
   2.1266624e-02   7.3391022e-01
   2.1322681e-02   7.3445105e-01
   2.1400020e-02   7.3661439e-01
   2.1438091e-02   7.3715522e-01
   2.1447629e-02   7.3823688e-01
   2.1475075e-02   7.3877772e-01
   2.1532038e-02   7.3931855e-01
   2.1553124e-02   7.4040022e-01
   2.1565595e-02   7.4094105e-01
   2.1567227e-02   7.4202271e-01
   2.1575093e-02   7.4256355e-01
   2.1593868e-02   7.4310438e-01
   2.1610041e-02   7.4364521e-01
   2.1643737e-02   7.4418605e-01
   2.1669143e-02   7.4472688e-01
   2.1669273e-02   7.4580855e-01
   2.1726939e-02   7.4634938e-01
   2.1789657e-02   7.4689021e-01
   2.1808010e-02   7.4743104e-01
   2.1848174e-02   7.4851271e-01
   2.1855386e-02   7.4959438e-01
   2.1867707e-02   7.5013521e-01
   2.1869383e-02   7.5067604e-01
   2.1882663e-02   7.5121687e-01
   2.1902810e-02   7.5175771e-01
   2.1904976e-02   7.5283937e-01
   2.1925476e-02   7.5338021e-01
   2.2017021e-02   7.5446187e-01
   2.2042078e-02   7.5500270e-01
   2.2074034e-02   7.5554354e-01
   2.2089067e-02   7.5608437e-01
   2.2135423e-02   7.5662520e-01
   2.2143915e-02   7.5770687e-01
   2.2145437e-02   7.5824770e-01
   2.2172834e-02   7.5932937e-01
   2.2194224e-02   7.6041103e-01
   2.2214571e-02   7.6095187e-01
   2.2244673e-02   7.6203353e-01
   2.2271559e-02   7.6257436e-01
   2.2309697e-02   7.6311520e-01
   2.2344139e-02   7.6365603e-01
   2.2375469e-02   7.6419686e-01
   2.2390376e-02   7.6473770e-01
   2.2426611e-02   7.6581936e-01
   2.2431231e-02   7.6636019e-01
   2.2439108e-02   7.6744186e-01
   2.2480851e-02   7.6852353e-01
   2.2485947e-02   7.6960519e-01
   2.2596221e-02   7.7014602e-01
   2.2608969e-02   7.7068686e-01
   2.2610351e-02   7.7122769e-01
   2.2639648e-02   7.7176852e-01
   2.2717276e-02   7.7230936e-01
   2.2720322e-02   7.7285019e-01
   2.2722657e-02   7.7339102e-01
   2.2727216e-02   7.7393186e-01
   2.2743047e-02   7.7447269e-01
   2.2763543e-02   7.7501352e-01
   2.2808355e-02   7.7609519e-01
   2.2828065e-02   7.7663602e-01
   2.2846091e-02   7.7717685e-01
   2.2893111e-02   7.7825852e-01
   2.2972833e-02   7.7879935e-01
   2.2983832e-02   7.8042185e-01
   2.3011140e-02   7.8150352e-01
   2.3022854e-02   7.8204435e-01
   2.3028042e-02   7.8258518e-01
   2.3093155e-02   7.8312601e-01
   2.3105094e-02   7.8366685e-01
   2.3109797e-02   7.8420768e-01
   2.3150629e-02   7.8583018e-01
   2.3175022e-02   7.8691184e-01
   2.3199694e-02   7.8799351e-01
   2.3240701e-02   7.8853434e-01
   2.3263202e-02   7.8907518e-01
   2.3299760e-02   7.8961601e-01
   2.3308082e-02   7.9069767e-01
   2.3327040e-02   7.9177934e-01
   2.3358481e-02   7.9232017e-01
   2.3362003e-02   7.9340184e-01
   2.3369065e-02   7.9394267e-01
   2.3441673e-02   7.9448350e-01
   2.3476564e-02   7.9502434e-01
   2.3487556e-02   7.9610600e-01
   2.3551364e-02   7.9664684e-01
   2.3568307e-02   7.9718767e-01
   2.3593070e-02   7.9772850e-01
   2.3606621e-02   7.9826933e-01
   2.3634483e-02   7.9881017e-01
   2.3637839e-02   7.9935100e-01
   2.3647725e-02   8.0043267e-01
   2.3652638e-02   8.0097350e-01
   2.3734411e-02   8.0151433e-01
   2.3735612e-02   8.0205516e-01
   2.3754705e-02   8.0313683e-01
   2.3760946e-02   8.0367766e-01
   2.3805731e-02   8.0475933e-01
   2.3811767e-02   8.0530016e-01
   2.3875504e-02   8.0584100e-01
   2.3882328e-02   8.0692266e-01
   2.3889547e-02   8.0746349e-01
   2.3898038e-02   8.0800433e-01
   2.3924304e-02   8.0854516e-01
   2.3932623e-02   8.0908599e-01
   2.3946817e-02   8.0962683e-01
   2.3987491e-02   8.1016766e-01
   2.4009912e-02   8.1070849e-01
   2.4137375e-02   8.1124932e-01
   2.4138172e-02   8.1179016e-01
   2.4175702e-02   8.1233099e-01
   2.4188626e-02   8.1341266e-01
   2.4218621e-02   8.1395349e-01
   2.4229492e-02   8.1557599e-01
   2.4258376e-02   8.1611682e-01
   2.4261436e-02   8.1719849e-01
   2.4317943e-02   8.1773932e-01
   2.4453564e-02   8.1828015e-01
   2.4466685e-02   8.1882098e-01
   2.4490656e-02   8.1936182e-01
   2.4521876e-02   8.1990265e-01
   2.4530369e-02   8.2044348e-01
   2.4633731e-02   8.2152515e-01
   2.4674246e-02   8.2206598e-01
   2.4758288e-02   8.2260681e-01
   2.4769435e-02   8.2314765e-01
   2.4773648e-02   8.2368848e-01
   2.4797220e-02   8.2422931e-01
   2.4806026e-02   8.2477015e-01
   2.4810702e-02   8.2531098e-01
   2.4888851e-02   8.2585181e-01
   2.5014681e-02   8.2639264e-01
   2.5036046e-02   8.2693348e-01
   2.5047141e-02   8.2747431e-01
   2.5052423e-02   8.2801514e-01
   2.5070773e-02   8.2855598e-01
   2.5078498e-02   8.3017847e-01
   2.5114552e-02   8.3071931e-01
   2.5148178e-02   8.3126014e-01
   2.5151531e-02   8.3180097e-01
   2.5244196e-02   8.3234181e-01
   2.5246435e-02   8.3288264e-01
   2.5302837e-02   8.3342347e-01
   2.5341475e-02   8.3396431e-01
   2.5374764e-02   8.3450514e-01
   2.5392376e-02   8.3558680e-01
   2.5494344e-02   8.3612764e-01
   2.5519141e-02   8.3720930e-01
   2.5629923e-02   8.3775014e-01
   2.5651075e-02   8.3883180e-01
   2.5696674e-02   8.3937263e-01
   2.5698149e-02   8.3991347e-01
   2.5747556e-02   8.4045430e-01
   2.5851602e-02   8.4099513e-01
   2.5885667e-02   8.4153597e-01
   2.5921260e-02   8.4207680e-01
   2.5924706e-02   8.4261763e-01
   2.5961359e-02   8.4315846e-01
   2.5970467e-02   8.4369930e-01
   2.5973530e-02   8.4424013e-01
   2.5990326e-02   8.4478096e-01
   2.6013280e-02   8.4532180e-01
   2.6039353e-02   8.4640346e-01
   2.6045704e-02   8.4694429e-01
   2.6101365e-02   8.4748513e-01
   2.6188723e-02   8.4802596e-01
   2.6196727e-02   8.4856679e-01
   2.6215390e-02   8.4910763e-01
   2.6231027e-02   8.4964846e-01
   2.6245982e-02   8.5018929e-01
   2.6282332e-02   8.5073012e-01
   2.6301721e-02   8.5127096e-01
   2.6331596e-02   8.5181179e-01
   2.6420115e-02   8.5289346e-01
   2.6423419e-02   8.5343429e-01
   2.6467935e-02   8.5397512e-01
   2.6533640e-02   8.5451595e-01
   2.6555422e-02   8.5505679e-01
   2.6602771e-02   8.5559762e-01
   2.6615412e-02   8.5613845e-01
   2.6675145e-02   8.5667929e-01
   2.6801347e-02   8.5722012e-01
   2.6806212e-02   8.5830178e-01
   2.6866515e-02   8.5884262e-01
   2.6894562e-02   8.5938345e-01
   2.6912679e-02   8.5992428e-01
   2.6976723e-02   8.6046512e-01
   2.7045271e-02   8.6100595e-01
   2.7073552e-02   8.6154678e-01
   2.7113623e-02   8.6208761e-01
   2.7117153e-02   8.6262845e-01
   2.7265580e-02   8.6371011e-01
   2.7337143e-02   8.6533261e-01
   2.7346469e-02   8.6587345e-01
   2.7383885e-02   8.6695511e-01
   2.7418027e-02   8.6749594e-01
   2.7450698e-02   8.6857761e-01
   2.7476036e-02   8.6911844e-01
   2.7505491e-02   8.6965928e-01
   2.7765139e-02   8.7020011e-01
   2.7925980e-02   8.7128177e-01
   2.7941392e-02   8.7182261e-01
   2.7973370e-02   8.7236344e-01
   2.8179407e-02   8.7290427e-01
   2.8257467e-02   8.7344511e-01
   2.8274109e-02   8.7398594e-01
   2.8299911e-02   8.7452677e-01
   2.8303594e-02   8.7506760e-01
   2.8324311e-02   8.7614927e-01
   2.8505682e-02   8.7723094e-01
   2.8618478e-02   8.7831260e-01
   2.8630365e-02   8.7885343e-01
   2.8753940e-02   8.7939427e-01
   2.8799400e-02   8.7993510e-01
   2.8833445e-02   8.8101677e-01
   2.8840882e-02   8.8155760e-01
   2.8843193e-02   8.8209843e-01
   2.8890629e-02   8.8263926e-01
   2.9135084e-02   8.8318010e-01
   2.9291392e-02   8.8372093e-01
   2.9310866e-02   8.8426176e-01
   2.9332349e-02   8.8534343e-01
   2.9382537e-02   8.8588426e-01
   2.9472660e-02   8.8642509e-01
   2.9474781e-02   8.8750676e-01
   2.9560013e-02   8.8804759e-01
   2.9665613e-02   8.8858843e-01
   2.9707641e-02   8.8912926e-01
   2.9709830e-02   8.8967009e-01
   2.9714058e-02   8.9021092e-01
   2.9781645e-02   8.9075176e-01
   2.9901821e-02   8.9129259e-01
   2.9976436e-02   8.9183342e-01
   3.0007243e-02   8.9237426e-01
   3.0026730e-02   8.9291509e-01
   3.0027418e-02   8.9345592e-01
   3.0040741e-02   8.9453759e-01
   3.0370441e-02   8.9507842e-01
   3.0429304e-02   8.9561925e-01
   3.0478355e-02   8.9616009e-01
   3.0535769e-02   8.9670092e-01
   3.0582977e-02   8.9724175e-01
   3.0611354e-02   8.9778259e-01
   3.0646606e-02   8.9832342e-01
   3.0739184e-02   8.9886425e-01
   3.0827447e-02   8.9994592e-01
   3.0876233e-02   9.0102758e-01
   3.0969771e-02   9.0156842e-01
   3.0987748e-02   9.0210925e-01
   3.1135236e-02   9.0265008e-01
   3.1171088e-02   9.0319091e-01
   3.1200103e-02   9.0373175e-01
   3.1278264e-02   9.0427258e-01
   3.1333613e-02   9.0481341e-01
   3.1374522e-02   9.0535425e-01
   3.1387579e-02   9.0589508e-01
   3.1498866e-02   9.0643591e-01
   3.1501374e-02   9.0697674e-01
   3.1518662e-02   9.0751758e-01
   3.1714854e-02   9.0805841e-01
   3.1757261e-02   9.0859924e-01
   3.1972903e-02   9.0914008e-01
   3.2042099e-02   9.0968091e-01
   3.2042224e-02   9.1022174e-01
   3.2045102e-02   9.1076257e-01
   3.2122990e-02   9.1130341e-01
   3.2168788e-02   9.1238507e-01
   3.2225493e-02   9.1346674e-01
   3.2228612e-02   9.1400757e-01
   3.2229103e-02   9.1454840e-01
   3.2279906e-02   9.1508924e-01
   3.2329390e-02   9.1563007e-01
   3.2359594e-02   9.1617090e-01
   3.2394979e-02   9.1671174e-01
   3.2446324e-02   9.1725257e-01
   3.2554134e-02   9.1779340e-01
   3.2562890e-02   9.1833423e-01
   3.2566797e-02   9.1887507e-01
   3.2712395e-02   9.1941590e-01
   3.2806210e-02   9.2049757e-01
   3.2812916e-02   9.2103840e-01
   3.2946615e-02   9.2212006e-01
   3.2960344e-02   9.2266090e-01
   3.2979137e-02   9.2374256e-01
   3.3205238e-02   9.2428340e-01
   3.3216089e-02   9.2482423e-01
   3.3294116e-02   9.2536506e-01
   3.3503458e-02   9.2590590e-01
   3.3548516e-02   9.2644673e-01
   3.3600262e-02   9.2698756e-01
   3.3604456e-02   9.2752839e-01
   3.3615595e-02   9.2806923e-01
   3.3721384e-02   9.2915089e-01
   3.3728679e-02   9.2969173e-01
   3.3792277e-02   9.3023256e-01
   3.3793692e-02   9.3077339e-01
   3.3859531e-02   9.3185506e-01
   3.3876529e-02   9.3239589e-01
   3.3898552e-02   9.3293672e-01
   3.3969211e-02   9.3347756e-01
   3.4078779e-02   9.3401839e-01
   3.4096263e-02   9.3455922e-01
   3.4189697e-02   9.3510005e-01
   3.4211899e-02   9.3564089e-01
   3.4217253e-02   9.3618172e-01
   3.4254581e-02   9.3672255e-01
   3.4304833e-02   9.3726339e-01
   3.4550847e-02   9.3780422e-01
   3.4657959e-02   9.3834505e-01
   3.4659125e-02   9.3888588e-01
   3.4708136e-02   9.3942672e-01
   3.5005341e-02   9.3996755e-01
   3.5046406e-02   9.4050838e-01
   3.5102905e-02   9.4104922e-01
   3.5214588e-02   9.4159005e-01
   3.5460798e-02   9.4213088e-01
   3.5471787e-02   9.4267171e-01
   3.5560940e-02   9.4321255e-01
   3.6064943e-02   9.4375338e-01
   3.6206929e-02   9.4429421e-01
   3.6661070e-02   9.4483505e-01
   3.6831747e-02   9.4537588e-01
   3.6877565e-02   9.4591671e-01
   3.6964489e-02   9.4645754e-01
   3.6968917e-02   9.4699838e-01
   3.7215492e-02   9.4753921e-01
   3.7222338e-02   9.4808004e-01
   3.7312011e-02   9.4862088e-01
   3.7584977e-02   9.4916171e-01
   3.7776081e-02   9.4970254e-01
   3.8234852e-02   9.5024337e-01
   3.8319025e-02   9.5078421e-01
   3.8329349e-02   9.5132504e-01
   3.8478893e-02   9.5186587e-01
   3.8521404e-02   9.5240671e-01
   3.8650458e-02   9.5294754e-01
   3.8714576e-02   9.5348837e-01
   3.8737109e-02   9.5402920e-01
   3.8852238e-02   9.5457004e-01
   3.9373210e-02   9.5511087e-01
   3.9470745e-02   9.5565170e-01
   3.9677062e-02   9.5619254e-01
   3.9732115e-02   9.5673337e-01
   3.9926845e-02   9.5727420e-01
   3.9985421e-02   9.5781504e-01
   4.0025548e-02   9.5835587e-01
   4.0115700e-02   9.5889670e-01
   4.0140600e-02   9.5943753e-01
   4.0460974e-02   9.5997837e-01
   4.0556846e-02   9.6051920e-01
   4.0714757e-02   9.6106003e-01
   4.0867558e-02   9.6160087e-01
   4.1048478e-02   9.6214170e-01
   4.1288989e-02   9.6268253e-01
   4.1891453e-02   9.6322336e-01
   4.2152917e-02   9.6376420e-01
   4.2290860e-02   9.6430503e-01
   4.2639572e-02   9.6484586e-01
   4.3144247e-02   9.6538670e-01
   4.3275623e-02   9.6592753e-01
   4.3572469e-02   9.6646836e-01
   4.5086238e-02   9.6700919e-01
   4.5121540e-02   9.6755003e-01
   4.5143033e-02   9.6809086e-01
   4.5155405e-02   9.6863169e-01
   4.5458616e-02   9.6917253e-01
   4.5504132e-02   9.6971336e-01
   4.5896084e-02   9.7025419e-01
   4.6016428e-02   9.7079502e-01
   4.6363216e-02   9.7133586e-01
   4.6389062e-02   9.7187669e-01
   4.6892062e-02   9.7241752e-01
   4.7093984e-02   9.7295836e-01
   4.7484441e-02   9.7349919e-01
   4.7729022e-02   9.7404002e-01
   4.8056471e-02   9.7458085e-01
   4.9513955e-02   9.7512169e-01
   4.9805230e-02   9.7566252e-01
   4.9828288e-02   9.7620335e-01
   5.0441658e-02   9.7674419e-01
   5.0967897e-02   9.7728502e-01
   5.1875196e-02   9.7782585e-01
   5.2149135e-02   9.7836668e-01
   5.2234743e-02   9.7890752e-01
   5.2993875e-02   9.7944835e-01
   5.3512305e-02   9.7998918e-01
   5.3561414e-02   9.8053002e-01
   5.3954056e-02   9.8107085e-01
   5.3967967e-02   9.8161168e-01
   5.4108655e-02   9.8215251e-01
   5.4877352e-02   9.8269335e-01
   5.5520333e-02   9.8323418e-01
   5.5530869e-02   9.8377501e-01
   5.5799255e-02   9.8431585e-01
   5.5922264e-02   9.8485668e-01
   5.5932357e-02   9.8539751e-01
   5.6750370e-02   9.8593835e-01
   5.6899847e-02   9.8647918e-01
   5.7113813e-02   9.8702001e-01
   5.7533790e-02   9.8756084e-01
   5.7753976e-02   9.8810168e-01
   5.8501973e-02   9.8864251e-01
   5.8984840e-02   9.8918334e-01
   5.9179501e-02   9.8972418e-01
   5.9702620e-02   9.9026501e-01
   6.0622954e-02   9.9080584e-01
   6.0870527e-02   9.9134667e-01
   6.3392040e-02   9.9188751e-01
   6.5265257e-02   9.9242834e-01
   6.6916324e-02   9.9296917e-01
   6.7900496e-02   9.9351001e-01
   6.9954161e-02   9.9405084e-01
   7.1100560e-02   9.9513250e-01
   7.5745997e-02   9.9567334e-01
   7.6023846e-02   9.9621417e-01
   7.7723680e-02   9.9675500e-01
   7.7773049e-02   9.9729584e-01
   8.8559811e-02   9.9783667e-01
   9.0067878e-02   9.9837750e-01
   1.0803947e-01   9.9891833e-01
   1.5146917e-01   9.9945917e-01
   2.5574588e-01   1.0000000e+00
