   6.8261338e-03   0.0000000e+00
   6.8261338e-03   3.1250000e-03
   8.1602670e-03   6.2500000e-03
   8.4516438e-03   1.2500000e-02
   8.6538646e-03   1.5625000e-02
   8.6582400e-03   1.8750000e-02
   9.0387288e-03   2.1875000e-02
   9.3413342e-03   2.5000000e-02
   9.4757240e-03   2.8125000e-02
   9.7162435e-03   3.1250000e-02
   9.7856674e-03   3.4375000e-02
   9.9078004e-03   3.7500000e-02
   1.0130321e-02   4.0625000e-02
   1.0441015e-02   4.6875000e-02
   1.0513594e-02   5.0000000e-02
   1.0709733e-02   5.3125000e-02
   1.0834664e-02   5.6250000e-02
   1.1079675e-02   5.9375000e-02
   1.1242710e-02   6.2500000e-02
   1.1617968e-02   6.5625000e-02
   1.1662534e-02   6.8750000e-02
   1.1892066e-02   7.1875000e-02
   1.2214850e-02   7.5000000e-02
   1.2534880e-02   7.8125000e-02
   1.2624758e-02   8.1250000e-02
   1.2699355e-02   8.4375000e-02
   1.2710704e-02   8.7500000e-02
   1.2837789e-02   9.0625000e-02
   1.3016932e-02   9.3750000e-02
   1.3253041e-02   9.6875000e-02
   1.3295422e-02   1.0000000e-01
   1.3671150e-02   1.0312500e-01
   1.4022148e-02   1.0625000e-01
   1.4404615e-02   1.0937500e-01
   1.4745356e-02   1.1250000e-01
   1.5306733e-02   1.1875000e-01
   1.5508669e-02   1.2187500e-01
   1.5576074e-02   1.2500000e-01
   1.5835247e-02   1.3125000e-01
   1.5988925e-02   1.3437500e-01
   1.6174898e-02   1.3750000e-01
   1.6391115e-02   1.4062500e-01
   1.6527171e-02   1.4375000e-01
   1.6545127e-02   1.4687500e-01
   1.7193962e-02   1.5000000e-01
   1.7260876e-02   1.5312500e-01
   1.7493543e-02   1.5625000e-01
   1.7688433e-02   1.5937500e-01
   1.7706956e-02   1.6562500e-01
   1.7797235e-02   1.6875000e-01
   1.7971801e-02   1.7187500e-01
   1.8077236e-02   1.7500000e-01
   1.8113960e-02   1.7812500e-01
   1.8299284e-02   1.8125000e-01
   1.8359354e-02   1.8437500e-01
   1.8682668e-02   1.8750000e-01
   1.8932542e-02   1.9062500e-01
   1.8951448e-02   1.9375000e-01
   1.9562208e-02   1.9687500e-01
   1.9680353e-02   2.0000000e-01
   1.9758897e-02   2.0312500e-01
   1.9904332e-02   2.0625000e-01
   2.0163684e-02   2.0937500e-01
   2.0377288e-02   2.1250000e-01
   2.0380055e-02   2.1562500e-01
   2.0545785e-02   2.2187500e-01
   2.0836966e-02   2.2500000e-01
   2.0848832e-02   2.2812500e-01
   2.0852586e-02   2.3437500e-01
   2.0894824e-02   2.3750000e-01
   2.1027782e-02   2.4062500e-01
   2.1093435e-02   2.4375000e-01
   2.1138258e-02   2.5000000e-01
   2.1199074e-02   2.5312500e-01
   2.1199282e-02   2.5625000e-01
   2.1271469e-02   2.5937500e-01
   2.1346075e-02   2.6250000e-01
   2.1568982e-02   2.6562500e-01
   2.1660633e-02   2.6875000e-01
   2.1883227e-02   2.7187500e-01
   2.2046330e-02   2.7500000e-01
   2.2073559e-02   2.7812500e-01
   2.2172901e-02   2.8125000e-01
   2.2332635e-02   2.8437500e-01
   2.2484291e-02   2.8750000e-01
   2.2725049e-02   2.9062500e-01
   2.3057717e-02   2.9375000e-01
   2.3451219e-02   2.9687500e-01
   2.3458916e-02   3.0000000e-01
   2.3652592e-02   3.0312500e-01
   2.3714380e-02   3.0625000e-01
   2.3897784e-02   3.1562500e-01
   2.3942026e-02   3.1875000e-01
   2.4062838e-02   3.2187500e-01
   2.4070063e-02   3.2500000e-01
   2.4160297e-02   3.2812500e-01
   2.4186977e-02   3.3125000e-01
   2.4261435e-02   3.3437500e-01
   2.4446199e-02   3.3750000e-01
   2.4482270e-02   3.4062500e-01
   2.4485510e-02   3.4375000e-01
   2.4579455e-02   3.4687500e-01
   2.4742861e-02   3.5000000e-01
   2.4789443e-02   3.5312500e-01
   2.4905078e-02   3.5625000e-01
   2.5133283e-02   3.5937500e-01
   2.5163046e-02   3.6250000e-01
   2.5194093e-02   3.6562500e-01
   2.5511362e-02   3.6875000e-01
   2.5529725e-02   3.7187500e-01
   2.5565673e-02   3.7500000e-01
   2.5940029e-02   3.7812500e-01
   2.6281974e-02   3.8125000e-01
   2.6442851e-02   3.8437500e-01
   2.6599780e-02   3.8750000e-01
   2.6668860e-02   3.9062500e-01
   2.6688656e-02   3.9375000e-01
   2.6923342e-02   3.9687500e-01
   2.7086671e-02   4.0000000e-01
   2.7304535e-02   4.0312500e-01
   2.7369194e-02   4.0625000e-01
   2.7422403e-02   4.0937500e-01
   2.7448577e-02   4.1250000e-01
   2.7539277e-02   4.1562500e-01
   2.7671817e-02   4.1875000e-01
   2.7899600e-02   4.2187500e-01
   2.8142031e-02   4.2500000e-01
   2.8149257e-02   4.2812500e-01
   2.8185726e-02   4.3125000e-01
   2.8335431e-02   4.3437500e-01
   2.8412893e-02   4.3750000e-01
   2.8427172e-02   4.4062500e-01
   2.8541144e-02   4.4375000e-01
   2.9329033e-02   4.4687500e-01
   2.9545279e-02   4.5000000e-01
   2.9780160e-02   4.5312500e-01
   2.9885077e-02   4.5625000e-01
   3.0055469e-02   4.5937500e-01
   3.0323727e-02   4.6250000e-01
   3.0563403e-02   4.6562500e-01
   3.1433353e-02   4.6875000e-01
   3.1548590e-02   4.7187500e-01
   3.1670330e-02   4.7500000e-01
   3.1704649e-02   4.7812500e-01
   3.1711235e-02   4.8125000e-01
   3.1882746e-02   4.8437500e-01
   3.2071887e-02   4.8750000e-01
   3.2386754e-02   4.9062500e-01
   3.2685944e-02   4.9375000e-01
   3.2719551e-02   4.9687500e-01
   3.2795262e-02   5.0000000e-01
   3.2800792e-02   5.0312500e-01
   3.3136596e-02   5.0625000e-01
   3.3606730e-02   5.0937500e-01
   3.3886366e-02   5.1250000e-01
   3.4060013e-02   5.1562500e-01
   3.4343208e-02   5.1875000e-01
   3.4388428e-02   5.2187500e-01
   3.4413202e-02   5.2500000e-01
   3.4848069e-02   5.2812500e-01
   3.4868482e-02   5.3125000e-01
   3.5080680e-02   5.3437500e-01
   3.6350428e-02   5.3750000e-01
   3.6775073e-02   5.4062500e-01
   3.7143387e-02   5.4375000e-01
   3.7159576e-02   5.4687500e-01
   3.7194036e-02   5.5000000e-01
   3.7362216e-02   5.5312500e-01
   3.7391490e-02   5.5625000e-01
   3.7447047e-02   5.5937500e-01
   3.8249365e-02   5.6250000e-01
   3.8483467e-02   5.6562500e-01
   3.8903531e-02   5.6875000e-01
   3.8935677e-02   5.7187500e-01
   3.9037901e-02   5.7500000e-01
   3.9205946e-02   5.7812500e-01
   3.9843025e-02   5.8125000e-01
   3.9918166e-02   5.8437500e-01
   4.0053797e-02   5.8750000e-01
   4.0281005e-02   5.9062500e-01
   4.0520176e-02   5.9375000e-01
   4.1676717e-02   5.9687500e-01
   4.1737959e-02   6.0000000e-01
   4.1777228e-02   6.0312500e-01
   4.1787383e-02   6.0625000e-01
   4.1817207e-02   6.0937500e-01
   4.1963582e-02   6.1250000e-01
   4.1975107e-02   6.1562500e-01
   4.3203330e-02   6.1875000e-01
   4.3871520e-02   6.2187500e-01
   4.4215585e-02   6.2500000e-01
   4.4561503e-02   6.2812500e-01
   4.4947420e-02   6.3125000e-01
   4.5117150e-02   6.3437500e-01
   4.5924615e-02   6.3750000e-01
   4.6021019e-02   6.4062500e-01
   4.6066653e-02   6.4375000e-01
   4.6465754e-02   6.4687500e-01
   4.6708961e-02   6.5000000e-01
   4.6752123e-02   6.5312500e-01
   4.6782217e-02   6.5625000e-01
   4.6855575e-02   6.5937500e-01
   4.7515537e-02   6.6250000e-01
   4.7555130e-02   6.6562500e-01
   4.7855756e-02   6.6875000e-01
   4.7936528e-02   6.7187500e-01
   4.8028693e-02   6.7500000e-01
   4.8917358e-02   6.7812500e-01
   4.8964540e-02   6.8125000e-01
   4.9217204e-02   6.8437500e-01
   4.9350420e-02   6.8750000e-01
   4.9685148e-02   6.9062500e-01
   5.0683314e-02   6.9375000e-01
   5.1312521e-02   6.9687500e-01
   5.1373212e-02   7.0000000e-01
   5.1434534e-02   7.0312500e-01
   5.1803385e-02   7.0625000e-01
   5.2288092e-02   7.0937500e-01
   5.2827688e-02   7.1250000e-01
   5.3694973e-02   7.1562500e-01
   5.4435392e-02   7.1875000e-01
   5.4667439e-02   7.2187500e-01
   5.5400108e-02   7.2500000e-01
   5.5896948e-02   7.2812500e-01
   5.7263249e-02   7.3125000e-01
   5.7286206e-02   7.3437500e-01
   5.7518534e-02   7.3750000e-01
   5.8285654e-02   7.4062500e-01
   5.9159608e-02   7.4375000e-01
   5.9520238e-02   7.4687500e-01
   5.9639307e-02   7.5000000e-01
   6.0973734e-02   7.5312500e-01
   6.2098961e-02   7.5625000e-01
   6.2218531e-02   7.5937500e-01
   6.2427441e-02   7.6250000e-01
   6.2509670e-02   7.6562500e-01
   6.3242843e-02   7.6875000e-01
   6.3484358e-02   7.7187500e-01
   6.4037640e-02   7.7500000e-01
   6.5308098e-02   7.7812500e-01
   6.5425865e-02   7.8125000e-01
   6.5744720e-02   7.8437500e-01
   6.5892374e-02   7.8750000e-01
   6.6001532e-02   7.9062500e-01
   6.6398379e-02   7.9375000e-01
   6.7485494e-02   7.9687500e-01
   6.8562805e-02   8.0000000e-01
   6.8604581e-02   8.0312500e-01
   6.8970200e-02   8.0625000e-01
   6.9328178e-02   8.0937500e-01
   7.0414472e-02   8.1250000e-01
   7.1201335e-02   8.1562500e-01
   7.2161593e-02   8.1875000e-01
   7.2317392e-02   8.2187500e-01
   7.2579178e-02   8.2500000e-01
   7.4034973e-02   8.2812500e-01
   7.5723939e-02   8.3125000e-01
   7.6161335e-02   8.3437500e-01
   7.6245068e-02   8.3750000e-01
   7.8599699e-02   8.4062500e-01
   7.9017479e-02   8.4375000e-01
   8.0204755e-02   8.4687500e-01
   8.1030283e-02   8.5000000e-01
   8.1040353e-02   8.5312500e-01
   8.1160564e-02   8.5625000e-01
   8.1540151e-02   8.5937500e-01
   8.3959422e-02   8.6250000e-01
   8.5364518e-02   8.6562500e-01
   8.7567274e-02   8.6875000e-01
   8.8838265e-02   8.7187500e-01
   8.9114199e-02   8.7500000e-01
   9.0041521e-02   8.7812500e-01
   9.0475107e-02   8.8125000e-01
   9.0915432e-02   8.8437500e-01
   9.0958887e-02   8.8750000e-01
   9.1635811e-02   8.9062500e-01
   9.5870957e-02   8.9375000e-01
   9.6252599e-02   8.9687500e-01
   9.7781452e-02   9.0000000e-01
   9.9624555e-02   9.0312500e-01
   9.9992281e-02   9.0625000e-01
   1.0214983e-01   9.0937500e-01
   1.0223295e-01   9.1250000e-01
   1.0254118e-01   9.1562500e-01
   1.0515093e-01   9.1875000e-01
   1.0536155e-01   9.2187500e-01
   1.0665651e-01   9.2500000e-01
   1.0727903e-01   9.2812500e-01
   1.0926339e-01   9.3125000e-01
   1.1319511e-01   9.3437500e-01
   1.1818956e-01   9.3750000e-01
   1.2022169e-01   9.4062500e-01
   1.2317152e-01   9.4375000e-01
   1.2841117e-01   9.4687500e-01
   1.2851642e-01   9.5000000e-01
   1.2867629e-01   9.5312500e-01
   1.2912366e-01   9.5625000e-01
   1.3006147e-01   9.5937500e-01
   1.3188551e-01   9.6250000e-01
   1.4006998e-01   9.6562500e-01
   1.4186927e-01   9.6875000e-01
   1.6020311e-01   9.7187500e-01
   1.8015329e-01   9.7500000e-01
   1.8086991e-01   9.7812500e-01
   1.8644832e-01   9.8125000e-01
   1.8857692e-01   9.8437500e-01
   1.9513752e-01   9.8750000e-01
   2.0104628e-01   9.9062500e-01
   2.0444955e-01   9.9375000e-01
   2.7874358e-01   9.9687500e-01
   3.3806556e-01   1.0000000e+00
