   7.0516661e-03   0.0000000e+00
   7.0516661e-03   7.9365079e-03
   7.6159685e-03   1.5873016e-02
   8.9315073e-03   2.3809524e-02
   9.3353636e-03   3.1746032e-02
   1.0438094e-02   3.9682540e-02
   1.0521354e-02   4.7619048e-02
   1.0723695e-02   5.5555556e-02
   1.0730046e-02   6.3492063e-02
   1.0736461e-02   7.1428571e-02
   1.1846097e-02   7.9365079e-02
   1.2288873e-02   8.7301587e-02
   1.3635526e-02   9.5238095e-02
   1.3842096e-02   1.0317460e-01
   1.4385927e-02   1.1111111e-01
   1.4416820e-02   1.1904762e-01
   1.4465640e-02   1.2698413e-01
   1.4667620e-02   1.3492063e-01
   1.4672561e-02   1.4285714e-01
   1.4966111e-02   1.5079365e-01
   1.5342307e-02   1.5873016e-01
   1.5528373e-02   1.6666667e-01
   1.6248545e-02   1.7460317e-01
   1.6326333e-02   1.8253968e-01
   1.6386060e-02   1.9047619e-01
   1.6413647e-02   1.9841270e-01
   1.6785262e-02   2.0634921e-01
   1.7285098e-02   2.1428571e-01
   1.7292569e-02   2.2222222e-01
   1.7577045e-02   2.3015873e-01
   1.7778301e-02   2.3809524e-01
   1.8316553e-02   2.4603175e-01
   1.8421371e-02   2.5396825e-01
   1.8548270e-02   2.6190476e-01
   1.8552183e-02   2.6984127e-01
   1.8671857e-02   2.7777778e-01
   1.8758310e-02   2.8571429e-01
   1.8897632e-02   2.9365079e-01
   1.9287285e-02   3.0158730e-01
   1.9680102e-02   3.0952381e-01
   1.9754097e-02   3.1746032e-01
   1.9765388e-02   3.2539683e-01
   2.0414931e-02   3.3333333e-01
   2.0887319e-02   3.4126984e-01
   2.0892521e-02   3.4920635e-01
   2.1122338e-02   3.5714286e-01
   2.1166766e-02   3.6507937e-01
   2.1441263e-02   3.7301587e-01
   2.2010674e-02   3.8095238e-01
   2.3049272e-02   3.8888889e-01
   2.3134847e-02   3.9682540e-01
   2.3187893e-02   4.0476190e-01
   2.4554200e-02   4.1269841e-01
   2.4578867e-02   4.2063492e-01
   2.4926902e-02   4.2857143e-01
   2.5123543e-02   4.3650794e-01
   2.5413611e-02   4.4444444e-01
   2.5659948e-02   4.5238095e-01
   2.6234682e-02   4.6031746e-01
   2.6675492e-02   4.6825397e-01
   2.7601782e-02   4.7619048e-01
   2.7923992e-02   4.8412698e-01
   2.8312689e-02   4.9206349e-01
   2.9056905e-02   5.0000000e-01
   2.9586560e-02   5.0793651e-01
   3.0255775e-02   5.1587302e-01
   3.1152676e-02   5.2380952e-01
   3.2714498e-02   5.3174603e-01
   3.2941927e-02   5.3968254e-01
   3.2976232e-02   5.4761905e-01
   3.3131390e-02   5.5555556e-01
   3.3662527e-02   5.6349206e-01
   3.3972850e-02   5.7142857e-01
   3.4019886e-02   5.7936508e-01
   3.4025507e-02   5.8730159e-01
   3.5076024e-02   5.9523810e-01
   3.5266532e-02   6.0317460e-01
   3.5558087e-02   6.1111111e-01
   3.5648473e-02   6.1904762e-01
   3.6103491e-02   6.2698413e-01
   3.6867740e-02   6.4285714e-01
   3.7134885e-02   6.5079365e-01
   3.8056206e-02   6.5873016e-01
   3.8078106e-02   6.6666667e-01
   3.8842726e-02   6.7460317e-01
   3.9204178e-02   6.8253968e-01
   3.9273946e-02   6.9047619e-01
   3.9862868e-02   6.9841270e-01
   4.0018580e-02   7.0634921e-01
   4.1181807e-02   7.1428571e-01
   4.1313036e-02   7.2222222e-01
   4.1447010e-02   7.3015873e-01
   4.1526288e-02   7.3809524e-01
   4.1665295e-02   7.4603175e-01
   4.2384757e-02   7.5396825e-01
   4.2422525e-02   7.6190476e-01
   4.2570956e-02   7.6984127e-01
   4.3238018e-02   7.7777778e-01
   4.3800587e-02   7.8571429e-01
   4.4146858e-02   7.9365079e-01
   4.4438073e-02   8.0158730e-01
   4.5139144e-02   8.0952381e-01
   4.7708184e-02   8.1746032e-01
   4.8517494e-02   8.2539683e-01
   4.8838632e-02   8.3333333e-01
   4.9211139e-02   8.4126984e-01
   4.9598831e-02   8.4920635e-01
   5.1440141e-02   8.5714286e-01
   5.1618804e-02   8.6507937e-01
   5.1855376e-02   8.7301587e-01
   5.3888143e-02   8.8095238e-01
   5.4062811e-02   8.8888889e-01
   5.4440596e-02   8.9682540e-01
   5.6419853e-02   9.0476190e-01
   6.0444387e-02   9.1269841e-01
   6.1087708e-02   9.2063492e-01
   6.3606821e-02   9.2857143e-01
   6.7251687e-02   9.3650794e-01
   6.7877330e-02   9.4444444e-01
   7.0055110e-02   9.5238095e-01
   7.1476751e-02   9.6031746e-01
   7.4105403e-02   9.6825397e-01
   7.8473867e-02   9.7619048e-01
   8.2894020e-02   9.8412698e-01
   9.8260763e-02   9.9206349e-01
   1.0673130e-01   1.0000000e+00
