   5.4440000e-03   0.0000000e+00
   5.4440000e-03   1.1111111e-02
   8.0064000e-03   2.2222222e-02
   8.3264000e-03   3.3333333e-02
   9.6080000e-03   5.5555556e-02
   1.0248000e-02   6.6666667e-02
   1.2169600e-02   7.7777778e-02
   1.2489600e-02   8.8888889e-02
   1.3130400e-02   1.0000000e-01
   1.5052000e-02   1.2222222e-01
   1.6332800e-02   1.3333333e-01
   1.9215200e-02   1.5555556e-01
   1.9856000e-02   1.7777778e-01
   2.0496800e-02   1.8888889e-01
   2.1136800e-02   2.0000000e-01
   2.1457600e-02   2.1111111e-01
   2.2097600e-02   2.2222222e-01
   2.2417600e-02   2.3333333e-01
   2.2738400e-02   2.4444444e-01
   2.3378400e-02   2.5555556e-01
   2.4339200e-02   2.6666667e-01
   2.4660000e-02   2.7777778e-01
   2.5620800e-02   2.8888889e-01
   2.6260800e-02   3.0000000e-01
   2.6581600e-02   3.1111111e-01
   2.7541600e-02   3.2222222e-01
   2.8182400e-02   3.6666667e-01
   2.8823200e-02   3.7777778e-01
   2.9784000e-02   3.8888889e-01
   3.0104000e-02   4.0000000e-01
   3.0424000e-02   4.2222222e-01
   3.1705600e-02   4.3333333e-01
   3.2986400e-02   4.4444444e-01
   3.3627200e-02   4.7777778e-01
   3.4588000e-02   4.8888889e-01
   3.5228000e-02   5.0000000e-01
   3.6188800e-02   5.1111111e-01
   3.6829600e-02   5.2222222e-01
   3.7469600e-02   5.3333333e-01
   3.8751200e-02   5.4444444e-01
   3.9391200e-02   5.5555556e-01
   3.9712000e-02   5.6666667e-01
   4.0032000e-02   5.7777778e-01
   4.0352000e-02   5.8888889e-01
   4.0672800e-02   6.0000000e-01
   4.1312800e-02   6.2222222e-01
   4.5156000e-02   6.4444444e-01
   4.7397600e-02   6.5555556e-01
   4.9319200e-02   6.7777778e-01
   5.0920800e-02   6.8888889e-01
   5.1240800e-02   7.0000000e-01
   5.1881600e-02   7.2222222e-01
   5.3803200e-02   7.3333333e-01
   5.5084000e-02   7.5555556e-01
   5.5404000e-02   7.6666667e-01
   5.7646400e-02   7.7777778e-01
   5.8927200e-02   7.8888889e-01
   5.9888000e-02   8.0000000e-01
   6.0208000e-02   8.1111111e-01
   6.0528800e-02   8.2222222e-01
   6.2129600e-02   8.3333333e-01
   6.3090400e-02   8.4444444e-01
   6.7574400e-02   8.5555556e-01
   6.8214400e-02   8.6666667e-01
   7.0136000e-02   8.7777778e-01
   7.6220800e-02   8.8888889e-01
   7.6540800e-02   9.0000000e-01
   7.7502400e-02   9.1111111e-01
   8.0064000e-02   9.2222222e-01
   8.8711200e-02   9.3333333e-01
   9.7037600e-02   9.4444444e-01
   1.2265840e-01   9.5555556e-01
   1.2297840e-01   9.6666667e-01
   1.3931120e-01   9.7777778e-01
   1.4251440e-01   9.8888889e-01
   1.5756640e-01   1.0000000e+00
