   6.0197704e-03   0.0000000e+00
   6.0197704e-03   2.4509804e-03
   6.0569382e-03   4.9019608e-03
   6.4179581e-03   7.3529412e-03
   6.4778953e-03   9.8039216e-03
   7.6087899e-03   1.2254902e-02
   7.6231591e-03   1.4705882e-02
   7.7004314e-03   1.9607843e-02
   7.8643558e-03   2.2058824e-02
   8.0222740e-03   2.4509804e-02
   8.2469924e-03   2.6960784e-02
   8.4280365e-03   2.9411765e-02
   8.4471714e-03   3.1862745e-02
   8.4691288e-03   3.6764706e-02
   8.4961041e-03   3.9215686e-02
   8.5037598e-03   4.1666667e-02
   8.5474573e-03   4.4117647e-02
   8.7738209e-03   4.9019608e-02
   8.7811892e-03   5.1470588e-02
   8.8316205e-03   5.3921569e-02
   8.9232762e-03   5.6372549e-02
   9.0754105e-03   5.8823529e-02
   9.1062077e-03   6.3725490e-02
   9.1366846e-03   6.6176471e-02
   9.4428462e-03   6.8627451e-02
   9.4697180e-03   7.1078431e-02
   9.6857988e-03   7.3529412e-02
   9.7167398e-03   7.5980392e-02
   9.7170539e-03   8.0882353e-02
   9.7276981e-03   8.3333333e-02
   9.7899062e-03   8.5784314e-02
   9.9006199e-03   8.8235294e-02
   9.9814043e-03   9.3137255e-02
   9.9991081e-03   9.5588235e-02
   1.0000563e-02   9.8039216e-02
   1.0031846e-02   1.0049020e-01
   1.0054653e-02   1.0294118e-01
   1.0146318e-02   1.0539216e-01
   1.0274161e-02   1.0784314e-01
   1.0327492e-02   1.1029412e-01
   1.0391708e-02   1.1274510e-01
   1.0401998e-02   1.1519608e-01
   1.0435904e-02   1.1764706e-01
   1.0599641e-02   1.2254902e-01
   1.0608849e-02   1.2500000e-01
   1.0647569e-02   1.2745098e-01
   1.0654814e-02   1.2990196e-01
   1.0665955e-02   1.3235294e-01
   1.0938610e-02   1.3725490e-01
   1.1041846e-02   1.3970588e-01
   1.1122246e-02   1.4215686e-01
   1.1192481e-02   1.4460784e-01
   1.1262675e-02   1.4705882e-01
   1.1313821e-02   1.4950980e-01
   1.1389854e-02   1.5196078e-01
   1.1493548e-02   1.5441176e-01
   1.1493638e-02   1.6176471e-01
   1.1549279e-02   1.6421569e-01
   1.1625661e-02   1.6666667e-01
   1.1696608e-02   1.6911765e-01
   1.2098489e-02   1.7401961e-01
   1.2159836e-02   1.7647059e-01
   1.2237231e-02   1.7892157e-01
   1.2277926e-02   1.8137255e-01
   1.2406028e-02   1.8382353e-01
   1.2431272e-02   1.8872549e-01
   1.2549125e-02   1.9117647e-01
   1.2592764e-02   1.9362745e-01
   1.2835222e-02   1.9607843e-01
   1.2862274e-02   1.9852941e-01
   1.3028629e-02   2.0098039e-01
   1.3044454e-02   2.0343137e-01
   1.3158314e-02   2.0588235e-01
   1.3470276e-02   2.0833333e-01
   1.3716521e-02   2.1078431e-01
   1.3883801e-02   2.1323529e-01
   1.3915648e-02   2.1568627e-01
   1.3917104e-02   2.2058824e-01
   1.3941664e-02   2.2303922e-01
   1.4080659e-02   2.2549020e-01
   1.4215593e-02   2.2794118e-01
   1.4227595e-02   2.3039216e-01
   1.4475063e-02   2.3284314e-01
   1.4519702e-02   2.3529412e-01
   1.4828903e-02   2.3774510e-01
   1.4843931e-02   2.4019608e-01
   1.5241543e-02   2.4264706e-01
   1.5251718e-02   2.4509804e-01
   1.5344048e-02   2.4754902e-01
   1.5587685e-02   2.5490196e-01
   1.5677656e-02   2.5980392e-01
   1.5737591e-02   2.6470588e-01
   1.5770758e-02   2.6715686e-01
   1.6011861e-02   2.6960784e-01
   1.6033350e-02   2.7205882e-01
   1.6064293e-02   2.7696078e-01
   1.6104034e-02   2.7941176e-01
   1.6171247e-02   2.8186275e-01
   1.6315400e-02   2.8431373e-01
   1.6431225e-02   2.8676471e-01
   1.6454930e-02   2.8921569e-01
   1.6623022e-02   2.9411765e-01
   1.6782709e-02   2.9656863e-01
   1.6874913e-02   2.9901961e-01
   1.6944477e-02   3.0147059e-01
   1.6953680e-02   3.0392157e-01
   1.6972669e-02   3.0637255e-01
   1.7050922e-02   3.0882353e-01
   1.7085136e-02   3.1127451e-01
   1.7095349e-02   3.1617647e-01
   1.7189401e-02   3.1862745e-01
   1.7234910e-02   3.2107843e-01
   1.7278031e-02   3.2352941e-01
   1.7351623e-02   3.2598039e-01
   1.7486393e-02   3.2843137e-01
   1.7968648e-02   3.3088235e-01
   1.8149692e-02   3.3333333e-01
   1.8210188e-02   3.3823529e-01
   1.8457670e-02   3.4068627e-01
   1.8493769e-02   3.4313725e-01
   1.8618200e-02   3.4558824e-01
   1.8663910e-02   3.4803922e-01
   1.8753056e-02   3.5049020e-01
   1.8770138e-02   3.5294118e-01
   1.9084926e-02   3.5539216e-01
   1.9103334e-02   3.5784314e-01
   1.9357437e-02   3.6029412e-01
   1.9454715e-02   3.6274510e-01
   1.9454938e-02   3.6519608e-01
   1.9677479e-02   3.6764706e-01
   1.9957478e-02   3.7009804e-01
   2.0044485e-02   3.7254902e-01
   2.0286158e-02   3.7500000e-01
   2.0558816e-02   3.7745098e-01
   2.0599334e-02   3.8235294e-01
   2.0655459e-02   3.8480392e-01
   2.0714089e-02   3.8725490e-01
   2.0782824e-02   3.8970588e-01
   2.0926836e-02   3.9215686e-01
   2.1125782e-02   3.9460784e-01
   2.1217127e-02   3.9705882e-01
   2.1277482e-02   3.9950980e-01
   2.1479812e-02   4.0196078e-01
   2.1677345e-02   4.0441176e-01
   2.1778067e-02   4.0686275e-01
   2.1826505e-02   4.0931373e-01
   2.2078758e-02   4.1176471e-01
   2.2244005e-02   4.1421569e-01
   2.2398502e-02   4.1666667e-01
   2.2401866e-02   4.1911765e-01
   2.2545695e-02   4.2156863e-01
   2.2639229e-02   4.2401961e-01
   2.2855198e-02   4.2647059e-01
   2.3010471e-02   4.2892157e-01
   2.3088497e-02   4.3137255e-01
   2.3100667e-02   4.3382353e-01
   2.3224339e-02   4.3627451e-01
   2.3331067e-02   4.3872549e-01
   2.3709848e-02   4.4362745e-01
   2.3895889e-02   4.4852941e-01
   2.3910119e-02   4.5343137e-01
   2.4124636e-02   4.5588235e-01
   2.4203706e-02   4.6078431e-01
   2.4474462e-02   4.6323529e-01
   2.4500412e-02   4.6568627e-01
   2.4813232e-02   4.6813725e-01
   2.4911956e-02   4.7058824e-01
   2.5086554e-02   4.7303922e-01
   2.5393903e-02   4.7549020e-01
   2.5778477e-02   4.7794118e-01
   2.5881406e-02   4.8039216e-01
   2.6224964e-02   4.8284314e-01
   2.6379358e-02   4.8774510e-01
   2.6618555e-02   4.9019608e-01
   2.6890819e-02   4.9264706e-01
   2.6928177e-02   4.9509804e-01
   2.7258400e-02   4.9754902e-01
   2.7408496e-02   5.0000000e-01
   2.8028581e-02   5.0245098e-01
   2.8169621e-02   5.0490196e-01
   2.8384432e-02   5.0735294e-01
   2.8501684e-02   5.0980392e-01
   2.8721119e-02   5.1225490e-01
   2.9127946e-02   5.1470588e-01
   2.9147887e-02   5.2205882e-01
   2.9373231e-02   5.2450980e-01
   2.9618130e-02   5.2696078e-01
   2.9723317e-02   5.2941176e-01
   2.9760422e-02   5.3186275e-01
   2.9764334e-02   5.3431373e-01
   2.9827031e-02   5.3921569e-01
   2.9948291e-02   5.4166667e-01
   3.0283365e-02   5.4411765e-01
   3.0310966e-02   5.4656863e-01
   3.0322136e-02   5.4901961e-01
   3.0554462e-02   5.5147059e-01
   3.0627727e-02   5.5392157e-01
   3.0681865e-02   5.5637255e-01
   3.1101709e-02   5.5882353e-01
   3.1204866e-02   5.6127451e-01
   3.1385961e-02   5.6372549e-01
   3.1592980e-02   5.6617647e-01
   3.2084291e-02   5.6862745e-01
   3.2635502e-02   5.7107843e-01
   3.2689662e-02   5.7352941e-01
   3.2737432e-02   5.7598039e-01
   3.3189675e-02   5.7843137e-01
   3.3272637e-02   5.8088235e-01
   3.3395391e-02   5.8578431e-01
   3.3832931e-02   5.8823529e-01
   3.4199313e-02   5.9068627e-01
   3.4396605e-02   5.9313725e-01
   3.4526629e-02   5.9558824e-01
   3.4617692e-02   5.9803922e-01
   3.4874066e-02   6.0049020e-01
   3.4982379e-02   6.0294118e-01
   3.4996967e-02   6.0539216e-01
   3.5229657e-02   6.0784314e-01
   3.5259120e-02   6.1029412e-01
   3.5327278e-02   6.1274510e-01
   3.5488031e-02   6.1519608e-01
   3.5592104e-02   6.1764706e-01
   3.5689240e-02   6.2009804e-01
   3.5992614e-02   6.2254902e-01
   3.5993507e-02   6.2745098e-01
   3.6264599e-02   6.2990196e-01
   3.6471150e-02   6.3235294e-01
   3.6876275e-02   6.3480392e-01
   3.7326716e-02   6.3725490e-01
   3.7502585e-02   6.3970588e-01
   3.7676897e-02   6.4215686e-01
   3.7990351e-02   6.4460784e-01
   3.7998100e-02   6.4705882e-01
   3.8114893e-02   6.4950980e-01
   3.8756173e-02   6.5196078e-01
   3.9568249e-02   6.5441176e-01
   3.9914119e-02   6.5686275e-01
   4.0109206e-02   6.5931373e-01
   4.0153601e-02   6.6176471e-01
   4.0211822e-02   6.6421569e-01
   4.0534039e-02   6.6666667e-01
   4.0843606e-02   6.6911765e-01
   4.0863569e-02   6.7156863e-01
   4.1133848e-02   6.7401961e-01
   4.1271956e-02   6.7647059e-01
   4.1676120e-02   6.7892157e-01
   4.1784160e-02   6.8137255e-01
   4.2808976e-02   6.8382353e-01
   4.2843105e-02   6.8627451e-01
   4.2898246e-02   6.8872549e-01
   4.2906699e-02   6.9117647e-01
   4.3272571e-02   6.9362745e-01
   4.3509586e-02   6.9607843e-01
   4.3604404e-02   6.9852941e-01
   4.3635390e-02   7.0098039e-01
   4.3670397e-02   7.0343137e-01
   4.3741631e-02   7.0588235e-01
   4.3773954e-02   7.0833333e-01
   4.4089932e-02   7.1078431e-01
   4.4640632e-02   7.1323529e-01
   4.4834247e-02   7.1568627e-01
   4.4889350e-02   7.1813725e-01
   4.4898416e-02   7.2058824e-01
   4.5342803e-02   7.2303922e-01
   4.5368111e-02   7.2549020e-01
   4.5398766e-02   7.2794118e-01
   4.6601517e-02   7.3039216e-01
   4.6702551e-02   7.3284314e-01
   4.6750930e-02   7.3529412e-01
   4.6880644e-02   7.3774510e-01
   4.7024750e-02   7.4019608e-01
   4.7033632e-02   7.4264706e-01
   4.7505735e-02   7.4509804e-01
   4.7805329e-02   7.4754902e-01
   4.7815305e-02   7.5000000e-01
   4.8155449e-02   7.5245098e-01
   4.8585109e-02   7.5490196e-01
   4.8631335e-02   7.5735294e-01
   4.8645652e-02   7.5980392e-01
   4.8739063e-02   7.6225490e-01
   4.8763156e-02   7.6470588e-01
   4.8787671e-02   7.6715686e-01
   4.9643994e-02   7.6960784e-01
   4.9869692e-02   7.7205882e-01
   4.9961754e-02   7.7450980e-01
   5.0215832e-02   7.7696078e-01
   5.0854075e-02   7.7941176e-01
   5.0908307e-02   7.8186275e-01
   5.1283808e-02   7.8431373e-01
   5.1594372e-02   7.8676471e-01
   5.1884341e-02   7.8921569e-01
   5.2131863e-02   7.9166667e-01
   5.3071792e-02   7.9411765e-01
   5.3246087e-02   7.9656863e-01
   5.3550928e-02   7.9901961e-01
   5.3635616e-02   8.0147059e-01
   5.3768807e-02   8.0392157e-01
   5.3776698e-02   8.0637255e-01
   5.4043614e-02   8.0882353e-01
   5.4193438e-02   8.1127451e-01
   5.4225298e-02   8.1372549e-01
   5.4282385e-02   8.1617647e-01
   5.5004199e-02   8.1862745e-01
   5.5400855e-02   8.2107843e-01
   5.5997628e-02   8.2352941e-01
   5.6032042e-02   8.2598039e-01
   5.6597738e-02   8.2843137e-01
   5.7304581e-02   8.3088235e-01
   5.7613031e-02   8.3333333e-01
   5.7901309e-02   8.3578431e-01
   5.8910440e-02   8.3823529e-01
   5.9583674e-02   8.4068627e-01
   5.9820026e-02   8.4313725e-01
   6.2504972e-02   8.4558824e-01
   6.4587407e-02   8.4803922e-01
   6.5453394e-02   8.5049020e-01
   6.5555669e-02   8.5294118e-01
   6.6517616e-02   8.5539216e-01
   6.8246552e-02   8.5784314e-01
   6.8754526e-02   8.6029412e-01
   7.0282838e-02   8.6274510e-01
   7.1482674e-02   8.6519608e-01
   7.2940235e-02   8.6764706e-01
   7.3515657e-02   8.7009804e-01
   7.4419711e-02   8.7254902e-01
   7.4442679e-02   8.7500000e-01
   7.4907852e-02   8.7745098e-01
   7.4933051e-02   8.7990196e-01
   7.6960630e-02   8.8235294e-01
   7.7719730e-02   8.8480392e-01
   7.7842157e-02   8.8725490e-01
   8.0023078e-02   8.8970588e-01
   8.0639977e-02   8.9215686e-01
   8.1589894e-02   8.9460784e-01
   8.1710865e-02   8.9705882e-01
   8.1791978e-02   8.9950980e-01
   8.3172708e-02   9.0196078e-01
   8.4300107e-02   9.0441176e-01
   8.4526141e-02   9.0686275e-01
   8.4588164e-02   9.0931373e-01
   8.4739571e-02   9.1176471e-01
   8.5151240e-02   9.1421569e-01
   8.6301720e-02   9.1666667e-01
   8.6480230e-02   9.1911765e-01
   8.8276324e-02   9.2156863e-01
   8.8729325e-02   9.2401961e-01
   8.9653212e-02   9.2647059e-01
   9.1802143e-02   9.2892157e-01
   9.4778959e-02   9.3137255e-01
   1.0026389e-01   9.3382353e-01
   1.0130945e-01   9.3627451e-01
   1.0373024e-01   9.3872549e-01
   1.0416520e-01   9.4117647e-01
   1.0634815e-01   9.4362745e-01
   1.0695190e-01   9.4607843e-01
   1.1357503e-01   9.4852941e-01
   1.1626885e-01   9.5098039e-01
   1.1722356e-01   9.5343137e-01
   1.2213580e-01   9.5588235e-01
   1.2248578e-01   9.5833333e-01
   1.2332088e-01   9.6078431e-01
   1.2371142e-01   9.6323529e-01
   1.2546596e-01   9.6568627e-01
   1.3470978e-01   9.6813725e-01
   1.4243111e-01   9.7058824e-01
   1.4280378e-01   9.7303922e-01
   1.5425791e-01   9.7549020e-01
   1.5475228e-01   9.7794118e-01
   1.6336700e-01   9.8039216e-01
   1.6909014e-01   9.8284314e-01
   1.7085005e-01   9.8529412e-01
   1.9386433e-01   9.8774510e-01
   2.1002660e-01   9.9019608e-01
   2.2487133e-01   9.9264706e-01
   2.2688428e-01   9.9509804e-01
   2.5759386e-01   9.9754902e-01
   2.6308068e-01   1.0000000e+00
