   5.3141632e-03   0.0000000e+00
   5.3141632e-03   6.7114094e-03
   5.7019953e-03   1.3422819e-02
   7.2693345e-03   2.0134228e-02
   8.6148235e-03   2.6845638e-02
   9.5276970e-03   3.3557047e-02
   9.6949399e-03   4.0268456e-02
   9.9203378e-03   4.6979866e-02
   1.0048260e-02   5.3691275e-02
   1.0154778e-02   6.0402685e-02
   1.0337290e-02   6.7114094e-02
   1.0715344e-02   7.3825503e-02
   1.1443002e-02   8.0536913e-02
   1.1467411e-02   8.7248322e-02
   1.1833317e-02   9.3959732e-02
   1.1925311e-02   1.0067114e-01
   1.2156296e-02   1.0738255e-01
   1.2482983e-02   1.1409396e-01
   1.2639463e-02   1.2080537e-01
   1.2815337e-02   1.3422819e-01
   1.3411957e-02   1.4093960e-01
   1.3680449e-02   1.4765101e-01
   1.3743925e-02   1.6107383e-01
   1.3759887e-02   1.6778523e-01
   1.3834118e-02   1.7449664e-01
   1.4606417e-02   1.8120805e-01
   1.5093130e-02   1.8791946e-01
   1.6192412e-02   1.9463087e-01
   1.6478049e-02   2.0134228e-01
   1.6744063e-02   2.0805369e-01
   1.6814045e-02   2.2147651e-01
   1.6827801e-02   2.2818792e-01
   1.7641473e-02   2.3489933e-01
   1.8191876e-02   2.4161074e-01
   1.8351309e-02   2.4832215e-01
   1.8425479e-02   2.5503356e-01
   1.8555370e-02   2.6174497e-01
   1.8927918e-02   2.6845638e-01
   1.9013026e-02   2.7516779e-01
   1.9269776e-02   2.8187919e-01
   1.9533970e-02   2.8859060e-01
   1.9651752e-02   2.9530201e-01
   1.9801848e-02   3.0201342e-01
   1.9972530e-02   3.0872483e-01
   1.9991352e-02   3.1543624e-01
   2.0551519e-02   3.2214765e-01
   2.0796424e-02   3.2885906e-01
   2.0937843e-02   3.3557047e-01
   2.1062055e-02   3.4228188e-01
   2.1297873e-02   3.4899329e-01
   2.1487386e-02   3.6241611e-01
   2.1515682e-02   3.6912752e-01
   2.1602801e-02   3.7583893e-01
   2.1657222e-02   3.8255034e-01
   2.1671313e-02   3.8926174e-01
   2.2338627e-02   3.9597315e-01
   2.2763953e-02   4.0268456e-01
   2.2893715e-02   4.0939597e-01
   2.2903565e-02   4.1610738e-01
   2.2961826e-02   4.2281879e-01
   2.3316970e-02   4.2953020e-01
   2.3790086e-02   4.3624161e-01
   2.4007113e-02   4.4295302e-01
   2.4549030e-02   4.4966443e-01
   2.4749297e-02   4.5637584e-01
   2.5430727e-02   4.6308725e-01
   2.5748691e-02   4.6979866e-01
   2.5839355e-02   4.7651007e-01
   2.6018276e-02   4.8322148e-01
   2.6507502e-02   4.8993289e-01
   2.6641629e-02   4.9664430e-01
   2.6644330e-02   5.0335570e-01
   2.6787572e-02   5.1006711e-01
   2.6860251e-02   5.1677852e-01
   2.7109135e-02   5.2348993e-01
   2.7623833e-02   5.3020134e-01
   2.7669575e-02   5.3691275e-01
   2.8023588e-02   5.4362416e-01
   2.8576831e-02   5.5033557e-01
   2.8650704e-02   5.5704698e-01
   2.9865843e-02   5.6375839e-01
   3.1266197e-02   5.7046980e-01
   3.2424390e-02   5.7718121e-01
   3.2506000e-02   5.8389262e-01
   3.3809116e-02   5.9060403e-01
   3.3876713e-02   5.9731544e-01
   3.4576769e-02   6.0402685e-01
   3.4739877e-02   6.1073826e-01
   3.5073698e-02   6.1744966e-01
   3.5309937e-02   6.2416107e-01
   3.6003318e-02   6.3087248e-01
   3.6295077e-02   6.3758389e-01
   3.6865974e-02   6.4429530e-01
   3.7246714e-02   6.5100671e-01
   3.7425612e-02   6.5771812e-01
   3.7691470e-02   6.6442953e-01
   3.8337790e-02   6.7114094e-01
   3.9069439e-02   6.7785235e-01
   3.9652726e-02   6.8456376e-01
   3.9965533e-02   6.9127517e-01
   4.0229430e-02   6.9798658e-01
   4.0860548e-02   7.0469799e-01
   4.1343615e-02   7.1140940e-01
   4.1403514e-02   7.1812081e-01
   4.2169643e-02   7.2483221e-01
   4.3254814e-02   7.3154362e-01
   4.4108657e-02   7.3825503e-01
   4.4492851e-02   7.4496644e-01
   4.4546002e-02   7.5167785e-01
   4.4843845e-02   7.5838926e-01
   4.5542125e-02   7.6510067e-01
   4.6519480e-02   7.7181208e-01
   4.7441768e-02   7.7852349e-01
   4.8476129e-02   7.8523490e-01
   4.8495439e-02   7.9194631e-01
   4.9147051e-02   7.9865772e-01
   5.0954675e-02   8.0536913e-01
   5.1772903e-02   8.1208054e-01
   5.2123982e-02   8.1879195e-01
   5.2550854e-02   8.2550336e-01
   5.3352659e-02   8.3221477e-01
   5.4667654e-02   8.3892617e-01
   5.4720665e-02   8.4563758e-01
   5.5095271e-02   8.5234899e-01
   5.8843550e-02   8.5906040e-01
   5.8964705e-02   8.6577181e-01
   5.9486760e-02   8.7248322e-01
   6.0780357e-02   8.7919463e-01
   6.2147957e-02   8.8590604e-01
   6.4820680e-02   8.9261745e-01
   6.6980428e-02   8.9932886e-01
   6.8525844e-02   9.0604027e-01
   7.0112728e-02   9.1275168e-01
   7.0534942e-02   9.1946309e-01
   7.3644280e-02   9.2617450e-01
   7.5163425e-02   9.3288591e-01
   7.6860982e-02   9.3959732e-01
   8.3975939e-02   9.4630872e-01
   8.4074802e-02   9.5302013e-01
   9.1639387e-02   9.5973154e-01
   1.0086890e-01   9.6644295e-01
   1.0475536e-01   9.7315436e-01
   1.1277431e-01   9.7986577e-01
   1.2644054e-01   9.8657718e-01
   1.4482455e-01   9.9328859e-01
   1.7930558e-01   1.0000000e+00
