   2.9472000e-03   0.0000000e+00
   2.9472000e-03   1.7050298e-03
   3.3688000e-03   2.5575448e-03
   3.7896000e-03   5.9676044e-03
   4.2104000e-03   1.0230179e-02
   4.6312000e-03   1.5345269e-02
   5.0528000e-03   4.0068201e-02
   5.4736000e-03   5.2855925e-02
   5.8944000e-03   7.7578858e-02
   6.3160000e-03   1.3725490e-01
   6.7368000e-03   1.9266837e-01
   7.1576000e-03   2.5745951e-01
   7.5792000e-03   3.7851662e-01
   8.0000000e-03   4.3307758e-01
   8.4208000e-03   4.7826087e-01
   8.8424000e-03   5.6521739e-01
   9.2632000e-03   6.0272805e-01
   9.6840000e-03   6.3341858e-01
   1.0105600e-02   6.8456948e-01
   1.0526400e-02   7.1184996e-01
   1.0947200e-02   7.4083546e-01
   1.1368000e-02   7.8516624e-01
   1.1789600e-02   8.0733163e-01
   1.2210400e-02   8.2864450e-01
   1.2632000e-02   8.5933504e-01
   1.3052800e-02   8.7723785e-01
   1.3473600e-02   8.9684569e-01
   1.3894400e-02   9.1730605e-01
   1.4316000e-02   9.3094629e-01
   1.4736800e-02   9.3861893e-01
   1.5157600e-02   9.5140665e-01
   1.5579200e-02   9.5993180e-01
   1.6000000e-02   9.6504689e-01
   1.6420800e-02   9.6760443e-01
   1.6842400e-02   9.7783461e-01
   1.7263200e-02   9.8124467e-01
   1.7684000e-02   9.8380222e-01
   1.8526400e-02   9.8891731e-01
   1.8947200e-02   9.9317988e-01
   1.9368000e-02   9.9403240e-01
   2.0210400e-02   9.9488491e-01
   2.1052800e-02   9.9658994e-01
   2.2736800e-02   9.9744246e-01
   2.3157600e-02   9.9829497e-01
   2.5263200e-02   9.9914749e-01
   3.3263200e-02   1.0000000e+00
