   3.1248000e-03   0.0000000e+00
   3.1248000e-03   1.3071895e-02
   4.6872000e-03   1.9607843e-02
   5.2080000e-03   3.2679739e-02
   5.7288000e-03   5.2287582e-02
   6.2504000e-03   7.1895425e-02
   6.7712000e-03   1.0457516e-01
   7.2920000e-03   1.1764706e-01
   7.8128000e-03   1.3071895e-01
   8.3336000e-03   1.3725490e-01
   8.8544000e-03   1.4379085e-01
   9.3752000e-03   1.5686275e-01
   9.8960000e-03   1.8300654e-01
   1.0416800e-02   1.8954248e-01
   1.1458400e-02   2.0915033e-01
   1.1979200e-02   2.1568627e-01
   1.2500000e-02   2.5490196e-01
   1.3020800e-02   2.7450980e-01
   1.3541600e-02   2.8104575e-01
   1.4062400e-02   3.0065359e-01
   1.4583200e-02   3.2026144e-01
   1.5104000e-02   3.3333333e-01
   1.5624800e-02   3.3986928e-01
   1.6145600e-02   3.5294118e-01
   1.6666400e-02   3.6601307e-01
   1.7187200e-02   3.7254902e-01
   1.7708000e-02   3.7908497e-01
   1.8229600e-02   3.8562092e-01
   1.8750400e-02   3.9869281e-01
   1.9270400e-02   4.1176471e-01
   2.0312800e-02   4.3790850e-01
   2.0833600e-02   4.5751634e-01
   2.1875200e-02   4.6405229e-01
   2.2396000e-02   4.8366013e-01
   2.2916800e-02   5.0326797e-01
   2.3437600e-02   5.2287582e-01
   2.3958400e-02   5.2941176e-01
   2.4479200e-02   5.6209150e-01
   2.5000000e-02   5.6862745e-01
   2.6041600e-02   5.8823529e-01
   2.7083200e-02   6.0130719e-01
   2.8124800e-02   6.1437908e-01
   2.9166400e-02   6.2091503e-01
   2.9687200e-02   6.2745098e-01
   3.0729600e-02   6.3398693e-01
   3.1770400e-02   6.4705882e-01
   3.2292000e-02   6.5359477e-01
   3.4375200e-02   6.6013072e-01
   3.4896000e-02   6.6666667e-01
   3.5416800e-02   6.7320261e-01
   3.5937600e-02   6.7973856e-01
   3.6458400e-02   6.8627451e-01
   3.6979200e-02   6.9281046e-01
   3.8020800e-02   6.9934641e-01
   3.8541600e-02   7.0588235e-01
   4.0104000e-02   7.1241830e-01
   4.0624800e-02   7.3856209e-01
   4.2708000e-02   7.5163399e-01
   4.3229600e-02   7.7124183e-01
   4.3750400e-02   7.8431373e-01
   4.5312800e-02   7.9738562e-01
   4.6875200e-02   8.1045752e-01
   4.8958400e-02   8.1699346e-01
   5.0000000e-02   8.2352941e-01
   5.3124800e-02   8.3006536e-01
   5.4687200e-02   8.4313725e-01
   5.5208000e-02   8.4967320e-01
   5.6250400e-02   8.5620915e-01
   6.0937600e-02   8.6274510e-01
   6.3020800e-02   8.6928105e-01
   6.4583200e-02   8.7581699e-01
   6.8229600e-02   8.8235294e-01
   7.3958400e-02   8.8888889e-01
   7.5520800e-02   8.9542484e-01
   7.6562400e-02   9.0196078e-01
   7.9687200e-02   9.0849673e-01
   8.4375200e-02   9.1503268e-01
   8.6458400e-02   9.2156863e-01
   8.6979200e-02   9.2810458e-01
   9.6875200e-02   9.4117647e-01
   1.0104160e-01   9.4771242e-01
   1.0989600e-01   9.6078431e-01
   1.1927120e-01   9.6732026e-01
   1.2812480e-01   9.7385621e-01
   1.2864560e-01   9.8039216e-01
   1.3229200e-01   9.8692810e-01
   1.4895840e-01   9.9346405e-01
   2.8124960e-01   1.0000000e+00
