   3.9296000e-03   0.0000000e+00
   3.9296000e-03   2.6315789e-02
   4.7152000e-03   5.2631579e-02
   6.6800000e-03   1.0526316e-01
   7.4656000e-03   1.3157895e-01
   8.6440000e-03   1.5789474e-01
   9.4304000e-03   1.8421053e-01
   9.8232000e-03   2.3684211e-01
   1.1002400e-02   2.8947368e-01
   1.1395200e-02   3.6842105e-01
   1.2180800e-02   3.9473684e-01
   1.2966400e-02   4.2105263e-01
   1.3752800e-02   5.0000000e-01
   1.4145600e-02   5.2631579e-01
   1.4931200e-02   5.5263158e-01
   1.6109600e-02   5.7894737e-01
   1.7288800e-02   6.3157895e-01
   1.8468000e-02   6.5789474e-01
   2.0039200e-02   6.8421053e-01
   2.3968800e-02   7.1052632e-01
   2.4754400e-02   7.3684211e-01
   2.6326400e-02   7.6315789e-01
   2.6719200e-02   7.8947368e-01
   3.1041600e-02   8.1578947e-01
   3.2612800e-02   8.4210526e-01
   3.6149600e-02   8.9473684e-01
   4.1257600e-02   9.2105263e-01
   4.6365600e-02   9.4736842e-01
   9.0373600e-02   9.7368421e-01
   1.3752480e-01   1.0000000e+00
