   3.1008000e-03   0.0000000e+00
   3.1008000e-03   2.2831050e-03
   3.8760000e-03   4.5662100e-03
   4.2632000e-03   9.1324201e-03
   4.6512000e-03   1.5981735e-02
   5.0384000e-03   2.7397260e-02
   5.4264000e-03   3.1963470e-02
   5.8136000e-03   3.8812785e-02
   6.2016000e-03   6.3926941e-02
   6.5888000e-03   7.0776256e-02
   6.9768000e-03   9.8173516e-02
   7.3640000e-03   1.0958904e-01
   7.7520000e-03   1.2100457e-01
   8.1392000e-03   1.4611872e-01
   8.5272000e-03   1.5753425e-01
   8.9144000e-03   1.7808219e-01
   9.3024000e-03   1.9863014e-01
   9.6896000e-03   2.1461187e-01
   1.0077600e-02   2.3744292e-01
   1.0464800e-02   2.5799087e-01
   1.0852800e-02   2.6255708e-01
   1.1240000e-02   2.8082192e-01
   1.1628000e-02   2.8538813e-01
   1.2015200e-02   2.9223744e-01
   1.2403200e-02   3.1050228e-01
   1.2790400e-02   3.3105023e-01
   1.3178400e-02   3.4474886e-01
   1.3565600e-02   3.7442922e-01
   1.3953600e-02   3.8127854e-01
   1.4340800e-02   4.0410959e-01
   1.4728800e-02   4.2465753e-01
   1.5116000e-02   4.4977169e-01
   1.5504000e-02   4.6118721e-01
   1.5891200e-02   4.7260274e-01
   1.6279200e-02   4.9315068e-01
   1.6666400e-02   5.0684932e-01
   1.7054400e-02   5.1826484e-01
   1.7441600e-02   5.3881279e-01
   1.7829600e-02   5.4337900e-01
   1.8216800e-02   5.4794521e-01
   1.8604800e-02   5.5251142e-01
   1.8992000e-02   5.5936073e-01
   1.9380000e-02   5.7305936e-01
   1.9767200e-02   5.7762557e-01
   2.0155200e-02   5.9589041e-01
   2.0542400e-02   6.0273973e-01
   2.0930400e-02   6.0958904e-01
   2.1317600e-02   6.2557078e-01
   2.1705600e-02   6.3013699e-01
   2.2092800e-02   6.3698630e-01
   2.2480800e-02   6.4840183e-01
   2.2868000e-02   6.5525114e-01
   2.3256000e-02   6.6210046e-01
   2.3643200e-02   6.7351598e-01
   2.4031200e-02   6.7808219e-01
   2.4418400e-02   6.8264840e-01
   2.4806400e-02   6.8721461e-01
   2.5193600e-02   6.9178082e-01
   2.5581600e-02   7.0091324e-01
   2.6356800e-02   7.0319635e-01
   2.7519200e-02   7.1004566e-01
   2.7907200e-02   7.1917808e-01
   2.8294400e-02   7.2374429e-01
   2.8682400e-02   7.3515982e-01
   2.9069600e-02   7.3744292e-01
   2.9457600e-02   7.4200913e-01
   2.9844800e-02   7.5570776e-01
   3.0620000e-02   7.6027397e-01
   3.1008000e-02   7.6255708e-01
   3.1395200e-02   7.6484018e-01
   3.1783200e-02   7.7168950e-01
   3.2170400e-02   7.7397260e-01
   3.2945600e-02   7.7625571e-01
   3.3333600e-02   7.8082192e-01
   3.4108800e-02   7.8310502e-01
   3.4496000e-02   7.8995434e-01
   3.4884000e-02   7.9680365e-01
   3.5271200e-02   8.0593607e-01
   3.5659200e-02   8.1050228e-01
   3.6046400e-02   8.1506849e-01
   3.6434400e-02   8.2420091e-01
   3.6821600e-02   8.3333333e-01
   3.7209600e-02   8.3789954e-01
   3.7596800e-02   8.4246575e-01
   3.8372000e-02   8.4474886e-01
   3.8760000e-02   8.5616438e-01
   3.9535200e-02   8.6073059e-01
   3.9922400e-02   8.6301370e-01
   4.0310400e-02   8.6529680e-01
   4.1085600e-02   8.6986301e-01
   4.1860800e-02   8.7214612e-01
   4.2248000e-02   8.7671233e-01
   4.3023200e-02   8.7899543e-01
   4.3798400e-02   8.8127854e-01
   4.6124000e-02   8.8584475e-01
   4.6511200e-02   8.9041096e-01
   4.7674400e-02   8.9497717e-01
   4.8061600e-02   8.9726027e-01
   4.8449600e-02   8.9954338e-01
   4.8836800e-02   9.0410959e-01
   4.9612800e-02   9.0639269e-01
   5.0000000e-02   9.0867580e-01
   5.0387200e-02   9.1095890e-01
   5.0775200e-02   9.1552511e-01
   5.1162400e-02   9.1780822e-01
   5.2325600e-02   9.2009132e-01
   5.2713600e-02   9.2237443e-01
   5.4264000e-02   9.2465753e-01
   5.5426400e-02   9.2694064e-01
   5.6976800e-02   9.3150685e-01
   5.7364000e-02   9.3378995e-01
   5.8139200e-02   9.3607306e-01
   6.0464800e-02   9.4063927e-01
   6.1240000e-02   9.4292237e-01
   6.1628000e-02   9.4520548e-01
   6.2403200e-02   9.4977169e-01
   6.2790400e-02   9.5205479e-01
   6.7054400e-02   9.5433790e-01
   6.8604800e-02   9.5662100e-01
   7.1317600e-02   9.5890411e-01
   7.2480800e-02   9.6118721e-01
   7.7132000e-02   9.6347032e-01
   7.8682400e-02   9.6575342e-01
   7.9844800e-02   9.6803653e-01
   8.2170400e-02   9.7031963e-01
   8.3333600e-02   9.7260274e-01
   8.7596800e-02   9.7488584e-01
   9.1860800e-02   9.7716895e-01
   9.4961600e-02   9.7945205e-01
   9.7287200e-02   9.8173516e-01
   1.0000000e-01   9.8401826e-01
   1.0232560e-01   9.8630137e-01
   1.0271280e-01   9.8858447e-01
   1.1317840e-01   9.9086758e-01
   1.1589120e-01   9.9315068e-01
   1.3255840e-01   9.9543379e-01
   1.4302320e-01   9.9771689e-01
   1.5000000e-01   1.0000000e+00
