   2.7272000e-03   0.0000000e+00
   2.7272000e-03   2.3640662e-03
   3.1816000e-03   7.0921986e-03
   3.6360000e-03   9.4562648e-03
   4.0912000e-03   1.4184397e-02
   4.5456000e-03   1.6548463e-02
   5.0000000e-03   2.1276596e-02
   5.9088000e-03   2.8368794e-02
   6.3640000e-03   3.7825059e-02
   6.8184000e-03   4.4917258e-02
   7.2728000e-03   4.9645390e-02
   7.7272000e-03   5.4373522e-02
   8.1816000e-03   6.6193853e-02
   8.6360000e-03   8.0378251e-02
   9.0912000e-03   9.4562648e-02
   9.5456000e-03   1.1111111e-01
   1.0000000e-02   1.2293144e-01
   1.0454400e-02   1.3475177e-01
   1.0908800e-02   1.4184397e-01
   1.1364000e-02   1.5366430e-01
   1.1818400e-02   1.6784870e-01
   1.2272800e-02   1.8439716e-01
   1.2727200e-02   1.9621749e-01
   1.3181600e-02   1.9858156e-01
   1.3636800e-02   2.1040189e-01
   1.4091200e-02   2.3640662e-01
   1.4545600e-02   2.5059102e-01
   1.5000000e-02   2.7895981e-01
   1.5454400e-02   2.8368794e-01
   1.5908800e-02   2.8841608e-01
   1.6364000e-02   3.0260047e-01
   1.6818400e-02   3.1914894e-01
   1.7272800e-02   3.3569740e-01
   1.7727200e-02   3.4515366e-01
   1.8181600e-02   3.6643026e-01
   1.8636800e-02   3.7825059e-01
   1.9091200e-02   3.8297872e-01
   1.9545600e-02   3.9243499e-01
   2.0000000e-02   4.1607565e-01
   2.0454400e-02   4.2789598e-01
   2.0908800e-02   4.3262411e-01
   2.1363200e-02   4.5153664e-01
   2.1818400e-02   4.5626478e-01
   2.2272800e-02   4.6572104e-01
   2.2727200e-02   4.8226950e-01
   2.3181600e-02   4.9172577e-01
   2.3636000e-02   5.0591017e-01
   2.4091200e-02   5.2009456e-01
   2.4545600e-02   5.2718676e-01
   2.5000000e-02   5.4846336e-01
   2.5454400e-02   5.5791962e-01
   2.5908800e-02   5.6264775e-01
   2.6363200e-02   5.7683215e-01
   2.6818400e-02   5.8628842e-01
   2.7272800e-02   5.9101655e-01
   2.7727200e-02   5.9810875e-01
   2.8181600e-02   6.0992908e-01
   2.8636800e-02   6.4066194e-01
   2.9091200e-02   6.5721040e-01
   2.9545600e-02   6.6430260e-01
   3.0000000e-02   6.8557920e-01
   3.0454400e-02   6.9267139e-01
   3.1364000e-02   6.9503546e-01
   3.1818400e-02   6.9976359e-01
   3.2272800e-02   7.0921986e-01
   3.2727200e-02   7.1631206e-01
   3.3181600e-02   7.2340426e-01
   3.3636000e-02   7.3995272e-01
   3.4091200e-02   7.4940898e-01
   3.4545600e-02   7.5413712e-01
   3.5000000e-02   7.6122931e-01
   3.5454400e-02   7.6832151e-01
   3.5908800e-02   7.7068558e-01
   3.6364000e-02   7.8014184e-01
   3.7272800e-02   7.8959811e-01
   3.7727200e-02   8.0141844e-01
   3.8181600e-02   8.0614657e-01
   3.8636000e-02   8.1087470e-01
   3.9545600e-02   8.1323877e-01
   4.0000000e-02   8.2033097e-01
   4.0454400e-02   8.2269504e-01
   4.1364000e-02   8.2978723e-01
   4.1818400e-02   8.3451537e-01
   4.2272800e-02   8.3924350e-01
   4.2727200e-02   8.4160757e-01
   4.3181600e-02   8.4633570e-01
   4.3636000e-02   8.5342790e-01
   4.4091200e-02   8.5815603e-01
   4.4545600e-02   8.6052009e-01
   4.5454400e-02   8.6288416e-01
   4.5908800e-02   8.6761229e-01
   4.6363200e-02   8.7234043e-01
   4.6818400e-02   8.7706856e-01
   4.7272800e-02   8.8179669e-01
   4.7727200e-02   8.8888889e-01
   4.8636800e-02   8.9834515e-01
   4.9091200e-02   9.0070922e-01
   4.9545600e-02   9.0307329e-01
   5.0000000e-02   9.0543735e-01
   5.0454400e-02   9.0780142e-01
   5.1363200e-02   9.1489362e-01
   5.2272800e-02   9.1725768e-01
   5.2727200e-02   9.2434988e-01
   5.3636000e-02   9.3144208e-01
   5.5454400e-02   9.3380615e-01
   5.8181600e-02   9.3853428e-01
   5.8636000e-02   9.4089835e-01
   5.9545600e-02   9.4326241e-01
   6.1363200e-02   9.5271868e-01
   6.2272800e-02   9.5508274e-01
   6.5000000e-02   9.5744681e-01
   6.5908800e-02   9.5981087e-01
   6.6818400e-02   9.6217494e-01
   6.7272800e-02   9.6453901e-01
   6.7727200e-02   9.6690307e-01
   6.8636000e-02   9.6926714e-01
   6.9545600e-02   9.7399527e-01
   7.2272800e-02   9.7635934e-01
   7.3636800e-02   9.7872340e-01
   7.9091200e-02   9.8108747e-01
   7.9545600e-02   9.8345154e-01
   8.0000000e-02   9.8581560e-01
   8.2272800e-02   9.8817967e-01
   9.2272800e-02   9.9290780e-01
   1.0000000e-01   9.9527187e-01
   1.1954560e-01   9.9763593e-01
   1.7363600e-01   1.0000000e+00
