   6.0895643e-03   0.0000000e+00
   6.0895643e-03   3.7593985e-03
   6.2199729e-03   7.5187970e-03
   6.5738664e-03   1.1278195e-02
   6.9952785e-03   1.8796992e-02
   7.0301518e-03   2.2556391e-02
   7.2882663e-03   2.6315789e-02
   7.4576071e-03   3.7593985e-02
   7.8140368e-03   4.1353383e-02
   7.8237705e-03   4.5112782e-02
   7.8646331e-03   4.8872180e-02
   8.0712978e-03   5.2631579e-02
   8.3380868e-03   5.6390977e-02
   8.3590582e-03   6.3909774e-02
   8.4427707e-03   6.7669173e-02
   8.4827486e-03   7.1428571e-02
   8.6124370e-03   7.5187970e-02
   8.6403513e-03   7.8947368e-02
   8.6496589e-03   8.2706767e-02
   8.7188639e-03   8.6466165e-02
   8.7445838e-03   9.0225564e-02
   8.9362544e-03   9.3984962e-02
   9.0142441e-03   9.7744361e-02
   9.0291880e-03   1.0150376e-01
   9.1235279e-03   1.0902256e-01
   9.1478901e-03   1.1278195e-01
   9.1779348e-03   1.1654135e-01
   9.1831855e-03   1.2030075e-01
   9.2381424e-03   1.2406015e-01
   9.3436618e-03   1.2781955e-01
   9.4278770e-03   1.3157895e-01
   9.5466424e-03   1.4285714e-01
   9.6631551e-03   1.5037594e-01
   9.7144993e-03   1.5413534e-01
   9.7182698e-03   1.5789474e-01
   9.9656532e-03   1.6165414e-01
   9.9673650e-03   1.6541353e-01
   1.0008327e-02   1.6917293e-01
   1.0184799e-02   1.7293233e-01
   1.0223909e-02   1.8421053e-01
   1.0224937e-02   1.9924812e-01
   1.0309951e-02   2.0300752e-01
   1.0312880e-02   2.0676692e-01
   1.0391583e-02   2.1052632e-01
   1.0466421e-02   2.1428571e-01
   1.0503496e-02   2.1804511e-01
   1.0639129e-02   2.2180451e-01
   1.0642400e-02   2.2556391e-01
   1.0762485e-02   2.3308271e-01
   1.0788868e-02   2.4060150e-01
   1.0843344e-02   2.4812030e-01
   1.0921265e-02   2.5187970e-01
   1.0923460e-02   2.5563910e-01
   1.1041900e-02   2.5939850e-01
   1.1078860e-02   2.6691729e-01
   1.1159915e-02   2.7067669e-01
   1.1299620e-02   2.7819549e-01
   1.1300502e-02   2.8195489e-01
   1.1374471e-02   2.8571429e-01
   1.1378876e-02   2.8947368e-01
   1.1449140e-02   2.9323308e-01
   1.1681729e-02   2.9699248e-01
   1.1769225e-02   3.0075188e-01
   1.1868043e-02   3.0827068e-01
   1.1978570e-02   3.1203008e-01
   1.2103374e-02   3.1578947e-01
   1.2147655e-02   3.2330827e-01
   1.2395886e-02   3.2706767e-01
   1.2440574e-02   3.3082707e-01
   1.2450469e-02   3.3458647e-01
   1.2522560e-02   3.3834586e-01
   1.2641824e-02   3.4210526e-01
   1.2650466e-02   3.4586466e-01
   1.2655523e-02   3.4962406e-01
   1.2912045e-02   3.5338346e-01
   1.2913360e-02   3.6090226e-01
   1.2932001e-02   3.6466165e-01
   1.3147076e-02   3.6842105e-01
   1.3179715e-02   3.7218045e-01
   1.3193394e-02   3.7593985e-01
   1.3206732e-02   3.7969925e-01
   1.3392554e-02   3.8345865e-01
   1.3437099e-02   3.8721805e-01
   1.3450176e-02   3.9097744e-01
   1.3651034e-02   3.9473684e-01
   1.3675875e-02   3.9849624e-01
   1.3843257e-02   4.0225564e-01
   1.3877333e-02   4.0601504e-01
   1.3962988e-02   4.0977444e-01
   1.4100337e-02   4.1353383e-01
   1.4255532e-02   4.1729323e-01
   1.4335484e-02   4.2481203e-01
   1.4439136e-02   4.2857143e-01
   1.4489810e-02   4.3233083e-01
   1.4637842e-02   4.3609023e-01
   1.4802519e-02   4.3984962e-01
   1.4933770e-02   4.4360902e-01
   1.4965824e-02   4.4736842e-01
   1.5077605e-02   4.5112782e-01
   1.5090425e-02   4.5488722e-01
   1.5237371e-02   4.5864662e-01
   1.5360614e-02   4.6240602e-01
   1.5432530e-02   4.6616541e-01
   1.5854435e-02   4.6992481e-01
   1.5869307e-02   4.7744361e-01
   1.5890940e-02   4.8120301e-01
   1.5897202e-02   4.8496241e-01
   1.5965410e-02   4.8872180e-01
   1.6033838e-02   4.9248120e-01
   1.6119475e-02   4.9624060e-01
   1.6294474e-02   5.0000000e-01
   1.6407809e-02   5.0375940e-01
   1.6471871e-02   5.0751880e-01
   1.6676728e-02   5.1127820e-01
   1.6874252e-02   5.1503759e-01
   1.6946316e-02   5.1879699e-01
   1.6949137e-02   5.2255639e-01
   1.7219746e-02   5.2631579e-01
   1.7846646e-02   5.3007519e-01
   1.7871888e-02   5.3383459e-01
   1.8021645e-02   5.3759398e-01
   1.8076868e-02   5.4135338e-01
   1.8317361e-02   5.4511278e-01
   1.8833782e-02   5.4887218e-01
   1.8896866e-02   5.5263158e-01
   1.9011284e-02   5.5639098e-01
   1.9045806e-02   5.6015038e-01
   1.9093285e-02   5.6766917e-01
   1.9115622e-02   5.7518797e-01
   1.9194088e-02   5.7894737e-01
   1.9325626e-02   5.8270677e-01
   1.9557193e-02   5.8646617e-01
   1.9636562e-02   5.9022556e-01
   1.9682823e-02   5.9398496e-01
   1.9847517e-02   5.9774436e-01
   1.9910375e-02   6.0150376e-01
   2.0038162e-02   6.0526316e-01
   2.0167983e-02   6.0902256e-01
   2.0556080e-02   6.1278195e-01
   2.0783818e-02   6.1654135e-01
   2.0979033e-02   6.2030075e-01
   2.1264234e-02   6.2406015e-01
   2.1852768e-02   6.2781955e-01
   2.2112577e-02   6.3157895e-01
   2.2157220e-02   6.3533835e-01
   2.2325751e-02   6.3909774e-01
   2.2370164e-02   6.4285714e-01
   2.2400665e-02   6.4661654e-01
   2.2905050e-02   6.5037594e-01
   2.3305654e-02   6.5413534e-01
   2.3402427e-02   6.6165414e-01
   2.3594396e-02   6.6541353e-01
   2.3644678e-02   6.6917293e-01
   2.3696809e-02   6.7293233e-01
   2.3760725e-02   6.7669173e-01
   2.4429343e-02   6.8045113e-01
   2.4601371e-02   6.8421053e-01
   2.5014239e-02   6.8796992e-01
   2.5100566e-02   6.9172932e-01
   2.5242982e-02   6.9548872e-01
   2.5510611e-02   6.9924812e-01
   2.5568593e-02   7.0300752e-01
   2.5720773e-02   7.0676692e-01
   2.5763666e-02   7.1052632e-01
   2.5921575e-02   7.1428571e-01
   2.6168088e-02   7.1804511e-01
   2.6294352e-02   7.2180451e-01
   2.7042915e-02   7.2556391e-01
   2.7072401e-02   7.2932331e-01
   2.7169422e-02   7.3308271e-01
   2.7183126e-02   7.3684211e-01
   2.7435239e-02   7.4436090e-01
   2.7473278e-02   7.4812030e-01
   2.7625591e-02   7.5187970e-01
   2.7710798e-02   7.5563910e-01
   2.8248757e-02   7.5939850e-01
   2.8828671e-02   7.6315789e-01
   2.8886839e-02   7.6691729e-01
   2.8911586e-02   7.7067669e-01
   2.9581514e-02   7.7443609e-01
   2.9596267e-02   7.7819549e-01
   2.9649470e-02   7.8195489e-01
   2.9873614e-02   7.8571429e-01
   3.0995348e-02   7.8947368e-01
   3.2365476e-02   7.9323308e-01
   3.3088172e-02   7.9699248e-01
   3.3720465e-02   8.0075188e-01
   3.3888511e-02   8.0451128e-01
   3.4370357e-02   8.0827068e-01
   3.4501307e-02   8.1203008e-01
   3.5115999e-02   8.1578947e-01
   3.6316029e-02   8.1954887e-01
   3.8488494e-02   8.2330827e-01
   4.2605712e-02   8.2706767e-01
   4.4935767e-02   8.3082707e-01
   4.6422084e-02   8.3458647e-01
   4.7032648e-02   8.3834586e-01
   4.7036113e-02   8.4210526e-01
   4.8762664e-02   8.4586466e-01
   4.9490381e-02   8.4962406e-01
   5.4409641e-02   8.5338346e-01
   5.5138775e-02   8.5714286e-01
   5.5284198e-02   8.6090226e-01
   5.6903318e-02   8.6466165e-01
   6.2179060e-02   8.6842105e-01
   6.8272455e-02   8.7218045e-01
   6.8980077e-02   8.7593985e-01
   7.0612719e-02   8.7969925e-01
   7.8349322e-02   8.8345865e-01
   8.2239877e-02   8.8721805e-01
   8.2913513e-02   8.9097744e-01
   8.4454389e-02   8.9473684e-01
   8.9305352e-02   8.9849624e-01
   8.9813786e-02   9.0225564e-01
   9.4407627e-02   9.0601504e-01
   9.4951621e-02   9.0977444e-01
   9.7851135e-02   9.1353383e-01
   1.0276708e-01   9.1729323e-01
   1.0284927e-01   9.2105263e-01
   1.0570697e-01   9.2481203e-01
   1.0624268e-01   9.2857143e-01
   1.0864905e-01   9.3233083e-01
   1.1852505e-01   9.3609023e-01
   1.2373520e-01   9.3984962e-01
   1.2617699e-01   9.4360902e-01
   1.2748467e-01   9.4736842e-01
   1.3398968e-01   9.5112782e-01
   1.4586068e-01   9.5488722e-01
   1.6054718e-01   9.5864662e-01
   1.6054964e-01   9.6240602e-01
   1.6659731e-01   9.6616541e-01
   1.7700833e-01   9.6992481e-01
   1.7943050e-01   9.7368421e-01
   1.8774081e-01   9.7744361e-01
   1.9200173e-01   9.8120301e-01
   2.1338970e-01   9.8496241e-01
   2.1715861e-01   9.8872180e-01
   2.3569359e-01   9.9248120e-01
   2.4447292e-01   9.9624060e-01
   2.9799590e-01   1.0000000e+00
