   9.2798277e-03   0.0000000e+00
   9.2798277e-03   6.6666667e-02
   1.1288940e-02   1.3333333e-01
   2.0127809e-02   2.0000000e-01
   2.5351188e-02   2.6666667e-01
   2.5807525e-02   3.3333333e-01
   2.8429779e-02   4.0000000e-01
   3.0864525e-02   4.6666667e-01
   3.2228862e-02   5.3333333e-01
   3.2649736e-02   6.0000000e-01
   4.2235591e-02   6.6666667e-01
   5.5720411e-02   7.3333333e-01
   6.2248207e-02   8.0000000e-01
   6.5757639e-02   8.6666667e-01
   7.0989147e-02   9.3333333e-01
   1.0506086e-01   1.0000000e+00
