   2.2368000e-03   0.0000000e+00
   2.2368000e-03   4.4052863e-03
   3.1952000e-03   8.8105727e-03
   3.5144000e-03   1.3215859e-02
   3.8336000e-03   3.5242291e-02
   4.1536000e-03   4.8458150e-02
   4.4728000e-03   6.1674009e-02
   4.7920000e-03   9.2511013e-02
   5.1120000e-03   1.4096916e-01
   5.4312000e-03   1.4977974e-01
   5.7504000e-03   1.6299559e-01
   6.0704000e-03   1.9383260e-01
   6.3896000e-03   2.1585903e-01
   6.7096000e-03   2.2907489e-01
   7.0288000e-03   2.3788546e-01
   7.3480000e-03   2.5991189e-01
   7.6680000e-03   2.9515419e-01
   7.9872000e-03   3.1718062e-01
   8.6264000e-03   3.4361233e-01
   8.9456000e-03   3.6123348e-01
   9.2648000e-03   3.7885463e-01
   9.5848000e-03   3.9207048e-01
   9.9040000e-03   4.0969163e-01
   1.0224000e-02   4.1409692e-01
   1.0543200e-02   4.2290749e-01
   1.0862400e-02   4.2731278e-01
   1.1182400e-02   4.3612335e-01
   1.1501600e-02   4.5814978e-01
   1.1820800e-02   4.7577093e-01
   1.2140800e-02   4.8458150e-01
   1.2460000e-02   5.0660793e-01
   1.2779200e-02   5.1541850e-01
   1.3418400e-02   5.1982379e-01
   1.3738400e-02   5.3744493e-01
   1.4057600e-02   5.5066079e-01
   1.4376800e-02   5.6828194e-01
   1.4696800e-02   5.7268722e-01
   1.5016000e-02   5.9911894e-01
   1.5335200e-02   6.0352423e-01
   1.5655200e-02   6.1233480e-01
   1.5974400e-02   6.1674009e-01
   1.6293600e-02   6.3436123e-01
   1.6613600e-02   6.4757709e-01
   1.6932800e-02   6.5198238e-01
   1.7572000e-02   6.6519824e-01
   1.8211200e-02   6.7400881e-01
   1.8530400e-02   6.8281938e-01
   1.8849600e-02   6.9603524e-01
   1.9488800e-02   7.1806167e-01
   1.9808000e-02   7.2246696e-01
   2.1086400e-02   7.2687225e-01
   2.1405600e-02   7.3127753e-01
   2.1725600e-02   7.3568282e-01
   2.2364000e-02   7.4449339e-01
   2.2684000e-02   7.4889868e-01
   2.3961600e-02   7.5770925e-01
   2.4920000e-02   7.6211454e-01
   2.5878400e-02   7.7092511e-01
   2.6198400e-02   7.8414097e-01
   2.8434400e-02   7.8854626e-01
   2.8754400e-02   7.9295154e-01
   2.9392800e-02   7.9735683e-01
   3.0032000e-02   8.0176211e-01
   3.0351200e-02   8.1057269e-01
   3.0990400e-02   8.1497797e-01
   3.1309600e-02   8.1938326e-01
   3.1629600e-02   8.2378855e-01
   3.2268800e-02   8.2819383e-01
   3.3227200e-02   8.3259912e-01
   3.3546400e-02   8.4140969e-01
   3.3865600e-02   8.5022026e-01
   3.4185600e-02   8.5462555e-01
   3.5144000e-02   8.6343612e-01
   3.6741600e-02   8.7224670e-01
   3.7380000e-02   8.7665198e-01
   3.8338400e-02   8.8105727e-01
   3.9616800e-02   8.8546256e-01
   4.0575200e-02   8.8986784e-01
   4.4728800e-02   8.9427313e-01
   4.6325600e-02   9.0308370e-01
   4.7604000e-02   9.0748899e-01
   4.8243200e-02   9.1189427e-01
   4.9201600e-02   9.1629956e-01
   5.2076800e-02   9.2070485e-01
   5.2396000e-02   9.2511013e-01
   5.3674400e-02   9.2951542e-01
   5.4952000e-02   9.3392070e-01
   5.6868800e-02   9.3832599e-01
   5.9744000e-02   9.4273128e-01
   6.8690400e-02   9.4713656e-01
   6.9968000e-02   9.5154185e-01
   7.0926400e-02   9.5594714e-01
   7.3482400e-02   9.6035242e-01
   7.4440800e-02   9.6475771e-01
   8.0830400e-02   9.6916300e-01
   8.1788800e-02   9.7356828e-01
   8.5942400e-02   9.7797357e-01
   8.9776000e-02   9.8237885e-01
   9.5527200e-02   9.8678414e-01
   1.0575040e-01   9.9118943e-01
   1.2939280e-01   9.9559471e-01
   1.4217280e-01   1.0000000e+00
