   3.5592000e-03   0.0000000e+00
   3.5592000e-03   1.8570102e-03
   4.0048000e-03   4.6425255e-03
   4.4496000e-03   1.0213556e-02
   4.8944000e-03   2.0427112e-02
   5.3392000e-03   3.2497679e-02
   5.7840000e-03   4.9210771e-02
   6.2288000e-03   6.8709378e-02
   6.6744000e-03   8.7279480e-02
   7.1192000e-03   1.3091922e-01
   7.5640000e-03   1.6063138e-01
   8.0088000e-03   1.8755803e-01
   8.4536000e-03   2.2284123e-01
   8.8984000e-03   2.5069638e-01
   9.3440000e-03   2.8226555e-01
   9.7888000e-03   3.1754875e-01
   1.0233600e-02   3.3611885e-01
   1.0678400e-02   3.5283194e-01
   1.1123200e-02   3.7140204e-01
   1.1568000e-02   3.8718663e-01
   1.2013600e-02   4.1597029e-01
   1.2458400e-02   4.2896936e-01
   1.2903200e-02   4.4846797e-01
   1.3348000e-02   4.7446611e-01
   1.3792800e-02   4.8746518e-01
   1.4238400e-02   5.1253482e-01
   1.4683200e-02   5.2646240e-01
   1.5128000e-02   5.4874652e-01
   1.5572800e-02   5.8124420e-01
   1.6017600e-02   5.9517177e-01
   1.6462400e-02   6.0724234e-01
   1.6908000e-02   6.3045497e-01
   1.7352800e-02   6.3974002e-01
   1.7797600e-02   6.5273909e-01
   1.8242400e-02   6.6852368e-01
   1.8687200e-02   6.7873723e-01
   1.9132000e-02   7.0102136e-01
   1.9577600e-02   7.0752089e-01
   2.0022400e-02   7.1587744e-01
   2.0467200e-02   7.2887651e-01
   2.0912000e-02   7.4187558e-01
   2.1356800e-02   7.5023213e-01
   2.1801600e-02   7.6230269e-01
   2.2247200e-02   7.7065924e-01
   2.2692000e-02   7.7994429e-01
   2.3136800e-02   7.8737233e-01
   2.3581600e-02   7.9294336e-01
   2.4026400e-02   8.0872795e-01
   2.4471200e-02   8.1615599e-01
   2.4916800e-02   8.3101207e-01
   2.5361600e-02   8.3751161e-01
   2.5806400e-02   8.4308264e-01
   2.6251200e-02   8.5051068e-01
   2.6696000e-02   8.5329619e-01
   2.7141600e-02   8.5793872e-01
   2.7586400e-02   8.6629526e-01
   2.8031200e-02   8.7093779e-01
   2.8476000e-02   8.7279480e-01
   2.8920800e-02   8.7929434e-01
   2.9365600e-02   8.8300836e-01
   2.9811200e-02   8.8857939e-01
   3.0256000e-02   8.9415042e-01
   3.0700800e-02   8.9693593e-01
   3.1145600e-02   9.0250696e-01
   3.1590400e-02   9.0807799e-01
   3.2480800e-02   9.0993500e-01
   3.2925600e-02   9.1086351e-01
   3.3370400e-02   9.1272052e-01
   3.3815200e-02   9.1829155e-01
   3.4260000e-02   9.2107707e-01
   3.4705600e-02   9.2200557e-01
   3.5150400e-02   9.2479109e-01
   3.5595200e-02   9.2664810e-01
   3.6040000e-02   9.2850511e-01
   3.6484800e-02   9.3314763e-01
   3.6929600e-02   9.3407614e-01
   3.7375200e-02   9.3686165e-01
   3.8709600e-02   9.3871866e-01
   3.9154400e-02   9.4057567e-01
   3.9599200e-02   9.4243268e-01
   4.0044800e-02   9.4336119e-01
   4.0489600e-02   9.4428969e-01
   4.0934400e-02   9.4614670e-01
   4.1379200e-02   9.4800371e-01
   4.2714400e-02   9.4893222e-01
   4.3159200e-02   9.4986072e-01
   4.4048800e-02   9.5078923e-01
   4.4493600e-02   9.5171773e-01
   4.4939200e-02   9.5450325e-01
   4.5384000e-02   9.5636026e-01
   4.5828800e-02   9.5728877e-01
   4.6273600e-02   9.5914578e-01
   4.7163200e-02   9.6007428e-01
   4.9388000e-02   9.6100279e-01
   5.0278400e-02   9.6193129e-01
   5.0723200e-02   9.6285980e-01
   5.2503200e-02   9.6378830e-01
   5.3392800e-02   9.6471681e-01
   5.5172000e-02   9.6564531e-01
   5.5617600e-02   9.6657382e-01
   5.7396800e-02   9.6843083e-01
   5.7842400e-02   9.6935933e-01
   5.8287200e-02   9.7121634e-01
   5.8732000e-02   9.7214485e-01
   5.9176800e-02   9.7307335e-01
   6.0066400e-02   9.7400186e-01
   6.1846400e-02   9.7585887e-01
   6.4071200e-02   9.7771588e-01
   6.5851200e-02   9.7864438e-01
   6.6296000e-02   9.7957289e-01
   6.6740800e-02   9.8050139e-01
   6.8076000e-02   9.8142990e-01
   7.0745600e-02   9.8235840e-01
   7.4749600e-02   9.8421541e-01
   7.5639200e-02   9.8514392e-01
   7.6084800e-02   9.8700093e-01
   7.6529600e-02   9.8792943e-01
   7.9644000e-02   9.8885794e-01
   8.4093600e-02   9.8978644e-01
   8.6763200e-02   9.9071495e-01
   8.8543200e-02   9.9164345e-01
   9.0322400e-02   9.9257196e-01
   9.1212800e-02   9.9350046e-01
   9.6106400e-02   9.9442897e-01
   9.7441600e-02   9.9535747e-01
   1.0322560e-01   9.9628598e-01
   1.5305920e-01   9.9721448e-01
   1.8376000e-01   9.9814299e-01
   1.8954400e-01   9.9907149e-01
   2.0912160e-01   1.0000000e+00
