   2.5016000e-03   0.0000000e+00
   2.5016000e-03   4.2194093e-03
   3.1272000e-03   8.4388186e-03
   3.7528000e-03   4.6413502e-02
   4.3784000e-03   5.4852321e-02
   4.6912000e-03   5.9071730e-02
   5.0040000e-03   1.0126582e-01
   5.3168000e-03   1.0548523e-01
   5.6296000e-03   1.2658228e-01
   6.2552000e-03   1.8565401e-01
   6.5680000e-03   1.9409283e-01
   6.8800000e-03   2.1518987e-01
   7.5056000e-03   3.1223629e-01
   7.8184000e-03   3.2489451e-01
   8.1312000e-03   3.5443038e-01
   8.7568000e-03   3.9662447e-01
   9.3824000e-03   4.2194093e-01
   9.6952000e-03   4.3037975e-01
   1.0008000e-02   4.6413502e-01
   1.0633600e-02   4.7257384e-01
   1.0946400e-02   4.8101266e-01
   1.1258400e-02   5.2320675e-01
   1.1884000e-02   5.2742616e-01
   1.2509600e-02   5.5274262e-01
   1.2822400e-02   5.5696203e-01
   1.3135200e-02   5.6540084e-01
   1.3760800e-02   5.9493671e-01
   1.4073600e-02   5.9915612e-01
   1.4386400e-02   6.1603376e-01
   1.5012000e-02   6.2869198e-01
   1.5324800e-02   6.3713080e-01
   1.5637600e-02   6.4978903e-01
   1.6262400e-02   6.6666667e-01
   1.6888000e-02   6.7088608e-01
   1.7513600e-02   6.8354430e-01
   1.7826400e-02   6.8776371e-01
   1.8452000e-02   6.9198312e-01
   1.8764800e-02   6.9620253e-01
   1.9077600e-02   7.0464135e-01
   1.9390400e-02   7.0886076e-01
   2.0016000e-02   7.2995781e-01
   2.1266400e-02   7.3839662e-01
   2.1579200e-02   7.4261603e-01
   2.2517600e-02   7.4683544e-01
   2.3768800e-02   7.5527426e-01
   2.4707200e-02   7.5949367e-01
   2.5019200e-02   7.6793249e-01
   2.7521600e-02   7.7215190e-01
   2.8460000e-02   7.8059072e-01
   3.0961600e-02   7.8481013e-01
   3.1274400e-02   7.8902954e-01
   3.1587200e-02   7.9746835e-01
   3.2212800e-02   8.0168776e-01
   3.2525600e-02   8.0590717e-01
   3.2838400e-02   8.1012658e-01
   3.5340000e-02   8.1434599e-01
   3.6591200e-02   8.2278481e-01
   3.6904000e-02   8.3122363e-01
   3.8467200e-02   8.3544304e-01
   3.8780000e-02   8.3966245e-01
   4.0031200e-02   8.4388186e-01
   4.2532800e-02   8.4810127e-01
   4.3784000e-02   8.5232068e-01
   4.4409600e-02   8.5654008e-01
   4.6286400e-02   8.6075949e-01
   4.7224000e-02   8.6497890e-01
   4.9100800e-02   8.6919831e-01
   5.1290400e-02   8.7341772e-01
   5.3792000e-02   8.7763713e-01
   5.4104800e-02   8.8185654e-01
   5.4730400e-02   8.8607595e-01
   5.5043200e-02   8.9029536e-01
   5.5356000e-02   8.9451477e-01
   6.1923200e-02   8.9873418e-01
   6.2548800e-02   9.0295359e-01
   6.3800000e-02   9.0717300e-01
   6.6927200e-02   9.1139241e-01
   6.8178400e-02   9.1561181e-01
   6.9429600e-02   9.1983122e-01
   7.0054400e-02   9.2827004e-01
   7.6935200e-02   9.3248945e-01
   8.0062400e-02   9.3670886e-01
   8.0375200e-02   9.4092827e-01
   8.1939200e-02   9.4514768e-01
   9.3510400e-02   9.4936709e-01
   1.0132880e-01   9.5358650e-01
   1.0977360e-01   9.5780591e-01
   1.2415920e-01   9.6202532e-01
   1.3541840e-01   9.6624473e-01
   1.4323680e-01   9.7046414e-01
   1.4698960e-01   9.7468354e-01
   1.4917920e-01   9.7890295e-01
   1.5136800e-01   9.8312236e-01
   1.6575440e-01   9.9156118e-01
   2.2642720e-01   9.9578059e-01
   2.5676320e-01   1.0000000e+00
