   6.0344679e-03   0.0000000e+00
   6.0344679e-03   4.2194093e-03
   6.3023410e-03   1.2658228e-02
   6.5708278e-03   1.6877637e-02
   6.5766366e-03   2.1097046e-02
   6.8565839e-03   3.3755274e-02
   7.1187085e-03   4.2194093e-02
   7.3626528e-03   5.0632911e-02
   7.4308662e-03   5.4852321e-02
   7.6137540e-03   6.3291139e-02
   7.6408161e-03   6.7510549e-02
   7.7656070e-03   7.1729958e-02
   7.8013484e-03   7.5949367e-02
   7.8395677e-03   8.0168776e-02
   7.8713272e-03   8.4388186e-02
   8.0387580e-03   8.8607595e-02
   8.3207527e-03   9.2827004e-02
   8.3701300e-03   9.7046414e-02
   8.4034944e-03   1.0126582e-01
   8.5287614e-03   1.0548523e-01
   8.5338538e-03   1.0970464e-01
   8.6770445e-03   1.1392405e-01
   8.6941690e-03   1.1814346e-01
   8.7203958e-03   1.2236287e-01
   8.8693476e-03   1.2658228e-01
   9.0522639e-03   1.3080169e-01
   9.0537299e-03   1.3924051e-01
   9.1788984e-03   1.4345992e-01
   9.2035987e-03   1.5189873e-01
   9.2368670e-03   1.5611814e-01
   9.2467655e-03   1.6455696e-01
   9.4479239e-03   1.7299578e-01
   9.6566975e-03   1.7721519e-01
   9.8726033e-03   1.8565401e-01
   9.9505197e-03   1.8987342e-01
   9.9511574e-03   1.9409283e-01
   9.9521680e-03   1.9831224e-01
   9.9703171e-03   2.0675105e-01
   1.0095184e-02   2.1940928e-01
   1.0112450e-02   2.2362869e-01
   1.0150576e-02   2.2784810e-01
   1.0260923e-02   2.3206751e-01
   1.0288352e-02   2.4050633e-01
   1.0324007e-02   2.4894515e-01
   1.0356190e-02   2.5316456e-01
   1.0416121e-02   2.5738397e-01
   1.0558667e-02   2.6582278e-01
   1.0568591e-02   2.7004219e-01
   1.0777092e-02   2.7426160e-01
   1.0854299e-02   2.7848101e-01
   1.0888273e-02   2.8270042e-01
   1.0961606e-02   2.8691983e-01
   1.1012167e-02   2.9535865e-01
   1.1044001e-02   2.9957806e-01
   1.1053743e-02   3.0379747e-01
   1.1097997e-02   3.0801688e-01
   1.1233714e-02   3.1223629e-01
   1.1333698e-02   3.1645570e-01
   1.1372278e-02   3.2067511e-01
   1.1418936e-02   3.2911392e-01
   1.1478342e-02   3.3333333e-01
   1.1481854e-02   3.3755274e-01
   1.1616718e-02   3.4177215e-01
   1.1703044e-02   3.4599156e-01
   1.1886729e-02   3.5021097e-01
   1.1902584e-02   3.5443038e-01
   1.1964740e-02   3.5864979e-01
   1.1965820e-02   3.7130802e-01
   1.2462403e-02   3.7552743e-01
   1.2480952e-02   3.7974684e-01
   1.2482071e-02   3.8818565e-01
   1.2636487e-02   3.9240506e-01
   1.2793411e-02   3.9662447e-01
   1.2876179e-02   4.0506329e-01
   1.2884360e-02   4.1350211e-01
   1.2957077e-02   4.1772152e-01
   1.3080028e-02   4.2194093e-01
   1.3304235e-02   4.2616034e-01
   1.3372411e-02   4.3037975e-01
   1.3487142e-02   4.3459916e-01
   1.3535796e-02   4.3881857e-01
   1.4013596e-02   4.4303797e-01
   1.4202187e-02   4.4725738e-01
   1.4237417e-02   4.5147679e-01
   1.4461980e-02   4.5569620e-01
   1.4699549e-02   4.5991561e-01
   1.4723104e-02   4.6413502e-01
   1.4782701e-02   4.6835443e-01
   1.4911997e-02   4.7257384e-01
   1.4918853e-02   4.7679325e-01
   1.5042519e-02   4.8101266e-01
   1.5448263e-02   4.8523207e-01
   1.5602634e-02   4.8945148e-01
   1.5621125e-02   4.9367089e-01
   1.5645779e-02   4.9789030e-01
   1.5744194e-02   5.0210970e-01
   1.5842858e-02   5.0632911e-01
   1.6182047e-02   5.1054852e-01
   1.6269515e-02   5.1476793e-01
   1.6663910e-02   5.1898734e-01
   1.7287421e-02   5.2320675e-01
   1.7338114e-02   5.2742616e-01
   1.7435423e-02   5.3164557e-01
   1.7659776e-02   5.3586498e-01
   1.7704276e-02   5.4008439e-01
   1.7736370e-02   5.4430380e-01
   1.7840885e-02   5.4852321e-01
   1.8104030e-02   5.5696203e-01
   1.8266235e-02   5.6118143e-01
   1.8406654e-02   5.6540084e-01
   1.9014072e-02   5.6962025e-01
   1.9103408e-02   5.7383966e-01
   1.9730264e-02   5.7805907e-01
   1.9939509e-02   5.8227848e-01
   2.0203514e-02   5.8649789e-01
   2.0247013e-02   5.9071730e-01
   2.0677292e-02   5.9493671e-01
   2.0712381e-02   5.9915612e-01
   2.0801705e-02   6.0337553e-01
   2.0921101e-02   6.0759494e-01
   2.1107281e-02   6.1181435e-01
   2.1566558e-02   6.1603376e-01
   2.1622196e-02   6.2025316e-01
   2.1730008e-02   6.2447257e-01
   2.2869899e-02   6.2869198e-01
   2.3381415e-02   6.3291139e-01
   2.3437556e-02   6.3713080e-01
   2.3768870e-02   6.4135021e-01
   2.4671317e-02   6.4556962e-01
   2.5046772e-02   6.4978903e-01
   2.5926514e-02   6.5400844e-01
   2.6141114e-02   6.5822785e-01
   2.6775027e-02   6.6244726e-01
   2.7009126e-02   6.6666667e-01
   2.7531277e-02   6.7088608e-01
   2.7582472e-02   6.7510549e-01
   2.7999179e-02   6.7932489e-01
   2.8038608e-02   6.8354430e-01
   2.8532572e-02   6.8776371e-01
   2.8616828e-02   6.9198312e-01
   2.9141142e-02   6.9620253e-01
   2.9411671e-02   7.0042194e-01
   3.0622545e-02   7.0464135e-01
   3.1273317e-02   7.0886076e-01
   3.1431119e-02   7.1308017e-01
   3.2294646e-02   7.1729958e-01
   3.3299919e-02   7.2151899e-01
   3.3493775e-02   7.2573840e-01
   3.3919603e-02   7.2995781e-01
   3.4042144e-02   7.3417722e-01
   3.4646049e-02   7.3839662e-01
   3.5863476e-02   7.4261603e-01
   3.6381103e-02   7.4683544e-01
   3.7188331e-02   7.5105485e-01
   3.8664281e-02   7.5527426e-01
   3.9617311e-02   7.5949367e-01
   3.9737980e-02   7.6371308e-01
   4.0481490e-02   7.6793249e-01
   4.1044645e-02   7.7215190e-01
   4.1628308e-02   7.7637131e-01
   4.1957110e-02   7.8059072e-01
   4.2875132e-02   7.8481013e-01
   4.3648987e-02   7.8902954e-01
   4.5677993e-02   7.9324895e-01
   4.5804303e-02   7.9746835e-01
   4.8134681e-02   8.0168776e-01
   5.0664805e-02   8.0590717e-01
   5.0700693e-02   8.1012658e-01
   5.1366523e-02   8.1434599e-01
   5.2689511e-02   8.1856540e-01
   5.3689984e-02   8.2278481e-01
   5.4280778e-02   8.2700422e-01
   5.8460723e-02   8.3122363e-01
   5.8864539e-02   8.3544304e-01
   6.1568337e-02   8.3966245e-01
   6.1587532e-02   8.4388186e-01
   6.1652740e-02   8.4810127e-01
   6.3929325e-02   8.5232068e-01
   6.4495989e-02   8.5654008e-01
   6.4746219e-02   8.6075949e-01
   6.5098341e-02   8.6497890e-01
   6.7138993e-02   8.6919831e-01
   6.9521359e-02   8.7341772e-01
   7.3796979e-02   8.7763713e-01
   7.6683874e-02   8.8185654e-01
   7.7762668e-02   8.8607595e-01
   7.8428979e-02   8.9029536e-01
   7.8765799e-02   8.9451477e-01
   8.0816367e-02   8.9873418e-01
   8.3590612e-02   9.0295359e-01
   8.6436679e-02   9.0717300e-01
   9.6384105e-02   9.1139241e-01
   9.6578003e-02   9.1561181e-01
   1.0508246e-01   9.1983122e-01
   1.0744085e-01   9.2405063e-01
   1.1795852e-01   9.2827004e-01
   1.2744417e-01   9.3248945e-01
   1.3298128e-01   9.3670886e-01
   1.4349980e-01   9.4092827e-01
   1.4618555e-01   9.4514768e-01
   1.4621571e-01   9.4936709e-01
   1.7189292e-01   9.5358650e-01
   1.7565166e-01   9.5780591e-01
   1.7620211e-01   9.6202532e-01
   1.8293236e-01   9.6624473e-01
   1.9512429e-01   9.7046414e-01
   2.2256159e-01   9.7468354e-01
   2.4239745e-01   9.7890295e-01
   2.5729506e-01   9.8312236e-01
   2.6882779e-01   9.8734177e-01
   2.6884524e-01   9.9156118e-01
   3.0753783e-01   9.9578059e-01
   3.4260991e-01   1.0000000e+00
