   4.5766660e-03   0.0000000e+00
   4.5766660e-03   3.8022814e-03
   4.6968927e-03   7.6045627e-03
   5.6522396e-03   1.1406844e-02
   6.0612445e-03   1.5209125e-02
   7.1589204e-03   1.9011407e-02
   7.4277301e-03   2.2813688e-02
   7.5066764e-03   2.6615970e-02
   7.6119643e-03   3.0418251e-02
   8.5280668e-03   3.8022814e-02
   9.2349146e-03   4.1825095e-02
   9.6285533e-03   4.5627376e-02
   1.0397132e-02   4.9429658e-02
   1.0556020e-02   5.3231939e-02
   1.0738115e-02   5.7034221e-02
   1.1255519e-02   6.0836502e-02
   1.1344683e-02   6.4638783e-02
   1.1735402e-02   6.8441065e-02
   1.2399413e-02   7.2243346e-02
   1.2415018e-02   7.6045627e-02
   1.2513847e-02   7.9847909e-02
   1.2775919e-02   8.3650190e-02
   1.2927680e-02   8.7452471e-02
   1.3219841e-02   9.1254753e-02
   1.3318529e-02   9.5057034e-02
   1.3506538e-02   9.8859316e-02
   1.3804239e-02   1.0266160e-01
   1.4640870e-02   1.0646388e-01
   1.5563240e-02   1.1026616e-01
   1.6083467e-02   1.1787072e-01
   1.6232322e-02   1.2167300e-01
   1.6232911e-02   1.2547529e-01
   1.6250392e-02   1.2927757e-01
   1.6782131e-02   1.3307985e-01
   1.6798979e-02   1.3688213e-01
   1.6956046e-02   1.4068441e-01
   1.7062967e-02   1.4448669e-01
   1.7150102e-02   1.4828897e-01
   1.7606353e-02   1.5209125e-01
   1.8041390e-02   1.5589354e-01
   1.8156589e-02   1.5969582e-01
   1.8733072e-02   1.6349810e-01
   1.8982313e-02   1.6730038e-01
   1.9239889e-02   1.7110266e-01
   1.9261438e-02   1.7490494e-01
   1.9281491e-02   1.7870722e-01
   1.9295615e-02   1.8250951e-01
   1.9317218e-02   1.9011407e-01
   1.9577491e-02   1.9391635e-01
   1.9887988e-02   1.9771863e-01
   2.0093229e-02   2.0152091e-01
   2.0119196e-02   2.0532319e-01
   2.0206025e-02   2.0912548e-01
   2.0396182e-02   2.1292776e-01
   2.0493850e-02   2.1673004e-01
   2.0520140e-02   2.2053232e-01
   2.0655042e-02   2.2433460e-01
   2.0928002e-02   2.2813688e-01
   2.1064685e-02   2.3193916e-01
   2.1192368e-02   2.3574144e-01
   2.1425426e-02   2.3954373e-01
   2.1741734e-02   2.4334601e-01
   2.2009177e-02   2.4714829e-01
   2.2067916e-02   2.5095057e-01
   2.2202965e-02   2.5475285e-01
   2.2307561e-02   2.5855513e-01
   2.2559818e-02   2.6235741e-01
   2.2572039e-02   2.6615970e-01
   2.2597439e-02   2.6996198e-01
   2.3543500e-02   2.7756654e-01
   2.3659563e-02   2.8136882e-01
   2.3698661e-02   2.8517110e-01
   2.4209968e-02   2.8897338e-01
   2.4222096e-02   2.9277567e-01
   2.4240071e-02   2.9657795e-01
   2.4286950e-02   3.0038023e-01
   2.4537398e-02   3.0418251e-01
   2.4701520e-02   3.0798479e-01
   2.5034014e-02   3.1178707e-01
   2.5056023e-02   3.1939163e-01
   2.5244451e-02   3.2319392e-01
   2.5584217e-02   3.2699620e-01
   2.5591625e-02   3.3079848e-01
   2.5749026e-02   3.3460076e-01
   2.6199889e-02   3.3840304e-01
   2.6593799e-02   3.4220532e-01
   2.6738974e-02   3.4600760e-01
   2.6815207e-02   3.4980989e-01
   2.7383506e-02   3.5361217e-01
   2.7386990e-02   3.5741445e-01
   2.7551237e-02   3.6121673e-01
   2.8164593e-02   3.6501901e-01
   2.8198448e-02   3.6882129e-01
   2.8343961e-02   3.7262357e-01
   2.8422138e-02   3.7642586e-01
   2.8899621e-02   3.8022814e-01
   2.9078918e-02   3.8403042e-01
   2.9470828e-02   3.8783270e-01
   2.9494237e-02   3.9163498e-01
   3.0303803e-02   3.9543726e-01
   3.0406257e-02   3.9923954e-01
   3.0573778e-02   4.0304183e-01
   3.0830054e-02   4.0684411e-01
   3.0854209e-02   4.1064639e-01
   3.0963701e-02   4.1444867e-01
   3.1116143e-02   4.1825095e-01
   3.1360538e-02   4.2205323e-01
   3.1366255e-02   4.2585551e-01
   3.1596766e-02   4.2965779e-01
   3.1621095e-02   4.3346008e-01
   3.1637688e-02   4.4106464e-01
   3.1892177e-02   4.4486692e-01
   3.1931046e-02   4.4866920e-01
   3.2028168e-02   4.6007605e-01
   3.2216100e-02   4.6387833e-01
   3.2217092e-02   4.6768061e-01
   3.2790831e-02   4.7148289e-01
   3.2908275e-02   4.7528517e-01
   3.3182085e-02   4.7908745e-01
   3.3476612e-02   4.8288973e-01
   3.3639030e-02   4.8669202e-01
   3.4126551e-02   4.9049430e-01
   3.4793197e-02   4.9429658e-01
   3.5058082e-02   4.9809886e-01
   3.5132725e-02   5.0190114e-01
   3.5769501e-02   5.0570342e-01
   3.6314798e-02   5.0950570e-01
   3.6478440e-02   5.1330798e-01
   3.7207899e-02   5.1711027e-01
   3.7291530e-02   5.2091255e-01
   3.7533238e-02   5.2471483e-01
   3.7908068e-02   5.2851711e-01
   3.8061753e-02   5.3231939e-01
   3.8182564e-02   5.3612167e-01
   3.8303943e-02   5.3992395e-01
   3.8819569e-02   5.4372624e-01
   3.9034984e-02   5.4752852e-01
   3.9036167e-02   5.5133080e-01
   3.9228025e-02   5.5513308e-01
   3.9344420e-02   5.5893536e-01
   3.9400263e-02   5.6273764e-01
   3.9728572e-02   5.6653992e-01
   3.9763079e-02   5.7034221e-01
   4.0570559e-02   5.7414449e-01
   4.0724020e-02   5.7794677e-01
   4.0762521e-02   5.8174905e-01
   4.1214878e-02   5.8555133e-01
   4.1425661e-02   5.8935361e-01
   4.1544619e-02   5.9315589e-01
   4.1565909e-02   5.9695817e-01
   4.1593644e-02   6.0076046e-01
   4.1882690e-02   6.0456274e-01
   4.2252093e-02   6.0836502e-01
   4.2485542e-02   6.1216730e-01
   4.2610715e-02   6.1596958e-01
   4.2657553e-02   6.2357414e-01
   4.2703144e-02   6.2737643e-01
   4.2736559e-02   6.3117871e-01
   4.2913359e-02   6.3498099e-01
   4.3217088e-02   6.3878327e-01
   4.3522411e-02   6.4258555e-01
   4.3585486e-02   6.4638783e-01
   4.3732300e-02   6.5019011e-01
   4.4387326e-02   6.5399240e-01
   4.4631955e-02   6.5779468e-01
   4.4675920e-02   6.6159696e-01
   4.5093524e-02   6.6539924e-01
   4.5354893e-02   6.6920152e-01
   4.5391488e-02   6.7300380e-01
   4.5413812e-02   6.8060837e-01
   4.5458925e-02   6.8441065e-01
   4.5625097e-02   6.8821293e-01
   4.5789267e-02   6.9201521e-01
   4.7776655e-02   6.9581749e-01
   4.8009043e-02   6.9961977e-01
   4.8125453e-02   7.0342205e-01
   4.8626445e-02   7.0722433e-01
   4.8799998e-02   7.1102662e-01
   4.8871718e-02   7.1482890e-01
   4.9283055e-02   7.1863118e-01
   4.9438899e-02   7.2243346e-01
   4.9517259e-02   7.2623574e-01
   4.9571931e-02   7.3003802e-01
   4.9865575e-02   7.3384030e-01
   5.0380750e-02   7.3764259e-01
   5.0660770e-02   7.4144487e-01
   5.1535631e-02   7.4524715e-01
   5.1766306e-02   7.4904943e-01
   5.1775391e-02   7.5285171e-01
   5.2856217e-02   7.5665399e-01
   5.3776804e-02   7.6045627e-01
   5.4293579e-02   7.6425856e-01
   5.4370313e-02   7.6806084e-01
   5.5053482e-02   7.7186312e-01
   5.5856180e-02   7.7566540e-01
   5.6396998e-02   7.7946768e-01
   5.7657045e-02   7.8326996e-01
   5.8266104e-02   7.8707224e-01
   5.8308286e-02   7.9087452e-01
   5.8454658e-02   7.9467681e-01
   5.8502966e-02   7.9847909e-01
   5.9164784e-02   8.0228137e-01
   5.9440345e-02   8.0608365e-01
   5.9778279e-02   8.0988593e-01
   6.0188525e-02   8.1368821e-01
   6.0771183e-02   8.1749049e-01
   6.1313836e-02   8.2129278e-01
   6.1639213e-02   8.2509506e-01
   6.2012202e-02   8.2889734e-01
   6.3012314e-02   8.3269962e-01
   6.3921235e-02   8.3650190e-01
   6.4227220e-02   8.4030418e-01
   6.5211119e-02   8.4410646e-01
   6.5228729e-02   8.4790875e-01
   6.5666932e-02   8.5171103e-01
   6.6421610e-02   8.5551331e-01
   6.6766971e-02   8.5931559e-01
   6.7408868e-02   8.6311787e-01
   6.9067299e-02   8.6692015e-01
   6.9101421e-02   8.7072243e-01
   6.9362555e-02   8.7452471e-01
   6.9458567e-02   8.7832700e-01
   7.0699461e-02   8.8212928e-01
   7.1363438e-02   8.8593156e-01
   7.2349068e-02   8.8973384e-01
   7.2900713e-02   8.9353612e-01
   7.5116323e-02   8.9733840e-01
   7.5839404e-02   9.0114068e-01
   7.7357096e-02   9.0494297e-01
   7.8274566e-02   9.0874525e-01
   7.8403283e-02   9.1254753e-01
   8.1329338e-02   9.1634981e-01
   8.1646456e-02   9.2015209e-01
   8.3972532e-02   9.2395437e-01
   8.6401762e-02   9.2775665e-01
   8.9423754e-02   9.3155894e-01
   8.9432764e-02   9.3536122e-01
   9.2713916e-02   9.3916350e-01
   9.2983975e-02   9.4296578e-01
   9.3508898e-02   9.4676806e-01
   1.0075042e-01   9.5057034e-01
   1.0344744e-01   9.5437262e-01
   1.0391774e-01   9.5817490e-01
   1.0437324e-01   9.6197719e-01
   1.0557610e-01   9.6577947e-01
   1.0790407e-01   9.6958175e-01
   1.0858520e-01   9.7338403e-01
   1.1299434e-01   9.7718631e-01
   1.2351520e-01   9.8098859e-01
   1.2760617e-01   9.8479087e-01
   1.3412803e-01   9.8859316e-01
   1.5585641e-01   9.9239544e-01
   1.6451346e-01   9.9619772e-01
   1.8474838e-01   1.0000000e+00
