   1.2512000e-03   0.0000000e+00
   1.2512000e-03   2.9761905e-03
   1.8768000e-03   8.9285714e-03
   2.5016000e-03   2.9761905e-02
   3.1272000e-03   4.4642857e-02
   3.4400000e-03   4.7619048e-02
   3.7528000e-03   1.0416667e-01
   4.3784000e-03   1.2500000e-01
   4.6912000e-03   1.2797619e-01
   5.0040000e-03   1.7857143e-01
   5.3168000e-03   1.8154762e-01
   5.6296000e-03   2.1726190e-01
   6.2552000e-03   2.7380952e-01
   6.5680000e-03   2.8571429e-01
   6.8800000e-03   3.1250000e-01
   7.5056000e-03   3.8392857e-01
   7.8184000e-03   3.9583333e-01
   8.1312000e-03   4.2559524e-01
   8.7568000e-03   4.7023810e-01
   9.3824000e-03   5.0000000e-01
   9.6952000e-03   5.0595238e-01
   1.0008000e-02   5.3869048e-01
   1.0633600e-02   5.5357143e-01
   1.0946400e-02   5.5952381e-01
   1.1258400e-02   6.0416667e-01
   1.1884000e-02   6.1309524e-01
   1.2509600e-02   6.3392857e-01
   1.2822400e-02   6.3690476e-01
   1.3135200e-02   6.4285714e-01
   1.3760800e-02   6.6666667e-01
   1.4073600e-02   6.6964286e-01
   1.4386400e-02   6.8452381e-01
   1.4699200e-02   6.8750000e-01
   1.5012000e-02   7.0238095e-01
   1.5324800e-02   7.1130952e-01
   1.5637600e-02   7.2023810e-01
   1.6262400e-02   7.3809524e-01
   1.6888000e-02   7.4107143e-01
   1.7513600e-02   7.5000000e-01
   1.7826400e-02   7.5297619e-01
   1.8139200e-02   7.5595238e-01
   1.8452000e-02   7.5892857e-01
   1.8764800e-02   7.6190476e-01
   1.9077600e-02   7.6785714e-01
   1.9390400e-02   7.7083333e-01
   2.0016000e-02   7.8571429e-01
   2.1266400e-02   7.9166667e-01
   2.1579200e-02   7.9464286e-01
   2.2517600e-02   7.9761905e-01
   2.3456000e-02   8.0059524e-01
   2.3768800e-02   8.0654762e-01
   2.4707200e-02   8.0952381e-01
   2.5019200e-02   8.1547619e-01
   2.5644800e-02   8.1845238e-01
   2.7521600e-02   8.2142857e-01
   2.8460000e-02   8.2738095e-01
   3.0961600e-02   8.3035714e-01
   3.1274400e-02   8.3630952e-01
   3.1587200e-02   8.4226190e-01
   3.2212800e-02   8.4523810e-01
   3.2525600e-02   8.5119048e-01
   3.2838400e-02   8.5416667e-01
   3.5340000e-02   8.5714286e-01
   3.6591200e-02   8.6309524e-01
   3.6904000e-02   8.6904762e-01
   3.7529600e-02   8.7202381e-01
   3.8467200e-02   8.7500000e-01
   3.8780000e-02   8.7797619e-01
   3.9405600e-02   8.8095238e-01
   4.0031200e-02   8.8392857e-01
   4.2532800e-02   8.8690476e-01
   4.3784000e-02   8.8988095e-01
   4.4409600e-02   8.9285714e-01
   4.6286400e-02   8.9583333e-01
   4.7224000e-02   8.9880952e-01
   4.9100800e-02   9.0178571e-01
   5.1290400e-02   9.0476190e-01
   5.2540800e-02   9.0773810e-01
   5.3792000e-02   9.1071429e-01
   5.4104800e-02   9.1369048e-01
   5.4730400e-02   9.1666667e-01
   5.5043200e-02   9.1964286e-01
   5.5356000e-02   9.2261905e-01
   6.1923200e-02   9.2559524e-01
   6.2548800e-02   9.2857143e-01
   6.3800000e-02   9.3154762e-01
   6.6927200e-02   9.3452381e-01
   6.8178400e-02   9.3750000e-01
   6.9429600e-02   9.4047619e-01
   7.0054400e-02   9.4642857e-01
   7.6935200e-02   9.4940476e-01
   8.0062400e-02   9.5238095e-01
   8.0375200e-02   9.5535714e-01
   8.1939200e-02   9.5833333e-01
   9.3510400e-02   9.6130952e-01
   1.0132880e-01   9.6428571e-01
   1.0977360e-01   9.6726190e-01
   1.2415920e-01   9.7023810e-01
   1.3541840e-01   9.7321429e-01
   1.4323680e-01   9.7619048e-01
   1.4698960e-01   9.7916667e-01
   1.4824080e-01   9.8214286e-01
   1.4917920e-01   9.8511905e-01
   1.5136800e-01   9.8809524e-01
   1.6575440e-01   9.9404762e-01
   2.2642720e-01   9.9702381e-01
   2.5676320e-01   1.0000000e+00
