   3.9296000e-03   0.0000000e+00
   3.9296000e-03   8.0645161e-03
   4.3224000e-03   2.4193548e-02
   4.7152000e-03   3.2258065e-02
   5.1080000e-03   6.4516129e-02
   5.5008000e-03   7.2580645e-02
   5.8936000e-03   8.0645161e-02
   6.2872000e-03   1.4516129e-01
   6.6800000e-03   1.7741935e-01
   7.0728000e-03   2.2580645e-01
   7.4656000e-03   2.4193548e-01
   7.8584000e-03   2.7419355e-01
   8.2512000e-03   2.8225806e-01
   8.6440000e-03   3.1451613e-01
   9.0376000e-03   3.5483871e-01
   9.4304000e-03   3.8709677e-01
   9.8232000e-03   3.9516129e-01
   1.0216000e-02   4.2741935e-01
   1.1395200e-02   4.6774194e-01
   1.1788000e-02   4.8387097e-01
   1.2180800e-02   4.9193548e-01
   1.2573600e-02   5.4032258e-01
   1.2966400e-02   5.4838710e-01
   1.3359200e-02   5.6451613e-01
   1.3752800e-02   5.8064516e-01
   1.4145600e-02   5.8870968e-01
   1.4538400e-02   5.9677419e-01
   1.4931200e-02   6.2096774e-01
   1.5324000e-02   6.5322581e-01
   1.5716800e-02   6.7741935e-01
   1.6109600e-02   6.8548387e-01
   1.6503200e-02   7.1774194e-01
   1.7681600e-02   7.5000000e-01
   1.8860800e-02   7.7419355e-01
   1.9253600e-02   7.8225806e-01
   1.9646400e-02   7.9032258e-01
   2.0039200e-02   7.9838710e-01
   2.0432000e-02   8.0645161e-01
   2.0824800e-02   8.3064516e-01
   2.1611200e-02   8.3870968e-01
   2.2396800e-02   8.4677419e-01
   2.2789600e-02   8.7096774e-01
   2.3575200e-02   8.7903226e-01
   2.4754400e-02   8.8709677e-01
   2.5540000e-02   8.9516129e-01
   2.6719200e-02   9.0322581e-01
   2.7504800e-02   9.1129032e-01
   3.0255200e-02   9.1935484e-01
   3.1041600e-02   9.2741935e-01
   3.3792000e-02   9.3548387e-01
   3.4184800e-02   9.4354839e-01
   3.8507200e-02   9.5161290e-01
   4.0078400e-02   9.5967742e-01
   4.2828800e-02   9.6774194e-01
   4.3221600e-02   9.7580645e-01
   5.8153600e-02   9.8387097e-01
   6.3654400e-02   9.9193548e-01
   7.2691200e-02   1.0000000e+00
