   2.5528000e-03   0.0000000e+00
   2.5528000e-03   3.1347962e-03
   2.9784000e-03   4.1797283e-03
   3.4040000e-03   9.4043887e-03
   3.8296000e-03   1.5673981e-02
   4.2552000e-03   2.6123302e-02
   4.6808000e-03   3.4482759e-02
   5.1064000e-03   6.1650993e-02
   5.5320000e-03   7.6280042e-02
   5.9576000e-03   1.0240334e-01
   6.3832000e-03   1.3584117e-01
   6.8088000e-03   1.6614420e-01
   7.2344000e-03   1.9435737e-01
   7.6592000e-03   2.1839080e-01
   8.0848000e-03   2.5809822e-01
   8.5104000e-03   2.9780564e-01
   8.9360000e-03   3.2392894e-01
   9.3616000e-03   3.4691745e-01
   9.7872000e-03   3.6886102e-01
   1.0212800e-02   3.9080460e-01
   1.0638400e-02   4.0647858e-01
   1.1064000e-02   4.2319749e-01
   1.1489600e-02   4.3573668e-01
   1.1915200e-02   4.4932079e-01
   1.2340000e-02   4.7230930e-01
   1.2765600e-02   4.8275862e-01
   1.3191200e-02   4.9634274e-01
   1.3616800e-02   5.1306165e-01
   1.4042400e-02   5.2978056e-01
   1.4468000e-02   5.4022989e-01
   1.4893600e-02   5.5694880e-01
   1.5319200e-02   5.6321839e-01
   1.5744800e-02   5.7575758e-01
   1.6170400e-02   5.9038662e-01
   1.6596000e-02   6.0188088e-01
   1.7021600e-02   6.1128527e-01
   1.7447200e-02   6.2277952e-01
   1.7872000e-02   6.3427377e-01
   1.8297600e-02   6.4263323e-01
   1.8723200e-02   6.5935214e-01
   1.9148800e-02   6.6666667e-01
   1.9574400e-02   6.7293626e-01
   2.0000000e-02   6.8861024e-01
   2.0425600e-02   6.9174504e-01
   2.0851200e-02   7.0010449e-01
   2.1276800e-02   7.1368861e-01
   2.1702400e-02   7.2204807e-01
   2.2128000e-02   7.2936259e-01
   2.2553600e-02   7.3772205e-01
   2.2978400e-02   7.4817137e-01
   2.3404000e-02   7.5235110e-01
   2.3829600e-02   7.5862069e-01
   2.4255200e-02   7.6384535e-01
   2.4680800e-02   7.7115987e-01
   2.5106400e-02   7.7742947e-01
   2.5532000e-02   7.8056426e-01
   2.5957600e-02   7.8683386e-01
   2.6383200e-02   7.9623824e-01
   2.6808800e-02   7.9937304e-01
   2.7234400e-02   8.0355277e-01
   2.7660000e-02   8.1086729e-01
   2.8084800e-02   8.1504702e-01
   2.8510400e-02   8.1713689e-01
   2.8936000e-02   8.1922675e-01
   2.9361600e-02   8.2340648e-01
   2.9787200e-02   8.2654127e-01
   3.0212800e-02   8.2863114e-01
   3.0638400e-02   8.3072100e-01
   3.1064000e-02   8.3490073e-01
   3.1489600e-02   8.3699060e-01
   3.1915200e-02   8.3908046e-01
   3.2340800e-02   8.4326019e-01
   3.2765600e-02   8.5057471e-01
   3.3191200e-02   8.5370951e-01
   3.3616800e-02   8.5893417e-01
   3.4042400e-02   8.6102403e-01
   3.4468000e-02   8.6729363e-01
   3.4893600e-02   8.7147335e-01
   3.5319200e-02   8.7774295e-01
   3.5744800e-02   8.8505747e-01
   3.6170400e-02   8.8714734e-01
   3.6596000e-02   8.8923720e-01
   3.7021600e-02   8.9341693e-01
   3.7447200e-02   8.9550679e-01
   3.7872000e-02   8.9759666e-01
   3.8297600e-02   9.0073145e-01
   3.8723200e-02   9.0700104e-01
   3.9148800e-02   9.1013584e-01
   4.0000000e-02   9.1327064e-01
   4.0425600e-02   9.1431557e-01
   4.2128000e-02   9.1536050e-01
   4.2553600e-02   9.1640543e-01
   4.2978400e-02   9.1849530e-01
   4.3404000e-02   9.2058516e-01
   4.3829600e-02   9.2371996e-01
   4.4680800e-02   9.2685475e-01
   4.5106400e-02   9.2894462e-01
   4.5532000e-02   9.3103448e-01
   4.5957600e-02   9.3207941e-01
   4.6383200e-02   9.3416928e-01
   4.6808800e-02   9.3521421e-01
   4.7234400e-02   9.3625914e-01
   4.7660000e-02   9.3730408e-01
   4.8084800e-02   9.3834901e-01
   4.8510400e-02   9.3939394e-01
   4.8936000e-02   9.4043887e-01
   4.9361600e-02   9.4148380e-01
   5.0638400e-02   9.4252874e-01
   5.1489600e-02   9.4984326e-01
   5.1915200e-02   9.5088819e-01
   5.2765600e-02   9.5193312e-01
   5.3191200e-02   9.5402299e-01
   5.3616800e-02   9.5506792e-01
   5.4042400e-02   9.5611285e-01
   5.5319200e-02   9.5715778e-01
   5.5744800e-02   9.5820272e-01
   5.6170400e-02   9.5924765e-01
   5.6596000e-02   9.6029258e-01
   5.7446400e-02   9.6133751e-01
   5.7872000e-02   9.6238245e-01
   5.8723200e-02   9.6447231e-01
   5.9148800e-02   9.6656217e-01
   6.0425600e-02   9.6760711e-01
   6.1702400e-02   9.6865204e-01
   6.2128000e-02   9.6969697e-01
   6.2978400e-02   9.7074190e-01
   6.5106400e-02   9.7178683e-01
   6.6808800e-02   9.7283177e-01
   6.8084800e-02   9.7387670e-01
   6.8510400e-02   9.7492163e-01
   6.9361600e-02   9.7701149e-01
   6.9787200e-02   9.7805643e-01
   7.2340800e-02   9.7910136e-01
   7.3616800e-02   9.8014629e-01
   7.4042400e-02   9.8223615e-01
   7.4468000e-02   9.8328109e-01
   7.6170400e-02   9.8432602e-01
   7.7872000e-02   9.8537095e-01
   8.0000000e-02   9.8746082e-01
   8.0425600e-02   9.8850575e-01
   8.2128000e-02   9.9059561e-01
   8.3829600e-02   9.9164054e-01
   8.4255200e-02   9.9268548e-01
   8.5957600e-02   9.9373041e-01
   8.7234400e-02   9.9477534e-01
   8.7659200e-02   9.9582027e-01
   9.2340800e-02   9.9686520e-01
   9.4468000e-02   9.9791014e-01
   9.7447200e-02   1.0000000e+00
