   4.0040000e-03   0.0000000e+00
   4.0040000e-03   2.8301887e-02
   4.3680000e-03   4.7169811e-02
   4.7312000e-03   6.6037736e-02
   5.0952000e-03   1.2264151e-01
   5.4592000e-03   1.6037736e-01
   5.8232000e-03   2.0754717e-01
   6.1872000e-03   2.1698113e-01
   6.5512000e-03   2.5471698e-01
   7.2792000e-03   2.6415094e-01
   7.6432000e-03   2.8301887e-01
   8.0072000e-03   2.9245283e-01
   8.3712000e-03   3.2075472e-01
   8.7352000e-03   3.3962264e-01
   9.0992000e-03   3.8679245e-01
   9.4632000e-03   4.1509434e-01
   1.0555200e-02   4.3396226e-01
   1.1647200e-02   4.5283019e-01
   1.2375200e-02   4.9056604e-01
   1.2739200e-02   5.0000000e-01
   1.3103200e-02   5.0943396e-01
   1.3467200e-02   5.2830189e-01
   1.3830400e-02   5.4716981e-01
   1.4194400e-02   5.6603774e-01
   1.5286400e-02   5.7547170e-01
   1.6742400e-02   5.8490566e-01
   1.8562400e-02   5.9433962e-01
   1.8926400e-02   6.0377358e-01
   1.9290400e-02   6.1320755e-01
   1.9654400e-02   6.2264151e-01
   2.0018400e-02   6.3207547e-01
   2.1110400e-02   6.4150943e-01
   2.1837600e-02   6.5094340e-01
   2.4749600e-02   6.6037736e-01
   2.5477600e-02   6.7924528e-01
   2.5841600e-02   6.8867925e-01
   2.7661600e-02   6.9811321e-01
   2.8753600e-02   7.0754717e-01
   2.9845600e-02   7.1698113e-01
   3.0209600e-02   7.3584906e-01
   3.1301600e-02   7.4528302e-01
   3.1664800e-02   7.5471698e-01
   3.4212800e-02   7.6415094e-01
   3.6760800e-02   7.8301887e-01
   3.7488800e-02   7.9245283e-01
   3.8580800e-02   8.1132075e-01
   3.9308800e-02   8.2075472e-01
   3.9672800e-02   8.3018868e-01
   4.0764000e-02   8.3962264e-01
   4.2584000e-02   8.4905660e-01
   4.4768000e-02   8.5849057e-01
   4.5860000e-02   8.6792453e-01
   4.8771200e-02   8.7735849e-01
   4.9863200e-02   8.8679245e-01
   5.0955200e-02   8.9622642e-01
   5.1319200e-02   9.0566038e-01
   5.2411200e-02   9.1509434e-01
   5.5687200e-02   9.2452830e-01
   6.3330400e-02   9.3396226e-01
   6.5514400e-02   9.4339623e-01
   6.6242400e-02   9.5283019e-01
   6.7333600e-02   9.6226415e-01
   6.9153600e-02   9.7169811e-01
   7.1337600e-02   9.8113208e-01
   7.3157600e-02   9.9056604e-01
   8.0072800e-02   1.0000000e+00
