   3.5160000e-03   0.0000000e+00
   3.5160000e-03   4.1666667e-03
   4.2968000e-03   1.2500000e-02
   4.6872000e-03   1.6666667e-02
   5.0784000e-03   4.1666667e-02
   5.8592000e-03   5.4166667e-02
   6.2504000e-03   1.0000000e-01
   6.6408000e-03   1.2500000e-01
   7.0312000e-03   1.5000000e-01
   7.4216000e-03   1.8333333e-01
   7.8128000e-03   1.9583333e-01
   8.2032000e-03   2.2083333e-01
   8.5936000e-03   2.4583333e-01
   8.9840000e-03   2.6250000e-01
   9.3752000e-03   3.0000000e-01
   9.7656000e-03   3.0416667e-01
   1.0156000e-02   3.2500000e-01
   1.0547200e-02   3.3750000e-01
   1.0937600e-02   3.7083333e-01
   1.1328000e-02   3.9583333e-01
   1.1718400e-02   4.2083333e-01
   1.2109600e-02   4.3750000e-01
   1.2500000e-02   4.7916667e-01
   1.2890400e-02   4.9583333e-01
   1.3281600e-02   5.2916667e-01
   1.3672000e-02   5.3750000e-01
   1.4062400e-02   5.4583333e-01
   1.4452800e-02   5.5416667e-01
   1.4844000e-02   5.7083333e-01
   1.5234400e-02   5.7916667e-01
   1.5624800e-02   5.8333333e-01
   1.6015200e-02   6.0000000e-01
   1.6406400e-02   6.2500000e-01
   1.6796800e-02   6.3333333e-01
   1.7578400e-02   6.6250000e-01
   1.7968800e-02   6.6666667e-01
   1.8359200e-02   6.7500000e-01
   1.8750400e-02   6.9166667e-01
   1.9140800e-02   7.0000000e-01
   2.0703200e-02   7.0416667e-01
   2.2265600e-02   7.1666667e-01
   2.2656000e-02   7.2083333e-01
   2.3437600e-02   7.2500000e-01
   2.3828000e-02   7.2916667e-01
   2.4218400e-02   7.3750000e-01
   2.5000000e-02   7.4166667e-01
   2.6172000e-02   7.5000000e-01
   2.7344000e-02   7.5416667e-01
   2.7734400e-02   7.6250000e-01
   2.8124800e-02   7.6666667e-01
   2.8516000e-02   7.7083333e-01
   3.0078400e-02   7.7500000e-01
   3.0859200e-02   7.7916667e-01
   3.1640800e-02   7.8333333e-01
   3.2031200e-02   7.8750000e-01
   3.2421600e-02   7.9583333e-01
   3.2812800e-02   8.0000000e-01
   3.3593600e-02   8.0833333e-01
   3.3984000e-02   8.1250000e-01
   3.4765600e-02   8.2083333e-01
   3.7500000e-02   8.3333333e-01
   3.8281600e-02   8.3750000e-01
   3.8672000e-02   8.4166667e-01
   3.9062400e-02   8.5000000e-01
   4.1016000e-02   8.5416667e-01
   4.1406400e-02   8.6250000e-01
   4.1796800e-02   8.6666667e-01
   4.3750400e-02   8.7083333e-01
   4.5703200e-02   8.7500000e-01
   4.7265600e-02   8.7916667e-01
   4.9218400e-02   8.8333333e-01
   5.2344000e-02   8.8750000e-01
   5.4687200e-02   8.9166667e-01
   5.5859200e-02   8.9583333e-01
   6.0156000e-02   9.0000000e-01
   6.2500000e-02   9.0416667e-01
   6.4062400e-02   9.0833333e-01
   6.8750400e-02   9.1250000e-01
   7.0703200e-02   9.1666667e-01
   7.1875200e-02   9.2083333e-01
   7.8906400e-02   9.2500000e-01
   8.4765600e-02   9.2916667e-01
   8.5156000e-02   9.3333333e-01
   8.9844000e-02   9.3750000e-01
   9.6093600e-02   9.4166667e-01
   9.8047200e-02   9.4583333e-01
   1.0039040e-01   9.5000000e-01
   1.0859360e-01   9.5416667e-01
   1.1445280e-01   9.5833333e-01
   1.1484400e-01   9.6250000e-01
   1.1796880e-01   9.6666667e-01
   1.2187520e-01   9.7083333e-01
   1.2617200e-01   9.7500000e-01
   1.2695280e-01   9.7916667e-01
   1.6523440e-01   9.8333333e-01
   2.0585920e-01   9.8750000e-01
   2.0624960e-01   9.9166667e-01
   2.1718720e-01   9.9583333e-01
   2.7695280e-01   1.0000000e+00
