   5.4764651e-03   0.0000000e+00
   5.4764651e-03   7.6923077e-03
   7.9908815e-03   1.5384615e-02
   8.5852551e-03   2.3076923e-02
   8.7620043e-03   3.0769231e-02
   8.9302623e-03   3.8461538e-02
   1.0404774e-02   4.6153846e-02
   1.0784892e-02   5.3846154e-02
   1.0867841e-02   6.1538462e-02
   1.0942124e-02   6.9230769e-02
   1.1404225e-02   7.6923077e-02
   1.1595370e-02   8.4615385e-02
   1.1847543e-02   9.2307692e-02
   1.2357149e-02   1.0000000e-01
   1.2451420e-02   1.0769231e-01
   1.2595700e-02   1.1538462e-01
   1.3029527e-02   1.2307692e-01
   1.3422902e-02   1.3076923e-01
   1.5021813e-02   1.3846154e-01
   1.5981763e-02   1.4615385e-01
   1.6122440e-02   1.5384615e-01
   1.6159807e-02   1.6153846e-01
   1.6499085e-02   1.6923077e-01
   1.6714878e-02   1.7692308e-01
   1.6745817e-02   1.8461538e-01
   1.7540018e-02   1.9230769e-01
   1.8162493e-02   2.0000000e-01
   1.8410425e-02   2.0769231e-01
   1.9727453e-02   2.1538462e-01
   2.0035742e-02   2.2307692e-01
   2.0720457e-02   2.3076923e-01
   2.1436619e-02   2.3846154e-01
   2.1490408e-02   2.4615385e-01
   2.1735682e-02   2.5384615e-01
   2.1993863e-02   2.6153846e-01
   2.2202042e-02   2.6923077e-01
   2.2298769e-02   2.7692308e-01
   2.2601409e-02   2.8461538e-01
   2.2954423e-02   2.9230769e-01
   2.3549522e-02   3.0000000e-01
   2.3808183e-02   3.0769231e-01
   2.3848325e-02   3.1538462e-01
   2.4374003e-02   3.2307692e-01
   2.4682092e-02   3.3076923e-01
   2.4921571e-02   3.3846154e-01
   2.5611081e-02   3.4615385e-01
   2.5671254e-02   3.5384615e-01
   2.5739327e-02   3.6153846e-01
   2.5978801e-02   3.6923077e-01
   2.6095737e-02   3.7692308e-01
   2.6221304e-02   3.8461538e-01
   2.6398949e-02   3.9230769e-01
   2.7295490e-02   4.0000000e-01
   2.9301897e-02   4.0769231e-01
   2.9423605e-02   4.1538462e-01
   3.0984569e-02   4.2307692e-01
   3.1214212e-02   4.3076923e-01
   3.1612016e-02   4.3846154e-01
   3.2159719e-02   4.4615385e-01
   3.2602762e-02   4.5384615e-01
   3.3168523e-02   4.6153846e-01
   3.3345659e-02   4.6923077e-01
   3.3953404e-02   4.7692308e-01
   3.4875800e-02   4.8461538e-01
   3.5696770e-02   4.9230769e-01
   3.7348314e-02   5.0000000e-01
   3.8886752e-02   5.0769231e-01
   3.9774536e-02   5.1538462e-01
   4.1171640e-02   5.2307692e-01
   4.1440574e-02   5.3076923e-01
   4.1883074e-02   5.3846154e-01
   4.2696585e-02   5.4615385e-01
   4.2750215e-02   5.5384615e-01
   4.4367029e-02   5.6153846e-01
   4.4402650e-02   5.6923077e-01
   4.5427650e-02   5.7692308e-01
   4.6290530e-02   5.8461538e-01
   5.1054818e-02   5.9230769e-01
   5.1202270e-02   6.0000000e-01
   5.1323952e-02   6.0769231e-01
   5.1414083e-02   6.1538462e-01
   5.2080779e-02   6.2307692e-01
   5.5146400e-02   6.3076923e-01
   5.5740524e-02   6.3846154e-01
   5.6455540e-02   6.4615385e-01
   5.6534149e-02   6.5384615e-01
   5.8254478e-02   6.6153846e-01
   5.8335447e-02   6.6923077e-01
   5.8539298e-02   6.7692308e-01
   5.8653207e-02   6.8461538e-01
   5.8702204e-02   6.9230769e-01
   5.8915530e-02   7.0000000e-01
   6.0794957e-02   7.0769231e-01
   6.4136964e-02   7.1538462e-01
   7.0295028e-02   7.2307692e-01
   7.1765620e-02   7.3076923e-01
   7.4496900e-02   7.3846154e-01
   7.5408976e-02   7.4615385e-01
   7.6254854e-02   7.5384615e-01
   7.7647838e-02   7.6153846e-01
   8.4420408e-02   7.6923077e-01
   8.5348317e-02   7.7692308e-01
   8.6027390e-02   7.8461538e-01
   8.6186011e-02   7.9230769e-01
   8.6388220e-02   8.0000000e-01
   8.7161534e-02   8.0769231e-01
   9.4012995e-02   8.1538462e-01
   9.8152950e-02   8.2307692e-01
   1.0118661e-01   8.3076923e-01
   1.0288618e-01   8.3846154e-01
   1.0346536e-01   8.4615385e-01
   1.0665769e-01   8.5384615e-01
   1.0771847e-01   8.6153846e-01
   1.0965689e-01   8.6923077e-01
   1.1132883e-01   8.7692308e-01
   1.1193760e-01   8.8461538e-01
   1.1580780e-01   8.9230769e-01
   1.1642120e-01   9.0000000e-01
   1.1774735e-01   9.0769231e-01
   1.1983405e-01   9.1538462e-01
   1.2026767e-01   9.2307692e-01
   1.2574095e-01   9.3076923e-01
   1.2853075e-01   9.3846154e-01
   1.3457530e-01   9.4615385e-01
   1.3887790e-01   9.5384615e-01
   1.4047789e-01   9.6153846e-01
   1.5113330e-01   9.6923077e-01
   1.5902405e-01   9.7692308e-01
   1.6216465e-01   9.8461538e-01
   1.6886237e-01   9.9230769e-01
   2.4521601e-01   1.0000000e+00
