   7.1713871e-03   0.0000000e+00
   7.1713871e-03   8.0645161e-03
   7.1845796e-03   1.6129032e-02
   7.5540482e-03   2.4193548e-02
   7.7210611e-03   3.2258065e-02
   7.9223219e-03   4.0322581e-02
   8.8266294e-03   4.8387097e-02
   8.9568935e-03   5.6451613e-02
   9.1105929e-03   6.4516129e-02
   9.3322869e-03   7.2580645e-02
   9.3863842e-03   8.0645161e-02
   9.4715954e-03   8.8709677e-02
   9.6031811e-03   9.6774194e-02
   9.6619092e-03   1.0483871e-01
   9.9755106e-03   1.1290323e-01
   1.0205821e-02   1.2903226e-01
   1.0279023e-02   1.3709677e-01
   1.0318081e-02   1.4516129e-01
   1.0344822e-02   1.5322581e-01
   1.0777473e-02   1.6129032e-01
   1.0901965e-02   1.6935484e-01
   1.0956631e-02   1.7741935e-01
   1.1072546e-02   1.8548387e-01
   1.1180617e-02   1.9354839e-01
   1.1283304e-02   2.0161290e-01
   1.1543257e-02   2.0967742e-01
   1.1590135e-02   2.1774194e-01
   1.1751575e-02   2.2580645e-01
   1.1867947e-02   2.3387097e-01
   1.1869857e-02   2.4193548e-01
   1.1920830e-02   2.5000000e-01
   1.1947684e-02   2.5806452e-01
   1.2157616e-02   2.7419355e-01
   1.2452384e-02   2.8225806e-01
   1.2533946e-02   2.9032258e-01
   1.2589715e-02   2.9838710e-01
   1.2771808e-02   3.0645161e-01
   1.3066228e-02   3.1451613e-01
   1.3159733e-02   3.2258065e-01
   1.3368966e-02   3.3064516e-01
   1.3553251e-02   3.3870968e-01
   1.3794820e-02   3.4677419e-01
   1.4268561e-02   3.5483871e-01
   1.4376047e-02   3.6290323e-01
   1.4414650e-02   3.7096774e-01
   1.4778799e-02   3.7903226e-01
   1.5287344e-02   3.8709677e-01
   1.5292236e-02   3.9516129e-01
   1.5408419e-02   4.0322581e-01
   1.5635422e-02   4.1129032e-01
   1.6117778e-02   4.1935484e-01
   1.6510931e-02   4.2741935e-01
   1.6602803e-02   4.3548387e-01
   1.6834263e-02   4.4354839e-01
   1.7400490e-02   4.5161290e-01
   1.7706749e-02   4.5967742e-01
   1.7914545e-02   4.6774194e-01
   1.7960074e-02   4.7580645e-01
   1.8227779e-02   4.8387097e-01
   1.8735514e-02   4.9193548e-01
   1.8772827e-02   5.0000000e-01
   1.8773040e-02   5.0806452e-01
   1.8853926e-02   5.1612903e-01
   1.8876679e-02   5.2419355e-01
   1.8998129e-02   5.3225806e-01
   1.9030150e-02   5.4032258e-01
   1.9823353e-02   5.4838710e-01
   1.9858053e-02   5.5645161e-01
   1.9904418e-02   5.6451613e-01
   1.9906626e-02   5.7258065e-01
   1.9952756e-02   5.8064516e-01
   2.0147695e-02   5.8870968e-01
   2.0556923e-02   5.9677419e-01
   2.1244730e-02   6.0483871e-01
   2.1591221e-02   6.1290323e-01
   2.1814141e-02   6.2096774e-01
   2.2110386e-02   6.2903226e-01
   2.2255162e-02   6.3709677e-01
   2.2998705e-02   6.4516129e-01
   2.3659590e-02   6.5322581e-01
   2.4199519e-02   6.6129032e-01
   2.4282153e-02   6.6935484e-01
   2.4469561e-02   6.7741935e-01
   2.4545381e-02   6.8548387e-01
   2.4607403e-02   6.9354839e-01
   2.4704421e-02   7.0161290e-01
   2.4937088e-02   7.0967742e-01
   2.5106403e-02   7.1774194e-01
   2.5238885e-02   7.2580645e-01
   2.6507027e-02   7.3387097e-01
   2.6638326e-02   7.4193548e-01
   2.6703425e-02   7.5000000e-01
   2.6925385e-02   7.5806452e-01
   2.7029065e-02   7.6612903e-01
   2.7384006e-02   7.7419355e-01
   2.7832088e-02   7.8225806e-01
   2.7997456e-02   7.9032258e-01
   2.8134552e-02   7.9838710e-01
   2.9235449e-02   8.0645161e-01
   2.9786339e-02   8.1451613e-01
   3.1003489e-02   8.2258065e-01
   3.1279503e-02   8.3064516e-01
   3.1285696e-02   8.3870968e-01
   3.1452163e-02   8.4677419e-01
   3.1718012e-02   8.5483871e-01
   3.2151980e-02   8.6290323e-01
   3.2269550e-02   8.7096774e-01
   3.3570886e-02   8.7903226e-01
   3.4167594e-02   8.8709677e-01
   3.5225229e-02   8.9516129e-01
   3.5302820e-02   9.0322581e-01
   3.6267637e-02   9.1129032e-01
   3.7836479e-02   9.1935484e-01
   4.3833982e-02   9.2741935e-01
   4.6325785e-02   9.3548387e-01
   4.6431623e-02   9.4354839e-01
   4.9373342e-02   9.5161290e-01
   5.3166160e-02   9.5967742e-01
   6.0952104e-02   9.6774194e-01
   6.5471096e-02   9.7580645e-01
   9.0477099e-02   9.8387097e-01
   1.1466045e-01   9.9193548e-01
   1.3110712e-01   1.0000000e+00
