   4.2784000e-03   0.0000000e+00
   4.2784000e-03   8.5470085e-03
   4.8128000e-03   2.5641026e-02
   5.3472000e-03   5.1282051e-02
   5.8824000e-03   9.4017094e-02
   6.4168000e-03   1.3675214e-01
   6.9520000e-03   1.9658120e-01
   7.4864000e-03   2.3076923e-01
   8.0216000e-03   2.4786325e-01
   8.5560000e-03   2.9059829e-01
   9.0912000e-03   3.0769231e-01
   9.6256000e-03   3.3333333e-01
   1.0160000e-02   3.5897436e-01
   1.0695200e-02   4.0170940e-01
   1.1229600e-02   4.1025641e-01
   1.1764800e-02   4.4444444e-01
   1.2299200e-02   4.7863248e-01
   1.2834400e-02   5.1282051e-01
   1.3368800e-02   5.5555556e-01
   1.3904000e-02   5.7264957e-01
   1.4438400e-02   6.1538462e-01
   1.4973600e-02   6.4957265e-01
   1.5508000e-02   6.6666667e-01
   1.6042400e-02   6.8376068e-01
   1.6577600e-02   7.0940171e-01
   1.7112000e-02   7.3504274e-01
   1.7647200e-02   7.5213675e-01
   1.8181600e-02   7.6068376e-01
   1.8716800e-02   7.7777778e-01
   1.9251200e-02   7.8632479e-01
   1.9786400e-02   7.9487179e-01
   2.1924800e-02   8.1196581e-01
   2.3529600e-02   8.2051282e-01
   2.7272800e-02   8.2905983e-01
   2.9412000e-02   8.3760684e-01
   3.0481600e-02   8.4615385e-01
   3.2085600e-02   8.5470085e-01
   3.8502400e-02   8.6324786e-01
   3.9037600e-02   8.7179487e-01
   3.9572000e-02   8.8034188e-01
   4.3850400e-02   8.8888889e-01
   4.5989600e-02   8.9743590e-01
   4.6524000e-02   9.0598291e-01
   4.7059200e-02   9.1452991e-01
   5.1872000e-02   9.2307692e-01
   5.2406400e-02   9.3162393e-01
   5.2940800e-02   9.4017094e-01
   5.5080000e-02   9.4871795e-01
   1.1016080e-01   9.5726496e-01
   1.1229920e-01   9.6581197e-01
   1.1871680e-01   9.7435897e-01
   1.8074880e-01   9.8290598e-01
   2.0534720e-01   9.9145299e-01
   2.1122960e-01   1.0000000e+00
