   2.5616000e-03   0.0000000e+00
   2.5616000e-03   1.7241379e-03
   3.4152000e-03   5.1724138e-03
   3.8424000e-03   1.0344828e-02
   4.2688000e-03   1.3793103e-02
   4.6960000e-03   2.5862069e-02
   5.1224000e-03   4.8275862e-02
   5.5496000e-03   7.4137931e-02
   5.9768000e-03   1.0344828e-01
   6.4032000e-03   1.2241379e-01
   6.8304000e-03   1.5000000e-01
   7.2568000e-03   1.6724138e-01
   7.6840000e-03   1.8448276e-01
   8.1112000e-03   2.2758621e-01
   8.5376000e-03   2.4827586e-01
   8.9648000e-03   2.6896552e-01
   9.3920000e-03   2.8793103e-01
   9.8184000e-03   2.9827586e-01
   1.0245600e-02   3.0862069e-01
   1.0672000e-02   3.1551724e-01
   1.1099200e-02   3.2586207e-01
   1.1526400e-02   3.4827586e-01
   1.1952800e-02   3.6551724e-01
   1.2380000e-02   3.8793103e-01
   1.2806400e-02   3.9827586e-01
   1.3233600e-02   4.1379310e-01
   1.3660800e-02   4.4137931e-01
   1.4087200e-02   4.5517241e-01
   1.4514400e-02   4.6724138e-01
   1.4941600e-02   4.8103448e-01
   1.5368000e-02   4.8965517e-01
   1.5795200e-02   4.9655172e-01
   1.6222400e-02   5.0862069e-01
   1.6648800e-02   5.1896552e-01
   1.7076000e-02   5.3103448e-01
   1.7502400e-02   5.3793103e-01
   1.7929600e-02   5.4482759e-01
   1.8356800e-02   5.5000000e-01
   1.8783200e-02   5.5517241e-01
   1.9210400e-02   5.6379310e-01
   1.9636800e-02   5.7931034e-01
   2.0064000e-02   5.8103448e-01
   2.0491200e-02   5.8965517e-01
   2.0917600e-02   6.0000000e-01
   2.1344800e-02   6.0862069e-01
   2.1771200e-02   6.1896552e-01
   2.2198400e-02   6.2241379e-01
   2.2625600e-02   6.2931034e-01
   2.3052000e-02   6.3620690e-01
   2.3479200e-02   6.3965517e-01
   2.3906400e-02   6.5172414e-01
   2.4332800e-02   6.5689655e-01
   2.4760000e-02   6.6724138e-01
   2.5186400e-02   6.7241379e-01
   2.5613600e-02   6.7758621e-01
   2.6040800e-02   6.8793103e-01
   2.6467200e-02   6.9482759e-01
   2.6894400e-02   6.9655172e-01
   2.7321600e-02   7.0000000e-01
   2.7748000e-02   7.0517241e-01
   2.8175200e-02   7.1034483e-01
   2.8601600e-02   7.1379310e-01
   2.9028800e-02   7.2413793e-01
   2.9456000e-02   7.3448276e-01
   2.9882400e-02   7.3965517e-01
   3.0309600e-02   7.4137931e-01
   3.0736800e-02   7.4482759e-01
   3.1163200e-02   7.5172414e-01
   3.1590400e-02   7.5689655e-01
   3.2016800e-02   7.6034483e-01
   3.2444000e-02   7.6379310e-01
   3.2871200e-02   7.7241379e-01
   3.3297600e-02   7.7586207e-01
   3.3724800e-02   7.8620690e-01
   3.4151200e-02   7.8793103e-01
   3.4578400e-02   7.8965517e-01
   3.5005600e-02   7.9137931e-01
   3.5432000e-02   7.9482759e-01
   3.6286400e-02   7.9655172e-01
   3.6712800e-02   8.0000000e-01
   3.7140000e-02   8.0344828e-01
   3.7566400e-02   8.0517241e-01
   3.8420800e-02   8.0689655e-01
   3.9274400e-02   8.1034483e-01
   3.9700800e-02   8.1551724e-01
   4.0128000e-02   8.1896552e-01
   4.0555200e-02   8.2413793e-01
   4.0981600e-02   8.2758621e-01
   4.1408800e-02   8.3103448e-01
   4.2262400e-02   8.3275862e-01
   4.2689600e-02   8.3448276e-01
   4.3970400e-02   8.3620690e-01
   4.4824000e-02   8.3965517e-01
   4.5251200e-02   8.4655172e-01
   4.5677600e-02   8.5000000e-01
   4.6104800e-02   8.5517241e-01
   4.6531200e-02   8.6551724e-01
   4.6958400e-02   8.6896552e-01
   4.7385600e-02   8.7241379e-01
   4.7812000e-02   8.7413793e-01
   4.9092800e-02   8.7758621e-01
   4.9946400e-02   8.7931034e-01
   5.0373600e-02   8.8103448e-01
   5.1227200e-02   8.8620690e-01
   5.2935200e-02   8.8793103e-01
   5.4215200e-02   8.8965517e-01
   5.4642400e-02   8.9137931e-01
   5.5496000e-02   8.9482759e-01
   5.6776800e-02   9.0000000e-01
   5.7204000e-02   9.0517241e-01
   5.7630400e-02   9.0862069e-01
   5.9764800e-02   9.1034483e-01
   6.1900000e-02   9.1379310e-01
   6.3180800e-02   9.1551724e-01
   6.3607200e-02   9.2068966e-01
   6.4034400e-02   9.2413793e-01
   6.4888000e-02   9.2586207e-01
   6.5741600e-02   9.2758621e-01
   6.6595200e-02   9.2931034e-01
   6.7449600e-02   9.3103448e-01
   6.9584000e-02   9.3448276e-01
   7.0010400e-02   9.3620690e-01
   7.2144800e-02   9.3793103e-01
   7.2999200e-02   9.4137931e-01
   7.3852800e-02   9.4482759e-01
   7.7694400e-02   9.4655172e-01
   7.8975200e-02   9.4827586e-01
   8.0256000e-02   9.5000000e-01
   8.0683200e-02   9.5172414e-01
   8.1109600e-02   9.5344828e-01
   8.1536800e-02   9.5517241e-01
   8.1964000e-02   9.5689655e-01
   8.4524800e-02   9.5862069e-01
   8.5805600e-02   9.6034483e-01
   8.6659200e-02   9.6206897e-01
   8.9220800e-02   9.6379310e-01
   9.2636000e-02   9.6551724e-01
   9.3916800e-02   9.6724138e-01
   9.7759200e-02   9.6896552e-01
   9.9039200e-02   9.7068966e-01
   1.0928480e-01   9.7241379e-01
   1.1739600e-01   9.7413793e-01
   1.2123760e-01   9.7586207e-01
   1.2977600e-01   9.7758621e-01
   1.3319120e-01   9.7931034e-01
   1.3361760e-01   9.8103448e-01
   1.3703280e-01   9.8275862e-01
   1.3746000e-01   9.8448276e-01
   1.4087520e-01   9.8620690e-01
   1.4130240e-01   9.8793103e-01
   1.4172880e-01   9.8965517e-01
   1.4642480e-01   9.9137931e-01
   1.4685200e-01   9.9310345e-01
   1.5667040e-01   9.9482759e-01
   1.7502640e-01   9.9655172e-01
   1.9637120e-01   9.9827586e-01
   2.0064000e-01   1.0000000e+00
