   4.0480000e-03   0.0000000e+00
   4.0480000e-03   4.7846890e-03
   4.4160000e-03   6.3795853e-03
   4.7840000e-03   9.5693780e-03
   5.1520000e-03   1.2759171e-02
   5.5200000e-03   4.7846890e-02
   5.8880000e-03   6.2200957e-02
   6.2560000e-03   8.2934609e-02
   6.6240000e-03   9.0909091e-02
   6.9920000e-03   1.3397129e-01
   7.3600000e-03   1.4513557e-01
   7.7280000e-03   1.8022329e-01
   8.0960000e-03   2.0095694e-01
   8.4640000e-03   2.2807018e-01
   8.8320000e-03   2.5358852e-01
   9.1992000e-03   2.6475279e-01
   9.5672000e-03   2.9505582e-01
   9.9352000e-03   3.1897927e-01
   1.0304000e-02   3.4768740e-01
   1.0672000e-02   3.5725678e-01
   1.1039200e-02   3.8437002e-01
   1.1407200e-02   3.9074960e-01
   1.1775200e-02   4.0510367e-01
   1.2143200e-02   4.1307815e-01
   1.2511200e-02   4.4657097e-01
   1.2879200e-02   4.5454545e-01
   1.3247200e-02   4.7049442e-01
   1.3615200e-02   4.8484848e-01
   1.3983200e-02   5.0239234e-01
   1.4351200e-02   5.1834131e-01
   1.4719200e-02   5.3110048e-01
   1.5087200e-02   5.4226475e-01
   1.5455200e-02   5.5023923e-01
   1.5823200e-02   5.6140351e-01
   1.6191200e-02   5.6459330e-01
   1.6559200e-02   5.7735247e-01
   1.6927200e-02   5.8373206e-01
   1.7295200e-02   5.9330144e-01
   1.7663200e-02   5.9649123e-01
   1.8031200e-02   6.0925040e-01
   1.8399200e-02   6.1084530e-01
   1.8767200e-02   6.1722488e-01
   1.9135200e-02   6.2200957e-01
   1.9503200e-02   6.2519936e-01
   1.9871200e-02   6.3317384e-01
   2.0239200e-02   6.3476874e-01
   2.0607200e-02   6.3636364e-01
   2.0975200e-02   6.4433812e-01
   2.1343200e-02   6.4912281e-01
   2.1711200e-02   6.5071770e-01
   2.2079200e-02   6.5709729e-01
   2.2447200e-02   6.6028708e-01
   2.2815200e-02   6.6666667e-01
   2.3551200e-02   6.8421053e-01
   2.4287200e-02   6.9059011e-01
   2.4655200e-02   6.9377990e-01
   2.5023200e-02   7.0813397e-01
   2.5391200e-02   7.0972887e-01
   2.5759200e-02   7.1610845e-01
   2.6127200e-02   7.2089314e-01
   2.6495200e-02   7.2567783e-01
   2.6863200e-02   7.3205742e-01
   2.7231200e-02   7.3365231e-01
   2.7599200e-02   7.4003190e-01
   2.7967200e-02   7.4322169e-01
   2.8335200e-02   7.4800638e-01
   2.8703200e-02   7.5279107e-01
   2.9071200e-02   7.5438596e-01
   2.9438400e-02   7.5598086e-01
   2.9806400e-02   7.6076555e-01
   3.0175200e-02   7.6395534e-01
   3.0542400e-02   7.6555024e-01
   3.0910400e-02   7.6874003e-01
   3.1278400e-02   7.7352472e-01
   3.1646400e-02   7.7511962e-01
   3.2014400e-02   7.7990431e-01
   3.2382400e-02   7.8309410e-01
   3.2750400e-02   7.9266348e-01
   3.3118400e-02   7.9744817e-01
   3.3486400e-02   8.0063796e-01
   3.3854400e-02   8.0223285e-01
   3.4222400e-02   8.0382775e-01
   3.4590400e-02   8.0861244e-01
   3.5694400e-02   8.1180223e-01
   3.6062400e-02   8.1339713e-01
   3.6430400e-02   8.1658692e-01
   3.6798400e-02   8.1818182e-01
   3.7534400e-02   8.1977671e-01
   3.7902400e-02   8.2296651e-01
   3.8270400e-02   8.2615630e-01
   3.8638400e-02   8.2934609e-01
   3.9006400e-02   8.3094099e-01
   3.9374400e-02   8.3413078e-01
   4.0110400e-02   8.4051037e-01
   4.0478400e-02   8.4210526e-01
   4.0846400e-02   8.4370016e-01
   4.1214400e-02   8.4529506e-01
   4.1582400e-02   8.5326954e-01
   4.1950400e-02   8.5645933e-01
   4.2686400e-02   8.5964912e-01
   4.3422400e-02   8.6443381e-01
   4.3790400e-02   8.6762360e-01
   4.4158400e-02   8.6921850e-01
   4.5262400e-02   8.7240829e-01
   4.5630400e-02   8.7559809e-01
   4.7102400e-02   8.7878788e-01
   4.8206400e-02   8.8038278e-01
   4.8574400e-02   8.8357257e-01
   4.8942400e-02   8.8516746e-01
   4.9309600e-02   8.8676236e-01
   4.9677600e-02   8.8835726e-01
   5.0046400e-02   8.9154705e-01
   5.0414400e-02   8.9314195e-01
   5.1149600e-02   8.9473684e-01
   5.1517600e-02   8.9792663e-01
   5.1885600e-02   8.9952153e-01
   5.2253600e-02   9.0111643e-01
   5.2621600e-02   9.0430622e-01
   5.3357600e-02   9.0749601e-01
   5.4461600e-02   9.0909091e-01
   5.4829600e-02   9.1228070e-01
   5.5933600e-02   9.1387560e-01
   5.7405600e-02   9.1547049e-01
   5.8509600e-02   9.1706539e-01
   6.0717600e-02   9.2025518e-01
   6.1453600e-02   9.2185008e-01
   6.2189600e-02   9.2344498e-01
   6.2557600e-02   9.2503987e-01
   6.2925600e-02   9.2663477e-01
   6.5133600e-02   9.2822967e-01
   6.5869600e-02   9.2982456e-01
   6.6237600e-02   9.3141946e-01
   6.6605600e-02   9.3460925e-01
   6.6973600e-02   9.3620415e-01
   6.9548800e-02   9.3779904e-01
   6.9917600e-02   9.3939394e-01
   7.0285600e-02   9.4098884e-01
   7.1388800e-02   9.4258373e-01
   7.1756800e-02   9.4577352e-01
   7.3964800e-02   9.4736842e-01
   7.4700800e-02   9.4896332e-01
   7.5068800e-02   9.5055821e-01
   7.5436800e-02   9.5215311e-01
   7.6908800e-02   9.5374801e-01
   7.7276800e-02   9.5693780e-01
   7.8748800e-02   9.5853270e-01
   7.9852800e-02   9.6012759e-01
   8.0220800e-02   9.6331738e-01
   8.1692800e-02   9.6491228e-01
   8.2060800e-02   9.6650718e-01
   8.2796800e-02   9.6810207e-01
   8.4636800e-02   9.6969697e-01
   8.5740800e-02   9.7129187e-01
   8.6108800e-02   9.7288676e-01
   8.6476800e-02   9.7448166e-01
   8.7948800e-02   9.7607656e-01
   9.0156000e-02   9.7767145e-01
   9.4204000e-02   9.7926635e-01
   9.4940000e-02   9.8086124e-01
   9.8252000e-02   9.8245614e-01
   9.8988000e-02   9.8405104e-01
   9.9724000e-02   9.8564593e-01
   1.0193200e-01   9.8724083e-01
   1.1076320e-01   9.8883573e-01
   1.1149920e-01   9.9043062e-01
   1.1297120e-01   9.9202552e-01
   1.1554720e-01   9.9362041e-01
   1.2217120e-01   9.9521531e-01
   1.4130640e-01   9.9681021e-01
   1.6853760e-01   9.9840510e-01
   2.1012000e-01   1.0000000e+00
