   7.5214927e-03   0.0000000e+00
   7.5214927e-03   1.4705882e-02
   8.2519137e-03   2.9411765e-02
   8.7587270e-03   4.4117647e-02
   9.7668718e-03   5.8823529e-02
   9.8052197e-03   7.3529412e-02
   9.9192466e-03   8.8235294e-02
   1.0245794e-02   1.0294118e-01
   1.0249388e-02   1.1764706e-01
   1.0465873e-02   1.3235294e-01
   1.0529449e-02   1.6176471e-01
   1.0533770e-02   1.7647059e-01
   1.0612568e-02   1.9117647e-01
   1.0763027e-02   2.0588235e-01
   1.0866363e-02   2.2058824e-01
   1.0939092e-02   2.3529412e-01
   1.1396930e-02   2.5000000e-01
   1.1426097e-02   2.6470588e-01
   1.1722823e-02   2.7941176e-01
   1.1957455e-02   2.9411765e-01
   1.2053825e-02   3.0882353e-01
   1.2057036e-02   3.2352941e-01
   1.2555010e-02   3.3823529e-01
   1.2625770e-02   3.5294118e-01
   1.3042474e-02   3.6764706e-01
   1.3054906e-02   3.8235294e-01
   1.3316663e-02   3.9705882e-01
   1.3656386e-02   4.2647059e-01
   1.4444745e-02   4.4117647e-01
   1.4464675e-02   4.5588235e-01
   1.4602516e-02   4.7058824e-01
   1.6239698e-02   4.8529412e-01
   1.7005788e-02   5.0000000e-01
   1.7133771e-02   5.1470588e-01
   1.7868221e-02   5.2941176e-01
   1.8134785e-02   5.4411765e-01
   1.8332960e-02   5.5882353e-01
   1.8337566e-02   5.7352941e-01
   1.8633577e-02   5.8823529e-01
   1.8648569e-02   6.0294118e-01
   1.8776611e-02   6.1764706e-01
   1.9238206e-02   6.3235294e-01
   1.9755402e-02   6.4705882e-01
   1.9853700e-02   6.6176471e-01
   1.9857745e-02   6.7647059e-01
   2.0578461e-02   6.9117647e-01
   2.0817254e-02   7.0588235e-01
   2.0874589e-02   7.2058824e-01
   2.1088527e-02   7.3529412e-01
   2.1094446e-02   7.5000000e-01
   2.2981476e-02   7.6470588e-01
   2.3558261e-02   7.7941176e-01
   2.4491841e-02   7.9411765e-01
   2.5585418e-02   8.0882353e-01
   2.5740662e-02   8.2352941e-01
   2.5878487e-02   8.3823529e-01
   2.6250247e-02   8.5294118e-01
   2.7140072e-02   8.6764706e-01
   2.9040010e-02   8.8235294e-01
   3.3683754e-02   8.9705882e-01
   3.7647132e-02   9.1176471e-01
   3.9174598e-02   9.2647059e-01
   4.5716868e-02   9.4117647e-01
   5.0595572e-02   9.5588235e-01
   6.4126640e-02   9.7058824e-01
   6.8578679e-02   9.8529412e-01
   1.1974718e-01   1.0000000e+00
