   4.9739912e-03   0.0000000e+00
   4.9739912e-03   2.9585799e-03
   6.3729668e-03   5.9171598e-03
   6.5759386e-03   8.8757396e-03
   6.8493366e-03   1.1834320e-02
   6.8852209e-03   1.4792899e-02
   6.9554222e-03   1.7751479e-02
   7.0153312e-03   2.0710059e-02
   7.1235511e-03   2.3668639e-02
   7.4996203e-03   2.6627219e-02
   7.6789921e-03   2.9585799e-02
   7.7035801e-03   3.2544379e-02
   7.9317993e-03   3.5502959e-02
   7.9443904e-03   3.8461538e-02
   7.9698442e-03   4.1420118e-02
   8.2671633e-03   4.4378698e-02
   8.2682282e-03   4.7337278e-02
   8.3164878e-03   5.3254438e-02
   8.5733577e-03   5.9171598e-02
   8.7493464e-03   6.2130178e-02
   8.7918875e-03   6.5088757e-02
   9.0396244e-03   6.8047337e-02
   9.0973079e-03   7.1005917e-02
   9.2011546e-03   7.3964497e-02
   9.2843270e-03   7.6923077e-02
   9.3193130e-03   7.9881657e-02
   9.3195319e-03   8.2840237e-02
   9.3441162e-03   8.5798817e-02
   9.4044375e-03   8.8757396e-02
   9.4246881e-03   9.1715976e-02
   9.5226658e-03   9.4674556e-02
   9.5875675e-03   9.7633136e-02
   9.8213704e-03   1.0059172e-01
   9.8914165e-03   1.0355030e-01
   9.9001242e-03   1.0650888e-01
   9.9484754e-03   1.0946746e-01
   9.9878119e-03   1.1242604e-01
   1.0147856e-02   1.1538462e-01
   1.0152000e-02   1.1834320e-01
   1.0152844e-02   1.2130178e-01
   1.0412086e-02   1.2426036e-01
   1.0414189e-02   1.2721893e-01
   1.0683528e-02   1.3017751e-01
   1.0706761e-02   1.3313609e-01
   1.0735580e-02   1.3609467e-01
   1.0742452e-02   1.4201183e-01
   1.0813842e-02   1.4497041e-01
   1.0898124e-02   1.4792899e-01
   1.0912767e-02   1.5088757e-01
   1.1245346e-02   1.5384615e-01
   1.1346945e-02   1.5680473e-01
   1.1535358e-02   1.5976331e-01
   1.1554743e-02   1.6272189e-01
   1.1583855e-02   1.6568047e-01
   1.1660659e-02   1.6863905e-01
   1.1769507e-02   1.7159763e-01
   1.1791595e-02   1.7455621e-01
   1.1828438e-02   1.8047337e-01
   1.2080648e-02   1.8343195e-01
   1.2374817e-02   1.8639053e-01
   1.2375366e-02   1.8934911e-01
   1.2620073e-02   1.9230769e-01
   1.2744725e-02   1.9526627e-01
   1.2886290e-02   2.0118343e-01
   1.2919764e-02   2.0710059e-01
   1.2981036e-02   2.1005917e-01
   1.3221476e-02   2.1301775e-01
   1.3291042e-02   2.1597633e-01
   1.3469005e-02   2.2189349e-01
   1.3694319e-02   2.2485207e-01
   1.3699490e-02   2.3076923e-01
   1.3910844e-02   2.3372781e-01
   1.3922303e-02   2.3668639e-01
   1.4030429e-02   2.3964497e-01
   1.4070660e-02   2.4260355e-01
   1.4247674e-02   2.4556213e-01
   1.4308587e-02   2.4852071e-01
   1.4448675e-02   2.5147929e-01
   1.4616349e-02   2.5443787e-01
   1.4672555e-02   2.6035503e-01
   1.4793672e-02   2.6627219e-01
   1.4908544e-02   2.6923077e-01
   1.5110243e-02   2.7218935e-01
   1.5150220e-02   2.7514793e-01
   1.5201232e-02   2.7810651e-01
   1.5358515e-02   2.8402367e-01
   1.5526044e-02   2.8698225e-01
   1.5646252e-02   2.8994083e-01
   1.5662521e-02   2.9289941e-01
   1.5707630e-02   2.9585799e-01
   1.5888781e-02   2.9881657e-01
   1.5940200e-02   3.0177515e-01
   1.5993780e-02   3.0473373e-01
   1.6011624e-02   3.0769231e-01
   1.6161905e-02   3.1065089e-01
   1.6173654e-02   3.1360947e-01
   1.6253807e-02   3.1656805e-01
   1.6430687e-02   3.1952663e-01
   1.6436646e-02   3.2248521e-01
   1.6439268e-02   3.2544379e-01
   1.6485034e-02   3.3136095e-01
   1.6513722e-02   3.3431953e-01
   1.6558042e-02   3.3727811e-01
   1.6630519e-02   3.4023669e-01
   1.6709449e-02   3.4319527e-01
   1.6780129e-02   3.4615385e-01
   1.6800115e-02   3.5207101e-01
   1.6839837e-02   3.5502959e-01
   1.6934379e-02   3.5798817e-01
   1.6998726e-02   3.6094675e-01
   1.7166413e-02   3.6390533e-01
   1.7250099e-02   3.6686391e-01
   1.7299569e-02   3.6982249e-01
   1.7345926e-02   3.7278107e-01
   1.7531882e-02   3.7573964e-01
   1.7623094e-02   3.7869822e-01
   1.7768879e-02   3.8461538e-01
   1.7808675e-02   3.8757396e-01
   1.7978817e-02   3.9053254e-01
   1.8079227e-02   3.9349112e-01
   1.8083822e-02   3.9940828e-01
   1.8167139e-02   4.0236686e-01
   1.8316436e-02   4.0532544e-01
   1.8451798e-02   4.0828402e-01
   1.8666953e-02   4.1124260e-01
   1.8771289e-02   4.1420118e-01
   1.9045084e-02   4.1715976e-01
   1.9067666e-02   4.2011834e-01
   1.9115255e-02   4.2307692e-01
   1.9179059e-02   4.2603550e-01
   1.9192522e-02   4.2899408e-01
   1.9618734e-02   4.3195266e-01
   1.9727244e-02   4.3491124e-01
   1.9781704e-02   4.3786982e-01
   1.9794466e-02   4.4082840e-01
   2.0025871e-02   4.4674556e-01
   2.0078373e-02   4.4970414e-01
   2.0160571e-02   4.5266272e-01
   2.0270499e-02   4.5857988e-01
   2.0280391e-02   4.6153846e-01
   2.0329076e-02   4.6449704e-01
   2.0467740e-02   4.6745562e-01
   2.0509052e-02   4.7041420e-01
   2.0520100e-02   4.7337278e-01
   2.0520707e-02   4.7928994e-01
   2.0583860e-02   4.8224852e-01
   2.0591541e-02   4.8520710e-01
   2.0777435e-02   4.8816568e-01
   2.0779628e-02   4.9112426e-01
   2.0818485e-02   4.9408284e-01
   2.0876490e-02   4.9704142e-01
   2.0889587e-02   5.0000000e-01
   2.1086019e-02   5.0591716e-01
   2.1359092e-02   5.0887574e-01
   2.1642438e-02   5.1183432e-01
   2.1653217e-02   5.1479290e-01
   2.1687670e-02   5.1775148e-01
   2.1743509e-02   5.2071006e-01
   2.1772518e-02   5.2366864e-01
   2.1796910e-02   5.2662722e-01
   2.1837667e-02   5.2958580e-01
   2.1839867e-02   5.3254438e-01
   2.1980183e-02   5.3550296e-01
   2.2180530e-02   5.3846154e-01
   2.2275448e-02   5.4142012e-01
   2.2469672e-02   5.4437870e-01
   2.2603043e-02   5.4733728e-01
   2.2677122e-02   5.5029586e-01
   2.2694039e-02   5.5325444e-01
   2.2794778e-02   5.5621302e-01
   2.3018915e-02   5.5917160e-01
   2.3075269e-02   5.6213018e-01
   2.3247946e-02   5.6508876e-01
   2.3359726e-02   5.6804734e-01
   2.3364862e-02   5.7100592e-01
   2.3481288e-02   5.7396450e-01
   2.3563391e-02   5.7692308e-01
   2.3564241e-02   5.7988166e-01
   2.3603930e-02   5.8284024e-01
   2.3638072e-02   5.8579882e-01
   2.3696453e-02   5.8875740e-01
   2.3718813e-02   5.9171598e-01
   2.3959899e-02   5.9467456e-01
   2.4018656e-02   5.9763314e-01
   2.4205413e-02   6.0059172e-01
   2.4285228e-02   6.0355030e-01
   2.4381033e-02   6.0650888e-01
   2.4381042e-02   6.0946746e-01
   2.4454307e-02   6.1242604e-01
   2.4677595e-02   6.1538462e-01
   2.4870919e-02   6.1834320e-01
   2.4928626e-02   6.2130178e-01
   2.5107526e-02   6.2426036e-01
   2.5139538e-02   6.2721893e-01
   2.5169604e-02   6.3017751e-01
   2.5253322e-02   6.3313609e-01
   2.5300180e-02   6.3609467e-01
   2.5548440e-02   6.3905325e-01
   2.5755557e-02   6.4201183e-01
   2.6340347e-02   6.4497041e-01
   2.6584280e-02   6.4792899e-01
   2.6893016e-02   6.5088757e-01
   2.6929946e-02   6.5384615e-01
   2.6968296e-02   6.5680473e-01
   2.7124049e-02   6.5976331e-01
   2.7129220e-02   6.6272189e-01
   2.7284924e-02   6.6568047e-01
   2.7358499e-02   6.6863905e-01
   2.7408353e-02   6.7159763e-01
   2.7436485e-02   6.7455621e-01
   2.7444948e-02   6.7751479e-01
   2.7666786e-02   6.8047337e-01
   2.7943998e-02   6.8343195e-01
   2.8192452e-02   6.8639053e-01
   2.8272199e-02   6.8934911e-01
   2.8293983e-02   6.9230769e-01
   2.8383385e-02   6.9526627e-01
   2.8627527e-02   6.9822485e-01
   2.8762683e-02   7.0414201e-01
   2.8811213e-02   7.0710059e-01
   2.9053072e-02   7.1005917e-01
   2.9210666e-02   7.1301775e-01
   2.9386382e-02   7.1597633e-01
   2.9872084e-02   7.1893491e-01
   3.0147196e-02   7.2189349e-01
   3.0170275e-02   7.2485207e-01
   3.0654904e-02   7.2781065e-01
   3.0704159e-02   7.3076923e-01
   3.1021525e-02   7.3372781e-01
   3.1047885e-02   7.3668639e-01
   3.1141400e-02   7.3964497e-01
   3.1173647e-02   7.4260355e-01
   3.1415260e-02   7.4556213e-01
   3.1953437e-02   7.4852071e-01
   3.2071660e-02   7.5147929e-01
   3.2332490e-02   7.5443787e-01
   3.2481027e-02   7.5739645e-01
   3.2642120e-02   7.6035503e-01
   3.2771753e-02   7.6331361e-01
   3.2871353e-02   7.6627219e-01
   3.2895998e-02   7.6923077e-01
   3.3967933e-02   7.7218935e-01
   3.3974905e-02   7.7514793e-01
   3.4060513e-02   7.7810651e-01
   3.4243370e-02   7.8106509e-01
   3.4533752e-02   7.8402367e-01
   3.4570543e-02   7.8698225e-01
   3.4666140e-02   7.8994083e-01
   3.4697321e-02   7.9289941e-01
   3.5372275e-02   7.9585799e-01
   3.5408023e-02   7.9881657e-01
   3.5917120e-02   8.0177515e-01
   3.6147742e-02   8.0473373e-01
   3.6983354e-02   8.0769231e-01
   3.7542849e-02   8.1065089e-01
   3.9613515e-02   8.1360947e-01
   4.2126562e-02   8.1656805e-01
   4.2298054e-02   8.1952663e-01
   4.2372881e-02   8.2248521e-01
   4.2620930e-02   8.2544379e-01
   4.3268709e-02   8.2840237e-01
   4.3830038e-02   8.3136095e-01
   4.3848928e-02   8.3431953e-01
   4.4435361e-02   8.3727811e-01
   4.5600944e-02   8.4023669e-01
   4.5602115e-02   8.4319527e-01
   4.6729809e-02   8.4615385e-01
   4.7197105e-02   8.4911243e-01
   4.7752306e-02   8.5207101e-01
   4.7915486e-02   8.5502959e-01
   4.7974017e-02   8.5798817e-01
   4.8785590e-02   8.6094675e-01
   4.9128584e-02   8.6390533e-01
   5.0450170e-02   8.6686391e-01
   5.1352564e-02   8.6982249e-01
   5.1843117e-02   8.7278107e-01
   5.2121632e-02   8.7573964e-01
   5.3870152e-02   8.7869822e-01
   5.4674172e-02   8.8165680e-01
   5.5909973e-02   8.8461538e-01
   5.7349160e-02   8.8757396e-01
   5.7767408e-02   8.9053254e-01
   5.7797808e-02   8.9349112e-01
   5.8395420e-02   8.9644970e-01
   5.8819609e-02   8.9940828e-01
   6.0659344e-02   9.0236686e-01
   6.3284541e-02   9.0532544e-01
   6.3676415e-02   9.0828402e-01
   6.3686057e-02   9.1124260e-01
   6.3825813e-02   9.1420118e-01
   6.5446978e-02   9.1715976e-01
   7.0070989e-02   9.2011834e-01
   7.6288404e-02   9.2307692e-01
   7.6861084e-02   9.2603550e-01
   7.7034488e-02   9.2899408e-01
   7.8127619e-02   9.3195266e-01
   8.1087347e-02   9.3491124e-01
   8.4642340e-02   9.3786982e-01
   8.7955323e-02   9.4082840e-01
   9.0164990e-02   9.4378698e-01
   9.3102693e-02   9.4674556e-01
   9.6897714e-02   9.4970414e-01
   1.0001319e-01   9.5266272e-01
   1.0905624e-01   9.5562130e-01
   1.0984039e-01   9.5857988e-01
   1.1065659e-01   9.6153846e-01
   1.1832629e-01   9.6449704e-01
   1.3286202e-01   9.6745562e-01
   1.3355796e-01   9.7041420e-01
   1.3597880e-01   9.7337278e-01
   1.3853976e-01   9.7633136e-01
   1.4514907e-01   9.7928994e-01
   1.6168300e-01   9.8224852e-01
   1.8368018e-01   9.8520710e-01
   1.9120875e-01   9.8816568e-01
   2.0266987e-01   9.9112426e-01
   2.2215872e-01   9.9408284e-01
   2.2524312e-01   9.9704142e-01
   2.5301338e-01   1.0000000e+00
