   3.3776000e-03   0.0000000e+00
   3.3776000e-03   6.2853551e-04
   4.3424000e-03   3.7712131e-03
   4.8248000e-03   1.0056568e-02
   5.3072000e-03   1.6970459e-02
   5.7904000e-03   3.7712131e-02
   6.2728000e-03   6.0967945e-02
   6.7552000e-03   9.4908862e-02
   7.2376000e-03   1.4519170e-01
   7.7200000e-03   1.8290383e-01
   8.2024000e-03   2.1935889e-01
   8.6848000e-03   2.7278441e-01
   9.1680000e-03   3.1112508e-01
   9.6504000e-03   3.5135135e-01
   1.0132800e-02   4.0289126e-01
   1.0615200e-02   4.4311754e-01
   1.1097600e-02   4.7454431e-01
   1.1580000e-02   5.1037084e-01
   1.2062400e-02   5.4054054e-01
   1.2545600e-02   5.6882464e-01
   1.3028000e-02   6.0402263e-01
   1.3510400e-02   6.3167819e-01
   1.3992800e-02   6.6184789e-01
   1.4475200e-02   6.8950346e-01
   1.4957600e-02   7.0835952e-01
   1.5440000e-02   7.2218730e-01
   1.5923200e-02   7.3915776e-01
   1.6405600e-02   7.5361408e-01
   1.6888000e-02   7.6932747e-01
   1.7370400e-02   7.8629793e-01
   1.7852800e-02   7.9886864e-01
   1.8335200e-02   8.1143935e-01
   1.8817600e-02   8.2715273e-01
   1.9300800e-02   8.3658077e-01
   1.9783200e-02   8.4915148e-01
   2.0265600e-02   8.6172219e-01
   2.0748000e-02   8.7240729e-01
   2.1230400e-02   8.8372093e-01
   2.1712800e-02   8.9252043e-01
   2.2195200e-02   8.9566310e-01
   2.2677600e-02   9.0131992e-01
   2.3160800e-02   9.1011942e-01
   2.3643200e-02   9.1766185e-01
   2.4125600e-02   9.2394720e-01
   2.4608000e-02   9.2583281e-01
   2.5090400e-02   9.2834695e-01
   2.5572800e-02   9.3337524e-01
   2.6055200e-02   9.3714645e-01
   2.6538400e-02   9.3966059e-01
   2.7020800e-02   9.4280327e-01
   2.7503200e-02   9.4406034e-01
   2.8468000e-02   9.4720302e-01
   2.8950400e-02   9.4971716e-01
   2.9432800e-02   9.5285984e-01
   2.9915200e-02   9.5600251e-01
   3.0398400e-02   9.5663105e-01
   3.0880800e-02   9.5725959e-01
   3.1363200e-02   9.5851666e-01
   3.2328000e-02   9.6040226e-01
   3.2810400e-02   9.6165933e-01
   3.3292800e-02   9.6228787e-01
   3.3776000e-02   9.6417348e-01
   3.4258400e-02   9.6543055e-01
   3.5223200e-02   9.6605908e-01
   3.6188000e-02   9.6731615e-01
   3.6670400e-02   9.6983030e-01
   3.7152800e-02   9.7045883e-01
   3.7636000e-02   9.7171590e-01
   3.8118400e-02   9.7234444e-01
   3.9083200e-02   9.7360151e-01
   3.9565600e-02   9.7423004e-01
   4.0048000e-02   9.7485858e-01
   4.0530400e-02   9.7611565e-01
   4.1496000e-02   9.7674419e-01
   4.1978400e-02   9.7862979e-01
   4.2460800e-02   9.7925833e-01
   4.2943200e-02   9.7988686e-01
   4.3908000e-02   9.8114393e-01
   4.4391200e-02   9.8240101e-01
   4.6320800e-02   9.8302954e-01
   4.7768000e-02   9.8365808e-01
   4.8733600e-02   9.8491515e-01
   4.9698400e-02   9.8617222e-01
   5.1628800e-02   9.8680075e-01
   5.2111200e-02   9.8805783e-01
   5.4523200e-02   9.8868636e-01
   5.5005600e-02   9.8931490e-01
   5.5971200e-02   9.8994343e-01
   5.6936000e-02   9.9120050e-01
   5.9348800e-02   9.9182904e-01
   5.9831200e-02   9.9245757e-01
   6.1278400e-02   9.9308611e-01
   6.2244000e-02   9.9371464e-01
   6.4656000e-02   9.9434318e-01
   7.8648800e-02   9.9497172e-01
   8.2026400e-02   9.9560025e-01
   8.9746400e-02   9.9622879e-01
   1.0759920e-01   9.9685732e-01
   1.0808240e-01   9.9748586e-01
   1.2641760e-01   9.9811439e-01
   1.5054320e-01   9.9874293e-01
   1.5440320e-01   9.9937146e-01
   2.1954160e-01   1.0000000e+00
