   1.1097109e-02   0.0000000e+00
   1.1097109e-02   1.1111111e-02
   1.3463888e-02   2.2222222e-02
   1.3703755e-02   3.3333333e-02
   1.6222740e-02   4.4444444e-02
   1.6290470e-02   5.5555556e-02
   1.6715068e-02   6.6666667e-02
   1.7020213e-02   7.7777778e-02
   2.0302657e-02   8.8888889e-02
   2.2912713e-02   1.0000000e-01
   2.3555447e-02   1.1111111e-01
   2.5532692e-02   1.2222222e-01
   2.6445488e-02   1.3333333e-01
   2.6684013e-02   1.4444444e-01
   2.8368673e-02   1.5555556e-01
   2.9820123e-02   1.6666667e-01
   2.9913997e-02   1.7777778e-01
   3.1241727e-02   1.8888889e-01
   3.1661441e-02   2.0000000e-01
   3.2131639e-02   2.1111111e-01
   3.2799003e-02   2.2222222e-01
   3.2821282e-02   2.3333333e-01
   3.5082774e-02   2.4444444e-01
   3.5903882e-02   2.5555556e-01
   3.7481866e-02   2.6666667e-01
   3.7574170e-02   2.7777778e-01
   3.8983971e-02   2.8888889e-01
   4.0686176e-02   3.0000000e-01
   4.0939041e-02   3.1111111e-01
   4.1156287e-02   3.2222222e-01
   4.2222880e-02   3.3333333e-01
   4.3277746e-02   3.4444444e-01
   4.3688887e-02   3.5555556e-01
   4.4747923e-02   3.6666667e-01
   4.7217962e-02   3.7777778e-01
   4.7939057e-02   3.8888889e-01
   4.8912556e-02   4.0000000e-01
   5.0762503e-02   4.1111111e-01
   5.2080769e-02   4.2222222e-01
   5.3599497e-02   4.3333333e-01
   5.4288608e-02   4.4444444e-01
   5.4570222e-02   4.5555556e-01
   5.5247509e-02   4.6666667e-01
   5.5387593e-02   4.7777778e-01
   5.5670791e-02   4.8888889e-01
   5.6040233e-02   5.0000000e-01
   5.6711545e-02   5.1111111e-01
   5.6714963e-02   5.2222222e-01
   5.7141071e-02   5.3333333e-01
   5.7351488e-02   5.4444444e-01
   5.8930392e-02   5.5555556e-01
   5.9641426e-02   5.6666667e-01
   5.9936066e-02   5.7777778e-01
   6.0844720e-02   5.8888889e-01
   6.3796337e-02   6.0000000e-01
   6.4309334e-02   6.1111111e-01
   6.5412308e-02   6.2222222e-01
   6.5521227e-02   6.3333333e-01
   6.6116273e-02   6.4444444e-01
   6.6137823e-02   6.5555556e-01
   6.7635999e-02   6.6666667e-01
   6.7842349e-02   6.7777778e-01
   6.8532585e-02   6.8888889e-01
   6.9168571e-02   7.0000000e-01
   6.9645742e-02   7.1111111e-01
   7.2558585e-02   7.2222222e-01
   7.7582586e-02   7.3333333e-01
   7.7812338e-02   7.4444444e-01
   7.8053034e-02   7.5555556e-01
   7.8437096e-02   7.6666667e-01
   8.1773185e-02   7.7777778e-01
   8.2807607e-02   7.8888889e-01
   8.4835394e-02   8.0000000e-01
   9.1452324e-02   8.1111111e-01
   9.2593472e-02   8.2222222e-01
   9.4186615e-02   8.3333333e-01
   9.4984060e-02   8.4444444e-01
   9.8752606e-02   8.5555556e-01
   9.9675960e-02   8.6666667e-01
   1.0096426e-01   8.7777778e-01
   1.0460377e-01   8.8888889e-01
   1.1100379e-01   9.0000000e-01
   1.2081071e-01   9.1111111e-01
   1.2547242e-01   9.2222222e-01
   1.4216775e-01   9.3333333e-01
   1.5402092e-01   9.4444444e-01
   1.5632275e-01   9.5555556e-01
   1.6502536e-01   9.6666667e-01
   2.1486930e-01   9.7777778e-01
   2.3006686e-01   9.8888889e-01
   2.3368766e-01   1.0000000e+00
