   2.3120000e-03   0.0000000e+00
   2.3120000e-03   3.7593985e-03
   3.8536000e-03   2.2556391e-02
   4.6240000e-03   3.0075188e-02
   5.0096000e-03   6.7669173e-02
   5.3952000e-03   9.0225564e-02
   5.7800000e-03   1.1278195e-01
   6.1656000e-03   1.3909774e-01
   6.5512000e-03   1.5413534e-01
   6.9368000e-03   2.1804511e-01
   7.3216000e-03   2.4812030e-01
   7.7072000e-03   3.1578947e-01
   8.0928000e-03   3.3458647e-01
   8.4776000e-03   3.6466165e-01
   8.8632000e-03   3.9849624e-01
   9.2488000e-03   4.1729323e-01
   9.6336000e-03   4.3609023e-01
   1.0019200e-02   4.5488722e-01
   1.0404800e-02   4.6992481e-01
   1.0789600e-02   4.7368421e-01
   1.1175200e-02   4.8872180e-01
   1.1560800e-02   5.1879699e-01
   1.1946400e-02   5.3007519e-01
   1.2331200e-02   5.4511278e-01
   1.2716800e-02   5.7518797e-01
   1.3102400e-02   5.7894737e-01
   1.3487200e-02   5.9774436e-01
   1.3872800e-02   6.1278195e-01
   1.4258400e-02   6.3533835e-01
   1.4643200e-02   6.3909774e-01
   1.5028800e-02   6.5037594e-01
   1.5414400e-02   6.6541353e-01
   1.5799200e-02   6.6917293e-01
   1.6570400e-02   6.9172932e-01
   1.6956000e-02   7.0300752e-01
   1.7340800e-02   7.1428571e-01
   1.7726400e-02   7.1804511e-01
   1.8112000e-02   7.2556391e-01
   1.8496800e-02   7.3308271e-01
   1.8882400e-02   7.3684211e-01
   1.9268000e-02   7.5563910e-01
   1.9653600e-02   7.6691729e-01
   2.0038400e-02   7.7067669e-01
   2.0424000e-02   7.7443609e-01
   2.0809600e-02   7.7819549e-01
   2.1194400e-02   7.8571429e-01
   2.1580000e-02   7.9323308e-01
   2.1965600e-02   8.0075188e-01
   2.3121600e-02   8.0451128e-01
   2.4277600e-02   8.1203008e-01
   2.5048000e-02   8.1578947e-01
   2.7745600e-02   8.1954887e-01
   2.9672800e-02   8.2330827e-01
   3.0443200e-02   8.2706767e-01
   3.1599200e-02   8.3082707e-01
   3.1984800e-02   8.3834586e-01
   3.3526400e-02   8.4210526e-01
   3.4682400e-02   8.4586466e-01
   3.5838400e-02   8.4962406e-01
   3.6608800e-02   8.5338346e-01
   3.7380000e-02   8.5714286e-01
   3.8150400e-02   8.6090226e-01
   3.8536000e-02   8.6842105e-01
   4.1618400e-02   8.7218045e-01
   4.3545600e-02   8.7969925e-01
   4.4316000e-02   8.8345865e-01
   4.8555200e-02   8.8721805e-01
   5.0867200e-02   8.9097744e-01
   5.2023200e-02   8.9473684e-01
   5.3949600e-02   8.9849624e-01
   5.8574400e-02   9.0601504e-01
   5.9730400e-02   9.0977444e-01
   6.3198400e-02   9.1353383e-01
   6.5510400e-02   9.1729323e-01
   6.5896000e-02   9.2481203e-01
   7.2061600e-02   9.2857143e-01
   7.3217600e-02   9.3609023e-01
   7.4373600e-02   9.3984962e-01
   8.7476000e-02   9.4360902e-01
   8.9788000e-02   9.4736842e-01
   9.2100000e-02   9.5112782e-01
   9.2485600e-02   9.5488722e-01
   9.5953600e-02   9.5864662e-01
   9.7880800e-02   9.6240602e-01
   1.0019280e-01   9.6616541e-01
   1.0674400e-01   9.6992481e-01
   1.1098240e-01   9.7368421e-01
   1.1406560e-01   9.7744361e-01
   1.2678240e-01   9.8120301e-01
   1.3217760e-01   9.8496241e-01
   1.3834320e-01   9.8872180e-01
   1.6878640e-01   9.9248120e-01
   1.7572240e-01   9.9624060e-01
   2.5163760e-01   1.0000000e+00
