   2.4920000e-03   0.0000000e+00
   2.4920000e-03   1.0167768e-03
   2.9072000e-03   2.5419420e-03
   3.3232000e-03   3.0503305e-03
   3.7384000e-03   8.6426029e-03
   4.1536000e-03   1.4743264e-02
   4.5688000e-03   1.9827148e-02
   4.9848000e-03   5.3889171e-02
   5.4000000e-03   6.7615658e-02
   5.8152000e-03   8.1342145e-02
   6.2304000e-03   1.4184037e-01
   6.6456000e-03   1.6522623e-01
   7.0616000e-03   1.8810371e-01
   7.4768000e-03   2.7198780e-01
   7.8920000e-03   3.0401627e-01
   8.3072000e-03   3.2587697e-01
   8.7224000e-03   4.0010168e-01
   9.1384000e-03   4.2297916e-01
   9.5536000e-03   4.4941535e-01
   9.9688000e-03   5.0635486e-01
   1.0384000e-02   5.2719878e-01
   1.0799200e-02   5.4753432e-01
   1.1215200e-02   5.9735638e-01
   1.1630400e-02   6.1718353e-01
   1.2045600e-02   6.3802745e-01
   1.2460800e-02   6.7615658e-01
   1.2876000e-02   6.8937468e-01
   1.3292000e-02   7.0665989e-01
   1.3707200e-02   7.3716319e-01
   1.4122400e-02   7.5190646e-01
   1.4537600e-02   7.6359939e-01
   1.4953600e-02   7.8342654e-01
   1.5368800e-02   7.9308592e-01
   1.5784000e-02   8.0427046e-01
   1.6199200e-02   8.2053889e-01
   1.6614400e-02   8.2714794e-01
   1.7030400e-02   8.3528216e-01
   1.7445600e-02   8.4900864e-01
   1.7860800e-02   8.5917641e-01
   1.8276000e-02   8.6629385e-01
   1.8691200e-02   8.7442806e-01
   1.9107200e-02   8.8103711e-01
   1.9522400e-02   8.8561261e-01
   1.9937600e-02   8.9425521e-01
   2.0352800e-02   8.9883071e-01
   2.0768800e-02   9.0645653e-01
   2.1184000e-02   9.1052364e-01
   2.1599200e-02   9.1408236e-01
   2.2014400e-02   9.1814947e-01
   2.2429600e-02   9.2475852e-01
   2.2845600e-02   9.2831723e-01
   2.3260800e-02   9.3085918e-01
   2.3676000e-02   9.3289273e-01
   2.4091200e-02   9.3492628e-01
   2.4506400e-02   9.3594306e-01
   2.4922400e-02   9.3899339e-01
   2.5337600e-02   9.4102694e-01
   2.5752800e-02   9.4204372e-01
   2.6168000e-02   9.4458566e-01
   2.6584000e-02   9.4611083e-01
   2.6999200e-02   9.4661922e-01
   2.7829600e-02   9.4865277e-01
   2.8244800e-02   9.5170310e-01
   2.8660800e-02   9.5373665e-01
   2.9076000e-02   9.5526182e-01
   2.9906400e-02   9.5577021e-01
   3.0321600e-02   9.5678699e-01
   3.0737600e-02   9.5932893e-01
   3.1152800e-02   9.6085409e-01
   3.1568000e-02   9.6187087e-01
   3.1983200e-02   9.6390442e-01
   3.2398400e-02   9.6441281e-01
   3.2814400e-02   9.6797153e-01
   3.3644800e-02   9.6949670e-01
   3.4476000e-02   9.7203864e-01
   3.4891200e-02   9.7254703e-01
   3.5306400e-02   9.7356380e-01
   3.5721600e-02   9.7508897e-01
   3.6136800e-02   9.7559736e-01
   3.6552800e-02   9.7661413e-01
   3.6968000e-02   9.7712252e-01
   3.7383200e-02   9.7813930e-01
   3.7798400e-02   9.7864769e-01
   3.8213600e-02   9.7915608e-01
   3.8629600e-02   9.8068124e-01
   3.9044800e-02   9.8169802e-01
   3.9460000e-02   9.8220641e-01
   4.0290400e-02   9.8271479e-01
   4.0706400e-02   9.8373157e-01
   4.1536800e-02   9.8423996e-01
   4.1952000e-02   9.8474835e-01
   4.2367200e-02   9.8525674e-01
   4.3613600e-02   9.8576512e-01
   4.4028800e-02   9.8678190e-01
   4.5690400e-02   9.8729029e-01
   4.7352000e-02   9.8779868e-01
   4.8182400e-02   9.8830707e-01
   4.8598400e-02   9.8881546e-01
   4.9013600e-02   9.8932384e-01
   5.1505600e-02   9.9034062e-01
   5.1920800e-02   9.9135740e-01
   5.2336800e-02   9.9186579e-01
   6.2305600e-02   9.9237417e-01
   6.3136000e-02   9.9288256e-01
   6.4382400e-02   9.9339095e-01
   6.4797600e-02   9.9389934e-01
   6.9366400e-02   9.9440773e-01
   7.1859200e-02   9.9491612e-01
   7.4766400e-02   9.9542450e-01
   7.5181600e-02   9.9593289e-01
   7.6428000e-02   9.9644128e-01
   8.0581600e-02   9.9694967e-01
   8.4735200e-02   9.9745806e-01
   9.1796800e-02   9.9796645e-01
   9.7612000e-02   9.9847483e-01
   1.0384240e-01   9.9898322e-01
   1.1007280e-01   9.9949161e-01
   2.1682240e-01   1.0000000e+00
