   2.5696000e-03   0.0000000e+00
   2.5696000e-03   5.2083333e-03
   3.4264000e-03   1.5625000e-02
   3.8544000e-03   2.0833333e-02
   4.2824000e-03   4.1666667e-02
   4.7112000e-03   8.3333333e-02
   5.1392000e-03   1.2500000e-01
   5.5672000e-03   1.6145833e-01
   5.9960000e-03   1.9791667e-01
   6.4240000e-03   2.1354167e-01
   6.8520000e-03   2.7083333e-01
   7.2808000e-03   2.8645833e-01
   7.7088000e-03   3.1770833e-01
   8.1368000e-03   3.4375000e-01
   8.5656000e-03   3.8020833e-01
   8.9936000e-03   4.0104167e-01
   9.4216000e-03   4.2708333e-01
   9.8504000e-03   4.4791667e-01
   1.0278400e-02   4.7395833e-01
   1.0706400e-02   5.0000000e-01
   1.1135200e-02   5.1041667e-01
   1.1563200e-02   5.2083333e-01
   1.1991200e-02   5.2604167e-01
   1.2420000e-02   5.6770833e-01
   1.2848000e-02   5.9375000e-01
   1.3276000e-02   6.0416667e-01
   1.3704800e-02   6.3541667e-01
   1.4560800e-02   6.5104167e-01
   1.4989600e-02   6.7187500e-01
   1.5417600e-02   6.8229167e-01
   1.5845600e-02   6.9791667e-01
   1.6274400e-02   7.0312500e-01
   1.6702400e-02   7.1354167e-01
   1.7559200e-02   7.2395833e-01
   1.7987200e-02   7.3958333e-01
   1.8844000e-02   7.5520833e-01
   1.9272000e-02   7.6041667e-01
   1.9700000e-02   7.6562500e-01
   2.0556800e-02   7.7083333e-01
   2.0984800e-02   7.7604167e-01
   2.1413600e-02   7.8645833e-01
   2.3126400e-02   8.0208333e-01
   2.3554400e-02   8.0729167e-01
   2.3983200e-02   8.1250000e-01
   2.4411200e-02   8.1770833e-01
   2.5268000e-02   8.2291667e-01
   2.5696000e-02   8.2812500e-01
   2.6124000e-02   8.4375000e-01
   2.6552800e-02   8.4895833e-01
   2.9122400e-02   8.5416667e-01
   2.9550400e-02   8.5937500e-01
   3.0407200e-02   8.6458333e-01
   3.2120000e-02   8.6979167e-01
   3.3404800e-02   8.7500000e-01
   3.4689600e-02   8.8020833e-01
   3.5545600e-02   8.8541667e-01
   3.6831200e-02   8.9062500e-01
   3.7259200e-02   8.9583333e-01
   4.1970400e-02   9.0104167e-01
   4.2826400e-02   9.0625000e-01
   4.3254400e-02   9.1145833e-01
   4.3683200e-02   9.1666667e-01
   4.5396000e-02   9.2187500e-01
   4.5824000e-02   9.2708333e-01
   4.7965600e-02   9.3229167e-01
   6.5952800e-02   9.3750000e-01
   6.7237600e-02   9.4270833e-01
   6.8950400e-02   9.4791667e-01
   7.0235200e-02   9.5312500e-01
   7.2804800e-02   9.5833333e-01
   7.3233600e-02   9.6354167e-01
   8.0942400e-02   9.6875000e-01
   8.5224800e-02   9.7395833e-01
   9.3361600e-02   9.7916667e-01
   1.1563200e-01   9.8437500e-01
   1.7130640e-01   9.8958333e-01
   1.7901520e-01   9.9479167e-01
   1.8672400e-01   1.0000000e+00
