   6.2511450e-03   0.0000000e+00
   6.2511450e-03   5.2631579e-03
   6.6152004e-03   1.0526316e-02
   6.6671202e-03   1.5789474e-02
   6.7818450e-03   2.1052632e-02
   6.8031101e-03   3.1578947e-02
   6.8734259e-03   3.6842105e-02
   7.0605215e-03   4.2105263e-02
   7.3467450e-03   4.7368421e-02
   7.5639435e-03   5.2631579e-02
   7.5790895e-03   6.3157895e-02
   7.6390184e-03   6.8421053e-02
   7.6912672e-03   7.3684211e-02
   7.6949104e-03   7.8947368e-02
   7.8147798e-03   8.9473684e-02
   7.8217744e-03   9.4736842e-02
   7.9378859e-03   1.0000000e-01
   7.9545884e-03   1.0526316e-01
   8.0000138e-03   1.1052632e-01
   8.0743100e-03   1.2105263e-01
   8.0846693e-03   1.3157895e-01
   8.0969188e-03   1.3684211e-01
   8.1284807e-03   1.4210526e-01
   8.3358009e-03   1.5263158e-01
   8.3411283e-03   1.6315789e-01
   8.3624003e-03   1.7368421e-01
   8.4212130e-03   1.8947368e-01
   8.5115712e-03   1.9473684e-01
   8.5509865e-03   2.0526316e-01
   8.6225621e-03   2.1052632e-01
   8.6472175e-03   2.1578947e-01
   8.7199901e-03   2.2631579e-01
   8.8612046e-03   2.3684211e-01
   8.9384433e-03   2.5263158e-01
   9.2822153e-03   2.5789474e-01
   9.4020959e-03   2.6315789e-01
   9.5377602e-03   2.6842105e-01
   9.6361315e-03   2.7368421e-01
   9.6464936e-03   2.8421053e-01
   9.6475970e-03   2.8947368e-01
   9.6849147e-03   3.0000000e-01
   9.7515418e-03   3.1052632e-01
   9.9323740e-03   3.1578947e-01
   9.9735905e-03   3.2105263e-01
   1.0052729e-02   3.2631579e-01
   1.0110373e-02   3.3157895e-01
   1.0167330e-02   3.3684211e-01
   1.0184470e-02   3.4210526e-01
   1.0268267e-02   3.5263158e-01
   1.0284797e-02   3.5789474e-01
   1.0422000e-02   3.6315789e-01
   1.0440414e-02   3.6842105e-01
   1.0450068e-02   3.7368421e-01
   1.0492509e-02   3.7894737e-01
   1.0504519e-02   3.8421053e-01
   1.0688184e-02   3.8947368e-01
   1.0692301e-02   3.9473684e-01
   1.0724473e-02   4.0000000e-01
   1.0785259e-02   4.0526316e-01
   1.0870704e-02   4.1578947e-01
   1.0957761e-02   4.2105263e-01
   1.1011058e-02   4.3157895e-01
   1.1082763e-02   4.4210526e-01
   1.1113530e-02   4.4736842e-01
   1.1212008e-02   4.5263158e-01
   1.1297532e-02   4.6315789e-01
   1.1302620e-02   4.7368421e-01
   1.1461379e-02   4.7894737e-01
   1.1462288e-02   4.8421053e-01
   1.1487424e-02   4.9473684e-01
   1.1598786e-02   5.0000000e-01
   1.1729973e-02   5.0526316e-01
   1.1731830e-02   5.1052632e-01
   1.1820304e-02   5.1578947e-01
   1.1825804e-02   5.2105263e-01
   1.1983349e-02   5.2631579e-01
   1.2004087e-02   5.3157895e-01
   1.2006407e-02   5.3684211e-01
   1.2048796e-02   5.4736842e-01
   1.2203579e-02   5.5263158e-01
   1.2250867e-02   5.6315789e-01
   1.2285062e-02   5.6842105e-01
   1.2525476e-02   5.7368421e-01
   1.2632062e-02   5.7894737e-01
   1.2761407e-02   5.8421053e-01
   1.2803348e-02   5.8947368e-01
   1.2855980e-02   5.9473684e-01
   1.3095075e-02   6.0000000e-01
   1.3148731e-02   6.0526316e-01
   1.3544546e-02   6.1052632e-01
   1.3606122e-02   6.1578947e-01
   1.3740985e-02   6.2105263e-01
   1.3753030e-02   6.2631579e-01
   1.3893028e-02   6.3157895e-01
   1.4088045e-02   6.3684211e-01
   1.4209116e-02   6.4210526e-01
   1.4281586e-02   6.4736842e-01
   1.4405359e-02   6.5263158e-01
   1.4667134e-02   6.5789474e-01
   1.4702459e-02   6.6315789e-01
   1.4854921e-02   6.6842105e-01
   1.4869783e-02   6.7368421e-01
   1.4916668e-02   6.7894737e-01
   1.4930882e-02   6.8421053e-01
   1.4979951e-02   6.8947368e-01
   1.4996095e-02   6.9473684e-01
   1.5106593e-02   7.0000000e-01
   1.5107967e-02   7.0526316e-01
   1.5293143e-02   7.1578947e-01
   1.5382989e-02   7.2105263e-01
   1.5512871e-02   7.2631579e-01
   1.5916386e-02   7.3157895e-01
   1.5924803e-02   7.3684211e-01
   1.6792355e-02   7.4210526e-01
   1.6934029e-02   7.4736842e-01
   1.6945750e-02   7.5263158e-01
   1.7023142e-02   7.5789474e-01
   1.7485593e-02   7.6315789e-01
   1.7656016e-02   7.6842105e-01
   1.7845267e-02   7.7368421e-01
   1.7876887e-02   7.7894737e-01
   1.8006101e-02   7.8421053e-01
   1.8172535e-02   7.8947368e-01
   1.8257913e-02   8.0000000e-01
   1.8357055e-02   8.0526316e-01
   1.9206451e-02   8.1052632e-01
   1.9565987e-02   8.1578947e-01
   1.9796609e-02   8.2105263e-01
   1.9826605e-02   8.2631579e-01
   1.9979773e-02   8.3157895e-01
   2.0241059e-02   8.3684211e-01
   2.0998088e-02   8.4210526e-01
   2.1275900e-02   8.4736842e-01
   2.2268134e-02   8.5263158e-01
   2.2944343e-02   8.5789474e-01
   2.5535824e-02   8.6315789e-01
   2.6738230e-02   8.6842105e-01
   2.7073294e-02   8.7368421e-01
   2.7786678e-02   8.7894737e-01
   2.8940611e-02   8.8421053e-01
   3.1016322e-02   8.8947368e-01
   3.1416146e-02   8.9473684e-01
   3.6511810e-02   9.0000000e-01
   3.9086610e-02   9.0526316e-01
   4.1374712e-02   9.1052632e-01
   4.4050188e-02   9.1578947e-01
   4.8896991e-02   9.2105263e-01
   4.9292683e-02   9.2631579e-01
   5.3136543e-02   9.3157895e-01
   5.3337061e-02   9.3684211e-01
   5.4470258e-02   9.4210526e-01
   5.7547657e-02   9.4736842e-01
   5.8654866e-02   9.5263158e-01
   5.9883118e-02   9.5789474e-01
   7.0150101e-02   9.6315789e-01
   8.5697626e-02   9.6842105e-01
   8.8911469e-02   9.7368421e-01
   1.0418029e-01   9.7894737e-01
   1.0498062e-01   9.8421053e-01
   1.1565331e-01   9.8947368e-01
   1.2461400e-01   9.9473684e-01
   1.9547269e-01   1.0000000e+00
