   1.6921600e-02   0.0000000e+00
   1.6921600e-02   2.0833333e-02
   1.8001600e-02   4.1666667e-02
   1.8721600e-02   6.2500000e-02
   1.9802400e-02   8.3333333e-02
   2.0522400e-02   1.2500000e-01
   2.2322400e-02   1.4583333e-01
   2.5562400e-02   1.6666667e-01
   2.5922400e-02   1.8750000e-01
   2.6282400e-02   2.0833333e-01
   2.6642400e-02   2.2916667e-01
   2.7362400e-02   2.5000000e-01
   2.8443200e-02   2.7083333e-01
   2.9523200e-02   2.9166667e-01
   3.0603200e-02   3.1250000e-01
   3.3123200e-02   3.3333333e-01
   3.3483200e-02   3.5416667e-01
   3.6004000e-02   3.9583333e-01
   3.6364000e-02   4.1666667e-01
   3.6724000e-02   4.3750000e-01
   3.7444000e-02   4.5833333e-01
   3.8164000e-02   4.7916667e-01
   3.8524000e-02   5.0000000e-01
   3.9244000e-02   5.2083333e-01
   3.9964000e-02   5.4166667e-01
   4.0684000e-02   5.6250000e-01
   4.1404000e-02   5.8333333e-01
   4.2484000e-02   6.2500000e-01
   4.3924800e-02   6.4583333e-01
   4.4284800e-02   6.6666667e-01
   4.4644800e-02   6.8750000e-01
   4.5004800e-02   7.0833333e-01
   4.7164800e-02   7.2916667e-01
   5.2565600e-02   7.5000000e-01
   5.3645600e-02   7.7083333e-01
   5.6165600e-02   7.9166667e-01
   5.6885600e-02   8.1250000e-01
   6.0126400e-02   8.3333333e-01
   6.1206400e-02   8.7500000e-01
   6.3726400e-02   8.9583333e-01
   7.1287200e-02   9.1666667e-01
   7.1647200e-02   9.3750000e-01
   7.2367200e-02   9.5833333e-01
   9.0008800e-02   9.7916667e-01
   9.3969600e-02   1.0000000e+00
