   5.5460640e-03   0.0000000e+00
   5.5460640e-03   3.7078235e-04
   5.5868492e-03   7.4156470e-04
   5.8652714e-03   1.4831294e-03
   6.1995716e-03   1.8539118e-03
   6.2979230e-03   2.2246941e-03
   6.4743806e-03   3.3370412e-03
   6.5266490e-03   3.7078235e-03
   6.9025577e-03   4.4493882e-03
   7.0067495e-03   4.8201706e-03
   7.0457452e-03   5.1909529e-03
   7.0970806e-03   5.5617353e-03
   7.1364457e-03   5.9325176e-03
   7.1564930e-03   6.3033000e-03
   7.3853926e-03   6.6740823e-03
   7.3953146e-03   7.4156470e-03
   7.4136454e-03   8.1572117e-03
   7.4270788e-03   9.6403411e-03
   7.4834701e-03   1.0752688e-02
   7.5100691e-03   1.1123471e-02
   7.6420667e-03   1.1494253e-02
   7.7058294e-03   1.1865035e-02
   7.7125627e-03   1.3718947e-02
   7.7482646e-03   1.4831294e-02
   7.7683489e-03   1.5572859e-02
   7.8202281e-03   1.5943641e-02
   7.8721835e-03   1.6314423e-02
   8.0107897e-03   1.8539118e-02
   8.0282796e-03   1.9651465e-02
   8.0417268e-03   2.0022247e-02
   8.0421038e-03   2.0393029e-02
   8.0922858e-03   2.2988506e-02
   8.1189519e-03   2.4842418e-02
   8.1583858e-03   2.5213200e-02
   8.2015985e-03   2.6696329e-02
   8.2410303e-03   2.7067112e-02
   8.3214313e-03   2.9662588e-02
   8.3281749e-03   3.1887282e-02
   8.3561033e-03   3.2628847e-02
   8.3607869e-03   3.3741194e-02
   8.3809012e-03   3.5595106e-02
   8.4439030e-03   3.7078235e-02
   8.4770684e-03   3.8561364e-02
   8.5712919e-03   3.8932147e-02
   8.6273962e-03   4.0786059e-02
   8.6426676e-03   4.1527623e-02
   8.6561327e-03   4.4864664e-02
   8.7015612e-03   4.7830923e-02
   8.7282766e-03   4.9684835e-02
   8.8034269e-03   5.1909529e-02
   8.8430142e-03   5.3763441e-02
   8.9376423e-03   5.6358917e-02
   8.9443893e-03   5.8954394e-02
   8.9467251e-03   5.9695958e-02
   8.9727427e-03   6.2662217e-02
   8.9928828e-03   6.4886911e-02
   8.9986329e-03   6.5257694e-02
   9.0508560e-03   6.8594735e-02
   9.0841084e-03   7.0448647e-02
   9.1693604e-03   7.0819429e-02
   9.2152863e-03   7.1560994e-02
   9.2440026e-03   7.3785688e-02
   9.2572057e-03   7.7122729e-02
   9.2706746e-03   7.9347423e-02
   9.3118709e-03   8.1572117e-02
   9.3386376e-03   8.4167594e-02
   9.3845120e-03   8.4538376e-02
   9.4071695e-03   8.5650723e-02
   9.5220367e-03   8.6021505e-02
   9.5402756e-03   8.7133852e-02
   9.5533237e-03   9.1212458e-02
   9.5600676e-03   9.4549499e-02
   9.5862759e-03   9.8628105e-02
   9.5911237e-03   9.8998888e-02
   9.5924539e-03   1.0048202e-01
   9.6064364e-03   1.0307749e-01
   9.6585601e-03   1.0567297e-01
   9.6918911e-03   1.0789766e-01
   9.7114244e-03   1.0863923e-01
   9.7690597e-03   1.1049314e-01
   9.7754664e-03   1.1086392e-01
   9.8151565e-03   1.1197627e-01
   9.8594777e-03   1.1494253e-01
   9.8725285e-03   1.1865035e-01
   9.8860055e-03   1.2161661e-01
   9.9169070e-03   1.2235818e-01
   9.9183359e-03   1.2272896e-01
   9.9233830e-03   1.2569522e-01
   9.9501870e-03   1.2829069e-01
   9.9752619e-03   1.2866148e-01
   1.0011367e-02   1.3051539e-01
   1.0015613e-02   1.3088617e-01
   1.0051190e-02   1.3274008e-01
   1.0137195e-02   1.3533556e-01
   1.0169077e-02   1.3978495e-01
   1.0175830e-02   1.4460512e-01
   1.0189601e-02   1.4645903e-01
   1.0200180e-02   1.5016685e-01
   1.0220357e-02   1.5239155e-01
   1.0267094e-02   1.5721172e-01
   1.0300480e-02   1.5795328e-01
   1.0370904e-02   1.5906563e-01
   1.0417154e-02   1.6091954e-01
   1.0476084e-02   1.6611049e-01
   1.0487467e-02   1.6833519e-01
   1.0492673e-02   1.6870597e-01
   1.0500958e-02   1.7278458e-01
   1.0510324e-02   1.7463849e-01
   1.0534864e-02   1.7760475e-01
   1.0561694e-02   1.7982944e-01
   1.0568966e-02   1.8020022e-01
   1.0617976e-02   1.8316648e-01
   1.0657888e-02   1.8502039e-01
   1.0735915e-02   1.8613274e-01
   1.0752904e-02   1.8687430e-01
   1.0785415e-02   1.9132369e-01
   1.0788520e-02   1.9169448e-01
   1.0792170e-02   1.9873934e-01
   1.0813263e-02   2.0207638e-01
   1.0833457e-02   2.0541342e-01
   1.0877111e-02   2.0763812e-01
   1.0910548e-02   2.1097516e-01
   1.0974772e-02   2.1319985e-01
   1.1021145e-02   2.1394142e-01
   1.1071123e-02   2.1653689e-01
   1.1092691e-02   2.1876159e-01
   1.1102471e-02   2.2284019e-01
   1.1105858e-02   2.2395254e-01
   1.1115962e-02   2.2840193e-01
   1.1146966e-02   2.3210975e-01
   1.1164059e-02   2.3322210e-01
   1.1173829e-02   2.3655914e-01
   1.1215143e-02   2.3692992e-01
   1.1225673e-02   2.3878383e-01
   1.1265661e-02   2.3989618e-01
   1.1268870e-02   2.4063775e-01
   1.1285745e-02   2.4100853e-01
   1.1336923e-02   2.4249166e-01
   1.1339763e-02   2.4286244e-01
   1.1389015e-02   2.4360400e-01
   1.1401205e-02   2.4657026e-01
   1.1407956e-02   2.4805339e-01
   1.1427732e-02   2.5213200e-01
   1.1447938e-02   2.5806452e-01
   1.1479564e-02   2.5880608e-01
   1.1487343e-02   2.6251390e-01
   1.1520830e-02   2.6436782e-01
   1.1544667e-02   2.6585095e-01
   1.1579981e-02   2.6696329e-01
   1.1625797e-02   2.6733407e-01
   1.1703253e-02   2.6955877e-01
   1.1708166e-02   2.7252503e-01
   1.1718177e-02   2.7437894e-01
   1.1731672e-02   2.7586207e-01
   1.1759986e-02   2.7845755e-01
   1.1762347e-02   2.7919911e-01
   1.1786872e-02   2.8068224e-01
   1.1833819e-02   2.8216537e-01
   1.1857991e-02   2.8290693e-01
   1.1873229e-02   2.8439006e-01
   1.1929245e-02   2.8476085e-01
   1.1938855e-02   2.8735632e-01
   1.1991760e-02   2.8883945e-01
   1.2017043e-02   2.9180571e-01
   1.2023802e-02   2.9625510e-01
   1.2042419e-02   2.9773823e-01
   1.2042698e-02   2.9847979e-01
   1.2062637e-02   2.9996292e-01
   1.2074671e-02   3.0181683e-01
   1.2098656e-02   3.0552466e-01
   1.2124857e-02   3.0589544e-01
   1.2131545e-02   3.0737857e-01
   1.2140031e-02   3.0812013e-01
   1.2185219e-02   3.1034483e-01
   1.2231791e-02   3.1145717e-01
   1.2240079e-02   3.1182796e-01
   1.2254570e-02   3.1294030e-01
   1.2303163e-02   3.1442343e-01
   1.2324772e-02   3.1627735e-01
   1.2333432e-02   3.1924360e-01
   1.2346938e-02   3.1998517e-01
   1.2348507e-02   3.2035595e-01
   1.2362436e-02   3.2072673e-01
   1.2373362e-02   3.2109752e-01
   1.2399647e-02   3.2220986e-01
   1.2433509e-02   3.2295143e-01
   1.2442579e-02   3.2332221e-01
   1.2450111e-02   3.2369299e-01
   1.2482689e-02   3.2703003e-01
   1.2520972e-02   3.2777160e-01
   1.2522290e-02   3.2851316e-01
   1.2542373e-02   3.3036707e-01
   1.2595406e-02   3.3185020e-01
   1.2624781e-02   3.3333333e-01
   1.2633456e-02   3.3667037e-01
   1.2640217e-02   3.3889507e-01
   1.2656767e-02   3.4000742e-01
   1.2671835e-02   3.4111976e-01
   1.2676392e-02   3.4297367e-01
   1.2708143e-02   3.4371524e-01
   1.2709854e-02   3.4705228e-01
   1.2743405e-02   3.4890619e-01
   1.2753302e-02   3.4964776e-01
   1.2792550e-02   3.5076010e-01
   1.2828517e-02   3.5261402e-01
   1.2839200e-02   3.5335558e-01
   1.2900972e-02   3.5372636e-01
   1.2921642e-02   3.5409714e-01
   1.2941379e-02   3.5669262e-01
   1.2949303e-02   3.5965888e-01
   1.2962219e-02   3.6225436e-01
   1.2962972e-02   3.6262514e-01
   1.2985917e-02   3.6559140e-01
   1.3012842e-02   3.6781609e-01
   1.3013225e-02   3.6818687e-01
   1.3043810e-02   3.6892844e-01
   1.3052660e-02   3.7004079e-01
   1.3092819e-02   3.7115313e-01
   1.3115633e-02   3.7152392e-01
   1.3147507e-02   3.7300704e-01
   1.3199980e-02   3.7411939e-01
   1.3249887e-02   3.7597330e-01
   1.3256067e-02   3.7708565e-01
   1.3269676e-02   3.7819800e-01
   1.3271199e-02   3.8005191e-01
   1.3291435e-02   3.8264739e-01
   1.3321622e-02   3.8338895e-01
   1.3335451e-02   3.8524286e-01
   1.3355209e-02   3.8635521e-01
   1.3400729e-02   3.8783834e-01
   1.3404438e-02   3.8895069e-01
   1.3420131e-02   3.8932147e-01
   1.3446795e-02   3.9006303e-01
   1.3460286e-02   3.9043382e-01
   1.3506387e-02   3.9340007e-01
   1.3557416e-02   3.9414164e-01
   1.3564652e-02   3.9747868e-01
   1.3565953e-02   3.9970337e-01
   1.3578161e-02   4.0118650e-01
   1.3599864e-02   4.0304042e-01
   1.3626804e-02   4.0415276e-01
   1.3662840e-02   4.0489433e-01
   1.3685580e-02   4.0526511e-01
   1.3702408e-02   4.0600667e-01
   1.3711138e-02   4.0637746e-01
   1.3753003e-02   4.0823137e-01
   1.3798186e-02   4.0860215e-01
   1.3799813e-02   4.0897293e-01
   1.3806228e-02   4.0971450e-01
   1.3865202e-02   4.1305154e-01
   1.3865262e-02   4.1342232e-01
   1.3872515e-02   4.1416389e-01
   1.3886373e-02   4.1490545e-01
   1.3906617e-02   4.1713014e-01
   1.3934270e-02   4.1898406e-01
   1.3967254e-02   4.2046719e-01
   1.3984837e-02   4.2083797e-01
   1.4008525e-02   4.2232110e-01
   1.4013499e-02   4.2306266e-01
   1.4023664e-02   4.2343344e-01
   1.4055305e-02   4.2528736e-01
   1.4110423e-02   4.2565814e-01
   1.4130623e-02   4.2602892e-01
   1.4134781e-02   4.2639970e-01
   1.4169439e-02   4.2751205e-01
   1.4173460e-02   4.3047831e-01
   1.4182588e-02   4.3084909e-01
   1.4194161e-02   4.3121987e-01
   1.4240379e-02   4.3307379e-01
   1.4272094e-02   4.3344457e-01
   1.4273383e-02   4.3492770e-01
   1.4309432e-02   4.3529848e-01
   1.4313623e-02   4.3826474e-01
   1.4359586e-02   4.3974787e-01
   1.4390591e-02   4.4086022e-01
   1.4412241e-02   4.4160178e-01
   1.4472006e-02   4.4271413e-01
   1.4474359e-02   4.4382647e-01
   1.4488427e-02   4.4568039e-01
   1.4501137e-02   4.4642195e-01
   1.4521316e-02   4.4679273e-01
   1.4537423e-02   4.4753430e-01
   1.4543321e-02   4.4790508e-01
   1.4546632e-02   4.4938821e-01
   1.4567498e-02   4.4975899e-01
   1.4580261e-02   4.5124212e-01
   1.4591724e-02   4.5161290e-01
   1.4609152e-02   4.5272525e-01
   1.4618084e-02   4.5457916e-01
   1.4664272e-02   4.5569151e-01
   1.4686998e-02   4.5643307e-01
   1.4715048e-02   4.5828699e-01
   1.4770081e-02   4.5865777e-01
   1.4790067e-02   4.6014090e-01
   1.4796152e-02   4.6236559e-01
   1.4809082e-02   4.6421950e-01
   1.4827291e-02   4.6607341e-01
   1.4837450e-02   4.6718576e-01
   1.4854771e-02   4.6866889e-01
   1.4875173e-02   4.6903967e-01
   1.4885007e-02   4.7089359e-01
   1.4924646e-02   4.7200593e-01
   1.4967408e-02   4.7311828e-01
   1.5020138e-02   4.7348906e-01
   1.5057233e-02   4.7385984e-01
   1.5074601e-02   4.7423063e-01
   1.5098134e-02   4.7534297e-01
   1.5115942e-02   4.7830923e-01
   1.5136199e-02   4.8090471e-01
   1.5140160e-02   4.8164627e-01
   1.5159402e-02   4.8201706e-01
   1.5163854e-02   4.8275862e-01
   1.5205792e-02   4.8312940e-01
   1.5228210e-02   4.8424175e-01
   1.5274448e-02   4.8535410e-01
   1.5321040e-02   4.8832036e-01
   1.5346420e-02   4.8906192e-01
   1.5360853e-02   4.8943270e-01
   1.5380267e-02   4.9054505e-01
   1.5393865e-02   4.9128661e-01
   1.5406104e-02   4.9239896e-01
   1.5411659e-02   4.9425287e-01
   1.5425177e-02   4.9647757e-01
   1.5437285e-02   4.9758991e-01
   1.5441846e-02   4.9796070e-01
   1.5468212e-02   4.9981461e-01
   1.5496529e-02   5.0129774e-01
   1.5509219e-02   5.0166852e-01
   1.5538852e-02   5.0241009e-01
   1.5575922e-02   5.0352243e-01
   1.5578139e-02   5.0389321e-01
   1.5628718e-02   5.0500556e-01
   1.5640819e-02   5.0537634e-01
   1.5644325e-02   5.0574713e-01
   1.5662450e-02   5.0611791e-01
   1.5678025e-02   5.0760104e-01
   1.5679066e-02   5.0797182e-01
   1.5713485e-02   5.0908417e-01
   1.5720803e-02   5.1056730e-01
   1.5731438e-02   5.1130886e-01
   1.5739344e-02   5.1167964e-01
   1.5741478e-02   5.1205043e-01
   1.5743699e-02   5.1279199e-01
   1.5772938e-02   5.1353356e-01
   1.5804179e-02   5.1390434e-01
   1.5805988e-02   5.1575825e-01
   1.5837804e-02   5.1612903e-01
   1.5838352e-02   5.1649981e-01
   1.5885121e-02   5.1724138e-01
   1.5925711e-02   5.1761216e-01
   1.5927029e-02   5.1798294e-01
   1.5927194e-02   5.1909529e-01
   1.5953580e-02   5.1983686e-01
   1.5986503e-02   5.2131999e-01
   1.6022148e-02   5.2465703e-01
   1.6027244e-02   5.2502781e-01
   1.6039413e-02   5.2725250e-01
   1.6040721e-02   5.2799407e-01
   1.6044092e-02   5.2836485e-01
   1.6056559e-02   5.2947720e-01
   1.6082936e-02   5.3021876e-01
   1.6108896e-02   5.3096033e-01
   1.6124778e-02   5.3133111e-01
   1.6148602e-02   5.3244346e-01
   1.6174375e-02   5.3281424e-01
   1.6183929e-02   5.3392659e-01
   1.6283053e-02   5.3429737e-01
   1.6329977e-02   5.3615128e-01
   1.6336166e-02   5.3689284e-01
   1.6346483e-02   5.3763441e-01
   1.6348835e-02   5.3800519e-01
   1.6361212e-02   5.3837597e-01
   1.6366686e-02   5.3874676e-01
   1.6386704e-02   5.4060067e-01
   1.6419772e-02   5.4208380e-01
   1.6430631e-02   5.4245458e-01
   1.6448790e-02   5.4505006e-01
   1.6482741e-02   5.4542084e-01
   1.6495114e-02   5.4616240e-01
   1.6534263e-02   5.4690397e-01
   1.6547651e-02   5.4764553e-01
   1.6594115e-02   5.4838710e-01
   1.6618257e-02   5.4875788e-01
   1.6638186e-02   5.4912866e-01
   1.6643410e-02   5.5172414e-01
   1.6656350e-02   5.5431961e-01
   1.6670886e-02   5.5469040e-01
   1.6697799e-02   5.5506118e-01
   1.6709360e-02   5.5543196e-01
   1.6712207e-02   5.5580274e-01
   1.6720952e-02   5.5691509e-01
   1.6760679e-02   5.5839822e-01
   1.6772460e-02   5.5913978e-01
   1.6793600e-02   5.6173526e-01
   1.6814972e-02   5.6210604e-01
   1.6846511e-02   5.6284761e-01
   1.6856529e-02   5.6321839e-01
   1.6888463e-02   5.6358917e-01
   1.6945919e-02   5.6507230e-01
   1.6952667e-02   5.6544308e-01
   1.6954798e-02   5.6618465e-01
   1.6962136e-02   5.6729700e-01
   1.6981816e-02   5.6952169e-01
   1.6999548e-02   5.6989247e-01
   1.7012333e-02   5.7063404e-01
   1.7020076e-02   5.7100482e-01
   1.7033142e-02   5.7137560e-01
   1.7060262e-02   5.7285873e-01
   1.7083523e-02   5.7397108e-01
   1.7142442e-02   5.7471264e-01
   1.7142993e-02   5.7508343e-01
   1.7201903e-02   5.7582499e-01
   1.7254792e-02   5.7767890e-01
   1.7259059e-02   5.7879125e-01
   1.7272550e-02   5.8027438e-01
   1.7285261e-02   5.8138673e-01
   1.7311658e-02   5.8212829e-01
   1.7333405e-02   5.8249907e-01
   1.7371162e-02   5.8286986e-01
   1.7373661e-02   5.8324064e-01
   1.7403760e-02   5.8361142e-01
   1.7405057e-02   5.8398220e-01
   1.7407803e-02   5.8435298e-01
   1.7456099e-02   5.8472377e-01
   1.7456719e-02   5.8620690e-01
   1.7495075e-02   5.8731924e-01
   1.7517074e-02   5.8843159e-01
   1.7562426e-02   5.9102707e-01
   1.7569176e-02   5.9399333e-01
   1.7576726e-02   5.9621802e-01
   1.7596944e-02   5.9658880e-01
   1.7606854e-02   5.9770115e-01
   1.7613703e-02   5.9844271e-01
   1.7614317e-02   5.9918428e-01
   1.7646803e-02   6.0103819e-01
   1.7671594e-02   6.0177976e-01
   1.7679782e-02   6.0215054e-01
   1.7686028e-02   6.0289210e-01
   1.7718483e-02   6.0400445e-01
   1.7740432e-02   6.0437523e-01
   1.7751203e-02   6.0511680e-01
   1.7791800e-02   6.0548758e-01
   1.7805974e-02   6.0585836e-01
   1.7810077e-02   6.0659993e-01
   1.7831668e-02   6.0697071e-01
   1.7850615e-02   6.0734149e-01
   1.7868892e-02   6.0771227e-01
   1.7871399e-02   6.1030775e-01
   1.7874703e-02   6.1142010e-01
   1.7888191e-02   6.1253244e-01
   1.7893842e-02   6.1327401e-01
   1.7899822e-02   6.1438636e-01
   1.7926756e-02   6.1475714e-01
   1.7946611e-02   6.1661105e-01
   1.7971282e-02   6.1698183e-01
   1.7986389e-02   6.1809418e-01
   1.7996565e-02   6.1846496e-01
   1.8013872e-02   6.1994809e-01
   1.8066721e-02   6.2068966e-01
   1.8101712e-02   6.2217278e-01
   1.8167759e-02   6.2254357e-01
   1.8178368e-02   6.2439748e-01
   1.8185113e-02   6.2476826e-01
   1.8192507e-02   6.2736374e-01
   1.8210165e-02   6.2921765e-01
   1.8212730e-02   6.2958843e-01
   1.8227505e-02   6.3181313e-01
   1.8261137e-02   6.3218391e-01
   1.8272428e-02   6.3329626e-01
   1.8283741e-02   6.3403782e-01
   1.8289038e-02   6.3477938e-01
   1.8329539e-02   6.3626251e-01
   1.8338721e-02   6.3700408e-01
   1.8359367e-02   6.3774564e-01
   1.8381986e-02   6.3811643e-01
   1.8419420e-02   6.3885799e-01
   1.8456372e-02   6.3922877e-01
   1.8486663e-02   6.3959956e-01
   1.8486874e-02   6.3997034e-01
   1.8490954e-02   6.4071190e-01
   1.8504445e-02   6.4330738e-01
   1.8515011e-02   6.4553207e-01
   1.8541954e-02   6.4590286e-01
   1.8559533e-02   6.4664442e-01
   1.8572778e-02   6.4701520e-01
   1.8624231e-02   6.4775677e-01
   1.8657467e-02   6.4812755e-01
   1.8677275e-02   6.4961068e-01
   1.8769024e-02   6.5035224e-01
   1.8794329e-02   6.5146459e-01
   1.8808341e-02   6.5294772e-01
   1.8828569e-02   6.5406007e-01
   1.8828779e-02   6.5443085e-01
   1.8841973e-02   6.5480163e-01
   1.8863980e-02   6.5517241e-01
   1.8895054e-02   6.5628476e-01
   1.8937895e-02   6.5702633e-01
   1.8942005e-02   6.5739711e-01
   1.8969124e-02   6.5813867e-01
   1.8973151e-02   6.5850945e-01
   1.9028758e-02   6.5925102e-01
   1.9029507e-02   6.5962180e-01
   1.9037955e-02   6.5999258e-01
   1.9062365e-02   6.6036337e-01
   1.9106678e-02   6.6110493e-01
   1.9120178e-02   6.6184650e-01
   1.9130291e-02   6.6258806e-01
   1.9134790e-02   6.6295884e-01
   1.9156639e-02   6.6444197e-01
   1.9158951e-02   6.6481275e-01
   1.9172552e-02   6.6518354e-01
   1.9212873e-02   6.6555432e-01
   1.9235091e-02   6.6592510e-01
   1.9260159e-02   6.6629588e-01
   1.9288664e-02   6.6666667e-01
   1.9306396e-02   6.6703745e-01
   1.9317592e-02   6.6889136e-01
   1.9383131e-02   6.7000371e-01
   1.9403633e-02   6.7074527e-01
   1.9410855e-02   6.7334075e-01
   1.9417608e-02   6.7371153e-01
   1.9418182e-02   6.7445310e-01
   1.9443328e-02   6.7519466e-01
   1.9455971e-02   6.7593623e-01
   1.9456691e-02   6.7630701e-01
   1.9489624e-02   6.7667779e-01
   1.9497725e-02   6.7741935e-01
   1.9507753e-02   6.7853170e-01
   1.9538794e-02   6.7890248e-01
   1.9550933e-02   6.7927327e-01
   1.9554731e-02   6.7964405e-01
   1.9578826e-02   6.8001483e-01
   1.9629889e-02   6.8038561e-01
   1.9638348e-02   6.8075640e-01
   1.9668793e-02   6.8186874e-01
   1.9720087e-02   6.8298109e-01
   1.9722972e-02   6.8335187e-01
   1.9735889e-02   6.8372265e-01
   1.9741501e-02   6.8446422e-01
   1.9744525e-02   6.8520578e-01
   1.9746979e-02   6.8594735e-01
   1.9771485e-02   6.8631813e-01
   1.9777736e-02   6.8705970e-01
   1.9781055e-02   6.8743048e-01
   1.9786371e-02   6.8928439e-01
   1.9811145e-02   6.8965517e-01
   1.9826710e-02   6.9002595e-01
   1.9836672e-02   6.9039674e-01
   1.9846766e-02   6.9113830e-01
   1.9899740e-02   6.9150908e-01
   1.9905615e-02   6.9187987e-01
   1.9992143e-02   6.9262143e-01
   2.0023847e-02   6.9336300e-01
   2.0027385e-02   6.9410456e-01
   2.0033562e-02   6.9558769e-01
   2.0039022e-02   6.9670004e-01
   2.0051211e-02   6.9818317e-01
   2.0059260e-02   6.9966630e-01
   2.0068467e-02   7.0003708e-01
   2.0070175e-02   7.0077864e-01
   2.0102380e-02   7.0114943e-01
   2.0103846e-02   7.0152021e-01
   2.0120691e-02   7.0263255e-01
   2.0167067e-02   7.0300334e-01
   2.0188764e-02   7.0374490e-01
   2.0213871e-02   7.0411568e-01
   2.0231888e-02   7.0448647e-01
   2.0248969e-02   7.0485725e-01
   2.0275073e-02   7.0559881e-01
   2.0338706e-02   7.0596960e-01
   2.0348578e-02   7.0634038e-01
   2.0352205e-02   7.0671116e-01
   2.0359963e-02   7.0856507e-01
   2.0386930e-02   7.0930664e-01
   2.0399844e-02   7.1116055e-01
   2.0439589e-02   7.1190211e-01
   2.0458110e-02   7.1227290e-01
   2.0466921e-02   7.1264368e-01
   2.0511745e-02   7.1338524e-01
   2.0534829e-02   7.1449759e-01
   2.0592482e-02   7.1486837e-01
   2.0600960e-02   7.1523915e-01
   2.0650099e-02   7.1598072e-01
   2.0654990e-02   7.1746385e-01
   2.0675233e-02   7.1857620e-01
   2.0718086e-02   7.1894698e-01
   2.0732720e-02   7.1968854e-01
   2.0799695e-02   7.2154245e-01
   2.0805711e-02   7.2191324e-01
   2.0884163e-02   7.2228402e-01
   2.0922237e-02   7.2302558e-01
   2.0926885e-02   7.2376715e-01
   2.0952168e-02   7.2450871e-01
   2.0954485e-02   7.2599184e-01
   2.0956830e-02   7.2673341e-01
   2.0968538e-02   7.2747497e-01
   2.0975470e-02   7.2821654e-01
   2.0976941e-02   7.2858732e-01
   2.0980215e-02   7.2895810e-01
   2.0984954e-02   7.2932888e-01
   2.1001843e-02   7.3118280e-01
   2.1013373e-02   7.3192436e-01
   2.1020649e-02   7.3229514e-01
   2.1035867e-02   7.3303671e-01
   2.1053745e-02   7.3340749e-01
   2.1069854e-02   7.3451984e-01
   2.1105953e-02   7.3489062e-01
   2.1136842e-02   7.3526140e-01
   2.1144653e-02   7.3563218e-01
   2.1210839e-02   7.3674453e-01
   2.1236604e-02   7.3711531e-01
   2.1242930e-02   7.3748610e-01
   2.1259328e-02   7.3785688e-01
   2.1266085e-02   7.3896923e-01
   2.1270452e-02   7.4082314e-01
   2.1299352e-02   7.4230627e-01
   2.1313389e-02   7.4267705e-01
   2.1333038e-02   7.4341861e-01
   2.1345312e-02   7.4378940e-01
   2.1346074e-02   7.4416018e-01
   2.1379711e-02   7.4453096e-01
   2.1410460e-02   7.4527253e-01
   2.1437270e-02   7.4564331e-01
   2.1472254e-02   7.4638487e-01
   2.1492823e-02   7.4675565e-01
   2.1563096e-02   7.4712644e-01
   2.1566885e-02   7.4823878e-01
   2.1570831e-02   7.4898035e-01
   2.1576358e-02   7.5009270e-01
   2.1583756e-02   7.5046348e-01
   2.1589909e-02   7.5120504e-01
   2.1591341e-02   7.5157582e-01
   2.1610647e-02   7.5194661e-01
   2.1615608e-02   7.5231739e-01
   2.1667426e-02   7.5268817e-01
   2.1682342e-02   7.5342974e-01
   2.1732457e-02   7.5380052e-01
   2.1735413e-02   7.5417130e-01
   2.1754376e-02   7.5454208e-01
   2.1775947e-02   7.5491287e-01
   2.1820619e-02   7.5602521e-01
   2.1843399e-02   7.5639600e-01
   2.1875871e-02   7.5750834e-01
   2.1882052e-02   7.5824991e-01
   2.1885904e-02   7.5862069e-01
   2.1913859e-02   7.5936225e-01
   2.1922647e-02   7.5973304e-01
   2.1949543e-02   7.6010382e-01
   2.1951429e-02   7.6084538e-01
   2.1959610e-02   7.6195773e-01
   2.2022012e-02   7.6232851e-01
   2.2072408e-02   7.6269930e-01
   2.2081706e-02   7.6307008e-01
   2.2100804e-02   7.6344086e-01
   2.2155853e-02   7.6381164e-01
   2.2173602e-02   7.6418242e-01
   2.2176332e-02   7.6455321e-01
   2.2184813e-02   7.6492399e-01
   2.2186613e-02   7.6677790e-01
   2.2200119e-02   7.6789025e-01
   2.2205536e-02   7.6863181e-01
   2.2211440e-02   7.6900260e-01
   2.2231924e-02   7.6974416e-01
   2.2241544e-02   7.7085651e-01
   2.2283269e-02   7.7159807e-01
   2.2310421e-02   7.7233964e-01
   2.2348155e-02   7.7271042e-01
   2.2366856e-02   7.7308120e-01
   2.2430680e-02   7.7345198e-01
   2.2450879e-02   7.7382277e-01
   2.2491286e-02   7.7493511e-01
   2.2498600e-02   7.7567668e-01
   2.2501974e-02   7.7604746e-01
   2.2521637e-02   7.7641824e-01
   2.2528979e-02   7.7678902e-01
   2.2550027e-02   7.7715981e-01
   2.2554444e-02   7.7790137e-01
   2.2562083e-02   7.7827215e-01
   2.2571801e-02   7.7864294e-01
   2.2646635e-02   7.7975528e-01
   2.2673174e-02   7.8012607e-01
   2.2710308e-02   7.8049685e-01
   2.2778031e-02   7.8086763e-01
   2.2783164e-02   7.8123841e-01
   2.2800856e-02   7.8197998e-01
   2.2802434e-02   7.8235076e-01
   2.2815912e-02   7.8309232e-01
   2.2821216e-02   7.8346311e-01
   2.2847610e-02   7.8383389e-01
   2.2856071e-02   7.8420467e-01
   2.2906855e-02   7.8457545e-01
   2.2960219e-02   7.8531702e-01
   2.2960479e-02   7.8605858e-01
   2.2975174e-02   7.8642937e-01
   2.3039023e-02   7.8680015e-01
   2.3107836e-02   7.8754171e-01
   2.3113815e-02   7.8791250e-01
   2.3117527e-02   7.8828328e-01
   2.3137739e-02   7.8902484e-01
   2.3138681e-02   7.8976641e-01
   2.3150222e-02   7.9013719e-01
   2.3232528e-02   7.9050797e-01
   2.3244794e-02   7.9087875e-01
   2.3317367e-02   7.9124954e-01
   2.3320216e-02   7.9162032e-01
   2.3337683e-02   7.9199110e-01
   2.3367705e-02   7.9236188e-01
   2.3380413e-02   7.9273267e-01
   2.3393095e-02   7.9347423e-01
   2.3407187e-02   7.9384501e-01
   2.3416894e-02   7.9421580e-01
   2.3418820e-02   7.9495736e-01
   2.3431753e-02   7.9532814e-01
   2.3436406e-02   7.9606971e-01
   2.3463345e-02   7.9644049e-01
   2.3470101e-02   7.9681127e-01
   2.3473952e-02   7.9718205e-01
   2.3509914e-02   7.9792362e-01
   2.3585862e-02   7.9829440e-01
   2.3639892e-02   7.9866518e-01
   2.3668969e-02   7.9903597e-01
   2.3696058e-02   7.9940675e-01
   2.3723827e-02   7.9977753e-01
   2.3733652e-02   8.0014831e-01
   2.3734109e-02   8.0051910e-01
   2.3751257e-02   8.0126066e-01
   2.3758321e-02   8.0163144e-01
   2.3800043e-02   8.0200222e-01
   2.3846544e-02   8.0237301e-01
   2.3857106e-02   8.0274379e-01
   2.3857784e-02   8.0348535e-01
   2.3900652e-02   8.0385614e-01
   2.3916898e-02   8.0459770e-01
   2.4002724e-02   8.0496848e-01
   2.4034664e-02   8.0533927e-01
   2.4051588e-02   8.0608083e-01
   2.4077994e-02   8.0645161e-01
   2.4084315e-02   8.0682240e-01
   2.4097576e-02   8.0756396e-01
   2.4124663e-02   8.0867631e-01
   2.4133265e-02   8.0941787e-01
   2.4186436e-02   8.0978865e-01
   2.4220873e-02   8.1015944e-01
   2.4241116e-02   8.1090100e-01
   2.4245099e-02   8.1127178e-01
   2.4276215e-02   8.1201335e-01
   2.4340383e-02   8.1238413e-01
   2.4347129e-02   8.1275491e-01
   2.4348670e-02   8.1312570e-01
   2.4351967e-02   8.1349648e-01
   2.4371553e-02   8.1423804e-01
   2.4373660e-02   8.1460882e-01
   2.4374963e-02   8.1497961e-01
   2.4449616e-02   8.1535039e-01
   2.4460690e-02   8.1609195e-01
   2.4466291e-02   8.1646274e-01
   2.4469010e-02   8.1720430e-01
   2.4480530e-02   8.1757508e-01
   2.4481582e-02   8.1794587e-01
   2.4498953e-02   8.1868743e-01
   2.4532139e-02   8.1905821e-01
   2.4539829e-02   8.1942900e-01
   2.4612835e-02   8.1979978e-01
   2.4625889e-02   8.2054134e-01
   2.4650107e-02   8.2128291e-01
   2.4650495e-02   8.2165369e-01
   2.4663980e-02   8.2202447e-01
   2.4666863e-02   8.2239525e-01
   2.4685565e-02   8.2276604e-01
   2.4693814e-02   8.2313682e-01
   2.4696277e-02   8.2350760e-01
   2.4743090e-02   8.2387838e-01
   2.4745598e-02   8.2536151e-01
   2.4808390e-02   8.2573230e-01
   2.4825772e-02   8.2610308e-01
   2.4842834e-02   8.2647386e-01
   2.4866571e-02   8.2684464e-01
   2.4874833e-02   8.2721542e-01
   2.4876287e-02   8.2758621e-01
   2.4956371e-02   8.2795699e-01
   2.4964841e-02   8.2869855e-01
   2.4965379e-02   8.2906934e-01
   2.4978195e-02   8.2944012e-01
   2.4985066e-02   8.2981090e-01
   2.4988529e-02   8.3018168e-01
   2.5024071e-02   8.3129403e-01
   2.5081236e-02   8.3203560e-01
   2.5097725e-02   8.3240638e-01
   2.5150666e-02   8.3351872e-01
   2.5190584e-02   8.3388951e-01
   2.5207014e-02   8.3426029e-01
   2.5223715e-02   8.3463107e-01
   2.5254899e-02   8.3500185e-01
   2.5266912e-02   8.3611420e-01
   2.5309673e-02   8.3648498e-01
   2.5312932e-02   8.3685577e-01
   2.5319954e-02   8.3722655e-01
   2.5325049e-02   8.3759733e-01
   2.5328013e-02   8.3796811e-01
   2.5332366e-02   8.3833890e-01
   2.5353304e-02   8.3870968e-01
   2.5426325e-02   8.3945124e-01
   2.5486811e-02   8.4019281e-01
   2.5495722e-02   8.4093437e-01
   2.5581034e-02   8.4167594e-01
   2.5603392e-02   8.4241750e-01
   2.5608126e-02   8.4278828e-01
   2.5637065e-02   8.4315907e-01
   2.5657736e-02   8.4352985e-01
   2.5688210e-02   8.4390063e-01
   2.5689607e-02   8.4427141e-01
   2.5694149e-02   8.4464220e-01
   2.5808861e-02   8.4501298e-01
   2.5809266e-02   8.4538376e-01
   2.5870205e-02   8.4612532e-01
   2.5898016e-02   8.4686689e-01
   2.5924972e-02   8.4760845e-01
   2.5927928e-02   8.4797924e-01
   2.5928986e-02   8.4835002e-01
   2.5938861e-02   8.4872080e-01
   2.5968311e-02   8.4946237e-01
   2.6020322e-02   8.4983315e-01
   2.6032001e-02   8.5020393e-01
   2.6049167e-02   8.5057471e-01
   2.6071775e-02   8.5094549e-01
   2.6097883e-02   8.5131628e-01
   2.6104838e-02   8.5168706e-01
   2.6160869e-02   8.5205784e-01
   2.6162821e-02   8.5242862e-01
   2.6193082e-02   8.5279941e-01
   2.6195681e-02   8.5317019e-01
   2.6218906e-02   8.5354097e-01
   2.6221277e-02   8.5391175e-01
   2.6255614e-02   8.5576567e-01
   2.6302693e-02   8.5613645e-01
   2.6366504e-02   8.5687801e-01
   2.6399959e-02   8.5724879e-01
   2.6403087e-02   8.5761958e-01
   2.6417347e-02   8.5799036e-01
   2.6451648e-02   8.5910271e-01
   2.6463361e-02   8.5947349e-01
   2.6498643e-02   8.5984427e-01
   2.6498795e-02   8.6132740e-01
   2.6538367e-02   8.6169818e-01
   2.6545823e-02   8.6206897e-01
   2.6583392e-02   8.6281053e-01
   2.6639474e-02   8.6318131e-01
   2.6647953e-02   8.6355209e-01
   2.6670634e-02   8.6429366e-01
   2.6710281e-02   8.6466444e-01
   2.6774193e-02   8.6540601e-01
   2.6804926e-02   8.6577679e-01
   2.6806733e-02   8.6614757e-01
   2.6832580e-02   8.6651835e-01
   2.6900270e-02   8.6688914e-01
   2.6909593e-02   8.6725992e-01
   2.6916662e-02   8.6763070e-01
   2.6919354e-02   8.6837227e-01
   2.6979773e-02   8.6874305e-01
   2.7056793e-02   8.6911383e-01
   2.7061300e-02   8.6948461e-01
   2.7114270e-02   8.7022618e-01
   2.7115085e-02   8.7059696e-01
   2.7128579e-02   8.7096774e-01
   2.7129350e-02   8.7133852e-01
   2.7131234e-02   8.7208009e-01
   2.7146957e-02   8.7245087e-01
   2.7253500e-02   8.7282165e-01
   2.7255803e-02   8.7319244e-01
   2.7420930e-02   8.7356322e-01
   2.7428592e-02   8.7430478e-01
   2.7448830e-02   8.7467557e-01
   2.7449544e-02   8.7504635e-01
   2.7532750e-02   8.7541713e-01
   2.7730877e-02   8.7578791e-01
   2.7730979e-02   8.7615869e-01
   2.7744481e-02   8.7690026e-01
   2.7759905e-02   8.7727104e-01
   2.7771716e-02   8.7764182e-01
   2.7813334e-02   8.7875417e-01
   2.7867128e-02   8.7912495e-01
   2.7981284e-02   8.7949574e-01
   2.8021269e-02   8.7986652e-01
   2.8027398e-02   8.8023730e-01
   2.8037498e-02   8.8060808e-01
   2.8044251e-02   8.8097887e-01
   2.8063965e-02   8.8134965e-01
   2.8098455e-02   8.8209121e-01
   2.8145573e-02   8.8246199e-01
   2.8163994e-02   8.8283278e-01
   2.8205622e-02   8.8320356e-01
   2.8347483e-02   8.8357434e-01
   2.8360358e-02   8.8394512e-01
   2.8364097e-02   8.8468669e-01
   2.8366624e-02   8.8505747e-01
   2.8387483e-02   8.8542825e-01
   2.8403679e-02   8.8579904e-01
   2.8427904e-02   8.8616982e-01
   2.8547437e-02   8.8654060e-01
   2.8580096e-02   8.8691138e-01
   2.8580986e-02   8.8728217e-01
   2.8627100e-02   8.8765295e-01
   2.8654068e-02   8.8802373e-01
   2.8660001e-02   8.8839451e-01
   2.8660246e-02   8.8876529e-01
   2.8679762e-02   8.8913608e-01
   2.8713278e-02   8.8950686e-01
   2.8713475e-02   8.9024842e-01
   2.8758828e-02   8.9061921e-01
   2.8818103e-02   8.9098999e-01
   2.8819309e-02   8.9136077e-01
   2.8825229e-02   8.9173155e-01
   2.8837461e-02   8.9247312e-01
   2.8846133e-02   8.9284390e-01
   2.8891229e-02   8.9321468e-01
   2.8940578e-02   8.9358547e-01
   2.8943577e-02   8.9432703e-01
   2.8976823e-02   8.9543938e-01
   2.8977190e-02   8.9581016e-01
   2.9003231e-02   8.9618094e-01
   2.9074847e-02   8.9655172e-01
   2.9158604e-02   8.9692251e-01
   2.9159896e-02   8.9729329e-01
   2.9217616e-02   8.9803485e-01
   2.9276293e-02   8.9840564e-01
   2.9276818e-02   8.9877642e-01
   2.9328616e-02   8.9914720e-01
   2.9430096e-02   8.9951798e-01
   2.9432499e-02   8.9988877e-01
   2.9443541e-02   9.0025955e-01
   2.9541432e-02   9.0063033e-01
   2.9584377e-02   9.0100111e-01
   2.9617053e-02   9.0137189e-01
   2.9655189e-02   9.0174268e-01
   2.9657490e-02   9.0211346e-01
   2.9680292e-02   9.0248424e-01
   2.9684422e-02   9.0285502e-01
   2.9721008e-02   9.0322581e-01
   2.9773127e-02   9.0359659e-01
   2.9812717e-02   9.0396737e-01
   2.9814549e-02   9.0433815e-01
   2.9845679e-02   9.0470894e-01
   2.9849927e-02   9.0507972e-01
   2.9886080e-02   9.0545050e-01
   2.9892835e-02   9.0582128e-01
   2.9912260e-02   9.0619207e-01
   2.9913806e-02   9.0656285e-01
   2.9922904e-02   9.0693363e-01
   2.9986010e-02   9.0730441e-01
   3.0040738e-02   9.0767519e-01
   3.0045915e-02   9.0804598e-01
   3.0114005e-02   9.0841676e-01
   3.0116284e-02   9.0878754e-01
   3.0154682e-02   9.0915832e-01
   3.0196171e-02   9.0989989e-01
   3.0207255e-02   9.1027067e-01
   3.0232480e-02   9.1064145e-01
   3.0272322e-02   9.1101224e-01
   3.0287410e-02   9.1138302e-01
   3.0372460e-02   9.1175380e-01
   3.0381445e-02   9.1212458e-01
   3.0411853e-02   9.1249537e-01
   3.0461885e-02   9.1323693e-01
   3.0502654e-02   9.1360771e-01
   3.0517495e-02   9.1397849e-01
   3.0518069e-02   9.1434928e-01
   3.0721706e-02   9.1472006e-01
   3.0722795e-02   9.1509084e-01
   3.0728560e-02   9.1546162e-01
   3.0823357e-02   9.1583241e-01
   3.0825121e-02   9.1620319e-01
   3.0847420e-02   9.1657397e-01
   3.0951863e-02   9.1694475e-01
   3.0998099e-02   9.1731554e-01
   3.1072905e-02   9.1768632e-01
   3.1078065e-02   9.1805710e-01
   3.1143780e-02   9.1879867e-01
   3.1159452e-02   9.1916945e-01
   3.1174909e-02   9.1954023e-01
   3.1380081e-02   9.1991101e-01
   3.1411682e-02   9.2028179e-01
   3.1427544e-02   9.2065258e-01
   3.1441027e-02   9.2102336e-01
   3.1545875e-02   9.2139414e-01
   3.1552239e-02   9.2176492e-01
   3.1662336e-02   9.2213571e-01
   3.1739897e-02   9.2250649e-01
   3.1757045e-02   9.2324805e-01
   3.1760121e-02   9.2361884e-01
   3.1790779e-02   9.2473118e-01
   3.1887690e-02   9.2584353e-01
   3.1944755e-02   9.2621431e-01
   3.1977757e-02   9.2658509e-01
   3.2021220e-02   9.2695588e-01
   3.2044290e-02   9.2769744e-01
   3.2056967e-02   9.2806822e-01
   3.2077902e-02   9.2843901e-01
   3.2109816e-02   9.2880979e-01
   3.2118367e-02   9.2918057e-01
   3.2125734e-02   9.2992214e-01
   3.2159075e-02   9.3029292e-01
   3.2283700e-02   9.3066370e-01
   3.2348750e-02   9.3103448e-01
   3.2401384e-02   9.3140527e-01
   3.2409403e-02   9.3177605e-01
   3.2458300e-02   9.3214683e-01
   3.2492704e-02   9.3251761e-01
   3.2673462e-02   9.3288839e-01
   3.2697653e-02   9.3325918e-01
   3.2717195e-02   9.3362996e-01
   3.2896333e-02   9.3400074e-01
   3.2898213e-02   9.3437152e-01
   3.2965223e-02   9.3474231e-01
   3.2971473e-02   9.3511309e-01
   3.3019706e-02   9.3548387e-01
   3.3040915e-02   9.3585465e-01
   3.3063237e-02   9.3622544e-01
   3.3115286e-02   9.3659622e-01
   3.3313241e-02   9.3696700e-01
   3.3583279e-02   9.3733778e-01
   3.3630828e-02   9.3770857e-01
   3.3677428e-02   9.3845013e-01
   3.3813144e-02   9.3882091e-01
   3.3893547e-02   9.3919169e-01
   3.4047915e-02   9.3956248e-01
   3.4054292e-02   9.3993326e-01
   3.4066901e-02   9.4030404e-01
   3.4206045e-02   9.4067482e-01
   3.4223904e-02   9.4141639e-01
   3.4382705e-02   9.4178717e-01
   3.4389126e-02   9.4215795e-01
   3.4391968e-02   9.4252874e-01
   3.4439782e-02   9.4289952e-01
   3.4491917e-02   9.4327030e-01
   3.4562333e-02   9.4364108e-01
   3.4570596e-02   9.4401187e-01
   3.4603884e-02   9.4438265e-01
   3.4659373e-02   9.4475343e-01
   3.4816921e-02   9.4512421e-01
   3.4825020e-02   9.4586578e-01
   3.5003948e-02   9.4623656e-01
   3.5073647e-02   9.4660734e-01
   3.5162008e-02   9.4697812e-01
   3.5172865e-02   9.4734891e-01
   3.5342170e-02   9.4771969e-01
   3.5386104e-02   9.4809047e-01
   3.5522525e-02   9.4846125e-01
   3.5547195e-02   9.4920282e-01
   3.5616570e-02   9.4957360e-01
   3.5740793e-02   9.4994438e-01
   3.5741652e-02   9.5031516e-01
   3.5749987e-02   9.5068595e-01
   3.6054663e-02   9.5105673e-01
   3.6091387e-02   9.5142751e-01
   3.6309273e-02   9.5179829e-01
   3.6315409e-02   9.5216908e-01
   3.6370251e-02   9.5253986e-01
   3.6459364e-02   9.5291064e-01
   3.6517967e-02   9.5328142e-01
   3.6585475e-02   9.5365221e-01
   3.6594571e-02   9.5402299e-01
   3.6660200e-02   9.5439377e-01
   3.6667536e-02   9.5476455e-01
   3.6687780e-02   9.5513534e-01
   3.6785883e-02   9.5550612e-01
   3.6820537e-02   9.5587690e-01
   3.6909062e-02   9.5624768e-01
   3.6946181e-02   9.5661846e-01
   3.6972696e-02   9.5698925e-01
   3.7006338e-02   9.5736003e-01
   3.7194273e-02   9.5773081e-01
   3.7274457e-02   9.5810159e-01
   3.7515702e-02   9.5847238e-01
   3.7627568e-02   9.5884316e-01
   3.7646992e-02   9.5921394e-01
   3.7896535e-02   9.5958472e-01
   3.7920616e-02   9.5995551e-01
   3.7936390e-02   9.6032629e-01
   3.8066599e-02   9.6069707e-01
   3.8201671e-02   9.6106785e-01
   3.8205183e-02   9.6143864e-01
   3.8209774e-02   9.6180942e-01
   3.8243609e-02   9.6218020e-01
   3.8313357e-02   9.6255098e-01
   3.8403246e-02   9.6292176e-01
   3.8529186e-02   9.6329255e-01
   3.8562916e-02   9.6366333e-01
   3.8731006e-02   9.6403411e-01
   3.8829064e-02   9.6440489e-01
   3.9046498e-02   9.6477568e-01
   3.9240820e-02   9.6514646e-01
   3.9289931e-02   9.6551724e-01
   3.9375822e-02   9.6588802e-01
   3.9431998e-02   9.6625881e-01
   3.9457529e-02   9.6737115e-01
   3.9483459e-02   9.6774194e-01
   3.9593278e-02   9.6811272e-01
   3.9633623e-02   9.6848350e-01
   3.9691401e-02   9.6885428e-01
   3.9727463e-02   9.6922506e-01
   3.9767980e-02   9.6959585e-01
   3.9804849e-02   9.6996663e-01
   3.9862231e-02   9.7033741e-01
   4.0101730e-02   9.7070819e-01
   4.0330441e-02   9.7107898e-01
   4.0339922e-02   9.7144976e-01
   4.0460620e-02   9.7182054e-01
   4.0644299e-02   9.7219132e-01
   4.0718701e-02   9.7256211e-01
   4.1132145e-02   9.7293289e-01
   4.1417570e-02   9.7330367e-01
   4.1446467e-02   9.7367445e-01
   4.1484726e-02   9.7404524e-01
   4.1512143e-02   9.7441602e-01
   4.1865970e-02   9.7478680e-01
   4.1972623e-02   9.7515758e-01
   4.2172198e-02   9.7552836e-01
   4.2244094e-02   9.7589915e-01
   4.2331484e-02   9.7626993e-01
   4.2553745e-02   9.7664071e-01
   4.2727297e-02   9.7701149e-01
   4.2785620e-02   9.7738228e-01
   4.2813322e-02   9.7775306e-01
   4.2935569e-02   9.7849462e-01
   4.3135199e-02   9.7886541e-01
   4.3611841e-02   9.7923619e-01
   4.3686333e-02   9.7960697e-01
   4.3854892e-02   9.7997775e-01
   4.4199275e-02   9.8034854e-01
   4.4259311e-02   9.8071932e-01
   4.4400238e-02   9.8109010e-01
   4.4511502e-02   9.8146088e-01
   4.4693459e-02   9.8183166e-01
   4.4866881e-02   9.8220245e-01
   4.4996173e-02   9.8257323e-01
   4.5096979e-02   9.8294401e-01
   4.5348421e-02   9.8331479e-01
   4.5383554e-02   9.8368558e-01
   4.5415765e-02   9.8405636e-01
   4.5510051e-02   9.8442714e-01
   4.5768868e-02   9.8479792e-01
   4.5949861e-02   9.8516871e-01
   4.6041263e-02   9.8591027e-01
   4.6986053e-02   9.8628105e-01
   4.6987158e-02   9.8665184e-01
   4.7039943e-02   9.8702262e-01
   4.7171582e-02   9.8739340e-01
   4.7227274e-02   9.8776418e-01
   4.7970054e-02   9.8813496e-01
   4.8358690e-02   9.8850575e-01
   4.8394263e-02   9.8887653e-01
   4.8545146e-02   9.8924731e-01
   4.8615376e-02   9.8961809e-01
   4.9032427e-02   9.8998888e-01
   4.9492322e-02   9.9035966e-01
   5.0012056e-02   9.9073044e-01
   5.0838316e-02   9.9110122e-01
   5.0909385e-02   9.9147201e-01
   5.1877723e-02   9.9184279e-01
   5.2118158e-02   9.9221357e-01
   5.3007351e-02   9.9258435e-01
   5.3075617e-02   9.9295514e-01
   5.3310147e-02   9.9332592e-01
   5.4183753e-02   9.9369670e-01
   5.4227553e-02   9.9406748e-01
   5.6169121e-02   9.9443826e-01
   5.6403797e-02   9.9480905e-01
   5.7439323e-02   9.9517983e-01
   5.7897502e-02   9.9555061e-01
   5.8854682e-02   9.9592139e-01
   5.9124646e-02   9.9629218e-01
   5.9436451e-02   9.9666296e-01
   6.0735071e-02   9.9703374e-01
   6.1047503e-02   9.9740452e-01
   6.1421298e-02   9.9777531e-01
   6.1804271e-02   9.9814609e-01
   6.2318425e-02   9.9851687e-01
   6.4760021e-02   9.9888765e-01
   6.9977352e-02   9.9925844e-01
   7.2444011e-02   9.9962922e-01
   7.3196337e-02   1.0000000e+00
