   4.2856000e-03   0.0000000e+00
   4.2856000e-03   9.3750000e-03
   4.7616000e-03   1.8750000e-02
   5.2384000e-03   2.5000000e-02
   5.7144000e-03   3.1250000e-02
   6.1904000e-03   5.0000000e-02
   6.6664000e-03   7.8125000e-02
   7.1432000e-03   1.3750000e-01
   7.6192000e-03   1.6875000e-01
   8.0952000e-03   2.0625000e-01
   8.5712000e-03   2.3125000e-01
   9.0480000e-03   2.6875000e-01
   9.5240000e-03   2.8125000e-01
   1.0000000e-02   2.9375000e-01
   1.0476000e-02   3.1562500e-01
   1.0952000e-02   3.4375000e-01
   1.1428800e-02   3.6562500e-01
   1.1904800e-02   3.8125000e-01
   1.2380800e-02   3.9062500e-01
   1.2856800e-02   4.0625000e-01
   1.3333600e-02   4.2500000e-01
   1.3809600e-02   4.3437500e-01
   1.4285600e-02   4.5000000e-01
   1.4761600e-02   4.5625000e-01
   1.5238400e-02   4.6875000e-01
   1.5714400e-02   4.8750000e-01
   1.6190400e-02   4.9687500e-01
   1.6666400e-02   5.0312500e-01
   1.7143200e-02   5.1250000e-01
   1.7619200e-02   5.3750000e-01
   1.8095200e-02   5.5000000e-01
   1.8571200e-02   5.5937500e-01
   1.9048000e-02   5.7187500e-01
   1.9524000e-02   5.8125000e-01
   2.0476000e-02   5.8750000e-01
   2.0952000e-02   5.9375000e-01
   2.1428800e-02   6.0000000e-01
   2.1904800e-02   6.1562500e-01
   2.2380800e-02   6.1875000e-01
   2.3333600e-02   6.3125000e-01
   2.3809600e-02   6.4375000e-01
   2.4285600e-02   6.5000000e-01
   2.4761600e-02   6.5312500e-01
   2.5238400e-02   6.6250000e-01
   2.6190400e-02   6.6562500e-01
   2.7143200e-02   6.8125000e-01
   2.7619200e-02   6.8750000e-01
   2.8095200e-02   6.9062500e-01
   2.8571200e-02   6.9687500e-01
   2.9048000e-02   7.0625000e-01
   2.9524000e-02   7.0937500e-01
   3.0476000e-02   7.1875000e-01
   3.0952800e-02   7.2812500e-01
   3.1904800e-02   7.3437500e-01
   3.2380800e-02   7.4375000e-01
   3.2856800e-02   7.4687500e-01
   3.3333600e-02   7.5000000e-01
   3.3809600e-02   7.5312500e-01
   3.4285600e-02   7.5937500e-01
   3.5238400e-02   7.6875000e-01
   3.5714400e-02   7.7187500e-01
   3.8095200e-02   7.7500000e-01
   3.8571200e-02   7.7812500e-01
   4.0476000e-02   7.8437500e-01
   4.1428800e-02   7.9062500e-01
   4.2380800e-02   7.9687500e-01
   4.3333600e-02   8.0000000e-01
   4.3809600e-02   8.0312500e-01
   4.4761600e-02   8.0625000e-01
   4.5238400e-02   8.0937500e-01
   4.6666400e-02   8.1562500e-01
   4.8571200e-02   8.2187500e-01
   4.9048000e-02   8.2500000e-01
   4.9524000e-02   8.3125000e-01
   5.0476000e-02   8.4062500e-01
   5.0952000e-02   8.4375000e-01
   5.1904800e-02   8.4687500e-01
   5.3333600e-02   8.5000000e-01
   5.3809600e-02   8.5312500e-01
   5.5714400e-02   8.5625000e-01
   5.8095200e-02   8.5937500e-01
   5.8571200e-02   8.6250000e-01
   6.0000000e-02   8.7187500e-01
   6.0952000e-02   8.7500000e-01
   6.3333600e-02   8.7812500e-01
   6.7143200e-02   8.8125000e-01
   6.9047200e-02   8.8437500e-01
   7.1904800e-02   8.8750000e-01
   7.2380800e-02   8.9062500e-01
   7.2856800e-02   8.9375000e-01
   7.3809600e-02   8.9687500e-01
   7.4285600e-02   9.0000000e-01
   7.6190400e-02   9.0312500e-01
   7.7143200e-02   9.0625000e-01
   7.8095200e-02   9.0937500e-01
   7.9047200e-02   9.1562500e-01
   7.9524000e-02   9.1875000e-01
   8.0952000e-02   9.2187500e-01
   8.6190400e-02   9.2500000e-01
   8.7143200e-02   9.3125000e-01
   9.4285600e-02   9.3437500e-01
   9.5714400e-02   9.3750000e-01
   1.0000000e-01   9.4062500e-01
   1.0142880e-01   9.4375000e-01
   1.0428560e-01   9.4687500e-01
   1.0761920e-01   9.5000000e-01
   1.1142880e-01   9.5312500e-01
   1.1476160e-01   9.5625000e-01
   1.1952400e-01   9.5937500e-01
   1.3666640e-01   9.6250000e-01
   1.3809520e-01   9.6562500e-01
   1.4142880e-01   9.6875000e-01
   1.5285680e-01   9.7187500e-01
   1.6714320e-01   9.7500000e-01
   1.7761920e-01   9.7812500e-01
   1.9761920e-01   9.8125000e-01
   2.0000000e-01   9.8437500e-01
   2.1619040e-01   9.8750000e-01
   2.1714320e-01   9.9062500e-01
   2.2380960e-01   9.9375000e-01
   2.3047600e-01   9.9687500e-01
   2.6190480e-01   1.0000000e+00
