   5.5831853e-03   0.0000000e+00
   5.5831853e-03   1.9230769e-03
   6.0732085e-03   3.8461538e-03
   6.6096717e-03   5.7692308e-03
   6.8092213e-03   7.6923077e-03
   6.8869451e-03   9.6153846e-03
   7.0358354e-03   1.1538462e-02
   7.1693189e-03   1.3461538e-02
   7.3609671e-03   1.5384615e-02
   7.4562136e-03   1.9230769e-02
   7.7478566e-03   2.3076923e-02
   7.7977308e-03   2.5000000e-02
   7.8364750e-03   2.6923077e-02
   7.9870853e-03   2.8846154e-02
   8.2579896e-03   3.0769231e-02
   8.3220687e-03   3.2692308e-02
   8.3386119e-03   3.4615385e-02
   8.4711720e-03   3.8461538e-02
   8.5215756e-03   4.0384615e-02
   8.7895201e-03   4.2307692e-02
   8.9552808e-03   4.4230769e-02
   8.9654672e-03   4.6153846e-02
   8.9694254e-03   4.8076923e-02
   9.0967945e-03   5.0000000e-02
   9.1499461e-03   5.1923077e-02
   9.1989082e-03   5.3846154e-02
   9.2021505e-03   5.5769231e-02
   9.2205214e-03   6.1538462e-02
   9.2680078e-03   6.3461538e-02
   9.4394084e-03   6.5384615e-02
   9.4476624e-03   6.7307692e-02
   9.4553847e-03   6.9230769e-02
   9.4668787e-03   7.1153846e-02
   9.5617739e-03   7.3076923e-02
   9.6210413e-03   7.5000000e-02
   9.8147178e-03   7.8846154e-02
   9.8549772e-03   8.0769231e-02
   9.9056093e-03   8.4615385e-02
   9.9306042e-03   8.8461538e-02
   9.9796107e-03   9.0384615e-02
   1.0042338e-02   9.2307692e-02
   1.0093827e-02   9.4230769e-02
   1.0407140e-02   9.8076923e-02
   1.0423718e-02   1.0000000e-01
   1.0457206e-02   1.0192308e-01
   1.0533098e-02   1.0384615e-01
   1.0567260e-02   1.0576923e-01
   1.0682032e-02   1.0769231e-01
   1.0833600e-02   1.0961538e-01
   1.0847920e-02   1.1153846e-01
   1.0891872e-02   1.1346154e-01
   1.0896847e-02   1.1538462e-01
   1.0907881e-02   1.1730769e-01
   1.0949952e-02   1.2115385e-01
   1.0972229e-02   1.2307692e-01
   1.1068298e-02   1.2692308e-01
   1.1133853e-02   1.3269231e-01
   1.1136868e-02   1.3461538e-01
   1.1165840e-02   1.3653846e-01
   1.1185461e-02   1.3846154e-01
   1.1288745e-02   1.4038462e-01
   1.1380656e-02   1.4230769e-01
   1.1392054e-02   1.4423077e-01
   1.1405326e-02   1.4615385e-01
   1.1485416e-02   1.4807692e-01
   1.1695761e-02   1.5000000e-01
   1.1719518e-02   1.5192308e-01
   1.1825383e-02   1.5384615e-01
   1.1911917e-02   1.5769231e-01
   1.1998790e-02   1.5961538e-01
   1.2075199e-02   1.6153846e-01
   1.2101607e-02   1.6923077e-01
   1.2267892e-02   1.7115385e-01
   1.2360429e-02   1.7692308e-01
   1.2395333e-02   1.7884615e-01
   1.2468685e-02   1.8461538e-01
   1.2521814e-02   1.8653846e-01
   1.2589131e-02   1.8846154e-01
   1.2592210e-02   1.9230769e-01
   1.2596883e-02   1.9423077e-01
   1.2743055e-02   1.9807692e-01
   1.2844628e-02   2.0000000e-01
   1.2878816e-02   2.0192308e-01
   1.3068907e-02   2.0384615e-01
   1.3101428e-02   2.0576923e-01
   1.3205168e-02   2.0769231e-01
   1.3300403e-02   2.1153846e-01
   1.3333111e-02   2.1346154e-01
   1.3347257e-02   2.1538462e-01
   1.3362961e-02   2.1730769e-01
   1.3369849e-02   2.1923077e-01
   1.3454374e-02   2.2115385e-01
   1.3495263e-02   2.2307692e-01
   1.3687824e-02   2.2500000e-01
   1.3796507e-02   2.2692308e-01
   1.3868073e-02   2.3076923e-01
   1.3896287e-02   2.3269231e-01
   1.3944876e-02   2.3461538e-01
   1.3962718e-02   2.3846154e-01
   1.4271188e-02   2.4038462e-01
   1.4331189e-02   2.4230769e-01
   1.4437413e-02   2.4423077e-01
   1.4446137e-02   2.4615385e-01
   1.4529394e-02   2.4807692e-01
   1.4553478e-02   2.5000000e-01
   1.4566114e-02   2.5192308e-01
   1.4593866e-02   2.5576923e-01
   1.4765522e-02   2.5769231e-01
   1.4809019e-02   2.5961538e-01
   1.4859533e-02   2.6153846e-01
   1.4862820e-02   2.6346154e-01
   1.5005493e-02   2.6538462e-01
   1.5263876e-02   2.6730769e-01
   1.5405890e-02   2.6923077e-01
   1.5554456e-02   2.7307692e-01
   1.5563990e-02   2.7500000e-01
   1.5605664e-02   2.7692308e-01
   1.5733988e-02   2.7884615e-01
   1.5746703e-02   2.8076923e-01
   1.5762610e-02   2.8269231e-01
   1.5787205e-02   2.8846154e-01
   1.5849176e-02   2.9038462e-01
   1.5948437e-02   2.9230769e-01
   1.5982269e-02   2.9423077e-01
   1.6051513e-02   2.9615385e-01
   1.6082543e-02   3.0000000e-01
   1.6096498e-02   3.0192308e-01
   1.6136352e-02   3.0384615e-01
   1.6226868e-02   3.0769231e-01
   1.6229616e-02   3.0961538e-01
   1.6244176e-02   3.1153846e-01
   1.6309953e-02   3.1346154e-01
   1.6319258e-02   3.1538462e-01
   1.6353480e-02   3.1730769e-01
   1.6482083e-02   3.1923077e-01
   1.6507475e-02   3.2115385e-01
   1.6527516e-02   3.2307692e-01
   1.6532064e-02   3.2500000e-01
   1.6605136e-02   3.2692308e-01
   1.6625130e-02   3.2884615e-01
   1.6700519e-02   3.3076923e-01
   1.6712014e-02   3.3269231e-01
   1.6899125e-02   3.3653846e-01
   1.6922047e-02   3.3846154e-01
   1.6941785e-02   3.4038462e-01
   1.6951427e-02   3.4230769e-01
   1.6964559e-02   3.4423077e-01
   1.6974327e-02   3.4615385e-01
   1.6980277e-02   3.4807692e-01
   1.6996931e-02   3.5192308e-01
   1.7429503e-02   3.5384615e-01
   1.7453709e-02   3.5576923e-01
   1.7478176e-02   3.5769231e-01
   1.7486046e-02   3.5961538e-01
   1.7494509e-02   3.6153846e-01
   1.7648370e-02   3.6346154e-01
   1.7668221e-02   3.6538462e-01
   1.7678216e-02   3.6730769e-01
   1.7716734e-02   3.6923077e-01
   1.7738999e-02   3.7307692e-01
   1.7909990e-02   3.7500000e-01
   1.7913620e-02   3.7692308e-01
   1.8057999e-02   3.7884615e-01
   1.8126425e-02   3.8269231e-01
   1.8155211e-02   3.8461538e-01
   1.8171212e-02   3.8653846e-01
   1.8206814e-02   3.8846154e-01
   1.8443878e-02   3.9038462e-01
   1.8700667e-02   3.9230769e-01
   1.8718388e-02   3.9423077e-01
   1.8727428e-02   3.9615385e-01
   1.8845308e-02   3.9807692e-01
   1.8873400e-02   4.0000000e-01
   1.8916907e-02   4.0192308e-01
   1.8923204e-02   4.0384615e-01
   1.8962622e-02   4.0576923e-01
   1.9051783e-02   4.0769231e-01
   1.9122907e-02   4.1153846e-01
   1.9168524e-02   4.1346154e-01
   1.9226278e-02   4.1538462e-01
   1.9378831e-02   4.1730769e-01
   1.9394950e-02   4.1923077e-01
   1.9525973e-02   4.2115385e-01
   1.9526247e-02   4.2307692e-01
   1.9591218e-02   4.2500000e-01
   1.9607972e-02   4.2692308e-01
   1.9611864e-02   4.2884615e-01
   1.9628981e-02   4.3076923e-01
   1.9631739e-02   4.3461538e-01
   1.9761457e-02   4.3653846e-01
   1.9857194e-02   4.4038462e-01
   1.9886525e-02   4.4230769e-01
   1.9907205e-02   4.4423077e-01
   1.9912743e-02   4.4615385e-01
   1.9972322e-02   4.4807692e-01
   2.0009026e-02   4.5000000e-01
   2.0015065e-02   4.5192308e-01
   2.0067293e-02   4.5384615e-01
   2.0092797e-02   4.5576923e-01
   2.0095264e-02   4.5769231e-01
   2.0176142e-02   4.5961538e-01
   2.0240224e-02   4.6153846e-01
   2.0288597e-02   4.6346154e-01
   2.0331250e-02   4.6538462e-01
   2.0341486e-02   4.6730769e-01
   2.0363237e-02   4.6923077e-01
   2.0467426e-02   4.7115385e-01
   2.0565017e-02   4.7307692e-01
   2.0572453e-02   4.7500000e-01
   2.0596302e-02   4.7884615e-01
   2.0660390e-02   4.8076923e-01
   2.0782043e-02   4.8269231e-01
   2.0815411e-02   4.8461538e-01
   2.0880219e-02   4.8653846e-01
   2.0979908e-02   4.9038462e-01
   2.1053617e-02   4.9230769e-01
   2.1211222e-02   4.9423077e-01
   2.1299009e-02   4.9615385e-01
   2.1311029e-02   4.9807692e-01
   2.1524364e-02   5.0000000e-01
   2.1531399e-02   5.0192308e-01
   2.1545016e-02   5.0384615e-01
   2.1688949e-02   5.0576923e-01
   2.1783324e-02   5.0769231e-01
   2.1794231e-02   5.1153846e-01
   2.1891147e-02   5.1346154e-01
   2.1900186e-02   5.1538462e-01
   2.2007996e-02   5.1730769e-01
   2.2023923e-02   5.1923077e-01
   2.2118244e-02   5.2115385e-01
   2.2367544e-02   5.2307692e-01
   2.2751543e-02   5.2500000e-01
   2.2760774e-02   5.2692308e-01
   2.2834920e-02   5.2884615e-01
   2.2901324e-02   5.3076923e-01
   2.3014382e-02   5.3269231e-01
   2.3035169e-02   5.3461538e-01
   2.3234631e-02   5.3653846e-01
   2.3292183e-02   5.4038462e-01
   2.3380907e-02   5.4230769e-01
   2.3392029e-02   5.4423077e-01
   2.3453589e-02   5.4615385e-01
   2.3508772e-02   5.4807692e-01
   2.3514154e-02   5.5000000e-01
   2.3728337e-02   5.5192308e-01
   2.3741578e-02   5.5384615e-01
   2.3745482e-02   5.5576923e-01
   2.3823833e-02   5.5769231e-01
   2.3917954e-02   5.5961538e-01
   2.3963685e-02   5.6153846e-01
   2.4033979e-02   5.6346154e-01
   2.4447379e-02   5.6730769e-01
   2.4573038e-02   5.6923077e-01
   2.4620223e-02   5.7115385e-01
   2.4740035e-02   5.7307692e-01
   2.4813825e-02   5.7500000e-01
   2.4901877e-02   5.7692308e-01
   2.4964909e-02   5.7884615e-01
   2.5109503e-02   5.8076923e-01
   2.5220043e-02   5.8269231e-01
   2.5374180e-02   5.8461538e-01
   2.5435740e-02   5.8653846e-01
   2.5516219e-02   5.8846154e-01
   2.5564585e-02   5.9038462e-01
   2.5677264e-02   5.9230769e-01
   2.5687797e-02   5.9423077e-01
   2.5689297e-02   5.9615385e-01
   2.5898596e-02   5.9807692e-01
   2.5995370e-02   6.0000000e-01
   2.6099521e-02   6.0192308e-01
   2.6462854e-02   6.0384615e-01
   2.6782404e-02   6.0576923e-01
   2.6794104e-02   6.0769231e-01
   2.6922270e-02   6.0961538e-01
   2.7118534e-02   6.1153846e-01
   2.7170851e-02   6.1346154e-01
   2.7232728e-02   6.1538462e-01
   2.7290384e-02   6.1730769e-01
   2.7439601e-02   6.1923077e-01
   2.7483446e-02   6.2115385e-01
   2.7535740e-02   6.2307692e-01
   2.7590892e-02   6.2500000e-01
   2.7605895e-02   6.2692308e-01
   2.7700786e-02   6.2884615e-01
   2.7792069e-02   6.3076923e-01
   2.7822558e-02   6.3269231e-01
   2.7843056e-02   6.3461538e-01
   2.7956006e-02   6.3653846e-01
   2.8376815e-02   6.3846154e-01
   2.8971185e-02   6.4038462e-01
   2.8972554e-02   6.4230769e-01
   2.9046250e-02   6.4423077e-01
   2.9079112e-02   6.4615385e-01
   2.9143533e-02   6.5000000e-01
   2.9283481e-02   6.5192308e-01
   2.9646527e-02   6.5384615e-01
   2.9902162e-02   6.5576923e-01
   3.0008024e-02   6.5769231e-01
   3.0015273e-02   6.6153846e-01
   3.0117244e-02   6.6346154e-01
   3.0511663e-02   6.6538462e-01
   3.0559589e-02   6.6730769e-01
   3.0774730e-02   6.6923077e-01
   3.0933018e-02   6.7115385e-01
   3.1105111e-02   6.7307692e-01
   3.1540331e-02   6.7500000e-01
   3.1809144e-02   6.7692308e-01
   3.1896874e-02   6.7884615e-01
   3.1902457e-02   6.8076923e-01
   3.2046026e-02   6.8269231e-01
   3.2124646e-02   6.8461538e-01
   3.2297424e-02   6.8653846e-01
   3.2371079e-02   6.8846154e-01
   3.2588109e-02   6.9038462e-01
   3.2675054e-02   6.9230769e-01
   3.2867805e-02   6.9423077e-01
   3.2888068e-02   6.9615385e-01
   3.3244518e-02   6.9807692e-01
   3.3556254e-02   7.0000000e-01
   3.3668446e-02   7.0192308e-01
   3.3691399e-02   7.0384615e-01
   3.3798711e-02   7.0576923e-01
   3.3870775e-02   7.0769231e-01
   3.4368714e-02   7.0961538e-01
   3.4457371e-02   7.1153846e-01
   3.4609332e-02   7.1346154e-01
   3.4666645e-02   7.1538462e-01
   3.5024894e-02   7.1730769e-01
   3.5035092e-02   7.1923077e-01
   3.5432936e-02   7.2115385e-01
   3.5490819e-02   7.2307692e-01
   3.5524835e-02   7.2500000e-01
   3.5776066e-02   7.2692308e-01
   3.5845888e-02   7.2884615e-01
   3.5902435e-02   7.3076923e-01
   3.5919679e-02   7.3269231e-01
   3.5956220e-02   7.3461538e-01
   3.6090815e-02   7.3653846e-01
   3.6329655e-02   7.3846154e-01
   3.6694607e-02   7.4038462e-01
   3.6794673e-02   7.4230769e-01
   3.6830924e-02   7.4423077e-01
   3.6851053e-02   7.4615385e-01
   3.6887755e-02   7.4807692e-01
   3.7541733e-02   7.5000000e-01
   3.7636333e-02   7.5192308e-01
   3.7776647e-02   7.5576923e-01
   3.7805232e-02   7.5769231e-01
   3.7858828e-02   7.5961538e-01
   3.7974089e-02   7.6153846e-01
   3.8031047e-02   7.6346154e-01
   3.8036015e-02   7.6538462e-01
   3.8202596e-02   7.6730769e-01
   3.8227462e-02   7.6923077e-01
   3.8280000e-02   7.7115385e-01
   3.8377113e-02   7.7307692e-01
   3.8748135e-02   7.7500000e-01
   3.8775751e-02   7.7692308e-01
   3.8783275e-02   7.7884615e-01
   3.8789310e-02   7.8076923e-01
   3.9175379e-02   7.8269231e-01
   3.9291681e-02   7.8461538e-01
   3.9732757e-02   7.8653846e-01
   4.0616159e-02   7.8846154e-01
   4.0701848e-02   7.9038462e-01
   4.0756841e-02   7.9230769e-01
   4.0903092e-02   7.9423077e-01
   4.1227527e-02   7.9615385e-01
   4.1318143e-02   7.9807692e-01
   4.1583296e-02   8.0000000e-01
   4.1688356e-02   8.0192308e-01
   4.2178398e-02   8.0384615e-01
   4.2438183e-02   8.0576923e-01
   4.2557414e-02   8.0769231e-01
   4.3279425e-02   8.0961538e-01
   4.3517774e-02   8.1153846e-01
   4.3565991e-02   8.1346154e-01
   4.3574865e-02   8.1538462e-01
   4.3822692e-02   8.1730769e-01
   4.3955432e-02   8.1923077e-01
   4.4098940e-02   8.2115385e-01
   4.4311824e-02   8.2307692e-01
   4.4321867e-02   8.2500000e-01
   4.5113566e-02   8.2692308e-01
   4.5439784e-02   8.2884615e-01
   4.5644834e-02   8.3076923e-01
   4.5742882e-02   8.3269231e-01
   4.6297848e-02   8.3461538e-01
   4.7069266e-02   8.3653846e-01
   4.7606727e-02   8.3846154e-01
   4.7648403e-02   8.4038462e-01
   4.7775263e-02   8.4230769e-01
   4.8102581e-02   8.4423077e-01
   4.8106105e-02   8.4615385e-01
   4.8203760e-02   8.4807692e-01
   4.8379217e-02   8.5000000e-01
   4.8646769e-02   8.5192308e-01
   4.8895343e-02   8.5384615e-01
   4.8898968e-02   8.5576923e-01
   4.8933801e-02   8.5769231e-01
   4.9017268e-02   8.5961538e-01
   4.9110558e-02   8.6153846e-01
   4.9451945e-02   8.6346154e-01
   4.9617690e-02   8.6538462e-01
   5.0847673e-02   8.6730769e-01
   5.1030685e-02   8.6923077e-01
   5.1036102e-02   8.7115385e-01
   5.1336263e-02   8.7307692e-01
   5.1552506e-02   8.7500000e-01
   5.1608480e-02   8.7692308e-01
   5.1634345e-02   8.7884615e-01
   5.2038622e-02   8.8076923e-01
   5.2281516e-02   8.8269231e-01
   5.2665795e-02   8.8461538e-01
   5.2739358e-02   8.8653846e-01
   5.3752676e-02   8.8846154e-01
   5.4503745e-02   8.9038462e-01
   5.5018618e-02   8.9230769e-01
   5.5323328e-02   8.9423077e-01
   5.5528752e-02   8.9615385e-01
   5.6407623e-02   8.9807692e-01
   5.6538358e-02   9.0000000e-01
   5.7143388e-02   9.0192308e-01
   5.7377586e-02   9.0384615e-01
   5.7701798e-02   9.0576923e-01
   5.7853524e-02   9.0769231e-01
   5.8244891e-02   9.0961538e-01
   5.8425678e-02   9.1153846e-01
   5.8507525e-02   9.1346154e-01
   5.8587853e-02   9.1538462e-01
   5.9296717e-02   9.1730769e-01
   6.0559047e-02   9.1923077e-01
   6.0786603e-02   9.2115385e-01
   6.2579836e-02   9.2307692e-01
   6.2793792e-02   9.2500000e-01
   6.2900106e-02   9.2692308e-01
   6.3347943e-02   9.2884615e-01
   6.4175668e-02   9.3076923e-01
   6.4223261e-02   9.3269231e-01
   6.4733217e-02   9.3461538e-01
   6.4937708e-02   9.3653846e-01
   6.6024637e-02   9.3846154e-01
   6.8284135e-02   9.4038462e-01
   6.9395495e-02   9.4230769e-01
   6.9515423e-02   9.4423077e-01
   6.9601406e-02   9.4615385e-01
   7.1259521e-02   9.4807692e-01
   7.1315701e-02   9.5000000e-01
   7.2510656e-02   9.5192308e-01
   7.3338855e-02   9.5384615e-01
   7.3874990e-02   9.5576923e-01
   7.4238363e-02   9.5769231e-01
   7.4267539e-02   9.5961538e-01
   7.4784601e-02   9.6153846e-01
   7.4960565e-02   9.6346154e-01
   7.7972171e-02   9.6538462e-01
   8.0134597e-02   9.6730769e-01
   8.1151062e-02   9.6923077e-01
   8.2060179e-02   9.7115385e-01
   8.3859160e-02   9.7307692e-01
   8.6887951e-02   9.7500000e-01
   8.7446057e-02   9.7692308e-01
   8.9151342e-02   9.7884615e-01
   8.9691569e-02   9.8076923e-01
   8.9987620e-02   9.8269231e-01
   9.3578202e-02   9.8461538e-01
   1.0181564e-01   9.8653846e-01
   1.1052436e-01   9.8846154e-01
   1.1064356e-01   9.9038462e-01
   1.1264140e-01   9.9230769e-01
   1.1324431e-01   9.9423077e-01
   1.1418290e-01   9.9615385e-01
   1.2404125e-01   9.9807692e-01
   1.3969686e-01   1.0000000e+00
