   4.3371810e-03   0.0000000e+00
   4.3371810e-03   5.6850483e-04
   4.3624500e-03   1.1370097e-03
   5.0038478e-03   1.7055145e-03
   5.1583819e-03   2.2740193e-03
   5.2534565e-03   2.8425242e-03
   5.3538789e-03   3.4110290e-03
   5.4602320e-03   3.9795338e-03
   5.4860949e-03   4.5480387e-03
   5.5305692e-03   5.1165435e-03
   5.5709340e-03   6.2535532e-03
   5.7133449e-03   6.8220580e-03
   5.7562084e-03   8.5275725e-03
   5.8071304e-03   9.6645821e-03
   5.8162949e-03   1.0233087e-02
   5.9086038e-03   1.1370097e-02
   5.9172288e-03   1.1938601e-02
   5.9318565e-03   1.3075611e-02
   6.0349538e-03   1.4212621e-02
   6.0602304e-03   1.4781126e-02
   6.0638195e-03   1.5349630e-02
   6.1000682e-03   1.5918135e-02
   6.1401185e-03   1.8192155e-02
   6.2720013e-03   1.9329164e-02
   6.2914318e-03   1.9897669e-02
   6.3282062e-03   2.2171688e-02
   6.3290315e-03   2.3308698e-02
   6.3800223e-03   2.6719727e-02
   6.3813832e-03   2.7288232e-02
   6.4526916e-03   2.8425242e-02
   6.4827045e-03   3.0699261e-02
   6.6092486e-03   3.3541785e-02
   6.6339117e-03   3.4678795e-02
   6.6350950e-03   3.7521319e-02
   6.7103716e-03   3.9226833e-02
   6.8296322e-03   3.9795338e-02
   6.8334452e-03   4.0932348e-02
   6.9017614e-03   4.2069358e-02
   6.9036554e-03   4.3774872e-02
   6.9481724e-03   4.4343377e-02
   6.9533365e-03   4.8322911e-02
   7.0409413e-03   4.9459920e-02
   7.0497945e-03   5.1165435e-02
   7.1841911e-03   5.2870949e-02
   7.1904534e-03   5.3439454e-02
   7.2043477e-03   5.5713474e-02
   7.2100528e-03   5.9124503e-02
   7.2705974e-03   5.9693007e-02
   7.2814424e-03   6.2535532e-02
   7.3740922e-03   6.3104036e-02
   7.4753540e-03   6.5378056e-02
   7.4791045e-03   6.7652075e-02
   7.5157909e-03   6.8789085e-02
   7.5269766e-03   7.3337123e-02
   7.5541177e-03   7.6748152e-02
   7.6001477e-03   7.7885162e-02
   7.6174833e-03   7.9022172e-02
   7.7503757e-03   8.0159181e-02
   7.7592087e-03   8.5275725e-02
   7.7759504e-03   8.5844230e-02
   7.7850832e-03   8.9823764e-02
   7.8350349e-03   9.0392268e-02
   7.8525170e-03   9.2666288e-02
   7.9229338e-03   9.3234792e-02
   7.9616660e-03   9.7782831e-02
   8.0492116e-03   1.0005685e-01
   8.0545537e-03   1.0346788e-01
   8.0762209e-03   1.0403638e-01
   8.0849281e-03   1.0915293e-01
   8.1002573e-03   1.1313246e-01
   8.1611642e-03   1.1540648e-01
   8.1868246e-03   1.2279704e-01
   8.2772022e-03   1.2336555e-01
   8.2962147e-03   1.2450256e-01
   8.3124190e-03   1.2620807e-01
   8.3342860e-03   1.2905060e-01
   8.3480816e-03   1.3132462e-01
   8.3595743e-03   1.3359864e-01
   8.4013626e-03   1.3757817e-01
   8.4247398e-03   1.4155770e-01
   8.4305704e-03   1.4212621e-01
   8.4753057e-03   1.4383172e-01
   8.5283224e-03   1.4496873e-01
   8.6232813e-03   1.4667425e-01
   8.6232969e-03   1.4894827e-01
   8.6294247e-03   1.5065378e-01
   8.6549001e-03   1.5292780e-01
   8.6689450e-03   1.5520182e-01
   8.6726551e-03   1.5633883e-01
   8.6743620e-03   1.6316089e-01
   8.7244424e-03   1.6429790e-01
   8.7569645e-03   1.6770893e-01
   8.8310122e-03   1.7225696e-01
   8.8441266e-03   1.7282547e-01
   8.8761805e-03   1.7396248e-01
   8.9088511e-03   1.7964753e-01
   8.9206396e-03   1.8249005e-01
   8.9347101e-03   1.8362706e-01
   8.9688515e-03   1.8703809e-01
   8.9973742e-03   1.8931211e-01
   9.0298603e-03   1.9101762e-01
   9.0532206e-03   1.9158613e-01
   9.0534561e-03   1.9727118e-01
   9.0960829e-03   1.9783968e-01
   9.1734465e-03   1.9954520e-01
   9.1969810e-03   2.0523024e-01
   9.2048738e-03   2.1318931e-01
   9.2255522e-03   2.1546333e-01
   9.2289950e-03   2.1716885e-01
   9.2486339e-03   2.2001137e-01
   9.2892126e-03   2.2512791e-01
   9.3277564e-03   2.2683343e-01
   9.3877799e-03   2.2910745e-01
   9.3959690e-03   2.2967595e-01
   9.4367776e-03   2.3024446e-01
   9.4406829e-03   2.3308698e-01
   9.4840146e-03   2.4161455e-01
   9.4930217e-03   2.4502558e-01
   9.5098837e-03   2.4786811e-01
   9.5201700e-03   2.5014213e-01
   9.5372945e-03   2.5639568e-01
   9.5703462e-03   2.5753269e-01
   9.5875026e-03   2.5810119e-01
   9.5946026e-03   2.5866970e-01
   9.6153427e-03   2.5980671e-01
   9.6640990e-03   2.6435475e-01
   9.7268663e-03   2.6492325e-01
   9.7309971e-03   2.6549176e-01
   9.7713630e-03   2.7117681e-01
   9.7803230e-03   2.7458783e-01
   9.7914427e-03   2.7515634e-01
   9.7962561e-03   2.7913587e-01
   9.8230436e-03   2.8197840e-01
   9.8552184e-03   2.8482092e-01
   9.8707307e-03   2.8709494e-01
   9.8984492e-03   2.9050597e-01
   9.9466744e-03   2.9221148e-01
   1.0007031e-02   2.9505401e-01
   1.0059211e-02   2.9619102e-01
   1.0066216e-02   3.0187607e-01
   1.0070234e-02   3.0244457e-01
   1.0085089e-02   3.0301308e-01
   1.0106037e-02   3.0471859e-01
   1.0139738e-02   3.0585560e-01
   1.0142976e-02   3.0926663e-01
   1.0147133e-02   3.0983513e-01
   1.0178745e-02   3.1210915e-01
   1.0224734e-02   3.1324616e-01
   1.0233531e-02   3.1438317e-01
   1.0282705e-02   3.1836271e-01
   1.0317473e-02   3.2063673e-01
   1.0345864e-02   3.2689028e-01
   1.0355319e-02   3.2745878e-01
   1.0355772e-02   3.3030131e-01
   1.0367934e-02   3.3769187e-01
   1.0396960e-02   3.4167140e-01
   1.0421780e-02   3.4394542e-01
   1.0470235e-02   3.4565094e-01
   1.0507255e-02   3.4621944e-01
   1.0507356e-02   3.4792496e-01
   1.0574361e-02   3.4849346e-01
   1.0581834e-02   3.4906197e-01
   1.0601386e-02   3.4963047e-01
   1.0621166e-02   3.5019898e-01
   1.0634434e-02   3.5247300e-01
   1.0639654e-02   3.5361001e-01
   1.0659727e-02   3.6100057e-01
   1.0675934e-02   3.6327459e-01
   1.0687336e-02   3.6384309e-01
   1.0708441e-02   3.6611711e-01
   1.0716466e-02   3.6782263e-01
   1.0742960e-02   3.7350767e-01
   1.0774780e-02   3.7407618e-01
   1.0803600e-02   3.7464468e-01
   1.0840590e-02   3.7521319e-01
   1.0870662e-02   3.7578169e-01
   1.0920403e-02   3.7805571e-01
   1.0920464e-02   3.7976123e-01
   1.0930643e-02   3.8544628e-01
   1.0940007e-02   3.8772030e-01
   1.0941728e-02   3.8828880e-01
   1.0971583e-02   3.9169983e-01
   1.0989689e-02   3.9681637e-01
   1.1042400e-02   3.9795338e-01
   1.1061138e-02   3.9852189e-01
   1.1069103e-02   3.9965890e-01
   1.1122037e-02   4.0022740e-01
   1.1142525e-02   4.0477544e-01
   1.1178033e-02   4.0534395e-01
   1.1209117e-02   4.1216600e-01
   1.1213298e-02   4.1500853e-01
   1.1234982e-02   4.1841956e-01
   1.1238748e-02   4.1898806e-01
   1.1246397e-02   4.2069358e-01
   1.1270496e-02   4.2126208e-01
   1.1290155e-02   4.2353610e-01
   1.1304149e-02   4.2410460e-01
   1.1308719e-02   4.2524161e-01
   1.1314774e-02   4.2751563e-01
   1.1374212e-02   4.3263218e-01
   1.1399784e-02   4.3376919e-01
   1.1485850e-02   4.3490620e-01
   1.1494600e-02   4.3945424e-01
   1.1512417e-02   4.4172825e-01
   1.1519315e-02   4.4400227e-01
   1.1546289e-02   4.4684480e-01
   1.1558343e-02   4.4798181e-01
   1.1614891e-02   4.5025583e-01
   1.1625564e-02   4.5082433e-01
   1.1632590e-02   4.5196134e-01
   1.1661609e-02   4.5252985e-01
   1.1734619e-02   4.5480387e-01
   1.1784383e-02   4.5707789e-01
   1.1786582e-02   4.6389994e-01
   1.1791734e-02   4.6617396e-01
   1.1810255e-02   4.6844798e-01
   1.1817343e-02   4.6901649e-01
   1.1834458e-02   4.6958499e-01
   1.1864015e-02   4.7185901e-01
   1.1875409e-02   4.7413303e-01
   1.1944647e-02   4.7527004e-01
   1.1960909e-02   4.7811256e-01
   1.1984552e-02   4.8038658e-01
   1.2019361e-02   4.8095509e-01
   1.2052851e-02   4.8152359e-01
   1.2069356e-02   4.8266060e-01
   1.2073262e-02   4.8379761e-01
   1.2081541e-02   4.8550313e-01
   1.2084592e-02   4.8834565e-01
   1.2121065e-02   4.9232518e-01
   1.2122528e-02   4.9289369e-01
   1.2127639e-02   4.9346219e-01
   1.2187032e-02   4.9516771e-01
   1.2187294e-02   4.9573621e-01
   1.2197194e-02   5.0028425e-01
   1.2198213e-02   5.0142126e-01
   1.2200539e-02   5.0198977e-01
   1.2212107e-02   5.0312678e-01
   1.2280237e-02   5.0369528e-01
   1.2293320e-02   5.0483229e-01
   1.2359666e-02   5.0596930e-01
   1.2360551e-02   5.0653781e-01
   1.2376492e-02   5.0710631e-01
   1.2385545e-02   5.0994883e-01
   1.2388196e-02   5.1279136e-01
   1.2415401e-02   5.1392837e-01
   1.2436794e-02   5.1449687e-01
   1.2437407e-02   5.1506538e-01
   1.2442903e-02   5.1620239e-01
   1.2516125e-02   5.1847641e-01
   1.2523335e-02   5.1904491e-01
   1.2530637e-02   5.2075043e-01
   1.2563687e-02   5.2131893e-01
   1.2563760e-02   5.2302445e-01
   1.2620617e-02   5.2643547e-01
   1.2629500e-02   5.2700398e-01
   1.2644176e-02   5.2757248e-01
   1.2656991e-02   5.3212052e-01
   1.2657537e-02   5.3268903e-01
   1.2695299e-02   5.3325753e-01
   1.2696992e-02   5.3780557e-01
   1.2738209e-02   5.3837408e-01
   1.2760045e-02   5.3894258e-01
   1.2761455e-02   5.3951109e-01
   1.2762766e-02   5.4178511e-01
   1.2775527e-02   5.4235361e-01
   1.2850258e-02   5.4633314e-01
   1.2903566e-02   5.4747015e-01
   1.2916700e-02   5.4860716e-01
   1.2930289e-02   5.4917567e-01
   1.2934652e-02   5.5031268e-01
   1.2934963e-02   5.5144969e-01
   1.2959917e-02   5.5315520e-01
   1.2960259e-02   5.5372371e-01
   1.2969842e-02   5.5713474e-01
   1.3010610e-02   5.5884025e-01
   1.3011543e-02   5.6054576e-01
   1.3086892e-02   5.6111427e-01
   1.3087952e-02   5.6509380e-01
   1.3104154e-02   5.6679932e-01
   1.3109073e-02   5.6736782e-01
   1.3188062e-02   5.6850483e-01
   1.3188393e-02   5.7021035e-01
   1.3219051e-02   5.7248437e-01
   1.3230700e-02   5.7305287e-01
   1.3231862e-02   5.7418988e-01
   1.3267081e-02   5.7475839e-01
   1.3267322e-02   5.7532689e-01
   1.3270190e-02   5.7816941e-01
   1.3273556e-02   5.7873792e-01
   1.3297979e-02   5.7930642e-01
   1.3312020e-02   5.8101194e-01
   1.3313596e-02   5.8158044e-01
   1.3328710e-02   5.8271745e-01
   1.3333267e-02   5.8385446e-01
   1.3420099e-02   5.8442297e-01
   1.3508868e-02   5.8897101e-01
   1.3509707e-02   5.8953951e-01
   1.3524720e-02   5.9010802e-01
   1.3531955e-02   5.9124503e-01
   1.3585790e-02   5.9238204e-01
   1.3631990e-02   5.9295054e-01
   1.3651632e-02   5.9522456e-01
   1.3658551e-02   5.9636157e-01
   1.3659450e-02   5.9693007e-01
   1.3757411e-02   5.9749858e-01
   1.3793419e-02   5.9863559e-01
   1.3804053e-02   5.9920409e-01
   1.3807311e-02   6.0034110e-01
   1.3814406e-02   6.0090961e-01
   1.3823596e-02   6.0147811e-01
   1.3845127e-02   6.0432064e-01
   1.3865937e-02   6.0545765e-01
   1.3878560e-02   6.0602615e-01
   1.3896507e-02   6.0659466e-01
   1.3906051e-02   6.0716316e-01
   1.3977129e-02   6.0943718e-01
   1.3990993e-02   6.1114269e-01
   1.4007137e-02   6.1171120e-01
   1.4082560e-02   6.1227970e-01
   1.4085029e-02   6.1341671e-01
   1.4098928e-02   6.1455372e-01
   1.4104270e-02   6.1739625e-01
   1.4110903e-02   6.1796475e-01
   1.4149377e-02   6.1853326e-01
   1.4159524e-02   6.2023877e-01
   1.4170316e-02   6.2080728e-01
   1.4187933e-02   6.2137578e-01
   1.4202503e-02   6.2194429e-01
   1.4229335e-02   6.2364980e-01
   1.4307560e-02   6.2421831e-01
   1.4326943e-02   6.2535532e-01
   1.4358270e-02   6.2649233e-01
   1.4368382e-02   6.2706083e-01
   1.4373995e-02   6.2762933e-01
   1.4381601e-02   6.2819784e-01
   1.4382760e-02   6.3160887e-01
   1.4409821e-02   6.3217737e-01
   1.4444352e-02   6.3274588e-01
   1.4541394e-02   6.3331438e-01
   1.4555690e-02   6.3388289e-01
   1.4559852e-02   6.3445139e-01
   1.4562245e-02   6.3843093e-01
   1.4583539e-02   6.3899943e-01
   1.4640701e-02   6.3956794e-01
   1.4657044e-02   6.4013644e-01
   1.4660360e-02   6.4127345e-01
   1.4666998e-02   6.4184196e-01
   1.4676915e-02   6.4297897e-01
   1.4685651e-02   6.4411597e-01
   1.4711769e-02   6.4468448e-01
   1.4718561e-02   6.4582149e-01
   1.4719368e-02   6.4638999e-01
   1.4762195e-02   6.4752700e-01
   1.4793409e-02   6.4866401e-01
   1.4869297e-02   6.4923252e-01
   1.4888467e-02   6.4980102e-01
   1.4896930e-02   6.5150654e-01
   1.4940239e-02   6.5207504e-01
   1.4943383e-02   6.5378056e-01
   1.4951304e-02   6.5491757e-01
   1.4957631e-02   6.5548607e-01
   1.4976988e-02   6.5605458e-01
   1.4994521e-02   6.5776009e-01
   1.5032703e-02   6.5889710e-01
   1.5052096e-02   6.5946561e-01
   1.5053334e-02   6.6117112e-01
   1.5085369e-02   6.6173962e-01
   1.5106244e-02   6.6230813e-01
   1.5108235e-02   6.6287663e-01
   1.5195801e-02   6.6344514e-01
   1.5200527e-02   6.6515065e-01
   1.5232112e-02   6.6913019e-01
   1.5235622e-02   6.7254122e-01
   1.5249084e-02   6.7367823e-01
   1.5260997e-02   6.7424673e-01
   1.5288920e-02   6.7481524e-01
   1.5300587e-02   6.7595225e-01
   1.5308464e-02   6.7652075e-01
   1.5316213e-02   6.7708926e-01
   1.5350115e-02   6.7822626e-01
   1.5377334e-02   6.7879477e-01
   1.5425209e-02   6.7993178e-01
   1.5432045e-02   6.8050028e-01
   1.5452864e-02   6.8106879e-01
   1.5502228e-02   6.8163729e-01
   1.5518434e-02   6.8277430e-01
   1.5533080e-02   6.8391131e-01
   1.5534872e-02   6.8504832e-01
   1.5552514e-02   6.8618533e-01
   1.5569568e-02   6.8675384e-01
   1.5601120e-02   6.8732234e-01
   1.5663693e-02   6.8789085e-01
   1.5669585e-02   6.8845935e-01
   1.5671186e-02   6.8959636e-01
   1.5708431e-02   6.9016487e-01
   1.5761479e-02   6.9073337e-01
   1.5786635e-02   6.9130188e-01
   1.5804087e-02   6.9187038e-01
   1.5805533e-02   6.9243889e-01
   1.5811044e-02   6.9357590e-01
   1.5822656e-02   6.9528141e-01
   1.5836350e-02   6.9698692e-01
   1.5859526e-02   6.9755543e-01
   1.5882504e-02   6.9869244e-01
   1.5917128e-02   6.9982945e-01
   1.5950369e-02   7.0039795e-01
   1.5995696e-02   7.0153496e-01
   1.6062320e-02   7.0267197e-01
   1.6093992e-02   7.0324048e-01
   1.6109082e-02   7.0437749e-01
   1.6124525e-02   7.0551450e-01
   1.6145165e-02   7.0665151e-01
   1.6153151e-02   7.0778852e-01
   1.6170486e-02   7.0835702e-01
   1.6219846e-02   7.0892553e-01
   1.6236723e-02   7.1006254e-01
   1.6272548e-02   7.1063104e-01
   1.6277143e-02   7.1176805e-01
   1.6323439e-02   7.1290506e-01
   1.6373649e-02   7.1347356e-01
   1.6380730e-02   7.1404207e-01
   1.6385835e-02   7.1517908e-01
   1.6395270e-02   7.1574758e-01
   1.6396736e-02   7.1631609e-01
   1.6424121e-02   7.1688459e-01
   1.6430470e-02   7.1745310e-01
   1.6457678e-02   7.1859011e-01
   1.6485170e-02   7.1972712e-01
   1.6522947e-02   7.2086413e-01
   1.6583675e-02   7.2143263e-01
   1.6608510e-02   7.2200114e-01
   1.6654225e-02   7.2256964e-01
   1.6668586e-02   7.2427516e-01
   1.6672498e-02   7.2484366e-01
   1.6683978e-02   7.2541217e-01
   1.6713459e-02   7.2598067e-01
   1.6720278e-02   7.2768619e-01
   1.6740268e-02   7.2825469e-01
   1.6752614e-02   7.2882319e-01
   1.6774573e-02   7.3223422e-01
   1.6804132e-02   7.3280273e-01
   1.6849480e-02   7.3337123e-01
   1.6885856e-02   7.3393974e-01
   1.6899669e-02   7.3450824e-01
   1.6943610e-02   7.3507675e-01
   1.6955401e-02   7.3848778e-01
   1.6961759e-02   7.3905628e-01
   1.6968566e-02   7.4019329e-01
   1.6987077e-02   7.4076180e-01
   1.6987877e-02   7.4189881e-01
   1.7001210e-02   7.4417283e-01
   1.7032288e-02   7.4530984e-01
   1.7048881e-02   7.4587834e-01
   1.7050220e-02   7.4644684e-01
   1.7096301e-02   7.4701535e-01
   1.7108208e-02   7.4758385e-01
   1.7243699e-02   7.4985787e-01
   1.7246613e-02   7.5042638e-01
   1.7259980e-02   7.5156339e-01
   1.7268713e-02   7.5213189e-01
   1.7277961e-02   7.5270040e-01
   1.7281572e-02   7.5326890e-01
   1.7294274e-02   7.5383741e-01
   1.7324227e-02   7.5497442e-01
   1.7337199e-02   7.5554292e-01
   1.7349237e-02   7.5667993e-01
   1.7422021e-02   7.5781694e-01
   1.7513830e-02   7.5838545e-01
   1.7530122e-02   7.5895395e-01
   1.7542003e-02   7.6009096e-01
   1.7562405e-02   7.6065947e-01
   1.7572730e-02   7.6122797e-01
   1.7606508e-02   7.6179648e-01
   1.7607612e-02   7.6236498e-01
   1.7622204e-02   7.6350199e-01
   1.7670296e-02   7.6407049e-01
   1.7750877e-02   7.6520750e-01
   1.7796659e-02   7.6577601e-01
   1.7820814e-02   7.6634451e-01
   1.7841363e-02   7.6748152e-01
   1.7850769e-02   7.6805003e-01
   1.7922958e-02   7.6861853e-01
   1.7994615e-02   7.6975554e-01
   1.8103852e-02   7.7032405e-01
   1.8104890e-02   7.7146106e-01
   1.8111929e-02   7.7259807e-01
   1.8144498e-02   7.7316657e-01
   1.8191594e-02   7.7430358e-01
   1.8242786e-02   7.7600910e-01
   1.8316541e-02   7.7771461e-01
   1.8323238e-02   7.7828312e-01
   1.8339059e-02   7.7885162e-01
   1.8340125e-02   7.7942013e-01
   1.8347985e-02   7.7998863e-01
   1.8414188e-02   7.8055713e-01
   1.8451220e-02   7.8112564e-01
   1.8489297e-02   7.8169414e-01
   1.8497172e-02   7.8226265e-01
   1.8655348e-02   7.8283115e-01
   1.8667321e-02   7.8339966e-01
   1.8669050e-02   7.8453667e-01
   1.8687305e-02   7.8510517e-01
   1.8689248e-02   7.8624218e-01
   1.8693693e-02   7.8681069e-01
   1.8716492e-02   7.8737919e-01
   1.8759973e-02   7.8851620e-01
   1.8761354e-02   7.8965321e-01
   1.8776238e-02   7.9022172e-01
   1.8817020e-02   7.9135873e-01
   1.8823710e-02   7.9192723e-01
   1.8882035e-02   7.9249574e-01
   1.8894843e-02   7.9306424e-01
   1.8948614e-02   7.9363275e-01
   1.8968599e-02   7.9420125e-01
   1.8968899e-02   7.9533826e-01
   1.8985750e-02   7.9590677e-01
   1.8987172e-02   7.9647527e-01
   1.9022302e-02   7.9704377e-01
   1.9041426e-02   7.9761228e-01
   1.9071553e-02   7.9818078e-01
   1.9074734e-02   7.9988630e-01
   1.9102612e-02   8.0102331e-01
   1.9144328e-02   8.0159181e-01
   1.9230825e-02   8.0216032e-01
   1.9253995e-02   8.0272882e-01
   1.9262498e-02   8.0386583e-01
   1.9262686e-02   8.0557135e-01
   1.9287963e-02   8.0670836e-01
   1.9288691e-02   8.0727686e-01
   1.9329313e-02   8.0841387e-01
   1.9330912e-02   8.0955088e-01
   1.9331452e-02   8.1011939e-01
   1.9391202e-02   8.1068789e-01
   1.9467623e-02   8.1125640e-01
   1.9467787e-02   8.1182490e-01
   1.9543312e-02   8.1296191e-01
   1.9553257e-02   8.1353042e-01
   1.9561007e-02   8.1409892e-01
   1.9593638e-02   8.1466742e-01
   1.9670173e-02   8.1523593e-01
   1.9793946e-02   8.1580443e-01
   1.9828877e-02   8.1637294e-01
   1.9836379e-02   8.1694144e-01
   1.9837501e-02   8.1750995e-01
   1.9893586e-02   8.1807845e-01
   1.9897457e-02   8.1864696e-01
   1.9901857e-02   8.1978397e-01
   1.9905812e-02   8.2035247e-01
   2.0040095e-02   8.2148948e-01
   2.0122675e-02   8.2205799e-01
   2.0133033e-02   8.2262649e-01
   2.0136070e-02   8.2319500e-01
   2.0146434e-02   8.2433201e-01
   2.0164698e-02   8.2490051e-01
   2.0220496e-02   8.2546902e-01
   2.0277408e-02   8.2660603e-01
   2.0278754e-02   8.2717453e-01
   2.0357688e-02   8.2774304e-01
   2.0403236e-02   8.2888005e-01
   2.0412889e-02   8.2944855e-01
   2.0438745e-02   8.3001706e-01
   2.0456524e-02   8.3058556e-01
   2.0527516e-02   8.3115406e-01
   2.0538784e-02   8.3172257e-01
   2.0598423e-02   8.3229107e-01
   2.0612104e-02   8.3285958e-01
   2.0685101e-02   8.3342808e-01
   2.0706413e-02   8.3399659e-01
   2.0736481e-02   8.3456509e-01
   2.0745346e-02   8.3513360e-01
   2.0787354e-02   8.3627061e-01
   2.0795049e-02   8.3683911e-01
   2.0818645e-02   8.3740762e-01
   2.0859891e-02   8.3854463e-01
   2.0951715e-02   8.3911313e-01
   2.0978179e-02   8.3968164e-01
   2.1013813e-02   8.4025014e-01
   2.1014141e-02   8.4081865e-01
   2.1014935e-02   8.4138715e-01
   2.1031707e-02   8.4195566e-01
   2.1112258e-02   8.4252416e-01
   2.1149174e-02   8.4309267e-01
   2.1185509e-02   8.4366117e-01
   2.1266341e-02   8.4422968e-01
   2.1268874e-02   8.4479818e-01
   2.1272858e-02   8.4536669e-01
   2.1286968e-02   8.4593519e-01
   2.1369043e-02   8.4707220e-01
   2.1487035e-02   8.4820921e-01
   2.1513035e-02   8.4877771e-01
   2.1557983e-02   8.4934622e-01
   2.1630088e-02   8.4991472e-01
   2.1730711e-02   8.5048323e-01
   2.1757828e-02   8.5105173e-01
   2.1800766e-02   8.5162024e-01
   2.1840573e-02   8.5218874e-01
   2.1844114e-02   8.5275725e-01
   2.1862417e-02   8.5446276e-01
   2.1884518e-02   8.5503127e-01
   2.1895241e-02   8.5616828e-01
   2.1922824e-02   8.5673678e-01
   2.1944611e-02   8.5787379e-01
   2.1980014e-02   8.5844230e-01
   2.2052077e-02   8.5901080e-01
   2.2128143e-02   8.5957931e-01
   2.2130889e-02   8.6014781e-01
   2.2151162e-02   8.6071632e-01
   2.2234305e-02   8.6185333e-01
   2.2284850e-02   8.6242183e-01
   2.2333144e-02   8.6299034e-01
   2.2356333e-02   8.6355884e-01
   2.2415052e-02   8.6412735e-01
   2.2415627e-02   8.6469585e-01
   2.2470501e-02   8.6526435e-01
   2.2514234e-02   8.6583286e-01
   2.2518376e-02   8.6696987e-01
   2.2657076e-02   8.6753837e-01
   2.2702051e-02   8.6810688e-01
   2.2724280e-02   8.6867538e-01
   2.2739760e-02   8.6924389e-01
   2.2756670e-02   8.6981239e-01
   2.2834935e-02   8.7038090e-01
   2.2865280e-02   8.7094940e-01
   2.2895451e-02   8.7151791e-01
   2.2940801e-02   8.7208641e-01
   2.2986772e-02   8.7322342e-01
   2.2994062e-02   8.7379193e-01
   2.3000435e-02   8.7436043e-01
   2.3024921e-02   8.7492894e-01
   2.3154022e-02   8.7549744e-01
   2.3289304e-02   8.7606595e-01
   2.3297513e-02   8.7663445e-01
   2.3319227e-02   8.7720296e-01
   2.3328465e-02   8.7777146e-01
   2.3476739e-02   8.7890847e-01
   2.3574293e-02   8.8004548e-01
   2.3588187e-02   8.8061399e-01
   2.3653678e-02   8.8118249e-01
   2.3685973e-02   8.8231950e-01
   2.3797000e-02   8.8288800e-01
   2.3812944e-02   8.8345651e-01
   2.3852701e-02   8.8402501e-01
   2.3854574e-02   8.8459352e-01
   2.3870852e-02   8.8629903e-01
   2.3889772e-02   8.8686754e-01
   2.3922483e-02   8.8743604e-01
   2.3943816e-02   8.8857305e-01
   2.4144611e-02   8.8914156e-01
   2.4147690e-02   8.8971006e-01
   2.4156335e-02   8.9027857e-01
   2.4206062e-02   8.9084707e-01
   2.4213727e-02   8.9141558e-01
   2.4255414e-02   8.9198408e-01
   2.4427778e-02   8.9255259e-01
   2.4440597e-02   8.9312109e-01
   2.4560940e-02   8.9425810e-01
   2.4625544e-02   8.9482661e-01
   2.4703004e-02   8.9539511e-01
   2.4714097e-02   8.9596362e-01
   2.4721694e-02   8.9653212e-01
   2.4742676e-02   8.9710063e-01
   2.5040812e-02   8.9766913e-01
   2.5196588e-02   8.9823764e-01
   2.5250662e-02   8.9880614e-01
   2.5259680e-02   8.9937464e-01
   2.5274710e-02   9.0051165e-01
   2.5284006e-02   9.0108016e-01
   2.5295763e-02   9.0164866e-01
   2.5315678e-02   9.0221717e-01
   2.5364440e-02   9.0335418e-01
   2.5395108e-02   9.0392268e-01
   2.5550593e-02   9.0449119e-01
   2.5700987e-02   9.0562820e-01
   2.5936730e-02   9.0619670e-01
   2.5964825e-02   9.0676521e-01
   2.6091928e-02   9.0733371e-01
   2.6249177e-02   9.0790222e-01
   2.6294619e-02   9.0847072e-01
   2.6416689e-02   9.0903923e-01
   2.6469277e-02   9.0960773e-01
   2.6540907e-02   9.1017624e-01
   2.6829946e-02   9.1074474e-01
   2.6846230e-02   9.1131325e-01
   2.6946782e-02   9.1188175e-01
   2.7039725e-02   9.1358727e-01
   2.7086545e-02   9.1415577e-01
   2.7172095e-02   9.1529278e-01
   2.7303074e-02   9.1586128e-01
   2.7319586e-02   9.1642979e-01
   2.7320022e-02   9.1699829e-01
   2.7521432e-02   9.1756680e-01
   2.7564860e-02   9.1813530e-01
   2.7587414e-02   9.1870381e-01
   2.7615174e-02   9.1927231e-01
   2.7635470e-02   9.1984082e-01
   2.7647016e-02   9.2097783e-01
   2.7877439e-02   9.2154633e-01
   2.8222191e-02   9.2211484e-01
   2.8249326e-02   9.2268334e-01
   2.8320175e-02   9.2325185e-01
   2.8323156e-02   9.2382035e-01
   2.8360028e-02   9.2495736e-01
   2.8449998e-02   9.2552587e-01
   2.8459020e-02   9.2609437e-01
   2.8529592e-02   9.2666288e-01
   2.8575313e-02   9.2723138e-01
   2.8614894e-02   9.2779989e-01
   2.8740251e-02   9.2836839e-01
   2.8766073e-02   9.2893690e-01
   2.8781130e-02   9.2950540e-01
   2.9181286e-02   9.3007391e-01
   2.9283455e-02   9.3064241e-01
   2.9321928e-02   9.3121092e-01
   2.9389895e-02   9.3177942e-01
   2.9409171e-02   9.3234792e-01
   2.9458493e-02   9.3291643e-01
   2.9523423e-02   9.3348493e-01
   2.9696468e-02   9.3405344e-01
   2.9896055e-02   9.3462194e-01
   3.0107176e-02   9.3519045e-01
   3.0228179e-02   9.3575895e-01
   3.0312242e-02   9.3632746e-01
   3.0471047e-02   9.3689596e-01
   3.0617448e-02   9.3803297e-01
   3.0701059e-02   9.3860148e-01
   3.0752854e-02   9.3916998e-01
   3.1002847e-02   9.3973849e-01
   3.1067291e-02   9.4030699e-01
   3.1329138e-02   9.4087550e-01
   3.1368686e-02   9.4144400e-01
   3.1500326e-02   9.4201251e-01
   3.1676365e-02   9.4258101e-01
   3.1692120e-02   9.4314952e-01
   3.1760659e-02   9.4371802e-01
   3.1981205e-02   9.4428653e-01
   3.2122679e-02   9.4485503e-01
   3.2178096e-02   9.4542354e-01
   3.2196877e-02   9.4599204e-01
   3.2285207e-02   9.4656055e-01
   3.2289296e-02   9.4712905e-01
   3.2493673e-02   9.4826606e-01
   3.2517666e-02   9.4883457e-01
   3.2723531e-02   9.4940307e-01
   3.2885175e-02   9.4997157e-01
   3.2978921e-02   9.5110858e-01
   3.3316301e-02   9.5167709e-01
   3.3363727e-02   9.5224559e-01
   3.3371927e-02   9.5281410e-01
   3.3619713e-02   9.5338260e-01
   3.3854807e-02   9.5395111e-01
   3.3944846e-02   9.5451961e-01
   3.4028907e-02   9.5508812e-01
   3.4360242e-02   9.5565662e-01
   3.5042457e-02   9.5622513e-01
   3.5061396e-02   9.5679363e-01
   3.5340088e-02   9.5736214e-01
   3.5757150e-02   9.5793064e-01
   3.6317098e-02   9.5849915e-01
   3.6363115e-02   9.5906765e-01
   3.6513262e-02   9.5963616e-01
   3.6770733e-02   9.6020466e-01
   3.6792761e-02   9.6077317e-01
   3.6952232e-02   9.6134167e-01
   3.7313348e-02   9.6191018e-01
   3.7898404e-02   9.6247868e-01
   3.8781765e-02   9.6304719e-01
   3.8804006e-02   9.6361569e-01
   4.0150811e-02   9.6418420e-01
   4.0595959e-02   9.6475270e-01
   4.0699605e-02   9.6532121e-01
   4.0900513e-02   9.6645821e-01
   4.1131760e-02   9.6702672e-01
   4.1472349e-02   9.6759522e-01
   4.1905934e-02   9.6816373e-01
   4.2124190e-02   9.6873223e-01
   4.2411603e-02   9.6930074e-01
   4.2627477e-02   9.6986924e-01
   4.2687751e-02   9.7043775e-01
   4.2832814e-02   9.7100625e-01
   4.3423996e-02   9.7157476e-01
   4.3483332e-02   9.7214326e-01
   4.3814796e-02   9.7271177e-01
   4.3950275e-02   9.7328027e-01
   4.4002745e-02   9.7384878e-01
   4.4670040e-02   9.7441728e-01
   4.4776870e-02   9.7498579e-01
   4.6000275e-02   9.7555429e-01
   4.6049842e-02   9.7612280e-01
   4.6214855e-02   9.7669130e-01
   4.6234150e-02   9.7725981e-01
   4.6759825e-02   9.7782831e-01
   4.7135308e-02   9.7839682e-01
   4.7167810e-02   9.7896532e-01
   4.7840810e-02   9.7953383e-01
   4.7982146e-02   9.8010233e-01
   4.9060092e-02   9.8067084e-01
   4.9184226e-02   9.8123934e-01
   4.9186264e-02   9.8180785e-01
   5.0845384e-02   9.8237635e-01
   5.1537092e-02   9.8294486e-01
   5.1593033e-02   9.8351336e-01
   5.2014927e-02   9.8408186e-01
   5.2034878e-02   9.8465037e-01
   5.2330976e-02   9.8521887e-01
   5.2353681e-02   9.8578738e-01
   5.2594188e-02   9.8635588e-01
   5.3081814e-02   9.8749289e-01
   5.3245990e-02   9.8806140e-01
   5.4108366e-02   9.8862990e-01
   5.4231669e-02   9.8919841e-01
   5.4312988e-02   9.8976691e-01
   5.4354995e-02   9.9033542e-01
   5.4384979e-02   9.9090392e-01
   5.5626454e-02   9.9147243e-01
   5.6700750e-02   9.9204093e-01
   5.8320024e-02   9.9260944e-01
   5.9590098e-02   9.9317794e-01
   5.9774685e-02   9.9374645e-01
   6.0128571e-02   9.9431495e-01
   6.0922737e-02   9.9488346e-01
   6.1253661e-02   9.9545196e-01
   6.1621011e-02   9.9602047e-01
   6.2518330e-02   9.9658897e-01
   6.9511215e-02   9.9715748e-01
   7.8131953e-02   9.9772598e-01
   8.0726732e-02   9.9829449e-01
   8.4394068e-02   9.9886299e-01
   1.0231777e-01   9.9943150e-01
   1.2820565e-01   1.0000000e+00
