   3.2680000e-03   0.0000000e+00
   3.2680000e-03   6.5789474e-03
   3.9216000e-03   1.3157895e-02
   4.9016000e-03   1.6447368e-02
   5.2288000e-03   2.6315789e-02
   5.5552000e-03   2.9605263e-02
   5.8824000e-03   5.5921053e-02
   6.2088000e-03   6.2500000e-02
   6.5360000e-03   8.5526316e-02
   6.8624000e-03   1.1513158e-01
   7.1896000e-03   1.3486842e-01
   7.5160000e-03   1.7105263e-01
   7.8432000e-03   1.8421053e-01
   8.1696000e-03   2.0065789e-01
   8.4968000e-03   2.1381579e-01
   8.8232000e-03   2.3684211e-01
   9.1504000e-03   2.5328947e-01
   9.4768000e-03   2.6973684e-01
   9.8040000e-03   2.7631579e-01
   1.0130400e-02   2.8947368e-01
   1.0457600e-02   3.0263158e-01
   1.0784000e-02   3.1250000e-01
   1.1437600e-02   3.2894737e-01
   1.1764800e-02   3.4539474e-01
   1.2091200e-02   3.6184211e-01
   1.2418400e-02   3.7171053e-01
   1.2744800e-02   3.8486842e-01
   1.3072000e-02   3.9473684e-01
   1.3398400e-02   4.1118421e-01
   1.3725600e-02   4.1447368e-01
   1.4052000e-02   4.2763158e-01
   1.4379200e-02   4.4078947e-01
   1.4705600e-02   4.7368421e-01
   1.5032800e-02   4.8026316e-01
   1.5359200e-02   4.8684211e-01
   1.5686400e-02   4.9013158e-01
   1.6012800e-02   4.9671053e-01
   1.6340000e-02   5.1315789e-01
   1.6666400e-02   5.2302632e-01
   1.6993600e-02   5.2631579e-01
   1.7320000e-02   5.3618421e-01
   1.7647200e-02   5.4276316e-01
   1.7973600e-02   5.4605263e-01
   1.8300800e-02   5.5263158e-01
   1.8627200e-02   5.5921053e-01
   1.8954400e-02   5.6578947e-01
   1.9280800e-02   5.6907895e-01
   1.9934400e-02   5.7236842e-01
   2.0261600e-02   5.8881579e-01
   2.0588000e-02   5.9210526e-01
   2.1895200e-02   6.0526316e-01
   2.2222400e-02   6.1184211e-01
   2.2876000e-02   6.2171053e-01
   2.3529600e-02   6.2500000e-01
   2.3856000e-02   6.3157895e-01
   2.4183200e-02   6.3486842e-01
   2.4836800e-02   6.4473684e-01
   2.5163200e-02   6.5131579e-01
   2.5490400e-02   6.5789474e-01
   2.5816800e-02   6.6118421e-01
   2.6144000e-02   6.6776316e-01
   2.6797600e-02   6.7434211e-01
   2.7124000e-02   6.7763158e-01
   2.7451200e-02   6.8092105e-01
   2.7777600e-02   6.9078947e-01
   2.8104800e-02   6.9407895e-01
   2.8758400e-02   7.0065789e-01
   2.9412000e-02   7.0394737e-01
   3.0065600e-02   7.0723684e-01
   3.0719200e-02   7.1052632e-01
   3.1372800e-02   7.1710526e-01
   3.2026400e-02   7.2039474e-01
   3.2352800e-02   7.2368421e-01
   3.3006400e-02   7.3026316e-01
   3.3333600e-02   7.3355263e-01
   3.5620800e-02   7.3684211e-01
   3.5948000e-02   7.4342105e-01
   3.6274400e-02   7.4671053e-01
   3.6601600e-02   7.5328947e-01
   3.7908800e-02   7.5986842e-01
   3.8235200e-02   7.6315789e-01
   3.8562400e-02   7.6644737e-01
   3.9542400e-02   7.6973684e-01
   4.0196000e-02   7.7302632e-01
   4.0523200e-02   7.7960526e-01
   4.1176800e-02   7.8289474e-01
   4.1503200e-02   7.8618421e-01
   4.2156800e-02   7.9276316e-01
   4.2810400e-02   7.9934211e-01
   4.3137600e-02   8.1907895e-01
   4.3791200e-02   8.2565789e-01
   4.4117600e-02   8.2894737e-01
   4.5097600e-02   8.3223684e-01
   4.5424800e-02   8.3552632e-01
   4.7059200e-02   8.3881579e-01
   4.7712000e-02   8.4210526e-01
   4.8039200e-02   8.4539474e-01
   4.8692800e-02   8.4868421e-01
   4.9020000e-02   8.5526316e-01
   4.9673600e-02   8.5855263e-01
   5.0000000e-02   8.6513158e-01
   5.0327200e-02   8.6842105e-01
   5.0653600e-02   8.7171053e-01
   5.0980800e-02   8.7500000e-01
   5.1307200e-02   8.7828947e-01
   5.1960800e-02   8.8157895e-01
   5.3268000e-02   8.8815789e-01
   5.3921600e-02   8.9144737e-01
   5.5882400e-02   8.9473684e-01
   5.6536000e-02   8.9802632e-01
   5.7189600e-02   9.0460526e-01
   5.7516000e-02   9.1118421e-01
   5.8496800e-02   9.1447368e-01
   5.8823200e-02   9.1776316e-01
   6.0130400e-02   9.2434211e-01
   6.3398400e-02   9.2763158e-01
   6.5032800e-02   9.3092105e-01
   6.5686400e-02   9.3421053e-01
   6.6340000e-02   9.3750000e-01
   7.1241600e-02   9.4078947e-01
   7.2222400e-02   9.4407895e-01
   7.3202400e-02   9.4736842e-01
   7.3856000e-02   9.5065789e-01
   7.6144000e-02   9.5394737e-01
   7.7777600e-02   9.5723684e-01
   7.8104800e-02   9.6052632e-01
   7.8431200e-02   9.6381579e-01
   8.1372800e-02   9.6710526e-01
   8.7581600e-02   9.7039474e-01
   8.8562400e-02   9.7368421e-01
   9.0523200e-02   9.7697368e-01
   1.0196080e-01   9.8026316e-01
   1.0228720e-01   9.8355263e-01
   1.0294080e-01   9.8684211e-01
   1.1437920e-01   9.9013158e-01
   1.3823520e-01   9.9342105e-01
   1.6209120e-01   9.9671053e-01
   1.6928080e-01   1.0000000e+00
