   4.9786205e-03   0.0000000e+00
   4.9786205e-03   3.2894737e-03
   7.5011722e-03   6.5789474e-03
   7.8608267e-03   9.8684211e-03
   8.0678805e-03   1.3157895e-02
   8.3611760e-03   1.6447368e-02
   8.5061423e-03   1.9736842e-02
   8.7286813e-03   2.3026316e-02
   8.7569904e-03   2.6315789e-02
   8.8079850e-03   2.9605263e-02
   8.9038179e-03   3.2894737e-02
   8.9525935e-03   3.6184211e-02
   9.0295905e-03   4.2763158e-02
   9.1857758e-03   4.6052632e-02
   9.2550490e-03   4.9342105e-02
   9.3262169e-03   5.2631579e-02
   9.5108275e-03   5.5921053e-02
   9.7021098e-03   5.9210526e-02
   9.8421736e-03   6.2500000e-02
   9.8987103e-03   6.5789474e-02
   1.0003155e-02   6.9078947e-02
   1.0055239e-02   7.2368421e-02
   1.0064079e-02   7.5657895e-02
   1.0101315e-02   7.8947368e-02
   1.0158778e-02   8.2236842e-02
   1.0426402e-02   8.5526316e-02
   1.0636861e-02   8.8815789e-02
   1.0737512e-02   9.2105263e-02
   1.0755960e-02   9.5394737e-02
   1.0958744e-02   1.0526316e-01
   1.1038936e-02   1.0855263e-01
   1.1200796e-02   1.1184211e-01
   1.1205037e-02   1.1513158e-01
   1.1443622e-02   1.1842105e-01
   1.1458794e-02   1.2171053e-01
   1.1490954e-02   1.2500000e-01
   1.1538482e-02   1.2828947e-01
   1.1645990e-02   1.3157895e-01
   1.1677950e-02   1.3486842e-01
   1.1707502e-02   1.4144737e-01
   1.1859789e-02   1.4473684e-01
   1.1893388e-02   1.4802632e-01
   1.2049161e-02   1.5131579e-01
   1.2190990e-02   1.5460526e-01
   1.2229289e-02   1.5789474e-01
   1.2326113e-02   1.6118421e-01
   1.2484754e-02   1.6776316e-01
   1.2525166e-02   1.7105263e-01
   1.2529472e-02   1.7434211e-01
   1.2569049e-02   1.7763158e-01
   1.2639043e-02   1.8092105e-01
   1.2762000e-02   1.8421053e-01
   1.2977441e-02   1.8750000e-01
   1.3001723e-02   1.9078947e-01
   1.3007896e-02   1.9407895e-01
   1.3105417e-02   1.9736842e-01
   1.3198588e-02   2.0065789e-01
   1.3215846e-02   2.0394737e-01
   1.3428024e-02   2.0723684e-01
   1.3435169e-02   2.1052632e-01
   1.3601906e-02   2.1381579e-01
   1.3736616e-02   2.1710526e-01
   1.3851258e-02   2.2039474e-01
   1.4106435e-02   2.2368421e-01
   1.4234583e-02   2.2697368e-01
   1.4375753e-02   2.3355263e-01
   1.4388653e-02   2.3684211e-01
   1.4552045e-02   2.4013158e-01
   1.4578609e-02   2.4342105e-01
   1.5011194e-02   2.5000000e-01
   1.5061473e-02   2.5328947e-01
   1.5199608e-02   2.5657895e-01
   1.5216976e-02   2.5986842e-01
   1.5368715e-02   2.6315789e-01
   1.5432837e-02   2.6644737e-01
   1.5456417e-02   2.6973684e-01
   1.5478865e-02   2.7302632e-01
   1.5520100e-02   2.7631579e-01
   1.5768960e-02   2.7960526e-01
   1.5811894e-02   2.8289474e-01
   1.5836469e-02   2.8618421e-01
   1.5876593e-02   2.8947368e-01
   1.5898772e-02   2.9276316e-01
   1.5911257e-02   2.9605263e-01
   1.6241810e-02   2.9934211e-01
   1.6356372e-02   3.0263158e-01
   1.6522877e-02   3.0592105e-01
   1.6561408e-02   3.0921053e-01
   1.6583442e-02   3.1250000e-01
   1.6953723e-02   3.1578947e-01
   1.7030037e-02   3.1907895e-01
   1.7275945e-02   3.2236842e-01
   1.7318247e-02   3.2565789e-01
   1.7499579e-02   3.2894737e-01
   1.7516994e-02   3.3223684e-01
   1.7852665e-02   3.3552632e-01
   1.7926771e-02   3.3881579e-01
   1.7945002e-02   3.4210526e-01
   1.7962051e-02   3.4539474e-01
   1.8137280e-02   3.5197368e-01
   1.8194832e-02   3.5526316e-01
   1.8341662e-02   3.5855263e-01
   1.8637589e-02   3.6184211e-01
   1.8739443e-02   3.6513158e-01
   1.8765278e-02   3.6842105e-01
   1.8817442e-02   3.7171053e-01
   1.8818058e-02   3.7500000e-01
   1.8957131e-02   3.7828947e-01
   1.9073599e-02   3.8157895e-01
   1.9350209e-02   3.8486842e-01
   1.9379201e-02   3.8815789e-01
   1.9512965e-02   3.9144737e-01
   1.9681495e-02   3.9802632e-01
   1.9894950e-02   4.0131579e-01
   1.9932682e-02   4.0460526e-01
   2.0135294e-02   4.0789474e-01
   2.0251265e-02   4.1118421e-01
   2.0515532e-02   4.1447368e-01
   2.0619687e-02   4.1776316e-01
   2.0623238e-02   4.2105263e-01
   2.0902475e-02   4.2434211e-01
   2.0948844e-02   4.2763158e-01
   2.0999577e-02   4.3092105e-01
   2.1027782e-02   4.3421053e-01
   2.1074362e-02   4.3750000e-01
   2.1124804e-02   4.4078947e-01
   2.1143966e-02   4.4407895e-01
   2.1193377e-02   4.4736842e-01
   2.1305100e-02   4.5065789e-01
   2.1703938e-02   4.5394737e-01
   2.1774670e-02   4.5723684e-01
   2.1831065e-02   4.6052632e-01
   2.1921775e-02   4.6381579e-01
   2.1956687e-02   4.6710526e-01
   2.1961846e-02   4.7039474e-01
   2.2088138e-02   4.7368421e-01
   2.2380618e-02   4.7697368e-01
   2.2624288e-02   4.8026316e-01
   2.2923126e-02   4.8355263e-01
   2.2938913e-02   4.8684211e-01
   2.3355900e-02   4.9013158e-01
   2.3935027e-02   4.9342105e-01
   2.4298122e-02   4.9671053e-01
   2.4516991e-02   5.0000000e-01
   2.4804854e-02   5.0328947e-01
   2.5150843e-02   5.0657895e-01
   2.5172641e-02   5.0986842e-01
   2.5250261e-02   5.1315789e-01
   2.5287713e-02   5.1644737e-01
   2.5657157e-02   5.1973684e-01
   2.5772801e-02   5.2302632e-01
   2.5944618e-02   5.2631579e-01
   2.5977721e-02   5.2960526e-01
   2.6095107e-02   5.3289474e-01
   2.6233096e-02   5.3618421e-01
   2.6850863e-02   5.3947368e-01
   2.6867977e-02   5.4276316e-01
   2.7580272e-02   5.4605263e-01
   2.7767480e-02   5.4934211e-01
   2.7778831e-02   5.5263158e-01
   2.8607365e-02   5.5592105e-01
   2.9934717e-02   5.5921053e-01
   3.0062951e-02   5.6250000e-01
   3.0478538e-02   5.6578947e-01
   3.0726654e-02   5.6907895e-01
   3.0786658e-02   5.7236842e-01
   3.0910819e-02   5.7565789e-01
   3.1318322e-02   5.7894737e-01
   3.1727504e-02   5.8223684e-01
   3.1904199e-02   5.8552632e-01
   3.1997337e-02   5.8881579e-01
   3.2013129e-02   5.9210526e-01
   3.2033560e-02   5.9539474e-01
   3.2206620e-02   5.9868421e-01
   3.2247890e-02   6.0197368e-01
   3.2517806e-02   6.0526316e-01
   3.2590124e-02   6.0855263e-01
   3.3507299e-02   6.1184211e-01
   3.3838483e-02   6.1513158e-01
   3.4184225e-02   6.1842105e-01
   3.4192614e-02   6.2171053e-01
   3.4199155e-02   6.2500000e-01
   3.4201067e-02   6.2828947e-01
   3.4585529e-02   6.3157895e-01
   3.4959946e-02   6.3486842e-01
   3.4960451e-02   6.3815789e-01
   3.5334999e-02   6.4144737e-01
   3.5439985e-02   6.4473684e-01
   3.6247182e-02   6.4802632e-01
   3.6379973e-02   6.5131579e-01
   3.6415828e-02   6.5460526e-01
   3.6681345e-02   6.5789474e-01
   3.6753435e-02   6.6118421e-01
   3.6840475e-02   6.6447368e-01
   3.7512976e-02   6.6776316e-01
   3.7531796e-02   6.7105263e-01
   3.8105273e-02   6.7434211e-01
   3.8558230e-02   6.7763158e-01
   3.9102024e-02   6.8092105e-01
   3.9393292e-02   6.8421053e-01
   3.9653238e-02   6.8750000e-01
   4.0250546e-02   6.9078947e-01
   4.0930366e-02   6.9407895e-01
   4.2091997e-02   6.9736842e-01
   4.2393412e-02   7.0065789e-01
   4.2530708e-02   7.0394737e-01
   4.3215889e-02   7.0723684e-01
   4.4066866e-02   7.1052632e-01
   4.5149257e-02   7.1381579e-01
   4.5737434e-02   7.1710526e-01
   4.6217162e-02   7.2039474e-01
   4.7058199e-02   7.2368421e-01
   4.7201398e-02   7.2697368e-01
   4.8079339e-02   7.3026316e-01
   4.9086140e-02   7.3355263e-01
   4.9591361e-02   7.3684211e-01
   4.9653136e-02   7.4013158e-01
   4.9780579e-02   7.4342105e-01
   5.0273791e-02   7.4671053e-01
   5.0802098e-02   7.5000000e-01
   5.0806628e-02   7.5328947e-01
   5.1196374e-02   7.5657895e-01
   5.1285437e-02   7.5986842e-01
   5.1554861e-02   7.6315789e-01
   5.2626616e-02   7.6644737e-01
   5.3110376e-02   7.6973684e-01
   5.3289694e-02   7.7302632e-01
   5.3641875e-02   7.7631579e-01
   5.4390899e-02   7.7960526e-01
   5.4766797e-02   7.8289474e-01
   5.4891394e-02   7.8618421e-01
   5.5418411e-02   7.8947368e-01
   5.5531302e-02   7.9276316e-01
   5.6951069e-02   7.9605263e-01
   5.7503567e-02   7.9934211e-01
   5.7964967e-02   8.0263158e-01
   5.8212549e-02   8.0592105e-01
   5.8350955e-02   8.0921053e-01
   5.8675609e-02   8.1250000e-01
   5.8854493e-02   8.1578947e-01
   6.0191573e-02   8.1907895e-01
   6.0270695e-02   8.2236842e-01
   6.1117550e-02   8.2565789e-01
   6.1141583e-02   8.2894737e-01
   6.1510999e-02   8.3223684e-01
   6.1755618e-02   8.3552632e-01
   6.2407676e-02   8.3881579e-01
   6.3277126e-02   8.4210526e-01
   6.3455043e-02   8.4539474e-01
   6.4639410e-02   8.4868421e-01
   6.5127463e-02   8.5197368e-01
   6.5369605e-02   8.5526316e-01
   6.5635622e-02   8.5855263e-01
   6.6497393e-02   8.6184211e-01
   6.7055024e-02   8.6513158e-01
   6.7153349e-02   8.6842105e-01
   6.7774062e-02   8.7171053e-01
   6.8576145e-02   8.7500000e-01
   6.9278658e-02   8.7828947e-01
   7.1647033e-02   8.8157895e-01
   7.2292826e-02   8.8486842e-01
   7.2638835e-02   8.8815789e-01
   7.4289315e-02   8.9144737e-01
   7.5843748e-02   8.9473684e-01
   7.5964797e-02   8.9802632e-01
   7.7023681e-02   9.0131579e-01
   7.7336371e-02   9.0460526e-01
   7.8225335e-02   9.0789474e-01
   7.8665701e-02   9.1118421e-01
   7.9062773e-02   9.1447368e-01
   7.9239935e-02   9.1776316e-01
   8.1618501e-02   9.2105263e-01
   8.3824407e-02   9.2434211e-01
   8.5965235e-02   9.2763158e-01
   8.8259352e-02   9.3092105e-01
   8.8648215e-02   9.3421053e-01
   8.9946137e-02   9.3750000e-01
   9.2435088e-02   9.4078947e-01
   9.9342132e-02   9.4407895e-01
   9.9352477e-02   9.4736842e-01
   1.0416411e-01   9.5065789e-01
   1.0488121e-01   9.5394737e-01
   1.0624846e-01   9.5723684e-01
   1.1111782e-01   9.6052632e-01
   1.1273020e-01   9.6381579e-01
   1.1415512e-01   9.6710526e-01
   1.1496985e-01   9.7039474e-01
   1.1864811e-01   9.7368421e-01
   1.2637435e-01   9.7697368e-01
   1.2648046e-01   9.8026316e-01
   1.2965983e-01   9.8355263e-01
   1.3267554e-01   9.8684211e-01
   1.4162005e-01   9.9013158e-01
   1.6403128e-01   9.9342105e-01
   1.8423128e-01   9.9671053e-01
   1.9907254e-01   1.0000000e+00
