   3.5176000e-03   0.0000000e+00
   3.5176000e-03   1.4204545e-03
   4.5224000e-03   1.2784091e-02
   5.0248000e-03   1.7045455e-02
   5.5280000e-03   1.9886364e-02
   6.0304000e-03   4.2613636e-02
   6.5328000e-03   5.1136364e-02
   7.0352000e-03   7.2443182e-02
   7.5376000e-03   1.0937500e-01
   8.0400000e-03   1.3210227e-01
   8.5424000e-03   1.4346591e-01
   9.0456000e-03   1.6903409e-01
   9.5480000e-03   1.9744318e-01
   1.0050400e-02   2.1306818e-01
   1.0552800e-02   2.3153409e-01
   1.1055200e-02   2.5426136e-01
   1.1557600e-02   2.7272727e-01
   1.2060000e-02   2.8977273e-01
   1.2562400e-02   3.1392045e-01
   1.3065600e-02   3.3664773e-01
   1.3568000e-02   3.5511364e-01
   1.4070400e-02   3.7215909e-01
   1.4572800e-02   3.8352273e-01
   1.5075200e-02   4.0625000e-01
   1.5577600e-02   4.2045455e-01
   1.6080800e-02   4.2897727e-01
   1.6583200e-02   4.4460227e-01
   1.7085600e-02   4.5738636e-01
   1.7588000e-02   4.7301136e-01
   1.8090400e-02   4.9005682e-01
   1.8592800e-02   5.0710227e-01
   1.9095200e-02   5.1846591e-01
   1.9597600e-02   5.2556818e-01
   2.0100800e-02   5.4119318e-01
   2.0603200e-02   5.4971591e-01
   2.1105600e-02   5.6107955e-01
   2.1608000e-02   5.7528409e-01
   2.2110400e-02   5.8096591e-01
   2.2612800e-02   6.0085227e-01
   2.3116000e-02   6.1505682e-01
   2.3618400e-02   6.2357955e-01
   2.4120800e-02   6.3210227e-01
   2.4623200e-02   6.4062500e-01
   2.5125600e-02   6.5909091e-01
   2.5628000e-02   6.7045455e-01
   2.6130400e-02   6.8465909e-01
   2.6633600e-02   6.9034091e-01
   2.7136000e-02   6.9602273e-01
   2.7638400e-02   7.0880682e-01
   2.8140800e-02   7.2159091e-01
   2.8643200e-02   7.2869318e-01
   2.9145600e-02   7.4715909e-01
   2.9648000e-02   7.5142045e-01
   3.0150400e-02   7.5994318e-01
   3.0653600e-02   7.6136364e-01
   3.1156000e-02   7.7130682e-01
   3.1658400e-02   7.7414773e-01
   3.2160800e-02   7.8267045e-01
   3.2663200e-02   7.8835227e-01
   3.3165600e-02   7.9687500e-01
   3.4171200e-02   8.0681818e-01
   3.4673600e-02   8.1107955e-01
   3.5176000e-02   8.1392045e-01
   3.5678400e-02   8.1676136e-01
   3.6683200e-02   8.1960227e-01
   3.7185600e-02   8.2386364e-01
   3.7688800e-02   8.2812500e-01
   3.8191200e-02   8.2954545e-01
   3.8693600e-02   8.3806818e-01
   3.9196000e-02   8.3948864e-01
   4.0200800e-02   8.4090909e-01
   4.0703200e-02   8.4375000e-01
   4.1205600e-02   8.4943182e-01
   4.1708800e-02   8.5227273e-01
   4.2211200e-02   8.5511364e-01
   4.2713600e-02   8.5937500e-01
   4.3216000e-02   8.6221591e-01
   4.3718400e-02   8.7073864e-01
   4.4220800e-02   8.7215909e-01
   4.4724000e-02   8.7500000e-01
   4.6231200e-02   8.7926136e-01
   4.6733600e-02   8.8494318e-01
   4.7236000e-02   8.8636364e-01
   4.7738400e-02   8.9062500e-01
   4.8744000e-02   8.9630682e-01
   4.9246400e-02   8.9914773e-01
   4.9748800e-02   9.0056818e-01
   5.0251200e-02   9.0198864e-01
   5.0753600e-02   9.0340909e-01
   5.1256000e-02   9.0625000e-01
   5.2261600e-02   9.0767045e-01
   5.2764000e-02   9.1193182e-01
   5.3266400e-02   9.1335227e-01
   5.4271200e-02   9.1619318e-01
   5.4773600e-02   9.2045455e-01
   5.5779200e-02   9.2187500e-01
   5.6281600e-02   9.2329545e-01
   5.7286400e-02   9.2613636e-01
   5.7788800e-02   9.2755682e-01
   5.8291200e-02   9.2897727e-01
   5.8794400e-02   9.3039773e-01
   5.9296800e-02   9.3465909e-01
   6.0301600e-02   9.3892045e-01
   6.0804000e-02   9.4034091e-01
   6.2311200e-02   9.4318182e-01
   6.3316800e-02   9.4460227e-01
   6.4321600e-02   9.4602273e-01
   6.4824000e-02   9.4744318e-01
   6.5326400e-02   9.4886364e-01
   6.5828800e-02   9.5028409e-01
   6.6834400e-02   9.5170455e-01
   6.7839200e-02   9.5454545e-01
   6.9346400e-02   9.5596591e-01
   7.0352000e-02   9.5738636e-01
   7.0854400e-02   9.5880682e-01
   7.1859200e-02   9.6022727e-01
   7.2361600e-02   9.6164773e-01
   7.3869600e-02   9.6306818e-01
   7.5376800e-02   9.6448864e-01
   7.5879200e-02   9.6875000e-01
   7.6884000e-02   9.7017045e-01
   7.7387200e-02   9.7159091e-01
   7.9899200e-02   9.7443182e-01
   8.0904800e-02   9.7585227e-01
   8.1909600e-02   9.7727273e-01
   8.2914400e-02   9.7869318e-01
   8.3416800e-02   9.8011364e-01
   8.8442400e-02   9.8153409e-01
   8.8944800e-02   9.8295455e-01
   8.9447200e-02   9.8437500e-01
   8.9949600e-02   9.8579545e-01
   9.0954400e-02   9.8721591e-01
   9.1457600e-02   9.8863636e-01
   9.1960000e-02   9.9005682e-01
   9.5980000e-02   9.9147727e-01
   9.8995200e-02   9.9431818e-01
   1.0050240e-01   9.9573864e-01
   1.0251280e-01   9.9715909e-01
   1.0703520e-01   9.9857955e-01
   1.3618080e-01   1.0000000e+00
