   5.1336000e-03   0.0000000e+00
   5.1336000e-03   5.8365759e-03
   5.9896000e-03   9.7276265e-03
   6.4168000e-03   1.7509728e-02
   6.8448000e-03   2.5291829e-02
   7.2728000e-03   2.9182879e-02
   8.1280000e-03   3.1128405e-02
   8.5560000e-03   4.2801556e-02
   8.9840000e-03   5.0583658e-02
   9.4120000e-03   6.4202335e-02
   9.8392000e-03   7.1984436e-02
   1.0267200e-02   9.1439689e-02
   1.0695200e-02   1.0505837e-01
   1.1123200e-02   1.1478599e-01
   1.1550400e-02   1.2645914e-01
   1.1978400e-02   1.3618677e-01
   1.2406400e-02   1.5953307e-01
   1.2834400e-02   1.7704280e-01
   1.3261600e-02   1.9455253e-01
   1.3689600e-02   2.0622568e-01
   1.4117600e-02   2.1789883e-01
   1.4545600e-02   2.4902724e-01
   1.4973600e-02   2.5486381e-01
   1.5400800e-02   2.7431907e-01
   1.5828800e-02   2.9961089e-01
   1.6256800e-02   3.2295720e-01
   1.6684800e-02   3.4241245e-01
   1.7112000e-02   3.5797665e-01
   1.7540000e-02   3.7937743e-01
   1.7968000e-02   3.9494163e-01
   1.8396000e-02   4.0661479e-01
   1.8823200e-02   4.2607004e-01
   1.9251200e-02   4.2996109e-01
   1.9679200e-02   4.4552529e-01
   2.0107200e-02   4.5914397e-01
   2.0534400e-02   4.8638132e-01
   2.0962400e-02   5.0000000e-01
   2.1390400e-02   5.0583658e-01
   2.1818400e-02   5.1750973e-01
   2.2245600e-02   5.3696498e-01
   2.2673600e-02   5.4474708e-01
   2.3101600e-02   5.5642023e-01
   2.3529600e-02   5.7003891e-01
   2.3957600e-02   5.8949416e-01
   2.4384800e-02   5.9338521e-01
   2.4812800e-02   6.2062257e-01
   2.5240800e-02   6.3035019e-01
   2.5668800e-02   6.4591440e-01
   2.6096000e-02   6.5175097e-01
   2.6524000e-02   6.5953307e-01
   2.6952000e-02   6.7120623e-01
   2.7380000e-02   6.7704280e-01
   2.7807200e-02   6.9260700e-01
   2.8235200e-02   7.0233463e-01
   2.9091200e-02   7.1206226e-01
   2.9518400e-02   7.1984436e-01
   2.9946400e-02   7.2373541e-01
   3.0374400e-02   7.3151751e-01
   3.0802400e-02   7.4513619e-01
   3.1229600e-02   7.4902724e-01
   3.1657600e-02   7.5291829e-01
   3.2085600e-02   7.5486381e-01
   3.2513600e-02   7.5680934e-01
   3.2940800e-02   7.7237354e-01
   3.3368800e-02   7.7431907e-01
   3.3796800e-02   7.7821012e-01
   3.4224800e-02   7.8404669e-01
   3.5080000e-02   7.9377432e-01
   3.5508000e-02   7.9961089e-01
   3.5936000e-02   8.0933852e-01
   3.6364000e-02   8.1322957e-01
   3.6791200e-02   8.1906615e-01
   3.7219200e-02   8.2684825e-01
   3.7647200e-02   8.3268482e-01
   3.8075200e-02   8.3463035e-01
   3.8930400e-02   8.4241245e-01
   3.9358400e-02   8.4824903e-01
   3.9786400e-02   8.5019455e-01
   4.0213600e-02   8.5797665e-01
   4.0641600e-02   8.5992218e-01
   4.1069600e-02   8.6186770e-01
   4.1497600e-02   8.6381323e-01
   4.1924800e-02   8.6964981e-01
   4.2352800e-02   8.8132296e-01
   4.2780800e-02   8.8521401e-01
   4.3208800e-02   8.8910506e-01
   4.3636000e-02   8.9299611e-01
   4.4064000e-02   9.0272374e-01
   4.4492000e-02   9.0466926e-01
   4.5775200e-02   9.0661479e-01
   4.6203200e-02   9.1050584e-01
   4.6631200e-02   9.1245136e-01
   4.7059200e-02   9.1828794e-01
   4.7486400e-02   9.2023346e-01
   4.7914400e-02   9.2607004e-01
   4.8342400e-02   9.2801556e-01
   4.9197600e-02   9.2996109e-01
   5.1336800e-02   9.3190661e-01
   5.1764800e-02   9.3385214e-01
   5.2620000e-02   9.3579767e-01
   5.3904000e-02   9.3774319e-01
   5.4331200e-02   9.4163424e-01
   5.6043200e-02   9.4357977e-01
   5.6470400e-02   9.4747082e-01
   5.8181600e-02   9.4941634e-01
   5.8609600e-02   9.5136187e-01
   5.9037600e-02   9.5330739e-01
   5.9465600e-02   9.5525292e-01
   5.9892800e-02   9.5719844e-01
   6.0320800e-02   9.6108949e-01
   6.0748800e-02   9.6498054e-01
   6.3743200e-02   9.6692607e-01
   6.5882400e-02   9.7081712e-01
   6.6310400e-02   9.7276265e-01
   6.7165600e-02   9.7470817e-01
   6.9304800e-02   9.7665370e-01
   6.9732800e-02   9.8054475e-01
   7.0588000e-02   9.8249027e-01
   7.1016000e-02   9.8443580e-01
   7.5294400e-02   9.8832685e-01
   7.7432800e-02   9.9027237e-01
   7.8716800e-02   9.9221790e-01
   1.0652400e-01   9.9416342e-01
   1.2492000e-01   9.9610895e-01
   1.3133680e-01   9.9805447e-01
   1.4973280e-01   1.0000000e+00
