   2.7432000e-03   0.0000000e+00
   2.7432000e-03   4.6728972e-03
   3.2000000e-03   2.3364486e-02
   3.6568000e-03   5.6074766e-02
   4.1144000e-03   7.0093458e-02
   4.5712000e-03   1.0747664e-01
   5.0288000e-03   1.6355140e-01
   5.4856000e-03   1.9158879e-01
   5.9432000e-03   2.3364486e-01
   6.4000000e-03   2.8504673e-01
   6.8568000e-03   3.4579439e-01
   7.3144000e-03   3.7850467e-01
   7.7712000e-03   4.0186916e-01
   8.2288000e-03   4.3457944e-01
   8.6856000e-03   4.9065421e-01
   9.1432000e-03   5.1869159e-01
   9.6000000e-03   5.5607477e-01
   1.0056800e-02   6.0280374e-01
   1.0514400e-02   6.1682243e-01
   1.0971200e-02   6.4953271e-01
   1.1428800e-02   6.8224299e-01
   1.1885600e-02   7.0560748e-01
   1.2343200e-02   7.3831776e-01
   1.2800000e-02   7.4299065e-01
   1.3256800e-02   7.6168224e-01
   1.3714400e-02   7.8037383e-01
   1.4628800e-02   7.9439252e-01
   1.5085600e-02   8.1775701e-01
   1.5543200e-02   8.4112150e-01
   1.6000000e-02   8.5981308e-01
   1.6456800e-02   8.6448598e-01
   1.6914400e-02   8.6915888e-01
   1.7371200e-02   8.7850467e-01
   1.8743200e-02   8.8785047e-01
   2.0114400e-02   8.9252336e-01
   2.0571200e-02   8.9719626e-01
   2.1485600e-02   9.1121495e-01
   2.1943200e-02   9.1588785e-01
   2.3314400e-02   9.2523364e-01
   2.5600000e-02   9.2990654e-01
   2.6971200e-02   9.3457944e-01
   2.7885600e-02   9.3925234e-01
   3.2000000e-02   9.4392523e-01
   3.2914400e-02   9.4859813e-01
   3.5656800e-02   9.5794393e-01
   3.6571200e-02   9.6261682e-01
   3.7943200e-02   9.7196262e-01
   4.6171200e-02   9.7663551e-01
   4.9371200e-02   9.8130841e-01
   5.7600000e-02   9.8598131e-01
   6.9485600e-02   9.9065421e-01
   7.4971200e-02   9.9532710e-01
   1.0148560e-01   1.0000000e+00
