   2.7240000e-03   0.0000000e+00
   2.7240000e-03   2.9027576e-03
   3.1128000e-03   4.3541364e-03
   3.5016000e-03   7.2568940e-03
   3.8912000e-03   8.7082729e-03
   4.2800000e-03   1.4513788e-02
   4.6696000e-03   2.3222061e-02
   5.0584000e-03   3.1930334e-02
   5.4472000e-03   3.9187228e-02
   5.8368000e-03   4.9346880e-02
   6.2256000e-03   1.0159652e-01
   6.6144000e-03   1.2772134e-01
   7.0040000e-03   1.6545718e-01
   7.3928000e-03   1.9593614e-01
   7.7824000e-03   2.0754717e-01
   8.1712000e-03   2.3657475e-01
   8.5600000e-03   2.5689405e-01
   8.9496000e-03   2.7140784e-01
   9.3384000e-03   2.9753266e-01
   9.7280000e-03   3.1204644e-01
   1.0116800e-02   3.5703919e-01
   1.0505600e-02   3.7590711e-01
   1.0895200e-02   3.9042090e-01
   1.1284000e-02   4.1654572e-01
   1.1672800e-02   4.2815675e-01
   1.2062400e-02   4.4847605e-01
   1.2451200e-02   4.6879536e-01
   1.2840800e-02   4.7750363e-01
   1.3229600e-02   4.9782293e-01
   1.3618400e-02   5.1959361e-01
   1.4008000e-02   5.3410740e-01
   1.4396800e-02   5.5007257e-01
   1.4785600e-02   5.6458636e-01
   1.5175200e-02   5.7764877e-01
   1.5564000e-02   5.8925980e-01
   1.5953600e-02   5.9796807e-01
   1.6342400e-02   6.1103048e-01
   1.6731200e-02   6.1683599e-01
   1.7120800e-02   6.2264151e-01
   1.7509600e-02   6.3570392e-01
   1.7899200e-02   6.4005806e-01
   1.8288000e-02   6.4876633e-01
   1.8676800e-02   6.6618287e-01
   1.9066400e-02   6.7343977e-01
   1.9455200e-02   6.8214804e-01
   1.9844000e-02   6.8505080e-01
   2.0233600e-02   6.9375907e-01
   2.0622400e-02   7.0391872e-01
   2.1012000e-02   7.1262700e-01
   2.1400800e-02   7.1843251e-01
   2.1789600e-02   7.2859216e-01
   2.2179200e-02   7.3584906e-01
   2.2568000e-02   7.4165457e-01
   2.2956800e-02   7.4600871e-01
   2.3346400e-02   7.4746009e-01
   2.3735200e-02   7.6197388e-01
   2.4513600e-02   7.6632801e-01
   2.4902400e-02   7.7213353e-01
   2.5292000e-02   7.7503628e-01
   2.5680800e-02   7.7793904e-01
   2.6069600e-02   7.8084180e-01
   2.6459200e-02   7.8229318e-01
   2.6848000e-02   7.8664731e-01
   2.7237600e-02   7.8809869e-01
   2.7626400e-02   7.9100145e-01
   2.8016000e-02   7.9245283e-01
   2.8404800e-02   7.9825835e-01
   2.8793600e-02   8.1277213e-01
   2.9183200e-02   8.1712627e-01
   2.9960800e-02   8.2293179e-01
   3.0350400e-02   8.2438316e-01
   3.0739200e-02   8.2583454e-01
   3.1128800e-02   8.3164006e-01
   3.1517600e-02   8.3599419e-01
   3.1906400e-02   8.4470247e-01
   3.2296000e-02   8.4905660e-01
   3.2684800e-02   8.5050798e-01
   3.3073600e-02   8.5631350e-01
   3.3852000e-02   8.6066763e-01
   3.4241600e-02   8.6357039e-01
   3.4630400e-02   8.6792453e-01
   3.5019200e-02   8.7373004e-01
   3.5408800e-02   8.7518142e-01
   3.5797600e-02   8.8243832e-01
   3.6187200e-02   8.8388970e-01
   3.6964800e-02   8.8679245e-01
   3.7354400e-02   8.8969521e-01
   3.7743200e-02   8.9114659e-01
   3.8132000e-02   8.9404935e-01
   3.8910400e-02   8.9550073e-01
   3.9688800e-02   8.9695210e-01
   4.0077600e-02   8.9840348e-01
   4.0467200e-02   9.0275762e-01
   4.0856000e-02   9.0420900e-01
   4.1244800e-02   9.0711176e-01
   4.2412800e-02   9.0856313e-01
   4.2801600e-02   9.1291727e-01
   4.3190400e-02   9.1582003e-01
   4.3580000e-02   9.1727141e-01
   4.3968800e-02   9.2017417e-01
   4.4357600e-02   9.2162554e-01
   4.4747200e-02   9.2597968e-01
   4.5136000e-02   9.2888244e-01
   4.5914400e-02   9.3178520e-01
   4.6303200e-02   9.3468795e-01
   4.7081600e-02   9.3613933e-01
   4.7471200e-02   9.3759071e-01
   4.8248800e-02   9.3904209e-01
   4.9416000e-02   9.4049347e-01
   5.0194400e-02   9.4339623e-01
   5.0584000e-02   9.4484761e-01
   5.4864000e-02   9.4629898e-01
   5.6031200e-02   9.4775036e-01
   5.7198400e-02   9.4920174e-01
   5.8365600e-02   9.5500726e-01
   5.8755200e-02   9.5645864e-01
   6.3424000e-02   9.5791001e-01
   6.4980800e-02   9.5936139e-01
   6.8482400e-02   9.6226415e-01
   6.8871200e-02   9.6661829e-01
   7.1984800e-02   9.6806967e-01
   7.4319200e-02   9.6952104e-01
   7.6653600e-02   9.7097242e-01
   7.8210400e-02   9.7242380e-01
   8.2490400e-02   9.7387518e-01
   8.3657600e-02   9.7677794e-01
   8.5992000e-02   9.7822932e-01
   8.7159200e-02   9.7968070e-01
   8.8327200e-02   9.8113208e-01
   8.9494400e-02   9.8258345e-01
   9.0272000e-02   9.8403483e-01
   9.0661600e-02   9.8548621e-01
   9.4163200e-02   9.8693759e-01
   1.0622560e-01   9.8838897e-01
   1.1245120e-01   9.9129173e-01
   1.1984400e-01   9.9274311e-01
   1.2256800e-01   9.9419448e-01
   1.2373520e-01   9.9564586e-01
   1.3190640e-01   9.9709724e-01
   1.3424160e-01   9.9854862e-01
   1.7354080e-01   1.0000000e+00
