   2.7328000e-03   0.0000000e+00
   2.7328000e-03   2.4509804e-03
   3.0744000e-03   7.3529412e-03
   3.7576000e-03   1.2254902e-02
   4.4408000e-03   1.4705882e-02
   4.7824000e-03   1.7156863e-02
   5.1240000e-03   3.1862745e-02
   5.4656000e-03   3.6764706e-02
   5.8072000e-03   4.4117647e-02
   6.1488000e-03   5.6372549e-02
   6.4904000e-03   6.6176471e-02
   6.8320000e-03   7.8431373e-02
   7.1736000e-03   8.8235294e-02
   7.5152000e-03   1.1029412e-01
   7.8568000e-03   1.2009804e-01
   8.1984000e-03   1.3970588e-01
   8.5400000e-03   1.5931373e-01
   8.8816000e-03   1.7647059e-01
   9.2232000e-03   1.8872549e-01
   9.5648000e-03   2.1323529e-01
   9.9064000e-03   2.3774510e-01
   1.0248000e-02   2.4754902e-01
   1.0589600e-02   2.6225490e-01
   1.0931200e-02   2.6960784e-01
   1.1272800e-02   3.3088235e-01
   1.1613600e-02   3.4068627e-01
   1.1955200e-02   3.6029412e-01
   1.2296800e-02   3.9215686e-01
   1.2639200e-02   4.1176471e-01
   1.2980000e-02   4.3137255e-01
   1.3321600e-02   4.4362745e-01
   1.3663200e-02   4.9264706e-01
   1.4004800e-02   5.0735294e-01
   1.4346400e-02   5.3431373e-01
   1.4688000e-02   5.4166667e-01
   1.5029600e-02   5.9068627e-01
   1.5371200e-02   5.9803922e-01
   1.5712800e-02   6.2254902e-01
   1.6054400e-02   6.5196078e-01
   1.6396000e-02   6.8137255e-01
   1.6737600e-02   6.9607843e-01
   1.7079200e-02   7.1078431e-01
   1.7420800e-02   7.2794118e-01
   1.7762400e-02   7.3039216e-01
   1.8104000e-02   7.3774510e-01
   1.8445600e-02   7.5000000e-01
   1.8787200e-02   7.6470588e-01
   1.9128800e-02   7.7205882e-01
   1.9470400e-02   7.9166667e-01
   1.9812000e-02   8.1127451e-01
   2.0153600e-02   8.1862745e-01
   2.0495200e-02   8.2598039e-01
   2.0836800e-02   8.3088235e-01
   2.1178400e-02   8.4558824e-01
   2.1520000e-02   8.5294118e-01
   2.1861600e-02   8.6274510e-01
   2.2203200e-02   8.7254902e-01
   2.2544800e-02   8.8235294e-01
   2.3228000e-02   8.8480392e-01
   2.3569600e-02   8.9460784e-01
   2.3911200e-02   9.0441176e-01
   2.4594400e-02   9.0686275e-01
   2.4936000e-02   9.1176471e-01
   2.5619200e-02   9.1666667e-01
   2.5960800e-02   9.2156863e-01
   2.6302400e-02   9.2647059e-01
   2.7327200e-02   9.2892157e-01
   2.8352000e-02   9.3137255e-01
   2.8693600e-02   9.4117647e-01
   2.9376800e-02   9.4362745e-01
   3.0060000e-02   9.4607843e-01
   3.0401600e-02   9.5098039e-01
   3.0743200e-02   9.5343137e-01
   3.1084800e-02   9.5833333e-01
   3.1426400e-02   9.6078431e-01
   3.1768000e-02   9.6568627e-01
   3.2451200e-02   9.6813725e-01
   3.2792800e-02   9.7058824e-01
   3.3134400e-02   9.7549020e-01
   3.4842400e-02   9.7794118e-01
   3.5183200e-02   9.8039216e-01
   3.5866400e-02   9.8284314e-01
   3.7916000e-02   9.8529412e-01
   3.9965600e-02   9.8774510e-01
   4.0307200e-02   9.9019608e-01
   4.1332000e-02   9.9509804e-01
   4.5772800e-02   9.9754902e-01
   4.8164000e-02   1.0000000e+00
