   7.9833900e-03   0.0000000e+00
   7.9833900e-03   9.4339623e-03
   9.1315230e-03   1.8867925e-02
   9.3722174e-03   2.8301887e-02
   1.0699032e-02   3.7735849e-02
   1.1263946e-02   4.7169811e-02
   1.2120891e-02   5.6603774e-02
   1.3282073e-02   6.6037736e-02
   1.3740475e-02   7.5471698e-02
   1.3741015e-02   8.4905660e-02
   1.4581325e-02   9.4339623e-02
   1.4664399e-02   1.0377358e-01
   1.5126355e-02   1.1320755e-01
   1.5236355e-02   1.2264151e-01
   1.6460943e-02   1.3207547e-01
   1.6477977e-02   1.4150943e-01
   1.6561972e-02   1.5094340e-01
   1.7283834e-02   1.6037736e-01
   1.7366442e-02   1.6981132e-01
   1.7654418e-02   1.7924528e-01
   1.8687277e-02   1.8867925e-01
   1.9410112e-02   1.9811321e-01
   2.1047511e-02   2.0754717e-01
   2.1188416e-02   2.1698113e-01
   2.1797879e-02   2.2641509e-01
   2.2612729e-02   2.3584906e-01
   2.3382227e-02   2.4528302e-01
   2.3682639e-02   2.5471698e-01
   2.3950680e-02   2.6415094e-01
   2.4016362e-02   2.7358491e-01
   2.4304931e-02   2.8301887e-01
   2.4606897e-02   2.9245283e-01
   2.4716966e-02   3.0188679e-01
   2.5836074e-02   3.1132075e-01
   2.6905431e-02   3.2075472e-01
   2.7026435e-02   3.3018868e-01
   2.9076267e-02   3.3962264e-01
   3.0358718e-02   3.4905660e-01
   3.0553361e-02   3.5849057e-01
   3.1031804e-02   3.6792453e-01
   3.1741019e-02   3.7735849e-01
   3.2374042e-02   3.8679245e-01
   3.3301120e-02   3.9622642e-01
   3.3459609e-02   4.0566038e-01
   3.4094033e-02   4.1509434e-01
   3.5243581e-02   4.2452830e-01
   3.5683898e-02   4.3396226e-01
   3.5750196e-02   4.4339623e-01
   3.5893027e-02   4.5283019e-01
   3.6303392e-02   4.6226415e-01
   3.8697734e-02   4.7169811e-01
   3.8745790e-02   4.8113208e-01
   3.9319159e-02   4.9056604e-01
   4.2882072e-02   5.0000000e-01
   4.4724207e-02   5.0943396e-01
   4.6060495e-02   5.1886792e-01
   4.6315076e-02   5.2830189e-01
   4.7741567e-02   5.3773585e-01
   4.8658883e-02   5.4716981e-01
   4.8659063e-02   5.5660377e-01
   4.9684888e-02   5.6603774e-01
   5.0380325e-02   5.7547170e-01
   5.0782210e-02   5.8490566e-01
   5.1466026e-02   5.9433962e-01
   5.2171219e-02   6.0377358e-01
   5.2418853e-02   6.1320755e-01
   5.3549905e-02   6.2264151e-01
   5.4657882e-02   6.3207547e-01
   6.0246398e-02   6.4150943e-01
   6.1369458e-02   6.5094340e-01
   6.1612234e-02   6.6037736e-01
   6.3344118e-02   6.6981132e-01
   6.5187442e-02   6.7924528e-01
   6.6643336e-02   6.8867925e-01
   6.6819404e-02   6.9811321e-01
   6.9105416e-02   7.0754717e-01
   7.4639456e-02   7.1698113e-01
   7.6631475e-02   7.2641509e-01
   7.9675447e-02   7.3584906e-01
   8.4119099e-02   7.4528302e-01
   8.5132176e-02   7.5471698e-01
   8.8564618e-02   7.6415094e-01
   9.0776129e-02   7.7358491e-01
   9.0802889e-02   7.8301887e-01
   9.1111991e-02   7.9245283e-01
   9.1216245e-02   8.0188679e-01
   9.5468662e-02   8.1132075e-01
   9.6000576e-02   8.2075472e-01
   1.0484186e-01   8.3018868e-01
   1.0889542e-01   8.3962264e-01
   1.0986269e-01   8.4905660e-01
   1.1229666e-01   8.5849057e-01
   1.1330573e-01   8.6792453e-01
   1.1521506e-01   8.7735849e-01
   1.1777449e-01   8.8679245e-01
   1.1978493e-01   8.9622642e-01
   1.2042739e-01   9.0566038e-01
   1.2130160e-01   9.1509434e-01
   1.2261994e-01   9.2452830e-01
   1.2517663e-01   9.3396226e-01
   1.3321267e-01   9.4339623e-01
   1.3825170e-01   9.5283019e-01
   1.5052148e-01   9.6226415e-01
   1.5899772e-01   9.7169811e-01
   1.6487238e-01   9.8113208e-01
   1.6797813e-01   9.9056604e-01
   2.5142110e-01   1.0000000e+00
