   1.7680000e-03   0.0000000e+00
   1.7680000e-03   3.3333333e-04
   2.4760000e-03   2.6666667e-03
   2.8296000e-03   3.6666667e-03
   3.1832000e-03   8.0000000e-03
   3.5368000e-03   1.5333333e-02
   3.8904000e-03   3.7000000e-02
   4.2440000e-03   5.1000000e-02
   4.5976000e-03   6.4333333e-02
   4.9512000e-03   1.1300000e-01
   5.3048000e-03   1.3800000e-01
   5.6584000e-03   1.8300000e-01
   6.0120000e-03   2.1933333e-01
   6.3664000e-03   2.8233333e-01
   6.7200000e-03   3.2666667e-01
   7.0736000e-03   3.7033333e-01
   7.4272000e-03   4.5000000e-01
   7.7808000e-03   4.8733333e-01
   8.1344000e-03   5.4533333e-01
   8.4880000e-03   5.7433333e-01
   8.8416000e-03   6.2366667e-01
   9.1952000e-03   6.4333333e-01
   9.5488000e-03   6.6200000e-01
   9.9024000e-03   6.9300000e-01
   1.0256800e-02   7.1233333e-01
   1.0610400e-02   7.3333333e-01
   1.0964000e-02   7.4900000e-01
   1.1317600e-02   7.7566667e-01
   1.1671200e-02   7.8933333e-01
   1.2024800e-02   8.0633333e-01
   1.2378400e-02   8.3066667e-01
   1.2732000e-02   8.4133333e-01
   1.3085600e-02   8.5733333e-01
   1.3439200e-02   8.6466667e-01
   1.3792800e-02   8.8300000e-01
   1.4147200e-02   8.8833333e-01
   1.4500800e-02   9.0000000e-01
   1.4854400e-02   9.0833333e-01
   1.5208000e-02   9.1433333e-01
   1.5561600e-02   9.2000000e-01
   1.5915200e-02   9.2366667e-01
   1.6268800e-02   9.3433333e-01
   1.6622400e-02   9.3966667e-01
   1.6976000e-02   9.4433333e-01
   1.7329600e-02   9.4866667e-01
   1.7683200e-02   9.5500000e-01
   1.8036800e-02   9.5833333e-01
   1.8390400e-02   9.6233333e-01
   1.8744800e-02   9.6766667e-01
   1.9098400e-02   9.6966667e-01
   1.9452000e-02   9.7133333e-01
   1.9805600e-02   9.7233333e-01
   2.0159200e-02   9.7433333e-01
   2.0512800e-02   9.7666667e-01
   2.0866400e-02   9.7833333e-01
   2.1220000e-02   9.8133333e-01
   2.1927200e-02   9.8166667e-01
   2.2281600e-02   9.8200000e-01
   2.2634400e-02   9.8400000e-01
   2.2988800e-02   9.8433333e-01
   2.3342400e-02   9.8466667e-01
   2.3696000e-02   9.8566667e-01
   2.4049600e-02   9.8600000e-01
   2.4403200e-02   9.8666667e-01
   2.5110400e-02   9.8800000e-01
   2.5464000e-02   9.8900000e-01
   2.5817600e-02   9.8933333e-01
   2.6171200e-02   9.9000000e-01
   2.6524800e-02   9.9033333e-01
   2.7232800e-02   9.9066667e-01
   2.7586400e-02   9.9166667e-01
   2.8293600e-02   9.9233333e-01
   2.8647200e-02   9.9266667e-01
   2.9354400e-02   9.9300000e-01
   2.9708000e-02   9.9333333e-01
   3.0415200e-02   9.9366667e-01
   3.1123200e-02   9.9433333e-01
   3.1476800e-02   9.9466667e-01
   3.2537600e-02   9.9500000e-01
   3.3244800e-02   9.9533333e-01
   3.3952000e-02   9.9600000e-01
   3.4305600e-02   9.9666667e-01
   3.4660000e-02   9.9700000e-01
   3.5013600e-02   9.9800000e-01
   3.5367200e-02   9.9833333e-01
   3.5720800e-02   9.9900000e-01
   3.6428000e-02   9.9933333e-01
   4.2440000e-02   9.9966667e-01
   5.1282400e-02   1.0000000e+00
