   7.1129315e-03   0.0000000e+00
   7.1129315e-03   3.2573290e-03
   7.2025763e-03   6.5146580e-03
   7.3613329e-03   9.7719870e-03
   7.5864754e-03   1.3029316e-02
   8.7969126e-03   1.6286645e-02
   9.5950633e-03   2.2801303e-02
   1.0309181e-02   2.6058632e-02
   1.0387031e-02   2.9315961e-02
   1.0446603e-02   3.2573290e-02
   1.0683660e-02   3.5830619e-02
   1.0686438e-02   3.9087948e-02
   1.0900901e-02   4.2345277e-02
   1.0957277e-02   4.5602606e-02
   1.1070823e-02   4.8859935e-02
   1.1420831e-02   5.2117264e-02
   1.1523284e-02   5.5374593e-02
   1.1712465e-02   5.8631922e-02
   1.1744831e-02   6.1889251e-02
   1.1748919e-02   6.5146580e-02
   1.2118539e-02   6.8403909e-02
   1.2418734e-02   7.4918567e-02
   1.2461504e-02   7.8175896e-02
   1.2858422e-02   8.1433225e-02
   1.2964475e-02   8.4690554e-02
   1.3276137e-02   8.7947883e-02
   1.3290019e-02   9.4462541e-02
   1.3477745e-02   9.7719870e-02
   1.3577979e-02   1.0423453e-01
   1.3831101e-02   1.0749186e-01
   1.3986189e-02   1.1726384e-01
   1.4228806e-02   1.2052117e-01
   1.4313451e-02   1.2377850e-01
   1.4404540e-02   1.3029316e-01
   1.4411768e-02   1.3355049e-01
   1.4546968e-02   1.3680782e-01
   1.4556311e-02   1.4006515e-01
   1.4723119e-02   1.4657980e-01
   1.4869485e-02   1.4983713e-01
   1.4969360e-02   1.5309446e-01
   1.5551411e-02   1.5635179e-01
   1.5627520e-02   1.5960912e-01
   1.5683240e-02   1.6286645e-01
   1.5708556e-02   1.6612378e-01
   1.5844604e-02   1.6938111e-01
   1.5880319e-02   1.7263844e-01
   1.6144346e-02   1.7589577e-01
   1.6271328e-02   1.7915309e-01
   1.6313513e-02   1.8241042e-01
   1.6427569e-02   1.8566775e-01
   1.6456556e-02   1.8892508e-01
   1.6671091e-02   1.9218241e-01
   1.6673571e-02   1.9543974e-01
   1.6849313e-02   1.9869707e-01
   1.7023588e-02   2.0195440e-01
   1.7033128e-02   2.0521173e-01
   1.7043904e-02   2.0846906e-01
   1.7094031e-02   2.1172638e-01
   1.7144950e-02   2.1498371e-01
   1.7285796e-02   2.1824104e-01
   1.7592710e-02   2.2149837e-01
   1.7776679e-02   2.2475570e-01
   1.7926920e-02   2.2801303e-01
   1.8045631e-02   2.3127036e-01
   1.8209612e-02   2.3452769e-01
   1.8323269e-02   2.3778502e-01
   1.8445056e-02   2.4104235e-01
   1.8527973e-02   2.4429967e-01
   1.8530637e-02   2.5081433e-01
   1.8722315e-02   2.5407166e-01
   1.8725860e-02   2.5732899e-01
   1.8845770e-02   2.6058632e-01
   1.9152003e-02   2.6384365e-01
   1.9174194e-02   2.6710098e-01
   1.9219259e-02   2.7035831e-01
   1.9303042e-02   2.7361564e-01
   1.9446456e-02   2.7687296e-01
   1.9479701e-02   2.8013029e-01
   1.9583801e-02   2.8338762e-01
   1.9681174e-02   2.8664495e-01
   1.9683142e-02   2.8990228e-01
   1.9747575e-02   2.9315961e-01
   1.9871857e-02   2.9967427e-01
   1.9876975e-02   3.0293160e-01
   1.9905307e-02   3.0944625e-01
   1.9966774e-02   3.1270358e-01
   1.9988168e-02   3.1596091e-01
   2.0022102e-02   3.1921824e-01
   2.0382253e-02   3.2247557e-01
   2.0395544e-02   3.2573290e-01
   2.0466740e-02   3.2899023e-01
   2.0569705e-02   3.3224756e-01
   2.0581437e-02   3.3550489e-01
   2.0592342e-02   3.3876221e-01
   2.0617716e-02   3.4201954e-01
   2.0741714e-02   3.4527687e-01
   2.0947430e-02   3.5179153e-01
   2.0993916e-02   3.5504886e-01
   2.1110965e-02   3.5830619e-01
   2.1493718e-02   3.6156352e-01
   2.1558961e-02   3.6482085e-01
   2.1607116e-02   3.6807818e-01
   2.1691762e-02   3.7133550e-01
   2.1726614e-02   3.7459283e-01
   2.1805737e-02   3.7785016e-01
   2.2114249e-02   3.8110749e-01
   2.2122501e-02   3.8762215e-01
   2.2353602e-02   3.9087948e-01
   2.2387727e-02   3.9413681e-01
   2.2463411e-02   3.9739414e-01
   2.2530479e-02   4.0065147e-01
   2.2621867e-02   4.0390879e-01
   2.2801801e-02   4.0716612e-01
   2.2933044e-02   4.1042345e-01
   2.3033482e-02   4.1368078e-01
   2.3067820e-02   4.1693811e-01
   2.3163297e-02   4.2345277e-01
   2.3244187e-02   4.2671010e-01
   2.3468382e-02   4.2996743e-01
   2.3518892e-02   4.3322476e-01
   2.3761964e-02   4.3648208e-01
   2.3786347e-02   4.3973941e-01
   2.4124474e-02   4.4299674e-01
   2.4206252e-02   4.4951140e-01
   2.4432802e-02   4.5276873e-01
   2.4473070e-02   4.5602606e-01
   2.4495202e-02   4.5928339e-01
   2.4504996e-02   4.6254072e-01
   2.5189060e-02   4.6579805e-01
   2.5208355e-02   4.6905537e-01
   2.5343396e-02   4.7231270e-01
   2.5535641e-02   4.7557003e-01
   2.5550354e-02   4.8208469e-01
   2.5610659e-02   4.8534202e-01
   2.5641614e-02   4.8859935e-01
   2.5671902e-02   4.9185668e-01
   2.5676700e-02   4.9511401e-01
   2.5844740e-02   4.9837134e-01
   2.5969853e-02   5.0162866e-01
   2.6150511e-02   5.0488599e-01
   2.6370010e-02   5.0814332e-01
   2.6389622e-02   5.1140065e-01
   2.6497660e-02   5.1465798e-01
   2.6580483e-02   5.1791531e-01
   2.6648419e-02   5.2117264e-01
   2.6900348e-02   5.2442997e-01
   2.6945709e-02   5.2768730e-01
   2.6971991e-02   5.3094463e-01
   2.7070810e-02   5.3420195e-01
   2.7296623e-02   5.3745928e-01
   2.7352773e-02   5.4071661e-01
   2.7392638e-02   5.4397394e-01
   2.7404230e-02   5.4723127e-01
   2.7490488e-02   5.5048860e-01
   2.8211450e-02   5.5374593e-01
   2.8217605e-02   5.5700326e-01
   2.8626178e-02   5.6026059e-01
   2.8729737e-02   5.6351792e-01
   2.9386969e-02   5.6677524e-01
   2.9711065e-02   5.7003257e-01
   3.0601796e-02   5.7328990e-01
   3.0880583e-02   5.7654723e-01
   3.1078133e-02   5.7980456e-01
   3.1146333e-02   5.8306189e-01
   3.1302982e-02   5.8631922e-01
   3.1539510e-02   5.8957655e-01
   3.1822735e-02   5.9283388e-01
   3.1957254e-02   5.9609121e-01
   3.2376633e-02   5.9934853e-01
   3.2428056e-02   6.0260586e-01
   3.2442750e-02   6.0586319e-01
   3.3082736e-02   6.0912052e-01
   3.3750699e-02   6.1237785e-01
   3.3982895e-02   6.1563518e-01
   3.4292312e-02   6.1889251e-01
   3.4599386e-02   6.2214984e-01
   3.4620453e-02   6.2540717e-01
   3.4677896e-02   6.2866450e-01
   3.5568559e-02   6.3192182e-01
   3.5661923e-02   6.3517915e-01
   3.5715677e-02   6.3843648e-01
   3.5729718e-02   6.4169381e-01
   3.5792569e-02   6.4495114e-01
   3.6080490e-02   6.4820847e-01
   3.6612465e-02   6.5146580e-01
   3.7053780e-02   6.5472313e-01
   3.7261147e-02   6.5798046e-01
   3.7329037e-02   6.6123779e-01
   3.7930898e-02   6.6449511e-01
   3.7980210e-02   6.6775244e-01
   3.8682641e-02   6.7100977e-01
   3.8900305e-02   6.7426710e-01
   4.0464197e-02   6.7752443e-01
   4.0763798e-02   6.8078176e-01
   4.0786251e-02   6.8403909e-01
   4.1165880e-02   6.8729642e-01
   4.2264328e-02   6.9055375e-01
   4.2736414e-02   6.9381107e-01
   4.3129907e-02   6.9706840e-01
   4.3847428e-02   7.0032573e-01
   4.4227779e-02   7.0358306e-01
   4.4233382e-02   7.0684039e-01
   4.4341854e-02   7.1009772e-01
   4.4736992e-02   7.1335505e-01
   4.5401583e-02   7.1661238e-01
   4.5456493e-02   7.1986971e-01
   4.5682743e-02   7.2312704e-01
   4.5738354e-02   7.2638436e-01
   4.6650670e-02   7.2964169e-01
   4.6746683e-02   7.3289902e-01
   4.7114032e-02   7.3615635e-01
   4.7435566e-02   7.3941368e-01
   4.8241969e-02   7.4267101e-01
   4.8526386e-02   7.4592834e-01
   4.9793082e-02   7.4918567e-01
   5.0715179e-02   7.5244300e-01
   5.0947095e-02   7.5570033e-01
   5.1016616e-02   7.5895765e-01
   5.1134721e-02   7.6221498e-01
   5.1434764e-02   7.6547231e-01
   5.1629909e-02   7.6872964e-01
   5.2001368e-02   7.7198697e-01
   5.2610192e-02   7.7524430e-01
   5.2796055e-02   7.7850163e-01
   5.2833092e-02   7.8175896e-01
   5.2852146e-02   7.8501629e-01
   5.3681915e-02   7.8827362e-01
   5.4316106e-02   7.9153094e-01
   5.4599903e-02   7.9478827e-01
   5.4616053e-02   7.9804560e-01
   5.5275050e-02   8.0130293e-01
   5.5719491e-02   8.0456026e-01
   5.6034471e-02   8.0781759e-01
   5.6878208e-02   8.1107492e-01
   5.6901748e-02   8.1433225e-01
   5.6913456e-02   8.1758958e-01
   5.7126002e-02   8.2084691e-01
   5.7358610e-02   8.2410423e-01
   5.7366514e-02   8.2736156e-01
   5.7618159e-02   8.3061889e-01
   5.8223745e-02   8.3387622e-01
   5.8242105e-02   8.3713355e-01
   5.9265313e-02   8.4039088e-01
   6.3814738e-02   8.4364821e-01
   6.3836956e-02   8.4690554e-01
   6.3892266e-02   8.5016287e-01
   6.4616693e-02   8.5667752e-01
   6.5742940e-02   8.5993485e-01
   6.6541572e-02   8.6319218e-01
   6.6616575e-02   8.6644951e-01
   6.7044925e-02   8.6970684e-01
   6.8038223e-02   8.7296417e-01
   6.9440704e-02   8.7622150e-01
   6.9645454e-02   8.7947883e-01
   6.9664037e-02   8.8273616e-01
   6.9741150e-02   8.8599349e-01
   6.9839494e-02   8.8925081e-01
   7.1423871e-02   8.9250814e-01
   7.1643263e-02   8.9576547e-01
   7.1664421e-02   8.9902280e-01
   7.2203787e-02   9.0228013e-01
   7.4847879e-02   9.0553746e-01
   7.5279401e-02   9.0879479e-01
   7.5457662e-02   9.1205212e-01
   7.5653277e-02   9.1530945e-01
   8.0884568e-02   9.1856678e-01
   8.2259451e-02   9.2182410e-01
   8.2710626e-02   9.2508143e-01
   8.3021167e-02   9.2833876e-01
   8.3939089e-02   9.3159609e-01
   8.3976591e-02   9.3485342e-01
   8.5783544e-02   9.3811075e-01
   8.7826045e-02   9.4136808e-01
   8.8951954e-02   9.4462541e-01
   8.9265541e-02   9.4788274e-01
   9.1119544e-02   9.5114007e-01
   9.3037546e-02   9.5439739e-01
   9.3694805e-02   9.5765472e-01
   9.5519658e-02   9.6091205e-01
   9.5720082e-02   9.6416938e-01
   9.6818856e-02   9.6742671e-01
   1.0071230e-01   9.7068404e-01
   1.0203751e-01   9.7394137e-01
   1.0524931e-01   9.7719870e-01
   1.0902728e-01   9.8045603e-01
   1.2087580e-01   9.8371336e-01
   1.2323581e-01   9.8697068e-01
   1.2380162e-01   9.9022801e-01
   1.2988381e-01   9.9348534e-01
   1.3114471e-01   9.9674267e-01
   1.3663032e-01   1.0000000e+00
