   3.7976000e-03   0.0000000e+00
   3.7976000e-03   2.8409091e-03
   4.2192000e-03   5.6818182e-03
   4.6416000e-03   1.1363636e-02
   5.0632000e-03   1.9886364e-02
   5.4856000e-03   3.5511364e-02
   5.9072000e-03   4.6875000e-02
   6.3288000e-03   6.9602273e-02
   6.7512000e-03   8.3806818e-02
   7.1728000e-03   1.0653409e-01
   7.5952000e-03   1.2926136e-01
   8.0168000e-03   1.5340909e-01
   8.4392000e-03   1.7045455e-01
   8.8608000e-03   1.9744318e-01
   9.2824000e-03   2.1448864e-01
   9.7048000e-03   2.2443182e-01
   1.0126400e-02   2.4857955e-01
   1.0548800e-02   2.6988636e-01
   1.0970400e-02   2.8693182e-01
   1.1392000e-02   3.0823864e-01
   1.1814400e-02   3.2670455e-01
   1.2236000e-02   3.4943182e-01
   1.2658400e-02   3.7357955e-01
   1.3080000e-02   3.9062500e-01
   1.3502400e-02   4.1193182e-01
   1.3924000e-02   4.2755682e-01
   1.4346400e-02   4.4744318e-01
   1.4768000e-02   4.5738636e-01
   1.5189600e-02   4.7727273e-01
   1.5612000e-02   4.9289773e-01
   1.6033600e-02   5.0142045e-01
   1.6456000e-02   5.1278409e-01
   1.6877600e-02   5.2272727e-01
   1.7300000e-02   5.2982955e-01
   1.7721600e-02   5.4829545e-01
   1.8143200e-02   5.6250000e-01
   1.8565600e-02   5.7244318e-01
   1.8987200e-02   5.8522727e-01
   1.9409600e-02   5.9090909e-01
   1.9831200e-02   6.0227273e-01
   2.0252800e-02   6.1079545e-01
   2.0675200e-02   6.2642045e-01
   2.1096800e-02   6.4204545e-01
   2.1519200e-02   6.5482955e-01
   2.1940800e-02   6.6761364e-01
   2.2363200e-02   6.8039773e-01
   2.2784800e-02   6.8607955e-01
   2.3206400e-02   6.9176136e-01
   2.3628800e-02   6.9602273e-01
   2.4050400e-02   7.0028409e-01
   2.4472800e-02   7.0454545e-01
   2.4894400e-02   7.1164773e-01
   2.5738400e-02   7.1732955e-01
   2.6160000e-02   7.2301136e-01
   2.6582400e-02   7.2585227e-01
   2.7004000e-02   7.3295455e-01
   2.7426400e-02   7.4005682e-01
   2.7848000e-02   7.4289773e-01
   2.8270400e-02   7.4715909e-01
   2.8692000e-02   7.5142045e-01
   2.9113600e-02   7.5710227e-01
   2.9536000e-02   7.6278409e-01
   2.9957600e-02   7.6420455e-01
   3.0380000e-02   7.6704545e-01
   3.0801600e-02   7.6988636e-01
   3.1224000e-02   7.7698864e-01
   3.1645600e-02   7.7982955e-01
   3.2067200e-02   7.8125000e-01
   3.2489600e-02   7.9119318e-01
   3.2911200e-02   7.9829545e-01
   3.3333600e-02   8.0113636e-01
   3.3755200e-02   8.0965909e-01
   3.4177600e-02   8.1107955e-01
   3.4599200e-02   8.1676136e-01
   3.5020800e-02   8.2528409e-01
   3.5443200e-02   8.2954545e-01
   3.5864800e-02   8.3380682e-01
   3.6287200e-02   8.3948864e-01
   3.6708800e-02   8.4090909e-01
   3.7131200e-02   8.4232955e-01
   3.7552800e-02   8.4659091e-01
   3.7974400e-02   8.4943182e-01
   3.8396800e-02   8.5369318e-01
   3.9240800e-02   8.5653409e-01
   3.9662400e-02   8.5795455e-01
   4.0084000e-02   8.5937500e-01
   4.1350400e-02   8.6363636e-01
   4.2194400e-02   8.6647727e-01
   4.2616000e-02   8.6789773e-01
   4.3037600e-02   8.7073864e-01
   4.3460000e-02   8.7357955e-01
   4.3881600e-02   8.7784091e-01
   4.4304000e-02   8.7926136e-01
   4.4725600e-02   8.8210227e-01
   4.5569600e-02   8.8494318e-01
   4.6413600e-02   8.9062500e-01
   4.8101600e-02   8.9488636e-01
   4.8523200e-02   8.9630682e-01
   4.8944800e-02   9.0198864e-01
   4.9788800e-02   9.0340909e-01
   5.0211200e-02   9.0625000e-01
   5.1055200e-02   9.0767045e-01
   5.1898400e-02   9.0909091e-01
   5.2320800e-02   9.1051136e-01
   5.2742400e-02   9.1193182e-01
   5.3164800e-02   9.1335227e-01
   5.3586400e-02   9.1477273e-01
   5.4008800e-02   9.1619318e-01
   5.4430400e-02   9.1761364e-01
   5.4852000e-02   9.2187500e-01
   5.5274400e-02   9.2329545e-01
   5.5696000e-02   9.2613636e-01
   5.6540000e-02   9.2755682e-01
   5.6962400e-02   9.3039773e-01
   5.7384000e-02   9.3181818e-01
   5.7805600e-02   9.3323864e-01
   5.8649600e-02   9.3465909e-01
   5.9072000e-02   9.3607955e-01
   5.9916000e-02   9.3892045e-01
   6.0337600e-02   9.4176136e-01
   6.0759200e-02   9.4460227e-01
   6.1181600e-02   9.4602273e-01
   6.1603200e-02   9.4886364e-01
   6.2025600e-02   9.5028409e-01
   6.4135200e-02   9.5312500e-01
   6.4556800e-02   9.5454545e-01
   6.4979200e-02   9.5738636e-01
   6.5823200e-02   9.5880682e-01
   6.6244800e-02   9.6022727e-01
   6.7088800e-02   9.6306818e-01
   6.7510400e-02   9.6448864e-01
   6.9198400e-02   9.6590909e-01
   7.0042400e-02   9.6875000e-01
   7.0464000e-02   9.7017045e-01
   7.0886400e-02   9.7159091e-01
   7.2152000e-02   9.7301136e-01
   7.3417600e-02   9.7585227e-01
   7.3840000e-02   9.7727273e-01
   7.4261600e-02   9.7869318e-01
   7.5527200e-02   9.8011364e-01
   7.7636800e-02   9.8153409e-01
   7.8059200e-02   9.8295455e-01
   7.8480800e-02   9.8437500e-01
   7.9324800e-02   9.8579545e-01
   8.4388000e-02   9.8721591e-01
   8.4810400e-02   9.8863636e-01
   8.5654400e-02   9.9005682e-01
   8.7341600e-02   9.9147727e-01
   8.7764000e-02   9.9289773e-01
   9.5358400e-02   9.9431818e-01
   9.5780800e-02   9.9573864e-01
   1.0042160e-01   9.9715909e-01
   1.0548560e-01   9.9857955e-01
   1.2194080e-01   1.0000000e+00
