   6.7088557e-03   0.0000000e+00
   6.7088557e-03   9.5057034e-04
   7.2101937e-03   1.9011407e-03
   7.4175614e-03   2.8517110e-03
   7.7502342e-03   3.8022814e-03
   7.9095105e-03   4.7528517e-03
   8.1381469e-03   6.6539924e-03
   8.1408083e-03   7.6045627e-03
   8.3856326e-03   8.5551331e-03
   8.7102187e-03   9.5057034e-03
   8.8542685e-03   1.2357414e-02
   9.0932143e-03   1.4258555e-02
   9.1120549e-03   1.6159696e-02
   9.1554858e-03   1.9011407e-02
   9.3378440e-03   1.9961977e-02
   9.3540070e-03   2.1863118e-02
   9.3984789e-03   2.5665399e-02
   9.4676803e-03   2.6615970e-02
   9.5714915e-03   2.7566540e-02
   9.5804971e-03   2.9467681e-02
   9.5865613e-03   3.8022814e-02
   9.5992983e-03   3.8973384e-02
   9.6699067e-03   3.9923954e-02
   9.6889765e-03   4.0874525e-02
   9.8129867e-03   4.2775665e-02
   9.8142894e-03   4.4676806e-02
   9.8402402e-03   4.5627376e-02
   9.8888683e-03   4.6577947e-02
   9.9780568e-03   4.7528517e-02
   1.0049952e-02   4.8479087e-02
   1.0060719e-02   5.2281369e-02
   1.0093809e-02   5.5133080e-02
   1.0097302e-02   5.8935361e-02
   1.0149960e-02   5.9885932e-02
   1.0150099e-02   6.0836502e-02
   1.0155652e-02   6.1787072e-02
   1.0228810e-02   6.3688213e-02
   1.0235592e-02   6.5589354e-02
   1.0283346e-02   6.6539924e-02
   1.0313759e-02   6.7490494e-02
   1.0329167e-02   6.8441065e-02
   1.0359199e-02   6.9391635e-02
   1.0477774e-02   7.0342205e-02
   1.0528678e-02   7.1292776e-02
   1.0538258e-02   7.3193916e-02
   1.0540426e-02   7.5095057e-02
   1.0574582e-02   7.6996198e-02
   1.0622927e-02   7.8897338e-02
   1.0630448e-02   7.9847909e-02
   1.0771664e-02   8.0798479e-02
   1.0788996e-02   8.1749049e-02
   1.0794842e-02   8.2699620e-02
   1.0828883e-02   8.6501901e-02
   1.0840444e-02   8.7452471e-02
   1.0900896e-02   8.8403042e-02
   1.0905948e-02   9.0304183e-02
   1.0933934e-02   9.1254753e-02
   1.0973132e-02   9.2205323e-02
   1.0992580e-02   9.3155894e-02
   1.1014799e-02   9.5057034e-02
   1.1042915e-02   9.6958175e-02
   1.1055408e-02   9.9809886e-02
   1.1061230e-02   1.0171103e-01
   1.1098889e-02   1.0266160e-01
   1.1110737e-02   1.0361217e-01
   1.1132044e-02   1.0456274e-01
   1.1161335e-02   1.0551331e-01
   1.1185941e-02   1.0646388e-01
   1.1225900e-02   1.0741445e-01
   1.1247288e-02   1.0836502e-01
   1.1250864e-02   1.0931559e-01
   1.1263628e-02   1.1026616e-01
   1.1276090e-02   1.1121673e-01
   1.1320570e-02   1.1216730e-01
   1.1346760e-02   1.1311787e-01
   1.1357531e-02   1.1501901e-01
   1.1385696e-02   1.1596958e-01
   1.1486057e-02   1.1882129e-01
   1.1491084e-02   1.2167300e-01
   1.1501104e-02   1.2262357e-01
   1.1516782e-02   1.2357414e-01
   1.1531529e-02   1.2547529e-01
   1.1561781e-02   1.2737643e-01
   1.1590552e-02   1.2927757e-01
   1.1664990e-02   1.3022814e-01
   1.1697612e-02   1.3117871e-01
   1.1724889e-02   1.3403042e-01
   1.1731281e-02   1.3498099e-01
   1.1772771e-02   1.3688213e-01
   1.1801232e-02   1.3783270e-01
   1.1814478e-02   1.3878327e-01
   1.1826289e-02   1.4163498e-01
   1.1838898e-02   1.4258555e-01
   1.1865025e-02   1.4353612e-01
   1.1936670e-02   1.4448669e-01
   1.1948959e-02   1.4638783e-01
   1.1965219e-02   1.5019011e-01
   1.1990572e-02   1.5304183e-01
   1.2001234e-02   1.5399240e-01
   1.2016416e-02   1.5589354e-01
   1.2032641e-02   1.5684411e-01
   1.2070915e-02   1.5779468e-01
   1.2093028e-02   1.5874525e-01
   1.2144317e-02   1.5969582e-01
   1.2149376e-02   1.6064639e-01
   1.2170416e-02   1.6159696e-01
   1.2210640e-02   1.6539924e-01
   1.2214821e-02   1.6634981e-01
   1.2236903e-02   1.6920152e-01
   1.2270425e-02   1.7015209e-01
   1.2281375e-02   1.7205323e-01
   1.2294905e-02   1.7395437e-01
   1.2345550e-02   1.7585551e-01
   1.2363132e-02   1.7775665e-01
   1.2371664e-02   1.7870722e-01
   1.2426891e-02   1.8155894e-01
   1.2444544e-02   1.8250951e-01
   1.2445693e-02   1.8536122e-01
   1.2461353e-02   1.8631179e-01
   1.2503615e-02   1.9011407e-01
   1.2526623e-02   1.9106464e-01
   1.2551406e-02   1.9201521e-01
   1.2643391e-02   1.9296578e-01
   1.2681820e-02   1.9581749e-01
   1.2690637e-02   1.9676806e-01
   1.2713108e-02   1.9866920e-01
   1.2717046e-02   1.9961977e-01
   1.2718821e-02   2.0057034e-01
   1.2820457e-02   2.0152091e-01
   1.2905475e-02   2.0247148e-01
   1.2940705e-02   2.0532319e-01
   1.2945004e-02   2.0722433e-01
   1.2964064e-02   2.0817490e-01
   1.2978015e-02   2.1007605e-01
   1.3002728e-02   2.1197719e-01
   1.3029265e-02   2.1387833e-01
   1.3102536e-02   2.1482890e-01
   1.3187334e-02   2.1673004e-01
   1.3198326e-02   2.2148289e-01
   1.3295479e-02   2.2243346e-01
   1.3296193e-02   2.2338403e-01
   1.3400772e-02   2.2623574e-01
   1.3449283e-02   2.2813688e-01
   1.3511755e-02   2.3003802e-01
   1.3557709e-02   2.3098859e-01
   1.3564837e-02   2.3193916e-01
   1.3575909e-02   2.3288973e-01
   1.3638864e-02   2.3574144e-01
   1.3650788e-02   2.3669202e-01
   1.3668082e-02   2.3764259e-01
   1.3669019e-02   2.3954373e-01
   1.3707342e-02   2.4334601e-01
   1.3720072e-02   2.4524715e-01
   1.3723501e-02   2.4619772e-01
   1.3772072e-02   2.4809886e-01
   1.3784606e-02   2.4904943e-01
   1.3835866e-02   2.5095057e-01
   1.3882516e-02   2.5190114e-01
   1.3892519e-02   2.5285171e-01
   1.3908145e-02   2.5380228e-01
   1.3939023e-02   2.5570342e-01
   1.3968761e-02   2.5665399e-01
   1.3992223e-02   2.5760456e-01
   1.4017032e-02   2.5855513e-01
   1.4066818e-02   2.5950570e-01
   1.4109770e-02   2.6045627e-01
   1.4118426e-02   2.6235741e-01
   1.4179546e-02   2.6330798e-01
   1.4191721e-02   2.6520913e-01
   1.4203668e-02   2.6615970e-01
   1.4204036e-02   2.6711027e-01
   1.4232099e-02   2.6901141e-01
   1.4247826e-02   2.6996198e-01
   1.4300826e-02   2.7091255e-01
   1.4357772e-02   2.7281369e-01
   1.4362211e-02   2.7376426e-01
   1.4382729e-02   2.7661597e-01
   1.4541606e-02   2.7756654e-01
   1.4572520e-02   2.7851711e-01
   1.4610565e-02   2.7946768e-01
   1.4625035e-02   2.8041825e-01
   1.4642099e-02   2.8136882e-01
   1.4651672e-02   2.8326996e-01
   1.4701712e-02   2.8517110e-01
   1.4745001e-02   2.8612167e-01
   1.4766576e-02   2.8707224e-01
   1.4801946e-02   2.8802281e-01
   1.4820883e-02   2.8897338e-01
   1.4835659e-02   2.8992395e-01
   1.4838742e-02   2.9087452e-01
   1.4845493e-02   2.9372624e-01
   1.4869748e-02   2.9467681e-01
   1.4900622e-02   2.9657795e-01
   1.4953474e-02   2.9752852e-01
   1.5020668e-02   3.0038023e-01
   1.5037473e-02   3.0133080e-01
   1.5077528e-02   3.0323194e-01
   1.5093543e-02   3.0418251e-01
   1.5110037e-02   3.0513308e-01
   1.5122673e-02   3.0608365e-01
   1.5165144e-02   3.0703422e-01
   1.5171376e-02   3.0893536e-01
   1.5177048e-02   3.0988593e-01
   1.5272242e-02   3.1083650e-01
   1.5309757e-02   3.1178707e-01
   1.5314286e-02   3.1368821e-01
   1.5321231e-02   3.1558935e-01
   1.5344377e-02   3.1653992e-01
   1.5345015e-02   3.1749049e-01
   1.5433308e-02   3.2034221e-01
   1.5435170e-02   3.2129278e-01
   1.5467894e-02   3.2224335e-01
   1.5493299e-02   3.2414449e-01
   1.5506186e-02   3.2604563e-01
   1.5554861e-02   3.2794677e-01
   1.5582303e-02   3.2984791e-01
   1.5584668e-02   3.3079848e-01
   1.5598531e-02   3.3174905e-01
   1.5601377e-02   3.3269962e-01
   1.5645853e-02   3.3365019e-01
   1.5680237e-02   3.3460076e-01
   1.5700558e-02   3.3555133e-01
   1.5742751e-02   3.3650190e-01
   1.5779559e-02   3.3840304e-01
   1.5787895e-02   3.3935361e-01
   1.5798992e-02   3.4125475e-01
   1.5801676e-02   3.4505703e-01
   1.5815423e-02   3.4600760e-01
   1.5855220e-02   3.4885932e-01
   1.5862168e-02   3.5076046e-01
   1.5867298e-02   3.5266160e-01
   1.5888712e-02   3.5456274e-01
   1.5908017e-02   3.5551331e-01
   1.5913845e-02   3.5646388e-01
   1.5968742e-02   3.5741445e-01
   1.5980448e-02   3.5836502e-01
   1.6022953e-02   3.5931559e-01
   1.6045337e-02   3.6216730e-01
   1.6051356e-02   3.6406844e-01
   1.6061054e-02   3.6501901e-01
   1.6081554e-02   3.6596958e-01
   1.6113692e-02   3.6692015e-01
   1.6126566e-02   3.6787072e-01
   1.6169065e-02   3.6882129e-01
   1.6185810e-02   3.6977186e-01
   1.6258465e-02   3.7167300e-01
   1.6263217e-02   3.7262357e-01
   1.6271870e-02   3.7357414e-01
   1.6294989e-02   3.7832700e-01
   1.6304952e-02   3.7927757e-01
   1.6327714e-02   3.8022814e-01
   1.6362185e-02   3.8117871e-01
   1.6364173e-02   3.8212928e-01
   1.6375111e-02   3.8307985e-01
   1.6384976e-02   3.8403042e-01
   1.6395002e-02   3.8783270e-01
   1.6445489e-02   3.8878327e-01
   1.6510443e-02   3.8973384e-01
   1.6521940e-02   3.9068441e-01
   1.6531116e-02   3.9258555e-01
   1.6539438e-02   3.9353612e-01
   1.6562282e-02   3.9448669e-01
   1.6679288e-02   3.9543726e-01
   1.6704271e-02   3.9638783e-01
   1.6737942e-02   3.9733840e-01
   1.6753874e-02   3.9828897e-01
   1.6770139e-02   3.9923954e-01
   1.6783757e-02   4.0019011e-01
   1.6801278e-02   4.0114068e-01
   1.6823768e-02   4.0209125e-01
   1.6826229e-02   4.0304183e-01
   1.6922842e-02   4.0589354e-01
   1.6940318e-02   4.0684411e-01
   1.6989566e-02   4.0779468e-01
   1.6990160e-02   4.0874525e-01
   1.6998687e-02   4.1064639e-01
   1.7057677e-02   4.1159696e-01
   1.7170848e-02   4.1254753e-01
   1.7229358e-02   4.1349810e-01
   1.7234179e-02   4.1539924e-01
   1.7246697e-02   4.1634981e-01
   1.7266150e-02   4.1825095e-01
   1.7302269e-02   4.1920152e-01
   1.7355617e-02   4.2015209e-01
   1.7371851e-02   4.2205323e-01
   1.7377777e-02   4.2300380e-01
   1.7399301e-02   4.2395437e-01
   1.7467508e-02   4.2585551e-01
   1.7473080e-02   4.2680608e-01
   1.7498119e-02   4.2775665e-01
   1.7534095e-02   4.2870722e-01
   1.7577733e-02   4.2965779e-01
   1.7588104e-02   4.3060837e-01
   1.7603903e-02   4.3155894e-01
   1.7615219e-02   4.3250951e-01
   1.7704314e-02   4.3346008e-01
   1.7708954e-02   4.3441065e-01
   1.7721131e-02   4.3536122e-01
   1.7722388e-02   4.3726236e-01
   1.7746201e-02   4.3821293e-01
   1.7780806e-02   4.3916350e-01
   1.7784775e-02   4.4296578e-01
   1.7797019e-02   4.4391635e-01
   1.7933940e-02   4.4486692e-01
   1.7946163e-02   4.4581749e-01
   1.7972241e-02   4.4676806e-01
   1.8003953e-02   4.4866920e-01
   1.8003970e-02   4.4961977e-01
   1.8048726e-02   4.5057034e-01
   1.8106728e-02   4.5247148e-01
   1.8133086e-02   4.5342205e-01
   1.8176912e-02   4.5532319e-01
   1.8176995e-02   4.5627376e-01
   1.8187764e-02   4.5912548e-01
   1.8198930e-02   4.6007605e-01
   1.8200674e-02   4.6102662e-01
   1.8226814e-02   4.6197719e-01
   1.8259266e-02   4.6292776e-01
   1.8261279e-02   4.6387833e-01
   1.8316878e-02   4.6482890e-01
   1.8353741e-02   4.6577947e-01
   1.8386387e-02   4.6673004e-01
   1.8406394e-02   4.6768061e-01
   1.8424879e-02   4.6958175e-01
   1.8432518e-02   4.7053232e-01
   1.8447244e-02   4.7148289e-01
   1.8452095e-02   4.7243346e-01
   1.8460332e-02   4.7338403e-01
   1.8460728e-02   4.7528517e-01
   1.8484707e-02   4.7623574e-01
   1.8520054e-02   4.7718631e-01
   1.8529780e-02   4.7813688e-01
   1.8574875e-02   4.7908745e-01
   1.8578901e-02   4.8098859e-01
   1.8587117e-02   4.8193916e-01
   1.8665175e-02   4.8669202e-01
   1.8666524e-02   4.8859316e-01
   1.8675078e-02   4.8954373e-01
   1.8680820e-02   4.9049430e-01
   1.8698470e-02   4.9144487e-01
   1.8706883e-02   4.9239544e-01
   1.8733539e-02   4.9429658e-01
   1.8781474e-02   4.9524715e-01
   1.8812958e-02   4.9809886e-01
   1.8831414e-02   5.0000000e-01
   1.8907367e-02   5.0095057e-01
   1.8911754e-02   5.0190114e-01
   1.8923280e-02   5.0285171e-01
   1.8934868e-02   5.0380228e-01
   1.8965485e-02   5.0475285e-01
   1.9013624e-02   5.0570342e-01
   1.9044818e-02   5.0665399e-01
   1.9120799e-02   5.0760456e-01
   1.9135926e-02   5.0855513e-01
   1.9152558e-02   5.0950570e-01
   1.9160430e-02   5.1045627e-01
   1.9173123e-02   5.1140684e-01
   1.9185048e-02   5.1235741e-01
   1.9188091e-02   5.1425856e-01
   1.9198597e-02   5.1520913e-01
   1.9206828e-02   5.1615970e-01
   1.9272644e-02   5.1711027e-01
   1.9293299e-02   5.1806084e-01
   1.9320570e-02   5.1901141e-01
   1.9339813e-02   5.1996198e-01
   1.9391614e-02   5.2186312e-01
   1.9412992e-02   5.2281369e-01
   1.9425756e-02   5.2471483e-01
   1.9446226e-02   5.2566540e-01
   1.9446456e-02   5.2661597e-01
   1.9470254e-02   5.2756654e-01
   1.9490708e-02   5.2946768e-01
   1.9524683e-02   5.3041825e-01
   1.9527404e-02   5.3136882e-01
   1.9586535e-02   5.3231939e-01
   1.9621386e-02   5.3326996e-01
   1.9629100e-02   5.3422053e-01
   1.9641202e-02   5.3612167e-01
   1.9649172e-02   5.3707224e-01
   1.9668175e-02   5.3802281e-01
   1.9707382e-02   5.3992395e-01
   1.9757663e-02   5.4087452e-01
   1.9820609e-02   5.4182510e-01
   1.9888755e-02   5.4277567e-01
   1.9926423e-02   5.4752852e-01
   1.9937246e-02   5.4847909e-01
   2.0002351e-02   5.4942966e-01
   2.0010322e-02   5.5038023e-01
   2.0074584e-02   5.5133080e-01
   2.0095754e-02   5.5228137e-01
   2.0099366e-02   5.5418251e-01
   2.0106423e-02   5.5513308e-01
   2.0110618e-02   5.5608365e-01
   2.0114572e-02   5.5798479e-01
   2.0120872e-02   5.5893536e-01
   2.0174256e-02   5.5988593e-01
   2.0187617e-02   5.6178707e-01
   2.0195245e-02   5.6273764e-01
   2.0238893e-02   5.6368821e-01
   2.0260999e-02   5.6463878e-01
   2.0300305e-02   5.6558935e-01
   2.0340499e-02   5.6653992e-01
   2.0405874e-02   5.6749049e-01
   2.0407167e-02   5.6844106e-01
   2.0410239e-02   5.7224335e-01
   2.0442251e-02   5.7319392e-01
   2.0452242e-02   5.7414449e-01
   2.0456981e-02   5.7604563e-01
   2.0512301e-02   5.7699620e-01
   2.0575167e-02   5.7794677e-01
   2.0578582e-02   5.7984791e-01
   2.0583906e-02   5.8079848e-01
   2.0628641e-02   5.8365019e-01
   2.0628917e-02   5.8460076e-01
   2.0653375e-02   5.8555133e-01
   2.0667417e-02   5.8650190e-01
   2.0717438e-02   5.8745247e-01
   2.0719001e-02   5.8840304e-01
   2.0732127e-02   5.8935361e-01
   2.0742579e-02   5.9030418e-01
   2.0819484e-02   5.9125475e-01
   2.0850807e-02   5.9220532e-01
   2.0887953e-02   5.9410646e-01
   2.0927069e-02   5.9505703e-01
   2.1061464e-02   5.9600760e-01
   2.1072830e-02   5.9695817e-01
   2.1076617e-02   5.9885932e-01
   2.1080852e-02   5.9980989e-01
   2.1122313e-02   6.0076046e-01
   2.1132711e-02   6.0171103e-01
   2.1140132e-02   6.0266160e-01
   2.1187846e-02   6.0456274e-01
   2.1246513e-02   6.0551331e-01
   2.1248306e-02   6.0646388e-01
   2.1260281e-02   6.0741445e-01
   2.1310882e-02   6.0931559e-01
   2.1332714e-02   6.1026616e-01
   2.1334401e-02   6.1121673e-01
   2.1344844e-02   6.1216730e-01
   2.1353755e-02   6.1406844e-01
   2.1356978e-02   6.1501901e-01
   2.1468865e-02   6.1596958e-01
   2.1495154e-02   6.1692015e-01
   2.1507350e-02   6.1787072e-01
   2.1543328e-02   6.1882129e-01
   2.1561726e-02   6.1977186e-01
   2.1577491e-02   6.2167300e-01
   2.1590263e-02   6.2262357e-01
   2.1629990e-02   6.2452471e-01
   2.1666034e-02   6.2547529e-01
   2.1670493e-02   6.2737643e-01
   2.1715092e-02   6.2832700e-01
   2.1775308e-02   6.2927757e-01
   2.1791497e-02   6.3022814e-01
   2.1795951e-02   6.3117871e-01
   2.1802071e-02   6.3212928e-01
   2.1846551e-02   6.3307985e-01
   2.1893924e-02   6.3403042e-01
   2.1949452e-02   6.3498099e-01
   2.1981448e-02   6.3593156e-01
   2.2014577e-02   6.3688213e-01
   2.2042053e-02   6.3783270e-01
   2.2085973e-02   6.3878327e-01
   2.2177009e-02   6.3973384e-01
   2.2250658e-02   6.4068441e-01
   2.2277472e-02   6.4163498e-01
   2.2305433e-02   6.4258555e-01
   2.2329652e-02   6.4353612e-01
   2.2391122e-02   6.4448669e-01
   2.2407846e-02   6.4543726e-01
   2.2463268e-02   6.4638783e-01
   2.2494575e-02   6.4923954e-01
   2.2559550e-02   6.5019011e-01
   2.2570196e-02   6.5114068e-01
   2.2601549e-02   6.5209125e-01
   2.2684558e-02   6.5304183e-01
   2.2716175e-02   6.5399240e-01
   2.2753691e-02   6.5589354e-01
   2.2775438e-02   6.5684411e-01
   2.2779512e-02   6.5779468e-01
   2.2810989e-02   6.5969582e-01
   2.2909959e-02   6.6064639e-01
   2.2940846e-02   6.6159696e-01
   2.2972654e-02   6.6254753e-01
   2.2972659e-02   6.6349810e-01
   2.2982776e-02   6.6444867e-01
   2.3032305e-02   6.6539924e-01
   2.3134282e-02   6.6634981e-01
   2.3172872e-02   6.6730038e-01
   2.3215562e-02   6.6825095e-01
   2.3226962e-02   6.6920152e-01
   2.3229484e-02   6.7015209e-01
   2.3254467e-02   6.7110266e-01
   2.3256565e-02   6.7300380e-01
   2.3291195e-02   6.7490494e-01
   2.3333086e-02   6.7585551e-01
   2.3333446e-02   6.7680608e-01
   2.3390489e-02   6.7775665e-01
   2.3422210e-02   6.7870722e-01
   2.3451242e-02   6.7965779e-01
   2.3460061e-02   6.8060837e-01
   2.3478667e-02   6.8155894e-01
   2.3482590e-02   6.8250951e-01
   2.3524367e-02   6.8346008e-01
   2.3567145e-02   6.8441065e-01
   2.3706584e-02   6.8631179e-01
   2.3871635e-02   6.8726236e-01
   2.3930476e-02   6.8821293e-01
   2.3993119e-02   6.9011407e-01
   2.4083207e-02   6.9106464e-01
   2.4100788e-02   6.9201521e-01
   2.4120965e-02   6.9296578e-01
   2.4167512e-02   6.9486692e-01
   2.4170071e-02   6.9581749e-01
   2.4182725e-02   6.9676806e-01
   2.4198264e-02   6.9771863e-01
   2.4258676e-02   6.9866920e-01
   2.4284987e-02   6.9961977e-01
   2.4321774e-02   7.0152091e-01
   2.4386840e-02   7.0247148e-01
   2.4407119e-02   7.0342205e-01
   2.4409734e-02   7.0437262e-01
   2.4421853e-02   7.0532319e-01
   2.4487924e-02   7.0722433e-01
   2.4491644e-02   7.0817490e-01
   2.4533628e-02   7.0912548e-01
   2.4563879e-02   7.1007605e-01
   2.4592295e-02   7.1102662e-01
   2.4646988e-02   7.1197719e-01
   2.4653444e-02   7.1292776e-01
   2.4659634e-02   7.1387833e-01
   2.4671277e-02   7.1482890e-01
   2.4679953e-02   7.1577947e-01
   2.4690479e-02   7.1673004e-01
   2.4690686e-02   7.1768061e-01
   2.4698029e-02   7.1863118e-01
   2.4766388e-02   7.1958175e-01
   2.4777982e-02   7.2053232e-01
   2.4797501e-02   7.2148289e-01
   2.4853781e-02   7.2338403e-01
   2.4885604e-02   7.2433460e-01
   2.4891465e-02   7.2623574e-01
   2.4895093e-02   7.2718631e-01
   2.4923267e-02   7.2813688e-01
   2.4931461e-02   7.2908745e-01
   2.4994969e-02   7.3003802e-01
   2.5049187e-02   7.3098859e-01
   2.5139118e-02   7.3193916e-01
   2.5176533e-02   7.3288973e-01
   2.5178323e-02   7.3384030e-01
   2.5604333e-02   7.3479087e-01
   2.5604477e-02   7.3574144e-01
   2.5613801e-02   7.3669202e-01
   2.5617256e-02   7.3764259e-01
   2.5635788e-02   7.3859316e-01
   2.5641135e-02   7.3954373e-01
   2.5721117e-02   7.4049430e-01
   2.5739827e-02   7.4144487e-01
   2.5856049e-02   7.4239544e-01
   2.5881524e-02   7.4334601e-01
   2.5927100e-02   7.4524715e-01
   2.5952292e-02   7.4619772e-01
   2.5955977e-02   7.4714829e-01
   2.6019862e-02   7.4809886e-01
   2.6060887e-02   7.5000000e-01
   2.6093396e-02   7.5095057e-01
   2.6124338e-02   7.5190114e-01
   2.6128601e-02   7.5285171e-01
   2.6167854e-02   7.5380228e-01
   2.6192924e-02   7.5475285e-01
   2.6205566e-02   7.5570342e-01
   2.6220290e-02   7.5760456e-01
   2.6256858e-02   7.5855513e-01
   2.6263419e-02   7.6045627e-01
   2.6282476e-02   7.6140684e-01
   2.6357051e-02   7.6235741e-01
   2.6368138e-02   7.6330798e-01
   2.6486501e-02   7.6425856e-01
   2.6527588e-02   7.6520913e-01
   2.6557624e-02   7.6615970e-01
   2.6591722e-02   7.6711027e-01
   2.6619013e-02   7.6806084e-01
   2.6733793e-02   7.6901141e-01
   2.6774448e-02   7.6996198e-01
   2.6802143e-02   7.7091255e-01
   2.6806401e-02   7.7186312e-01
   2.6812905e-02   7.7281369e-01
   2.6844554e-02   7.7376426e-01
   2.6931522e-02   7.7471483e-01
   2.6959829e-02   7.7566540e-01
   2.6966310e-02   7.7661597e-01
   2.7024028e-02   7.7756654e-01
   2.7136724e-02   7.7851711e-01
   2.7258655e-02   7.7946768e-01
   2.7531824e-02   7.8041825e-01
   2.7536128e-02   7.8136882e-01
   2.7544145e-02   7.8231939e-01
   2.7595685e-02   7.8326996e-01
   2.7609251e-02   7.8422053e-01
   2.7751143e-02   7.8517110e-01
   2.7784422e-02   7.8612167e-01
   2.7805552e-02   7.8707224e-01
   2.7878584e-02   7.8802281e-01
   2.7886742e-02   7.8897338e-01
   2.8011840e-02   7.8992395e-01
   2.8097208e-02   7.9087452e-01
   2.8100944e-02   7.9182510e-01
   2.8146211e-02   7.9277567e-01
   2.8261311e-02   7.9372624e-01
   2.8284984e-02   7.9467681e-01
   2.8318381e-02   7.9562738e-01
   2.8463738e-02   7.9657795e-01
   2.8480532e-02   7.9752852e-01
   2.8530075e-02   7.9942966e-01
   2.8684018e-02   8.0038023e-01
   2.8724423e-02   8.0133080e-01
   2.8766017e-02   8.0228137e-01
   2.8816482e-02   8.0323194e-01
   2.8905312e-02   8.0418251e-01
   2.8956231e-02   8.0608365e-01
   2.9082859e-02   8.0703422e-01
   2.9128023e-02   8.0798479e-01
   2.9221131e-02   8.0893536e-01
   2.9325350e-02   8.0988593e-01
   2.9432409e-02   8.1083650e-01
   2.9451098e-02   8.1178707e-01
   2.9561628e-02   8.1273764e-01
   2.9637362e-02   8.1368821e-01
   2.9689859e-02   8.1463878e-01
   2.9697271e-02   8.1558935e-01
   2.9768153e-02   8.1653992e-01
   2.9801191e-02   8.1749049e-01
   2.9912410e-02   8.1939163e-01
   2.9933388e-02   8.2034221e-01
   2.9982906e-02   8.2129278e-01
   3.0019749e-02   8.2224335e-01
   3.0065366e-02   8.2319392e-01
   3.0081367e-02   8.2414449e-01
   3.0177643e-02   8.2509506e-01
   3.0202089e-02   8.2604563e-01
   3.0244826e-02   8.2699620e-01
   3.0492597e-02   8.2794677e-01
   3.0590850e-02   8.2889734e-01
   3.0605967e-02   8.2984791e-01
   3.0627979e-02   8.3079848e-01
   3.0657513e-02   8.3174905e-01
   3.0724850e-02   8.3269962e-01
   3.0805483e-02   8.3365019e-01
   3.0810996e-02   8.3460076e-01
   3.0869685e-02   8.3555133e-01
   3.0876524e-02   8.3650190e-01
   3.0903953e-02   8.3745247e-01
   3.1141555e-02   8.3840304e-01
   3.1152544e-02   8.3935361e-01
   3.1273410e-02   8.4030418e-01
   3.1358790e-02   8.4125475e-01
   3.1371349e-02   8.4220532e-01
   3.1416825e-02   8.4315589e-01
   3.1462719e-02   8.4410646e-01
   3.1585444e-02   8.4505703e-01
   3.1639048e-02   8.4600760e-01
   3.1668778e-02   8.4695817e-01
   3.1706464e-02   8.4790875e-01
   3.1758372e-02   8.4885932e-01
   3.1891567e-02   8.4980989e-01
   3.1904993e-02   8.5076046e-01
   3.1932162e-02   8.5171103e-01
   3.1967843e-02   8.5266160e-01
   3.2035403e-02   8.5361217e-01
   3.2090674e-02   8.5456274e-01
   3.2114434e-02   8.5551331e-01
   3.2253201e-02   8.5646388e-01
   3.2354792e-02   8.5741445e-01
   3.2371004e-02   8.5836502e-01
   3.2406031e-02   8.5931559e-01
   3.2600465e-02   8.6026616e-01
   3.2645390e-02   8.6121673e-01
   3.2658552e-02   8.6216730e-01
   3.2920079e-02   8.6311787e-01
   3.3029596e-02   8.6406844e-01
   3.3315170e-02   8.6501901e-01
   3.3343867e-02   8.6596958e-01
   3.3542576e-02   8.6692015e-01
   3.3554720e-02   8.6787072e-01
   3.3745860e-02   8.6882129e-01
   3.3753725e-02   8.6977186e-01
   3.4001518e-02   8.7072243e-01
   3.4016768e-02   8.7167300e-01
   3.4175609e-02   8.7262357e-01
   3.4231465e-02   8.7357414e-01
   3.4251767e-02   8.7452471e-01
   3.4346206e-02   8.7547529e-01
   3.4705168e-02   8.7642586e-01
   3.4856917e-02   8.7737643e-01
   3.4898289e-02   8.7832700e-01
   3.4923030e-02   8.7927757e-01
   3.4924029e-02   8.8022814e-01
   3.4937287e-02   8.8117871e-01
   3.5012349e-02   8.8212928e-01
   3.5089872e-02   8.8307985e-01
   3.5175077e-02   8.8403042e-01
   3.5244927e-02   8.8498099e-01
   3.5252621e-02   8.8593156e-01
   3.5307192e-02   8.8688213e-01
   3.5403771e-02   8.8783270e-01
   3.5675647e-02   8.8878327e-01
   3.5732984e-02   8.8973384e-01
   3.5858418e-02   8.9068441e-01
   3.5892274e-02   8.9163498e-01
   3.6082169e-02   8.9258555e-01
   3.6169976e-02   8.9353612e-01
   3.6279302e-02   8.9448669e-01
   3.6448446e-02   8.9543726e-01
   3.6556104e-02   8.9638783e-01
   3.6700689e-02   8.9733840e-01
   3.7036697e-02   8.9828897e-01
   3.7086474e-02   8.9923954e-01
   3.7104836e-02   9.0019011e-01
   3.7158234e-02   9.0114068e-01
   3.7191431e-02   9.0209125e-01
   3.7193295e-02   9.0304183e-01
   3.7649208e-02   9.0399240e-01
   3.7814809e-02   9.0494297e-01
   3.7954469e-02   9.0589354e-01
   3.8059675e-02   9.0684411e-01
   3.8074524e-02   9.0779468e-01
   3.8286834e-02   9.0874525e-01
   3.8598846e-02   9.0969582e-01
   3.8715211e-02   9.1064639e-01
   3.8747837e-02   9.1159696e-01
   3.8803868e-02   9.1254753e-01
   3.9048372e-02   9.1349810e-01
   3.9242771e-02   9.1444867e-01
   3.9371611e-02   9.1539924e-01
   3.9617082e-02   9.1634981e-01
   4.0149820e-02   9.1730038e-01
   4.0220541e-02   9.1825095e-01
   4.0478963e-02   9.1920152e-01
   4.0627157e-02   9.2015209e-01
   4.0725794e-02   9.2110266e-01
   4.1134357e-02   9.2205323e-01
   4.1198628e-02   9.2300380e-01
   4.1647572e-02   9.2395437e-01
   4.2065601e-02   9.2490494e-01
   4.2879396e-02   9.2585551e-01
   4.3127775e-02   9.2680608e-01
   4.3371353e-02   9.2775665e-01
   4.3780503e-02   9.2870722e-01
   4.3875582e-02   9.2965779e-01
   4.4049259e-02   9.3060837e-01
   4.4563322e-02   9.3155894e-01
   4.4792143e-02   9.3250951e-01
   4.4993857e-02   9.3346008e-01
   4.5005945e-02   9.3441065e-01
   4.5022134e-02   9.3536122e-01
   4.5603688e-02   9.3631179e-01
   4.6383823e-02   9.3726236e-01
   4.6582391e-02   9.3821293e-01
   4.6593527e-02   9.3916350e-01
   4.6940183e-02   9.4011407e-01
   4.6949801e-02   9.4106464e-01
   4.7412041e-02   9.4201521e-01
   4.7421069e-02   9.4296578e-01
   4.7633449e-02   9.4391635e-01
   4.7782198e-02   9.4486692e-01
   4.7975228e-02   9.4581749e-01
   4.8095462e-02   9.4676806e-01
   4.8798962e-02   9.4771863e-01
   5.0214220e-02   9.4866920e-01
   5.0302462e-02   9.4961977e-01
   5.0534453e-02   9.5057034e-01
   5.0747601e-02   9.5152091e-01
   5.2682744e-02   9.5247148e-01
   5.2751385e-02   9.5342205e-01
   5.4076110e-02   9.5437262e-01
   5.4146650e-02   9.5532319e-01
   5.4368341e-02   9.5627376e-01
   5.4738246e-02   9.5722433e-01
   5.4812527e-02   9.5817490e-01
   5.4873512e-02   9.5912548e-01
   5.5061451e-02   9.6007605e-01
   5.5140169e-02   9.6102662e-01
   5.5737135e-02   9.6197719e-01
   5.5975875e-02   9.6292776e-01
   5.6127302e-02   9.6387833e-01
   5.6415677e-02   9.6482890e-01
   5.6489128e-02   9.6577947e-01
   5.6901142e-02   9.6673004e-01
   5.7397270e-02   9.6768061e-01
   5.7667970e-02   9.6863118e-01
   5.8643652e-02   9.6958175e-01
   5.8995237e-02   9.7053232e-01
   5.9122835e-02   9.7148289e-01
   5.9134003e-02   9.7243346e-01
   5.9449423e-02   9.7338403e-01
   6.0314265e-02   9.7433460e-01
   6.0342866e-02   9.7528517e-01
   6.0395125e-02   9.7623574e-01
   6.0429333e-02   9.7718631e-01
   6.0851906e-02   9.7813688e-01
   6.1610966e-02   9.7908745e-01
   6.2341740e-02   9.8003802e-01
   6.3278719e-02   9.8098859e-01
   6.5372789e-02   9.8193916e-01
   6.5528574e-02   9.8288973e-01
   6.7992200e-02   9.8384030e-01
   6.8195954e-02   9.8479087e-01
   6.9433361e-02   9.8574144e-01
   6.9871161e-02   9.8669202e-01
   7.1811057e-02   9.8764259e-01
   7.7543749e-02   9.8859316e-01
   8.0534940e-02   9.8954373e-01
   8.1907777e-02   9.9049430e-01
   8.4701062e-02   9.9144487e-01
   8.6010889e-02   9.9239544e-01
   9.2801465e-02   9.9334601e-01
   9.5990025e-02   9.9429658e-01
   9.9111331e-02   9.9524715e-01
   9.9565491e-02   9.9619772e-01
   1.0436279e-01   9.9714829e-01
   1.0980965e-01   9.9809886e-01
   1.3601285e-01   9.9904943e-01
   1.8801728e-01   1.0000000e+00
