   3.3616000e-03   0.0000000e+00
   3.3616000e-03   9.8814229e-04
   3.8416000e-03   3.9525692e-03
   4.3216000e-03   8.8932806e-03
   4.8016000e-03   2.3715415e-02
   5.2824000e-03   4.1501976e-02
   5.7624000e-03   7.2134387e-02
   6.2424000e-03   9.8814229e-02
   6.7224000e-03   1.3043478e-01
   7.2032000e-03   1.7984190e-01
   7.6832000e-03   2.1343874e-01
   8.1632000e-03   2.4604743e-01
   8.6432000e-03   2.8557312e-01
   9.1240000e-03   3.2015810e-01
   9.6040000e-03   3.4486166e-01
   1.0084000e-02   3.6462451e-01
   1.0564000e-02   3.9723320e-01
   1.1044800e-02   4.1699605e-01
   1.1524800e-02   4.3873518e-01
   1.2004800e-02   4.6739130e-01
   1.2484800e-02   4.8616601e-01
   1.2964800e-02   5.0098814e-01
   1.3445600e-02   5.1383399e-01
   1.3925600e-02   5.3260870e-01
   1.4405600e-02   5.4743083e-01
   1.4885600e-02   5.6719368e-01
   1.5366400e-02   5.8893281e-01
   1.5846400e-02   6.1166008e-01
   1.6326400e-02   6.3241107e-01
   1.6806400e-02   6.4130435e-01
   1.7287200e-02   6.5612648e-01
   1.7767200e-02   6.6699605e-01
   1.8247200e-02   6.8774704e-01
   1.8727200e-02   6.9268775e-01
   1.9208000e-02   7.0158103e-01
   1.9688000e-02   7.1343874e-01
   2.0168000e-02   7.2529644e-01
   2.0648000e-02   7.3418972e-01
   2.1128800e-02   7.4604743e-01
   2.1608800e-02   7.5790514e-01
   2.2088800e-02   7.6482213e-01
   2.2568800e-02   7.7470356e-01
   2.3049600e-02   7.8359684e-01
   2.3529600e-02   7.9150198e-01
   2.4009600e-02   8.0632411e-01
   2.4489600e-02   8.1521739e-01
   2.4970400e-02   8.1916996e-01
   2.5450400e-02   8.2905138e-01
   2.5930400e-02   8.3300395e-01
   2.6410400e-02   8.3399209e-01
   2.6890400e-02   8.3794466e-01
   2.7371200e-02   8.4584980e-01
   2.7851200e-02   8.5375494e-01
   2.8331200e-02   8.5770751e-01
   2.8811200e-02   8.6166008e-01
   2.9292000e-02   8.6561265e-01
   2.9772000e-02   8.6857708e-01
   3.0252000e-02   8.7154150e-01
   3.0732000e-02   8.7549407e-01
   3.1212800e-02   8.7648221e-01
   3.1692800e-02   8.7845850e-01
   3.2172800e-02   8.8142292e-01
   3.2652800e-02   8.8339921e-01
   3.3133600e-02   8.8735178e-01
   3.3613600e-02   8.9130435e-01
   3.4093600e-02   8.9328063e-01
   3.4573600e-02   8.9624506e-01
   3.5054400e-02   8.9822134e-01
   3.5534400e-02   9.0118577e-01
   3.6014400e-02   9.0316206e-01
   3.6494400e-02   9.0415020e-01
   3.7455200e-02   9.0612648e-01
   3.7935200e-02   9.0909091e-01
   3.8415200e-02   9.1304348e-01
   3.8895200e-02   9.1501976e-01
   3.9376000e-02   9.1699605e-01
   3.9856000e-02   9.1996047e-01
   4.0336000e-02   9.2193676e-01
   4.0816000e-02   9.2391304e-01
   4.1296800e-02   9.2490119e-01
   4.2256800e-02   9.3083004e-01
   4.3217600e-02   9.3181818e-01
   4.3697600e-02   9.3577075e-01
   4.4657600e-02   9.3774704e-01
   4.5138400e-02   9.3972332e-01
   4.6098400e-02   9.4071146e-01
   4.6578400e-02   9.4367589e-01
   4.7059200e-02   9.4565217e-01
   4.7539200e-02   9.4861660e-01
   4.8019200e-02   9.4960474e-01
   4.8499200e-02   9.5158103e-01
   4.8980000e-02   9.5256917e-01
   4.9460000e-02   9.5454545e-01
   4.9940000e-02   9.5553360e-01
   5.3781600e-02   9.5750988e-01
   5.4261600e-02   9.5849802e-01
   5.5222400e-02   9.5948617e-01
   5.5702400e-02   9.6146245e-01
   5.7143200e-02   9.6245059e-01
   5.7623200e-02   9.6442688e-01
   5.8103200e-02   9.6541502e-01
   5.9064000e-02   9.6739130e-01
   5.9544000e-02   9.7035573e-01
   6.0024000e-02   9.7134387e-01
   6.4825600e-02   9.7233202e-01
   6.6266400e-02   9.7332016e-01
   6.6746400e-02   9.7430830e-01
   6.8187200e-02   9.7529644e-01
   6.9628000e-02   9.7924901e-01
   7.0108000e-02   9.8023715e-01
   7.2028800e-02   9.8122530e-01
   7.6350400e-02   9.8320158e-01
   7.8271200e-02   9.8418972e-01
   8.0192000e-02   9.8517787e-01
   8.0672000e-02   9.8616601e-01
   8.1152800e-02   9.8715415e-01
   8.3073600e-02   9.8913043e-01
   8.8355200e-02   9.9011858e-01
   9.2196800e-02   9.9110672e-01
   9.6998400e-02   9.9209486e-01
   9.7959200e-02   9.9308300e-01
   1.0756320e-01   9.9407115e-01
   1.0852320e-01   9.9505929e-01
   1.1428560e-01   9.9604743e-01
   1.2052800e-01   9.9703557e-01
   1.4982000e-01   9.9802372e-01
   1.5990400e-01   9.9901186e-01
   1.8055200e-01   1.0000000e+00
