   3.5592000e-03   0.0000000e+00
   3.5592000e-03   3.1421838e-03
   4.0048000e-03   1.0997643e-02
   4.4496000e-03   1.6496465e-02
   4.8944000e-03   3.5349568e-02
   5.3392000e-03   5.3417125e-02
   5.7840000e-03   8.4053417e-02
   6.2288000e-03   1.1076198e-01
   6.6744000e-03   1.3825609e-01
   7.1192000e-03   1.9638649e-01
   7.5640000e-03   2.2702278e-01
   8.0088000e-03   2.5844462e-01
   8.4536000e-03   2.9615082e-01
   8.8984000e-03   3.2285939e-01
   9.3440000e-03   3.5585232e-01
   9.7888000e-03   3.9041634e-01
   1.0233600e-02   4.1084053e-01
   1.0678400e-02   4.2733700e-01
   1.1123200e-02   4.4540456e-01
   1.1568000e-02   4.5954438e-01
   1.2013600e-02   4.8546740e-01
   1.2458400e-02   4.9725059e-01
   1.2903200e-02   5.1610369e-01
   1.3348000e-02   5.3967007e-01
   1.3792800e-02   5.5145326e-01
   1.4238400e-02   5.7266300e-01
   1.4683200e-02   5.8444619e-01
   1.5128000e-02   6.0329929e-01
   1.5572800e-02   6.3157895e-01
   1.6017600e-02   6.4336214e-01
   1.6462400e-02   6.5357423e-01
   1.6908000e-02   6.7399843e-01
   1.7352800e-02   6.8185389e-01
   1.7797600e-02   6.9442262e-01
   1.8242400e-02   7.0777690e-01
   1.8687200e-02   7.1641791e-01
   1.9132000e-02   7.3684211e-01
   1.9577600e-02   7.4234093e-01
   2.0022400e-02   7.4941084e-01
   2.0467200e-02   7.6119403e-01
   2.0912000e-02   7.7219167e-01
   2.1356800e-02   7.7926159e-01
   2.1801600e-02   7.9025923e-01
   2.2247200e-02   7.9732914e-01
   2.2692000e-02   8.0597015e-01
   2.3136800e-02   8.1225452e-01
   2.3581600e-02   8.1696779e-01
   2.4026400e-02   8.3032207e-01
   2.4471200e-02   8.3660644e-01
   2.4916800e-02   8.4917518e-01
   2.5361600e-02   8.5624509e-01
   2.5806400e-02   8.6095837e-01
   2.6251200e-02   8.6724273e-01
   2.6696000e-02   8.7038492e-01
   2.7141600e-02   8.7431265e-01
   2.7586400e-02   8.8138256e-01
   2.8031200e-02   8.8531029e-01
   2.8476000e-02   8.8766693e-01
   2.8920800e-02   8.9316575e-01
   2.9365600e-02   8.9630793e-01
   2.9811200e-02   9.0102121e-01
   3.0256000e-02   9.0573449e-01
   3.0700800e-02   9.0809112e-01
   3.1145600e-02   9.1280440e-01
   3.1590400e-02   9.1751767e-01
   3.2480800e-02   9.1908877e-01
   3.2925600e-02   9.1987431e-01
   3.3370400e-02   9.2144540e-01
   3.3815200e-02   9.2615868e-01
   3.4260000e-02   9.2851532e-01
   3.4705600e-02   9.2930086e-01
   3.5150400e-02   9.3165750e-01
   3.5595200e-02   9.3322859e-01
   3.6040000e-02   9.3479969e-01
   3.6484800e-02   9.3872742e-01
   3.6929600e-02   9.4029851e-01
   3.7375200e-02   9.4265515e-01
   3.7820000e-02   9.4344069e-01
   3.8709600e-02   9.4501178e-01
   3.9154400e-02   9.4658288e-01
   3.9599200e-02   9.4815397e-01
   4.0044800e-02   9.4893951e-01
   4.0489600e-02   9.4972506e-01
   4.0934400e-02   9.5129615e-01
   4.1379200e-02   9.5365279e-01
   4.2269600e-02   9.5443833e-01
   4.2714400e-02   9.5522388e-01
   4.3159200e-02   9.5600943e-01
   4.4048800e-02   9.5679497e-01
   4.4493600e-02   9.5758052e-01
   4.4939200e-02   9.5993716e-01
   4.5384000e-02   9.6150825e-01
   4.5828800e-02   9.6229379e-01
   4.6273600e-02   9.6386489e-01
   4.7163200e-02   9.6465043e-01
   4.9388000e-02   9.6543598e-01
   5.0278400e-02   9.6622152e-01
   5.0723200e-02   9.6700707e-01
   5.2503200e-02   9.6779262e-01
   5.3392800e-02   9.6857816e-01
   5.5172000e-02   9.6936371e-01
   5.5617600e-02   9.7014925e-01
   5.7396800e-02   9.7172035e-01
   5.7842400e-02   9.7250589e-01
   5.8287200e-02   9.7407698e-01
   5.8732000e-02   9.7486253e-01
   5.9176800e-02   9.7564808e-01
   6.0066400e-02   9.7643362e-01
   6.1846400e-02   9.7800471e-01
   6.4071200e-02   9.7957581e-01
   6.5851200e-02   9.8036135e-01
   6.6296000e-02   9.8114690e-01
   6.6740800e-02   9.8193244e-01
   6.8076000e-02   9.8271799e-01
   7.0745600e-02   9.8350353e-01
   7.4749600e-02   9.8507463e-01
   7.5639200e-02   9.8586017e-01
   7.6084800e-02   9.8743126e-01
   7.6529600e-02   9.8821681e-01
   7.9644000e-02   9.8900236e-01
   8.4093600e-02   9.8978790e-01
   8.6763200e-02   9.9057345e-01
   8.8543200e-02   9.9135899e-01
   9.0322400e-02   9.9214454e-01
   9.1212800e-02   9.9293009e-01
   9.6106400e-02   9.9371563e-01
   9.7441600e-02   9.9450118e-01
   1.0322560e-01   9.9528672e-01
   1.0456080e-01   9.9607227e-01
   1.2591760e-01   9.9685782e-01
   1.5305920e-01   9.9764336e-01
   1.8376000e-01   9.9842891e-01
   1.8954400e-01   9.9921445e-01
   2.0912160e-01   1.0000000e+00
