   2.5560000e-03   0.0000000e+00
   2.5560000e-03   9.8814229e-04
   2.9816000e-03   4.9407115e-03
   3.4080000e-03   1.0869565e-02
   3.8336000e-03   1.5810277e-02
   4.2600000e-03   1.8774704e-02
   4.6856000e-03   2.7667984e-02
   5.1120000e-03   5.0395257e-02
   5.5376000e-03   5.9288538e-02
   5.9640000e-03   7.6086957e-02
   6.3896000e-03   1.1363636e-01
   6.8160000e-03   1.3043478e-01
   7.2416000e-03   1.5612648e-01
   7.6680000e-03   1.9367589e-01
   8.0936000e-03   2.3122530e-01
   8.5200000e-03   2.5098814e-01
   8.9456000e-03   2.8557312e-01
   9.3720000e-03   3.1620553e-01
   9.7976000e-03   3.3992095e-01
   1.0224000e-02   3.6264822e-01
   1.0649600e-02   3.7944664e-01
   1.1075200e-02   4.0909091e-01
   1.1501600e-02   4.2885375e-01
   1.1927200e-02   4.5158103e-01
   1.2353600e-02   4.7924901e-01
   1.2779200e-02   4.9604743e-01
   1.3205600e-02   5.2470356e-01
   1.3631200e-02   5.4446640e-01
   1.4057600e-02   5.6324111e-01
   1.4483200e-02   5.7509881e-01
   1.4909600e-02   5.8695652e-01
   1.5335200e-02   6.0573123e-01
   1.5761600e-02   6.1462451e-01
   1.6187200e-02   6.3241107e-01
   1.6613600e-02   6.4229249e-01
   1.7039200e-02   6.4822134e-01
   1.7465600e-02   6.7094862e-01
   1.7891200e-02   6.8280632e-01
   1.8317600e-02   6.9367589e-01
   1.8743200e-02   7.1640316e-01
   1.9169600e-02   7.2134387e-01
   1.9595200e-02   7.2727273e-01
   2.0021600e-02   7.4209486e-01
   2.0447200e-02   7.4901186e-01
   2.0873600e-02   7.5889328e-01
   2.1299200e-02   7.6976285e-01
   2.1725600e-02   7.7667984e-01
   2.2151200e-02   7.7964427e-01
   2.2577600e-02   7.9347826e-01
   2.3003200e-02   7.9841897e-01
   2.3429600e-02   8.0335968e-01
   2.3855200e-02   8.0731225e-01
   2.4280800e-02   8.1521739e-01
   2.4707200e-02   8.2015810e-01
   2.5132800e-02   8.2707510e-01
   2.5559200e-02   8.3201581e-01
   2.5984800e-02   8.3695652e-01
   2.6411200e-02   8.4090909e-01
   2.6836800e-02   8.4288538e-01
   2.7263200e-02   8.4486166e-01
   2.7688800e-02   8.4782609e-01
   2.8115200e-02   8.5276680e-01
   2.8540800e-02   8.5573123e-01
   2.8967200e-02   8.6067194e-01
   2.9392800e-02   8.6166008e-01
   2.9819200e-02   8.6660079e-01
   3.0244800e-02   8.6857708e-01
   3.0671200e-02   8.7055336e-01
   3.1096800e-02   8.7154150e-01
   3.1523200e-02   8.7351779e-01
   3.1948800e-02   8.7549407e-01
   3.2375200e-02   8.7944664e-01
   3.2800800e-02   8.8043478e-01
   3.3227200e-02   8.8438735e-01
   3.3652800e-02   8.8932806e-01
   3.4078400e-02   8.9328063e-01
   3.4504800e-02   8.9624506e-01
   3.4931200e-02   8.9822134e-01
   3.5356800e-02   9.0118577e-01
   3.5782400e-02   9.0415020e-01
   3.6208800e-02   9.0810277e-01
   3.6634400e-02   9.1304348e-01
   3.7060800e-02   9.1403162e-01
   3.7912800e-02   9.1798419e-01
   3.8764800e-02   9.1996047e-01
   3.9190400e-02   9.2094862e-01
   3.9616800e-02   9.2391304e-01
   4.0042400e-02   9.2885375e-01
   4.0468800e-02   9.3181818e-01
   4.1320800e-02   9.3280632e-01
   4.2172800e-02   9.3577075e-01
   4.2598400e-02   9.3873518e-01
   4.3450400e-02   9.3972332e-01
   4.3876800e-02   9.4071146e-01
   4.4302400e-02   9.4565217e-01
   4.5154400e-02   9.4861660e-01
   4.5580000e-02   9.5059289e-01
   4.6432800e-02   9.5256917e-01
   4.7710400e-02   9.5454545e-01
   4.8988000e-02   9.5652174e-01
   4.9840000e-02   9.5750988e-01
   5.0266400e-02   9.5849802e-01
   5.0692000e-02   9.6047431e-01
   5.1544000e-02   9.6146245e-01
   5.2822400e-02   9.6245059e-01
   5.3674400e-02   9.6343874e-01
   5.4526400e-02   9.6541502e-01
   5.4952000e-02   9.6640316e-01
   5.5804000e-02   9.6739130e-01
   5.6230400e-02   9.6837945e-01
   5.6656000e-02   9.6936759e-01
   5.7081600e-02   9.7035573e-01
   5.7508000e-02   9.7233202e-01
   5.8360000e-02   9.7430830e-01
   5.8785600e-02   9.7628458e-01
   6.0489600e-02   9.7727273e-01
   6.1341600e-02   9.7826087e-01
   6.3472000e-02   9.7924901e-01
   6.8157600e-02   9.8023715e-01
   6.9861600e-02   9.8221344e-01
   7.1139200e-02   9.8320158e-01
   7.1991200e-02   9.8418972e-01
   7.3269600e-02   9.8517787e-01
   7.8807200e-02   9.8715415e-01
   8.2215200e-02   9.8814229e-01
   8.2640800e-02   9.8913043e-01
   8.5623200e-02   9.9011858e-01
   9.0308800e-02   9.9110672e-01
   9.0735200e-02   9.9209486e-01
   9.1586400e-02   9.9308300e-01
   9.6698400e-02   9.9407115e-01
   1.0223680e-01   9.9505929e-01
   1.0820000e-01   9.9604743e-01
   1.1246000e-01   9.9703557e-01
   1.1884960e-01   9.9802372e-01
   1.2651760e-01   9.9901186e-01
   1.2694320e-01   1.0000000e+00
