   5.1679173e-03   0.0000000e+00
   5.1679173e-03   1.0235415e-03
   5.2217188e-03   2.0470829e-03
   5.5171826e-03   3.0706244e-03
   5.8201133e-03   4.0941658e-03
   6.1983158e-03   5.1177073e-03
   6.2379202e-03   6.1412487e-03
   6.3362949e-03   8.1883316e-03
   6.3578881e-03   9.2118731e-03
   6.5262637e-03   1.0235415e-02
   6.5436825e-03   1.1258956e-02
   6.7981210e-03   1.2282497e-02
   6.8216704e-03   1.4329580e-02
   6.9692592e-03   1.5353122e-02
   6.9941760e-03   1.6376663e-02
   7.1571999e-03   1.7400205e-02
   7.4725312e-03   1.8423746e-02
   7.4962732e-03   1.9447288e-02
   7.5110320e-03   2.1494371e-02
   7.5430093e-03   2.2517912e-02
   7.5712765e-03   2.3541453e-02
   7.6204146e-03   2.4564995e-02
   7.6234361e-03   2.7635619e-02
   7.6657996e-03   2.8659161e-02
   7.7947830e-03   3.0706244e-02
   8.0108758e-03   3.2753327e-02
   8.0852863e-03   3.3776868e-02
   8.2605581e-03   3.4800409e-02
   8.2834870e-03   3.6847492e-02
   8.2976574e-03   3.7871034e-02
   8.3097728e-03   3.8894575e-02
   8.3693342e-03   3.9918117e-02
   8.3830183e-03   4.0941658e-02
   8.4866999e-03   4.2988741e-02
   8.5193815e-03   4.4012282e-02
   8.5437341e-03   4.7082907e-02
   8.5628553e-03   4.8106448e-02
   8.5997364e-03   5.0153531e-02
   8.6866846e-03   5.6294780e-02
   8.7762114e-03   5.9365404e-02
   8.7818463e-03   6.1412487e-02
   8.7859589e-03   6.5506653e-02
   8.7968847e-03   6.6530194e-02
   8.8027223e-03   6.7553736e-02
   8.8477929e-03   6.8577277e-02
   8.8960081e-03   6.9600819e-02
   8.9468757e-03   7.0624360e-02
   9.0352144e-03   7.1647902e-02
   9.0403662e-03   7.2671443e-02
   9.0606962e-03   7.4718526e-02
   9.1149343e-03   7.6765609e-02
   9.1371232e-03   7.7789150e-02
   9.2920091e-03   7.9836233e-02
   9.3025933e-03   8.0859775e-02
   9.3088106e-03   8.4953941e-02
   9.3107018e-03   8.7001024e-02
   9.3423610e-03   8.9048106e-02
   9.3568001e-03   9.2118731e-02
   9.4098816e-03   9.3142272e-02
   9.4577517e-03   9.4165814e-02
   9.5044424e-03   9.5189355e-02
   9.5522027e-03   9.6212897e-02
   9.5552279e-03   9.8259980e-02
   9.5860706e-03   1.0133060e-01
   9.6303454e-03   1.0235415e-01
   9.6446519e-03   1.0337769e-01
   9.7096598e-03   1.0542477e-01
   9.7304077e-03   1.0644831e-01
   9.7989462e-03   1.0747185e-01
   9.8084414e-03   1.0951894e-01
   9.8162300e-03   1.1156602e-01
   9.8197795e-03   1.1361310e-01
   9.8237448e-03   1.1566018e-01
   9.8582746e-03   1.1975435e-01
   9.9234658e-03   1.2180143e-01
   9.9489798e-03   1.2282497e-01
   1.0070209e-02   1.2691914e-01
   1.0094152e-02   1.2794268e-01
   1.0098295e-02   1.2896622e-01
   1.0132259e-02   1.2998976e-01
   1.0144811e-02   1.3203685e-01
   1.0153155e-02   1.3408393e-01
   1.0222481e-02   1.3510747e-01
   1.0273874e-02   1.3817810e-01
   1.0286375e-02   1.3920164e-01
   1.0324369e-02   1.4227226e-01
   1.0325005e-02   1.4431934e-01
   1.0336966e-02   1.4841351e-01
   1.0361339e-02   1.4943705e-01
   1.0374176e-02   1.5148414e-01
   1.0437488e-02   1.5250768e-01
   1.0439467e-02   1.5353122e-01
   1.0442782e-02   1.5557830e-01
   1.0489447e-02   1.5762538e-01
   1.0526320e-02   1.6171955e-01
   1.0585671e-02   1.6376663e-01
   1.0585943e-02   1.6479017e-01
   1.0602683e-02   1.6683726e-01
   1.0610583e-02   1.6888434e-01
   1.0611452e-02   1.6990788e-01
   1.0627994e-02   1.7093142e-01
   1.0638422e-02   1.7400205e-01
   1.0660557e-02   1.7707267e-01
   1.0661375e-02   1.7809621e-01
   1.0735243e-02   1.8219038e-01
   1.0835782e-02   1.8321392e-01
   1.0840943e-02   1.8423746e-01
   1.0852945e-02   1.8935517e-01
   1.0853021e-02   1.9140225e-01
   1.0888896e-02   1.9242579e-01
   1.0956296e-02   1.9344933e-01
   1.1034365e-02   1.9447288e-01
   1.1037016e-02   1.9549642e-01
   1.1101446e-02   1.9651996e-01
   1.1101813e-02   1.9754350e-01
   1.1102147e-02   1.9856704e-01
   1.1124367e-02   1.9959058e-01
   1.1146214e-02   2.0061412e-01
   1.1171433e-02   2.0266121e-01
   1.1176436e-02   2.0573183e-01
   1.1241460e-02   2.0777892e-01
   1.1248202e-02   2.0982600e-01
   1.1343726e-02   2.1596725e-01
   1.1357019e-02   2.1699079e-01
   1.1370207e-02   2.1903787e-01
   1.1401071e-02   2.2006141e-01
   1.1406853e-02   2.2517912e-01
   1.1457468e-02   2.2620266e-01
   1.1462236e-02   2.2824974e-01
   1.1466604e-02   2.2927329e-01
   1.1549305e-02   2.3029683e-01
   1.1602166e-02   2.3132037e-01
   1.1604974e-02   2.3234391e-01
   1.1616670e-02   2.3336745e-01
   1.1619201e-02   2.3439099e-01
   1.1640227e-02   2.3541453e-01
   1.1644136e-02   2.3643808e-01
   1.1762117e-02   2.3848516e-01
   1.1781678e-02   2.3950870e-01
   1.1854586e-02   2.4155578e-01
   1.1873119e-02   2.4257932e-01
   1.1928913e-02   2.4360287e-01
   1.1944062e-02   2.4462641e-01
   1.1966561e-02   2.4564995e-01
   1.1981276e-02   2.4872057e-01
   1.2062013e-02   2.5076766e-01
   1.2078528e-02   2.5179120e-01
   1.2151236e-02   2.5588536e-01
   1.2192720e-02   2.5690890e-01
   1.2207399e-02   2.5793245e-01
   1.2255396e-02   2.5895599e-01
   1.2275819e-02   2.6305015e-01
   1.2285201e-02   2.6407369e-01
   1.2285710e-02   2.6509724e-01
   1.2338778e-02   2.6612078e-01
   1.2389840e-02   2.6919140e-01
   1.2403449e-02   2.7021494e-01
   1.2425540e-02   2.7123849e-01
   1.2429072e-02   2.7430911e-01
   1.2475776e-02   2.7533265e-01
   1.2574611e-02   2.7635619e-01
   1.2591652e-02   2.7840328e-01
   1.2673040e-02   2.8147390e-01
   1.2677142e-02   2.8352098e-01
   1.2703944e-02   2.8556807e-01
   1.2723582e-02   2.8659161e-01
   1.2757249e-02   2.8761515e-01
   1.2842652e-02   2.8966223e-01
   1.2876705e-02   2.9477994e-01
   1.2912099e-02   2.9580348e-01
   1.2930175e-02   2.9682702e-01
   1.2955875e-02   2.9887410e-01
   1.2985546e-02   2.9989765e-01
   1.3012096e-02   3.0092119e-01
   1.3053642e-02   3.0194473e-01
   1.3087365e-02   3.0399181e-01
   1.3110902e-02   3.0501535e-01
   1.3168730e-02   3.0603889e-01
   1.3180229e-02   3.0808598e-01
   1.3183123e-02   3.0910952e-01
   1.3189040e-02   3.1013306e-01
   1.3194224e-02   3.1115660e-01
   1.3239327e-02   3.1218014e-01
   1.3256520e-02   3.1320368e-01
   1.3304260e-02   3.1525077e-01
   1.3318603e-02   3.1627431e-01
   1.3427163e-02   3.1729785e-01
   1.3432857e-02   3.1934493e-01
   1.3442056e-02   3.2036847e-01
   1.3451864e-02   3.2139202e-01
   1.3472663e-02   3.2241556e-01
   1.3492972e-02   3.2343910e-01
   1.3526584e-02   3.2548618e-01
   1.3556306e-02   3.2650972e-01
   1.3560552e-02   3.2753327e-01
   1.3666438e-02   3.2855681e-01
   1.3681887e-02   3.2958035e-01
   1.3694155e-02   3.3060389e-01
   1.3755048e-02   3.3162743e-01
   1.3780875e-02   3.3265097e-01
   1.3806020e-02   3.3367451e-01
   1.3818599e-02   3.3674514e-01
   1.3852232e-02   3.3776868e-01
   1.3915762e-02   3.3879222e-01
   1.3939077e-02   3.3981576e-01
   1.3988352e-02   3.4083930e-01
   1.4042313e-02   3.4186285e-01
   1.4067988e-02   3.4288639e-01
   1.4121377e-02   3.4493347e-01
   1.4202921e-02   3.4595701e-01
   1.4205633e-02   3.4698055e-01
   1.4208874e-02   3.4800409e-01
   1.4249027e-02   3.4902764e-01
   1.4284286e-02   3.5005118e-01
   1.4313731e-02   3.5107472e-01
   1.4430472e-02   3.5516888e-01
   1.4440197e-02   3.5619243e-01
   1.4471062e-02   3.6131013e-01
   1.4512308e-02   3.6233367e-01
   1.4518363e-02   3.6335722e-01
   1.4549940e-02   3.6438076e-01
   1.4716393e-02   3.6540430e-01
   1.4761628e-02   3.6745138e-01
   1.4800369e-02   3.6847492e-01
   1.4822723e-02   3.6949846e-01
   1.4911332e-02   3.7154555e-01
   1.4926657e-02   3.7256909e-01
   1.4948456e-02   3.7359263e-01
   1.5022064e-02   3.7563971e-01
   1.5022591e-02   3.7666325e-01
   1.5084807e-02   3.7768680e-01
   1.5141920e-02   3.7871034e-01
   1.5157857e-02   3.7973388e-01
   1.5191386e-02   3.8075742e-01
   1.5289898e-02   3.8178096e-01
   1.5362919e-02   3.8280450e-01
   1.5373058e-02   3.8382805e-01
   1.5439681e-02   3.8485159e-01
   1.5452894e-02   3.8587513e-01
   1.5504883e-02   3.8689867e-01
   1.5542932e-02   3.8792221e-01
   1.5588951e-02   3.8996929e-01
   1.5594720e-02   3.9099284e-01
   1.5643221e-02   3.9201638e-01
   1.5661051e-02   3.9303992e-01
   1.5739272e-02   3.9406346e-01
   1.5744555e-02   3.9508700e-01
   1.5753535e-02   3.9611054e-01
   1.5778064e-02   3.9713408e-01
   1.5819280e-02   3.9815763e-01
   1.5822138e-02   3.9918117e-01
   1.5841187e-02   4.0225179e-01
   1.5852207e-02   4.0327533e-01
   1.5878332e-02   4.0532242e-01
   1.5912079e-02   4.0634596e-01
   1.5953421e-02   4.0736950e-01
   1.5957970e-02   4.0839304e-01
   1.5970695e-02   4.0941658e-01
   1.6055066e-02   4.1044012e-01
   1.6069593e-02   4.1146366e-01
   1.6090944e-02   4.1351075e-01
   1.6104522e-02   4.1453429e-01
   1.6104591e-02   4.1555783e-01
   1.6158188e-02   4.1658137e-01
   1.6170697e-02   4.1760491e-01
   1.6252919e-02   4.1862845e-01
   1.6292754e-02   4.2067554e-01
   1.6401097e-02   4.2374616e-01
   1.6457314e-02   4.2476970e-01
   1.6466740e-02   4.2784033e-01
   1.6488772e-02   4.2988741e-01
   1.6535992e-02   4.3091095e-01
   1.6538124e-02   4.3193449e-01
   1.6615093e-02   4.3295803e-01
   1.6629492e-02   4.3398158e-01
   1.6660332e-02   4.3500512e-01
   1.6678614e-02   4.3602866e-01
   1.6684955e-02   4.3705220e-01
   1.6738871e-02   4.3807574e-01
   1.6781646e-02   4.3909928e-01
   1.6784058e-02   4.4012282e-01
   1.6843420e-02   4.4114637e-01
   1.6862107e-02   4.4216991e-01
   1.7068298e-02   4.4319345e-01
   1.7088064e-02   4.4421699e-01
   1.7099351e-02   4.4524053e-01
   1.7136275e-02   4.4728762e-01
   1.7262594e-02   4.4933470e-01
   1.7293282e-02   4.5240532e-01
   1.7328300e-02   4.5342886e-01
   1.7368007e-02   4.5445241e-01
   1.7373369e-02   4.5547595e-01
   1.7424075e-02   4.5649949e-01
   1.7494736e-02   4.5854657e-01
   1.7554589e-02   4.5957011e-01
   1.7604424e-02   4.6059365e-01
   1.7680445e-02   4.6264074e-01
   1.7694941e-02   4.6366428e-01
   1.7809967e-02   4.6468782e-01
   1.7834983e-02   4.6571136e-01
   1.7844842e-02   4.6775844e-01
   1.7863384e-02   4.6878199e-01
   1.7939369e-02   4.6980553e-01
   1.7990703e-02   4.7082907e-01
   1.8107491e-02   4.7185261e-01
   1.8111236e-02   4.7287615e-01
   1.8168352e-02   4.7389969e-01
   1.8223072e-02   4.7492323e-01
   1.8229869e-02   4.7594678e-01
   1.8244949e-02   4.7697032e-01
   1.8303360e-02   4.7799386e-01
   1.8305642e-02   4.7901740e-01
   1.8326105e-02   4.8004094e-01
   1.8361432e-02   4.8106448e-01
   1.8381350e-02   4.8208802e-01
   1.8393023e-02   4.8311157e-01
   1.8395771e-02   4.8413511e-01
   1.8401404e-02   4.8515865e-01
   1.8492086e-02   4.8618219e-01
   1.8506902e-02   4.8720573e-01
   1.8570498e-02   4.8822927e-01
   1.8575454e-02   4.8925281e-01
   1.8587412e-02   4.9027636e-01
   1.8617621e-02   4.9129990e-01
   1.8637838e-02   4.9334698e-01
   1.8641417e-02   4.9437052e-01
   1.8701658e-02   4.9539406e-01
   1.8744608e-02   4.9744115e-01
   1.8863364e-02   4.9948823e-01
   1.8879581e-02   5.0051177e-01
   1.9009335e-02   5.0255885e-01
   1.9037531e-02   5.0358240e-01
   1.9134366e-02   5.0460594e-01
   1.9172266e-02   5.0562948e-01
   1.9200008e-02   5.0767656e-01
   1.9253872e-02   5.0972364e-01
   1.9260069e-02   5.1074719e-01
   1.9289304e-02   5.1279427e-01
   1.9361116e-02   5.1381781e-01
   1.9419320e-02   5.1586489e-01
   1.9519783e-02   5.1688843e-01
   1.9574985e-02   5.1791198e-01
   1.9621409e-02   5.1893552e-01
   1.9625393e-02   5.1995906e-01
   1.9631048e-02   5.2098260e-01
   1.9684251e-02   5.2200614e-01
   1.9716463e-02   5.2302968e-01
   1.9720677e-02   5.2405322e-01
   1.9744122e-02   5.2507677e-01
   1.9758903e-02   5.2610031e-01
   1.9846932e-02   5.2712385e-01
   1.9877186e-02   5.2814739e-01
   1.9887354e-02   5.2917093e-01
   1.9892559e-02   5.3121801e-01
   1.9894609e-02   5.3224156e-01
   1.9932028e-02   5.3326510e-01
   1.9947908e-02   5.3531218e-01
   1.9963373e-02   5.3633572e-01
   2.0002163e-02   5.3735926e-01
   2.0048283e-02   5.3838280e-01
   2.0050644e-02   5.3940635e-01
   2.0066340e-02   5.4042989e-01
   2.0132792e-02   5.4145343e-01
   2.0141012e-02   5.4247697e-01
   2.0180030e-02   5.4350051e-01
   2.0222012e-02   5.4554759e-01
   2.0233257e-02   5.4657114e-01
   2.0235459e-02   5.4759468e-01
   2.0244300e-02   5.4964176e-01
   2.0360887e-02   5.5066530e-01
   2.0428859e-02   5.5168884e-01
   2.0517168e-02   5.5271238e-01
   2.0572417e-02   5.5373593e-01
   2.0649344e-02   5.5475947e-01
   2.0656116e-02   5.5578301e-01
   2.0672800e-02   5.5680655e-01
   2.0704732e-02   5.5783009e-01
   2.0723727e-02   5.5885363e-01
   2.0800126e-02   5.5987718e-01
   2.0805333e-02   5.6090072e-01
   2.0876491e-02   5.6192426e-01
   2.0962441e-02   5.6294780e-01
   2.0986638e-02   5.6397134e-01
   2.1171343e-02   5.6704197e-01
   2.1189987e-02   5.6806551e-01
   2.1197233e-02   5.6908905e-01
   2.1226560e-02   5.7011259e-01
   2.1264911e-02   5.7113613e-01
   2.1373364e-02   5.7215967e-01
   2.1454677e-02   5.7318321e-01
   2.1549583e-02   5.7420676e-01
   2.1563209e-02   5.7523030e-01
   2.1598186e-02   5.7625384e-01
   2.1668491e-02   5.7727738e-01
   2.1672249e-02   5.7830092e-01
   2.1681333e-02   5.7932446e-01
   2.1706594e-02   5.8137155e-01
   2.1836962e-02   5.8341863e-01
   2.1869633e-02   5.8546571e-01
   2.1976105e-02   5.8648925e-01
   2.1979826e-02   5.8751279e-01
   2.1983360e-02   5.8853634e-01
   2.2171797e-02   5.8955988e-01
   2.2178144e-02   5.9160696e-01
   2.2216555e-02   5.9263050e-01
   2.2230091e-02   5.9365404e-01
   2.2233106e-02   5.9467758e-01
   2.2284007e-02   5.9570113e-01
   2.2456590e-02   5.9672467e-01
   2.2457206e-02   5.9877175e-01
   2.2470834e-02   6.0081883e-01
   2.2489339e-02   6.0184237e-01
   2.2531396e-02   6.0286592e-01
   2.2533096e-02   6.0388946e-01
   2.2536960e-02   6.0491300e-01
   2.2696889e-02   6.0593654e-01
   2.2720780e-02   6.0696008e-01
   2.2771218e-02   6.0798362e-01
   2.2797065e-02   6.0900716e-01
   2.2800417e-02   6.1003071e-01
   2.2870982e-02   6.1105425e-01
   2.2873231e-02   6.1207779e-01
   2.2972398e-02   6.1310133e-01
   2.2982281e-02   6.1412487e-01
   2.3058339e-02   6.1514841e-01
   2.3203636e-02   6.1617195e-01
   2.3237837e-02   6.1719550e-01
   2.3254983e-02   6.1821904e-01
   2.3309226e-02   6.1924258e-01
   2.3351910e-02   6.2026612e-01
   2.3359861e-02   6.2128966e-01
   2.3363603e-02   6.2231320e-01
   2.3402888e-02   6.2333675e-01
   2.3424497e-02   6.2436029e-01
   2.3430045e-02   6.2538383e-01
   2.3621988e-02   6.2640737e-01
   2.3672521e-02   6.2743091e-01
   2.3690369e-02   6.2845445e-01
   2.3747774e-02   6.3050154e-01
   2.3749404e-02   6.3152508e-01
   2.3822597e-02   6.3254862e-01
   2.3884505e-02   6.3357216e-01
   2.4003170e-02   6.3459570e-01
   2.4021455e-02   6.3561924e-01
   2.4039066e-02   6.3664278e-01
   2.4256488e-02   6.3766633e-01
   2.4265517e-02   6.3868987e-01
   2.4425890e-02   6.3971341e-01
   2.4523701e-02   6.4073695e-01
   2.4531050e-02   6.4176049e-01
   2.4570403e-02   6.4278403e-01
   2.4572519e-02   6.4380757e-01
   2.4588888e-02   6.4483112e-01
   2.4638649e-02   6.4585466e-01
   2.4781087e-02   6.4687820e-01
   2.4838339e-02   6.4790174e-01
   2.4849249e-02   6.4892528e-01
   2.4851081e-02   6.5097236e-01
   2.5015907e-02   6.5199591e-01
   2.5065377e-02   6.5301945e-01
   2.5206325e-02   6.5404299e-01
   2.5309293e-02   6.5506653e-01
   2.5324663e-02   6.5609007e-01
   2.5364323e-02   6.5711361e-01
   2.5385939e-02   6.5813715e-01
   2.5479947e-02   6.5916070e-01
   2.5596218e-02   6.6018424e-01
   2.5596448e-02   6.6120778e-01
   2.5600042e-02   6.6223132e-01
   2.5630542e-02   6.6325486e-01
   2.5631798e-02   6.6530194e-01
   2.5799707e-02   6.6632549e-01
   2.5812063e-02   6.6837257e-01
   2.5877106e-02   6.6939611e-01
   2.6059399e-02   6.7041965e-01
   2.6069502e-02   6.7144319e-01
   2.6073969e-02   6.7246673e-01
   2.6116910e-02   6.7349028e-01
   2.6338023e-02   6.7451382e-01
   2.6339232e-02   6.7553736e-01
   2.6366700e-02   6.7656090e-01
   2.6384277e-02   6.7758444e-01
   2.6427930e-02   6.7860798e-01
   2.6431542e-02   6.7963153e-01
   2.6435547e-02   6.8065507e-01
   2.6525664e-02   6.8167861e-01
   2.6542734e-02   6.8270215e-01
   2.6875090e-02   6.8372569e-01
   2.6903830e-02   6.8474923e-01
   2.6903854e-02   6.8577277e-01
   2.6988011e-02   6.8679632e-01
   2.7084242e-02   6.8781986e-01
   2.7103917e-02   6.8884340e-01
   2.7120453e-02   6.8986694e-01
   2.7181553e-02   6.9089048e-01
   2.7188991e-02   6.9191402e-01
   2.7199564e-02   6.9293756e-01
   2.7280870e-02   6.9396111e-01
   2.7332132e-02   6.9498465e-01
   2.7391697e-02   6.9600819e-01
   2.7617564e-02   6.9703173e-01
   2.7663963e-02   6.9805527e-01
   2.7690966e-02   6.9907881e-01
   2.7691708e-02   7.0010235e-01
   2.7742701e-02   7.0112590e-01
   2.7806465e-02   7.0214944e-01
   2.7843044e-02   7.0317298e-01
   2.7848068e-02   7.0419652e-01
   2.7903259e-02   7.0522006e-01
   2.7990564e-02   7.0624360e-01
   2.8136625e-02   7.0726714e-01
   2.8152159e-02   7.0931423e-01
   2.8180580e-02   7.1033777e-01
   2.8229009e-02   7.1136131e-01
   2.8315680e-02   7.1238485e-01
   2.8338801e-02   7.1340839e-01
   2.8514439e-02   7.1443193e-01
   2.8517363e-02   7.1545548e-01
   2.8522324e-02   7.1647902e-01
   2.8526007e-02   7.1750256e-01
   2.8627461e-02   7.1852610e-01
   2.8665619e-02   7.1954964e-01
   2.8687278e-02   7.2057318e-01
   2.8716692e-02   7.2159672e-01
   2.8718130e-02   7.2262027e-01
   2.8721902e-02   7.2364381e-01
   2.8807774e-02   7.2466735e-01
   2.8824070e-02   7.2569089e-01
   2.8842201e-02   7.2671443e-01
   2.8908283e-02   7.2773797e-01
   2.9058797e-02   7.2876151e-01
   2.9090550e-02   7.2978506e-01
   2.9166395e-02   7.3080860e-01
   2.9189412e-02   7.3183214e-01
   2.9393807e-02   7.3285568e-01
   2.9683350e-02   7.3387922e-01
   2.9695588e-02   7.3490276e-01
   2.9813766e-02   7.3592631e-01
   2.9849437e-02   7.3694985e-01
   2.9989780e-02   7.3797339e-01
   3.0211640e-02   7.3899693e-01
   3.0284330e-02   7.4002047e-01
   3.0295389e-02   7.4104401e-01
   3.0395288e-02   7.4206755e-01
   3.0472010e-02   7.4309110e-01
   3.0559882e-02   7.4513818e-01
   3.0596821e-02   7.4616172e-01
   3.0798290e-02   7.4718526e-01
   3.0852269e-02   7.4820880e-01
   3.0891357e-02   7.4923234e-01
   3.0953571e-02   7.5025589e-01
   3.0976533e-02   7.5127943e-01
   3.0978916e-02   7.5230297e-01
   3.1093831e-02   7.5332651e-01
   3.1182558e-02   7.5435005e-01
   3.1200031e-02   7.5537359e-01
   3.1232127e-02   7.5639713e-01
   3.1232834e-02   7.5742068e-01
   3.1255030e-02   7.5844422e-01
   3.1322101e-02   7.5946776e-01
   3.1692676e-02   7.6049130e-01
   3.1741715e-02   7.6151484e-01
   3.1756160e-02   7.6253838e-01
   3.1875359e-02   7.6356192e-01
   3.1884688e-02   7.6458547e-01
   3.2043008e-02   7.6560901e-01
   3.2341281e-02   7.6663255e-01
   3.2346536e-02   7.6765609e-01
   3.2550491e-02   7.6867963e-01
   3.2560057e-02   7.6970317e-01
   3.2562740e-02   7.7175026e-01
   3.2586023e-02   7.7277380e-01
   3.2789961e-02   7.7379734e-01
   3.2803272e-02   7.7482088e-01
   3.2804858e-02   7.7584442e-01
   3.2831692e-02   7.7686796e-01
   3.2849818e-02   7.7789150e-01
   3.3053075e-02   7.7891505e-01
   3.3157441e-02   7.7993859e-01
   3.3230334e-02   7.8096213e-01
   3.3318870e-02   7.8198567e-01
   3.3412230e-02   7.8300921e-01
   3.3531597e-02   7.8403275e-01
   3.3557296e-02   7.8505629e-01
   3.3703836e-02   7.8607984e-01
   3.3799006e-02   7.8710338e-01
   3.3865098e-02   7.8812692e-01
   3.3898839e-02   7.8915046e-01
   3.4069076e-02   7.9017400e-01
   3.4136128e-02   7.9119754e-01
   3.4176066e-02   7.9222108e-01
   3.4291851e-02   7.9324463e-01
   3.4614266e-02   7.9426817e-01
   3.4656013e-02   7.9529171e-01
   3.4667213e-02   7.9631525e-01
   3.4788902e-02   7.9733879e-01
   3.4851139e-02   7.9836233e-01
   3.4862980e-02   7.9938588e-01
   3.4982600e-02   8.0143296e-01
   3.5109179e-02   8.0245650e-01
   3.5288510e-02   8.0348004e-01
   3.5373535e-02   8.0450358e-01
   3.5511909e-02   8.0552712e-01
   3.5535691e-02   8.0757421e-01
   3.5620646e-02   8.0859775e-01
   3.5665520e-02   8.0962129e-01
   3.5980962e-02   8.1064483e-01
   3.6487571e-02   8.1166837e-01
   3.6513875e-02   8.1269191e-01
   3.6531944e-02   8.1371546e-01
   3.6695212e-02   8.1473900e-01
   3.6917875e-02   8.1576254e-01
   3.6942937e-02   8.1678608e-01
   3.7142978e-02   8.1780962e-01
   3.7181922e-02   8.1883316e-01
   3.7479977e-02   8.1985670e-01
   3.7605968e-02   8.2088025e-01
   3.7608503e-02   8.2190379e-01
   3.7640249e-02   8.2292733e-01
   3.7942472e-02   8.2395087e-01
   3.8000055e-02   8.2497441e-01
   3.8026056e-02   8.2599795e-01
   3.8266800e-02   8.2702149e-01
   3.8289404e-02   8.2804504e-01
   3.8740424e-02   8.2906858e-01
   3.8749239e-02   8.3009212e-01
   3.8769860e-02   8.3111566e-01
   3.8811304e-02   8.3213920e-01
   3.8827969e-02   8.3316274e-01
   3.8936458e-02   8.3418628e-01
   3.9049955e-02   8.3520983e-01
   4.0016886e-02   8.3623337e-01
   4.0098630e-02   8.3725691e-01
   4.0266770e-02   8.3828045e-01
   4.0289532e-02   8.3930399e-01
   4.0375423e-02   8.4032753e-01
   4.0571277e-02   8.4135107e-01
   4.0724932e-02   8.4237462e-01
   4.0739695e-02   8.4339816e-01
   4.0802666e-02   8.4442170e-01
   4.0933110e-02   8.4544524e-01
   4.1040590e-02   8.4646878e-01
   4.1316040e-02   8.4749232e-01
   4.1329317e-02   8.4851586e-01
   4.1417821e-02   8.4953941e-01
   4.1671863e-02   8.5056295e-01
   4.1912958e-02   8.5158649e-01
   4.2092705e-02   8.5261003e-01
   4.2104166e-02   8.5363357e-01
   4.2173528e-02   8.5465711e-01
   4.2203089e-02   8.5568066e-01
   4.2239908e-02   8.5670420e-01
   4.2342121e-02   8.5772774e-01
   4.2555466e-02   8.5875128e-01
   4.2920754e-02   8.5977482e-01
   4.2941287e-02   8.6079836e-01
   4.3155035e-02   8.6182190e-01
   4.3199532e-02   8.6284545e-01
   4.3222442e-02   8.6386899e-01
   4.3336535e-02   8.6489253e-01
   4.3589091e-02   8.6591607e-01
   4.4156316e-02   8.6693961e-01
   4.4168603e-02   8.6796315e-01
   4.4188694e-02   8.6898669e-01
   4.4741020e-02   8.7001024e-01
   4.4976646e-02   8.7103378e-01
   4.5473116e-02   8.7205732e-01
   4.5477981e-02   8.7308086e-01
   4.5593487e-02   8.7410440e-01
   4.6194851e-02   8.7512794e-01
   4.6420273e-02   8.7615148e-01
   4.6766956e-02   8.7717503e-01
   4.7067659e-02   8.7819857e-01
   4.7474811e-02   8.7922211e-01
   4.7579451e-02   8.8024565e-01
   4.7976313e-02   8.8126919e-01
   4.8065077e-02   8.8229273e-01
   4.8336251e-02   8.8331627e-01
   4.8439591e-02   8.8433982e-01
   4.8458873e-02   8.8536336e-01
   4.8557952e-02   8.8638690e-01
   4.8589481e-02   8.8741044e-01
   4.9098318e-02   8.8843398e-01
   4.9108943e-02   8.8945752e-01
   4.9785261e-02   8.9048106e-01
   5.0586322e-02   8.9150461e-01
   5.0662491e-02   8.9252815e-01
   5.0716550e-02   8.9355169e-01
   5.0865892e-02   8.9457523e-01
   5.0893299e-02   8.9559877e-01
   5.1114595e-02   8.9662231e-01
   5.1179535e-02   8.9764585e-01
   5.1323797e-02   8.9866940e-01
   5.1741546e-02   8.9969294e-01
   5.1839059e-02   9.0071648e-01
   5.2032635e-02   9.0174002e-01
   5.2211719e-02   9.0276356e-01
   5.2500898e-02   9.0378710e-01
   5.2687320e-02   9.0481064e-01
   5.2693393e-02   9.0583419e-01
   5.2763839e-02   9.0685773e-01
   5.3232726e-02   9.0788127e-01
   5.3253514e-02   9.0890481e-01
   5.3294451e-02   9.0992835e-01
   5.3429364e-02   9.1095189e-01
   5.3621412e-02   9.1197544e-01
   5.4047856e-02   9.1299898e-01
   5.4407500e-02   9.1402252e-01
   5.4650536e-02   9.1504606e-01
   5.5635961e-02   9.1606960e-01
   5.5876887e-02   9.1709314e-01
   5.6526410e-02   9.1811668e-01
   5.6624351e-02   9.1914023e-01
   5.6853628e-02   9.2016377e-01
   5.7547566e-02   9.2118731e-01
   5.7568990e-02   9.2221085e-01
   5.7843628e-02   9.2323439e-01
   5.8081169e-02   9.2425793e-01
   5.8380226e-02   9.2528147e-01
   5.8653558e-02   9.2630502e-01
   5.8872657e-02   9.2732856e-01
   5.8889221e-02   9.2835210e-01
   5.8997391e-02   9.2937564e-01
   6.0308473e-02   9.3039918e-01
   6.0637447e-02   9.3142272e-01
   6.0790093e-02   9.3244626e-01
   6.1162489e-02   9.3346981e-01
   6.1172659e-02   9.3449335e-01
   6.1395849e-02   9.3551689e-01
   6.1636313e-02   9.3654043e-01
   6.1689608e-02   9.3756397e-01
   6.1699548e-02   9.3858751e-01
   6.1827628e-02   9.3961105e-01
   6.2487986e-02   9.4063460e-01
   6.2628387e-02   9.4165814e-01
   6.2949843e-02   9.4268168e-01
   6.3424398e-02   9.4370522e-01
   6.4019051e-02   9.4472876e-01
   6.4081038e-02   9.4575230e-01
   6.4603033e-02   9.4677584e-01
   6.5366464e-02   9.4779939e-01
   6.5547533e-02   9.4882293e-01
   6.5787765e-02   9.4984647e-01
   6.5969991e-02   9.5087001e-01
   6.6340129e-02   9.5189355e-01
   6.6998270e-02   9.5291709e-01
   6.7477773e-02   9.5394063e-01
   6.7642803e-02   9.5496418e-01
   6.8197700e-02   9.5598772e-01
   6.8617281e-02   9.5701126e-01
   6.8775806e-02   9.5803480e-01
   6.9525451e-02   9.5905834e-01
   7.0123661e-02   9.6008188e-01
   7.0521157e-02   9.6110542e-01
   7.0554172e-02   9.6212897e-01
   7.1265943e-02   9.6315251e-01
   7.4548543e-02   9.6417605e-01
   7.5751087e-02   9.6519959e-01
   7.6402235e-02   9.6622313e-01
   7.6779607e-02   9.6724667e-01
   7.6941614e-02   9.6827021e-01
   7.7744217e-02   9.6929376e-01
   7.8460078e-02   9.7031730e-01
   7.8525471e-02   9.7134084e-01
   7.8820208e-02   9.7236438e-01
   7.9806372e-02   9.7338792e-01
   8.2049579e-02   9.7441146e-01
   8.2365703e-02   9.7543501e-01
   8.3075760e-02   9.7645855e-01
   8.3504878e-02   9.7748209e-01
   8.3529839e-02   9.7850563e-01
   8.7180755e-02   9.7952917e-01
   8.8296510e-02   9.8055271e-01
   8.8956272e-02   9.8157625e-01
   8.9614377e-02   9.8259980e-01
   9.0201872e-02   9.8362334e-01
   9.6353312e-02   9.8464688e-01
   9.7101108e-02   9.8567042e-01
   1.0024558e-01   9.8669396e-01
   1.0198398e-01   9.8771750e-01
   1.0227772e-01   9.8874104e-01
   1.0410580e-01   9.8976459e-01
   1.0447787e-01   9.9078813e-01
   1.0456667e-01   9.9181167e-01
   1.0645393e-01   9.9283521e-01
   1.0937846e-01   9.9385875e-01
   1.1056350e-01   9.9488229e-01
   1.1415986e-01   9.9590583e-01
   1.1898766e-01   9.9692938e-01
   1.2774886e-01   9.9795292e-01
   2.3333193e-01   9.9897646e-01
   2.8710606e-01   1.0000000e+00
