   2.1392000e-03   0.0000000e+00
   2.1392000e-03   3.3333333e-04
   2.5672000e-03   1.6666667e-03
   2.9944000e-03   4.3333333e-03
   3.4224000e-03   1.3000000e-02
   3.8504000e-03   3.3333333e-02
   4.2784000e-03   5.0666667e-02
   4.7056000e-03   7.9333333e-02
   5.1336000e-03   1.3800000e-01
   5.5616000e-03   1.9366667e-01
   5.9896000e-03   2.6566667e-01
   6.4168000e-03   3.5233333e-01
   6.8448000e-03   4.3933333e-01
   7.2728000e-03   5.1833333e-01
   7.7008000e-03   5.9533333e-01
   8.1280000e-03   6.6233333e-01
   8.5560000e-03   7.1033333e-01
   8.9840000e-03   7.5933333e-01
   9.4120000e-03   7.9100000e-01
   9.8392000e-03   8.2000000e-01
   1.0267200e-02   8.4400000e-01
   1.0695200e-02   8.6066667e-01
   1.1123200e-02   8.7700000e-01
   1.1550400e-02   8.9033333e-01
   1.1978400e-02   9.0200000e-01
   1.2406400e-02   9.1333333e-01
   1.2834400e-02   9.2333333e-01
   1.3261600e-02   9.3100000e-01
   1.3689600e-02   9.3900000e-01
   1.4117600e-02   9.4333333e-01
   1.4545600e-02   9.4733333e-01
   1.4973600e-02   9.5400000e-01
   1.5400800e-02   9.6000000e-01
   1.5828800e-02   9.6400000e-01
   1.6256800e-02   9.7033333e-01
   1.6684800e-02   9.7333333e-01
   1.7112000e-02   9.7533333e-01
   1.7540000e-02   9.7900000e-01
   1.7968000e-02   9.7966667e-01
   1.8396000e-02   9.8166667e-01
   1.8823200e-02   9.8433333e-01
   1.9251200e-02   9.8533333e-01
   1.9679200e-02   9.8600000e-01
   2.0107200e-02   9.8700000e-01
   2.0534400e-02   9.8833333e-01
   2.0962400e-02   9.8966667e-01
   2.1390400e-02   9.9066667e-01
   2.1818400e-02   9.9133333e-01
   2.2245600e-02   9.9300000e-01
   2.2673600e-02   9.9366667e-01
   2.3101600e-02   9.9533333e-01
   2.3529600e-02   9.9566667e-01
   2.3957600e-02   9.9600000e-01
   2.5240800e-02   9.9633333e-01
   2.5668800e-02   9.9700000e-01
   2.7807200e-02   9.9733333e-01
   2.8663200e-02   9.9766667e-01
   2.9518400e-02   9.9800000e-01
   2.9946400e-02   9.9833333e-01
   3.1229600e-02   9.9866667e-01
   3.1657600e-02   9.9900000e-01
   3.6364000e-02   9.9933333e-01
   4.6203200e-02   9.9966667e-01
   4.6631200e-02   1.0000000e+00
