   2.7832000e-03   0.0000000e+00
   2.7832000e-03   2.3255814e-02
   7.5544000e-03   4.6511628e-02
   8.7472000e-03   6.9767442e-02
   9.1448000e-03   1.1627907e-01
   1.2724000e-02   1.3953488e-01
   1.5109600e-02   1.6279070e-01
   1.5904800e-02   1.8604651e-01
   1.6700000e-02   2.3255814e-01
   1.7495200e-02   2.5581395e-01
   1.8290400e-02   3.0232558e-01
   1.9085600e-02   3.4883721e-01
   1.9483200e-02   3.7209302e-01
   2.0278400e-02   3.9534884e-01
   2.1471200e-02   4.4186047e-01
   2.1868800e-02   4.6511628e-01
   2.2266400e-02   4.8837209e-01
   2.3856800e-02   5.3488372e-01
   2.4652000e-02   5.5813953e-01
   2.5844800e-02   5.8139535e-01
   2.9820800e-02   6.0465116e-01
   3.0218400e-02   6.2790698e-01
   3.2604800e-02   6.5116279e-01
   3.6978400e-02   6.7441860e-01
   3.9364000e-02   6.9767442e-01
   4.0954400e-02   7.2093023e-01
   4.9304000e-02   7.4418605e-01
   5.0099200e-02   7.6744186e-01
   5.0496800e-02   7.9069767e-01
   5.2882400e-02   8.1395349e-01
   5.4075200e-02   8.3720930e-01
   5.6859200e-02   8.6046512e-01
   5.9642400e-02   8.8372093e-01
   6.2028000e-02   9.0697674e-01
   6.4811200e-02   9.3023256e-01
   7.1570400e-02   9.5348837e-01
   7.6341600e-02   9.7674419e-01
   1.3320080e-01   1.0000000e+00
