   7.8608267e-03   0.0000000e+00
   7.8608267e-03   4.2194093e-03
   8.5061423e-03   8.4388186e-03
   8.7286813e-03   1.2658228e-02
   8.9525935e-03   1.6877637e-02
   9.0295905e-03   2.1097046e-02
   9.2550490e-03   2.5316456e-02
   9.5108275e-03   2.9535865e-02
   9.8421736e-03   3.3755274e-02
   9.8987103e-03   3.7974684e-02
   1.0003155e-02   4.2194093e-02
   1.0064079e-02   4.6413502e-02
   1.0958744e-02   5.4852321e-02
   1.1200796e-02   5.9071730e-02
   1.1490954e-02   6.3291139e-02
   1.1645990e-02   6.7510549e-02
   1.1677950e-02   7.1729958e-02
   1.1859789e-02   7.5949367e-02
   1.1893388e-02   8.0168776e-02
   1.2049161e-02   8.4388186e-02
   1.2190990e-02   8.8607595e-02
   1.2229289e-02   9.2827004e-02
   1.2326113e-02   9.7046414e-02
   1.2484754e-02   1.0548523e-01
   1.2525166e-02   1.0970464e-01
   1.2569049e-02   1.1392405e-01
   1.2762000e-02   1.1814346e-01
   1.2977441e-02   1.2236287e-01
   1.3007896e-02   1.2658228e-01
   1.3105417e-02   1.3080169e-01
   1.3198588e-02   1.3502110e-01
   1.3428024e-02   1.3924051e-01
   1.3435169e-02   1.4345992e-01
   1.3601906e-02   1.4767932e-01
   1.3851258e-02   1.5189873e-01
   1.4106435e-02   1.5611814e-01
   1.4375753e-02   1.6455696e-01
   1.4578609e-02   1.6877637e-01
   1.5011194e-02   1.7721519e-01
   1.5061473e-02   1.8143460e-01
   1.5199608e-02   1.8565401e-01
   1.5216976e-02   1.8987342e-01
   1.5456417e-02   1.9409283e-01
   1.5478865e-02   1.9831224e-01
   1.5768960e-02   2.0253165e-01
   1.5811894e-02   2.0675105e-01
   1.5836469e-02   2.1097046e-01
   1.5911257e-02   2.1518987e-01
   1.6241810e-02   2.1940928e-01
   1.6356372e-02   2.2362869e-01
   1.6522877e-02   2.2784810e-01
   1.6561408e-02   2.3206751e-01
   1.6953723e-02   2.3628692e-01
   1.7030037e-02   2.4050633e-01
   1.7499579e-02   2.4472574e-01
   1.7516994e-02   2.4894515e-01
   1.7852665e-02   2.5316456e-01
   1.7945002e-02   2.5738397e-01
   1.8137280e-02   2.6582278e-01
   1.8194832e-02   2.7004219e-01
   1.8341662e-02   2.7426160e-01
   1.8637589e-02   2.7848101e-01
   1.8739443e-02   2.8270042e-01
   1.8765278e-02   2.8691983e-01
   1.8817442e-02   2.9113924e-01
   1.8957131e-02   2.9535865e-01
   1.9073599e-02   2.9957806e-01
   1.9350209e-02   3.0379747e-01
   1.9512965e-02   3.0801688e-01
   1.9681495e-02   3.1223629e-01
   1.9894950e-02   3.1645570e-01
   1.9932682e-02   3.2067511e-01
   2.0251265e-02   3.2489451e-01
   2.0619687e-02   3.2911392e-01
   2.0902475e-02   3.3333333e-01
   2.0948844e-02   3.3755274e-01
   2.0999577e-02   3.4177215e-01
   2.1074362e-02   3.4599156e-01
   2.1124804e-02   3.5021097e-01
   2.1143966e-02   3.5443038e-01
   2.1193377e-02   3.5864979e-01
   2.1305100e-02   3.6286920e-01
   2.1703938e-02   3.6708861e-01
   2.1774670e-02   3.7130802e-01
   2.1831065e-02   3.7552743e-01
   2.1921775e-02   3.7974684e-01
   2.1956687e-02   3.8396624e-01
   2.1961846e-02   3.8818565e-01
   2.2088138e-02   3.9240506e-01
   2.2380618e-02   3.9662447e-01
   2.2923126e-02   4.0084388e-01
   2.2938913e-02   4.0506329e-01
   2.3355900e-02   4.0928270e-01
   2.3935027e-02   4.1350211e-01
   2.4516991e-02   4.1772152e-01
   2.5150843e-02   4.2194093e-01
   2.5172641e-02   4.2616034e-01
   2.5287713e-02   4.3037975e-01
   2.5657157e-02   4.3459916e-01
   2.5772801e-02   4.3881857e-01
   2.5944618e-02   4.4303797e-01
   2.5977721e-02   4.4725738e-01
   2.6233096e-02   4.5147679e-01
   2.6850863e-02   4.5569620e-01
   2.6867977e-02   4.5991561e-01
   2.7580272e-02   4.6413502e-01
   2.7767480e-02   4.6835443e-01
   2.7778831e-02   4.7257384e-01
   2.8607365e-02   4.7679325e-01
   2.9934717e-02   4.8101266e-01
   3.0062951e-02   4.8523207e-01
   3.0478538e-02   4.8945148e-01
   3.0726654e-02   4.9367089e-01
   3.0786658e-02   4.9789030e-01
   3.0910819e-02   5.0210970e-01
   3.1318322e-02   5.0632911e-01
   3.1727504e-02   5.1054852e-01
   3.1904199e-02   5.1476793e-01
   3.1997337e-02   5.1898734e-01
   3.2013129e-02   5.2320675e-01
   3.2033560e-02   5.2742616e-01
   3.2206620e-02   5.3164557e-01
   3.2247890e-02   5.3586498e-01
   3.2517806e-02   5.4008439e-01
   3.3507299e-02   5.4430380e-01
   3.3838483e-02   5.4852321e-01
   3.4192614e-02   5.5274262e-01
   3.4199155e-02   5.5696203e-01
   3.4585529e-02   5.6118143e-01
   3.4959946e-02   5.6540084e-01
   3.4960451e-02   5.6962025e-01
   3.5334999e-02   5.7383966e-01
   3.5439985e-02   5.7805907e-01
   3.6247182e-02   5.8227848e-01
   3.6379973e-02   5.8649789e-01
   3.6415828e-02   5.9071730e-01
   3.6681345e-02   5.9493671e-01
   3.6753435e-02   5.9915612e-01
   3.6840475e-02   6.0337553e-01
   3.7512976e-02   6.0759494e-01
   3.7531796e-02   6.1181435e-01
   3.8105273e-02   6.1603376e-01
   3.8558230e-02   6.2025316e-01
   3.9102024e-02   6.2447257e-01
   3.9393292e-02   6.2869198e-01
   3.9653238e-02   6.3291139e-01
   4.0930366e-02   6.3713080e-01
   4.2091997e-02   6.4135021e-01
   4.2393412e-02   6.4556962e-01
   4.2530708e-02   6.4978903e-01
   4.3215889e-02   6.5400844e-01
   4.4066866e-02   6.5822785e-01
   4.5149257e-02   6.6244726e-01
   4.5737434e-02   6.6666667e-01
   4.6217162e-02   6.7088608e-01
   4.7058199e-02   6.7510549e-01
   4.7201398e-02   6.7932489e-01
   4.9086140e-02   6.8354430e-01
   4.9591361e-02   6.8776371e-01
   4.9653136e-02   6.9198312e-01
   4.9780579e-02   6.9620253e-01
   5.0273791e-02   7.0042194e-01
   5.0802098e-02   7.0464135e-01
   5.0806628e-02   7.0886076e-01
   5.1196374e-02   7.1308017e-01
   5.1285437e-02   7.1729958e-01
   5.2626616e-02   7.2151899e-01
   5.3110376e-02   7.2573840e-01
   5.3641875e-02   7.2995781e-01
   5.4390899e-02   7.3417722e-01
   5.4766797e-02   7.3839662e-01
   5.4891394e-02   7.4261603e-01
   5.5418411e-02   7.4683544e-01
   5.5531302e-02   7.5105485e-01
   5.6951069e-02   7.5527426e-01
   5.7503567e-02   7.5949367e-01
   5.7964967e-02   7.6371308e-01
   5.8212549e-02   7.6793249e-01
   5.8350955e-02   7.7215190e-01
   5.8675609e-02   7.7637131e-01
   5.8854493e-02   7.8059072e-01
   6.0191573e-02   7.8481013e-01
   6.0270695e-02   7.8902954e-01
   6.1117550e-02   7.9324895e-01
   6.1141583e-02   7.9746835e-01
   6.1510999e-02   8.0168776e-01
   6.1755618e-02   8.0590717e-01
   6.2407676e-02   8.1012658e-01
   6.3277126e-02   8.1434599e-01
   6.3455043e-02   8.1856540e-01
   6.4639410e-02   8.2278481e-01
   6.5127463e-02   8.2700422e-01
   6.5369605e-02   8.3122363e-01
   6.5635622e-02   8.3544304e-01
   6.6497393e-02   8.3966245e-01
   6.7055024e-02   8.4388186e-01
   6.7153349e-02   8.4810127e-01
   6.7774062e-02   8.5232068e-01
   6.8576145e-02   8.5654008e-01
   6.9278658e-02   8.6075949e-01
   7.1647033e-02   8.6497890e-01
   7.2292826e-02   8.6919831e-01
   7.2638835e-02   8.7341772e-01
   7.4289315e-02   8.7763713e-01
   7.5843748e-02   8.8185654e-01
   7.5964797e-02   8.8607595e-01
   7.7023681e-02   8.9029536e-01
   7.7336371e-02   8.9451477e-01
   7.8225335e-02   8.9873418e-01
   7.8665701e-02   9.0295359e-01
   7.9062773e-02   9.0717300e-01
   7.9239935e-02   9.1139241e-01
   8.1618501e-02   9.1561181e-01
   8.3824407e-02   9.1983122e-01
   8.5965235e-02   9.2405063e-01
   8.8259352e-02   9.2827004e-01
   8.8648215e-02   9.3248945e-01
   8.9946137e-02   9.3670886e-01
   9.2435088e-02   9.4092827e-01
   9.9342132e-02   9.4514768e-01
   9.9352477e-02   9.4936709e-01
   1.0416411e-01   9.5358650e-01
   1.0488121e-01   9.5780591e-01
   1.0624846e-01   9.6202532e-01
   1.1111782e-01   9.6624473e-01
   1.1496985e-01   9.7046414e-01
   1.1864811e-01   9.7468354e-01
   1.2637435e-01   9.7890295e-01
   1.2648046e-01   9.8312236e-01
   1.2965983e-01   9.8734177e-01
   1.3267554e-01   9.9156118e-01
   1.6403128e-01   9.9578059e-01
   1.9907254e-01   1.0000000e+00
