   7.7840000e-03   0.0000000e+00
   7.7840000e-03   6.9930070e-03
   8.2160000e-03   1.3986014e-02
   1.0810400e-02   2.0979021e-02
   1.1676000e-02   3.4965035e-02
   1.2540800e-02   6.9930070e-02
   1.3837600e-02   8.3916084e-02
   1.4270400e-02   9.0909091e-02
   1.5135200e-02   9.7902098e-02
   1.5568000e-02   1.0489510e-01
   1.6432000e-02   1.1188811e-01
   1.6864800e-02   1.1888112e-01
   1.7297600e-02   1.2587413e-01
   1.7729600e-02   1.3986014e-01
   1.8162400e-02   1.5384615e-01
   1.8594400e-02   1.7482517e-01
   1.9027200e-02   1.8181818e-01
   1.9892000e-02   2.1678322e-01
   2.0324000e-02   2.3076923e-01
   2.0756800e-02   2.3776224e-01
   2.1188800e-02   2.6573427e-01
   2.1621600e-02   2.9370629e-01
   2.2054400e-02   3.0069930e-01
   2.2919200e-02   3.2167832e-01
   2.3351200e-02   3.3566434e-01
   2.4216000e-02   3.5664336e-01
   2.4648800e-02   3.7062937e-01
   2.5080800e-02   3.9160839e-01
   2.5513600e-02   4.1958042e-01
   2.5945600e-02   4.2657343e-01
   2.6378400e-02   4.3356643e-01
   2.7243200e-02   4.4055944e-01
   2.7676000e-02   4.6853147e-01
   2.8108000e-02   4.8251748e-01
   2.8540800e-02   4.9650350e-01
   2.8972800e-02   5.0349650e-01
   3.0270400e-02   5.1048951e-01
   3.0702400e-02   5.1748252e-01
   3.1135200e-02   5.3146853e-01
   3.1568000e-02   5.4545455e-01
   3.2000000e-02   5.5944056e-01
   3.3297600e-02   5.6643357e-01
   3.3729600e-02   5.8041958e-01
   3.4162400e-02   5.9440559e-01
   3.5459200e-02   6.0139860e-01
   3.5892000e-02   6.0839161e-01
   3.6324000e-02   6.1538462e-01
   3.6756800e-02   6.2237762e-01
   3.7621600e-02   6.3636364e-01
   3.8054400e-02   6.4335664e-01
   3.8919200e-02   6.5034965e-01
   3.9351200e-02   6.7132867e-01
   3.9784000e-02   6.7832168e-01
   4.0216000e-02   6.8531469e-01
   4.2378400e-02   6.9230769e-01
   4.3243200e-02   7.1328671e-01
   4.3676000e-02   7.2027972e-01
   4.4108000e-02   7.4125874e-01
   4.4540800e-02   7.6223776e-01
   4.5405600e-02   7.6923077e-01
   4.6270400e-02   7.9720280e-01
   4.6702400e-02   8.0419580e-01
   4.7135200e-02   8.1118881e-01
   4.9297600e-02   8.2517483e-01
   4.9729600e-02   8.3216783e-01
   5.1027200e-02   8.3916084e-01
   5.2324000e-02   8.5314685e-01
   5.5351200e-02   8.6713287e-01
   5.7080800e-02   8.7412587e-01
   5.8810400e-02   8.8111888e-01
   5.9676000e-02   8.8811189e-01
   6.4000000e-02   8.9510490e-01
   6.4432800e-02   9.0209790e-01
   6.6594400e-02   9.0909091e-01
   6.9188800e-02   9.1608392e-01
   7.2216000e-02   9.2307692e-01
   7.3513600e-02   9.3006993e-01
   7.5243200e-02   9.3706294e-01
   8.9080800e-02   9.4405594e-01
   9.1243200e-02   9.5104895e-01
   9.9892000e-02   9.5804196e-01
   1.0248640e-01   9.6503497e-01
   1.0335120e-01   9.7902098e-01
   1.0854080e-01   9.8601399e-01
   1.1286480e-01   9.9300699e-01
   1.8335120e-01   1.0000000e+00
