   4.1888000e-03   0.0000000e+00
   4.1888000e-03   2.7397260e-03
   4.6072000e-03   4.5662100e-03
   5.0264000e-03   1.7351598e-02
   5.4448000e-03   2.9223744e-02
   5.8640000e-03   4.4748858e-02
   6.2824000e-03   6.7579909e-02
   6.7016000e-03   8.8584475e-02
   7.1208000e-03   1.1689498e-01
   7.5392000e-03   1.3607306e-01
   7.9584000e-03   1.6894977e-01
   8.3768000e-03   1.9543379e-01
   8.7960000e-03   2.2465753e-01
   9.2144000e-03   2.4657534e-01
   9.6336000e-03   2.6392694e-01
   1.0052000e-02   2.9771689e-01
   1.0471200e-02   3.1324201e-01
   1.0890400e-02   3.3515982e-01
   1.1308800e-02   3.6073059e-01
   1.1728000e-02   3.7351598e-01
   1.2146400e-02   4.0273973e-01
   1.2565600e-02   4.1187215e-01
   1.2984000e-02   4.2831050e-01
   1.3403200e-02   4.4840183e-01
   1.3822400e-02   4.6484018e-01
   1.4240800e-02   4.8767123e-01
   1.4660000e-02   5.0867580e-01
   1.5078400e-02   5.2511416e-01
   1.5497600e-02   5.3881279e-01
   1.5916000e-02   5.6073059e-01
   1.6335200e-02   5.7168950e-01
   1.6753600e-02   5.8264840e-01
   1.7172800e-02   5.9908676e-01
   1.7591200e-02   6.0913242e-01
   1.8010400e-02   6.2009132e-01
   1.8429600e-02   6.3013699e-01
   1.8848000e-02   6.4566210e-01
   1.9267200e-02   6.5479452e-01
   1.9685600e-02   6.6484018e-01
   2.0104800e-02   6.7579909e-01
   2.0524000e-02   6.8493151e-01
   2.0942400e-02   6.8767123e-01
   2.1361600e-02   6.9680365e-01
   2.1780000e-02   7.0228311e-01
   2.2199200e-02   7.1232877e-01
   2.2617600e-02   7.2054795e-01
   2.3036800e-02   7.3150685e-01
   2.3455200e-02   7.3333333e-01
   2.3874400e-02   7.4063927e-01
   2.4293600e-02   7.4977169e-01
   2.4712000e-02   7.5616438e-01
   2.5131200e-02   7.6712329e-01
   2.5549600e-02   7.7260274e-01
   2.5968800e-02   7.8447489e-01
   2.6387200e-02   7.9269406e-01
   2.6806400e-02   7.9634703e-01
   2.7224800e-02   7.9908676e-01
   2.7644000e-02   8.0365297e-01
   2.8062400e-02   8.0821918e-01
   2.8481600e-02   8.1278539e-01
   2.8900800e-02   8.2191781e-01
   2.9319200e-02   8.2557078e-01
   2.9738400e-02   8.3287671e-01
   3.0156800e-02   8.3835616e-01
   3.0576000e-02   8.4200913e-01
   3.0995200e-02   8.4383562e-01
   3.1413600e-02   8.4566210e-01
   3.1832800e-02   8.4657534e-01
   3.2251200e-02   8.5296804e-01
   3.2670400e-02   8.5479452e-01
   3.3088800e-02   8.5753425e-01
   3.3508000e-02   8.6392694e-01
   3.3926400e-02   8.6575342e-01
   3.4345600e-02   8.6757991e-01
   3.4764800e-02   8.6849315e-01
   3.5183200e-02   8.7305936e-01
   3.5602400e-02   8.7488584e-01
   3.6020800e-02   8.7579909e-01
   3.6440000e-02   8.8127854e-01
   3.6858400e-02   8.8219178e-01
   3.7277600e-02   8.8584475e-01
   3.7696000e-02   8.8858447e-01
   3.8115200e-02   8.9223744e-01
   3.8534400e-02   8.9406393e-01
   3.8952800e-02   8.9680365e-01
   3.9372000e-02   8.9771689e-01
   3.9790400e-02   9.0136986e-01
   4.0209600e-02   9.0684932e-01
   4.0628000e-02   9.0958904e-01
   4.1465600e-02   9.1415525e-01
   4.1884800e-02   9.1598174e-01
   4.2304000e-02   9.1872146e-01
   4.2722400e-02   9.2328767e-01
   4.3141600e-02   9.2602740e-01
   4.3560000e-02   9.2694064e-01
   4.4397600e-02   9.2968037e-01
   4.4816800e-02   9.3150685e-01
   4.5235200e-02   9.3242009e-01
   4.5654400e-02   9.3424658e-01
   4.6073600e-02   9.3607306e-01
   4.6492000e-02   9.3789954e-01
   4.6911200e-02   9.3972603e-01
   4.7329600e-02   9.4155251e-01
   4.7748800e-02   9.4337900e-01
   4.8167200e-02   9.4429224e-01
   4.8586400e-02   9.4611872e-01
   4.9004800e-02   9.4794521e-01
   4.9843200e-02   9.4977169e-01
   5.0261600e-02   9.5068493e-01
   5.0680800e-02   9.5159817e-01
   5.1099200e-02   9.5251142e-01
   5.1518400e-02   9.5342466e-01
   5.1936800e-02   9.5433790e-01
   5.2356000e-02   9.5616438e-01
   5.3193600e-02   9.5799087e-01
   5.4031200e-02   9.5981735e-01
   5.6125600e-02   9.6073059e-01
   5.6544800e-02   9.6164384e-01
   5.7382400e-02   9.6255708e-01
   5.7800800e-02   9.6529680e-01
   5.8638400e-02   9.6621005e-01
   5.9057600e-02   9.6803653e-01
   5.9476800e-02   9.6986301e-01
   5.9895200e-02   9.7077626e-01
   6.0314400e-02   9.7168950e-01
   6.1570400e-02   9.7260274e-01
   6.1989600e-02   9.7351598e-01
   6.2408000e-02   9.7442922e-01
   6.2827200e-02   9.7716895e-01
   6.3664800e-02   9.7808219e-01
   6.4084000e-02   9.7899543e-01
   6.4502400e-02   9.7990868e-01
   6.4921600e-02   9.8173516e-01
   6.5340000e-02   9.8264840e-01
   6.7434400e-02   9.8356164e-01
   6.8272000e-02   9.8447489e-01
   6.8691200e-02   9.8538813e-01
   6.9948000e-02   9.8630137e-01
   7.0785600e-02   9.8721461e-01
   7.1204000e-02   9.8812785e-01
   7.1623200e-02   9.8904110e-01
   7.2041600e-02   9.9086758e-01
   7.2879200e-02   9.9178082e-01
   7.3717600e-02   9.9269406e-01
   7.4555200e-02   9.9360731e-01
   7.7487200e-02   9.9452055e-01
   8.0000000e-02   9.9634703e-01
   8.5864000e-02   9.9726027e-01
   8.7120800e-02   9.9817352e-01
   9.0052000e-02   9.9908676e-01
   9.5916000e-02   1.0000000e+00
