   4.1419820e-03   0.0000000e+00
   4.1419820e-03   6.2617408e-04
   4.4570333e-03   1.2523482e-03
   5.0841929e-03   1.8785222e-03
   5.2309822e-03   2.5046963e-03
   5.3439824e-03   4.3832185e-03
   5.3959376e-03   5.0093926e-03
   5.6201423e-03   5.6355667e-03
   5.6774138e-03   6.8879148e-03
   5.7946734e-03   7.5140889e-03
   5.9103785e-03   8.1402630e-03
   5.9380872e-03   8.7664371e-03
   6.2127183e-03   1.0018785e-02
   6.2701852e-03   1.0644959e-02
   6.3818107e-03   1.2523482e-02
   6.5017496e-03   1.3149656e-02
   6.5254796e-03   1.3775830e-02
   6.5315998e-03   1.4402004e-02
   6.5462545e-03   1.5028178e-02
   6.6033155e-03   1.5654352e-02
   6.6147834e-03   1.6906700e-02
   6.8012325e-03   1.7532874e-02
   6.8064008e-03   1.8785222e-02
   6.9706837e-03   1.9411396e-02
   7.1251125e-03   2.1916093e-02
   7.1256582e-03   2.2542267e-02
   7.2067333e-03   2.3794615e-02
   7.3350431e-03   2.6299311e-02
   7.3901180e-03   2.6925485e-02
   7.3994083e-03   2.7551659e-02
   7.4294858e-03   2.8177833e-02
   7.5130726e-03   2.8804008e-02
   7.5597242e-03   3.0056356e-02
   7.6846588e-03   3.4439574e-02
   7.6964474e-03   3.5065748e-02
   7.7192173e-03   3.8196619e-02
   7.7983796e-03   3.9448967e-02
   7.8552633e-03   4.1953663e-02
   7.9220072e-03   4.3206011e-02
   7.9796892e-03   4.4458359e-02
   7.9930628e-03   4.5084534e-02
   8.0109602e-03   4.6336882e-02
   8.0497665e-03   4.8841578e-02
   8.1266119e-03   4.9467752e-02
   8.1500609e-03   5.0720100e-02
   8.2666031e-03   5.1346274e-02
   8.2771077e-03   5.1972448e-02
   8.2834545e-03   5.4477145e-02
   8.2911346e-03   5.5103319e-02
   8.2916194e-03   5.5729493e-02
   8.3127299e-03   5.6981841e-02
   8.3327297e-03   5.7608015e-02
   8.3604470e-03   5.8234189e-02
   8.3909183e-03   6.0112711e-02
   8.4236372e-03   6.1365059e-02
   8.4722372e-03   6.2617408e-02
   8.5093013e-03   6.4495930e-02
   8.5703379e-03   6.7626800e-02
   8.5862062e-03   7.0131497e-02
   8.5950288e-03   7.0757671e-02
   8.6435089e-03   7.3262367e-02
   8.6609472e-03   7.5767063e-02
   8.7402645e-03   8.0776456e-02
   8.8620431e-03   8.1402630e-02
   8.8692230e-03   8.5785848e-02
   8.8718427e-03   8.7664371e-02
   8.8764110e-03   8.8290545e-02
   8.9068347e-03   8.9542893e-02
   8.9135931e-03   9.0169067e-02
   8.9830374e-03   9.2047589e-02
   8.9949069e-03   9.3926111e-02
   9.0980596e-03   9.4552286e-02
   9.1608961e-03   9.8935504e-02
   9.1799719e-03   1.0206637e-01
   9.1808069e-03   1.0269255e-01
   9.2366888e-03   1.0770194e-01
   9.2384245e-03   1.1083281e-01
   9.2491987e-03   1.1145899e-01
   9.3315286e-03   1.1458986e-01
   9.4360236e-03   1.1584220e-01
   9.4603611e-03   1.1646838e-01
   9.4604250e-03   1.1834690e-01
   9.4620709e-03   1.2210394e-01
   9.4621188e-03   1.2335629e-01
   9.4658786e-03   1.2398247e-01
   9.4965024e-03   1.2773951e-01
   9.5003473e-03   1.3024421e-01
   9.5688845e-03   1.3149656e-01
   9.5759534e-03   1.3587977e-01
   9.6282831e-03   1.3775830e-01
   9.6322628e-03   1.3963682e-01
   9.6776651e-03   1.4026299e-01
   9.6868173e-03   1.4088917e-01
   9.7523540e-03   1.4214152e-01
   9.7670868e-03   1.4527239e-01
   9.7732032e-03   1.4840326e-01
   9.8182801e-03   1.4965560e-01
   9.8211693e-03   1.5028178e-01
   9.8305170e-03   1.5341265e-01
   9.8329981e-03   1.5529117e-01
   9.9224940e-03   1.5591735e-01
   1.0011650e-02   1.5654352e-01
   1.0025453e-02   1.5904822e-01
   1.0049407e-02   1.6155291e-01
   1.0050112e-02   1.6718848e-01
   1.0054508e-02   1.7094552e-01
   1.0080231e-02   1.7219787e-01
   1.0094452e-02   1.7470257e-01
   1.0145561e-02   1.7532874e-01
   1.0168386e-02   1.7595492e-01
   1.0208680e-02   1.7658109e-01
   1.0222411e-02   1.7720726e-01
   1.0244503e-02   1.7908579e-01
   1.0276772e-02   1.8221666e-01
   1.0316242e-02   1.8284283e-01
   1.0343571e-02   1.8910457e-01
   1.0365407e-02   1.8973075e-01
   1.0367043e-02   1.9098309e-01
   1.0399271e-02   1.9411396e-01
   1.0417288e-02   1.9474014e-01
   1.0423769e-02   1.9599249e-01
   1.0477830e-02   1.9787101e-01
   1.0514382e-02   2.0225423e-01
   1.0541183e-02   2.0288040e-01
   1.0620700e-02   2.0350657e-01
   1.0636792e-02   2.0663745e-01
   1.0639762e-02   2.0914214e-01
   1.0647626e-02   2.1415153e-01
   1.0665533e-02   2.1540388e-01
   1.0687965e-02   2.1665623e-01
   1.0723681e-02   2.1978710e-01
   1.0761558e-02   2.2166562e-01
   1.0791188e-02   2.2291797e-01
   1.0791875e-02   2.2479649e-01
   1.0866532e-02   2.2604884e-01
   1.0935584e-02   2.2917971e-01
   1.0936682e-02   2.2980589e-01
   1.0942501e-02   2.3105823e-01
   1.0960335e-02   2.3481528e-01
   1.0974907e-02   2.3544145e-01
   1.0982081e-02   2.4045085e-01
   1.1003236e-02   2.4170319e-01
   1.1017656e-02   2.4608641e-01
   1.1052989e-02   2.4733876e-01
   1.1105873e-02   2.4859111e-01
   1.1155541e-02   2.4921728e-01
   1.1169213e-02   2.4984346e-01
   1.1225479e-02   2.5422668e-01
   1.1230351e-02   2.5547902e-01
   1.1240285e-02   2.5610520e-01
   1.1251259e-02   2.6174076e-01
   1.1282070e-02   2.6612398e-01
   1.1288033e-02   2.6737633e-01
   1.1303864e-02   2.6988103e-01
   1.1354208e-02   2.7050720e-01
   1.1374216e-02   2.7175955e-01
   1.1386770e-02   2.7238572e-01
   1.1450194e-02   2.7301190e-01
   1.1500207e-02   2.7363807e-01
   1.1527263e-02   2.7489042e-01
   1.1531404e-02   2.7802129e-01
   1.1554227e-02   2.8115216e-01
   1.1565555e-02   2.8240451e-01
   1.1589347e-02   2.8428303e-01
   1.1610960e-02   2.8490920e-01
   1.1630447e-02   2.8553538e-01
   1.1698201e-02   2.8678773e-01
   1.1724640e-02   2.8741390e-01
   1.1749900e-02   2.8866625e-01
   1.1814054e-02   2.8991860e-01
   1.1820757e-02   2.9555416e-01
   1.1833594e-02   2.9680651e-01
   1.1838265e-02   2.9805886e-01
   1.1848298e-02   2.9931121e-01
   1.1875582e-02   3.0244208e-01
   1.1938540e-02   3.0369443e-01
   1.1947562e-02   3.0619912e-01
   1.1958275e-02   3.0745147e-01
   1.1961436e-02   3.0870382e-01
   1.1987563e-02   3.0932999e-01
   1.1999717e-02   3.0995617e-01
   1.2047800e-02   3.1308704e-01
   1.2066258e-02   3.1371321e-01
   1.2119672e-02   3.2122730e-01
   1.2120294e-02   3.2247965e-01
   1.2130548e-02   3.2435817e-01
   1.2150493e-02   3.2623669e-01
   1.2176175e-02   3.2686287e-01
   1.2204889e-02   3.2811522e-01
   1.2209041e-02   3.3061991e-01
   1.2290070e-02   3.3312461e-01
   1.2296477e-02   3.3375078e-01
   1.2332493e-02   3.3562930e-01
   1.2392151e-02   3.3625548e-01
   1.2411998e-02   3.3750783e-01
   1.2425437e-02   3.3813400e-01
   1.2426413e-02   3.4189105e-01
   1.2467684e-02   3.4502192e-01
   1.2469687e-02   3.4564809e-01
   1.2481685e-02   3.4627426e-01
   1.2537467e-02   3.4940513e-01
   1.2540370e-02   3.5378835e-01
   1.2543894e-02   3.5504070e-01
   1.2635247e-02   3.5629305e-01
   1.2638560e-02   3.5691922e-01
   1.2710139e-02   3.5879775e-01
   1.2710234e-02   3.6067627e-01
   1.2711687e-02   3.6192862e-01
   1.2735782e-02   3.6380714e-01
   1.2741491e-02   3.6443331e-01
   1.2764282e-02   3.6568566e-01
   1.2798230e-02   3.6756418e-01
   1.2798334e-02   3.6819036e-01
   1.2869894e-02   3.6881653e-01
   1.2882091e-02   3.7006888e-01
   1.2910332e-02   3.7069505e-01
   1.2915454e-02   3.7132123e-01
   1.2939201e-02   3.7194740e-01
   1.2953045e-02   3.7257358e-01
   1.2977454e-02   3.7382592e-01
   1.3013697e-02   3.7758297e-01
   1.3019863e-02   3.7820914e-01
   1.3063200e-02   3.8572323e-01
   1.3115512e-02   3.8634941e-01
   1.3129607e-02   3.8697558e-01
   1.3133242e-02   3.8760175e-01
   1.3206022e-02   3.8822793e-01
   1.3286261e-02   3.8885410e-01
   1.3291828e-02   3.8948028e-01
   1.3299834e-02   3.9010645e-01
   1.3334857e-02   3.9261115e-01
   1.3352263e-02   3.9386349e-01
   1.3391585e-02   3.9448967e-01
   1.3445500e-02   3.9636819e-01
   1.3474869e-02   3.9699436e-01
   1.3545574e-02   3.9762054e-01
   1.3594685e-02   3.9887289e-01
   1.3635608e-02   4.0075141e-01
   1.3687330e-02   4.0137758e-01
   1.3694469e-02   4.0200376e-01
   1.3716656e-02   4.0450845e-01
   1.3726784e-02   4.0638698e-01
   1.3821424e-02   4.0701315e-01
   1.3873798e-02   4.0951785e-01
   1.3888299e-02   4.1014402e-01
   1.3896656e-02   4.1264872e-01
   1.3953302e-02   4.1390106e-01
   1.3994272e-02   4.1452724e-01
   1.4022198e-02   4.1515341e-01
   1.4067135e-02   4.1640576e-01
   1.4084694e-02   4.1828428e-01
   1.4116208e-02   4.1953663e-01
   1.4173761e-02   4.2078898e-01
   1.4186065e-02   4.2204133e-01
   1.4191158e-02   4.2329368e-01
   1.4205788e-02   4.2454602e-01
   1.4220546e-02   4.2579837e-01
   1.4275090e-02   4.2830307e-01
   1.4319759e-02   4.2892924e-01
   1.4353547e-02   4.2955542e-01
   1.4413467e-02   4.3080776e-01
   1.4441133e-02   4.3143394e-01
   1.4456428e-02   4.3268629e-01
   1.4457388e-02   4.3331246e-01
   1.4496682e-02   4.3581716e-01
   1.4522206e-02   4.3644333e-01
   1.4530226e-02   4.3769568e-01
   1.4578939e-02   4.3832185e-01
   1.4670757e-02   4.4020038e-01
   1.4688271e-02   4.4145272e-01
   1.4764145e-02   4.4207890e-01
   1.4780236e-02   4.4583594e-01
   1.4799387e-02   4.4708829e-01
   1.4806666e-02   4.4771446e-01
   1.4830963e-02   4.4834064e-01
   1.4833081e-02   4.4896681e-01
   1.4844330e-02   4.5021916e-01
   1.4891773e-02   4.5084534e-01
   1.4905748e-02   4.5147151e-01
   1.4929885e-02   4.5209768e-01
   1.4934393e-02   4.5272386e-01
   1.5026145e-02   4.5335003e-01
   1.5049090e-02   4.5397621e-01
   1.5071256e-02   4.5648090e-01
   1.5082041e-02   4.5710708e-01
   1.5084394e-02   4.5898560e-01
   1.5115605e-02   4.6023795e-01
   1.5120100e-02   4.6211647e-01
   1.5172932e-02   4.6399499e-01
   1.5212871e-02   4.6462116e-01
   1.5262411e-02   4.6649969e-01
   1.5276137e-02   4.6712586e-01
   1.5286634e-02   4.6837821e-01
   1.5355411e-02   4.6900438e-01
   1.5369867e-02   4.6963056e-01
   1.5392454e-02   4.7150908e-01
   1.5392895e-02   4.7213525e-01
   1.5438932e-02   4.7401378e-01
   1.5479718e-02   4.7526612e-01
   1.5506445e-02   4.7651847e-01
   1.5507111e-02   4.7714465e-01
   1.5595126e-02   4.7777082e-01
   1.5598065e-02   4.7902317e-01
   1.5662578e-02   4.8027552e-01
   1.5672542e-02   4.8090169e-01
   1.5674580e-02   4.8215404e-01
   1.5705483e-02   4.8403256e-01
   1.5709595e-02   4.8528491e-01
   1.5760722e-02   4.8591108e-01
   1.5766332e-02   4.8653726e-01
   1.5837580e-02   4.8778961e-01
   1.5845733e-02   4.8904195e-01
   1.5961705e-02   4.9092048e-01
   1.5986126e-02   4.9154665e-01
   1.6000985e-02   4.9217282e-01
   1.6031947e-02   4.9342517e-01
   1.6189240e-02   4.9592987e-01
   1.6211395e-02   4.9718222e-01
   1.6253563e-02   4.9780839e-01
   1.6261600e-02   4.9906074e-01
   1.6267752e-02   4.9968691e-01
   1.6290774e-02   5.0031309e-01
   1.6300122e-02   5.0093926e-01
   1.6303011e-02   5.0219161e-01
   1.6360341e-02   5.0407013e-01
   1.6368922e-02   5.0532248e-01
   1.6413478e-02   5.0594865e-01
   1.6431085e-02   5.0657483e-01
   1.6438336e-02   5.0720100e-01
   1.6507634e-02   5.0782718e-01
   1.6540627e-02   5.0845335e-01
   1.6549903e-02   5.1033187e-01
   1.6554215e-02   5.1221039e-01
   1.6579256e-02   5.1283657e-01
   1.6582269e-02   5.1346274e-01
   1.6582518e-02   5.1408892e-01
   1.6621892e-02   5.1471509e-01
   1.6626052e-02   5.1534126e-01
   1.6657983e-02   5.1596744e-01
   1.6665459e-02   5.1659361e-01
   1.6756028e-02   5.1784596e-01
   1.6781837e-02   5.1909831e-01
   1.6845268e-02   5.2097683e-01
   1.6860427e-02   5.2160301e-01
   1.6877138e-02   5.2222918e-01
   1.6890210e-02   5.2536005e-01
   1.6897016e-02   5.2598622e-01
   1.6910337e-02   5.2661240e-01
   1.6924093e-02   5.2723857e-01
   1.6943769e-02   5.2786475e-01
   1.6953756e-02   5.2911709e-01
   1.6968224e-02   5.2974327e-01
   1.7018603e-02   5.3036944e-01
   1.7031622e-02   5.3099562e-01
   1.7108960e-02   5.3162179e-01
   1.7112680e-02   5.3224796e-01
   1.7146282e-02   5.3287414e-01
   1.7152879e-02   5.3350031e-01
   1.7172986e-02   5.3412649e-01
   1.7219565e-02   5.3475266e-01
   1.7245892e-02   5.3600501e-01
   1.7246492e-02   5.3725736e-01
   1.7287018e-02   5.3850971e-01
   1.7334290e-02   5.3913588e-01
   1.7373908e-02   5.3976205e-01
   1.7379063e-02   5.4038823e-01
   1.7417800e-02   5.4101440e-01
   1.7436591e-02   5.4164058e-01
   1.7440218e-02   5.4289292e-01
   1.7453723e-02   5.4351910e-01
   1.7463523e-02   5.4539762e-01
   1.7490446e-02   5.4664997e-01
   1.7507451e-02   5.4727614e-01
   1.7547779e-02   5.4915466e-01
   1.7607181e-02   5.5103319e-01
   1.7624344e-02   5.5228554e-01
   1.7630081e-02   5.5353788e-01
   1.7715039e-02   5.5416406e-01
   1.7720469e-02   5.5479023e-01
   1.7731135e-02   5.5604258e-01
   1.7739001e-02   5.5792110e-01
   1.7752148e-02   5.5854728e-01
   1.7757585e-02   5.5979962e-01
   1.7813669e-02   5.6105197e-01
   1.7836486e-02   5.6167815e-01
   1.7907457e-02   5.6230432e-01
   1.7945665e-02   5.6293049e-01
   1.7970739e-02   5.6355667e-01
   1.7989814e-02   5.6418284e-01
   1.8028605e-02   5.6543519e-01
   1.8050880e-02   5.6668754e-01
   1.8084463e-02   5.6981841e-01
   1.8097777e-02   5.7044458e-01
   1.8124122e-02   5.7294928e-01
   1.8141206e-02   5.7357545e-01
   1.8179246e-02   5.7420163e-01
   1.8181651e-02   5.7482780e-01
   1.8195462e-02   5.7545398e-01
   1.8217118e-02   5.7733250e-01
   1.8228061e-02   5.7795867e-01
   1.8229667e-02   5.7858485e-01
   1.8312596e-02   5.7921102e-01
   1.8322330e-02   5.8108954e-01
   1.8331253e-02   5.8171572e-01
   1.8332109e-02   5.8234189e-01
   1.8339615e-02   5.8296807e-01
   1.8344647e-02   5.8359424e-01
   1.8407182e-02   5.8484659e-01
   1.8444297e-02   5.8547276e-01
   1.8473378e-02   5.8609894e-01
   1.8483729e-02   5.8735128e-01
   1.8558953e-02   5.8860363e-01
   1.8563177e-02   5.8922981e-01
   1.8619980e-02   5.8985598e-01
   1.8620204e-02   5.9048215e-01
   1.8638155e-02   5.9110833e-01
   1.8639903e-02   5.9173450e-01
   1.8662416e-02   5.9236068e-01
   1.8677903e-02   5.9298685e-01
   1.8731473e-02   5.9361302e-01
   1.8731537e-02   5.9423920e-01
   1.8734638e-02   5.9486537e-01
   1.8746160e-02   5.9549155e-01
   1.8810556e-02   5.9674389e-01
   1.8904215e-02   5.9737007e-01
   1.8913167e-02   5.9862242e-01
   1.8921370e-02   5.9924859e-01
   1.8924142e-02   6.0050094e-01
   1.8953166e-02   6.0112711e-01
   1.8993005e-02   6.0175329e-01
   1.8994042e-02   6.0237946e-01
   1.9016593e-02   6.0425798e-01
   1.9056266e-02   6.0676268e-01
   1.9067197e-02   6.0738885e-01
   1.9083169e-02   6.0801503e-01
   1.9139677e-02   6.0864120e-01
   1.9209958e-02   6.0989355e-01
   1.9212471e-02   6.1051972e-01
   1.9226325e-02   6.1177207e-01
   1.9232776e-02   6.1239825e-01
   1.9253944e-02   6.1302442e-01
   1.9257032e-02   6.1365059e-01
   1.9260483e-02   6.1490294e-01
   1.9261876e-02   6.1552912e-01
   1.9271348e-02   6.1740764e-01
   1.9285824e-02   6.1803381e-01
   1.9328676e-02   6.1865999e-01
   1.9373635e-02   6.1991234e-01
   1.9403418e-02   6.2116468e-01
   1.9447136e-02   6.2179086e-01
   1.9449373e-02   6.2241703e-01
   1.9457577e-02   6.2304321e-01
   1.9472527e-02   6.2366938e-01
   1.9504708e-02   6.2429555e-01
   1.9511320e-02   6.2492173e-01
   1.9516546e-02   6.2554790e-01
   1.9534678e-02   6.2742642e-01
   1.9535276e-02   6.2805260e-01
   1.9546406e-02   6.2867877e-01
   1.9576439e-02   6.2930495e-01
   1.9606664e-02   6.3055729e-01
   1.9636560e-02   6.3118347e-01
   1.9638764e-02   6.3180964e-01
   1.9641980e-02   6.3243582e-01
   1.9660426e-02   6.3306199e-01
   1.9713928e-02   6.3368817e-01
   1.9744307e-02   6.3494051e-01
   1.9800681e-02   6.3619286e-01
   1.9804297e-02   6.3681904e-01
   1.9814335e-02   6.3744521e-01
   1.9825688e-02   6.3807138e-01
   1.9836575e-02   6.3869756e-01
   1.9846269e-02   6.3932373e-01
   1.9865380e-02   6.4057608e-01
   1.9895388e-02   6.4120225e-01
   1.9922118e-02   6.4245460e-01
   1.9996934e-02   6.4308078e-01
   2.0040387e-02   6.4370695e-01
   2.0095858e-02   6.4495930e-01
   2.0109015e-02   6.4683782e-01
   2.0121596e-02   6.4746399e-01
   2.0140239e-02   6.4934252e-01
   2.0188312e-02   6.5122104e-01
   2.0197581e-02   6.5184721e-01
   2.0217187e-02   6.5247339e-01
   2.0254279e-02   6.5309956e-01
   2.0322874e-02   6.5372574e-01
   2.0391065e-02   6.5435191e-01
   2.0396221e-02   6.5497808e-01
   2.0419202e-02   6.5685661e-01
   2.0432037e-02   6.5748278e-01
   2.0436812e-02   6.5810895e-01
   2.0465289e-02   6.5873513e-01
   2.0478577e-02   6.5998748e-01
   2.0516164e-02   6.6186600e-01
   2.0589869e-02   6.6311835e-01
   2.0623159e-02   6.6374452e-01
   2.0680981e-02   6.6562304e-01
   2.0686024e-02   6.6624922e-01
   2.0702105e-02   6.6750157e-01
   2.0733510e-02   6.6875391e-01
   2.0782417e-02   6.6938009e-01
   2.0788037e-02   6.7063244e-01
   2.0847539e-02   6.7125861e-01
   2.0929917e-02   6.7313713e-01
   2.0981626e-02   6.7376331e-01
   2.0988787e-02   6.7438948e-01
   2.0998856e-02   6.7501565e-01
   2.1018741e-02   6.7564183e-01
   2.1028128e-02   6.7689418e-01
   2.1051439e-02   6.7752035e-01
   2.1052873e-02   6.7814652e-01
   2.1058467e-02   6.7877270e-01
   2.1109613e-02   6.8065122e-01
   2.1122137e-02   6.8190357e-01
   2.1143199e-02   6.8252974e-01
   2.1183451e-02   6.8378209e-01
   2.1206527e-02   6.8503444e-01
   2.1279097e-02   6.8566061e-01
   2.1279524e-02   6.8628679e-01
   2.1294690e-02   6.8816531e-01
   2.1297042e-02   6.8879148e-01
   2.1375930e-02   6.9067001e-01
   2.1379303e-02   6.9129618e-01
   2.1381041e-02   6.9254853e-01
   2.1419626e-02   6.9317470e-01
   2.1441420e-02   6.9380088e-01
   2.1500846e-02   6.9442705e-01
   2.1522495e-02   6.9630557e-01
   2.1572887e-02   6.9693175e-01
   2.1580885e-02   6.9755792e-01
   2.1581692e-02   6.9818410e-01
   2.1605759e-02   6.9881027e-01
   2.1620200e-02   7.0006262e-01
   2.1646248e-02   7.0068879e-01
   2.1646332e-02   7.0131497e-01
   2.1702841e-02   7.0194114e-01
   2.1743536e-02   7.0256731e-01
   2.1776448e-02   7.0319349e-01
   2.1861465e-02   7.0444584e-01
   2.1865731e-02   7.0632436e-01
   2.1870018e-02   7.0695053e-01
   2.1870621e-02   7.0757671e-01
   2.1887887e-02   7.0820288e-01
   2.1958574e-02   7.0945523e-01
   2.1970034e-02   7.1008140e-01
   2.2034706e-02   7.1070758e-01
   2.2115743e-02   7.1133375e-01
   2.2163761e-02   7.1195992e-01
   2.2170354e-02   7.1258610e-01
   2.2198795e-02   7.1321227e-01
   2.2200835e-02   7.1446462e-01
   2.2211747e-02   7.1571697e-01
   2.2225576e-02   7.1634314e-01
   2.2230631e-02   7.1696932e-01
   2.2240379e-02   7.1759549e-01
   2.2323123e-02   7.1884784e-01
   2.2370085e-02   7.1947401e-01
   2.2439129e-02   7.2010019e-01
   2.2462798e-02   7.2072636e-01
   2.2473768e-02   7.2135254e-01
   2.2526036e-02   7.2197871e-01
   2.2539218e-02   7.2260488e-01
   2.2561005e-02   7.2323106e-01
   2.2607728e-02   7.2385723e-01
   2.2683006e-02   7.2448341e-01
   2.2748431e-02   7.2510958e-01
   2.2755312e-02   7.2573575e-01
   2.2803396e-02   7.2636193e-01
   2.2833844e-02   7.2698810e-01
   2.2866698e-02   7.2761428e-01
   2.2891179e-02   7.2886662e-01
   2.2914004e-02   7.2949280e-01
   2.2963134e-02   7.3011897e-01
   2.3051028e-02   7.3074515e-01
   2.3054525e-02   7.3137132e-01
   2.3062291e-02   7.3387602e-01
   2.3073858e-02   7.3450219e-01
   2.3089342e-02   7.3512837e-01
   2.3103834e-02   7.3575454e-01
   2.3112350e-02   7.3638071e-01
   2.3118208e-02   7.3700689e-01
   2.3122997e-02   7.3763306e-01
   2.3131109e-02   7.3825924e-01
   2.3152699e-02   7.3951158e-01
   2.3188498e-02   7.4013776e-01
   2.3221920e-02   7.4139011e-01
   2.3301133e-02   7.4326863e-01
   2.3349824e-02   7.4514715e-01
   2.3358721e-02   7.4577332e-01
   2.3385511e-02   7.4639950e-01
   2.3427896e-02   7.4702567e-01
   2.3449281e-02   7.4765185e-01
   2.3484640e-02   7.4827802e-01
   2.3556206e-02   7.4953037e-01
   2.3628107e-02   7.5015654e-01
   2.3743876e-02   7.5078272e-01
   2.3751164e-02   7.5266124e-01
   2.3894506e-02   7.5391359e-01
   2.3922873e-02   7.5453976e-01
   2.3938252e-02   7.5641828e-01
   2.3939596e-02   7.5704446e-01
   2.3951090e-02   7.5767063e-01
   2.3975859e-02   7.5829681e-01
   2.3986969e-02   7.5892298e-01
   2.4082112e-02   7.5954915e-01
   2.4095600e-02   7.6205385e-01
   2.4149911e-02   7.6268003e-01
   2.4167755e-02   7.6393237e-01
   2.4238793e-02   7.6455855e-01
   2.4263547e-02   7.6518472e-01
   2.4266055e-02   7.6581090e-01
   2.4289665e-02   7.6706324e-01
   2.4295122e-02   7.6768942e-01
   2.4335802e-02   7.6831559e-01
   2.4344677e-02   7.6894177e-01
   2.4353014e-02   7.6956794e-01
   2.4399039e-02   7.7019411e-01
   2.4460618e-02   7.7082029e-01
   2.4498486e-02   7.7144646e-01
   2.4544073e-02   7.7207264e-01
   2.4544381e-02   7.7269881e-01
   2.4552386e-02   7.7332498e-01
   2.4580141e-02   7.7395116e-01
   2.4614838e-02   7.7457733e-01
   2.4616497e-02   7.7520351e-01
   2.4664986e-02   7.7582968e-01
   2.4718888e-02   7.7645585e-01
   2.4828493e-02   7.7708203e-01
   2.4830331e-02   7.7770820e-01
   2.4886080e-02   7.7833438e-01
   2.4927197e-02   7.7896055e-01
   2.5002509e-02   7.8021290e-01
   2.5087789e-02   7.8083907e-01
   2.5120202e-02   7.8209142e-01
   2.5136549e-02   7.8271760e-01
   2.5165458e-02   7.8396994e-01
   2.5230360e-02   7.8459612e-01
   2.5414896e-02   7.8522229e-01
   2.5420964e-02   7.8584847e-01
   2.5423373e-02   7.8647464e-01
   2.5471564e-02   7.8710081e-01
   2.5482403e-02   7.8835316e-01
   2.5624086e-02   7.8960551e-01
   2.5630437e-02   7.9023168e-01
   2.5652611e-02   7.9085786e-01
   2.5713196e-02   7.9148403e-01
   2.5755406e-02   7.9273638e-01
   2.5802373e-02   7.9336255e-01
   2.5868708e-02   7.9398873e-01
   2.5982842e-02   7.9461490e-01
   2.5990154e-02   7.9524108e-01
   2.6005917e-02   7.9649343e-01
   2.6026880e-02   7.9774577e-01
   2.6126399e-02   7.9837195e-01
   2.6159819e-02   7.9899812e-01
   2.6259883e-02   8.0025047e-01
   2.6301439e-02   8.0087664e-01
   2.6311422e-02   8.0275517e-01
   2.6322202e-02   8.0338134e-01
   2.6334273e-02   8.0400751e-01
   2.6344249e-02   8.0463369e-01
   2.6370985e-02   8.0525986e-01
   2.6381377e-02   8.0588604e-01
   2.6420504e-02   8.0651221e-01
   2.6522472e-02   8.0713838e-01
   2.6561409e-02   8.0776456e-01
   2.6606667e-02   8.0839073e-01
   2.6632084e-02   8.0901691e-01
   2.6645665e-02   8.0964308e-01
   2.6705184e-02   8.1026925e-01
   2.6750772e-02   8.1089543e-01
   2.6783775e-02   8.1214778e-01
   2.6809663e-02   8.1277395e-01
   2.6860014e-02   8.1340013e-01
   2.6892000e-02   8.1465247e-01
   2.6946135e-02   8.1590482e-01
   2.6962229e-02   8.1653100e-01
   2.7064089e-02   8.1715717e-01
   2.7165376e-02   8.1778334e-01
   2.7188826e-02   8.1903569e-01
   2.7203896e-02   8.1966187e-01
   2.7231110e-02   8.2028804e-01
   2.7235201e-02   8.2091421e-01
   2.7270726e-02   8.2154039e-01
   2.7403199e-02   8.2216656e-01
   2.7453569e-02   8.2341891e-01
   2.7467340e-02   8.2404508e-01
   2.7550928e-02   8.2467126e-01
   2.7557871e-02   8.2529743e-01
   2.7710675e-02   8.2592361e-01
   2.7715730e-02   8.2654978e-01
   2.7780242e-02   8.2717595e-01
   2.7793311e-02   8.2842830e-01
   2.7855973e-02   8.2905448e-01
   2.7906126e-02   8.2968065e-01
   2.7907529e-02   8.3030683e-01
   2.7956438e-02   8.3093300e-01
   2.8100712e-02   8.3155917e-01
   2.8124906e-02   8.3218535e-01
   2.8128397e-02   8.3281152e-01
   2.8171693e-02   8.3469004e-01
   2.8226931e-02   8.3531622e-01
   2.8303883e-02   8.3594239e-01
   2.8358915e-02   8.3656857e-01
   2.8385655e-02   8.3719474e-01
   2.8405000e-02   8.3844709e-01
   2.8441093e-02   8.3907326e-01
   2.8471497e-02   8.3969944e-01
   2.8515780e-02   8.4032561e-01
   2.8609905e-02   8.4095178e-01
   2.8640132e-02   8.4157796e-01
   2.8665495e-02   8.4220413e-01
   2.8673325e-02   8.4345648e-01
   2.8686175e-02   8.4408265e-01
   2.8687885e-02   8.4470883e-01
   2.8702841e-02   8.4533500e-01
   2.8831978e-02   8.4596118e-01
   2.8909832e-02   8.4658735e-01
   2.9005165e-02   8.4721353e-01
   2.9060452e-02   8.4783970e-01
   2.9095147e-02   8.4846587e-01
   2.9125515e-02   8.4909205e-01
   2.9274480e-02   8.4971822e-01
   2.9301764e-02   8.5034440e-01
   2.9422355e-02   8.5097057e-01
   2.9464031e-02   8.5222292e-01
   2.9482104e-02   8.5284909e-01
   2.9515078e-02   8.5347527e-01
   2.9559995e-02   8.5410144e-01
   2.9560472e-02   8.5472761e-01
   2.9571043e-02   8.5597996e-01
   2.9571286e-02   8.5660614e-01
   2.9656575e-02   8.5723231e-01
   2.9689252e-02   8.5848466e-01
   2.9821695e-02   8.5911083e-01
   2.9848188e-02   8.5973701e-01
   2.9857967e-02   8.6036318e-01
   2.9863511e-02   8.6098936e-01
   2.9927383e-02   8.6161553e-01
   3.0076359e-02   8.6224170e-01
   3.0084185e-02   8.6286788e-01
   3.0166053e-02   8.6349405e-01
   3.0241180e-02   8.6412023e-01
   3.0255997e-02   8.6474640e-01
   3.0359283e-02   8.6537257e-01
   3.0419826e-02   8.6599875e-01
   3.0425048e-02   8.6662492e-01
   3.0511286e-02   8.6725110e-01
   3.0552577e-02   8.6787727e-01
   3.0609318e-02   8.6850344e-01
   3.0678046e-02   8.6912962e-01
   3.0739733e-02   8.6975579e-01
   3.0859287e-02   8.7038197e-01
   3.0877386e-02   8.7100814e-01
   3.0882119e-02   8.7163431e-01
   3.1012889e-02   8.7226049e-01
   3.1030497e-02   8.7288666e-01
   3.1041630e-02   8.7351284e-01
   3.1063591e-02   8.7413901e-01
   3.1136137e-02   8.7476518e-01
   3.1203398e-02   8.7539136e-01
   3.1271308e-02   8.7664371e-01
   3.1301609e-02   8.7726988e-01
   3.1418608e-02   8.7789606e-01
   3.1467834e-02   8.7852223e-01
   3.1606582e-02   8.7977458e-01
   3.1635625e-02   8.8040075e-01
   3.1651688e-02   8.8102693e-01
   3.1726470e-02   8.8165310e-01
   3.1768450e-02   8.8227927e-01
   3.1777354e-02   8.8290545e-01
   3.1865187e-02   8.8353162e-01
   3.1899204e-02   8.8415780e-01
   3.1934049e-02   8.8478397e-01
   3.1942315e-02   8.8541014e-01
   3.2009698e-02   8.8603632e-01
   3.2102008e-02   8.8666249e-01
   3.2126671e-02   8.8728867e-01
   3.2136800e-02   8.8791484e-01
   3.2152713e-02   8.8854101e-01
   3.2171503e-02   8.8916719e-01
   3.2199678e-02   8.8979336e-01
   3.2220447e-02   8.9041954e-01
   3.2227907e-02   8.9104571e-01
   3.2287704e-02   8.9167188e-01
   3.2310828e-02   8.9229806e-01
   3.2363023e-02   8.9292423e-01
   3.2366563e-02   8.9355041e-01
   3.2484119e-02   8.9417658e-01
   3.2523200e-02   8.9480276e-01
   3.2534943e-02   8.9542893e-01
   3.2565374e-02   8.9605510e-01
   3.2657999e-02   8.9668128e-01
   3.2806205e-02   8.9730745e-01
   3.2835829e-02   8.9793363e-01
   3.2952962e-02   8.9855980e-01
   3.2971050e-02   8.9918597e-01
   3.2984451e-02   9.0043832e-01
   3.3100338e-02   9.0106450e-01
   3.3130175e-02   9.0231684e-01
   3.3158512e-02   9.0294302e-01
   3.3211795e-02   9.0356919e-01
   3.3306511e-02   9.0419537e-01
   3.3397818e-02   9.0482154e-01
   3.3413159e-02   9.0544771e-01
   3.3474889e-02   9.0607389e-01
   3.3481002e-02   9.0670006e-01
   3.3578535e-02   9.0732624e-01
   3.3701502e-02   9.0795241e-01
   3.3720854e-02   9.0857858e-01
   3.3722417e-02   9.0920476e-01
   3.3752235e-02   9.0983093e-01
   3.3780419e-02   9.1045711e-01
   3.3914185e-02   9.1108328e-01
   3.3936054e-02   9.1170946e-01
   3.3989140e-02   9.1233563e-01
   3.4012633e-02   9.1296180e-01
   3.4263843e-02   9.1421415e-01
   3.4370684e-02   9.1484033e-01
   3.4431360e-02   9.1546650e-01
   3.4549636e-02   9.1609267e-01
   3.4633278e-02   9.1671885e-01
   3.4721562e-02   9.1734502e-01
   3.4849547e-02   9.1797120e-01
   3.4909615e-02   9.1859737e-01
   3.4980891e-02   9.1922354e-01
   3.5214362e-02   9.1984972e-01
   3.5396724e-02   9.2047589e-01
   3.5503209e-02   9.2110207e-01
   3.5685787e-02   9.2172824e-01
   3.6056664e-02   9.2235441e-01
   3.6075711e-02   9.2298059e-01
   3.6199182e-02   9.2360676e-01
   3.6308212e-02   9.2423294e-01
   3.6425134e-02   9.2485911e-01
   3.6456123e-02   9.2548528e-01
   3.6655377e-02   9.2611146e-01
   3.6719313e-02   9.2673763e-01
   3.6940819e-02   9.2736381e-01
   3.6954611e-02   9.2798998e-01
   3.7036029e-02   9.2861616e-01
   3.7140997e-02   9.2924233e-01
   3.7157526e-02   9.2986850e-01
   3.7209948e-02   9.3049468e-01
   3.7269877e-02   9.3112085e-01
   3.7612849e-02   9.3174703e-01
   3.7701091e-02   9.3237320e-01
   3.7798895e-02   9.3299937e-01
   3.8223315e-02   9.3362555e-01
   3.8457128e-02   9.3425172e-01
   3.8482237e-02   9.3487790e-01
   3.8713288e-02   9.3550407e-01
   3.9021973e-02   9.3613024e-01
   3.9074459e-02   9.3675642e-01
   3.9208553e-02   9.3738259e-01
   3.9293516e-02   9.3800877e-01
   3.9450352e-02   9.3863494e-01
   3.9530355e-02   9.3926111e-01
   3.9656176e-02   9.3988729e-01
   4.0200494e-02   9.4051346e-01
   4.0243193e-02   9.4113964e-01
   4.0646673e-02   9.4176581e-01
   4.0805844e-02   9.4239198e-01
   4.0985573e-02   9.4301816e-01
   4.1074414e-02   9.4364433e-01
   4.1097109e-02   9.4427051e-01
   4.1176809e-02   9.4489668e-01
   4.1243964e-02   9.4552286e-01
   4.1339178e-02   9.4614903e-01
   4.1891005e-02   9.4677520e-01
   4.1920027e-02   9.4740138e-01
   4.2202477e-02   9.4802755e-01
   4.2572433e-02   9.4865373e-01
   4.2851132e-02   9.4927990e-01
   4.2936214e-02   9.4990607e-01
   4.3083235e-02   9.5053225e-01
   4.3950794e-02   9.5115842e-01
   4.4638432e-02   9.5178460e-01
   4.4650231e-02   9.5241077e-01
   4.4947536e-02   9.5303694e-01
   4.5361526e-02   9.5366312e-01
   4.5631465e-02   9.5428929e-01
   4.5805555e-02   9.5491547e-01
   4.5946435e-02   9.5554164e-01
   4.6109493e-02   9.5616781e-01
   4.6641370e-02   9.5679399e-01
   4.6850731e-02   9.5742016e-01
   4.6898982e-02   9.5804634e-01
   4.7753454e-02   9.5867251e-01
   4.8129159e-02   9.5929869e-01
   4.8175980e-02   9.5992486e-01
   4.8544439e-02   9.6055103e-01
   4.8558135e-02   9.6117721e-01
   5.0561280e-02   9.6180338e-01
   5.0881534e-02   9.6242956e-01
   5.1740130e-02   9.6305573e-01
   5.2089482e-02   9.6368190e-01
   5.4423618e-02   9.6430808e-01
   5.5017049e-02   9.6493425e-01
   5.5116175e-02   9.6556043e-01
   5.5333637e-02   9.6618660e-01
   5.5395556e-02   9.6681277e-01
   5.5680364e-02   9.6743895e-01
   5.5788651e-02   9.6806512e-01
   5.9715933e-02   9.6869130e-01
   6.1329541e-02   9.6931747e-01
   6.1855148e-02   9.6994364e-01
   6.2127292e-02   9.7056982e-01
   6.2354797e-02   9.7119599e-01
   6.2886205e-02   9.7182217e-01
   6.3154317e-02   9.7244834e-01
   6.3891127e-02   9.7307451e-01
   6.5046553e-02   9.7370069e-01
   6.5062709e-02   9.7432686e-01
   6.5848737e-02   9.7495304e-01
   6.6501980e-02   9.7557921e-01
   6.9927188e-02   9.7620539e-01
   7.1113734e-02   9.7683156e-01
   7.1206626e-02   9.7745773e-01
   7.1562523e-02   9.7808391e-01
   7.2107639e-02   9.7871008e-01
   7.2435822e-02   9.7933626e-01
   7.3438626e-02   9.7996243e-01
   7.3744318e-02   9.8058860e-01
   7.5125174e-02   9.8121478e-01
   7.5131147e-02   9.8184095e-01
   7.5241606e-02   9.8246713e-01
   7.5955884e-02   9.8309330e-01
   7.7202427e-02   9.8371947e-01
   7.7864736e-02   9.8434565e-01
   7.7976404e-02   9.8497182e-01
   7.8664940e-02   9.8559800e-01
   7.9070791e-02   9.8622417e-01
   8.0208869e-02   9.8685034e-01
   8.2763750e-02   9.8747652e-01
   8.5909123e-02   9.8810269e-01
   9.0149060e-02   9.8872887e-01
   9.0695481e-02   9.8935504e-01
   9.2000981e-02   9.8998121e-01
   9.3918898e-02   9.9060739e-01
   9.4383359e-02   9.9123356e-01
   9.7180488e-02   9.9185974e-01
   9.7837220e-02   9.9248591e-01
   1.0261964e-01   9.9311209e-01
   1.0503138e-01   9.9373826e-01
   1.0695916e-01   9.9436443e-01
   1.0778613e-01   9.9499061e-01
   1.1141333e-01   9.9561678e-01
   1.1208991e-01   9.9624296e-01
   1.3921283e-01   9.9686913e-01
   1.7656844e-01   9.9749530e-01
   1.8547917e-01   9.9812148e-01
   2.2843763e-01   9.9874765e-01
   2.5626906e-01   9.9937383e-01
   2.8005937e-01   1.0000000e+00
