   8.5082723e-03   0.0000000e+00
   8.5082723e-03   8.2987552e-03
   8.5626151e-03   1.2448133e-02
   8.9411975e-03   1.6597510e-02
   1.0456571e-02   2.0746888e-02
   1.0524676e-02   2.4896266e-02
   1.0657581e-02   2.9045643e-02
   1.1290601e-02   3.3195021e-02
   1.1545463e-02   3.7344398e-02
   1.1555315e-02   4.1493776e-02
   1.2171810e-02   4.5643154e-02
   1.2285605e-02   4.9792531e-02
   1.2389805e-02   5.3941909e-02
   1.2458209e-02   5.8091286e-02
   1.2479089e-02   6.2240664e-02
   1.2545514e-02   6.6390041e-02
   1.2882854e-02   7.0539419e-02
   1.3088548e-02   7.4688797e-02
   1.3223657e-02   7.8838174e-02
   1.3375016e-02   8.2987552e-02
   1.3709380e-02   8.7136929e-02
   1.3856757e-02   9.1286307e-02
   1.3994176e-02   9.5435685e-02
   1.4614222e-02   9.9585062e-02
   1.5191126e-02   1.0373444e-01
   1.5539226e-02   1.0788382e-01
   1.6113397e-02   1.1203320e-01
   1.6555032e-02   1.1618257e-01
   1.6723576e-02   1.2033195e-01
   1.7132111e-02   1.2448133e-01
   1.7257308e-02   1.2863071e-01
   1.7315382e-02   1.3278008e-01
   1.7333254e-02   1.3692946e-01
   1.7618116e-02   1.4107884e-01
   1.7626165e-02   1.4522822e-01
   1.7991385e-02   1.4937759e-01
   1.8344344e-02   1.5352697e-01
   1.8552220e-02   1.6182573e-01
   1.8733336e-02   1.6597510e-01
   1.8841977e-02   1.7012448e-01
   1.9084866e-02   1.7427386e-01
   1.9441182e-02   1.7842324e-01
   1.9465390e-02   1.8257261e-01
   1.9581869e-02   1.8672199e-01
   1.9745625e-02   1.9087137e-01
   2.0095719e-02   1.9502075e-01
   2.0215824e-02   1.9917012e-01
   2.0352180e-02   2.0331950e-01
   2.0658243e-02   2.0746888e-01
   2.0902509e-02   2.1161826e-01
   2.0959469e-02   2.1576763e-01
   2.1044389e-02   2.1991701e-01
   2.1267239e-02   2.2406639e-01
   2.1531196e-02   2.2821577e-01
   2.1575738e-02   2.3236515e-01
   2.1644781e-02   2.3651452e-01
   2.1682484e-02   2.4066390e-01
   2.2174642e-02   2.4481328e-01
   2.2204568e-02   2.4896266e-01
   2.2211287e-02   2.5311203e-01
   2.2233845e-02   2.5726141e-01
   2.2594275e-02   2.6141079e-01
   2.2741460e-02   2.6556017e-01
   2.2782441e-02   2.6970954e-01
   2.2821904e-02   2.7385892e-01
   2.3002521e-02   2.7800830e-01
   2.3093968e-02   2.8215768e-01
   2.3126873e-02   2.8630705e-01
   2.3157231e-02   2.9045643e-01
   2.3198802e-02   2.9460581e-01
   2.3402961e-02   2.9875519e-01
   2.3612029e-02   3.0290456e-01
   2.3757052e-02   3.0705394e-01
   2.3998505e-02   3.1120332e-01
   2.4538592e-02   3.1535270e-01
   2.4696732e-02   3.2365145e-01
   2.4757646e-02   3.2780083e-01
   2.5024693e-02   3.3195021e-01
   2.5307256e-02   3.3609959e-01
   2.5371463e-02   3.4024896e-01
   2.5442429e-02   3.4439834e-01
   2.5971480e-02   3.4854772e-01
   2.6127284e-02   3.5269710e-01
   2.6725656e-02   3.5684647e-01
   2.6731416e-02   3.6099585e-01
   2.7290653e-02   3.6514523e-01
   2.7460356e-02   3.6929461e-01
   2.7629928e-02   3.7344398e-01
   2.7725288e-02   3.7759336e-01
   2.8149883e-02   3.8174274e-01
   2.8447572e-02   3.8589212e-01
   2.8522627e-02   3.9004149e-01
   2.8571213e-02   3.9419087e-01
   2.8760245e-02   3.9834025e-01
   2.8904613e-02   4.0248963e-01
   2.9074729e-02   4.0663900e-01
   2.9370694e-02   4.1078838e-01
   2.9510974e-02   4.1493776e-01
   2.9713886e-02   4.1908714e-01
   3.0005586e-02   4.2323651e-01
   3.0107491e-02   4.2738589e-01
   3.0143001e-02   4.3153527e-01
   3.0191384e-02   4.3568465e-01
   3.0252921e-02   4.3983402e-01
   3.0759668e-02   4.4398340e-01
   3.0990022e-02   4.4813278e-01
   3.1279191e-02   4.5228216e-01
   3.1746013e-02   4.5643154e-01
   3.1926204e-02   4.6058091e-01
   3.2192545e-02   4.6473029e-01
   3.2280351e-02   4.6887967e-01
   3.2313706e-02   4.7302905e-01
   3.2356530e-02   4.7717842e-01
   3.2632915e-02   4.8132780e-01
   3.2970141e-02   4.8547718e-01
   3.3394462e-02   4.8962656e-01
   3.3807023e-02   4.9377593e-01
   3.4415180e-02   4.9792531e-01
   3.4501015e-02   5.0207469e-01
   3.4524602e-02   5.0622407e-01
   3.4940046e-02   5.1037344e-01
   3.4957687e-02   5.1452282e-01
   3.5256897e-02   5.1867220e-01
   3.5537284e-02   5.2282158e-01
   3.5579337e-02   5.2697095e-01
   3.5873255e-02   5.3112033e-01
   3.6160411e-02   5.3526971e-01
   3.6321247e-02   5.3941909e-01
   3.6446535e-02   5.4356846e-01
   3.6563556e-02   5.4771784e-01
   3.7189841e-02   5.5186722e-01
   3.7664033e-02   5.5601660e-01
   3.8289550e-02   5.6016598e-01
   3.9137426e-02   5.6431535e-01
   3.9240983e-02   5.6846473e-01
   3.9266270e-02   5.7261411e-01
   3.9433197e-02   5.7676349e-01
   3.9481976e-02   5.8091286e-01
   3.9997354e-02   5.8506224e-01
   4.0097753e-02   5.8921162e-01
   4.0352305e-02   5.9336100e-01
   4.0629906e-02   5.9751037e-01
   4.0853693e-02   6.0165975e-01
   4.1063490e-02   6.0580913e-01
   4.1324636e-02   6.0995851e-01
   4.1411420e-02   6.1410788e-01
   4.1458127e-02   6.1825726e-01
   4.1659149e-02   6.2240664e-01
   4.1940466e-02   6.2655602e-01
   4.2253496e-02   6.3070539e-01
   4.2281433e-02   6.3485477e-01
   4.2531767e-02   6.3900415e-01
   4.2718210e-02   6.4315353e-01
   4.2812611e-02   6.4730290e-01
   4.3028558e-02   6.5145228e-01
   4.3138705e-02   6.5560166e-01
   4.3289602e-02   6.5975104e-01
   4.3482445e-02   6.6390041e-01
   4.3742718e-02   6.6804979e-01
   4.4337310e-02   6.7219917e-01
   4.4374370e-02   6.7634855e-01
   4.4598395e-02   6.8049793e-01
   4.5075634e-02   6.8464730e-01
   4.5201320e-02   6.8879668e-01
   4.5330643e-02   6.9294606e-01
   4.5871325e-02   6.9709544e-01
   4.5934580e-02   7.0124481e-01
   4.7415775e-02   7.0539419e-01
   4.7473508e-02   7.0954357e-01
   4.7797668e-02   7.1369295e-01
   4.7982725e-02   7.1784232e-01
   4.8906447e-02   7.2199170e-01
   4.9055024e-02   7.2614108e-01
   4.9120897e-02   7.3029046e-01
   4.9995207e-02   7.3443983e-01
   5.0112701e-02   7.3858921e-01
   5.0274764e-02   7.4273859e-01
   5.1134327e-02   7.4688797e-01
   5.1396334e-02   7.5103734e-01
   5.1398605e-02   7.5518672e-01
   5.1687381e-02   7.5933610e-01
   5.1747049e-02   7.6348548e-01
   5.1772059e-02   7.6763485e-01
   5.1773015e-02   7.7178423e-01
   5.1938213e-02   7.7593361e-01
   5.2092574e-02   7.8008299e-01
   5.3192239e-02   7.8423237e-01
   5.3335809e-02   7.8838174e-01
   5.3516557e-02   7.9253112e-01
   5.5369296e-02   7.9668050e-01
   5.6246215e-02   8.0082988e-01
   5.6727651e-02   8.0497925e-01
   5.7058457e-02   8.0912863e-01
   5.7112298e-02   8.1327801e-01
   5.7459087e-02   8.1742739e-01
   5.8417289e-02   8.2157676e-01
   5.8629264e-02   8.2572614e-01
   5.8675923e-02   8.3402490e-01
   5.9620734e-02   8.3817427e-01
   5.9646089e-02   8.4232365e-01
   6.1101127e-02   8.4647303e-01
   6.1729673e-02   8.5062241e-01
   6.3828295e-02   8.5477178e-01
   6.4121049e-02   8.5892116e-01
   6.4158012e-02   8.6307054e-01
   6.5650486e-02   8.6721992e-01
   6.6700415e-02   8.7136929e-01
   6.7078169e-02   8.7551867e-01
   6.7136493e-02   8.7966805e-01
   6.8370131e-02   8.8381743e-01
   6.9041375e-02   8.8796680e-01
   6.9044030e-02   8.9211618e-01
   6.9815411e-02   8.9626556e-01
   7.1153749e-02   9.0041494e-01
   7.1632563e-02   9.0456432e-01
   7.1694681e-02   9.0871369e-01
   7.5663028e-02   9.1286307e-01
   7.5991724e-02   9.1701245e-01
   7.6760033e-02   9.2116183e-01
   7.7548208e-02   9.2531120e-01
   7.8247767e-02   9.2946058e-01
   7.9000731e-02   9.3360996e-01
   7.9822527e-02   9.3775934e-01
   8.0568116e-02   9.4190871e-01
   8.0802024e-02   9.4605809e-01
   8.1274453e-02   9.5020747e-01
   8.1998525e-02   9.5435685e-01
   8.2595040e-02   9.5850622e-01
   8.5748829e-02   9.6265560e-01
   9.2200173e-02   9.6680498e-01
   1.0029843e-01   9.7095436e-01
   1.0675564e-01   9.7510373e-01
   1.0729501e-01   9.7925311e-01
   1.0979241e-01   9.8340249e-01
   1.1596577e-01   9.8755187e-01
   1.1827421e-01   9.9170124e-01
   1.2277223e-01   9.9585062e-01
   1.7017010e-01   1.0000000e+00
