   3.0688000e-03   0.0000000e+00
   3.0688000e-03   4.5454545e-02
   4.0920000e-03   9.0909091e-02
   6.1384000e-03   1.8181818e-01
   8.6960000e-03   2.7272727e-01
   1.0230400e-02   3.6363636e-01
   1.1252800e-02   4.0909091e-01
   1.3299200e-02   4.5454545e-01
   1.3810400e-02   5.0000000e-01
   1.5345600e-02   5.4545455e-01
   1.6368000e-02   5.9090909e-01
   1.8925600e-02   6.8181818e-01
   2.4552000e-02   7.2727273e-01
   2.5575200e-02   7.7272727e-01
   2.9667200e-02   8.1818182e-01
   3.5805600e-02   8.6363636e-01
   4.1432000e-02   9.0909091e-01
   4.2966400e-02   9.5454545e-01
   5.7800800e-02   1.0000000e+00
