   5.3260735e-03   0.0000000e+00
   5.3260735e-03   2.8985507e-03
   6.2845489e-03   5.7971014e-03
   6.4550081e-03   8.6956522e-03
   6.5089997e-03   1.1594203e-02
   7.0012222e-03   1.4492754e-02
   7.0803354e-03   1.7391304e-02
   7.3156055e-03   2.0289855e-02
   7.4038271e-03   2.3188406e-02
   7.5416491e-03   2.6086957e-02
   7.6713403e-03   2.8985507e-02
   7.8630432e-03   3.1884058e-02
   8.2686770e-03   3.4782609e-02
   8.3844965e-03   4.3478261e-02
   8.4206920e-03   4.9275362e-02
   8.6589246e-03   5.2173913e-02
   8.6762345e-03   5.5072464e-02
   8.7299463e-03   5.7971014e-02
   8.7310010e-03   6.0869565e-02
   8.9418390e-03   6.3768116e-02
   8.9429713e-03   7.2463768e-02
   9.1521515e-03   7.5362319e-02
   9.2170494e-03   7.8260870e-02
   9.2821586e-03   8.1159420e-02
   9.2875423e-03   8.6956522e-02
   9.3724448e-03   8.9855072e-02
   9.4795845e-03   9.2753623e-02
   9.4996603e-03   1.0144928e-01
   9.6034316e-03   1.0434783e-01
   9.7895568e-03   1.1014493e-01
   9.7939376e-03   1.1304348e-01
   9.8351345e-03   1.1594203e-01
   9.9120743e-03   1.1884058e-01
   1.0057721e-02   1.2173913e-01
   1.0060356e-02   1.2753623e-01
   1.0093992e-02   1.3043478e-01
   1.0145265e-02   1.3333333e-01
   1.0156899e-02   1.3623188e-01
   1.0158810e-02   1.4202899e-01
   1.0234651e-02   1.4492754e-01
   1.0334536e-02   1.4782609e-01
   1.0346591e-02   1.5072464e-01
   1.0347890e-02   1.5362319e-01
   1.0368760e-02   1.5652174e-01
   1.0388752e-02   1.6811594e-01
   1.0400898e-02   1.7101449e-01
   1.0460654e-02   1.7681159e-01
   1.0615877e-02   1.7971014e-01
   1.0619326e-02   1.8260870e-01
   1.0641828e-02   1.8550725e-01
   1.0696964e-02   1.8840580e-01
   1.0847672e-02   1.9130435e-01
   1.0893314e-02   1.9420290e-01
   1.1010279e-02   2.0000000e-01
   1.1105405e-02   2.0289855e-01
   1.1135837e-02   2.1159420e-01
   1.1197329e-02   2.1449275e-01
   1.1210383e-02   2.1739130e-01
   1.1249381e-02   2.2028986e-01
   1.1461226e-02   2.2318841e-01
   1.1471144e-02   2.2608696e-01
   1.1515548e-02   2.2898551e-01
   1.1722030e-02   2.3188406e-01
   1.1754187e-02   2.3478261e-01
   1.2010925e-02   2.3768116e-01
   1.2029073e-02   2.4057971e-01
   1.2052570e-02   2.4347826e-01
   1.2196973e-02   2.4637681e-01
   1.2237517e-02   2.4927536e-01
   1.2259719e-02   2.5217391e-01
   1.2290790e-02   2.5507246e-01
   1.2355982e-02   2.5797101e-01
   1.2423074e-02   2.6086957e-01
   1.2426224e-02   2.6376812e-01
   1.2463895e-02   2.6666667e-01
   1.2500535e-02   2.6956522e-01
   1.2630779e-02   2.7246377e-01
   1.2849210e-02   2.7536232e-01
   1.2850445e-02   2.7826087e-01
   1.2855285e-02   2.8115942e-01
   1.2975529e-02   2.8405797e-01
   1.3065872e-02   2.8695652e-01
   1.3128591e-02   2.8985507e-01
   1.3146736e-02   2.9565217e-01
   1.3163628e-02   3.0434783e-01
   1.3391474e-02   3.0724638e-01
   1.3407676e-02   3.1304348e-01
   1.3443939e-02   3.1594203e-01
   1.3543911e-02   3.1884058e-01
   1.3586532e-02   3.2173913e-01
   1.3670656e-02   3.2463768e-01
   1.3692113e-02   3.2753623e-01
   1.3741178e-02   3.3043478e-01
   1.3769062e-02   3.3333333e-01
   1.3790784e-02   3.3913043e-01
   1.3821081e-02   3.4202899e-01
   1.3849705e-02   3.4492754e-01
   1.3966182e-02   3.4782609e-01
   1.4018638e-02   3.5072464e-01
   1.4189586e-02   3.5362319e-01
   1.4222393e-02   3.5652174e-01
   1.4322597e-02   3.5942029e-01
   1.4560985e-02   3.6231884e-01
   1.4831547e-02   3.6521739e-01
   1.4925836e-02   3.7101449e-01
   1.5129166e-02   3.7391304e-01
   1.5168584e-02   3.7681159e-01
   1.5261285e-02   3.8260870e-01
   1.5301412e-02   3.8550725e-01
   1.5315387e-02   3.8840580e-01
   1.5327441e-02   3.9130435e-01
   1.5363478e-02   3.9420290e-01
   1.5436646e-02   3.9710145e-01
   1.5565171e-02   4.0000000e-01
   1.5682916e-02   4.0289855e-01
   1.5736342e-02   4.0579710e-01
   1.5878231e-02   4.0869565e-01
   1.5880642e-02   4.1449275e-01
   1.6112127e-02   4.1739130e-01
   1.6207348e-02   4.2028986e-01
   1.6208475e-02   4.2608696e-01
   1.6210710e-02   4.2898551e-01
   1.6281875e-02   4.3188406e-01
   1.6289849e-02   4.3478261e-01
   1.6321169e-02   4.3768116e-01
   1.6592244e-02   4.4057971e-01
   1.6597753e-02   4.4347826e-01
   1.6758603e-02   4.4637681e-01
   1.6796802e-02   4.4927536e-01
   1.6840867e-02   4.5217391e-01
   1.6988176e-02   4.5507246e-01
   1.6992410e-02   4.5797101e-01
   1.7009232e-02   4.6086957e-01
   1.7150492e-02   4.6376812e-01
   1.7326171e-02   4.6666667e-01
   1.7397912e-02   4.6956522e-01
   1.7398642e-02   4.7246377e-01
   1.7615971e-02   4.7536232e-01
   1.7767568e-02   4.7826087e-01
   1.7883678e-02   4.8115942e-01
   1.7909522e-02   4.8405797e-01
   1.8034652e-02   4.8695652e-01
   1.8089095e-02   4.9275362e-01
   1.8156992e-02   4.9565217e-01
   1.8157944e-02   5.0144928e-01
   1.8206643e-02   5.0434783e-01
   1.8222729e-02   5.0724638e-01
   1.8470959e-02   5.1014493e-01
   1.8507163e-02   5.1304348e-01
   1.8564317e-02   5.1594203e-01
   1.8638685e-02   5.1884058e-01
   1.8651323e-02   5.2173913e-01
   1.8715387e-02   5.2463768e-01
   1.8730611e-02   5.2753623e-01
   1.8736432e-02   5.3043478e-01
   1.8810289e-02   5.3333333e-01
   1.8888852e-02   5.3623188e-01
   1.8927588e-02   5.3913043e-01
   1.9053454e-02   5.4202899e-01
   1.9273815e-02   5.4492754e-01
   1.9288074e-02   5.4782609e-01
   1.9293909e-02   5.5072464e-01
   1.9294991e-02   5.5362319e-01
   1.9320235e-02   5.5652174e-01
   1.9597418e-02   5.5942029e-01
   1.9670269e-02   5.6231884e-01
   1.9918778e-02   5.6521739e-01
   2.0054675e-02   5.6811594e-01
   2.0126353e-02   5.7101449e-01
   2.0287396e-02   5.7391304e-01
   2.0372446e-02   5.7681159e-01
   2.0393593e-02   5.7971014e-01
   2.0402653e-02   5.8260870e-01
   2.0470624e-02   5.8550725e-01
   2.0473408e-02   5.8840580e-01
   2.0531534e-02   5.9130435e-01
   2.0622499e-02   5.9420290e-01
   2.0706971e-02   5.9710145e-01
   2.0912355e-02   6.0000000e-01
   2.0951949e-02   6.0289855e-01
   2.1155126e-02   6.0579710e-01
   2.1191036e-02   6.0869565e-01
   2.1240347e-02   6.1159420e-01
   2.1470691e-02   6.1449275e-01
   2.1561677e-02   6.1739130e-01
   2.1583340e-02   6.2028986e-01
   2.1885828e-02   6.2318841e-01
   2.2119490e-02   6.2608696e-01
   2.2138608e-02   6.2898551e-01
   2.2167067e-02   6.3188406e-01
   2.2256080e-02   6.3478261e-01
   2.2431190e-02   6.3768116e-01
   2.2474161e-02   6.4057971e-01
   2.2570871e-02   6.4347826e-01
   2.2633823e-02   6.4637681e-01
   2.2694058e-02   6.4927536e-01
   2.2941855e-02   6.5217391e-01
   2.3298706e-02   6.5507246e-01
   2.3490360e-02   6.5797101e-01
   2.3524345e-02   6.6086957e-01
   2.3531764e-02   6.6376812e-01
   2.4023198e-02   6.6666667e-01
   2.4105140e-02   6.6956522e-01
   2.4209477e-02   6.7246377e-01
   2.4307768e-02   6.7536232e-01
   2.4851565e-02   6.7826087e-01
   2.5154346e-02   6.8115942e-01
   2.5212518e-02   6.8405797e-01
   2.5442656e-02   6.8695652e-01
   2.5488285e-02   6.8985507e-01
   2.5542853e-02   6.9275362e-01
   2.5734631e-02   6.9565217e-01
   2.5809428e-02   6.9855072e-01
   2.5982329e-02   7.0144928e-01
   2.6214748e-02   7.0434783e-01
   2.6293471e-02   7.0724638e-01
   2.6417751e-02   7.1014493e-01
   2.6825250e-02   7.1304348e-01
   2.6825732e-02   7.1594203e-01
   2.7011940e-02   7.2173913e-01
   2.7114328e-02   7.2463768e-01
   2.7181647e-02   7.2753623e-01
   2.7374315e-02   7.3043478e-01
   2.7446374e-02   7.3333333e-01
   2.7654430e-02   7.3623188e-01
   2.7847112e-02   7.3913043e-01
   2.8255589e-02   7.4202899e-01
   2.8438754e-02   7.4492754e-01
   2.8608839e-02   7.4782609e-01
   2.8754940e-02   7.5072464e-01
   2.8809672e-02   7.5362319e-01
   2.8823615e-02   7.5942029e-01
   2.9813690e-02   7.6521739e-01
   2.9851673e-02   7.6811594e-01
   3.0166019e-02   7.7101449e-01
   3.0330236e-02   7.7391304e-01
   3.0471466e-02   7.7681159e-01
   3.0695045e-02   7.7971014e-01
   3.1324800e-02   7.8260870e-01
   3.1914401e-02   7.8550725e-01
   3.2217294e-02   7.8840580e-01
   3.2640704e-02   7.9130435e-01
   3.2735531e-02   7.9420290e-01
   3.3110838e-02   7.9710145e-01
   3.3795460e-02   8.0000000e-01
   3.4127432e-02   8.0289855e-01
   3.4291359e-02   8.0579710e-01
   3.4610375e-02   8.0869565e-01
   3.4614567e-02   8.1159420e-01
   3.4676664e-02   8.1449275e-01
   3.4836755e-02   8.1739130e-01
   3.4902620e-02   8.2028986e-01
   3.5528746e-02   8.2318841e-01
   3.5564704e-02   8.2608696e-01
   3.5907081e-02   8.2898551e-01
   3.6524675e-02   8.3188406e-01
   3.6614492e-02   8.3478261e-01
   3.6691769e-02   8.3768116e-01
   3.7250817e-02   8.4057971e-01
   3.7555757e-02   8.4347826e-01
   3.8132674e-02   8.4637681e-01
   3.8181348e-02   8.4927536e-01
   3.8379321e-02   8.5217391e-01
   3.8575551e-02   8.5507246e-01
   3.9981419e-02   8.5797101e-01
   4.0029867e-02   8.6086957e-01
   4.0079368e-02   8.6376812e-01
   4.1492748e-02   8.6666667e-01
   4.1861208e-02   8.6956522e-01
   4.2464639e-02   8.7246377e-01
   4.2691441e-02   8.7536232e-01
   4.2825649e-02   8.7826087e-01
   4.4357417e-02   8.8115942e-01
   4.5458053e-02   8.8405797e-01
   4.6490946e-02   8.8695652e-01
   4.6601802e-02   8.8985507e-01
   4.7871542e-02   8.9275362e-01
   4.8563864e-02   8.9565217e-01
   4.8600987e-02   8.9855072e-01
   4.8894181e-02   9.0144928e-01
   4.9494349e-02   9.0434783e-01
   4.9682709e-02   9.0724638e-01
   5.0184245e-02   9.1014493e-01
   5.0321375e-02   9.1304348e-01
   5.0523728e-02   9.1594203e-01
   5.1241245e-02   9.1884058e-01
   5.2513720e-02   9.2173913e-01
   5.2523603e-02   9.2463768e-01
   5.2711226e-02   9.2753623e-01
   5.3097763e-02   9.3043478e-01
   5.4982456e-02   9.3333333e-01
   5.5029907e-02   9.3623188e-01
   5.7083816e-02   9.3913043e-01
   6.0036252e-02   9.4202899e-01
   6.0085856e-02   9.4492754e-01
   6.3204863e-02   9.4782609e-01
   6.4128125e-02   9.5072464e-01
   6.4389953e-02   9.5362319e-01
   6.4835030e-02   9.5652174e-01
   6.6343056e-02   9.5942029e-01
   6.7447680e-02   9.6231884e-01
   6.8082682e-02   9.6521739e-01
   7.1249761e-02   9.6811594e-01
   7.1664694e-02   9.7101449e-01
   7.3767682e-02   9.7391304e-01
   7.4870485e-02   9.7681159e-01
   7.7937076e-02   9.7971014e-01
   8.3988619e-02   9.8260870e-01
   8.6465455e-02   9.8550725e-01
   8.6826574e-02   9.8840580e-01
   9.5411513e-02   9.9130435e-01
   1.0238257e-01   9.9420290e-01
   1.0493457e-01   9.9710145e-01
   1.2901676e-01   1.0000000e+00
