   4.2376000e-03   0.0000000e+00
   4.2376000e-03   5.3571429e-03
   4.6608000e-03   1.7857143e-02
   5.0848000e-03   3.3928571e-02
   5.5088000e-03   4.1071429e-02
   5.9320000e-03   5.1785714e-02
   6.3560000e-03   7.1428571e-02
   6.7800000e-03   9.8214286e-02
   7.2032000e-03   1.2500000e-01
   7.6272000e-03   1.4464286e-01
   8.0512000e-03   1.6964286e-01
   8.4744000e-03   1.8750000e-01
   8.8984000e-03   2.0178571e-01
   9.3216000e-03   2.1607143e-01
   9.7456000e-03   2.4107143e-01
   1.0169600e-02   2.7321429e-01
   1.0592800e-02   2.8571429e-01
   1.1016800e-02   3.0892857e-01
   1.1440800e-02   3.3214286e-01
   1.1864000e-02   3.5000000e-01
   1.2288000e-02   3.6250000e-01
   1.2712000e-02   3.7678571e-01
   1.3136000e-02   4.0357143e-01
   1.3559200e-02   4.1785714e-01
   1.3983200e-02   4.3750000e-01
   1.4407200e-02   4.4642857e-01
   1.4830400e-02   4.5892857e-01
   1.5254400e-02   4.6964286e-01
   1.5678400e-02   4.7857143e-01
   1.6101600e-02   4.8392857e-01
   1.6525600e-02   4.9107143e-01
   1.6948800e-02   5.0000000e-01
   1.7372800e-02   5.1428571e-01
   1.7796800e-02   5.2500000e-01
   1.8220000e-02   5.3214286e-01
   1.8644000e-02   5.4107143e-01
   1.9068000e-02   5.4464286e-01
   1.9491200e-02   5.4821429e-01
   1.9915200e-02   5.5535714e-01
   2.0339200e-02   5.6250000e-01
   2.0762400e-02   5.6785714e-01
   2.1186400e-02   5.8035714e-01
   2.1610400e-02   5.9107143e-01
   2.2033600e-02   6.0714286e-01
   2.2457600e-02   6.1607143e-01
   2.2881600e-02   6.2678571e-01
   2.3304800e-02   6.3035714e-01
   2.3728800e-02   6.3928571e-01
   2.4152800e-02   6.4464286e-01
   2.4576000e-02   6.4642857e-01
   2.5000000e-02   6.5357143e-01
   2.5424000e-02   6.5714286e-01
   2.5847200e-02   6.6071429e-01
   2.6271200e-02   6.7142857e-01
   2.6695200e-02   6.8035714e-01
   2.7118400e-02   6.8214286e-01
   2.7542400e-02   6.8571429e-01
   2.7966400e-02   6.8750000e-01
   2.8389600e-02   6.9107143e-01
   2.8813600e-02   6.9464286e-01
   2.9237600e-02   7.0000000e-01
   2.9660800e-02   7.0357143e-01
   3.0932000e-02   7.1250000e-01
   3.1356000e-02   7.1785714e-01
   3.1780000e-02   7.2857143e-01
   3.2203200e-02   7.3214286e-01
   3.2627200e-02   7.3750000e-01
   3.3051200e-02   7.3928571e-01
   3.3474400e-02   7.4642857e-01
   3.3898400e-02   7.5714286e-01
   3.4322400e-02   7.6428571e-01
   3.4745600e-02   7.6785714e-01
   3.5169600e-02   7.8035714e-01
   3.5593600e-02   7.9464286e-01
   3.6016800e-02   8.0178571e-01
   3.6440800e-02   8.0892857e-01
   3.6864800e-02   8.1250000e-01
   3.7288000e-02   8.1428571e-01
   3.7712000e-02   8.2142857e-01
   3.8135200e-02   8.2500000e-01
   3.8983200e-02   8.2857143e-01
   3.9406400e-02   8.3035714e-01
   4.0254400e-02   8.3214286e-01
   4.0677600e-02   8.3392857e-01
   4.1101600e-02   8.4107143e-01
   4.2372800e-02   8.4464286e-01
   4.2796800e-02   8.4821429e-01
   4.4491200e-02   8.5000000e-01
   4.4915200e-02   8.5178571e-01
   4.5762400e-02   8.5535714e-01
   4.6186400e-02   8.5892857e-01
   4.6610400e-02   8.6428571e-01
   4.7033600e-02   8.6785714e-01
   4.7457600e-02   8.6964286e-01
   4.7881600e-02   8.7857143e-01
   4.8304800e-02   8.8035714e-01
   4.9152800e-02   8.8214286e-01
   4.9576000e-02   8.8571429e-01
   5.0000000e-02   8.9464286e-01
   5.0424000e-02   8.9642857e-01
   5.0847200e-02   8.9821429e-01
   5.1271200e-02   9.0178571e-01
   5.1695200e-02   9.0357143e-01
   5.2118400e-02   9.0535714e-01
   5.2542400e-02   9.0714286e-01
   5.3389600e-02   9.0892857e-01
   5.3813600e-02   9.1071429e-01
   5.5084800e-02   9.1250000e-01
   5.5932000e-02   9.1428571e-01
   5.6356000e-02   9.1607143e-01
   5.6780000e-02   9.2142857e-01
   5.7203200e-02   9.2321429e-01
   5.7627200e-02   9.2500000e-01
   5.8051200e-02   9.2678571e-01
   5.8474400e-02   9.3035714e-01
   5.8898400e-02   9.3214286e-01
   6.0169600e-02   9.3392857e-01
   6.0593600e-02   9.3571429e-01
   6.1440800e-02   9.3750000e-01
   6.2288000e-02   9.3928571e-01
   6.2712000e-02   9.4107143e-01
   6.4830400e-02   9.4285714e-01
   6.5254400e-02   9.4464286e-01
   6.6525600e-02   9.4642857e-01
   6.6948800e-02   9.5000000e-01
   6.7796800e-02   9.5357143e-01
   6.8644000e-02   9.5535714e-01
   7.1186400e-02   9.5714286e-01
   7.2033600e-02   9.5892857e-01
   7.3728800e-02   9.6071429e-01
   7.7542400e-02   9.6250000e-01
   7.8813600e-02   9.6428571e-01
   8.1356000e-02   9.6607143e-01
   8.1780000e-02   9.6785714e-01
   8.4322400e-02   9.6964286e-01
   8.5169600e-02   9.7142857e-01
   8.5593600e-02   9.7321429e-01
   8.6016800e-02   9.7500000e-01
   8.7712000e-02   9.7678571e-01
   9.2796800e-02   9.8035714e-01
   1.0042400e-01   9.8214286e-01
   1.0635600e-01   9.8392857e-01
   1.1101680e-01   9.8571429e-01
   1.1271200e-01   9.8750000e-01
   1.1652560e-01   9.8928571e-01
   1.3178000e-01   9.9107143e-01
   1.3220320e-01   9.9285714e-01
   1.3601680e-01   9.9464286e-01
   1.3855920e-01   9.9642857e-01
   1.6949120e-01   9.9821429e-01
   1.7118640e-01   1.0000000e+00
