   1.0373603e-02   0.0000000e+00
   1.0373603e-02   8.7719298e-03
   1.2248109e-02   1.7543860e-02
   1.2270743e-02   2.6315789e-02
   1.2704456e-02   3.5087719e-02
   1.2752468e-02   4.3859649e-02
   1.2779395e-02   5.2631579e-02
   1.3046776e-02   6.1403509e-02
   1.4507016e-02   7.0175439e-02
   1.4545603e-02   8.7719298e-02
   1.5360282e-02   9.6491228e-02
   1.5450224e-02   1.0526316e-01
   1.5524558e-02   1.1403509e-01
   1.5651697e-02   1.2280702e-01
   1.5861511e-02   1.3157895e-01
   1.6251650e-02   1.4035088e-01
   1.6555698e-02   1.4912281e-01
   1.7968300e-02   1.5789474e-01
   1.8003511e-02   1.6666667e-01
   1.8299001e-02   1.7543860e-01
   1.8633876e-02   1.8421053e-01
   1.8841127e-02   1.9298246e-01
   1.8861066e-02   2.0175439e-01
   1.9121190e-02   2.1052632e-01
   2.0695317e-02   2.1929825e-01
   2.0868732e-02   2.2807018e-01
   2.1191957e-02   2.3684211e-01
   2.1533498e-02   2.4561404e-01
   2.1747858e-02   2.5438596e-01
   2.2337228e-02   2.6315789e-01
   2.2461082e-02   2.7192982e-01
   2.3549808e-02   2.8070175e-01
   2.4381783e-02   2.8947368e-01
   2.4474942e-02   2.9824561e-01
   2.4568588e-02   3.0701754e-01
   2.4798499e-02   3.1578947e-01
   2.5519730e-02   3.2456140e-01
   2.6130261e-02   3.3333333e-01
   2.6278635e-02   3.4210526e-01
   2.6683350e-02   3.5087719e-01
   2.7157160e-02   3.5964912e-01
   2.7608270e-02   3.6842105e-01
   2.7749483e-02   3.7719298e-01
   2.8124002e-02   3.8596491e-01
   2.8531118e-02   3.9473684e-01
   2.9045879e-02   4.0350877e-01
   2.9324313e-02   4.1228070e-01
   3.0259101e-02   4.2105263e-01
   3.0312835e-02   4.2982456e-01
   3.1037800e-02   4.3859649e-01
   3.1658768e-02   4.4736842e-01
   3.3197555e-02   4.5614035e-01
   3.3721562e-02   4.6491228e-01
   3.3984367e-02   4.7368421e-01
   3.5432202e-02   4.8245614e-01
   3.5548353e-02   4.9122807e-01
   3.5698077e-02   5.0000000e-01
   3.7261806e-02   5.0877193e-01
   3.7475441e-02   5.1754386e-01
   3.8068105e-02   5.2631579e-01
   4.0013872e-02   5.3508772e-01
   4.0283637e-02   5.4385965e-01
   4.0578302e-02   5.5263158e-01
   4.0682779e-02   5.6140351e-01
   4.0871761e-02   5.7017544e-01
   4.2329349e-02   5.7894737e-01
   4.2366734e-02   5.8771930e-01
   4.2642193e-02   5.9649123e-01
   4.2671549e-02   6.0526316e-01
   4.6504339e-02   6.1403509e-01
   4.7076466e-02   6.2280702e-01
   4.7438702e-02   6.3157895e-01
   4.7548618e-02   6.4035088e-01
   4.8147429e-02   6.4912281e-01
   4.8610450e-02   6.5789474e-01
   5.1247492e-02   6.6666667e-01
   5.1472876e-02   6.7543860e-01
   5.4780644e-02   6.8421053e-01
   5.5988479e-02   6.9298246e-01
   5.7193235e-02   7.0175439e-01
   5.8009469e-02   7.1052632e-01
   5.8501007e-02   7.1929825e-01
   5.9233260e-02   7.2807018e-01
   6.0599685e-02   7.3684211e-01
   6.1048814e-02   7.4561404e-01
   6.2479688e-02   7.5438596e-01
   6.3710803e-02   7.6315789e-01
   6.5189842e-02   7.7192982e-01
   6.5346096e-02   7.8070175e-01
   6.6690136e-02   7.8947368e-01
   6.7454411e-02   7.9824561e-01
   6.7910312e-02   8.0701754e-01
   6.8046746e-02   8.1578947e-01
   6.9855065e-02   8.2456140e-01
   7.3659012e-02   8.3333333e-01
   7.5751825e-02   8.4210526e-01
   7.6257921e-02   8.5087719e-01
   7.7982478e-02   8.5964912e-01
   7.8830926e-02   8.6842105e-01
   8.8487036e-02   8.7719298e-01
   8.9393769e-02   8.8596491e-01
   8.9646323e-02   8.9473684e-01
   9.2274960e-02   9.0350877e-01
   9.5757850e-02   9.1228070e-01
   9.6473490e-02   9.2105263e-01
   1.0633394e-01   9.2982456e-01
   1.1725101e-01   9.3859649e-01
   1.1774790e-01   9.4736842e-01
   1.1816955e-01   9.5614035e-01
   1.1879036e-01   9.6491228e-01
   1.2586550e-01   9.7368421e-01
   1.4011293e-01   9.8245614e-01
   1.4132805e-01   9.9122807e-01
   1.7023115e-01   1.0000000e+00
