   4.7263747e-03   0.0000000e+00
   4.7263747e-03   7.1581961e-04
   5.6350570e-03   1.4316392e-03
   5.9767424e-03   2.1474588e-03
   6.4656499e-03   2.8632785e-03
   6.5603766e-03   4.2949177e-03
   6.6549273e-03   5.0107373e-03
   6.7020435e-03   5.7265569e-03
   6.8738431e-03   6.4423765e-03
   6.8870531e-03   7.8740157e-03
   6.9567603e-03   8.5898354e-03
   7.1704478e-03   9.3056550e-03
   7.2273424e-03   1.0737294e-02
   7.3230003e-03   1.2884753e-02
   7.4689745e-03   1.3600573e-02
   7.4980147e-03   1.5032212e-02
   7.5130324e-03   1.7179671e-02
   7.5346651e-03   1.7895490e-02
   7.5805209e-03   1.8611310e-02
   7.6983574e-03   1.9327130e-02
   7.8117349e-03   2.0042949e-02
   7.8533735e-03   2.2190408e-02
   7.8785273e-03   2.3622047e-02
   7.9437190e-03   2.5769506e-02
   8.0821045e-03   2.7201145e-02
   8.1220143e-03   2.7916965e-02
   8.1395959e-03   3.0064424e-02
   8.1525549e-03   3.0780243e-02
   8.2045017e-03   3.2211883e-02
   8.3161516e-03   3.2927702e-02
   8.3392038e-03   3.3643522e-02
   8.4378276e-03   3.7222620e-02
   8.4419861e-03   3.8654259e-02
   8.4737922e-03   3.9370079e-02
   8.4935338e-03   4.1517538e-02
   8.5656030e-03   4.3664996e-02
   8.5900809e-03   4.4380816e-02
   8.6973053e-03   4.5812455e-02
   8.7310141e-03   4.6528275e-02
   8.7462534e-03   5.0823193e-02
   8.7655752e-03   5.2254832e-02
   8.7717213e-03   5.4402291e-02
   8.8287655e-03   5.8697208e-02
   8.8420840e-03   5.9413028e-02
   8.9361231e-03   6.1560487e-02
   9.0628540e-03   6.5855404e-02
   9.0649276e-03   6.8002863e-02
   9.1044503e-03   7.0866142e-02
   9.1096338e-03   7.3013601e-02
   9.1100314e-03   7.3729420e-02
   9.1886801e-03   7.7308518e-02
   9.1973447e-03   8.1603436e-02
   9.2745812e-03   8.2319256e-02
   9.3137210e-03   8.4466714e-02
   9.3252482e-03   8.5898354e-02
   9.3707677e-03   8.8045812e-02
   9.3910079e-03   8.9477452e-02
   9.3922972e-03   9.1624911e-02
   9.4538752e-03   9.4488189e-02
   9.4548468e-03   9.6635648e-02
   9.4938624e-03   9.7351467e-02
   9.5563039e-03   9.9498926e-02
   9.5578875e-03   1.0307802e-01
   9.6878078e-03   1.0952040e-01
   9.6884980e-03   1.1381532e-01
   9.6988143e-03   1.1524696e-01
   9.7005673e-03   1.1739442e-01
   9.7274841e-03   1.2168933e-01
   9.7301475e-03   1.2455261e-01
   9.8059263e-03   1.2956335e-01
   9.8115675e-03   1.3171081e-01
   9.8783763e-03   1.3314245e-01
   9.9244126e-03   1.3385827e-01
   9.9319960e-03   1.3672155e-01
   9.9954653e-03   1.3958482e-01
   1.0013107e-02   1.4316392e-01
   1.0017571e-02   1.4817466e-01
   1.0069062e-02   1.5461704e-01
   1.0078039e-02   1.5748031e-01
   1.0080086e-02   1.5891195e-01
   1.0089276e-02   1.6177523e-01
   1.0163510e-02   1.6249105e-01
   1.0177842e-02   1.6535433e-01
   1.0295683e-02   1.6678597e-01
   1.0311063e-02   1.6964925e-01
   1.0313634e-02   1.7179671e-01
   1.0314750e-02   1.7394417e-01
   1.0345259e-02   1.7967072e-01
   1.0355812e-02   1.8324982e-01
   1.0417618e-02   1.8396564e-01
   1.0434964e-02   1.8754474e-01
   1.0463346e-02   1.8826056e-01
   1.0485798e-02   1.8897638e-01
   1.0526351e-02   1.9327130e-01
   1.0550590e-02   1.9398712e-01
   1.0620865e-02   1.9899785e-01
   1.0633912e-02   1.9971367e-01
   1.0643551e-02   2.0186113e-01
   1.0671203e-02   2.0400859e-01
   1.0684809e-02   2.0758769e-01
   1.0691243e-02   2.0830351e-01
   1.0701846e-02   2.0901933e-01
   1.0703478e-02   2.1259843e-01
   1.0771902e-02   2.1331424e-01
   1.0798841e-02   2.1617752e-01
   1.0849227e-02   2.1689334e-01
   1.0893923e-02   2.1832498e-01
   1.0930389e-02   2.2047244e-01
   1.0934570e-02   2.2548318e-01
   1.0940469e-02   2.3192555e-01
   1.0964527e-02   2.3693629e-01
   1.0982111e-02   2.3836793e-01
   1.1030515e-02   2.4337867e-01
   1.1049827e-02   2.4409449e-01
   1.1058523e-02   2.4767359e-01
   1.1094656e-02   2.4838941e-01
   1.1103238e-02   2.4910523e-01
   1.1131369e-02   2.5053686e-01
   1.1170203e-02   2.5196850e-01
   1.1238828e-02   2.5268432e-01
   1.1245263e-02   2.5697924e-01
   1.1256357e-02   2.5841088e-01
   1.1270114e-02   2.6055834e-01
   1.1301680e-02   2.6270580e-01
   1.1315269e-02   2.6485326e-01
   1.1328427e-02   2.6843236e-01
   1.1381816e-02   2.6914817e-01
   1.1421444e-02   2.7057981e-01
   1.1432595e-02   2.7129563e-01
   1.1492198e-02   2.7201145e-01
   1.1494846e-02   2.7344309e-01
   1.1547092e-02   2.7487473e-01
   1.1558403e-02   2.7630637e-01
   1.1566224e-02   2.7845383e-01
   1.1585021e-02   2.8131711e-01
   1.1607841e-02   2.8274875e-01
   1.1644804e-02   2.8704366e-01
   1.1682967e-02   2.8919112e-01
   1.1705321e-02   2.9133858e-01
   1.1737540e-02   2.9205440e-01
   1.1790305e-02   2.9348604e-01
   1.1863264e-02   2.9420186e-01
   1.1870901e-02   2.9634932e-01
   1.1878712e-02   2.9992842e-01
   1.1894705e-02   3.0064424e-01
   1.1895547e-02   3.0350752e-01
   1.1919991e-02   3.0708661e-01
   1.1929566e-02   3.0851825e-01
   1.1954097e-02   3.0923407e-01
   1.1992730e-02   3.1281317e-01
   1.2043821e-02   3.1424481e-01
   1.2165135e-02   3.1567645e-01
   1.2182997e-02   3.1925555e-01
   1.2191997e-02   3.2068719e-01
   1.2205625e-02   3.2283465e-01
   1.2233662e-02   3.2426628e-01
   1.2260110e-02   3.2498210e-01
   1.2307003e-02   3.2641374e-01
   1.2346299e-02   3.2784538e-01
   1.2402314e-02   3.2927702e-01
   1.2422061e-02   3.2999284e-01
   1.2463840e-02   3.3357194e-01
   1.2496076e-02   3.3571940e-01
   1.2501956e-02   3.3715104e-01
   1.2522110e-02   3.4001432e-01
   1.2546071e-02   3.4216178e-01
   1.2578727e-02   3.4430923e-01
   1.2597641e-02   3.4502505e-01
   1.2606183e-02   3.4717251e-01
   1.2611392e-02   3.4860415e-01
   1.2666552e-02   3.5218325e-01
   1.2709939e-02   3.5361489e-01
   1.2784609e-02   3.5433071e-01
   1.2807240e-02   3.5647817e-01
   1.2818360e-02   3.5719399e-01
   1.2826652e-02   3.5934145e-01
   1.2832988e-02   3.6005727e-01
   1.2859438e-02   3.6148890e-01
   1.2876605e-02   3.6292054e-01
   1.2931300e-02   3.6435218e-01
   1.2957151e-02   3.6721546e-01
   1.3032840e-02   3.6864710e-01
   1.3066801e-02   3.7007874e-01
   1.3121884e-02   3.7365784e-01
   1.3124386e-02   3.7437366e-01
   1.3148089e-02   3.7508948e-01
   1.3157832e-02   3.7723694e-01
   1.3203953e-02   3.7866858e-01
   1.3220395e-02   3.8010021e-01
   1.3221748e-02   3.8081603e-01
   1.3289733e-02   3.8224767e-01
   1.3312627e-02   3.8296349e-01
   1.3321740e-02   3.8367931e-01
   1.3404087e-02   3.8511095e-01
   1.3431603e-02   3.8654259e-01
   1.3444171e-02   3.8797423e-01
   1.3448236e-02   3.9226915e-01
   1.3485232e-02   3.9441661e-01
   1.3494460e-02   3.9513243e-01
   1.3546626e-02   3.9656407e-01
   1.3555727e-02   3.9727989e-01
   1.3565050e-02   3.9799571e-01
   1.3568977e-02   4.0014316e-01
   1.3580945e-02   4.0157480e-01
   1.3653996e-02   4.0229062e-01
   1.3746631e-02   4.0300644e-01
   1.3756467e-02   4.0443808e-01
   1.3774069e-02   4.0515390e-01
   1.3777770e-02   4.0801718e-01
   1.3781139e-02   4.0944882e-01
   1.3802093e-02   4.1016464e-01
   1.3829854e-02   4.1231210e-01
   1.3836138e-02   4.1445956e-01
   1.3913029e-02   4.1589120e-01
   1.3959898e-02   4.1803865e-01
   1.4035046e-02   4.2018611e-01
   1.4056152e-02   4.2090193e-01
   1.4069438e-02   4.2161775e-01
   1.4111639e-02   4.2304939e-01
   1.4112591e-02   4.2591267e-01
   1.4143672e-02   4.2662849e-01
   1.4162267e-02   4.2806013e-01
   1.4175136e-02   4.2949177e-01
   1.4181851e-02   4.3092341e-01
   1.4276645e-02   4.3163923e-01
   1.4278432e-02   4.3235505e-01
   1.4371754e-02   4.3450251e-01
   1.4372008e-02   4.3593414e-01
   1.4398739e-02   4.3736578e-01
   1.4400086e-02   4.3879742e-01
   1.4402056e-02   4.3951324e-01
   1.4432637e-02   4.4022906e-01
   1.4451692e-02   4.4094488e-01
   1.4455206e-02   4.4166070e-01
   1.4532557e-02   4.4309234e-01
   1.4537184e-02   4.4452398e-01
   1.4644884e-02   4.4523980e-01
   1.4680822e-02   4.4595562e-01
   1.4693045e-02   4.4881890e-01
   1.4725150e-02   4.4953472e-01
   1.4731254e-02   4.5168218e-01
   1.4736929e-02   4.5311382e-01
   1.4772348e-02   4.5382963e-01
   1.4805513e-02   4.5526127e-01
   1.4887307e-02   4.5597709e-01
   1.4898985e-02   4.5812455e-01
   1.4919586e-02   4.5884037e-01
   1.4995493e-02   4.5955619e-01
   1.4997997e-02   4.6241947e-01
   1.5003779e-02   4.6385111e-01
   1.5019046e-02   4.6456693e-01
   1.5026065e-02   4.6528275e-01
   1.5069180e-02   4.6671439e-01
   1.5080694e-02   4.6743021e-01
   1.5111755e-02   4.6814603e-01
   1.5120726e-02   4.6886185e-01
   1.5144583e-02   4.7029349e-01
   1.5223479e-02   4.7100931e-01
   1.5245818e-02   4.7244094e-01
   1.5266527e-02   4.7387258e-01
   1.5306149e-02   4.7602004e-01
   1.5315057e-02   4.7673586e-01
   1.5321701e-02   4.7816750e-01
   1.5331180e-02   4.7888332e-01
   1.5350637e-02   4.8174660e-01
   1.5363361e-02   4.8246242e-01
   1.5396270e-02   4.8317824e-01
   1.5411582e-02   4.8389406e-01
   1.5429755e-02   4.8460988e-01
   1.5497144e-02   4.8532570e-01
   1.5521134e-02   4.8675734e-01
   1.5545620e-02   4.8747316e-01
   1.5619358e-02   4.8890480e-01
   1.5623470e-02   4.8962062e-01
   1.5638167e-02   4.9033644e-01
   1.5640374e-02   4.9105225e-01
   1.5652628e-02   4.9319971e-01
   1.5686898e-02   4.9463135e-01
   1.5706142e-02   4.9677881e-01
   1.5728544e-02   4.9749463e-01
   1.5758170e-02   4.9821045e-01
   1.5778082e-02   4.9892627e-01
   1.5784944e-02   4.9964209e-01
   1.5852750e-02   5.0035791e-01
   1.5887912e-02   5.0107373e-01
   1.5928482e-02   5.0178955e-01
   1.5930442e-02   5.0393701e-01
   1.5938465e-02   5.0680029e-01
   1.5946802e-02   5.0751611e-01
   1.5948136e-02   5.0894775e-01
   1.5970535e-02   5.1181102e-01
   1.5989209e-02   5.1252684e-01
   1.6014213e-02   5.1395848e-01
   1.6027533e-02   5.1610594e-01
   1.6080740e-02   5.1753758e-01
   1.6109945e-02   5.1825340e-01
   1.6115154e-02   5.1896922e-01
   1.6144654e-02   5.2254832e-01
   1.6212489e-02   5.2326414e-01
   1.6248976e-02   5.2397996e-01
   1.6262576e-02   5.2684324e-01
   1.6278608e-02   5.2970651e-01
   1.6281122e-02   5.3113815e-01
   1.6305246e-02   5.3185397e-01
   1.6332235e-02   5.3328561e-01
   1.6336686e-02   5.3400143e-01
   1.6371623e-02   5.3471725e-01
   1.6393616e-02   5.3543307e-01
   1.6395030e-02   5.3686471e-01
   1.6462176e-02   5.3758053e-01
   1.6468892e-02   5.3829635e-01
   1.6491393e-02   5.3901217e-01
   1.6509167e-02   5.4115963e-01
   1.6531912e-02   5.4187545e-01
   1.6553792e-02   5.4259127e-01
   1.6555952e-02   5.4402291e-01
   1.6561582e-02   5.4545455e-01
   1.6573449e-02   5.4688618e-01
   1.6615660e-02   5.4831782e-01
   1.6633416e-02   5.4903364e-01
   1.6643595e-02   5.5118110e-01
   1.6680147e-02   5.5189692e-01
   1.6720202e-02   5.5476020e-01
   1.6767771e-02   5.5619184e-01
   1.6874524e-02   5.5762348e-01
   1.6878822e-02   5.5833930e-01
   1.6884580e-02   5.5905512e-01
   1.6904624e-02   5.5977094e-01
   1.6924026e-02   5.6191840e-01
   1.6941491e-02   5.6263422e-01
   1.7033204e-02   5.6335004e-01
   1.7084359e-02   5.6406586e-01
   1.7085721e-02   5.6478168e-01
   1.7131846e-02   5.6549749e-01
   1.7180587e-02   5.6692913e-01
   1.7180985e-02   5.6836077e-01
   1.7185438e-02   5.7050823e-01
   1.7211544e-02   5.7193987e-01
   1.7240990e-02   5.7337151e-01
   1.7261453e-02   5.7480315e-01
   1.7310354e-02   5.7551897e-01
   1.7333374e-02   5.7695061e-01
   1.7343023e-02   5.7766643e-01
   1.7391724e-02   5.7909807e-01
   1.7492550e-02   5.7981389e-01
   1.7499666e-02   5.8124553e-01
   1.7506785e-02   5.8339298e-01
   1.7530604e-02   5.8625626e-01
   1.7543443e-02   5.8768790e-01
   1.7544424e-02   5.8840372e-01
   1.7582789e-02   5.8911954e-01
   1.7629851e-02   5.8983536e-01
   1.7658152e-02   5.9055118e-01
   1.7683713e-02   5.9126700e-01
   1.7711696e-02   5.9198282e-01
   1.7754160e-02   5.9269864e-01
   1.7756754e-02   5.9341446e-01
   1.7786756e-02   5.9413028e-01
   1.7806639e-02   5.9484610e-01
   1.7808355e-02   5.9699356e-01
   1.7825789e-02   5.9985684e-01
   1.7833189e-02   6.0272011e-01
   1.7839957e-02   6.0343593e-01
   1.7866864e-02   6.0486757e-01
   1.7879426e-02   6.0629921e-01
   1.7910409e-02   6.0701503e-01
   1.7947899e-02   6.0773085e-01
   1.8010696e-02   6.0916249e-01
   1.8015229e-02   6.1059413e-01
   1.8037403e-02   6.1130995e-01
   1.8116971e-02   6.1345741e-01
   1.8121509e-02   6.1488905e-01
   1.8129331e-02   6.1560487e-01
   1.8156583e-02   6.1703651e-01
   1.8163813e-02   6.1846815e-01
   1.8217656e-02   6.1918397e-01
   1.8219268e-02   6.2133142e-01
   1.8282085e-02   6.2347888e-01
   1.8296483e-02   6.2419470e-01
   1.8377360e-02   6.2634216e-01
   1.8393582e-02   6.2777380e-01
   1.8431224e-02   6.2848962e-01
   1.8432573e-02   6.2920544e-01
   1.8451682e-02   6.2992126e-01
   1.8454650e-02   6.3063708e-01
   1.8493337e-02   6.3206872e-01
   1.8498431e-02   6.3278454e-01
   1.8519536e-02   6.3350036e-01
   1.8548084e-02   6.3421618e-01
   1.8562756e-02   6.3564782e-01
   1.8563021e-02   6.3636364e-01
   1.8639032e-02   6.3707946e-01
   1.8651586e-02   6.3779528e-01
   1.8741535e-02   6.3922691e-01
   1.8783233e-02   6.3994273e-01
   1.8784088e-02   6.4137437e-01
   1.8867389e-02   6.4209019e-01
   1.8879713e-02   6.4280601e-01
   1.8907243e-02   6.4423765e-01
   1.8958165e-02   6.4495347e-01
   1.8987725e-02   6.4566929e-01
   1.8999660e-02   6.4710093e-01
   1.9002724e-02   6.4781675e-01
   1.9056440e-02   6.4996421e-01
   1.9113258e-02   6.5068003e-01
   1.9117431e-02   6.5139585e-01
   1.9178168e-02   6.5211167e-01
   1.9181255e-02   6.5282749e-01
   1.9262850e-02   6.5425913e-01
   1.9366192e-02   6.5569077e-01
   1.9374332e-02   6.5640659e-01
   1.9375616e-02   6.5712241e-01
   1.9377562e-02   6.5783822e-01
   1.9401512e-02   6.5855404e-01
   1.9405239e-02   6.5998568e-01
   1.9408579e-02   6.6070150e-01
   1.9453846e-02   6.6141732e-01
   1.9460823e-02   6.6213314e-01
   1.9481319e-02   6.6284896e-01
   1.9523534e-02   6.6356478e-01
   1.9531874e-02   6.6499642e-01
   1.9556862e-02   6.6571224e-01
   1.9612516e-02   6.6642806e-01
   1.9632334e-02   6.6714388e-01
   1.9680377e-02   6.6785970e-01
   1.9682261e-02   6.6857552e-01
   1.9698952e-02   6.6929134e-01
   1.9703504e-02   6.7000716e-01
   1.9733518e-02   6.7072298e-01
   1.9736748e-02   6.7215462e-01
   1.9745172e-02   6.7287044e-01
   1.9780033e-02   6.7430208e-01
   1.9786670e-02   6.7501790e-01
   1.9794403e-02   6.7573372e-01
   1.9806493e-02   6.7716535e-01
   1.9848420e-02   6.7788117e-01
   1.9872117e-02   6.8002863e-01
   1.9957171e-02   6.8074445e-01
   1.9968720e-02   6.8146027e-01
   1.9991479e-02   6.8217609e-01
   1.9998786e-02   6.8360773e-01
   2.0003238e-02   6.8432355e-01
   2.0012102e-02   6.8503937e-01
   2.0025600e-02   6.8575519e-01
   2.0035143e-02   6.8647101e-01
   2.0105671e-02   6.8718683e-01
   2.0138298e-02   6.8861847e-01
   2.0157204e-02   6.8933429e-01
   2.0160534e-02   6.9005011e-01
   2.0218576e-02   6.9076593e-01
   2.0246451e-02   6.9148175e-01
   2.0305011e-02   6.9362921e-01
   2.0320615e-02   6.9434503e-01
   2.0356594e-02   6.9649248e-01
   2.0371070e-02   6.9792412e-01
   2.0399654e-02   6.9863994e-01
   2.0411716e-02   6.9935576e-01
   2.0431865e-02   7.0007158e-01
   2.0481911e-02   7.0078740e-01
   2.0485362e-02   7.0150322e-01
   2.0511505e-02   7.0221904e-01
   2.0565722e-02   7.0293486e-01
   2.0609343e-02   7.0436650e-01
   2.0616295e-02   7.0722978e-01
   2.0622061e-02   7.0794560e-01
   2.0646880e-02   7.0866142e-01
   2.0677648e-02   7.0937724e-01
   2.0691147e-02   7.1009306e-01
   2.0781483e-02   7.1152470e-01
   2.0860737e-02   7.1224052e-01
   2.0869789e-02   7.1295634e-01
   2.0933478e-02   7.1438797e-01
   2.0955901e-02   7.1510379e-01
   2.0976551e-02   7.1653543e-01
   2.0976804e-02   7.1725125e-01
   2.1029088e-02   7.1796707e-01
   2.1187711e-02   7.1868289e-01
   2.1188804e-02   7.1939871e-01
   2.1241149e-02   7.2011453e-01
   2.1243301e-02   7.2154617e-01
   2.1245560e-02   7.2226199e-01
   2.1255212e-02   7.2297781e-01
   2.1287685e-02   7.2440945e-01
   2.1294753e-02   7.2512527e-01
   2.1310216e-02   7.2655691e-01
   2.1337915e-02   7.2798855e-01
   2.1493417e-02   7.2870437e-01
   2.1512059e-02   7.2942019e-01
   2.1553485e-02   7.3013601e-01
   2.1558292e-02   7.3085183e-01
   2.1566327e-02   7.3299928e-01
   2.1597854e-02   7.3443092e-01
   2.1598158e-02   7.3514674e-01
   2.1628105e-02   7.3586256e-01
   2.1657107e-02   7.3657838e-01
   2.1713857e-02   7.3801002e-01
   2.1854716e-02   7.3944166e-01
   2.1866098e-02   7.4015748e-01
   2.1869736e-02   7.4230494e-01
   2.1913665e-02   7.4302076e-01
   2.2021134e-02   7.4373658e-01
   2.2153271e-02   7.4516822e-01
   2.2189735e-02   7.4659986e-01
   2.2249381e-02   7.4731568e-01
   2.2265138e-02   7.4946314e-01
   2.2329169e-02   7.5017895e-01
   2.2384486e-02   7.5089477e-01
   2.2477240e-02   7.5161059e-01
   2.2491657e-02   7.5304223e-01
   2.2509275e-02   7.5375805e-01
   2.2512715e-02   7.5447387e-01
   2.2549379e-02   7.5518969e-01
   2.2589945e-02   7.5590551e-01
   2.2674999e-02   7.5662133e-01
   2.2690353e-02   7.5733715e-01
   2.2809725e-02   7.5876879e-01
   2.2812187e-02   7.6091625e-01
   2.2833685e-02   7.6163207e-01
   2.2839733e-02   7.6306371e-01
   2.2842248e-02   7.6377953e-01
   2.2933977e-02   7.6449535e-01
   2.2945535e-02   7.6592699e-01
   2.2971621e-02   7.6664281e-01
   2.3116716e-02   7.6735863e-01
   2.3132441e-02   7.6807445e-01
   2.3134972e-02   7.6879026e-01
   2.3185374e-02   7.6950608e-01
   2.3244538e-02   7.7022190e-01
   2.3249977e-02   7.7093772e-01
   2.3282500e-02   7.7236936e-01
   2.3334739e-02   7.7308518e-01
   2.3410920e-02   7.7380100e-01
   2.3435927e-02   7.7523264e-01
   2.3465169e-02   7.7594846e-01
   2.3559515e-02   7.7666428e-01
   2.3561319e-02   7.7738010e-01
   2.3593518e-02   7.7881174e-01
   2.3741247e-02   7.7952756e-01
   2.3741348e-02   7.8024338e-01
   2.3790505e-02   7.8095920e-01
   2.3791640e-02   7.8239084e-01
   2.3831631e-02   7.8310666e-01
   2.3837000e-02   7.8382248e-01
   2.3839351e-02   7.8453830e-01
   2.3958635e-02   7.8525412e-01
   2.3989920e-02   7.8668576e-01
   2.4051567e-02   7.8740157e-01
   2.4201085e-02   7.8811739e-01
   2.4326463e-02   7.8883321e-01
   2.4380583e-02   7.8954903e-01
   2.4383993e-02   7.9026485e-01
   2.4393498e-02   7.9098067e-01
   2.4411143e-02   7.9169649e-01
   2.4418203e-02   7.9241231e-01
   2.4520863e-02   7.9312813e-01
   2.4693043e-02   7.9384395e-01
   2.4712075e-02   7.9455977e-01
   2.4742671e-02   7.9527559e-01
   2.4811108e-02   7.9599141e-01
   2.4865665e-02   7.9670723e-01
   2.4971472e-02   7.9742305e-01
   2.5002782e-02   7.9813887e-01
   2.5032153e-02   7.9885469e-01
   2.5075841e-02   7.9957051e-01
   2.5137120e-02   8.0028633e-01
   2.5157972e-02   8.0171797e-01
   2.5414377e-02   8.0386543e-01
   2.5530087e-02   8.0458125e-01
   2.5606225e-02   8.0529707e-01
   2.5613892e-02   8.0601288e-01
   2.5617941e-02   8.0744452e-01
   2.5658763e-02   8.0816034e-01
   2.5696293e-02   8.0887616e-01
   2.5815629e-02   8.0959198e-01
   2.5862572e-02   8.1102362e-01
   2.5914301e-02   8.1173944e-01
   2.5937926e-02   8.1245526e-01
   2.5964525e-02   8.1317108e-01
   2.6018705e-02   8.1388690e-01
   2.6126308e-02   8.1460272e-01
   2.6133341e-02   8.1531854e-01
   2.6211511e-02   8.1603436e-01
   2.6219417e-02   8.1675018e-01
   2.6238804e-02   8.1746600e-01
   2.6242638e-02   8.1889764e-01
   2.6268696e-02   8.1961346e-01
   2.6275396e-02   8.2032928e-01
   2.6370859e-02   8.2104510e-01
   2.6408514e-02   8.2176092e-01
   2.6410678e-02   8.2247674e-01
   2.6435121e-02   8.2319256e-01
   2.6554416e-02   8.2390838e-01
   2.6563516e-02   8.2462419e-01
   2.6565254e-02   8.2534001e-01
   2.6571753e-02   8.2605583e-01
   2.6603731e-02   8.2677165e-01
   2.6631538e-02   8.2820329e-01
   2.6687838e-02   8.2891911e-01
   2.6788685e-02   8.2963493e-01
   2.6873139e-02   8.3035075e-01
   2.6896471e-02   8.3178239e-01
   2.6942802e-02   8.3249821e-01
   2.6971061e-02   8.3321403e-01
   2.6988432e-02   8.3392985e-01
   2.7007125e-02   8.3464567e-01
   2.7033791e-02   8.3536149e-01
   2.7056514e-02   8.3607731e-01
   2.7101787e-02   8.3679313e-01
   2.7111455e-02   8.3750895e-01
   2.7178349e-02   8.3822477e-01
   2.7233572e-02   8.3894059e-01
   2.7324751e-02   8.3965641e-01
   2.7495904e-02   8.4108805e-01
   2.7548175e-02   8.4180387e-01
   2.7566040e-02   8.4251969e-01
   2.7596867e-02   8.4323550e-01
   2.7708662e-02   8.4395132e-01
   2.7735944e-02   8.4466714e-01
   2.7744320e-02   8.4538296e-01
   2.7750534e-02   8.4609878e-01
   2.7802322e-02   8.4681460e-01
   2.7826688e-02   8.4753042e-01
   2.7945727e-02   8.4824624e-01
   2.7966774e-02   8.4896206e-01
   2.8091914e-02   8.4967788e-01
   2.8119198e-02   8.5039370e-01
   2.8140938e-02   8.5110952e-01
   2.8188305e-02   8.5254116e-01
   2.8203570e-02   8.5325698e-01
   2.8207846e-02   8.5397280e-01
   2.8227363e-02   8.5468862e-01
   2.8426244e-02   8.5683608e-01
   2.8440407e-02   8.5755190e-01
   2.8450160e-02   8.5826772e-01
   2.8461482e-02   8.5898354e-01
   2.8482336e-02   8.5969936e-01
   2.8563101e-02   8.6041518e-01
   2.8564731e-02   8.6184681e-01
   2.8753069e-02   8.6256263e-01
   2.8800718e-02   8.6327845e-01
   2.8871916e-02   8.6399427e-01
   2.8904022e-02   8.6471009e-01
   2.8941072e-02   8.6542591e-01
   2.9051873e-02   8.6614173e-01
   2.9177359e-02   8.6685755e-01
   2.9258723e-02   8.6757337e-01
   2.9275037e-02   8.6828919e-01
   2.9340371e-02   8.6900501e-01
   2.9362192e-02   8.6972083e-01
   2.9417676e-02   8.7043665e-01
   2.9426697e-02   8.7186829e-01
   2.9434848e-02   8.7258411e-01
   2.9642690e-02   8.7329993e-01
   2.9692299e-02   8.7401575e-01
   2.9720239e-02   8.7473157e-01
   2.9797969e-02   8.7544739e-01
   2.9799417e-02   8.7616321e-01
   2.9916601e-02   8.7687903e-01
   2.9964547e-02   8.7831067e-01
   2.9990929e-02   8.7902649e-01
   3.0029518e-02   8.7974230e-01
   3.0100822e-02   8.8117394e-01
   3.0246500e-02   8.8188976e-01
   3.0283013e-02   8.8260558e-01
   3.0299191e-02   8.8332140e-01
   3.0346767e-02   8.8403722e-01
   3.0442286e-02   8.8475304e-01
   3.0611716e-02   8.8546886e-01
   3.0924142e-02   8.8618468e-01
   3.0955309e-02   8.8690050e-01
   3.0989617e-02   8.8761632e-01
   3.1032428e-02   8.8833214e-01
   3.1042973e-02   8.8904796e-01
   3.1068036e-02   8.8976378e-01
   3.1134698e-02   8.9047960e-01
   3.1553069e-02   8.9119542e-01
   3.1577537e-02   8.9191124e-01
   3.1735015e-02   8.9262706e-01
   3.1783562e-02   8.9334288e-01
   3.1862014e-02   8.9549034e-01
   3.1902864e-02   8.9620616e-01
   3.1978417e-02   8.9692198e-01
   3.1991995e-02   8.9763780e-01
   3.2037909e-02   8.9835361e-01
   3.2224648e-02   8.9906943e-01
   3.2385198e-02   8.9978525e-01
   3.2478148e-02   9.0121689e-01
   3.2552411e-02   9.0193271e-01
   3.2562244e-02   9.0264853e-01
   3.2670950e-02   9.0336435e-01
   3.2822341e-02   9.0408017e-01
   3.2892271e-02   9.0551181e-01
   3.3011054e-02   9.0622763e-01
   3.3051555e-02   9.0694345e-01
   3.3150944e-02   9.0765927e-01
   3.3175569e-02   9.0837509e-01
   3.3447153e-02   9.0909091e-01
   3.3534021e-02   9.0980673e-01
   3.3705403e-02   9.1052255e-01
   3.3746970e-02   9.1123837e-01
   3.3799935e-02   9.1195419e-01
   3.3878099e-02   9.1267001e-01
   3.4054198e-02   9.1338583e-01
   3.4067031e-02   9.1410165e-01
   3.4099701e-02   9.1481747e-01
   3.4261108e-02   9.1553329e-01
   3.4680107e-02   9.1624911e-01
   3.4723178e-02   9.1696492e-01
   3.4803669e-02   9.1768074e-01
   3.5000770e-02   9.1839656e-01
   3.5315801e-02   9.1911238e-01
   3.5617307e-02   9.1982820e-01
   3.5636660e-02   9.2054402e-01
   3.5652994e-02   9.2125984e-01
   3.6043003e-02   9.2197566e-01
   3.6098242e-02   9.2269148e-01
   3.6180022e-02   9.2340730e-01
   3.6287761e-02   9.2412312e-01
   3.6422458e-02   9.2483894e-01
   3.6565297e-02   9.2555476e-01
   3.6684853e-02   9.2627058e-01
   3.6753599e-02   9.2698640e-01
   3.6859067e-02   9.2770222e-01
   3.6877609e-02   9.2841804e-01
   3.6881908e-02   9.2913386e-01
   3.6920508e-02   9.2984968e-01
   3.6939729e-02   9.3056550e-01
   3.7173175e-02   9.3128132e-01
   3.7183588e-02   9.3199714e-01
   3.7233492e-02   9.3271296e-01
   3.7280815e-02   9.3342878e-01
   3.7792850e-02   9.3414460e-01
   3.7828004e-02   9.3486042e-01
   3.7975824e-02   9.3557623e-01
   3.8086465e-02   9.3629205e-01
   3.8188620e-02   9.3700787e-01
   3.8261513e-02   9.3772369e-01
   3.8432381e-02   9.3843951e-01
   3.8885601e-02   9.3915533e-01
   3.8946349e-02   9.3987115e-01
   3.9394404e-02   9.4058697e-01
   3.9719543e-02   9.4130279e-01
   3.9984767e-02   9.4201861e-01
   4.0427517e-02   9.4273443e-01
   4.0548353e-02   9.4416607e-01
   4.0724438e-02   9.4488189e-01
   4.0729630e-02   9.4559771e-01
   4.0763540e-02   9.4631353e-01
   4.0910244e-02   9.4702935e-01
   4.0935399e-02   9.4774517e-01
   4.1025998e-02   9.4846099e-01
   4.1058311e-02   9.4917681e-01
   4.1189674e-02   9.4989263e-01
   4.1206683e-02   9.5060845e-01
   4.1237259e-02   9.5132427e-01
   4.1279171e-02   9.5204009e-01
   4.1511377e-02   9.5275591e-01
   4.1584353e-02   9.5347173e-01
   4.1640206e-02   9.5418754e-01
   4.1666425e-02   9.5490336e-01
   4.1670216e-02   9.5561918e-01
   4.1837905e-02   9.5633500e-01
   4.2173747e-02   9.5705082e-01
   4.3347721e-02   9.5776664e-01
   4.4355783e-02   9.5848246e-01
   4.5003932e-02   9.5991410e-01
   4.6018532e-02   9.6062992e-01
   4.6569623e-02   9.6134574e-01
   4.7669773e-02   9.6206156e-01
   4.7712746e-02   9.6277738e-01
   4.7799771e-02   9.6349320e-01
   4.7918045e-02   9.6420902e-01
   4.7983938e-02   9.6492484e-01
   4.8103681e-02   9.6564066e-01
   4.8416689e-02   9.6635648e-01
   4.8417387e-02   9.6707230e-01
   4.9488581e-02   9.6778812e-01
   5.0380688e-02   9.6850394e-01
   5.1994737e-02   9.6921976e-01
   5.2637144e-02   9.6993558e-01
   5.3329512e-02   9.7065140e-01
   5.3426258e-02   9.7136722e-01
   5.3957255e-02   9.7208304e-01
   5.4283645e-02   9.7279885e-01
   5.4388597e-02   9.7351467e-01
   5.4683582e-02   9.7423049e-01
   5.5801797e-02   9.7494631e-01
   5.5914206e-02   9.7566213e-01
   5.6097047e-02   9.7637795e-01
   5.6642750e-02   9.7709377e-01
   5.7267253e-02   9.7780959e-01
   5.7860611e-02   9.7852541e-01
   5.9084366e-02   9.7924123e-01
   5.9697186e-02   9.7995705e-01
   5.9972726e-02   9.8067287e-01
   6.0826948e-02   9.8138869e-01
   6.2276599e-02   9.8210451e-01
   6.3749944e-02   9.8282033e-01
   6.3906605e-02   9.8353615e-01
   6.4034481e-02   9.8425197e-01
   6.4039481e-02   9.8496779e-01
   6.4058175e-02   9.8568361e-01
   6.6534157e-02   9.8639943e-01
   7.0305606e-02   9.8711525e-01
   7.2382742e-02   9.8783107e-01
   7.4079818e-02   9.8854689e-01
   7.4895462e-02   9.8926271e-01
   7.5424552e-02   9.8997853e-01
   7.5476524e-02   9.9069435e-01
   7.6116723e-02   9.9141016e-01
   7.6209808e-02   9.9212598e-01
   8.0553017e-02   9.9284180e-01
   8.2236881e-02   9.9355762e-01
   8.4161789e-02   9.9427344e-01
   8.4367465e-02   9.9498926e-01
   8.7876973e-02   9.9570508e-01
   8.9518615e-02   9.9642090e-01
   9.6313883e-02   9.9713672e-01
   9.9805668e-02   9.9785254e-01
   1.0005870e-01   9.9856836e-01
   1.0687806e-01   9.9928418e-01
   1.3455488e-01   1.0000000e+00
