   3.5536000e-03   0.0000000e+00
   3.5536000e-03   7.9051383e-04
   3.9096000e-03   3.9525692e-03
   4.2648000e-03   8.6956522e-03
   4.6200000e-03   1.2648221e-02
   4.9752000e-03   1.8181818e-02
   5.3312000e-03   3.3201581e-02
   5.6864000e-03   5.2173913e-02
   6.0416000e-03   8.9328063e-02
   6.3968000e-03   1.0276680e-01
   6.7528000e-03   1.3992095e-01
   7.1080000e-03   1.6363636e-01
   7.4632000e-03   2.0237154e-01
   7.8184000e-03   2.2055336e-01
   8.1744000e-03   2.6086957e-01
   8.5296000e-03   2.8063241e-01
   8.8848000e-03   3.1541502e-01
   9.2400000e-03   3.2885375e-01
   9.5960000e-03   3.6442688e-01
   9.9512000e-03   3.7707510e-01
   1.0306400e-02   4.1027668e-01
   1.0661600e-02   4.2371542e-01
   1.1017600e-02   4.5059289e-01
   1.1372800e-02   4.6482213e-01
   1.1728000e-02   4.9249012e-01
   1.2083200e-02   5.1225296e-01
   1.2439200e-02   5.4624506e-01
   1.2794400e-02   5.6600791e-01
   1.3149600e-02   5.8735178e-01
   1.3504800e-02   6.0395257e-01
   1.3860800e-02   6.2924901e-01
   1.4216000e-02   6.3952569e-01
   1.4571200e-02   6.5928854e-01
   1.4926400e-02   6.7984190e-01
   1.5282400e-02   6.9960474e-01
   1.5637600e-02   7.1304348e-01
   1.5992800e-02   7.2015810e-01
   1.6348000e-02   7.3833992e-01
   1.6704000e-02   7.5415020e-01
   1.7059200e-02   7.6126482e-01
   1.7414400e-02   7.6758893e-01
   1.7769600e-02   7.8418972e-01
   1.8125600e-02   7.9130435e-01
   1.8480800e-02   7.9841897e-01
   1.8836000e-02   8.0000000e-01
   1.9191200e-02   8.1027668e-01
   1.9547200e-02   8.1343874e-01
   1.9902400e-02   8.2687747e-01
   2.0257600e-02   8.3320158e-01
   2.0612800e-02   8.4347826e-01
   2.0968800e-02   8.4584980e-01
   2.1324000e-02   8.4901186e-01
   2.1679200e-02   8.5217391e-01
   2.2034400e-02   8.6245059e-01
   2.2390400e-02   8.6403162e-01
   2.2745600e-02   8.6877470e-01
   2.3100800e-02   8.7747036e-01
   2.3456000e-02   8.8221344e-01
   2.3811200e-02   8.9011858e-01
   2.4167200e-02   8.9565217e-01
   2.4522400e-02   8.9723320e-01
   2.4877600e-02   9.0118577e-01
   2.5233600e-02   9.0671937e-01
   2.5588800e-02   9.0988142e-01
   2.5944000e-02   9.1304348e-01
   2.6299200e-02   9.1462451e-01
   2.6655200e-02   9.1620553e-01
   2.7010400e-02   9.1778656e-01
   2.7365600e-02   9.2094862e-01
   2.7720800e-02   9.2173913e-01
   2.8076800e-02   9.2332016e-01
   2.8432000e-02   9.2411067e-01
   2.8787200e-02   9.2727273e-01
   2.9498400e-02   9.2964427e-01
   2.9853600e-02   9.3122530e-01
   3.0208800e-02   9.3517787e-01
   3.0564000e-02   9.3596838e-01
   3.0920000e-02   9.3833992e-01
   3.1275200e-02   9.3992095e-01
   3.1630400e-02   9.4308300e-01
   3.1985600e-02   9.4545455e-01
   3.2340800e-02   9.4703557e-01
   3.2696800e-02   9.4782609e-01
   3.3052000e-02   9.5019763e-01
   3.3407200e-02   9.5098814e-01
   3.3762400e-02   9.5177866e-01
   3.4118400e-02   9.5335968e-01
   3.4473600e-02   9.5415020e-01
   3.4828800e-02   9.5494071e-01
   3.5184000e-02   9.5573123e-01
   3.5540000e-02   9.5810277e-01
   3.5895200e-02   9.5889328e-01
   3.6961600e-02   9.6047431e-01
   3.7316800e-02   9.6205534e-01
   3.7672000e-02   9.6363636e-01
   3.8383200e-02   9.6442688e-01
   3.8738400e-02   9.6521739e-01
   3.9093600e-02   9.6600791e-01
   3.9804800e-02   9.6679842e-01
   4.0160000e-02   9.6916996e-01
   4.1226400e-02   9.7075099e-01
   4.1581600e-02   9.7233202e-01
   4.1936800e-02   9.7312253e-01
   4.2292000e-02   9.7470356e-01
   4.2648000e-02   9.7549407e-01
   4.4069600e-02   9.7628458e-01
   4.4780000e-02   9.7707510e-01
   4.5135200e-02   9.7944664e-01
   4.5491200e-02   9.8102767e-01
   4.5846400e-02   9.8260870e-01
   4.6556800e-02   9.8339921e-01
   4.6912800e-02   9.8498024e-01
   4.7978400e-02   9.8577075e-01
   4.8689600e-02   9.8656126e-01
   4.9756000e-02   9.8735178e-01
   5.0111200e-02   9.8814229e-01
   5.1177600e-02   9.8893281e-01
   5.1532800e-02   9.8972332e-01
   5.9707200e-02   9.9051383e-01
   6.1839200e-02   9.9130435e-01
   6.4682400e-02   9.9209486e-01
   6.7170400e-02   9.9288538e-01
   6.7525600e-02   9.9367589e-01
   6.8236000e-02   9.9446640e-01
   7.0013600e-02   9.9525692e-01
   7.2500800e-02   9.9604743e-01
   7.3922400e-02   9.9683794e-01
   8.1030400e-02   9.9762846e-01
   8.6006400e-02   9.9841897e-01
   1.2616640e-01   9.9920949e-01
   1.5921840e-01   1.0000000e+00
