   4.5001664e-03   0.0000000e+00
   4.5001664e-03   2.8901734e-03
   4.7562438e-03   5.7803468e-03
   5.0760142e-03   8.6705202e-03
   5.1073384e-03   1.1560694e-02
   5.4731270e-03   1.4450867e-02
   5.6567122e-03   1.7341040e-02
   5.8937681e-03   2.0231214e-02
   6.0652014e-03   2.3121387e-02
   6.2954541e-03   2.6011561e-02
   6.4754679e-03   2.8901734e-02
   6.6346156e-03   3.1791908e-02
   6.8889126e-03   3.4682081e-02
   6.9464964e-03   3.7572254e-02
   7.0292551e-03   4.0462428e-02
   7.4829601e-03   4.3352601e-02
   7.6376027e-03   4.6242775e-02
   7.7286249e-03   4.9132948e-02
   7.9979192e-03   5.2023121e-02
   8.0772113e-03   6.3583815e-02
   8.2985518e-03   6.6473988e-02
   8.4349756e-03   6.9364162e-02
   8.5295933e-03   7.8034682e-02
   8.5528523e-03   8.3815029e-02
   8.5802307e-03   8.6705202e-02
   8.8013322e-03   8.9595376e-02
   8.8145965e-03   9.2485549e-02
   8.8408097e-03   9.5375723e-02
   8.9699818e-03   9.8265896e-02
   9.0003328e-03   1.0115607e-01
   9.1065343e-03   1.0404624e-01
   9.1311976e-03   1.0982659e-01
   9.1759209e-03   1.1271676e-01
   9.1936502e-03   1.1560694e-01
   9.3589665e-03   1.1849711e-01
   9.4059127e-03   1.2138728e-01
   9.6216704e-03   1.2427746e-01
   9.6943743e-03   1.3294798e-01
   9.7131940e-03   1.3583815e-01
   9.7647205e-03   1.3872832e-01
   9.7687725e-03   1.4161850e-01
   9.8235070e-03   1.4450867e-01
   9.9944166e-03   1.4739884e-01
   1.0215162e-02   1.5028902e-01
   1.0281929e-02   1.5606936e-01
   1.0355823e-02   1.5895954e-01
   1.0556394e-02   1.6184971e-01
   1.0577635e-02   1.6473988e-01
   1.0627186e-02   1.6763006e-01
   1.0658804e-02   1.7052023e-01
   1.0731934e-02   1.7341040e-01
   1.0808771e-02   1.7630058e-01
   1.0914202e-02   1.8497110e-01
   1.1115458e-02   1.8786127e-01
   1.1162505e-02   1.9075145e-01
   1.1220359e-02   2.0231214e-01
   1.1312600e-02   2.0520231e-01
   1.1374504e-02   2.0809249e-01
   1.1402624e-02   2.1387283e-01
   1.1460175e-02   2.1676301e-01
   1.1460450e-02   2.1965318e-01
   1.1490768e-02   2.3121387e-01
   1.1551333e-02   2.3410405e-01
   1.1643112e-02   2.4277457e-01
   1.1645352e-02   2.4566474e-01
   1.1767127e-02   2.5144509e-01
   1.1806443e-02   2.5433526e-01
   1.1814169e-02   2.5722543e-01
   1.1996414e-02   2.6011561e-01
   1.2050131e-02   2.6589595e-01
   1.2088780e-02   2.6878613e-01
   1.2125650e-02   2.7167630e-01
   1.2338194e-02   2.7456647e-01
   1.2356092e-02   2.8323699e-01
   1.2383296e-02   2.8901734e-01
   1.2408085e-02   2.9190751e-01
   1.2502544e-02   2.9479769e-01
   1.2632121e-02   2.9768786e-01
   1.2639932e-02   3.0057803e-01
   1.2740191e-02   3.0346821e-01
   1.2879740e-02   3.0635838e-01
   1.2950920e-02   3.0924855e-01
   1.3219177e-02   3.1213873e-01
   1.3231243e-02   3.1502890e-01
   1.3334613e-02   3.1791908e-01
   1.3342680e-02   3.2080925e-01
   1.3468898e-02   3.2369942e-01
   1.3542560e-02   3.2658960e-01
   1.3595487e-02   3.2947977e-01
   1.3674602e-02   3.3236994e-01
   1.3849853e-02   3.3526012e-01
   1.3852468e-02   3.3815029e-01
   1.3906193e-02   3.4104046e-01
   1.3913973e-02   3.4393064e-01
   1.4020301e-02   3.4971098e-01
   1.4167863e-02   3.5260116e-01
   1.4332453e-02   3.5549133e-01
   1.4400909e-02   3.5838150e-01
   1.4456793e-02   3.6127168e-01
   1.4498860e-02   3.6416185e-01
   1.4651816e-02   3.6705202e-01
   1.4688025e-02   3.7283237e-01
   1.4784214e-02   3.7572254e-01
   1.4829281e-02   3.7861272e-01
   1.4866515e-02   3.8439306e-01
   1.4966051e-02   3.8728324e-01
   1.5005322e-02   3.9017341e-01
   1.5060538e-02   3.9306358e-01
   1.5275293e-02   3.9595376e-01
   1.5321024e-02   3.9884393e-01
   1.5460741e-02   4.0173410e-01
   1.5877390e-02   4.0462428e-01
   1.6154295e-02   4.0751445e-01
   1.6397673e-02   4.1040462e-01
   1.6727170e-02   4.1329480e-01
   1.6751938e-02   4.1618497e-01
   1.7018772e-02   4.1907514e-01
   1.7603778e-02   4.2485549e-01
   1.7932721e-02   4.2774566e-01
   1.7952178e-02   4.3063584e-01
   1.7965254e-02   4.3352601e-01
   1.8018491e-02   4.3930636e-01
   1.8430238e-02   4.4219653e-01
   1.8558490e-02   4.4508671e-01
   1.8786762e-02   4.4797688e-01
   1.9012173e-02   4.5086705e-01
   1.9125124e-02   4.5664740e-01
   1.9205774e-02   4.6242775e-01
   1.9619451e-02   4.6531792e-01
   1.9705813e-02   4.6820809e-01
   1.9783335e-02   4.7109827e-01
   1.9904928e-02   4.7398844e-01
   2.0018611e-02   4.7687861e-01
   2.0610958e-02   4.7976879e-01
   2.0712757e-02   4.8265896e-01
   2.0987839e-02   4.8554913e-01
   2.1062649e-02   4.8843931e-01
   2.1087993e-02   4.9132948e-01
   2.1260756e-02   4.9421965e-01
   2.1403227e-02   4.9710983e-01
   2.1513444e-02   5.0000000e-01
   2.1729776e-02   5.0289017e-01
   2.1795470e-02   5.0578035e-01
   2.2060880e-02   5.0867052e-01
   2.2096899e-02   5.1156069e-01
   2.2251149e-02   5.1445087e-01
   2.2266156e-02   5.1734104e-01
   2.2336797e-02   5.2023121e-01
   2.2405178e-02   5.2312139e-01
   2.2634343e-02   5.2601156e-01
   2.2639231e-02   5.2890173e-01
   2.2862226e-02   5.3179191e-01
   2.2936946e-02   5.3468208e-01
   2.3299654e-02   5.3757225e-01
   2.3863117e-02   5.4046243e-01
   2.4441088e-02   5.4335260e-01
   2.4473957e-02   5.4624277e-01
   2.4599816e-02   5.4913295e-01
   2.4969043e-02   5.5202312e-01
   2.4970778e-02   5.5491329e-01
   2.4976468e-02   5.6069364e-01
   2.4997978e-02   5.6358382e-01
   2.5076480e-02   5.6647399e-01
   2.5265059e-02   5.6936416e-01
   2.5280994e-02   5.7514451e-01
   2.5466995e-02   5.7803468e-01
   2.5821934e-02   5.8092486e-01
   2.5946204e-02   5.8381503e-01
   2.6074801e-02   5.8670520e-01
   2.6156107e-02   5.8959538e-01
   2.6446263e-02   5.9248555e-01
   2.6940560e-02   5.9537572e-01
   2.7379966e-02   5.9826590e-01
   2.7523448e-02   6.0115607e-01
   2.7882402e-02   6.0404624e-01
   2.8506243e-02   6.0693642e-01
   2.8881924e-02   6.0982659e-01
   2.9297490e-02   6.1271676e-01
   2.9442490e-02   6.1560694e-01
   2.9731781e-02   6.1849711e-01
   2.9830216e-02   6.2138728e-01
   3.0324061e-02   6.2427746e-01
   3.0603763e-02   6.3294798e-01
   3.1012493e-02   6.3583815e-01
   3.1137278e-02   6.3872832e-01
   3.1319922e-02   6.4161850e-01
   3.2261339e-02   6.4450867e-01
   3.2358115e-02   6.4739884e-01
   3.2473567e-02   6.5028902e-01
   3.2728254e-02   6.5317919e-01
   3.3212047e-02   6.5606936e-01
   3.3590290e-02   6.5895954e-01
   3.3797027e-02   6.6184971e-01
   3.4374491e-02   6.6473988e-01
   3.4482659e-02   6.6763006e-01
   3.4526915e-02   6.7052023e-01
   3.4583905e-02   6.7341040e-01
   3.5248978e-02   6.7630058e-01
   3.5386129e-02   6.7919075e-01
   3.5798679e-02   6.8208092e-01
   3.6173656e-02   6.8497110e-01
   3.7299588e-02   6.8786127e-01
   3.8742157e-02   6.9075145e-01
   3.8820313e-02   6.9364162e-01
   3.8967002e-02   6.9653179e-01
   3.9152621e-02   6.9942197e-01
   3.9192251e-02   7.0231214e-01
   3.9376532e-02   7.0520231e-01
   4.0252215e-02   7.0809249e-01
   4.0283589e-02   7.1098266e-01
   4.0502629e-02   7.1387283e-01
   4.0629535e-02   7.1676301e-01
   4.0814124e-02   7.1965318e-01
   4.0982301e-02   7.2254335e-01
   4.1732263e-02   7.2543353e-01
   4.2015792e-02   7.2832370e-01
   4.2768463e-02   7.3121387e-01
   4.4423121e-02   7.3410405e-01
   4.5381987e-02   7.3699422e-01
   4.5440567e-02   7.3988439e-01
   4.5724560e-02   7.4277457e-01
   4.5840757e-02   7.4566474e-01
   4.6120444e-02   7.4855491e-01
   4.6210731e-02   7.5144509e-01
   4.6374005e-02   7.5433526e-01
   4.8157328e-02   7.5722543e-01
   4.8185212e-02   7.6011561e-01
   4.9630930e-02   7.6300578e-01
   5.0326953e-02   7.6589595e-01
   5.0644456e-02   7.6878613e-01
   5.1338619e-02   7.7167630e-01
   5.1548223e-02   7.7456647e-01
   5.1818825e-02   7.7745665e-01
   5.1904617e-02   7.8034682e-01
   5.2395875e-02   7.8323699e-01
   5.3459893e-02   7.8612717e-01
   5.4354397e-02   7.8901734e-01
   5.4402617e-02   7.9190751e-01
   5.4626999e-02   7.9479769e-01
   5.5679204e-02   7.9768786e-01
   5.5886406e-02   8.0057803e-01
   5.5945448e-02   8.0346821e-01
   5.6778502e-02   8.0635838e-01
   5.7246960e-02   8.0924855e-01
   5.7370445e-02   8.1213873e-01
   5.7664283e-02   8.1502890e-01
   5.9097128e-02   8.1791908e-01
   5.9582062e-02   8.2080925e-01
   6.0248951e-02   8.2369942e-01
   6.1247729e-02   8.2658960e-01
   6.2772045e-02   8.2947977e-01
   6.2780946e-02   8.3236994e-01
   6.2853208e-02   8.3526012e-01
   6.2918072e-02   8.3815029e-01
   6.5211591e-02   8.4104046e-01
   6.6390179e-02   8.4393064e-01
   6.7347034e-02   8.4682081e-01
   6.7650201e-02   8.4971098e-01
   6.8318136e-02   8.5260116e-01
   7.0265666e-02   8.5549133e-01
   7.0540088e-02   8.5838150e-01
   7.0549677e-02   8.6127168e-01
   7.0857056e-02   8.6416185e-01
   7.0949440e-02   8.6705202e-01
   7.2950732e-02   8.6994220e-01
   7.3284177e-02   8.7283237e-01
   7.3898734e-02   8.7572254e-01
   7.3963989e-02   8.7861272e-01
   7.4191311e-02   8.8150289e-01
   7.5208144e-02   8.8439306e-01
   7.7408428e-02   8.8728324e-01
   7.8020798e-02   8.9017341e-01
   8.0048756e-02   8.9306358e-01
   8.0397100e-02   8.9595376e-01
   8.8980273e-02   8.9884393e-01
   9.0032099e-02   9.0173410e-01
   9.0565420e-02   9.0462428e-01
   9.0889721e-02   9.0751445e-01
   9.1577435e-02   9.1040462e-01
   9.1872433e-02   9.1329480e-01
   9.4575377e-02   9.1618497e-01
   9.5240039e-02   9.1907514e-01
   9.5501919e-02   9.2196532e-01
   9.6207074e-02   9.2485549e-01
   9.6532251e-02   9.2774566e-01
   9.6628070e-02   9.3063584e-01
   9.7820253e-02   9.3352601e-01
   9.8708135e-02   9.3641618e-01
   9.8875481e-02   9.3930636e-01
   1.0309645e-01   9.4219653e-01
   1.0643296e-01   9.4508671e-01
   1.0726404e-01   9.4797688e-01
   1.0828849e-01   9.5086705e-01
   1.0958327e-01   9.5375723e-01
   1.1138371e-01   9.5664740e-01
   1.1191658e-01   9.5953757e-01
   1.1589563e-01   9.6242775e-01
   1.1797144e-01   9.6531792e-01
   1.1824072e-01   9.6820809e-01
   1.2379324e-01   9.7109827e-01
   1.2990830e-01   9.7398844e-01
   1.3355995e-01   9.7687861e-01
   1.3989579e-01   9.7976879e-01
   1.5613743e-01   9.8265896e-01
   1.5621478e-01   9.8554913e-01
   1.5964717e-01   9.8843931e-01
   1.6038202e-01   9.9132948e-01
   1.6457975e-01   9.9421965e-01
   1.7424650e-01   9.9710983e-01
   1.8171465e-01   1.0000000e+00
