   5.3040396e-03   0.0000000e+00
   5.3040396e-03   2.1881838e-03
   6.0874937e-03   4.3763676e-03
   6.7875299e-03   6.5645514e-03
   7.0247958e-03   8.7527352e-03
   7.4810024e-03   1.0940919e-02
   7.5885551e-03   1.3129103e-02
   7.7231843e-03   1.5317287e-02
   7.7840127e-03   1.7505470e-02
   7.9744816e-03   1.9693654e-02
   8.0127280e-03   2.4070022e-02
   8.0602963e-03   2.6258206e-02
   8.1489922e-03   2.8446389e-02
   8.2392954e-03   3.0634573e-02
   8.2965925e-03   3.2822757e-02
   8.4997504e-03   3.5010941e-02
   8.7317729e-03   3.7199125e-02
   8.7357477e-03   3.9387309e-02
   8.7723642e-03   4.1575492e-02
   8.8531344e-03   4.3763676e-02
   8.9356637e-03   4.5951860e-02
   8.9712969e-03   4.8140044e-02
   8.9728859e-03   5.0328228e-02
   9.0530838e-03   5.2516411e-02
   9.3339951e-03   5.4704595e-02
   9.4250252e-03   5.6892779e-02
   9.4705551e-03   5.9080963e-02
   9.5417224e-03   6.3457330e-02
   9.5457617e-03   6.5645514e-02
   9.5512484e-03   6.7833698e-02
   9.6226477e-03   7.0021882e-02
   9.7282340e-03   7.2210066e-02
   9.8613186e-03   7.4398249e-02
   9.9995189e-03   7.6586433e-02
   1.0041602e-02   7.8774617e-02
   1.0043786e-02   8.0962801e-02
   1.0214215e-02   8.3150985e-02
   1.0225904e-02   8.5339168e-02
   1.0226845e-02   8.7527352e-02
   1.0322803e-02   8.9715536e-02
   1.0490043e-02   9.1903720e-02
   1.0513738e-02   9.4091904e-02
   1.0536877e-02   1.0065646e-01
   1.0606983e-02   1.0284464e-01
   1.0712491e-02   1.0722101e-01
   1.0814901e-02   1.0940919e-01
   1.0894339e-02   1.1159737e-01
   1.0964003e-02   1.1378556e-01
   1.0964914e-02   1.1816193e-01
   1.0995816e-02   1.2253829e-01
   1.1030445e-02   1.2472648e-01
   1.1096874e-02   1.2691466e-01
   1.1124682e-02   1.2910284e-01
   1.1524429e-02   1.3129103e-01
   1.1586496e-02   1.3347921e-01
   1.1721299e-02   1.3566740e-01
   1.1754687e-02   1.3785558e-01
   1.1808539e-02   1.4004376e-01
   1.1959857e-02   1.4223195e-01
   1.1978250e-02   1.4442013e-01
   1.2093368e-02   1.4879650e-01
   1.2173874e-02   1.5098468e-01
   1.2361936e-02   1.5317287e-01
   1.2376192e-02   1.5536105e-01
   1.2460137e-02   1.5754923e-01
   1.2512949e-02   1.6192560e-01
   1.2570733e-02   1.6630197e-01
   1.2665849e-02   1.6849015e-01
   1.2709075e-02   1.7067834e-01
   1.2749061e-02   1.7286652e-01
   1.2786525e-02   1.7505470e-01
   1.2800134e-02   1.7724289e-01
   1.2955859e-02   1.7943107e-01
   1.2958545e-02   1.8161926e-01
   1.3008524e-02   1.8380744e-01
   1.3080407e-02   1.8599562e-01
   1.3158774e-02   1.8818381e-01
   1.3173873e-02   1.9256018e-01
   1.3215650e-02   1.9474836e-01
   1.3246655e-02   1.9693654e-01
   1.3296283e-02   1.9912473e-01
   1.3423625e-02   2.0131291e-01
   1.3456380e-02   2.0350109e-01
   1.3465040e-02   2.0568928e-01
   1.3517673e-02   2.0787746e-01
   1.3555801e-02   2.1006565e-01
   1.3625916e-02   2.1225383e-01
   1.3651669e-02   2.1444201e-01
   1.3674739e-02   2.1663020e-01
   1.3701719e-02   2.1881838e-01
   1.3708715e-02   2.2100656e-01
   1.3745312e-02   2.2319475e-01
   1.3942221e-02   2.2538293e-01
   1.3975935e-02   2.2975930e-01
   1.4014786e-02   2.3194748e-01
   1.4071195e-02   2.3413567e-01
   1.4200613e-02   2.3851204e-01
   1.4212308e-02   2.4070022e-01
   1.4235123e-02   2.4288840e-01
   1.4326470e-02   2.4507659e-01
   1.4353256e-02   2.4726477e-01
   1.4511988e-02   2.4945295e-01
   1.4531512e-02   2.5164114e-01
   1.4607002e-02   2.5382932e-01
   1.4698943e-02   2.5601751e-01
   1.4785643e-02   2.5820569e-01
   1.5018186e-02   2.6039387e-01
   1.5062153e-02   2.6258206e-01
   1.5201818e-02   2.6477024e-01
   1.5333508e-02   2.6695842e-01
   1.5446346e-02   2.6914661e-01
   1.5450569e-02   2.7133479e-01
   1.5486093e-02   2.7352298e-01
   1.5506537e-02   2.7571116e-01
   1.5511650e-02   2.7789934e-01
   1.5590726e-02   2.8008753e-01
   1.5909298e-02   2.8227571e-01
   1.5982839e-02   2.8446389e-01
   1.6054890e-02   2.8884026e-01
   1.6120593e-02   2.9102845e-01
   1.6205650e-02   2.9321663e-01
   1.6345448e-02   2.9759300e-01
   1.6493788e-02   2.9978118e-01
   1.6501441e-02   3.0196937e-01
   1.6691746e-02   3.0415755e-01
   1.6695497e-02   3.0634573e-01
   1.6712986e-02   3.0853392e-01
   1.6738669e-02   3.1072210e-01
   1.6940863e-02   3.1291028e-01
   1.6999953e-02   3.1509847e-01
   1.7047662e-02   3.1728665e-01
   1.7084353e-02   3.1947484e-01
   1.7192864e-02   3.2166302e-01
   1.7210034e-02   3.2385120e-01
   1.7214713e-02   3.2603939e-01
   1.7314469e-02   3.2822757e-01
   1.7439055e-02   3.3041575e-01
   1.7502132e-02   3.3260394e-01
   1.7562395e-02   3.3479212e-01
   1.7605233e-02   3.3698031e-01
   1.7680704e-02   3.3916849e-01
   1.7780688e-02   3.4135667e-01
   1.7942594e-02   3.4354486e-01
   1.7994193e-02   3.4573304e-01
   1.8174302e-02   3.4792123e-01
   1.8195349e-02   3.5010941e-01
   1.8203820e-02   3.5229759e-01
   1.8361554e-02   3.5448578e-01
   1.8435475e-02   3.5667396e-01
   1.8464821e-02   3.5886214e-01
   1.8481597e-02   3.6105033e-01
   1.8537019e-02   3.6323851e-01
   1.8555176e-02   3.6542670e-01
   1.8577923e-02   3.6761488e-01
   1.8686763e-02   3.6980306e-01
   1.8960983e-02   3.7199125e-01
   1.8962224e-02   3.7417943e-01
   1.9063504e-02   3.7636761e-01
   1.9111178e-02   3.7855580e-01
   1.9184097e-02   3.8074398e-01
   1.9184775e-02   3.8293217e-01
   1.9198991e-02   3.8512035e-01
   1.9437244e-02   3.8730853e-01
   1.9439424e-02   3.8949672e-01
   1.9491516e-02   3.9168490e-01
   1.9531295e-02   3.9387309e-01
   1.9536869e-02   3.9606127e-01
   1.9568702e-02   3.9824945e-01
   1.9594247e-02   4.0043764e-01
   1.9721930e-02   4.0262582e-01
   1.9955268e-02   4.0481400e-01
   2.0230197e-02   4.0700219e-01
   2.0366092e-02   4.0919037e-01
   2.0434619e-02   4.1137856e-01
   2.0520618e-02   4.1356674e-01
   2.0525356e-02   4.1575492e-01
   2.0798818e-02   4.1794311e-01
   2.0806711e-02   4.2013129e-01
   2.0813104e-02   4.2231947e-01
   2.0844773e-02   4.2450766e-01
   2.0905612e-02   4.2669584e-01
   2.0930264e-02   4.2888403e-01
   2.0933026e-02   4.3107221e-01
   2.0979406e-02   4.3326039e-01
   2.1021029e-02   4.3544858e-01
   2.1027051e-02   4.3763676e-01
   2.1188232e-02   4.3982495e-01
   2.1419922e-02   4.4201313e-01
   2.1457778e-02   4.4420131e-01
   2.1478485e-02   4.4638950e-01
   2.1746393e-02   4.4857768e-01
   2.2130703e-02   4.5076586e-01
   2.2183970e-02   4.5295405e-01
   2.2185999e-02   4.5514223e-01
   2.2193749e-02   4.5733042e-01
   2.2205302e-02   4.5951860e-01
   2.2244012e-02   4.6170678e-01
   2.2277277e-02   4.6389497e-01
   2.2479154e-02   4.6608315e-01
   2.2780915e-02   4.6827133e-01
   2.2943755e-02   4.7045952e-01
   2.2984744e-02   4.7264770e-01
   2.3181722e-02   4.7483589e-01
   2.3182758e-02   4.7702407e-01
   2.3283604e-02   4.7921225e-01
   2.3421756e-02   4.8140044e-01
   2.3425051e-02   4.8358862e-01
   2.3495249e-02   4.8577681e-01
   2.3616946e-02   4.8796499e-01
   2.3681692e-02   4.9015317e-01
   2.3725815e-02   4.9234136e-01
   2.4279607e-02   4.9452954e-01
   2.4393370e-02   4.9671772e-01
   2.4414691e-02   4.9890591e-01
   2.4488753e-02   5.0109409e-01
   2.4503150e-02   5.0328228e-01
   2.4649352e-02   5.0547046e-01
   2.4722757e-02   5.0765864e-01
   2.4761076e-02   5.0984683e-01
   2.5192613e-02   5.1203501e-01
   2.5246417e-02   5.1422319e-01
   2.5435246e-02   5.1641138e-01
   2.5521408e-02   5.2078775e-01
   2.5572016e-02   5.2297593e-01
   2.5711237e-02   5.2516411e-01
   2.5895056e-02   5.2735230e-01
   2.6014670e-02   5.2954048e-01
   2.6160324e-02   5.3172867e-01
   2.6165866e-02   5.3391685e-01
   2.6234086e-02   5.3610503e-01
   2.6287425e-02   5.4048140e-01
   2.6315967e-02   5.4266958e-01
   2.6656039e-02   5.4485777e-01
   2.6663165e-02   5.4704595e-01
   2.6671977e-02   5.4923414e-01
   2.7054992e-02   5.5142232e-01
   2.7221123e-02   5.5361050e-01
   2.7338996e-02   5.5579869e-01
   2.7389461e-02   5.5798687e-01
   2.7454315e-02   5.6017505e-01
   2.7458843e-02   5.6236324e-01
   2.7626065e-02   5.6455142e-01
   2.7824853e-02   5.6673961e-01
   2.7903981e-02   5.6892779e-01
   2.7910706e-02   5.7111597e-01
   2.7933448e-02   5.7330416e-01
   2.7952407e-02   5.7549234e-01
   2.8198333e-02   5.7768053e-01
   2.8408541e-02   5.7986871e-01
   2.8669065e-02   5.8424508e-01
   2.8933384e-02   5.8643326e-01
   2.9213373e-02   5.8862144e-01
   2.9847457e-02   5.9080963e-01
   3.0237562e-02   5.9299781e-01
   3.0352061e-02   5.9518600e-01
   3.0444672e-02   5.9737418e-01
   3.0515789e-02   5.9956236e-01
   3.0556879e-02   6.0175055e-01
   3.0638209e-02   6.0393873e-01
   3.1023300e-02   6.0612691e-01
   3.1130720e-02   6.0831510e-01
   3.1615583e-02   6.1050328e-01
   3.1969122e-02   6.1269147e-01
   3.1979504e-02   6.1487965e-01
   3.2054503e-02   6.1706783e-01
   3.2109277e-02   6.1925602e-01
   3.2137459e-02   6.2144420e-01
   3.2146859e-02   6.2363239e-01
   3.2241669e-02   6.2582057e-01
   3.2466404e-02   6.2800875e-01
   3.3048936e-02   6.3019694e-01
   3.3659705e-02   6.3238512e-01
   3.3662549e-02   6.3457330e-01
   3.3781664e-02   6.3676149e-01
   3.3794166e-02   6.3894967e-01
   3.3872437e-02   6.4113786e-01
   3.4043025e-02   6.4332604e-01
   3.4504143e-02   6.4551422e-01
   3.4788805e-02   6.4770241e-01
   3.4958420e-02   6.4989059e-01
   3.5045536e-02   6.5207877e-01
   3.5145981e-02   6.5426696e-01
   3.5661651e-02   6.5645514e-01
   3.5777722e-02   6.5864333e-01
   3.5807272e-02   6.6083151e-01
   3.5861051e-02   6.6301969e-01
   3.5922393e-02   6.6520788e-01
   3.6295666e-02   6.6739606e-01
   3.6425169e-02   6.6958425e-01
   3.6458336e-02   6.7177243e-01
   3.6947903e-02   6.7396061e-01
   3.6966906e-02   6.7614880e-01
   3.7508050e-02   6.7833698e-01
   3.7641932e-02   6.8052516e-01
   3.7992083e-02   6.8271335e-01
   3.7998009e-02   6.8490153e-01
   3.8338034e-02   6.8708972e-01
   3.8517999e-02   6.8927790e-01
   3.8839482e-02   6.9146608e-01
   3.8939956e-02   6.9365427e-01
   3.9256632e-02   6.9584245e-01
   3.9454714e-02   6.9803063e-01
   3.9520079e-02   7.0021882e-01
   3.9612549e-02   7.0240700e-01
   3.9679419e-02   7.0459519e-01
   3.9833664e-02   7.0678337e-01
   4.0170763e-02   7.0897155e-01
   4.0201266e-02   7.1115974e-01
   4.0507707e-02   7.1334792e-01
   4.0826674e-02   7.1553611e-01
   4.0966132e-02   7.1772429e-01
   4.1051860e-02   7.1991247e-01
   4.1222505e-02   7.2210066e-01
   4.1367216e-02   7.2428884e-01
   4.1509755e-02   7.2647702e-01
   4.2142861e-02   7.2866521e-01
   4.2222432e-02   7.3085339e-01
   4.2434207e-02   7.3304158e-01
   4.3059132e-02   7.3522976e-01
   4.3118346e-02   7.3741794e-01
   4.3703477e-02   7.3960613e-01
   4.4573490e-02   7.4179431e-01
   4.4582194e-02   7.4398249e-01
   4.4756562e-02   7.4617068e-01
   4.4762093e-02   7.4835886e-01
   4.6210973e-02   7.5054705e-01
   4.6311362e-02   7.5273523e-01
   4.6676216e-02   7.5492341e-01
   4.6690291e-02   7.5711160e-01
   4.6805692e-02   7.5929978e-01
   4.7115391e-02   7.6148796e-01
   4.7367632e-02   7.6367615e-01
   4.7391782e-02   7.6586433e-01
   4.7543592e-02   7.6805252e-01
   4.8862310e-02   7.7024070e-01
   4.9216436e-02   7.7242888e-01
   4.9817524e-02   7.7461707e-01
   5.0488548e-02   7.7680525e-01
   5.0632498e-02   7.7899344e-01
   5.0987178e-02   7.8118162e-01
   5.0989218e-02   7.8336980e-01
   5.1090889e-02   7.8555799e-01
   5.1146320e-02   7.8774617e-01
   5.1267635e-02   7.8993435e-01
   5.1309024e-02   7.9212254e-01
   5.1742485e-02   7.9431072e-01
   5.2077265e-02   7.9649891e-01
   5.2332000e-02   7.9868709e-01
   5.2687623e-02   8.0087527e-01
   5.2815923e-02   8.0306346e-01
   5.3651974e-02   8.0525164e-01
   5.3841789e-02   8.0743982e-01
   5.4295400e-02   8.0962801e-01
   5.4402177e-02   8.1181619e-01
   5.4760157e-02   8.1400438e-01
   5.4892978e-02   8.1619256e-01
   5.5089985e-02   8.1838074e-01
   5.6182538e-02   8.2056893e-01
   5.7053412e-02   8.2275711e-01
   5.7300773e-02   8.2494530e-01
   5.7795369e-02   8.2713348e-01
   5.8548454e-02   8.2932166e-01
   5.8611721e-02   8.3150985e-01
   5.9622451e-02   8.3369803e-01
   5.9754415e-02   8.3588621e-01
   5.9769143e-02   8.3807440e-01
   6.0145504e-02   8.4026258e-01
   6.0447973e-02   8.4245077e-01
   6.1025355e-02   8.4463895e-01
   6.1679843e-02   8.4682713e-01
   6.1774615e-02   8.4901532e-01
   6.1801705e-02   8.5120350e-01
   6.2088748e-02   8.5339168e-01
   6.2379983e-02   8.5557987e-01
   6.2743011e-02   8.5776805e-01
   6.2878564e-02   8.5995624e-01
   6.3363285e-02   8.6214442e-01
   6.3793016e-02   8.6433260e-01
   6.4472798e-02   8.6652079e-01
   6.4608827e-02   8.6870897e-01
   6.5778697e-02   8.7089716e-01
   6.5830525e-02   8.7308534e-01
   6.6258329e-02   8.7527352e-01
   6.6628888e-02   8.7746171e-01
   6.6732706e-02   8.7964989e-01
   6.8685132e-02   8.8183807e-01
   6.8905265e-02   8.8402626e-01
   6.9042013e-02   8.8621444e-01
   6.9082886e-02   8.8840263e-01
   6.9149213e-02   8.9059081e-01
   6.9243798e-02   8.9277899e-01
   6.9528706e-02   8.9496718e-01
   7.0038085e-02   8.9715536e-01
   7.0659482e-02   8.9934354e-01
   7.1260893e-02   9.0153173e-01
   7.2355203e-02   9.0371991e-01
   7.3875467e-02   9.0590810e-01
   7.4095826e-02   9.0809628e-01
   7.4336466e-02   9.1247265e-01
   7.5282888e-02   9.1466083e-01
   7.8880683e-02   9.1684902e-01
   7.9406651e-02   9.1903720e-01
   7.9476077e-02   9.2122538e-01
   8.0031192e-02   9.2341357e-01
   8.1623804e-02   9.2560175e-01
   8.3840619e-02   9.2778993e-01
   8.3877067e-02   9.2997812e-01
   8.4211895e-02   9.3216630e-01
   8.5080099e-02   9.3435449e-01
   8.6842638e-02   9.3654267e-01
   8.7030980e-02   9.3873085e-01
   8.7487274e-02   9.4091904e-01
   8.7814540e-02   9.4310722e-01
   8.7926177e-02   9.4529540e-01
   8.7941759e-02   9.4748359e-01
   9.0240262e-02   9.4967177e-01
   9.1310243e-02   9.5185996e-01
   9.1421825e-02   9.5404814e-01
   9.7041785e-02   9.5623632e-01
   1.0308378e-01   9.5842451e-01
   1.0614672e-01   9.6061269e-01
   1.1237539e-01   9.6280088e-01
   1.1288012e-01   9.6498906e-01
   1.1740740e-01   9.6717724e-01
   1.1875527e-01   9.6936543e-01
   1.1919138e-01   9.7155361e-01
   1.1931068e-01   9.7374179e-01
   1.2315148e-01   9.7592998e-01
   1.2439043e-01   9.7811816e-01
   1.4480475e-01   9.8030635e-01
   1.4649838e-01   9.8249453e-01
   1.4696771e-01   9.8468271e-01
   1.5646705e-01   9.8687090e-01
   1.5726486e-01   9.8905908e-01
   1.8776875e-01   9.9124726e-01
   2.0349331e-01   9.9343545e-01
   2.1784486e-01   9.9562363e-01
   2.3023259e-01   9.9781182e-01
   2.4837473e-01   1.0000000e+00
