   2.2624000e-03   0.0000000e+00
   2.2624000e-03   8.8183422e-04
   2.6392000e-03   2.6455026e-03
   3.0160000e-03   3.5273369e-03
   3.3928000e-03   7.0546737e-03
   3.7704000e-03   1.6754850e-02
   4.1472000e-03   2.3809524e-02
   4.5240000e-03   3.4391534e-02
   4.9008000e-03   6.8783069e-02
   5.2784000e-03   9.0828924e-02
   5.6552000e-03   1.1375661e-01
   6.0320000e-03   1.5696649e-01
   6.4088000e-03   1.9753086e-01
   6.7864000e-03   2.4603175e-01
   7.1632000e-03   2.7601411e-01
   7.5400000e-03   3.5802469e-01
   7.9168000e-03   3.7742504e-01
   8.2944000e-03   4.0299824e-01
   8.6712000e-03   4.4356261e-01
   9.0480000e-03   4.6737213e-01
   9.4248000e-03   4.8236332e-01
   9.8024000e-03   5.0970018e-01
   1.0179200e-02   5.3615520e-01
   1.0556000e-02   5.5114638e-01
   1.0932800e-02   5.6613757e-01
   1.1310400e-02   5.9611993e-01
   1.1687200e-02   6.0405644e-01
   1.2064000e-02   6.0934744e-01
   1.2440800e-02   6.3580247e-01
   1.2818400e-02   6.4991182e-01
   1.3195200e-02   6.6754850e-01
   1.3572000e-02   6.8430335e-01
   1.3948800e-02   7.0723104e-01
   1.4326400e-02   7.1693122e-01
   1.4703200e-02   7.2134039e-01
   1.5080000e-02   7.3985891e-01
   1.5456800e-02   7.4779541e-01
   1.5834400e-02   7.5220459e-01
   1.6211200e-02   7.6366843e-01
   1.6588000e-02   7.6719577e-01
   1.6964800e-02   7.7601411e-01
   1.7342400e-02   7.8483245e-01
   1.7719200e-02   7.9100529e-01
   1.8096000e-02   7.9805996e-01
   1.8472800e-02   8.0335097e-01
   1.8850400e-02   8.1305115e-01
   1.9227200e-02   8.1746032e-01
   1.9604000e-02   8.2010582e-01
   1.9980800e-02   8.2716049e-01
   2.0358400e-02   8.3068783e-01
   2.0735200e-02   8.3862434e-01
   2.1112000e-02   8.4656085e-01
   2.1488800e-02   8.5361552e-01
   2.1866400e-02   8.5978836e-01
   2.2243200e-02   8.6419753e-01
   2.2620000e-02   8.7125220e-01
   2.2997600e-02   8.7389771e-01
   2.3374400e-02   8.7566138e-01
   2.3751200e-02   8.8271605e-01
   2.4128000e-02   8.8359788e-01
   2.4504800e-02   8.8536155e-01
   2.4882400e-02   8.8977072e-01
   2.5259200e-02   8.9065256e-01
   2.5636000e-02   8.9153439e-01
   2.6012800e-02   8.9594356e-01
   2.6767200e-02   8.9770723e-01
   2.7144000e-02   9.0035273e-01
   2.7521600e-02   9.0652557e-01
   2.7898400e-02   9.0828924e-01
   2.8275200e-02   9.1093474e-01
   2.8652000e-02   9.1358025e-01
   2.9783200e-02   9.1446208e-01
   3.0160000e-02   9.1798942e-01
   3.0536800e-02   9.1887125e-01
   3.0914400e-02   9.1975309e-01
   3.2045600e-02   9.2151675e-01
   3.2422400e-02   9.2239859e-01
   3.2799200e-02   9.2328042e-01
   3.3176000e-02   9.2504409e-01
   3.3553600e-02   9.2857143e-01
   3.3930400e-02   9.3209877e-01
   3.4307200e-02   9.3562610e-01
   3.4684000e-02   9.3738977e-01
   3.5061600e-02   9.3915344e-01
   3.5438400e-02   9.4003527e-01
   3.5815200e-02   9.4356261e-01
   3.6192000e-02   9.4708995e-01
   3.6569600e-02   9.4885362e-01
   3.6946400e-02   9.5149912e-01
   3.7323200e-02   9.5326279e-01
   3.7700000e-02   9.5502646e-01
   3.8077600e-02   9.5590829e-01
   3.8454400e-02   9.5767196e-01
   3.8831200e-02   9.6119929e-01
   3.9585600e-02   9.6208113e-01
   3.9962400e-02   9.6472663e-01
   4.0716000e-02   9.6560847e-01
   4.1093600e-02   9.6649030e-01
   4.1470400e-02   9.6825397e-01
   4.1847200e-02   9.7001764e-01
   4.2224000e-02   9.7089947e-01
   4.3355200e-02   9.7266314e-01
   4.3732000e-02   9.7619048e-01
   4.4109600e-02   9.7707231e-01
   4.4863200e-02   9.7795414e-01
   4.5617600e-02   9.7971781e-01
   4.6371200e-02   9.8148148e-01
   4.6748000e-02   9.8236332e-01
   4.7125600e-02   9.8324515e-01
   4.7502400e-02   9.8500882e-01
   4.8633600e-02   9.8589065e-01
   4.9010400e-02   9.8853616e-01
   4.9387200e-02   9.8941799e-01
   5.2403200e-02   9.9029982e-01
   5.3911200e-02   9.9118166e-01
   5.5419200e-02   9.9206349e-01
   5.6173600e-02   9.9294533e-01
   5.7681600e-02   9.9382716e-01
   5.9566400e-02   9.9470899e-01
   6.0697600e-02   9.9559083e-01
   6.7860800e-02   9.9647266e-01
   7.8416800e-02   9.9823633e-01
   1.0216800e-01   9.9911817e-01
   1.0706880e-01   1.0000000e+00
