   9.0296000e-03   0.0000000e+00
   9.0296000e-03   5.0000000e-02
   1.0384000e-02   1.0000000e-01
   1.3544000e-02   2.0000000e-01
   1.3995200e-02   2.5000000e-01
   1.4898400e-02   3.0000000e-01
   1.5349600e-02   3.5000000e-01
   1.5801600e-02   4.0000000e-01
   1.6252800e-02   4.5000000e-01
   1.8058400e-02   5.0000000e-01
   1.9412800e-02   5.5000000e-01
   2.0316000e-02   6.0000000e-01
   2.2573600e-02   6.5000000e-01
   2.4379200e-02   7.0000000e-01
   2.6184800e-02   7.5000000e-01
   3.2505600e-02   8.0000000e-01
   3.3860000e-02   8.5000000e-01
   4.0180800e-02   9.0000000e-01
   5.4627200e-02   9.5000000e-01
   6.9525600e-02   1.0000000e+00
