   3.7112000e-03   0.0000000e+00
   3.7112000e-03   4.2735043e-03
   4.5360000e-03   8.5470085e-03
   4.9488000e-03   1.2820513e-02
   5.3608000e-03   1.7094017e-02
   5.7728000e-03   3.8461538e-02
   6.1856000e-03   6.8376068e-02
   6.5976000e-03   9.8290598e-02
   7.0104000e-03   1.1111111e-01
   7.4224000e-03   1.3675214e-01
   7.8352000e-03   1.4102564e-01
   8.2472000e-03   1.5811966e-01
   8.6600000e-03   1.7948718e-01
   9.0720000e-03   1.9230769e-01
   9.4848000e-03   1.9658120e-01
   9.8968000e-03   2.2222222e-01
   1.0309600e-02   2.2649573e-01
   1.0721600e-02   2.4786325e-01
   1.1133600e-02   2.6495726e-01
   1.1546400e-02   2.8205128e-01
   1.1958400e-02   2.9914530e-01
   1.2371200e-02   3.2051282e-01
   1.2783200e-02   3.2905983e-01
   1.3196000e-02   3.3760684e-01
   1.3608000e-02   3.4615385e-01
   1.4845600e-02   3.5897436e-01
   1.5257600e-02   3.7606838e-01
   1.5670400e-02   3.8034188e-01
   1.6082400e-02   3.9316239e-01
   1.6495200e-02   4.0170940e-01
   1.6907200e-02   4.0598291e-01
   1.7319200e-02   4.1025641e-01
   1.7732000e-02   4.2307692e-01
   1.8144000e-02   4.3162393e-01
   1.8556800e-02   4.4017094e-01
   1.8968800e-02   4.4444444e-01
   1.9381600e-02   4.4871795e-01
   1.9793600e-02   4.5726496e-01
   2.0206400e-02   4.6153846e-01
   2.0618400e-02   4.6581197e-01
   2.1031200e-02   4.7435897e-01
   2.1443200e-02   4.8290598e-01
   2.1856000e-02   4.9145299e-01
   2.2268000e-02   5.0000000e-01
   2.2680800e-02   5.0427350e-01
   2.3092800e-02   5.1282051e-01
   2.3504800e-02   5.2136752e-01
   2.3917600e-02   5.2564103e-01
   2.5154400e-02   5.3418803e-01
   2.5567200e-02   5.3846154e-01
   2.5979200e-02   5.4273504e-01
   2.6392000e-02   5.4700855e-01
   2.6804000e-02   5.5128205e-01
   2.7216800e-02   5.5555556e-01
   2.8040800e-02   5.5982906e-01
   2.8453600e-02   5.6410256e-01
   2.8866400e-02   5.7264957e-01
   2.9278400e-02   5.8547009e-01
   2.9690400e-02   5.9401709e-01
   3.0103200e-02   5.9829060e-01
   3.0928000e-02   6.0256410e-01
   3.1340000e-02   6.0683761e-01
   3.1752800e-02   6.1111111e-01
   3.2577600e-02   6.1965812e-01
   3.3814400e-02   6.2820513e-01
   3.5051200e-02   6.3247863e-01
   3.5464000e-02   6.4102564e-01
   3.6288800e-02   6.4529915e-01
   3.6700800e-02   6.5384615e-01
   3.7938400e-02   6.6666667e-01
   3.8763200e-02   6.7521368e-01
   4.0000000e-02   6.7948718e-01
   4.0824800e-02   6.8803419e-01
   4.1236800e-02   6.9230769e-01
   4.1649600e-02   7.0085470e-01
   4.2474400e-02   7.0940171e-01
   4.3711200e-02   7.1367521e-01
   4.4124000e-02   7.1794872e-01
   4.4536000e-02   7.2649573e-01
   4.6185600e-02   7.3504274e-01
   4.7835200e-02   7.3931624e-01
   4.8247200e-02   7.4358974e-01
   4.8660000e-02   7.4786325e-01
   4.9072000e-02   7.5641026e-01
   4.9896800e-02   7.6068376e-01
   5.1546400e-02   7.6923077e-01
   5.2371200e-02   7.7350427e-01
   5.3196000e-02   7.8205128e-01
   5.4845600e-02   7.9059829e-01
   5.5257600e-02   7.9487179e-01
   5.5670400e-02   7.9914530e-01
   5.6907200e-02   8.0341880e-01
   5.8144000e-02   8.0769231e-01
   5.8968800e-02   8.1196581e-01
   5.9793600e-02   8.1623932e-01
   6.0206400e-02   8.2051282e-01
   6.0618400e-02   8.2478632e-01
   6.2680800e-02   8.2905983e-01
   6.3092800e-02   8.3333333e-01
   6.3504800e-02   8.4188034e-01
   6.4742400e-02   8.4615385e-01
   6.5567200e-02   8.5042735e-01
   6.5979200e-02   8.5897436e-01
   6.6392000e-02   8.6324786e-01
   6.8041600e-02   8.6752137e-01
   6.8453600e-02   8.7179487e-01
   6.9278400e-02   8.8034188e-01
   7.1752800e-02   8.8461538e-01
   7.2577600e-02   8.8888889e-01
   7.7525600e-02   8.9316239e-01
   8.1236800e-02   8.9743590e-01
   8.3711200e-02   9.0170940e-01
   8.6185600e-02   9.0598291e-01
   8.6597600e-02   9.1452991e-01
   8.8247200e-02   9.1880342e-01
   8.8660000e-02   9.2307692e-01
   9.0309600e-02   9.3162393e-01
   9.2371200e-02   9.3589744e-01
   9.5670400e-02   9.4017094e-01
   1.0515440e-01   9.4444444e-01
   1.0597920e-01   9.4871795e-01
   1.0680400e-01   9.5299145e-01
   1.0721680e-01   9.5726496e-01
   1.0804160e-01   9.6153846e-01
   1.1175280e-01   9.7008547e-01
   1.1340240e-01   9.7435897e-01
   1.2082480e-01   9.7863248e-01
   1.2866000e-01   9.8290598e-01
   1.3896880e-01   9.8717949e-01
   1.5340240e-01   9.9145299e-01
   1.6123680e-01   9.9572650e-01
   2.7546400e-01   1.0000000e+00
