   6.3836331e-03   0.0000000e+00
   6.3836331e-03   1.1235955e-02
   6.9906368e-03   2.2471910e-02
   7.9058500e-03   3.3707865e-02
   7.9101413e-03   4.4943820e-02
   7.9482311e-03   5.6179775e-02
   8.0365463e-03   6.7415730e-02
   8.5547733e-03   7.8651685e-02
   9.1656137e-03   8.9887640e-02
   1.0030124e-02   1.0112360e-01
   1.0195569e-02   1.1235955e-01
   1.0375472e-02   1.2359551e-01
   1.0447694e-02   1.3483146e-01
   1.0710169e-02   1.4606742e-01
   1.0867224e-02   1.5730337e-01
   1.0944592e-02   1.6853933e-01
   1.0982682e-02   1.7977528e-01
   1.1264506e-02   1.9101124e-01
   1.1400309e-02   2.1348315e-01
   1.2039233e-02   2.2471910e-01
   1.2159262e-02   2.3595506e-01
   1.2421323e-02   2.4719101e-01
   1.2925717e-02   2.5842697e-01
   1.3069414e-02   2.6966292e-01
   1.3075127e-02   2.8089888e-01
   1.3083683e-02   2.9213483e-01
   1.3220252e-02   3.0337079e-01
   1.3374242e-02   3.1460674e-01
   1.3391451e-02   3.2584270e-01
   1.3524296e-02   3.3707865e-01
   1.3597219e-02   3.4831461e-01
   1.3814590e-02   3.5955056e-01
   1.3987711e-02   3.7078652e-01
   1.4304004e-02   3.8202247e-01
   1.4558447e-02   3.9325843e-01
   1.4576012e-02   4.0449438e-01
   1.4776931e-02   4.1573034e-01
   1.4947019e-02   4.2696629e-01
   1.6113548e-02   4.3820225e-01
   1.7058557e-02   4.4943820e-01
   1.7204272e-02   4.6067416e-01
   1.7525772e-02   4.7191011e-01
   1.8052118e-02   4.8314607e-01
   1.8132370e-02   4.9438202e-01
   1.8148883e-02   5.0561798e-01
   1.8247357e-02   5.1685393e-01
   1.8250775e-02   5.2808989e-01
   1.8481412e-02   5.3932584e-01
   1.8854228e-02   5.6179775e-01
   1.9757695e-02   5.7303371e-01
   1.9814533e-02   5.8426966e-01
   2.0273273e-02   5.9550562e-01
   2.0667602e-02   6.0674157e-01
   2.0700982e-02   6.1797753e-01
   2.0775202e-02   6.2921348e-01
   2.0806032e-02   6.4044944e-01
   2.1357603e-02   6.5168539e-01
   2.1912866e-02   6.7415730e-01
   2.2605785e-02   6.8539326e-01
   2.3152967e-02   6.9662921e-01
   2.3292665e-02   7.0786517e-01
   2.3368168e-02   7.1910112e-01
   2.3731553e-02   7.3033708e-01
   2.4943956e-02   7.4157303e-01
   2.5667982e-02   7.5280899e-01
   2.6296389e-02   7.6404494e-01
   2.6482037e-02   7.7528090e-01
   2.7848596e-02   7.8651685e-01
   2.8431839e-02   7.9775281e-01
   2.9367845e-02   8.0898876e-01
   2.9786604e-02   8.2022472e-01
   3.0030564e-02   8.3146067e-01
   3.3950748e-02   8.4269663e-01
   3.4854145e-02   8.5393258e-01
   3.8003269e-02   8.6516854e-01
   3.9974184e-02   8.7640449e-01
   4.4015523e-02   8.8764045e-01
   4.5533739e-02   8.9887640e-01
   5.1981548e-02   9.1011236e-01
   5.6562740e-02   9.2134831e-01
   5.7444674e-02   9.3258427e-01
   5.7863557e-02   9.4382022e-01
   5.9005030e-02   9.5505618e-01
   6.6781124e-02   9.6629213e-01
   7.1411545e-02   9.7752809e-01
   8.8907335e-02   9.8876404e-01
   1.0099531e-01   1.0000000e+00
