   6.6815656e-03   0.0000000e+00
   6.6815656e-03   6.2500000e-03
   6.9084625e-03   1.2500000e-02
   7.3777738e-03   1.8750000e-02
   8.7303337e-03   2.5000000e-02
   8.8905306e-03   3.1250000e-02
   9.0153051e-03   4.3750000e-02
   9.0186343e-03   5.0000000e-02
   9.4607775e-03   5.6250000e-02
   9.5165554e-03   6.2500000e-02
   9.5951274e-03   6.8750000e-02
   9.9424911e-03   7.5000000e-02
   1.0015736e-02   8.1250000e-02
   1.0018002e-02   8.7500000e-02
   1.0169676e-02   9.3750000e-02
   1.0180154e-02   1.0000000e-01
   1.0303272e-02   1.0625000e-01
   1.0591841e-02   1.1250000e-01
   1.0644267e-02   1.1875000e-01
   1.0746421e-02   1.2500000e-01
   1.0830891e-02   1.3125000e-01
   1.0959664e-02   1.3750000e-01
   1.0990154e-02   1.4375000e-01
   1.1023395e-02   1.5000000e-01
   1.1040820e-02   1.5625000e-01
   1.1211396e-02   1.6250000e-01
   1.1213326e-02   1.6875000e-01
   1.1305738e-02   1.8125000e-01
   1.1486556e-02   1.8750000e-01
   1.1519194e-02   1.9375000e-01
   1.1528025e-02   2.0000000e-01
   1.1777437e-02   2.0625000e-01
   1.1875306e-02   2.1250000e-01
   1.1880260e-02   2.1875000e-01
   1.1994577e-02   2.2500000e-01
   1.2058020e-02   2.3125000e-01
   1.3029135e-02   2.3750000e-01
   1.3116604e-02   2.4375000e-01
   1.3253252e-02   2.5000000e-01
   1.3277548e-02   2.6250000e-01
   1.3329529e-02   2.6875000e-01
   1.3379266e-02   2.7500000e-01
   1.3514626e-02   2.8125000e-01
   1.3666555e-02   2.8750000e-01
   1.3763317e-02   2.9375000e-01
   1.4052085e-02   3.0000000e-01
   1.4160972e-02   3.0625000e-01
   1.4166516e-02   3.1875000e-01
   1.4273039e-02   3.2500000e-01
   1.4328099e-02   3.3125000e-01
   1.4381849e-02   3.3750000e-01
   1.4444526e-02   3.4375000e-01
   1.4843225e-02   3.5000000e-01
   1.5035255e-02   3.5625000e-01
   1.5045106e-02   3.6250000e-01
   1.5551382e-02   3.6875000e-01
   1.5635651e-02   3.7500000e-01
   1.5656274e-02   3.8125000e-01
   1.6242428e-02   3.8750000e-01
   1.6831193e-02   3.9375000e-01
   1.7118607e-02   4.0000000e-01
   1.7130338e-02   4.0625000e-01
   1.7848070e-02   4.1250000e-01
   1.7963260e-02   4.1875000e-01
   1.8090822e-02   4.2500000e-01
   1.8111713e-02   4.3125000e-01
   1.8142518e-02   4.3750000e-01
   1.8231539e-02   4.4375000e-01
   1.8379166e-02   4.5000000e-01
   1.8746882e-02   4.5625000e-01
   1.8865377e-02   4.6250000e-01
   1.8890786e-02   4.6875000e-01
   1.9114531e-02   4.7500000e-01
   1.9201000e-02   4.8125000e-01
   2.0134613e-02   4.8750000e-01
   2.0162222e-02   4.9375000e-01
   2.0392003e-02   5.0000000e-01
   2.0392908e-02   5.0625000e-01
   2.0395559e-02   5.1250000e-01
   2.0606349e-02   5.1875000e-01
   2.0804234e-02   5.2500000e-01
   2.1169054e-02   5.3125000e-01
   2.1305435e-02   5.3750000e-01
   2.1410123e-02   5.4375000e-01
   2.2441966e-02   5.5625000e-01
   2.2682171e-02   5.6250000e-01
   2.2974239e-02   5.6875000e-01
   2.3006921e-02   5.7500000e-01
   2.3424229e-02   5.8125000e-01
   2.3705490e-02   5.8750000e-01
   2.3838740e-02   5.9375000e-01
   2.3848456e-02   6.0000000e-01
   2.4064984e-02   6.0625000e-01
   2.4296390e-02   6.1250000e-01
   2.4444804e-02   6.1875000e-01
   2.4496144e-02   6.2500000e-01
   2.5252236e-02   6.3125000e-01
   2.5546096e-02   6.3750000e-01
   2.7459211e-02   6.4375000e-01
   2.9056352e-02   6.5000000e-01
   3.0323486e-02   6.5625000e-01
   3.0779509e-02   6.6250000e-01
   3.1303200e-02   6.6875000e-01
   3.1368870e-02   6.7500000e-01
   3.1676113e-02   6.8125000e-01
   3.1676433e-02   6.8750000e-01
   3.2074623e-02   6.9375000e-01
   3.2461863e-02   7.0000000e-01
   3.3130416e-02   7.0625000e-01
   3.3292703e-02   7.1250000e-01
   3.3529563e-02   7.1875000e-01
   3.3696811e-02   7.2500000e-01
   3.4171335e-02   7.3125000e-01
   3.4461406e-02   7.3750000e-01
   3.5294259e-02   7.4375000e-01
   3.5841744e-02   7.5000000e-01
   3.6519506e-02   7.5625000e-01
   3.7535030e-02   7.6250000e-01
   3.8406517e-02   7.6875000e-01
   3.8857932e-02   7.7500000e-01
   3.9929908e-02   7.8125000e-01
   4.2756128e-02   7.8750000e-01
   4.4089211e-02   7.9375000e-01
   4.5220282e-02   8.0000000e-01
   4.7079108e-02   8.0625000e-01
   4.8036773e-02   8.1250000e-01
   4.9024332e-02   8.1875000e-01
   5.3403310e-02   8.2500000e-01
   5.5506606e-02   8.3125000e-01
   5.5827191e-02   8.3750000e-01
   5.6795092e-02   8.4375000e-01
   5.7167605e-02   8.5000000e-01
   5.8677976e-02   8.5625000e-01
   5.8740844e-02   8.6250000e-01
   6.2909356e-02   8.6875000e-01
   6.4091095e-02   8.7500000e-01
   6.6170770e-02   8.8125000e-01
   6.7771453e-02   8.8750000e-01
   7.0130230e-02   8.9375000e-01
   7.0313358e-02   9.0000000e-01
   7.3838847e-02   9.0625000e-01
   7.6961208e-02   9.1250000e-01
   7.8279372e-02   9.1875000e-01
   8.5891083e-02   9.2500000e-01
   9.1931391e-02   9.3125000e-01
   1.0165457e-01   9.3750000e-01
   1.0687913e-01   9.4375000e-01
   1.1588477e-01   9.5000000e-01
   1.3546359e-01   9.5625000e-01
   1.3875744e-01   9.6250000e-01
   1.5894694e-01   9.6875000e-01
   1.6158967e-01   9.7500000e-01
   1.8156069e-01   9.8125000e-01
   1.8159770e-01   9.8750000e-01
   2.1621317e-01   9.9375000e-01
   2.2185520e-01   1.0000000e+00
