   5.5176000e-03   0.0000000e+00
   5.5176000e-03   8.4033613e-03
   6.3056000e-03   1.6806723e-02
   7.4880000e-03   3.3613445e-02
   8.2760000e-03   5.0420168e-02
   8.6696000e-03   7.5630252e-02
   9.0640000e-03   9.2436975e-02
   9.8520000e-03   1.0924370e-01
   1.0246400e-02   1.2605042e-01
   1.1034400e-02   1.4285714e-01
   1.1428800e-02   1.5126050e-01
   1.1822400e-02   1.6806723e-01
   1.2216800e-02   1.7647059e-01
   1.2610400e-02   1.8487395e-01
   1.3792800e-02   2.1008403e-01
   1.4187200e-02   2.2689076e-01
   1.4975200e-02   2.5210084e-01
   1.5369600e-02   2.6890756e-01
   1.5763200e-02   2.7731092e-01
   1.6157600e-02   3.1092437e-01
   1.8128000e-02   3.2773109e-01
   1.8916000e-02   3.3613445e-01
   1.9310400e-02   3.5294118e-01
   1.9704000e-02   3.6134454e-01
   2.0098400e-02   3.6974790e-01
   2.0886400e-02   3.7815126e-01
   2.1280800e-02   3.9495798e-01
   2.1675200e-02   4.0336134e-01
   2.2068800e-02   4.1176471e-01
   2.2856800e-02   4.2016807e-01
   2.3645600e-02   4.2857143e-01
   2.5221600e-02   4.3697479e-01
   2.5616000e-02   4.4537815e-01
   2.6404000e-02   4.6218487e-01
   2.7192000e-02   4.7058824e-01
   2.7980000e-02   4.8739496e-01
   2.9556800e-02   5.1260504e-01
   3.1132800e-02   5.2100840e-01
   3.1527200e-02   5.3781513e-01
   3.1920800e-02   5.5462185e-01
   3.4680000e-02   5.6302521e-01
   3.5073600e-02   5.7142857e-01
   3.5862400e-02   5.7983193e-01
   3.6256000e-02   5.8823529e-01
   3.8226400e-02   6.0504202e-01
   3.8620800e-02   6.2184874e-01
   3.9014400e-02   6.3025210e-01
   4.1379200e-02   6.3865546e-01
   4.1773600e-02   6.4705882e-01
   4.2167200e-02   6.5546218e-01
   4.4137600e-02   6.6386555e-01
   4.4926400e-02   6.7226891e-01
   4.8078400e-02   6.8907563e-01
   4.8472800e-02   6.9747899e-01
   4.8867200e-02   7.0588235e-01
   5.1231200e-02   7.2268908e-01
   5.2808000e-02   7.3109244e-01
   5.3596000e-02   7.3949580e-01
   5.3990400e-02   7.4789916e-01
   5.4384000e-02   7.5630252e-01
   5.4778400e-02   7.6470588e-01
   5.8719200e-02   7.7310924e-01
   5.9113600e-02   7.8151261e-01
   6.4630400e-02   7.8991597e-01
   6.5024800e-02   7.9831933e-01
   6.7389600e-02   8.0672269e-01
   6.9359200e-02   8.1512605e-01
   6.9753600e-02   8.2352941e-01
   7.0541600e-02   8.3193277e-01
   7.0936000e-02   8.4033613e-01
   7.6059200e-02   8.4873950e-01
   7.6847200e-02   8.5714286e-01
   7.8817600e-02   8.6554622e-01
   7.9605600e-02   8.7394958e-01
   8.1182400e-02   8.8235294e-01
   8.2364800e-02   8.9075630e-01
   8.3940800e-02   8.9915966e-01
   8.7881600e-02   9.0756303e-01
   9.1822400e-02   9.1596639e-01
   9.3399200e-02   9.2436975e-01
   1.0128080e-01   9.3277311e-01
   1.0167520e-01   9.4117647e-01
   1.0995040e-01   9.4957983e-01
   1.1822640e-01   9.5798319e-01
   1.2137920e-01   9.6638655e-01
   1.3477840e-01   9.7478992e-01
   1.5487680e-01   9.8319328e-01
   1.5960560e-01   9.9159664e-01
   1.6275840e-01   1.0000000e+00
