   4.8568000e-03   0.0000000e+00
   4.8568000e-03   4.4117647e-02
   5.2984000e-03   8.8235294e-02
   5.7392000e-03   1.0294118e-01
   6.1808000e-03   1.1764706e-01
   6.6224000e-03   1.7647059e-01
   7.5056000e-03   2.6470588e-01
   7.9472000e-03   2.9411765e-01
   8.3888000e-03   3.0882353e-01
   8.8304000e-03   3.5294118e-01
   9.2712000e-03   3.6764706e-01
   9.7128000e-03   3.9705882e-01
   1.0154400e-02   4.2647059e-01
   1.0596000e-02   4.8529412e-01
   1.1479200e-02   5.1470588e-01
   1.2361600e-02   5.4411765e-01
   1.2803200e-02   6.0294118e-01
   1.3244800e-02   6.4705882e-01
   1.3686400e-02   6.9117647e-01
   1.4128000e-02   7.0588235e-01
   1.5452800e-02   7.6470588e-01
   1.6335200e-02   7.7941176e-01
   1.6776800e-02   7.9411765e-01
   1.7218400e-02   8.0882353e-01
   1.8543200e-02   8.3823529e-01
   1.8984800e-02   8.5294118e-01
   2.1633600e-02   8.6764706e-01
   2.3399200e-02   8.8235294e-01
   2.3840800e-02   8.9705882e-01
   2.7372800e-02   9.1176471e-01
   2.8697600e-02   9.2647059e-01
   3.8852000e-02   9.4117647e-01
   4.2825600e-02   9.5588235e-01
   4.4591200e-02   9.7058824e-01
   4.6357600e-02   9.8529412e-01
   7.7262400e-02   1.0000000e+00
