   3.6240000e-03   0.0000000e+00
   3.6240000e-03   2.8818444e-03
   4.9424000e-03   5.7636888e-03
   5.6016000e-03   1.4409222e-02
   5.9312000e-03   1.7291066e-02
   6.2600000e-03   4.3227666e-02
   6.5896000e-03   6.0518732e-02
   6.9192000e-03   7.2046110e-02
   7.2488000e-03   7.4927954e-02
   7.5784000e-03   1.0374640e-01
   7.9080000e-03   1.0662824e-01
   8.2376000e-03   1.2391931e-01
   8.5664000e-03   1.4409222e-01
   8.8960000e-03   1.6138329e-01
   9.2256000e-03   1.6426513e-01
   9.5552000e-03   1.7002882e-01
   9.8848000e-03   1.9308357e-01
   1.0214400e-02   2.1037464e-01
   1.0544000e-02   2.3054755e-01
   1.0872800e-02   2.4207493e-01
   1.1202400e-02   2.7377522e-01
   1.1532000e-02   2.8530259e-01
   1.1861600e-02   2.9682997e-01
   1.2191200e-02   3.1123919e-01
   1.2520800e-02   3.6311239e-01
   1.2850400e-02   3.7175793e-01
   1.3179200e-02   3.8904899e-01
   1.3508800e-02   4.2074928e-01
   1.3838400e-02   4.6109510e-01
   1.4168000e-02   4.7262248e-01
   1.4497600e-02   4.9855908e-01
   1.4827200e-02   5.1873199e-01
   1.5156800e-02   5.5619597e-01
   1.5485600e-02   5.7348703e-01
   1.5815200e-02   5.8501441e-01
   1.6144800e-02   6.1959654e-01
   1.6474400e-02   6.3400576e-01
   1.6804000e-02   6.5994236e-01
   1.7133600e-02   6.6282421e-01
   1.7463200e-02   6.8299712e-01
   1.7792000e-02   7.0317003e-01
   1.8121600e-02   7.2622478e-01
   1.8451200e-02   7.2910663e-01
   1.8780800e-02   7.5792507e-01
   1.9110400e-02   7.6080692e-01
   1.9440000e-02   7.7521614e-01
   1.9769600e-02   7.8386167e-01
   2.0099200e-02   8.1556196e-01
   2.0428000e-02   8.2708934e-01
   2.0757600e-02   8.2997118e-01
   2.1087200e-02   8.3861671e-01
   2.1416800e-02   8.4726225e-01
   2.1746400e-02   8.5014409e-01
   2.2076000e-02   8.6167147e-01
   2.2405600e-02   8.8760807e-01
   2.2734400e-02   8.9048991e-01
   2.3064000e-02   8.9913545e-01
   2.3723200e-02   9.0489914e-01
   2.4382400e-02   9.0778098e-01
   2.4712000e-02   9.1066282e-01
   2.5041600e-02   9.1354467e-01
   2.6359200e-02   9.1642651e-01
   2.6688800e-02   9.1930836e-01
   2.7018400e-02   9.2219020e-01
   2.7347200e-02   9.3083573e-01
   2.7676800e-02   9.3371758e-01
   2.8006400e-02   9.3659942e-01
   2.8665600e-02   9.3948127e-01
   2.8995200e-02   9.4524496e-01
   2.9324800e-02   9.5100865e-01
   2.9983200e-02   9.5677233e-01
   3.0312800e-02   9.5965418e-01
   3.1301600e-02   9.6829971e-01
   3.1960800e-02   9.7118156e-01
   3.2619200e-02   9.7406340e-01
   3.4267200e-02   9.7694524e-01
   3.4925600e-02   9.8270893e-01
   3.6573600e-02   9.8559078e-01
   3.7561600e-02   9.8847262e-01
   3.7891200e-02   9.9135447e-01
   4.1186400e-02   9.9423631e-01
   4.1844800e-02   9.9711816e-01
   4.3822400e-02   1.0000000e+00
