   4.2592000e-03   0.0000000e+00
   4.2592000e-03   6.9444444e-03
   4.9688000e-03   1.3888889e-02
   6.0336000e-03   3.4722222e-02
   6.3888000e-03   4.8611111e-02
   6.7432000e-03   5.5555556e-02
   7.4536000e-03   6.9444444e-02
   7.8080000e-03   8.3333333e-02
   8.5184000e-03   1.0416667e-01
   8.8728000e-03   1.2500000e-01
   9.2280000e-03   1.3194444e-01
   9.9376000e-03   1.6666667e-01
   1.0648000e-02   1.7361111e-01
   1.1002400e-02   1.8055556e-01
   1.1357600e-02   1.8750000e-01
   1.2067200e-02   1.9444444e-01
   1.2422400e-02   2.4305556e-01
   1.2777600e-02   2.5000000e-01
   1.3132000e-02   2.7083333e-01
   1.3487200e-02   2.9166667e-01
   1.4196800e-02   2.9861111e-01
   1.4552000e-02   3.1250000e-01
   1.4907200e-02   3.2638889e-01
   1.5261600e-02   3.4722222e-01
   1.5616800e-02   3.6805556e-01
   1.5971200e-02   3.7500000e-01
   1.6326400e-02   3.8194444e-01
   1.6681600e-02   4.0277778e-01
   1.7036000e-02   4.1666667e-01
   1.7391200e-02   4.3750000e-01
   1.7746400e-02   4.5833333e-01
   1.8100800e-02   4.6527778e-01
   1.8456000e-02   4.7916667e-01
   1.8811200e-02   5.0000000e-01
   1.9165600e-02   5.0694444e-01
   1.9520800e-02   5.1388889e-01
   1.9876000e-02   5.2777778e-01
   2.0585600e-02   5.3472222e-01
   2.0940800e-02   5.5555556e-01
   2.1295200e-02   5.6944444e-01
   2.1650400e-02   5.7638889e-01
   2.2005600e-02   5.8333333e-01
   2.3070400e-02   5.9027778e-01
   2.3424800e-02   5.9722222e-01
   2.3780000e-02   6.0416667e-01
   2.4135200e-02   6.1111111e-01
   2.4489600e-02   6.1805556e-01
   2.5200000e-02   6.2500000e-01
   2.5554400e-02   6.3194444e-01
   2.6264000e-02   6.5972222e-01
   2.6619200e-02   6.6666667e-01
   2.6974400e-02   6.7361111e-01
   2.7684000e-02   6.9444444e-01
   2.8394400e-02   7.0138889e-01
   2.8748800e-02   7.0833333e-01
   2.9813600e-02   7.1527778e-01
   3.0168800e-02   7.2222222e-01
   3.1233600e-02   7.2916667e-01
   3.1588000e-02   7.3611111e-01
   3.2652800e-02   7.4305556e-01
   3.3008000e-02   7.5000000e-01
   3.3363200e-02   7.5694444e-01
   3.4072800e-02   7.6388889e-01
   3.4782400e-02   7.7777778e-01
   3.5492800e-02   7.9166667e-01
   3.5847200e-02   7.9861111e-01
   3.6912000e-02   8.0555556e-01
   3.7621600e-02   8.1250000e-01
   3.9751200e-02   8.1944444e-01
   4.0106400e-02   8.3333333e-01
   4.1171200e-02   8.4027778e-01
   4.1880800e-02   8.4722222e-01
   4.2945600e-02   8.5416667e-01
   4.4365600e-02   8.6111111e-01
   4.5075200e-02   8.6805556e-01
   4.5430400e-02   8.7500000e-01
   4.5785600e-02   8.8194444e-01
   4.8269600e-02   8.8888889e-01
   4.8980000e-02   8.9583333e-01
   4.9334400e-02   9.0277778e-01
   5.1108800e-02   9.0972222e-01
   5.5013600e-02   9.1666667e-01
   6.3176800e-02   9.2361111e-01
   6.6016000e-02   9.3055556e-01
   6.6725600e-02   9.3750000e-01
   6.7790400e-02   9.4444444e-01
   8.1987200e-02   9.5138889e-01
   8.8021600e-02   9.5833333e-01
   9.5120000e-02   9.6527778e-01
   1.0328320e-01   9.7222222e-01
   1.0363760e-01   9.7916667e-01
   1.0434800e-01   9.8611111e-01
   1.2919280e-01   9.9305556e-01
   1.9343360e-01   1.0000000e+00
