   9.9312951e-03   0.0000000e+00
   9.9312951e-03   1.9230769e-02
   1.0973814e-02   3.8461538e-02
   1.5162340e-02   5.7692308e-02
   1.6111762e-02   7.6923077e-02
   1.6573889e-02   9.6153846e-02
   1.7719842e-02   1.1538462e-01
   1.9829632e-02   1.3461538e-01
   2.0812313e-02   1.5384615e-01
   2.2578761e-02   1.7307692e-01
   2.3798748e-02   1.9230769e-01
   2.4323038e-02   2.1153846e-01
   2.5443224e-02   2.3076923e-01
   2.6460831e-02   2.5000000e-01
   2.6729467e-02   2.6923077e-01
   2.6889622e-02   2.8846154e-01
   2.7235464e-02   3.0769231e-01
   2.7495036e-02   3.2692308e-01
   2.7730841e-02   3.4615385e-01
   2.8566578e-02   3.6538462e-01
   2.9592885e-02   3.8461538e-01
   3.1279385e-02   4.0384615e-01
   3.2765269e-02   4.2307692e-01
   3.3823885e-02   4.4230769e-01
   3.4371924e-02   4.6153846e-01
   4.4283201e-02   4.8076923e-01
   4.4853009e-02   5.0000000e-01
   4.8076447e-02   5.1923077e-01
   5.4572382e-02   5.3846154e-01
   5.5253997e-02   5.5769231e-01
   5.5956022e-02   5.7692308e-01
   5.8003048e-02   5.9615385e-01
   5.8501111e-02   6.1538462e-01
   5.9726354e-02   6.3461538e-01
   6.0281465e-02   6.5384615e-01
   6.2851492e-02   6.7307692e-01
   6.3005038e-02   6.9230769e-01
   6.7566367e-02   7.1153846e-01
   6.8816656e-02   7.3076923e-01
   6.9966010e-02   7.5000000e-01
   7.7047355e-02   7.6923077e-01
   7.8348868e-02   7.8846154e-01
   7.9463185e-02   8.0769231e-01
   8.5059917e-02   8.2692308e-01
   8.5977815e-02   8.4615385e-01
   9.0490169e-02   8.6538462e-01
   9.2253742e-02   8.8461538e-01
   9.5943737e-02   9.0384615e-01
   9.7261457e-02   9.2307692e-01
   1.0144228e-01   9.4230769e-01
   1.0235436e-01   9.6153846e-01
   1.4271104e-01   9.8076923e-01
   2.3072043e-01   1.0000000e+00
