   8.1315752e-03   0.0000000e+00
   8.1315752e-03   8.0000000e-03
   8.6238213e-03   1.6000000e-02
   9.0219165e-03   3.2000000e-02
   9.3897530e-03   4.0000000e-02
   9.3899687e-03   4.8000000e-02
   9.6877023e-03   5.6000000e-02
   1.0220434e-02   6.4000000e-02
   1.0336582e-02   7.2000000e-02
   1.0835560e-02   8.0000000e-02
   1.0837464e-02   8.8000000e-02
   1.0982697e-02   9.6000000e-02
   1.1671433e-02   1.0400000e-01
   1.2187097e-02   1.1200000e-01
   1.2424699e-02   1.2000000e-01
   1.2626394e-02   1.2800000e-01
   1.3284052e-02   1.3600000e-01
   1.3448667e-02   1.4400000e-01
   1.3858633e-02   1.5200000e-01
   1.4363869e-02   1.6000000e-01
   1.5187097e-02   1.6800000e-01
   1.6025753e-02   1.7600000e-01
   1.6353841e-02   1.8400000e-01
   1.6847275e-02   1.9200000e-01
   1.6893718e-02   2.0000000e-01
   1.8496949e-02   2.0800000e-01
   1.9006748e-02   2.1600000e-01
   1.9174398e-02   2.2400000e-01
   1.9237018e-02   2.3200000e-01
   1.9839967e-02   2.4000000e-01
   2.0247747e-02   2.4800000e-01
   2.0841085e-02   2.5600000e-01
   2.1671120e-02   2.6400000e-01
   2.1848499e-02   2.7200000e-01
   2.1900812e-02   2.8000000e-01
   2.2260180e-02   2.8800000e-01
   2.2460380e-02   2.9600000e-01
   2.2508398e-02   3.0400000e-01
   2.2656986e-02   3.1200000e-01
   2.3287254e-02   3.2000000e-01
   2.3849378e-02   3.2800000e-01
   2.4176209e-02   3.3600000e-01
   2.4658068e-02   3.4400000e-01
   2.4675878e-02   3.5200000e-01
   2.4693646e-02   3.6000000e-01
   2.5062712e-02   3.6800000e-01
   2.5871802e-02   3.7600000e-01
   2.8209185e-02   3.8400000e-01
   2.8894471e-02   3.9200000e-01
   2.9371099e-02   4.0800000e-01
   3.0695043e-02   4.1600000e-01
   3.1101373e-02   4.2400000e-01
   3.3689190e-02   4.3200000e-01
   3.3695179e-02   4.4000000e-01
   3.4636281e-02   4.4800000e-01
   3.4691101e-02   4.5600000e-01
   3.5898635e-02   4.6400000e-01
   3.6173760e-02   4.7200000e-01
   3.6243881e-02   4.8000000e-01
   3.6542032e-02   4.8800000e-01
   3.8698647e-02   4.9600000e-01
   3.9189845e-02   5.1200000e-01
   3.9302819e-02   5.2000000e-01
   3.9839347e-02   5.2800000e-01
   4.0854984e-02   5.3600000e-01
   4.1475450e-02   5.4400000e-01
   4.2375817e-02   5.5200000e-01
   4.5829932e-02   5.6000000e-01
   4.6666198e-02   5.6800000e-01
   4.7125668e-02   5.7600000e-01
   4.8438984e-02   5.8400000e-01
   4.9182730e-02   5.9200000e-01
   5.1514748e-02   6.0000000e-01
   5.3521629e-02   6.0800000e-01
   5.4112198e-02   6.1600000e-01
   5.6541198e-02   6.2400000e-01
   5.8498159e-02   6.3200000e-01
   5.9902288e-02   6.4000000e-01
   6.0992238e-02   6.4800000e-01
   6.1181874e-02   6.5600000e-01
   6.2567030e-02   6.6400000e-01
   6.2696049e-02   6.7200000e-01
   6.3824752e-02   6.8000000e-01
   6.3842400e-02   6.8800000e-01
   6.5332821e-02   6.9600000e-01
   6.5623794e-02   7.0400000e-01
   6.5941723e-02   7.1200000e-01
   6.7071107e-02   7.2000000e-01
   6.7132247e-02   7.2800000e-01
   6.8747301e-02   7.3600000e-01
   7.2812101e-02   7.4400000e-01
   7.4361414e-02   7.5200000e-01
   7.4793604e-02   7.6000000e-01
   7.6535505e-02   7.6800000e-01
   7.7538625e-02   7.7600000e-01
   7.8984114e-02   7.8400000e-01
   7.9389724e-02   7.9200000e-01
   8.8015092e-02   8.0000000e-01
   8.8083901e-02   8.0800000e-01
   8.8515197e-02   8.1600000e-01
   9.2025917e-02   8.2400000e-01
   9.2202820e-02   8.3200000e-01
   9.4147797e-02   8.4000000e-01
   9.4426317e-02   8.4800000e-01
   9.7730454e-02   8.5600000e-01
   9.8328702e-02   8.6400000e-01
   1.0033118e-01   8.7200000e-01
   1.0242616e-01   8.8000000e-01
   1.0388235e-01   8.8800000e-01
   1.0600762e-01   8.9600000e-01
   1.1204646e-01   9.0400000e-01
   1.1556834e-01   9.1200000e-01
   1.2134800e-01   9.2000000e-01
   1.2534064e-01   9.2800000e-01
   1.3063665e-01   9.3600000e-01
   1.3326346e-01   9.4400000e-01
   1.4052076e-01   9.5200000e-01
   1.4249302e-01   9.6000000e-01
   1.4398340e-01   9.6800000e-01
   2.0754721e-01   9.7600000e-01
   2.1611892e-01   9.8400000e-01
   2.2246407e-01   9.9200000e-01
   3.9946026e-01   1.0000000e+00
