   5.5689136e-03   0.0000000e+00
   5.5689136e-03   8.8183422e-04
   5.5817591e-03   1.7636684e-03
   5.6420879e-03   2.6455026e-03
   5.6787194e-03   3.5273369e-03
   5.7694813e-03   4.4091711e-03
   5.8769023e-03   5.2910053e-03
   5.8962486e-03   6.1728395e-03
   5.9750942e-03   7.0546737e-03
   6.1973038e-03   8.8183422e-03
   6.3886402e-03   1.0582011e-02
   6.4335003e-03   1.1463845e-02
   6.6588216e-03   1.4991182e-02
   6.6656692e-03   1.5873016e-02
   6.6826933e-03   1.6754850e-02
   6.6898015e-03   1.7636684e-02
   6.7518036e-03   1.8518519e-02
   6.8653427e-03   1.9400353e-02
   6.9414387e-03   2.1164021e-02
   6.9432341e-03   2.2927690e-02
   6.9895751e-03   2.5573192e-02
   7.0795001e-03   2.6455026e-02
   7.2113788e-03   2.7336861e-02
   7.2147186e-03   2.8218695e-02
   7.2391591e-03   3.0864198e-02
   7.3066155e-03   3.1746032e-02
   7.4153446e-03   3.2627866e-02
   7.4999394e-03   3.4391534e-02
   7.5304109e-03   3.7037037e-02
   7.5642603e-03   3.8800705e-02
   7.6072071e-03   3.9682540e-02
   7.6324730e-03   4.3209877e-02
   7.7159336e-03   4.4091711e-02
   7.7589552e-03   4.5855379e-02
   7.7697407e-03   4.6737213e-02
   7.8354822e-03   4.7619048e-02
   7.8616734e-03   5.0264550e-02
   7.9219816e-03   5.2910053e-02
   8.0481431e-03   5.4673721e-02
   8.0561368e-03   5.5555556e-02
   8.1024425e-03   5.8201058e-02
   8.1865718e-03   6.0846561e-02
   8.2218919e-03   6.1728395e-02
   8.2845093e-03   6.2610229e-02
   8.3071326e-03   6.3492063e-02
   8.3249671e-03   6.5255732e-02
   8.3342847e-03   6.7019400e-02
   8.3528052e-03   6.9664903e-02
   8.3812817e-03   7.0546737e-02
   8.4180535e-03   7.4074074e-02
   8.4626501e-03   7.4955908e-02
   8.5181991e-03   7.9365079e-02
   8.5818694e-03   8.0246914e-02
   8.6019051e-03   8.1128748e-02
   8.6123801e-03   8.4656085e-02
   8.6280246e-03   8.7301587e-02
   8.6535400e-03   8.8183422e-02
   8.6592959e-03   9.0828924e-02
   8.7409028e-03   9.1710758e-02
   8.7848542e-03   9.4356261e-02
   8.8563547e-03   9.7001764e-02
   8.8712244e-03   9.7883598e-02
   8.8803595e-03   1.0317460e-01
   8.9099462e-03   1.0670194e-01
   8.9274307e-03   1.0758377e-01
   8.9734699e-03   1.1287478e-01
   9.0023474e-03   1.1375661e-01
   9.1565983e-03   1.2257496e-01
   9.1692331e-03   1.2433862e-01
   9.2009958e-03   1.2610229e-01
   9.2155792e-03   1.3139330e-01
   9.2325069e-03   1.3580247e-01
   9.2517001e-03   1.3668430e-01
   9.4075496e-03   1.3844797e-01
   9.4370198e-03   1.4109347e-01
   9.4392533e-03   1.4373898e-01
   9.4402932e-03   1.4462081e-01
   9.4664985e-03   1.4726631e-01
   9.4747904e-03   1.5167549e-01
   9.5290190e-03   1.5784832e-01
   9.5501503e-03   1.6049383e-01
   9.6240205e-03   1.6137566e-01
   9.6430146e-03   1.6225750e-01
   9.7115165e-03   1.6313933e-01
   9.7261041e-03   1.6754850e-01
   9.7282921e-03   1.7283951e-01
   9.7493096e-03   1.7460317e-01
   9.7718931e-03   1.7724868e-01
   9.7730125e-03   1.7901235e-01
   9.7773092e-03   1.7989418e-01
   9.8501527e-03   1.8253968e-01
   9.9039367e-03   1.8342152e-01
   9.9583541e-03   1.8518519e-01
   9.9926628e-03   1.8959436e-01
   9.9926832e-03   1.9312169e-01
   1.0023163e-02   1.9488536e-01
   1.0023592e-02   1.9841270e-01
   1.0085296e-02   1.9929453e-01
   1.0085491e-02   2.0017637e-01
   1.0096119e-02   2.0105820e-01
   1.0177060e-02   2.0282187e-01
   1.0177293e-02   2.0370370e-01
   1.0261876e-02   2.0458554e-01
   1.0266132e-02   2.1252205e-01
   1.0277341e-02   2.1340388e-01
   1.0279973e-02   2.1428571e-01
   1.0298126e-02   2.1604938e-01
   1.0298363e-02   2.1693122e-01
   1.0324008e-02   2.1869489e-01
   1.0329361e-02   2.1957672e-01
   1.0397584e-02   2.2045855e-01
   1.0404818e-02   2.3015873e-01
   1.0447476e-02   2.3104056e-01
   1.0500185e-02   2.3280423e-01
   1.0509764e-02   2.3721340e-01
   1.0545975e-02   2.3897707e-01
   1.0548402e-02   2.4514991e-01
   1.0580733e-02   2.5044092e-01
   1.0624258e-02   2.5132275e-01
   1.0629100e-02   2.5573192e-01
   1.0641558e-02   2.6102293e-01
   1.0713840e-02   2.6190476e-01
   1.0730463e-02   2.6455026e-01
   1.0789305e-02   2.6543210e-01
   1.0820947e-02   2.6807760e-01
   1.0832310e-02   2.7513228e-01
   1.0847732e-02   2.7689594e-01
   1.0885723e-02   2.7777778e-01
   1.0938664e-02   2.7865961e-01
   1.0960171e-02   2.8042328e-01
   1.0989301e-02   2.8130511e-01
   1.0992648e-02   2.8483245e-01
   1.1033898e-02   2.8571429e-01
   1.1061689e-02   2.8835979e-01
   1.1100191e-02   2.9012346e-01
   1.1104783e-02   2.9100529e-01
   1.1123470e-02   2.9276896e-01
   1.1137286e-02   2.9805996e-01
   1.1162813e-02   2.9894180e-01
   1.1174454e-02   3.0158730e-01
   1.1191159e-02   3.0246914e-01
   1.1197391e-02   3.0335097e-01
   1.1199951e-02   3.0423280e-01
   1.1252330e-02   3.0599647e-01
   1.1284657e-02   3.0687831e-01
   1.1357384e-02   3.0776014e-01
   1.1377063e-02   3.0952381e-01
   1.1384502e-02   3.1393298e-01
   1.1395756e-02   3.1481481e-01
   1.1419640e-02   3.1922399e-01
   1.1442103e-02   3.2627866e-01
   1.1515194e-02   3.2804233e-01
   1.1538281e-02   3.2892416e-01
   1.1570441e-02   3.3068783e-01
   1.1615173e-02   3.3509700e-01
   1.1654621e-02   3.3862434e-01
   1.1674052e-02   3.3950617e-01
   1.1693838e-02   3.4038801e-01
   1.1720441e-02   3.4215168e-01
   1.1728946e-02   3.4303351e-01
   1.1739660e-02   3.4391534e-01
   1.1753291e-02   3.4744268e-01
   1.1793607e-02   3.5008818e-01
   1.1839276e-02   3.5537919e-01
   1.1889379e-02   3.5714286e-01
   1.1891349e-02   3.6155203e-01
   1.1932193e-02   3.6596120e-01
   1.1937621e-02   3.6684303e-01
   1.1949984e-02   3.6860670e-01
   1.1952706e-02   3.6948854e-01
   1.1954668e-02   3.7037037e-01
   1.1998499e-02   3.7125220e-01
   1.2014541e-02   3.7213404e-01
   1.2063649e-02   3.7301587e-01
   1.2070982e-02   3.7477954e-01
   1.2084909e-02   3.7566138e-01
   1.2108602e-02   3.7742504e-01
   1.2167922e-02   3.7830688e-01
   1.2217194e-02   3.8007055e-01
   1.2225684e-02   3.8095238e-01
   1.2244810e-02   3.8271605e-01
   1.2250932e-02   3.8359788e-01
   1.2289326e-02   3.8536155e-01
   1.2309863e-02   3.8624339e-01
   1.2393486e-02   3.8712522e-01
   1.2434752e-02   3.8888889e-01
   1.2477903e-02   3.8977072e-01
   1.2490572e-02   3.9065256e-01
   1.2501350e-02   3.9241623e-01
   1.2509115e-02   3.9329806e-01
   1.2556038e-02   3.9506173e-01
   1.2630983e-02   3.9594356e-01
   1.2633509e-02   3.9682540e-01
   1.2721003e-02   4.0123457e-01
   1.2748656e-02   4.0299824e-01
   1.2773197e-02   4.0388007e-01
   1.2777894e-02   4.0740741e-01
   1.2787503e-02   4.0828924e-01
   1.2808073e-02   4.1005291e-01
   1.2816263e-02   4.1093474e-01
   1.2866389e-02   4.1181658e-01
   1.2872965e-02   4.1269841e-01
   1.2878133e-02   4.1446208e-01
   1.2947897e-02   4.1622575e-01
   1.2963998e-02   4.1798942e-01
   1.2980860e-02   4.1975309e-01
   1.3053809e-02   4.2328042e-01
   1.3066113e-02   4.2680776e-01
   1.3069187e-02   4.2768959e-01
   1.3073915e-02   4.2857143e-01
   1.3112460e-02   4.2945326e-01
   1.3143551e-02   4.3033510e-01
   1.3181765e-02   4.3209877e-01
   1.3182162e-02   4.3386243e-01
   1.3275016e-02   4.3562610e-01
   1.3284089e-02   4.3827160e-01
   1.3318232e-02   4.4003527e-01
   1.3329811e-02   4.4091711e-01
   1.3329900e-02   4.4179894e-01
   1.3331746e-02   4.4444444e-01
   1.3364625e-02   4.4532628e-01
   1.3364755e-02   4.4620811e-01
   1.3390262e-02   4.4973545e-01
   1.3422445e-02   4.5061728e-01
   1.3422615e-02   4.5149912e-01
   1.3503419e-02   4.5238095e-01
   1.3539873e-02   4.5326279e-01
   1.3597955e-02   4.5502646e-01
   1.3599414e-02   4.5590829e-01
   1.3606000e-02   4.5679012e-01
   1.3619811e-02   4.5767196e-01
   1.3622546e-02   4.5855379e-01
   1.3668893e-02   4.6031746e-01
   1.3730689e-02   4.6296296e-01
   1.3738269e-02   4.6384480e-01
   1.3757669e-02   4.6472663e-01
   1.3820558e-02   4.6560847e-01
   1.3829121e-02   4.6649030e-01
   1.3882269e-02   4.6913580e-01
   1.3921177e-02   4.7001764e-01
   1.3968274e-02   4.7089947e-01
   1.4043759e-02   4.7266314e-01
   1.4058350e-02   4.7354497e-01
   1.4179540e-02   4.7442681e-01
   1.4225934e-02   4.7530864e-01
   1.4229710e-02   4.7619048e-01
   1.4280869e-02   4.7707231e-01
   1.4281764e-02   4.7795414e-01
   1.4293838e-02   4.7883598e-01
   1.4382973e-02   4.8148148e-01
   1.4403721e-02   4.8236332e-01
   1.4423021e-02   4.8412698e-01
   1.4442591e-02   4.8500882e-01
   1.4514157e-02   4.8589065e-01
   1.4518324e-02   4.8677249e-01
   1.4613231e-02   4.8765432e-01
   1.4623531e-02   4.8853616e-01
   1.4706224e-02   4.8941799e-01
   1.4723524e-02   4.9294533e-01
   1.4736568e-02   4.9647266e-01
   1.4760722e-02   4.9735450e-01
   1.4773745e-02   4.9911817e-01
   1.4782914e-02   5.0000000e-01
   1.4819252e-02   5.0088183e-01
   1.4849480e-02   5.0264550e-01
   1.4898357e-02   5.0440917e-01
   1.4966393e-02   5.0529101e-01
   1.5045320e-02   5.0793651e-01
   1.5091960e-02   5.0970018e-01
   1.5117225e-02   5.1058201e-01
   1.5127428e-02   5.1234568e-01
   1.5260979e-02   5.1322751e-01
   1.5265590e-02   5.1499118e-01
   1.5266842e-02   5.1587302e-01
   1.5293026e-02   5.1763668e-01
   1.5304628e-02   5.1851852e-01
   1.5339372e-02   5.1940035e-01
   1.5381861e-02   5.2028219e-01
   1.5406315e-02   5.2204586e-01
   1.5447212e-02   5.2292769e-01
   1.5484567e-02   5.2380952e-01
   1.5517234e-02   5.2469136e-01
   1.5533861e-02   5.2557319e-01
   1.5542296e-02   5.2733686e-01
   1.5591964e-02   5.2910053e-01
   1.5592014e-02   5.2998236e-01
   1.5608668e-02   5.3262787e-01
   1.5647353e-02   5.3350970e-01
   1.5648757e-02   5.3527337e-01
   1.5724471e-02   5.3703704e-01
   1.5753838e-02   5.3791887e-01
   1.5779297e-02   5.3880071e-01
   1.5815846e-02   5.3968254e-01
   1.5843582e-02   5.4056437e-01
   1.5859395e-02   5.4232804e-01
   1.5911266e-02   5.4409171e-01
   1.6065800e-02   5.4497354e-01
   1.6094662e-02   5.4585538e-01
   1.6096286e-02   5.4673721e-01
   1.6112274e-02   5.4850088e-01
   1.6149105e-02   5.4938272e-01
   1.6149747e-02   5.5026455e-01
   1.6204971e-02   5.5114638e-01
   1.6204997e-02   5.5202822e-01
   1.6216182e-02   5.5291005e-01
   1.6279682e-02   5.5379189e-01
   1.6372982e-02   5.5467372e-01
   1.6380593e-02   5.5555556e-01
   1.6390215e-02   5.5643739e-01
   1.6401334e-02   5.5731922e-01
   1.6443799e-02   5.5820106e-01
   1.6452904e-02   5.5996473e-01
   1.6462673e-02   5.6084656e-01
   1.6608952e-02   5.6172840e-01
   1.6614265e-02   5.6261023e-01
   1.6649934e-02   5.6349206e-01
   1.6669185e-02   5.6437390e-01
   1.6706199e-02   5.6613757e-01
   1.6744194e-02   5.6701940e-01
   1.6761207e-02   5.6790123e-01
   1.6761446e-02   5.6878307e-01
   1.6770758e-02   5.6966490e-01
   1.6834982e-02   5.7054674e-01
   1.6835262e-02   5.7231041e-01
   1.6935126e-02   5.7319224e-01
   1.6960650e-02   5.7495591e-01
   1.6971944e-02   5.7583774e-01
   1.7005043e-02   5.7760141e-01
   1.7009912e-02   5.7848325e-01
   1.7073769e-02   5.8024691e-01
   1.7149424e-02   5.8112875e-01
   1.7205842e-02   5.8201058e-01
   1.7220941e-02   5.8289242e-01
   1.7256408e-02   5.8377425e-01
   1.7317986e-02   5.8465608e-01
   1.7373468e-02   5.8553792e-01
   1.7390984e-02   5.8641975e-01
   1.7468160e-02   5.8818342e-01
   1.7480814e-02   5.8994709e-01
   1.7486953e-02   5.9082892e-01
   1.7491296e-02   5.9259259e-01
   1.7553329e-02   5.9347443e-01
   1.7588816e-02   5.9435626e-01
   1.7630807e-02   5.9523810e-01
   1.7713818e-02   5.9611993e-01
   1.7761850e-02   5.9700176e-01
   1.7772996e-02   6.0052910e-01
   1.7781604e-02   6.0229277e-01
   1.7783796e-02   6.0317460e-01
   1.7804958e-02   6.0493827e-01
   1.7809533e-02   6.0582011e-01
   1.7946940e-02   6.0670194e-01
   1.8035422e-02   6.0758377e-01
   1.8035666e-02   6.0846561e-01
   1.8040695e-02   6.0934744e-01
   1.8044437e-02   6.1022928e-01
   1.8056410e-02   6.1199295e-01
   1.8076532e-02   6.1375661e-01
   1.8158591e-02   6.1463845e-01
   1.8186757e-02   6.1552028e-01
   1.8231257e-02   6.1640212e-01
   1.8263707e-02   6.1728395e-01
   1.8266786e-02   6.1816578e-01
   1.8313141e-02   6.1904762e-01
   1.8317348e-02   6.1992945e-01
   1.8376445e-02   6.2169312e-01
   1.8401741e-02   6.2257496e-01
   1.8465014e-02   6.2433862e-01
   1.8594111e-02   6.2698413e-01
   1.8605191e-02   6.2874780e-01
   1.8634151e-02   6.2962963e-01
   1.8679963e-02   6.3051146e-01
   1.8694197e-02   6.3227513e-01
   1.8752600e-02   6.3403880e-01
   1.8791809e-02   6.3492063e-01
   1.8822406e-02   6.3580247e-01
   1.8860025e-02   6.3668430e-01
   1.8867458e-02   6.3932981e-01
   1.8879883e-02   6.4021164e-01
   1.8895331e-02   6.4109347e-01
   1.8917506e-02   6.4285714e-01
   1.8933539e-02   6.4462081e-01
   1.8949581e-02   6.4550265e-01
   1.8987465e-02   6.4814815e-01
   1.9027957e-02   6.4902998e-01
   1.9100711e-02   6.4991182e-01
   1.9145666e-02   6.5079365e-01
   1.9160360e-02   6.5343915e-01
   1.9168432e-02   6.5432099e-01
   1.9181928e-02   6.5520282e-01
   1.9190644e-02   6.5696649e-01
   1.9200882e-02   6.5784832e-01
   1.9247394e-02   6.5961199e-01
   1.9299374e-02   6.6049383e-01
   1.9399828e-02   6.6137566e-01
   1.9453395e-02   6.6225750e-01
   1.9544915e-02   6.6313933e-01
   1.9555266e-02   6.6490300e-01
   1.9580945e-02   6.6578483e-01
   1.9614291e-02   6.6666667e-01
   1.9645957e-02   6.6754850e-01
   1.9701928e-02   6.6843034e-01
   1.9794080e-02   6.6931217e-01
   1.9808269e-02   6.7019400e-01
   1.9855938e-02   6.7107584e-01
   1.9984841e-02   6.7195767e-01
   1.9997415e-02   6.7372134e-01
   2.0007982e-02   6.7460317e-01
   2.0008114e-02   6.7548501e-01
   2.0025692e-02   6.7636684e-01
   2.0075391e-02   6.7724868e-01
   2.0170483e-02   6.7813051e-01
   2.0254919e-02   6.7901235e-01
   2.0256520e-02   6.7989418e-01
   2.0301236e-02   6.8077601e-01
   2.0304220e-02   6.8165785e-01
   2.0354120e-02   6.8253968e-01
   2.0354586e-02   6.8342152e-01
   2.0403976e-02   6.8430335e-01
   2.0412014e-02   6.8606702e-01
   2.0468082e-02   6.8694885e-01
   2.0532265e-02   6.8783069e-01
   2.0541042e-02   6.8871252e-01
   2.0579690e-02   6.8959436e-01
   2.0603784e-02   6.9135802e-01
   2.0657594e-02   6.9223986e-01
   2.0738885e-02   6.9312169e-01
   2.0829700e-02   6.9488536e-01
   2.0901501e-02   6.9576720e-01
   2.0907081e-02   6.9841270e-01
   2.0907440e-02   6.9929453e-01
   2.1044320e-02   7.0105820e-01
   2.1097363e-02   7.0194004e-01
   2.1211146e-02   7.0282187e-01
   2.1238032e-02   7.0370370e-01
   2.1258664e-02   7.0458554e-01
   2.1282606e-02   7.0546737e-01
   2.1286311e-02   7.0634921e-01
   2.1385820e-02   7.0723104e-01
   2.1439408e-02   7.0811287e-01
   2.1464715e-02   7.0987654e-01
   2.1524849e-02   7.1075838e-01
   2.1571988e-02   7.1164021e-01
   2.1599692e-02   7.1252205e-01
   2.1606879e-02   7.1340388e-01
   2.1653165e-02   7.1428571e-01
   2.1688564e-02   7.1516755e-01
   2.1696190e-02   7.1604938e-01
   2.1718019e-02   7.1693122e-01
   2.1755516e-02   7.1781305e-01
   2.1771446e-02   7.1957672e-01
   2.1920204e-02   7.2045855e-01
   2.1941962e-02   7.2134039e-01
   2.1965181e-02   7.2222222e-01
   2.1974864e-02   7.2310406e-01
   2.2068480e-02   7.2398589e-01
   2.2197971e-02   7.2486772e-01
   2.2270592e-02   7.2574956e-01
   2.2394781e-02   7.2751323e-01
   2.2459597e-02   7.2839506e-01
   2.2474622e-02   7.2927690e-01
   2.2475458e-02   7.3015873e-01
   2.2514146e-02   7.3104056e-01
   2.2555463e-02   7.3192240e-01
   2.2577731e-02   7.3280423e-01
   2.2691689e-02   7.3368607e-01
   2.2711735e-02   7.3456790e-01
   2.2715834e-02   7.3544974e-01
   2.2831123e-02   7.3721340e-01
   2.2839280e-02   7.3809524e-01
   2.3011766e-02   7.3897707e-01
   2.3057805e-02   7.3985891e-01
   2.3148331e-02   7.4074074e-01
   2.3200384e-02   7.4162257e-01
   2.3273863e-02   7.4250441e-01
   2.3275762e-02   7.4338624e-01
   2.3348459e-02   7.4426808e-01
   2.3406136e-02   7.4514991e-01
   2.3441200e-02   7.4691358e-01
   2.3479756e-02   7.4779541e-01
   2.3591409e-02   7.4955908e-01
   2.3611634e-02   7.5044092e-01
   2.3678552e-02   7.5132275e-01
   2.3687294e-02   7.5220459e-01
   2.3691885e-02   7.5308642e-01
   2.3769302e-02   7.5396825e-01
   2.3822857e-02   7.5485009e-01
   2.3823980e-02   7.5573192e-01
   2.3899607e-02   7.5661376e-01
   2.4018425e-02   7.5749559e-01
   2.4139598e-02   7.5837743e-01
   2.4167849e-02   7.5925926e-01
   2.4202044e-02   7.6014109e-01
   2.4248400e-02   7.6190476e-01
   2.4359800e-02   7.6278660e-01
   2.4417521e-02   7.6366843e-01
   2.4461840e-02   7.6455026e-01
   2.4463165e-02   7.6543210e-01
   2.4489856e-02   7.6631393e-01
   2.4668125e-02   7.6719577e-01
   2.4757635e-02   7.6807760e-01
   2.4758560e-02   7.6895944e-01
   2.4810234e-02   7.6984127e-01
   2.4853876e-02   7.7072310e-01
   2.4904112e-02   7.7160494e-01
   2.4982314e-02   7.7248677e-01
   2.5028787e-02   7.7336861e-01
   2.5058463e-02   7.7425044e-01
   2.5072630e-02   7.7513228e-01
   2.5174511e-02   7.7689594e-01
   2.5176240e-02   7.7777778e-01
   2.5181579e-02   7.7865961e-01
   2.5267278e-02   7.7954145e-01
   2.5302601e-02   7.8042328e-01
   2.5333168e-02   7.8130511e-01
   2.5388256e-02   7.8218695e-01
   2.5448789e-02   7.8306878e-01
   2.5530795e-02   7.8395062e-01
   2.5587509e-02   7.8483245e-01
   2.5667966e-02   7.8571429e-01
   2.5821453e-02   7.8659612e-01
   2.5837711e-02   7.8747795e-01
   2.5954809e-02   7.8835979e-01
   2.6151286e-02   7.8924162e-01
   2.6172698e-02   7.9012346e-01
   2.6224920e-02   7.9100529e-01
   2.6300483e-02   7.9188713e-01
   2.6324078e-02   7.9276896e-01
   2.6360332e-02   7.9453263e-01
   2.6394553e-02   7.9541446e-01
   2.6432908e-02   7.9629630e-01
   2.6660188e-02   7.9717813e-01
   2.6688657e-02   7.9805996e-01
   2.6729509e-02   7.9982363e-01
   2.6744933e-02   8.0070547e-01
   2.6781350e-02   8.0158730e-01
   2.6829839e-02   8.0246914e-01
   2.6994494e-02   8.0335097e-01
   2.7005236e-02   8.0423280e-01
   2.7085563e-02   8.0511464e-01
   2.7090443e-02   8.0599647e-01
   2.7212602e-02   8.0687831e-01
   2.7232541e-02   8.0776014e-01
   2.7329280e-02   8.0864198e-01
   2.7331307e-02   8.0952381e-01
   2.7461378e-02   8.1040564e-01
   2.7542844e-02   8.1128748e-01
   2.7546987e-02   8.1216931e-01
   2.7560859e-02   8.1305115e-01
   2.7561429e-02   8.1393298e-01
   2.7843485e-02   8.1481481e-01
   2.7876648e-02   8.1569665e-01
   2.8080820e-02   8.1657848e-01
   2.8087132e-02   8.1746032e-01
   2.8126879e-02   8.1834215e-01
   2.8424371e-02   8.1922399e-01
   2.8514422e-02   8.2010582e-01
   2.8582094e-02   8.2098765e-01
   2.8596068e-02   8.2275132e-01
   2.8765947e-02   8.2363316e-01
   2.9196000e-02   8.2451499e-01
   2.9259951e-02   8.2539683e-01
   2.9424322e-02   8.2627866e-01
   2.9697354e-02   8.2716049e-01
   2.9699469e-02   8.2804233e-01
   2.9708474e-02   8.2980600e-01
   2.9967159e-02   8.3068783e-01
   2.9977415e-02   8.3156966e-01
   2.9978425e-02   8.3333333e-01
   3.0017737e-02   8.3509700e-01
   3.0029592e-02   8.3597884e-01
   3.0121753e-02   8.3686067e-01
   3.0183401e-02   8.3774250e-01
   3.0309369e-02   8.3862434e-01
   3.0324043e-02   8.3950617e-01
   3.0327191e-02   8.4038801e-01
   3.0487299e-02   8.4215168e-01
   3.0491163e-02   8.4303351e-01
   3.0531300e-02   8.4391534e-01
   3.0798397e-02   8.4479718e-01
   3.0821540e-02   8.4567901e-01
   3.0840024e-02   8.4656085e-01
   3.0862035e-02   8.4744268e-01
   3.1089996e-02   8.4832451e-01
   3.1183929e-02   8.4920635e-01
   3.1360681e-02   8.5008818e-01
   3.1444407e-02   8.5097002e-01
   3.1467029e-02   8.5185185e-01
   3.1529948e-02   8.5273369e-01
   3.1638527e-02   8.5361552e-01
   3.1684699e-02   8.5449735e-01
   3.1719417e-02   8.5537919e-01
   3.1909097e-02   8.5626102e-01
   3.1910606e-02   8.5714286e-01
   3.2003631e-02   8.5802469e-01
   3.2186137e-02   8.5890653e-01
   3.2192043e-02   8.5978836e-01
   3.2298163e-02   8.6067019e-01
   3.2348739e-02   8.6155203e-01
   3.2548764e-02   8.6243386e-01
   3.2952242e-02   8.6331570e-01
   3.3074484e-02   8.6419753e-01
   3.3115267e-02   8.6507937e-01
   3.3277865e-02   8.6596120e-01
   3.3284182e-02   8.6684303e-01
   3.3314358e-02   8.6772487e-01
   3.3314488e-02   8.6860670e-01
   3.3835068e-02   8.6948854e-01
   3.3943521e-02   8.7037037e-01
   3.4028130e-02   8.7125220e-01
   3.4069181e-02   8.7213404e-01
   3.4327610e-02   8.7301587e-01
   3.4546337e-02   8.7389771e-01
   3.4581346e-02   8.7477954e-01
   3.4615644e-02   8.7566138e-01
   3.4637035e-02   8.7654321e-01
   3.4715602e-02   8.7742504e-01
   3.4962645e-02   8.7830688e-01
   3.5022661e-02   8.7918871e-01
   3.5292476e-02   8.8007055e-01
   3.5406979e-02   8.8095238e-01
   3.5513115e-02   8.8183422e-01
   3.5716433e-02   8.8271605e-01
   3.6461403e-02   8.8359788e-01
   3.6552177e-02   8.8447972e-01
   3.6651578e-02   8.8536155e-01
   3.7180458e-02   8.8624339e-01
   3.7204292e-02   8.8712522e-01
   3.7525879e-02   8.8800705e-01
   3.7652533e-02   8.8888889e-01
   3.7735507e-02   8.8977072e-01
   3.7742376e-02   8.9065256e-01
   3.7760149e-02   8.9153439e-01
   3.7824244e-02   8.9241623e-01
   3.7923602e-02   8.9329806e-01
   3.8122641e-02   8.9417989e-01
   3.8233276e-02   8.9506173e-01
   3.8234137e-02   8.9594356e-01
   3.8780425e-02   8.9682540e-01
   3.8914081e-02   8.9770723e-01
   3.8914180e-02   8.9858907e-01
   3.9103897e-02   8.9947090e-01
   3.9174298e-02   9.0035273e-01
   3.9344936e-02   9.0123457e-01
   3.9656619e-02   9.0211640e-01
   3.9824884e-02   9.0299824e-01
   3.9969862e-02   9.0388007e-01
   3.9973287e-02   9.0476190e-01
   4.0016845e-02   9.0564374e-01
   4.0170785e-02   9.0652557e-01
   4.0188624e-02   9.0740741e-01
   4.0284621e-02   9.0828924e-01
   4.0350471e-02   9.0917108e-01
   4.0509699e-02   9.1005291e-01
   4.0532305e-02   9.1093474e-01
   4.0608599e-02   9.1181658e-01
   4.0643825e-02   9.1269841e-01
   4.1258193e-02   9.1358025e-01
   4.1425207e-02   9.1446208e-01
   4.2325920e-02   9.1534392e-01
   4.2390091e-02   9.1622575e-01
   4.2464317e-02   9.1710758e-01
   4.2514331e-02   9.1798942e-01
   4.2822990e-02   9.1887125e-01
   4.2937820e-02   9.1975309e-01
   4.3300849e-02   9.2063492e-01
   4.3542947e-02   9.2151675e-01
   4.3608027e-02   9.2239859e-01
   4.3964851e-02   9.2328042e-01
   4.4099195e-02   9.2416226e-01
   4.4392797e-02   9.2504409e-01
   4.4717902e-02   9.2592593e-01
   4.5310356e-02   9.2680776e-01
   4.5513089e-02   9.2768959e-01
   4.5881163e-02   9.2857143e-01
   4.6071128e-02   9.2945326e-01
   4.6240412e-02   9.3121693e-01
   4.7138025e-02   9.3209877e-01
   4.7183393e-02   9.3298060e-01
   4.7196701e-02   9.3386243e-01
   4.8004859e-02   9.3474427e-01
   4.8036275e-02   9.3562610e-01
   4.8223000e-02   9.3650794e-01
   4.8541616e-02   9.3738977e-01
   4.8612440e-02   9.3827160e-01
   4.8642472e-02   9.3915344e-01
   4.8663485e-02   9.4003527e-01
   4.8720257e-02   9.4091711e-01
   4.8893055e-02   9.4179894e-01
   4.9027089e-02   9.4268078e-01
   5.0001859e-02   9.4356261e-01
   5.0005598e-02   9.4444444e-01
   5.0518444e-02   9.4532628e-01
   5.0578015e-02   9.4620811e-01
   5.1330662e-02   9.4708995e-01
   5.1749172e-02   9.4797178e-01
   5.1892885e-02   9.4885362e-01
   5.1909270e-02   9.4973545e-01
   5.2021692e-02   9.5061728e-01
   5.2033087e-02   9.5149912e-01
   5.2040169e-02   9.5238095e-01
   5.2526066e-02   9.5326279e-01
   5.2528133e-02   9.5414462e-01
   5.3074537e-02   9.5502646e-01
   5.3639365e-02   9.5590829e-01
   5.3840450e-02   9.5679012e-01
   5.4891586e-02   9.5767196e-01
   5.4984461e-02   9.5855379e-01
   5.5880007e-02   9.5943563e-01
   5.6097745e-02   9.6031746e-01
   5.6232908e-02   9.6119929e-01
   5.6542930e-02   9.6208113e-01
   5.7189206e-02   9.6296296e-01
   5.7420641e-02   9.6384480e-01
   5.7870029e-02   9.6472663e-01
   5.8010303e-02   9.6560847e-01
   5.8327644e-02   9.6649030e-01
   5.8517774e-02   9.6737213e-01
   5.8544477e-02   9.6825397e-01
   5.8847893e-02   9.6913580e-01
   6.0075800e-02   9.7001764e-01
   6.0240483e-02   9.7089947e-01
   6.0436656e-02   9.7178131e-01
   6.0590871e-02   9.7266314e-01
   6.0779210e-02   9.7354497e-01
   6.1632154e-02   9.7442681e-01
   6.2131712e-02   9.7530864e-01
   6.3106510e-02   9.7619048e-01
   6.4558093e-02   9.7707231e-01
   6.4649409e-02   9.7795414e-01
   6.4852020e-02   9.7883598e-01
   6.4951955e-02   9.7971781e-01
   6.5774901e-02   9.8059965e-01
   6.7205697e-02   9.8148148e-01
   6.8493912e-02   9.8236332e-01
   6.9281738e-02   9.8324515e-01
   6.9647652e-02   9.8412698e-01
   7.1263886e-02   9.8500882e-01
   7.2190552e-02   9.8589065e-01
   7.2465793e-02   9.8677249e-01
   7.2713994e-02   9.8765432e-01
   7.2753557e-02   9.8853616e-01
   7.4229879e-02   9.8941799e-01
   7.5154690e-02   9.9029982e-01
   7.6597040e-02   9.9118166e-01
   7.7250276e-02   9.9206349e-01
   7.7425831e-02   9.9294533e-01
   8.0284769e-02   9.9382716e-01
   8.0958449e-02   9.9470899e-01
   8.2955469e-02   9.9559083e-01
   9.8638438e-02   9.9647266e-01
   1.0710309e-01   9.9735450e-01
   1.1604484e-01   9.9823633e-01
   1.3518484e-01   9.9911817e-01
   2.1787717e-01   1.0000000e+00
