   4.4718532e-03   0.0000000e+00
   4.4718532e-03   1.2547051e-03
   4.4769890e-03   1.8820577e-03
   4.5708413e-03   2.5094103e-03
   4.7100098e-03   3.1367629e-03
   4.9666539e-03   3.7641154e-03
   5.0003008e-03   4.3914680e-03
   5.1924376e-03   5.0188206e-03
   5.2759849e-03   6.2735257e-03
   5.5063123e-03   7.5282309e-03
   5.5231532e-03   9.4102886e-03
   5.6858355e-03   1.0037641e-02
   5.7528596e-03   1.0664994e-02
   5.7621770e-03   1.1919699e-02
   5.7905733e-03   1.3174404e-02
   5.8194026e-03   1.3801757e-02
   5.8441971e-03   1.4429109e-02
   5.8749847e-03   1.5056462e-02
   6.0044809e-03   1.5683814e-02
   6.0255006e-03   1.6938519e-02
   6.0826725e-03   1.7565872e-02
   6.1245559e-03   1.8193225e-02
   6.2744171e-03   1.8820577e-02
   6.2862765e-03   2.0702635e-02
   6.3067283e-03   2.3212045e-02
   6.3409500e-03   2.4466750e-02
   6.3815336e-03   2.5094103e-02
   6.4978827e-03   2.5721455e-02
   6.5367068e-03   2.6348808e-02
   6.5449580e-03   2.9485571e-02
   6.5697800e-03   3.0740276e-02
   6.5954445e-03   3.1367629e-02
   6.6447106e-03   3.1994981e-02
   6.6862499e-03   3.2622334e-02
   6.7518264e-03   3.3249686e-02
   6.7588860e-03   3.3877039e-02
   6.7968155e-03   3.6386449e-02
   6.8097925e-03   3.7013802e-02
   6.8236018e-03   3.8268507e-02
   6.8634206e-03   4.0150565e-02
   6.9555734e-03   4.0777917e-02
   6.9960565e-03   4.1405270e-02
   7.0598469e-03   4.4542033e-02
   7.0655337e-03   4.5169385e-02
   7.0859989e-03   4.5796738e-02
   7.0935045e-03   4.6424090e-02
   7.2738464e-03   4.7051443e-02
   7.3110121e-03   4.7678795e-02
   7.3189142e-03   5.0188206e-02
   7.3338920e-03   5.5834379e-02
   7.3419163e-03   5.7716437e-02
   7.4015118e-03   5.9598494e-02
   7.4177009e-03   6.0225847e-02
   7.4741691e-03   6.0853199e-02
   7.4984543e-03   6.1480552e-02
   7.5836032e-03   6.3362610e-02
   7.5860709e-03   6.5244668e-02
   7.6166787e-03   6.6499373e-02
   7.6251297e-03   6.9008783e-02
   7.6859917e-03   7.0263488e-02
   7.7893589e-03   7.0890841e-02
   7.8089731e-03   7.2145546e-02
   7.8417476e-03   7.5909661e-02
   7.8574080e-03   7.6537014e-02
   7.8604924e-03   7.7164366e-02
   7.9083901e-03   7.8419072e-02
   7.9150929e-03   7.9673777e-02
   7.9267204e-03   8.0301129e-02
   7.9435811e-03   8.1555834e-02
   7.9928328e-03   8.2810540e-02
   8.0026067e-03   8.5947302e-02
   8.0957421e-03   8.6574655e-02
   8.1068383e-03   9.0338770e-02
   8.1075196e-03   9.2220828e-02
   8.1109345e-03   9.4730238e-02
   8.1404975e-03   9.5984944e-02
   8.2069203e-03   9.9121706e-02
   8.3641913e-03   9.9749059e-02
   8.3808094e-03   1.0476788e-01
   8.3815075e-03   1.0539523e-01
   8.4289191e-03   1.0727729e-01
   8.4308130e-03   1.0790464e-01
   8.4375865e-03   1.0978670e-01
   8.5095290e-03   1.1041405e-01
   8.5127368e-03   1.1480552e-01
   8.5979266e-03   1.1606023e-01
   8.6208414e-03   1.1668758e-01
   8.6257828e-03   1.1731493e-01
   8.6293562e-03   1.1982434e-01
   8.6306741e-03   1.2296110e-01
   8.6597465e-03   1.2358846e-01
   8.7210563e-03   1.2421581e-01
   8.7287888e-03   1.2547051e-01
   8.7680503e-03   1.2609787e-01
   8.7921938e-03   1.2672522e-01
   8.8135765e-03   1.2923463e-01
   8.8245280e-03   1.3237139e-01
   8.8878922e-03   1.3299875e-01
   8.9005074e-03   1.3362610e-01
   8.9050235e-03   1.3676286e-01
   8.9394774e-03   1.3739021e-01
   8.9443476e-03   1.3927227e-01
   8.9539780e-03   1.4178168e-01
   9.0179748e-03   1.4240903e-01
   9.0331257e-03   1.4554580e-01
   9.1370520e-03   1.4617315e-01
   9.1410139e-03   1.4868256e-01
   9.1513863e-03   1.4930991e-01
   9.1545363e-03   1.5119197e-01
   9.1776455e-03   1.5307403e-01
   9.1876325e-03   1.5558344e-01
   9.2340891e-03   1.5809285e-01
   9.2509096e-03   1.6122961e-01
   9.2533076e-03   1.6185696e-01
   9.2779245e-03   1.6311167e-01
   9.2834897e-03   1.6373902e-01
   9.3425479e-03   1.6687578e-01
   9.4105674e-03   1.6813049e-01
   9.4211473e-03   1.7001255e-01
   9.4296703e-03   1.7252196e-01
   9.4412681e-03   1.7314931e-01
   9.4602444e-03   1.7377666e-01
   9.4629830e-03   1.7691343e-01
   9.4772462e-03   1.8255960e-01
   9.5532805e-03   1.8695107e-01
   9.6578007e-03   1.8883312e-01
   9.6731032e-03   1.9071518e-01
   9.6784258e-03   1.9447930e-01
   9.6966522e-03   1.9887077e-01
   9.7120692e-03   2.0138018e-01
   9.7478291e-03   2.0263488e-01
   9.7726167e-03   2.0577164e-01
   9.7832390e-03   2.0639900e-01
   9.7886144e-03   2.0765370e-01
   9.8271663e-03   2.0828105e-01
   9.8617991e-03   2.1267252e-01
   9.9338850e-03   2.1329987e-01
   9.9416282e-03   2.1455458e-01
   9.9460057e-03   2.1518193e-01
   9.9537698e-03   2.2020075e-01
   9.9770757e-03   2.2396487e-01
   9.9774251e-03   2.2459222e-01
   1.0000506e-02   2.3149310e-01
   1.0074421e-02   2.3462986e-01
   1.0118853e-02   2.3839398e-01
   1.0127377e-02   2.3902133e-01
   1.0174675e-02   2.4090339e-01
   1.0195544e-02   2.4654956e-01
   1.0215670e-02   2.4780427e-01
   1.0235398e-02   2.5094103e-01
   1.0263034e-02   2.5219573e-01
   1.0284699e-02   2.5282309e-01
   1.0295632e-02   2.5784191e-01
   1.0332857e-02   2.5846926e-01
   1.0336284e-02   2.5909661e-01
   1.0380890e-02   2.6160602e-01
   1.0451947e-02   2.6474279e-01
   1.0457281e-02   2.6913425e-01
   1.0462938e-02   2.7038896e-01
   1.0474841e-02   2.7101631e-01
   1.0477286e-02   2.7540778e-01
   1.0492770e-02   2.8042660e-01
   1.0494797e-02   2.8230866e-01
   1.0523939e-02   2.8607277e-01
   1.0553085e-02   2.8732748e-01
   1.0595705e-02   2.8983689e-01
   1.0628653e-02   2.9046424e-01
   1.0636420e-02   2.9109159e-01
   1.0692853e-02   2.9234630e-01
   1.0718147e-02   2.9360100e-01
   1.0725696e-02   2.9861982e-01
   1.0745099e-02   2.9987453e-01
   1.0759342e-02   3.0175659e-01
   1.0788963e-02   3.0238394e-01
   1.0817680e-02   3.0552070e-01
   1.0823927e-02   3.0614806e-01
   1.0960237e-02   3.0803011e-01
   1.0971265e-02   3.0865747e-01
   1.0980187e-02   3.1242158e-01
   1.1001385e-02   3.1869511e-01
   1.1008592e-02   3.2245922e-01
   1.1013249e-02   3.2371393e-01
   1.1046826e-02   3.2496863e-01
   1.1066760e-02   3.2622334e-01
   1.1117393e-02   3.2810540e-01
   1.1128200e-02   3.2998745e-01
   1.1140411e-02   3.3061481e-01
   1.1145125e-02   3.3124216e-01
   1.1175877e-02   3.3186951e-01
   1.1197608e-02   3.3249686e-01
   1.1211387e-02   3.3437892e-01
   1.1240345e-02   3.3500627e-01
   1.1249641e-02   3.3563363e-01
   1.1255988e-02   3.3688833e-01
   1.1282704e-02   3.4253450e-01
   1.1295411e-02   3.4692597e-01
   1.1329061e-02   3.5006274e-01
   1.1340484e-02   3.5257215e-01
   1.1358905e-02   3.5319950e-01
   1.1360631e-02   3.5382685e-01
   1.1421403e-02   3.5570891e-01
   1.1446496e-02   3.5633626e-01
   1.1503707e-02   3.5759097e-01
   1.1505786e-02   3.5821832e-01
   1.1524901e-02   3.6010038e-01
   1.1526219e-02   3.6511920e-01
   1.1532212e-02   3.6637390e-01
   1.1556763e-02   3.6700125e-01
   1.1570377e-02   3.7139272e-01
   1.1581790e-02   3.7264743e-01
   1.1632056e-02   3.7327478e-01
   1.1638668e-02   3.7578419e-01
   1.1652585e-02   3.7829360e-01
   1.1667462e-02   3.7892095e-01
   1.1689877e-02   3.7954831e-01
   1.1730600e-02   3.8143036e-01
   1.1763206e-02   3.8268507e-01
   1.1773028e-02   3.8331242e-01
   1.1776152e-02   3.8393977e-01
   1.1806675e-02   3.8456713e-01
   1.1812852e-02   3.8582183e-01
   1.1815153e-02   3.8644918e-01
   1.1844358e-02   3.8833124e-01
   1.1862784e-02   3.9021330e-01
   1.1971755e-02   3.9146801e-01
   1.1980215e-02   3.9335006e-01
   1.2026718e-02   3.9585947e-01
   1.2043341e-02   3.9774153e-01
   1.2049001e-02   4.0087829e-01
   1.2051113e-02   4.0401506e-01
   1.2093369e-02   4.0464241e-01
   1.2097600e-02   4.0526976e-01
   1.2160763e-02   4.0840652e-01
   1.2162441e-02   4.0966123e-01
   1.2166005e-02   4.1091593e-01
   1.2166826e-02   4.1154329e-01
   1.2285626e-02   4.1593476e-01
   1.2296998e-02   4.1969887e-01
   1.2297123e-02   4.2220828e-01
   1.2310310e-02   4.2409034e-01
   1.2314627e-02   4.2471769e-01
   1.2330062e-02   4.2597240e-01
   1.2360619e-02   4.2785445e-01
   1.2372406e-02   4.2848181e-01
   1.2385803e-02   4.2973651e-01
   1.2386173e-02   4.3036386e-01
   1.2462715e-02   4.3287327e-01
   1.2463303e-02   4.3350063e-01
   1.2491991e-02   4.3412798e-01
   1.2511778e-02   4.3538269e-01
   1.2550331e-02   4.3726474e-01
   1.2561650e-02   4.3914680e-01
   1.2572517e-02   4.4165621e-01
   1.2613609e-02   4.4291092e-01
   1.2617011e-02   4.4542033e-01
   1.2644006e-02   4.4792974e-01
   1.2659765e-02   4.4918444e-01
   1.2678310e-02   4.5043915e-01
   1.2680815e-02   4.5232120e-01
   1.2681683e-02   4.5294856e-01
   1.2682397e-02   4.5545797e-01
   1.2763741e-02   4.5608532e-01
   1.2769577e-02   4.5796738e-01
   1.2808683e-02   4.5922208e-01
   1.2816069e-02   4.5984944e-01
   1.2820958e-02   4.6110414e-01
   1.2848853e-02   4.6298620e-01
   1.2854054e-02   4.6549561e-01
   1.2862259e-02   4.6675031e-01
   1.2876848e-02   4.6737767e-01
   1.2900596e-02   4.6800502e-01
   1.2908294e-02   4.6863237e-01
   1.2973769e-02   4.6925972e-01
   1.2984069e-02   4.7051443e-01
   1.3005008e-02   4.7114178e-01
   1.3007483e-02   4.7176913e-01
   1.3071757e-02   4.7302384e-01
   1.3079766e-02   4.7741531e-01
   1.3090529e-02   4.7992472e-01
   1.3096616e-02   4.8055207e-01
   1.3130700e-02   4.8117942e-01
   1.3140084e-02   4.8431619e-01
   1.3152816e-02   4.8557089e-01
   1.3191078e-02   4.8619824e-01
   1.3204805e-02   4.8808030e-01
   1.3289252e-02   4.9058971e-01
   1.3332285e-02   4.9184442e-01
   1.3339272e-02   4.9309912e-01
   1.3344396e-02   4.9372647e-01
   1.3367281e-02   4.9498118e-01
   1.3377461e-02   4.9560853e-01
   1.3394305e-02   4.9749059e-01
   1.3416201e-02   4.9874529e-01
   1.3431479e-02   5.0000000e-01
   1.3486649e-02   5.0062735e-01
   1.3493658e-02   5.0125471e-01
   1.3505002e-02   5.0313676e-01
   1.3573788e-02   5.0376412e-01
   1.3593682e-02   5.0564617e-01
   1.3597109e-02   5.0627353e-01
   1.3598947e-02   5.0815558e-01
   1.3620132e-02   5.0941029e-01
   1.3659704e-02   5.1003764e-01
   1.3661732e-02   5.1254705e-01
   1.3712294e-02   5.1380176e-01
   1.3726719e-02   5.1505646e-01
   1.3781638e-02   5.1568381e-01
   1.3809859e-02   5.1693852e-01
   1.3843882e-02   5.1756587e-01
   1.3854484e-02   5.1944793e-01
   1.3860391e-02   5.2007528e-01
   1.3867821e-02   5.2070263e-01
   1.3877953e-02   5.2132999e-01
   1.3886598e-02   5.2195734e-01
   1.3901469e-02   5.2258469e-01
   1.3925014e-02   5.2321205e-01
   1.3954120e-02   5.2509410e-01
   1.4002275e-02   5.2572146e-01
   1.4026759e-02   5.2634881e-01
   1.4032823e-02   5.2948557e-01
   1.4081314e-02   5.3074028e-01
   1.4116266e-02   5.3262233e-01
   1.4118492e-02   5.3513174e-01
   1.4120262e-02   5.3575910e-01
   1.4162267e-02   5.3701380e-01
   1.4172402e-02   5.3764115e-01
   1.4184651e-02   5.3826851e-01
   1.4186931e-02   5.3889586e-01
   1.4199051e-02   5.3952321e-01
   1.4249372e-02   5.4015056e-01
   1.4281642e-02   5.4077792e-01
   1.4292422e-02   5.4140527e-01
   1.4329098e-02   5.4265997e-01
   1.4330721e-02   5.4454203e-01
   1.4357020e-02   5.4516939e-01
   1.4377207e-02   5.4642409e-01
   1.4383677e-02   5.4705144e-01
   1.4391826e-02   5.4830615e-01
   1.4405751e-02   5.4956085e-01
   1.4410357e-02   5.5018821e-01
   1.4430001e-02   5.5144291e-01
   1.4448758e-02   5.5207026e-01
   1.4477436e-02   5.5395232e-01
   1.4502868e-02   5.5457967e-01
   1.4548126e-02   5.5646173e-01
   1.4548684e-02   5.5771644e-01
   1.4548963e-02   5.5834379e-01
   1.4637714e-02   5.6148055e-01
   1.4644006e-02   5.6210790e-01
   1.4652105e-02   5.6336261e-01
   1.4667748e-02   5.6398996e-01
   1.4683332e-02   5.6587202e-01
   1.4688561e-02   5.6712673e-01
   1.4693917e-02   5.6775408e-01
   1.4710697e-02   5.6838143e-01
   1.4734873e-02   5.6900878e-01
   1.4745468e-02   5.7026349e-01
   1.4772128e-02   5.7151819e-01
   1.4870245e-02   5.7277290e-01
   1.4901170e-02   5.7340025e-01
   1.4903667e-02   5.7402760e-01
   1.4915263e-02   5.7465496e-01
   1.4948799e-02   5.7716437e-01
   1.4948912e-02   5.7904642e-01
   1.5000807e-02   5.7967378e-01
   1.5005684e-02   5.8030113e-01
   1.5063367e-02   5.8092848e-01
   1.5157877e-02   5.8155583e-01
   1.5167209e-02   5.8281054e-01
   1.5171707e-02   5.8406524e-01
   1.5202862e-02   5.8469260e-01
   1.5234486e-02   5.8531995e-01
   1.5262463e-02   5.8594730e-01
   1.5294356e-02   5.8657465e-01
   1.5316230e-02   5.8782936e-01
   1.5344306e-02   5.8971142e-01
   1.5347412e-02   5.9033877e-01
   1.5360242e-02   5.9096612e-01
   1.5372468e-02   5.9222083e-01
   1.5384838e-02   5.9284818e-01
   1.5425793e-02   5.9347553e-01
   1.5439280e-02   5.9473024e-01
   1.5445456e-02   5.9598494e-01
   1.5467302e-02   5.9723965e-01
   1.5472939e-02   5.9786700e-01
   1.5499735e-02   5.9849435e-01
   1.5509778e-02   5.9912171e-01
   1.5523617e-02   6.0163112e-01
   1.5579827e-02   6.0225847e-01
   1.5592345e-02   6.0351317e-01
   1.5609102e-02   6.0414053e-01
   1.5611132e-02   6.0476788e-01
   1.5677659e-02   6.0602258e-01
   1.5678656e-02   6.0727729e-01
   1.5683534e-02   6.0790464e-01
   1.5690999e-02   6.0853199e-01
   1.5691018e-02   6.0915935e-01
   1.5694105e-02   6.0978670e-01
   1.5700659e-02   6.1041405e-01
   1.5708358e-02   6.1104141e-01
   1.5715947e-02   6.1229611e-01
   1.5739157e-02   6.1292346e-01
   1.5757695e-02   6.1355082e-01
   1.5766973e-02   6.1417817e-01
   1.5829070e-02   6.1480552e-01
   1.5899380e-02   6.1606023e-01
   1.5946799e-02   6.1668758e-01
   1.5947511e-02   6.1856964e-01
   1.5963303e-02   6.1982434e-01
   1.5965380e-02   6.2107905e-01
   1.6001016e-02   6.2170640e-01
   1.6047082e-02   6.2233375e-01
   1.6053597e-02   6.2358846e-01
   1.6096115e-02   6.2484316e-01
   1.6114056e-02   6.2672522e-01
   1.6206488e-02   6.2735257e-01
   1.6214808e-02   6.2860728e-01
   1.6215113e-02   6.2923463e-01
   1.6222293e-02   6.3048934e-01
   1.6236943e-02   6.3111669e-01
   1.6239463e-02   6.3174404e-01
   1.6241162e-02   6.3237139e-01
   1.6281523e-02   6.3299875e-01
   1.6339677e-02   6.3488080e-01
   1.6364291e-02   6.3613551e-01
   1.6414963e-02   6.3676286e-01
   1.6415159e-02   6.3739021e-01
   1.6442847e-02   6.3801757e-01
   1.6451429e-02   6.3864492e-01
   1.6470272e-02   6.3927227e-01
   1.6486162e-02   6.3989962e-01
   1.6486756e-02   6.4115433e-01
   1.6520413e-02   6.4303639e-01
   1.6547742e-02   6.4366374e-01
   1.6569979e-02   6.4429109e-01
   1.6613519e-02   6.4491844e-01
   1.6693374e-02   6.4617315e-01
   1.6695037e-02   6.4742785e-01
   1.6717134e-02   6.4805521e-01
   1.6718561e-02   6.4930991e-01
   1.6729513e-02   6.4993726e-01
   1.6730477e-02   6.5056462e-01
   1.6736806e-02   6.5119197e-01
   1.6738069e-02   6.5244668e-01
   1.6763562e-02   6.5307403e-01
   1.6804769e-02   6.5432873e-01
   1.6857192e-02   6.5558344e-01
   1.6874892e-02   6.5621079e-01
   1.6879544e-02   6.5683814e-01
   1.6936131e-02   6.5809285e-01
   1.6993226e-02   6.5872020e-01
   1.7010787e-02   6.5934755e-01
   1.7025945e-02   6.5997491e-01
   1.7028609e-02   6.6185696e-01
   1.7037945e-02   6.6311167e-01
   1.7043862e-02   6.6436637e-01
   1.7060382e-02   6.6562108e-01
   1.7085308e-02   6.6624843e-01
   1.7093521e-02   6.6750314e-01
   1.7158429e-02   6.6875784e-01
   1.7204979e-02   6.6938519e-01
   1.7239636e-02   6.7001255e-01
   1.7240984e-02   6.7063990e-01
   1.7251325e-02   6.7189460e-01
   1.7252055e-02   6.7503137e-01
   1.7261913e-02   6.7565872e-01
   1.7280588e-02   6.7628607e-01
   1.7318370e-02   6.7691343e-01
   1.7320964e-02   6.7754078e-01
   1.7336314e-02   6.7879548e-01
   1.7372364e-02   6.7942284e-01
   1.7385274e-02   6.8067754e-01
   1.7447540e-02   6.8193225e-01
   1.7516772e-02   6.8318695e-01
   1.7534248e-02   6.8381430e-01
   1.7536493e-02   6.8506901e-01
   1.7567905e-02   6.8569636e-01
   1.7574342e-02   6.8695107e-01
   1.7601625e-02   6.8883312e-01
   1.7648853e-02   6.8946048e-01
   1.7681071e-02   6.9071518e-01
   1.7723431e-02   6.9259724e-01
   1.7737233e-02   6.9322459e-01
   1.7785204e-02   6.9385194e-01
   1.7811178e-02   6.9447930e-01
   1.7836601e-02   6.9573400e-01
   1.7851907e-02   6.9698871e-01
   1.7863878e-02   6.9761606e-01
   1.7878590e-02   6.9824341e-01
   1.7899016e-02   6.9887077e-01
   1.7980135e-02   6.9949812e-01
   1.8014159e-02   7.0012547e-01
   1.8035282e-02   7.0075282e-01
   1.8037054e-02   7.0200753e-01
   1.8048983e-02   7.0326223e-01
   1.8053266e-02   7.0388959e-01
   1.8058287e-02   7.0702635e-01
   1.8066085e-02   7.0765370e-01
   1.8070360e-02   7.0890841e-01
   1.8076613e-02   7.0953576e-01
   1.8118844e-02   7.1016311e-01
   1.8203797e-02   7.1079046e-01
   1.8206113e-02   7.1141782e-01
   1.8226585e-02   7.1204517e-01
   1.8239712e-02   7.1267252e-01
   1.8281670e-02   7.1518193e-01
   1.8282467e-02   7.1643664e-01
   1.8302177e-02   7.1769134e-01
   1.8320946e-02   7.1831870e-01
   1.8374785e-02   7.1957340e-01
   1.8375795e-02   7.2020075e-01
   1.8378172e-02   7.2145546e-01
   1.8380498e-02   7.2208281e-01
   1.8403738e-02   7.2271016e-01
   1.8412410e-02   7.2333752e-01
   1.8431714e-02   7.2459222e-01
   1.8467063e-02   7.2521957e-01
   1.8544014e-02   7.2584693e-01
   1.8545433e-02   7.2647428e-01
   1.8555559e-02   7.2710163e-01
   1.8559254e-02   7.2772898e-01
   1.8563398e-02   7.2835634e-01
   1.8595839e-02   7.2961104e-01
   1.8615411e-02   7.3086575e-01
   1.8663731e-02   7.3212045e-01
   1.8685556e-02   7.3274780e-01
   1.8725979e-02   7.3337516e-01
   1.8738122e-02   7.3400251e-01
   1.8760364e-02   7.3462986e-01
   1.8767621e-02   7.3525721e-01
   1.8803237e-02   7.3588457e-01
   1.8821108e-02   7.3651192e-01
   1.8832393e-02   7.3713927e-01
   1.8894075e-02   7.3776662e-01
   1.8899696e-02   7.3839398e-01
   1.8920337e-02   7.3902133e-01
   1.8925712e-02   7.4027604e-01
   1.9012449e-02   7.4090339e-01
   1.9082069e-02   7.4215809e-01
   1.9091499e-02   7.4278545e-01
   1.9107041e-02   7.4341280e-01
   1.9153910e-02   7.4404015e-01
   1.9186785e-02   7.4466750e-01
   1.9204678e-02   7.4529486e-01
   1.9224103e-02   7.4592221e-01
   1.9248853e-02   7.4654956e-01
   1.9250986e-02   7.4780427e-01
   1.9343853e-02   7.4843162e-01
   1.9356289e-02   7.4905897e-01
   1.9382893e-02   7.4968632e-01
   1.9396355e-02   7.5031368e-01
   1.9414238e-02   7.5094103e-01
   1.9423009e-02   7.5156838e-01
   1.9469892e-02   7.5219573e-01
   1.9477731e-02   7.5282309e-01
   1.9545732e-02   7.5345044e-01
   1.9604408e-02   7.5470514e-01
   1.9634202e-02   7.5595985e-01
   1.9662928e-02   7.5658720e-01
   1.9736701e-02   7.5721455e-01
   1.9763760e-02   7.5846926e-01
   1.9771174e-02   7.5972396e-01
   1.9832749e-02   7.6035132e-01
   1.9863948e-02   7.6097867e-01
   1.9868012e-02   7.6160602e-01
   1.9880195e-02   7.6223338e-01
   1.9883173e-02   7.6348808e-01
   1.9906409e-02   7.6474279e-01
   1.9954582e-02   7.6537014e-01
   2.0000497e-02   7.6662484e-01
   2.0067732e-02   7.6725220e-01
   2.0068206e-02   7.6787955e-01
   2.0079742e-02   7.6913425e-01
   2.0148688e-02   7.7038896e-01
   2.0190270e-02   7.7101631e-01
   2.0233569e-02   7.7164366e-01
   2.0238663e-02   7.7227102e-01
   2.0243042e-02   7.7289837e-01
   2.0277761e-02   7.7352572e-01
   2.0349800e-02   7.7415307e-01
   2.0367652e-02   7.7478043e-01
   2.0375046e-02   7.7540778e-01
   2.0403542e-02   7.7603513e-01
   2.0430508e-02   7.7666248e-01
   2.0454876e-02   7.7728984e-01
   2.0471436e-02   7.7791719e-01
   2.0489402e-02   7.7854454e-01
   2.0525425e-02   7.7917189e-01
   2.0553935e-02   7.7979925e-01
   2.0602967e-02   7.8105395e-01
   2.0639956e-02   7.8168130e-01
   2.0650360e-02   7.8230866e-01
   2.0666799e-02   7.8356336e-01
   2.0670055e-02   7.8419072e-01
   2.0675940e-02   7.8481807e-01
   2.0770822e-02   7.8607277e-01
   2.0816611e-02   7.8670013e-01
   2.0867833e-02   7.8732748e-01
   2.0887847e-02   7.8795483e-01
   2.0954024e-02   7.8858218e-01
   2.0971556e-02   7.8920954e-01
   2.0974619e-02   7.8983689e-01
   2.1115793e-02   7.9109159e-01
   2.1178574e-02   7.9234630e-01
   2.1196691e-02   7.9360100e-01
   2.1200854e-02   7.9422836e-01
   2.1280436e-02   7.9485571e-01
   2.1298534e-02   7.9548306e-01
   2.1339718e-02   7.9673777e-01
   2.1411041e-02   7.9736512e-01
   2.1441914e-02   7.9799247e-01
   2.1450831e-02   7.9861982e-01
   2.1478124e-02   7.9924718e-01
   2.1570231e-02   7.9987453e-01
   2.1588448e-02   8.0050188e-01
   2.1592395e-02   8.0112923e-01
   2.1629809e-02   8.0175659e-01
   2.1634857e-02   8.0238394e-01
   2.1724911e-02   8.0301129e-01
   2.1769179e-02   8.0363864e-01
   2.1862258e-02   8.0426600e-01
   2.1911106e-02   8.0489335e-01
   2.1916833e-02   8.0552070e-01
   2.1990924e-02   8.0614806e-01
   2.2001640e-02   8.0677541e-01
   2.2018294e-02   8.0740276e-01
   2.2133341e-02   8.0803011e-01
   2.2218662e-02   8.0928482e-01
   2.2257474e-02   8.0991217e-01
   2.2282057e-02   8.1179423e-01
   2.2322365e-02   8.1242158e-01
   2.2327372e-02   8.1304893e-01
   2.2359429e-02   8.1367629e-01
   2.2429557e-02   8.1430364e-01
   2.2467827e-02   8.1493099e-01
   2.2483307e-02   8.1555834e-01
   2.2534649e-02   8.1681305e-01
   2.2537132e-02   8.1744040e-01
   2.2544720e-02   8.1806775e-01
   2.2564874e-02   8.1869511e-01
   2.2567422e-02   8.1932246e-01
   2.2598734e-02   8.2057716e-01
   2.2744264e-02   8.2120452e-01
   2.2744378e-02   8.2183187e-01
   2.2750812e-02   8.2245922e-01
   2.2755518e-02   8.2308657e-01
   2.2772455e-02   8.2371393e-01
   2.2805534e-02   8.2434128e-01
   2.2851165e-02   8.2496863e-01
   2.2977419e-02   8.2559598e-01
   2.3051990e-02   8.2622334e-01
   2.3088842e-02   8.2685069e-01
   2.3098361e-02   8.2747804e-01
   2.3140234e-02   8.2810540e-01
   2.3150438e-02   8.2873275e-01
   2.3264469e-02   8.2936010e-01
   2.3305505e-02   8.2998745e-01
   2.3369185e-02   8.3061481e-01
   2.3495656e-02   8.3124216e-01
   2.3499911e-02   8.3186951e-01
   2.3545497e-02   8.3249686e-01
   2.3573355e-02   8.3312422e-01
   2.3612815e-02   8.3375157e-01
   2.3688951e-02   8.3437892e-01
   2.3725678e-02   8.3500627e-01
   2.3743511e-02   8.3563363e-01
   2.3788635e-02   8.3626098e-01
   2.3960838e-02   8.3688833e-01
   2.4048224e-02   8.3751568e-01
   2.4072600e-02   8.3814304e-01
   2.4094256e-02   8.3877039e-01
   2.4194080e-02   8.4002509e-01
   2.4310503e-02   8.4065245e-01
   2.4312871e-02   8.4127980e-01
   2.4321031e-02   8.4190715e-01
   2.4321646e-02   8.4253450e-01
   2.4325213e-02   8.4316186e-01
   2.4404409e-02   8.4378921e-01
   2.4417007e-02   8.4441656e-01
   2.4544479e-02   8.4504391e-01
   2.4771877e-02   8.4567127e-01
   2.4801056e-02   8.4629862e-01
   2.4833280e-02   8.4755332e-01
   2.4920054e-02   8.4818068e-01
   2.4925584e-02   8.4880803e-01
   2.4928544e-02   8.4943538e-01
   2.4943001e-02   8.5006274e-01
   2.4997904e-02   8.5069009e-01
   2.5040810e-02   8.5131744e-01
   2.5093705e-02   8.5194479e-01
   2.5143659e-02   8.5257215e-01
   2.5183579e-02   8.5319950e-01
   2.5233499e-02   8.5382685e-01
   2.5329080e-02   8.5445420e-01
   2.5355966e-02   8.5508156e-01
   2.5368741e-02   8.5570891e-01
   2.5436795e-02   8.5633626e-01
   2.5523597e-02   8.5696361e-01
   2.5631780e-02   8.5759097e-01
   2.5668586e-02   8.5821832e-01
   2.5816693e-02   8.5884567e-01
   2.5848571e-02   8.5947302e-01
   2.5877107e-02   8.6010038e-01
   2.5887404e-02   8.6072773e-01
   2.5892587e-02   8.6135508e-01
   2.5948788e-02   8.6198243e-01
   2.5962047e-02   8.6260979e-01
   2.5967651e-02   8.6323714e-01
   2.6047036e-02   8.6386449e-01
   2.6139356e-02   8.6449184e-01
   2.6164242e-02   8.6511920e-01
   2.6336136e-02   8.6574655e-01
   2.6409111e-02   8.6700125e-01
   2.6428206e-02   8.6762861e-01
   2.6489167e-02   8.6825596e-01
   2.6523260e-02   8.6888331e-01
   2.6678544e-02   8.6951066e-01
   2.6792882e-02   8.7076537e-01
   2.6831923e-02   8.7202008e-01
   2.6869371e-02   8.7264743e-01
   2.6962685e-02   8.7327478e-01
   2.6996352e-02   8.7390213e-01
   2.7036647e-02   8.7452949e-01
   2.7093381e-02   8.7515684e-01
   2.7105323e-02   8.7578419e-01
   2.7141834e-02   8.7641154e-01
   2.7221935e-02   8.7703890e-01
   2.7361607e-02   8.7766625e-01
   2.7385683e-02   8.7829360e-01
   2.7463049e-02   8.7954831e-01
   2.7469841e-02   8.8017566e-01
   2.7509874e-02   8.8080301e-01
   2.7616894e-02   8.8143036e-01
   2.7621842e-02   8.8205772e-01
   2.7904389e-02   8.8268507e-01
   2.8096262e-02   8.8331242e-01
   2.8200284e-02   8.8393977e-01
   2.8456125e-02   8.8456713e-01
   2.8536493e-02   8.8519448e-01
   2.8538047e-02   8.8582183e-01
   2.8612052e-02   8.8644918e-01
   2.8663376e-02   8.8707654e-01
   2.8724969e-02   8.8770389e-01
   2.8754657e-02   8.8833124e-01
   2.8783205e-02   8.9021330e-01
   2.9015133e-02   8.9084065e-01
   2.9243310e-02   8.9209536e-01
   2.9248039e-02   8.9272271e-01
   2.9338371e-02   8.9335006e-01
   2.9377123e-02   8.9397742e-01
   2.9490489e-02   8.9460477e-01
   2.9770530e-02   8.9523212e-01
   2.9799597e-02   8.9585947e-01
   2.9801078e-02   8.9648683e-01
   2.9840808e-02   8.9774153e-01
   2.9897824e-02   8.9836888e-01
   3.0076010e-02   8.9899624e-01
   3.0081962e-02   8.9962359e-01
   3.0334983e-02   9.0025094e-01
   3.0441210e-02   9.0087829e-01
   3.0586041e-02   9.0150565e-01
   3.0744452e-02   9.0213300e-01
   3.0881308e-02   9.0276035e-01
   3.0907794e-02   9.0338770e-01
   3.1022019e-02   9.0401506e-01
   3.1154109e-02   9.0464241e-01
   3.1159211e-02   9.0526976e-01
   3.1187185e-02   9.0589711e-01
   3.1222265e-02   9.0652447e-01
   3.1246620e-02   9.0715182e-01
   3.1339948e-02   9.0777917e-01
   3.1569833e-02   9.0840652e-01
   3.1606534e-02   9.0903388e-01
   3.1636802e-02   9.0966123e-01
   3.1663170e-02   9.1028858e-01
   3.1765516e-02   9.1091593e-01
   3.1881165e-02   9.1154329e-01
   3.1926031e-02   9.1217064e-01
   3.2160450e-02   9.1342535e-01
   3.2314615e-02   9.1405270e-01
   3.2327053e-02   9.1468005e-01
   3.2385833e-02   9.1593476e-01
   3.3003025e-02   9.1656211e-01
   3.3084411e-02   9.1718946e-01
   3.3428941e-02   9.1781681e-01
   3.3462216e-02   9.1844417e-01
   3.3473612e-02   9.1907152e-01
   3.3557928e-02   9.1969887e-01
   3.3610138e-02   9.2032622e-01
   3.3747792e-02   9.2095358e-01
   3.3798182e-02   9.2220828e-01
   3.3995417e-02   9.2283563e-01
   3.4005081e-02   9.2346299e-01
   3.4248011e-02   9.2409034e-01
   3.4264529e-02   9.2471769e-01
   3.4564479e-02   9.2534504e-01
   3.4611766e-02   9.2597240e-01
   3.4671976e-02   9.2659975e-01
   3.4756357e-02   9.2722710e-01
   3.4883365e-02   9.2785445e-01
   3.4946931e-02   9.2848181e-01
   3.5901604e-02   9.2910916e-01
   3.5920007e-02   9.2973651e-01
   3.6047527e-02   9.3036386e-01
   3.6082233e-02   9.3099122e-01
   3.6782270e-02   9.3161857e-01
   3.6803214e-02   9.3224592e-01
   3.6862814e-02   9.3287327e-01
   3.7003375e-02   9.3350063e-01
   3.7383676e-02   9.3412798e-01
   3.7852102e-02   9.3475533e-01
   3.7897763e-02   9.3538269e-01
   3.8098100e-02   9.3601004e-01
   3.8114339e-02   9.3663739e-01
   3.8237033e-02   9.3726474e-01
   3.8617172e-02   9.3789210e-01
   3.8897008e-02   9.3851945e-01
   3.9123310e-02   9.3914680e-01
   3.9278897e-02   9.3977415e-01
   3.9307559e-02   9.4040151e-01
   3.9369937e-02   9.4102886e-01
   3.9716768e-02   9.4165621e-01
   3.9747741e-02   9.4228356e-01
   4.0041389e-02   9.4291092e-01
   4.0101725e-02   9.4353827e-01
   4.0104101e-02   9.4416562e-01
   4.0880232e-02   9.4479297e-01
   4.1675842e-02   9.4542033e-01
   4.2165081e-02   9.4604768e-01
   4.2346324e-02   9.4667503e-01
   4.2348210e-02   9.4730238e-01
   4.2561475e-02   9.4792974e-01
   4.2630652e-02   9.4855709e-01
   4.2667658e-02   9.4918444e-01
   4.3035704e-02   9.4981179e-01
   4.3201964e-02   9.5043915e-01
   4.3297492e-02   9.5106650e-01
   4.3415256e-02   9.5169385e-01
   4.3666345e-02   9.5232120e-01
   4.3698355e-02   9.5294856e-01
   4.3759989e-02   9.5357591e-01
   4.3773003e-02   9.5420326e-01
   4.4096845e-02   9.5483061e-01
   4.4158990e-02   9.5545797e-01
   4.4476890e-02   9.5608532e-01
   4.4770915e-02   9.5671267e-01
   4.4943347e-02   9.5734003e-01
   4.5074265e-02   9.5796738e-01
   4.5261563e-02   9.5859473e-01
   4.5269865e-02   9.5922208e-01
   4.5275358e-02   9.5984944e-01
   4.5518764e-02   9.6047679e-01
   4.5595561e-02   9.6110414e-01
   4.6269902e-02   9.6173149e-01
   4.6417685e-02   9.6235885e-01
   4.6615385e-02   9.6298620e-01
   4.6720113e-02   9.6361355e-01
   4.6928398e-02   9.6424090e-01
   4.6941497e-02   9.6486826e-01
   4.6962477e-02   9.6549561e-01
   4.7247058e-02   9.6612296e-01
   4.7314423e-02   9.6675031e-01
   4.7377322e-02   9.6737767e-01
   4.7560633e-02   9.6800502e-01
   4.7819920e-02   9.6863237e-01
   4.8566313e-02   9.6925972e-01
   4.8619218e-02   9.6988708e-01
   4.8745609e-02   9.7051443e-01
   4.8880074e-02   9.7114178e-01
   5.1718427e-02   9.7176913e-01
   5.1792059e-02   9.7239649e-01
   5.2351064e-02   9.7302384e-01
   5.2755711e-02   9.7365119e-01
   5.3105358e-02   9.7427854e-01
   5.3230748e-02   9.7490590e-01
   5.3325061e-02   9.7553325e-01
   5.3355959e-02   9.7616060e-01
   5.3847655e-02   9.7678795e-01
   5.3952662e-02   9.7741531e-01
   5.4202898e-02   9.7804266e-01
   5.4962301e-02   9.7867001e-01
   5.5683100e-02   9.7929737e-01
   5.5946795e-02   9.7992472e-01
   5.6245943e-02   9.8055207e-01
   5.6586689e-02   9.8117942e-01
   5.7046010e-02   9.8180678e-01
   5.7112765e-02   9.8243413e-01
   5.7565803e-02   9.8306148e-01
   5.7817240e-02   9.8368883e-01
   5.7869803e-02   9.8431619e-01
   6.0467016e-02   9.8494354e-01
   6.0736009e-02   9.8557089e-01
   6.2467428e-02   9.8619824e-01
   6.3841910e-02   9.8682560e-01
   6.8279705e-02   9.8745295e-01
   6.9362662e-02   9.8808030e-01
   7.0866730e-02   9.8870765e-01
   7.1933303e-02   9.8933501e-01
   7.2208952e-02   9.8996236e-01
   7.2218924e-02   9.9058971e-01
   7.3132007e-02   9.9121706e-01
   7.4374901e-02   9.9184442e-01
   8.0257451e-02   9.9247177e-01
   8.5205106e-02   9.9309912e-01
   8.9420423e-02   9.9372647e-01
   9.1864219e-02   9.9435383e-01
   9.3358528e-02   9.9498118e-01
   9.8198518e-02   9.9560853e-01
   9.9567081e-02   9.9623588e-01
   1.0119169e-01   9.9686324e-01
   1.0198182e-01   9.9749059e-01
   1.1665452e-01   9.9811794e-01
   1.5043246e-01   9.9874529e-01
   1.5695335e-01   9.9937265e-01
   2.3665855e-01   1.0000000e+00
