   7.0326977e-03   0.0000000e+00
   7.0326977e-03   2.8169014e-03
   7.2382175e-03   5.6338028e-03
   7.4408678e-03   8.4507042e-03
   7.6372108e-03   1.1267606e-02
   7.8726673e-03   1.4084507e-02
   7.8985086e-03   1.6901408e-02
   8.1525576e-03   1.9718310e-02
   8.3346719e-03   2.2535211e-02
   8.3350501e-03   2.5352113e-02
   8.7599089e-03   2.8169014e-02
   9.0372239e-03   3.0985915e-02
   9.2184436e-03   3.3802817e-02
   9.2600849e-03   3.6619718e-02
   9.3265879e-03   3.9436620e-02
   9.6619416e-03   4.2253521e-02
   9.7245066e-03   4.5070423e-02
   9.7937392e-03   5.0704225e-02
   9.9608490e-03   5.3521127e-02
   1.0114259e-02   5.6338028e-02
   1.0384041e-02   6.1971831e-02
   1.0568142e-02   6.4788732e-02
   1.0650625e-02   6.7605634e-02
   1.0763985e-02   7.0422535e-02
   1.0778408e-02   7.3239437e-02
   1.0957261e-02   7.6056338e-02
   1.1046035e-02   7.8873239e-02
   1.1106644e-02   8.1690141e-02
   1.1178215e-02   8.4507042e-02
   1.1238016e-02   8.7323944e-02
   1.1244449e-02   9.0140845e-02
   1.1414404e-02   9.2957746e-02
   1.1435414e-02   9.5774648e-02
   1.1477522e-02   9.8591549e-02
   1.1514155e-02   1.0140845e-01
   1.1576170e-02   1.0422535e-01
   1.1587876e-02   1.0704225e-01
   1.1638907e-02   1.0985915e-01
   1.1741990e-02   1.1267606e-01
   1.1774378e-02   1.1830986e-01
   1.2009956e-02   1.2112676e-01
   1.2061048e-02   1.2394366e-01
   1.2293527e-02   1.2676056e-01
   1.2380629e-02   1.2957746e-01
   1.2422128e-02   1.3239437e-01
   1.2562319e-02   1.3521127e-01
   1.2617497e-02   1.3802817e-01
   1.2689833e-02   1.4084507e-01
   1.2846399e-02   1.4366197e-01
   1.2881143e-02   1.4647887e-01
   1.2960677e-02   1.4929577e-01
   1.3078096e-02   1.5492958e-01
   1.3417540e-02   1.5774648e-01
   1.3504171e-02   1.6056338e-01
   1.3510084e-02   1.6338028e-01
   1.3637016e-02   1.6901408e-01
   1.3760581e-02   1.7183099e-01
   1.3905987e-02   1.7464789e-01
   1.4146784e-02   1.7746479e-01
   1.4218148e-02   1.8028169e-01
   1.4358509e-02   1.8591549e-01
   1.4420691e-02   1.8873239e-01
   1.4581702e-02   1.9154930e-01
   1.4630714e-02   1.9436620e-01
   1.4811871e-02   1.9718310e-01
   1.4843837e-02   2.0563380e-01
   1.5044420e-02   2.0845070e-01
   1.5079178e-02   2.1126761e-01
   1.5125560e-02   2.1408451e-01
   1.5256262e-02   2.1690141e-01
   1.5280644e-02   2.1971831e-01
   1.5334513e-02   2.2253521e-01
   1.5340985e-02   2.2535211e-01
   1.5373595e-02   2.2816901e-01
   1.5443830e-02   2.3098592e-01
   1.5523289e-02   2.3380282e-01
   1.5547376e-02   2.3661972e-01
   1.5763452e-02   2.3943662e-01
   1.5897023e-02   2.4225352e-01
   1.5970433e-02   2.4507042e-01
   1.5984794e-02   2.4788732e-01
   1.5985540e-02   2.5070423e-01
   1.6012375e-02   2.5352113e-01
   1.6173573e-02   2.5633803e-01
   1.6174015e-02   2.5915493e-01
   1.6260704e-02   2.6197183e-01
   1.6433535e-02   2.6760563e-01
   1.6524093e-02   2.7042254e-01
   1.6663297e-02   2.7323944e-01
   1.6766192e-02   2.7605634e-01
   1.6908607e-02   2.7887324e-01
   1.6909688e-02   2.8169014e-01
   1.7132881e-02   2.8450704e-01
   1.7183748e-02   2.8732394e-01
   1.7395278e-02   2.9014085e-01
   1.7431316e-02   2.9295775e-01
   1.7484603e-02   2.9577465e-01
   1.7546151e-02   2.9859155e-01
   1.7594690e-02   3.0140845e-01
   1.7612498e-02   3.0422535e-01
   1.7629136e-02   3.0704225e-01
   1.7822493e-02   3.0985915e-01
   1.7833254e-02   3.1267606e-01
   1.7969577e-02   3.1549296e-01
   1.8058999e-02   3.1830986e-01
   1.8078240e-02   3.2112676e-01
   1.8102714e-02   3.2394366e-01
   1.8284856e-02   3.2676056e-01
   1.8295061e-02   3.2957746e-01
   1.8317562e-02   3.3239437e-01
   1.8322801e-02   3.3521127e-01
   1.8351119e-02   3.3802817e-01
   1.8601568e-02   3.4084507e-01
   1.8785270e-02   3.4366197e-01
   1.8926491e-02   3.4647887e-01
   1.8982368e-02   3.4929577e-01
   1.9024199e-02   3.5492958e-01
   1.9030543e-02   3.5774648e-01
   1.9110870e-02   3.6056338e-01
   1.9386566e-02   3.6338028e-01
   1.9416024e-02   3.6619718e-01
   1.9440737e-02   3.6901408e-01
   1.9454822e-02   3.7183099e-01
   1.9459498e-02   3.7746479e-01
   1.9508356e-02   3.8028169e-01
   1.9773299e-02   3.8309859e-01
   1.9906883e-02   3.8591549e-01
   1.9929261e-02   3.8873239e-01
   2.0048144e-02   3.9154930e-01
   2.0137329e-02   3.9436620e-01
   2.0369158e-02   3.9718310e-01
   2.0373354e-02   4.0000000e-01
   2.0392472e-02   4.0281690e-01
   2.0460274e-02   4.0563380e-01
   2.0569101e-02   4.0845070e-01
   2.0597816e-02   4.1126761e-01
   2.0623948e-02   4.1408451e-01
   2.0630917e-02   4.1971831e-01
   2.0636902e-02   4.2535211e-01
   2.0692664e-02   4.2816901e-01
   2.0753357e-02   4.3098592e-01
   2.0950361e-02   4.3380282e-01
   2.1062363e-02   4.3661972e-01
   2.1099438e-02   4.3943662e-01
   2.1132928e-02   4.4507042e-01
   2.1189598e-02   4.4788732e-01
   2.1229536e-02   4.5070423e-01
   2.1294355e-02   4.5352113e-01
   2.1300119e-02   4.5633803e-01
   2.1329447e-02   4.5915493e-01
   2.1346099e-02   4.6197183e-01
   2.1366106e-02   4.6478873e-01
   2.2252202e-02   4.6760563e-01
   2.2476188e-02   4.7042254e-01
   2.2488185e-02   4.7323944e-01
   2.2664590e-02   4.7605634e-01
   2.2681638e-02   4.7887324e-01
   2.2693559e-02   4.8169014e-01
   2.2887553e-02   4.8450704e-01
   2.2907591e-02   4.8732394e-01
   2.2955044e-02   4.9295775e-01
   2.2982623e-02   4.9577465e-01
   2.3059903e-02   4.9859155e-01
   2.3073576e-02   5.0140845e-01
   2.3086513e-02   5.0422535e-01
   2.3196742e-02   5.0704225e-01
   2.3203608e-02   5.0985915e-01
   2.3224064e-02   5.1267606e-01
   2.3277919e-02   5.1830986e-01
   2.3593135e-02   5.2112676e-01
   2.3664703e-02   5.2394366e-01
   2.3854967e-02   5.2676056e-01
   2.3996070e-02   5.2957746e-01
   2.4079032e-02   5.3521127e-01
   2.4304909e-02   5.3802817e-01
   2.4319277e-02   5.4084507e-01
   2.4513434e-02   5.4366197e-01
   2.4560489e-02   5.4647887e-01
   2.4593782e-02   5.4929577e-01
   2.4620120e-02   5.5211268e-01
   2.4714294e-02   5.5492958e-01
   2.4975431e-02   5.5774648e-01
   2.5226816e-02   5.6056338e-01
   2.5243405e-02   5.6338028e-01
   2.5378144e-02   5.6901408e-01
   2.5583586e-02   5.7464789e-01
   2.5656955e-02   5.7746479e-01
   2.5689415e-02   5.8028169e-01
   2.5693441e-02   5.8309859e-01
   2.5706979e-02   5.8591549e-01
   2.5881401e-02   5.8873239e-01
   2.6002319e-02   5.9154930e-01
   2.6215484e-02   5.9436620e-01
   2.6221981e-02   5.9718310e-01
   2.6286995e-02   6.0000000e-01
   2.6295845e-02   6.0281690e-01
   2.6682475e-02   6.0563380e-01
   2.6783407e-02   6.0845070e-01
   2.6869451e-02   6.1408451e-01
   2.7172130e-02   6.1690141e-01
   2.7421882e-02   6.1971831e-01
   2.8276669e-02   6.2253521e-01
   2.8448067e-02   6.2535211e-01
   2.8466858e-02   6.2816901e-01
   2.8709051e-02   6.3098592e-01
   2.8717017e-02   6.3380282e-01
   2.8933812e-02   6.3661972e-01
   2.9166345e-02   6.3943662e-01
   2.9227222e-02   6.4225352e-01
   2.9609797e-02   6.4507042e-01
   2.9773907e-02   6.4788732e-01
   2.9842369e-02   6.5070423e-01
   2.9881417e-02   6.5352113e-01
   3.0552128e-02   6.5633803e-01
   3.0669026e-02   6.5915493e-01
   3.0800162e-02   6.6197183e-01
   3.0964299e-02   6.6478873e-01
   3.0972952e-02   6.6760563e-01
   3.1064563e-02   6.7042254e-01
   3.1250820e-02   6.7323944e-01
   3.1417672e-02   6.7605634e-01
   3.1772438e-02   6.7887324e-01
   3.1932582e-02   6.8169014e-01
   3.1950744e-02   6.8450704e-01
   3.2452589e-02   6.8732394e-01
   3.2624701e-02   6.9014085e-01
   3.2726685e-02   6.9295775e-01
   3.2867455e-02   6.9577465e-01
   3.2951341e-02   6.9859155e-01
   3.3145356e-02   7.0140845e-01
   3.3378264e-02   7.0422535e-01
   3.3442675e-02   7.0704225e-01
   3.3691372e-02   7.0985915e-01
   3.3792960e-02   7.1267606e-01
   3.3804039e-02   7.1549296e-01
   3.3867976e-02   7.1830986e-01
   3.3958462e-02   7.2112676e-01
   3.4115084e-02   7.2676056e-01
   3.4147068e-02   7.2957746e-01
   3.4168972e-02   7.3239437e-01
   3.4306870e-02   7.3521127e-01
   3.4329238e-02   7.3802817e-01
   3.4715539e-02   7.4084507e-01
   3.4995814e-02   7.4366197e-01
   3.5017653e-02   7.4647887e-01
   3.5937179e-02   7.4929577e-01
   3.6128302e-02   7.5211268e-01
   3.6633996e-02   7.5492958e-01
   3.6814522e-02   7.5774648e-01
   3.7167675e-02   7.6056338e-01
   3.7351159e-02   7.6338028e-01
   3.7392518e-02   7.6619718e-01
   3.7480737e-02   7.6901408e-01
   3.7507439e-02   7.7183099e-01
   3.7664024e-02   7.7464789e-01
   3.7801639e-02   7.7746479e-01
   3.8083800e-02   7.8028169e-01
   3.8378189e-02   7.8309859e-01
   3.8583276e-02   7.8591549e-01
   3.8786636e-02   7.8873239e-01
   3.8909644e-02   7.9154930e-01
   3.8918056e-02   7.9436620e-01
   3.9601913e-02   7.9718310e-01
   4.1082218e-02   8.0000000e-01
   4.3169110e-02   8.0281690e-01
   4.3442680e-02   8.0563380e-01
   4.3650202e-02   8.0845070e-01
   4.3945873e-02   8.1126761e-01
   4.4050497e-02   8.1408451e-01
   4.6394780e-02   8.1690141e-01
   4.6407828e-02   8.1971831e-01
   4.6443107e-02   8.2253521e-01
   4.6543848e-02   8.2535211e-01
   4.6903704e-02   8.2816901e-01
   4.7224132e-02   8.3098592e-01
   4.7400839e-02   8.3380282e-01
   4.7493450e-02   8.3661972e-01
   4.7502733e-02   8.3943662e-01
   4.7509385e-02   8.4225352e-01
   4.7661658e-02   8.4507042e-01
   4.7911866e-02   8.4788732e-01
   4.8041448e-02   8.5070423e-01
   4.9662787e-02   8.5352113e-01
   5.0095184e-02   8.5633803e-01
   5.0555555e-02   8.5915493e-01
   5.1590835e-02   8.6197183e-01
   5.1709982e-02   8.6478873e-01
   5.2100480e-02   8.6760563e-01
   5.2334810e-02   8.7042254e-01
   5.2987849e-02   8.7323944e-01
   5.3052070e-02   8.7605634e-01
   5.3433412e-02   8.7887324e-01
   5.3738368e-02   8.8169014e-01
   5.3762898e-02   8.8450704e-01
   5.4035195e-02   8.8732394e-01
   5.4859741e-02   8.9014085e-01
   5.4878811e-02   8.9295775e-01
   5.5499816e-02   8.9577465e-01
   5.5936470e-02   8.9859155e-01
   5.6447826e-02   9.0140845e-01
   5.9421551e-02   9.0422535e-01
   6.0248012e-02   9.0704225e-01
   6.0296228e-02   9.0985915e-01
   6.0450660e-02   9.1267606e-01
   6.0999573e-02   9.1549296e-01
   6.1344636e-02   9.1830986e-01
   6.2860774e-02   9.2112676e-01
   6.3147645e-02   9.2394366e-01
   6.3375872e-02   9.2676056e-01
   6.3431123e-02   9.2957746e-01
   6.3649969e-02   9.3239437e-01
   6.4478229e-02   9.3521127e-01
   6.5329444e-02   9.3802817e-01
   6.5400351e-02   9.4084507e-01
   6.6096133e-02   9.4366197e-01
   6.6636293e-02   9.4647887e-01
   6.6659413e-02   9.4929577e-01
   6.9021356e-02   9.5211268e-01
   6.9334886e-02   9.5492958e-01
   7.0559201e-02   9.5774648e-01
   7.1933405e-02   9.6056338e-01
   7.2197099e-02   9.6338028e-01
   7.2510190e-02   9.6619718e-01
   7.4926512e-02   9.6901408e-01
   8.0774747e-02   9.7183099e-01
   8.2403512e-02   9.7464789e-01
   9.0491865e-02   9.7746479e-01
   9.1881357e-02   9.8028169e-01
   9.5381200e-02   9.8309859e-01
   1.0159408e-01   9.8591549e-01
   1.0524851e-01   9.8873239e-01
   1.0736434e-01   9.9154930e-01
   1.0818959e-01   9.9436620e-01
   1.1922576e-01   9.9718310e-01
   1.5159285e-01   1.0000000e+00
