   5.4056000e-03   0.0000000e+00
   5.4056000e-03   5.0251256e-03
   5.7432000e-03   1.0050251e-02
   6.7568000e-03   2.5125628e-02
   7.0944000e-03   3.0150754e-02
   8.1080000e-03   5.0251256e-02
   8.7840000e-03   5.5276382e-02
   9.1216000e-03   6.0301508e-02
   9.4592000e-03   7.0351759e-02
   9.7976000e-03   7.5376884e-02
   1.0472800e-02   8.5427136e-02
   1.0810400e-02   9.5477387e-02
   1.1148800e-02   1.1557789e-01
   1.1824000e-02   1.2562814e-01
   1.2162400e-02   1.3065327e-01
   1.2500000e-02   1.5075377e-01
   1.3176000e-02   1.5577889e-01
   1.3513600e-02   1.6080402e-01
   1.3851200e-02   1.7085427e-01
   1.4188800e-02   1.7587940e-01
   1.4527200e-02   1.9597990e-01
   1.5202400e-02   2.1105528e-01
   1.5540800e-02   2.1608040e-01
   1.5878400e-02   2.2613065e-01
   1.6216000e-02   2.3115578e-01
   1.6554400e-02   2.5628141e-01
   1.7905600e-02   2.6633166e-01
   1.8243200e-02   2.7638191e-01
   1.8580800e-02   2.8140704e-01
   1.9594400e-02   2.9145729e-01
   2.0270400e-02   3.0150754e-01
   2.0608000e-02   3.0653266e-01
   2.0945600e-02   3.1658291e-01
   2.1284000e-02   3.3668342e-01
   2.2297600e-02   3.4170854e-01
   2.3311200e-02   3.5175879e-01
   2.3648800e-02   3.5678392e-01
   2.4324000e-02   3.6180905e-01
   2.5000000e-02   3.7185930e-01
   2.5676000e-02   3.8190955e-01
   2.6351200e-02   3.9195980e-01
   2.7364800e-02   3.9698492e-01
   2.7702400e-02   4.0703518e-01
   3.0067200e-02   4.1206030e-01
   3.0405600e-02   4.2211055e-01
   3.1080800e-02   4.2713568e-01
   3.1419200e-02   4.3216080e-01
   3.1756800e-02   4.4221106e-01
   3.2094400e-02   4.4723618e-01
   3.2432800e-02   4.5226131e-01
   3.2770400e-02   4.6231156e-01
   3.3108000e-02   4.7738693e-01
   3.3784000e-02   4.8743719e-01
   3.4121600e-02   4.9246231e-01
   3.4459200e-02   4.9748744e-01
   3.5135200e-02   5.0251256e-01
   3.5810400e-02   5.0753769e-01
   3.6148800e-02   5.1256281e-01
   3.7162400e-02   5.1758794e-01
   3.7500000e-02   5.2261307e-01
   3.8176000e-02   5.3768844e-01
   3.8513600e-02   5.4271357e-01
   3.9527200e-02   5.5276382e-01
   3.9864800e-02   5.5778894e-01
   4.2567200e-02   5.6281407e-01
   4.2905600e-02   5.7286432e-01
   4.3919200e-02   5.7788945e-01
   4.4256800e-02   5.8291457e-01
   4.4594400e-02   5.8793970e-01
   4.6284000e-02   5.9296482e-01
   4.6959200e-02   5.9798995e-01
   4.8310400e-02   6.0301508e-01
   4.8648800e-02   6.0804020e-01
   4.9662400e-02   6.1306533e-01
   5.0337600e-02   6.1809045e-01
   5.0676000e-02   6.2311558e-01
   5.1013600e-02   6.2814070e-01
   5.2364800e-02   6.3316583e-01
   5.3378400e-02   6.3819095e-01
   5.3716000e-02   6.4321608e-01
   5.4729600e-02   6.4824121e-01
   5.5068000e-02   6.5326633e-01
   5.5405600e-02   6.5829146e-01
   5.5743200e-02   6.6331658e-01
   5.6080800e-02   6.7336683e-01
   5.6419200e-02   6.7839196e-01
   5.6756800e-02   6.9346734e-01
   6.0810400e-02   6.9849246e-01
   6.1148800e-02   7.0854271e-01
   6.2162400e-02   7.1356784e-01
   6.3176000e-02   7.1859296e-01
   6.4527200e-02   7.2864322e-01
   6.5878400e-02   7.3366834e-01
   6.6216000e-02   7.3869347e-01
   6.6892000e-02   7.4371859e-01
   6.7568000e-02   7.4874372e-01
   6.8580800e-02   7.5376884e-01
   6.9256800e-02   7.5879397e-01
   7.0945600e-02   7.6381910e-01
   7.1959200e-02   7.6884422e-01
   7.2297600e-02   7.7386935e-01
   7.2635200e-02   7.7889447e-01
   7.3648800e-02   7.8391960e-01
   7.3986400e-02   7.8894472e-01
   7.5000000e-02   7.9396985e-01
   7.5337600e-02   7.9899497e-01
   7.6013600e-02   8.0402010e-01
   7.6689600e-02   8.0904523e-01
   7.7027200e-02   8.1407035e-01
   7.8378400e-02   8.1909548e-01
   8.2432800e-02   8.2412060e-01
   8.2770400e-02   8.2914573e-01
   8.3108000e-02   8.3417085e-01
   8.3784000e-02   8.3919598e-01
   8.7162400e-02   8.4924623e-01
   9.0202400e-02   8.5427136e-01
   9.0878400e-02   8.5929648e-01
   9.1554400e-02   8.6432161e-01
   9.4932800e-02   8.6934673e-01
   9.5270400e-02   8.7437186e-01
   9.5945600e-02   8.8442211e-01
   9.6959200e-02   8.8944724e-01
   9.7635200e-02   8.9949749e-01
   1.0101360e-01   9.0954774e-01
   1.0405440e-01   9.1457286e-01
   1.0844560e-01   9.1959799e-01
   1.1148640e-01   9.2462312e-01
   1.1283760e-01   9.3467337e-01
   1.1587840e-01   9.3969849e-01
   1.1621600e-01   9.4472362e-01
   1.2263520e-01   9.4974874e-01
   1.2567600e-01   9.5477387e-01
   1.4155440e-01   9.5979899e-01
   1.4662160e-01   9.6984925e-01
   1.5000000e-01   9.7487437e-01
   1.5033760e-01   9.7989950e-01
   1.5574320e-01   9.8492462e-01
   1.6587840e-01   9.8994975e-01
   1.7770240e-01   9.9497487e-01
   1.8513520e-01   1.0000000e+00
