   3.7192000e-03   0.0000000e+00
   3.7192000e-03   1.1811024e-02
   4.1320000e-03   2.7559055e-02
   4.5456000e-03   3.9370079e-02
   4.9584000e-03   8.6614173e-02
   5.3720000e-03   1.0629921e-01
   5.7848000e-03   1.4960630e-01
   6.1984000e-03   1.9685039e-01
   6.6112000e-03   2.1653543e-01
   7.0248000e-03   2.6771654e-01
   7.4384000e-03   2.7165354e-01
   7.8512000e-03   3.1102362e-01
   8.2648000e-03   3.3070866e-01
   8.6776000e-03   3.5039370e-01
   9.0912000e-03   3.6614173e-01
   9.5040000e-03   3.8188976e-01
   9.9176000e-03   4.0157480e-01
   1.0330400e-02   4.2913386e-01
   1.0744000e-02   4.6456693e-01
   1.1156800e-02   4.7244094e-01
   1.1570400e-02   4.7637795e-01
   1.1983200e-02   5.0393701e-01
   1.2396800e-02   5.1968504e-01
   1.2809600e-02   5.4330709e-01
   1.3223200e-02   5.5118110e-01
   1.3636800e-02   5.5905512e-01
   1.4049600e-02   5.7480315e-01
   1.4876000e-02   5.9055118e-01
   1.5289600e-02   5.9842520e-01
   1.5702400e-02   6.0629921e-01
   1.6116000e-02   6.1811024e-01
   1.6942400e-02   6.2992126e-01
   1.7355200e-02   6.3385827e-01
   1.7768800e-02   6.4173228e-01
   1.8181600e-02   6.4960630e-01
   1.8595200e-02   6.5748031e-01
   1.9421600e-02   6.6535433e-01
   1.9834400e-02   6.7322835e-01
   2.0660800e-02   6.7716535e-01
   2.1074400e-02   6.8110236e-01
   2.1488000e-02   6.8897638e-01
   2.1900800e-02   7.0472441e-01
   2.2314400e-02   7.0866142e-01
   2.2727200e-02   7.2047244e-01
   2.3553600e-02   7.3228346e-01
   2.3967200e-02   7.4803150e-01
   2.4380000e-02   7.5196850e-01
   2.4793600e-02   7.5590551e-01
   2.6446400e-02   7.6771654e-01
   2.6859200e-02   7.7165354e-01
   2.8925600e-02   7.7559055e-01
   2.9752000e-02   7.8346457e-01
   3.0165600e-02   7.9133858e-01
   3.0578400e-02   7.9921260e-01
   3.1404800e-02   8.0314961e-01
   3.2644800e-02   8.0708661e-01
   3.3057600e-02   8.1102362e-01
   3.3471200e-02   8.2283465e-01
   3.5950400e-02   8.2677165e-01
   3.7603200e-02   8.3070866e-01
   3.8843200e-02   8.3858268e-01
   4.0908800e-02   8.4251969e-01
   4.1322400e-02   8.4645669e-01
   4.2148800e-02   8.5433071e-01
   4.2561600e-02   8.5826772e-01
   4.2975200e-02   8.6614173e-01
   4.3801600e-02   8.7007874e-01
   4.5041600e-02   8.7401575e-01
   4.5454400e-02   8.7795276e-01
   4.7520800e-02   8.8188976e-01
   4.7933600e-02   8.8582677e-01
   4.9173600e-02   8.8976378e-01
   5.0826400e-02   8.9370079e-01
   5.1240000e-02   8.9763780e-01
   5.2066400e-02   9.0157480e-01
   5.2892800e-02   9.0551181e-01
   5.3719200e-02   9.0944882e-01
   5.4132000e-02   9.1338583e-01
   5.7024800e-02   9.1732283e-01
   5.9504000e-02   9.2125984e-01
   6.0330400e-02   9.2519685e-01
   6.1156800e-02   9.2913386e-01
   6.2809600e-02   9.3307087e-01
   6.3223200e-02   9.3700787e-01
   6.4049600e-02   9.4094488e-01
   6.9421600e-02   9.4488189e-01
   7.1487200e-02   9.4881890e-01
   7.6032800e-02   9.5275591e-01
   9.2148800e-02   9.5669291e-01
   1.2314080e-01   9.6062992e-01
   1.3801680e-01   9.6456693e-01
   1.4008240e-01   9.6850394e-01
   1.4297520e-01   9.7244094e-01
   1.6280960e-01   9.7637795e-01
   1.6363600e-01   9.8031496e-01
   1.7148800e-01   9.8425197e-01
   1.8719040e-01   9.8818898e-01
   1.9338880e-01   9.9212598e-01
   2.3677680e-01   9.9606299e-01
   2.4834720e-01   1.0000000e+00
