   5.1528000e-03   0.0000000e+00
   5.1528000e-03   4.0485830e-03
   6.4416000e-03   8.0971660e-03
   7.0856000e-03   2.0242915e-02
   7.7296000e-03   4.8582996e-02
   8.3736000e-03   7.6923077e-02
   9.0176000e-03   9.7165992e-02
   9.6616000e-03   1.2955466e-01
   1.0305600e-02   1.6194332e-01
   1.0950400e-02   1.8218623e-01
   1.1594400e-02   2.0242915e-01
   1.2238400e-02   2.4696356e-01
   1.2882400e-02   2.5506073e-01
   1.3526400e-02   2.7530364e-01
   1.4170400e-02   2.9554656e-01
   1.4815200e-02   3.2388664e-01
   1.5459200e-02   3.3603239e-01
   1.6103200e-02   3.6842105e-01
   1.6747200e-02   3.7246964e-01
   1.7391200e-02   3.8461538e-01
   1.8035200e-02   4.0485830e-01
   1.8679200e-02   4.2914980e-01
   1.9324000e-02   4.4129555e-01
   1.9968000e-02   4.5748988e-01
   2.0612000e-02   4.6963563e-01
   2.1256000e-02   5.0202429e-01
   2.1900000e-02   5.1012146e-01
   2.2544000e-02   5.2631579e-01
   2.3188800e-02   5.3441296e-01
   2.3832800e-02   5.4655870e-01
   2.4476800e-02   5.6680162e-01
   2.5120800e-02   5.8299595e-01
   2.5764800e-02   5.8704453e-01
   2.6408800e-02   5.9514170e-01
   2.7052800e-02   6.0728745e-01
   2.7697600e-02   6.3157895e-01
   2.8341600e-02   6.4372470e-01
   2.8985600e-02   6.5182186e-01
   2.9629600e-02   6.5587045e-01
   3.0273600e-02   6.7206478e-01
   3.0917600e-02   6.8421053e-01
   3.1562400e-02   7.0040486e-01
   3.2206400e-02   7.0445344e-01
   3.2850400e-02   7.0850202e-01
   3.3494400e-02   7.1255061e-01
   3.4138400e-02   7.1659919e-01
   3.4782400e-02   7.2469636e-01
   3.5426400e-02   7.2874494e-01
   3.6071200e-02   7.3684211e-01
   3.7359200e-02   7.4493927e-01
   3.8003200e-02   7.4898785e-01
   3.8647200e-02   7.5708502e-01
   3.9935200e-02   7.6113360e-01
   4.1224000e-02   7.6518219e-01
   4.1868000e-02   7.6923077e-01
   4.3156000e-02   7.7327935e-01
   4.4444800e-02   7.8137652e-01
   4.6376800e-02   7.8542510e-01
   4.7020800e-02   7.8947368e-01
   4.7664800e-02   7.9352227e-01
   4.8309600e-02   7.9757085e-01
   4.9597600e-02   8.0161943e-01
   5.0241600e-02   8.0566802e-01
   5.0885600e-02   8.2186235e-01
   5.1529600e-02   8.2995951e-01
   5.2173600e-02   8.3805668e-01
   5.2817600e-02   8.4210526e-01
   5.3462400e-02   8.4615385e-01
   5.4750400e-02   8.5020243e-01
   5.5394400e-02   8.5829960e-01
   5.6682400e-02   8.6639676e-01
   5.7327200e-02   8.7044534e-01
   5.8615200e-02   8.7449393e-01
   5.9259200e-02   8.7854251e-01
   6.1836000e-02   8.8663968e-01
   6.3768000e-02   8.9068826e-01
   6.5056000e-02   8.9473684e-01
   6.6344800e-02   9.0688259e-01
   6.8920800e-02   9.1093117e-01
   7.1497600e-02   9.1497976e-01
   7.4074400e-02   9.1902834e-01
   7.6006400e-02   9.2307692e-01
   7.6650400e-02   9.2712551e-01
   7.7938400e-02   9.3117409e-01
   7.8583200e-02   9.3522267e-01
   7.9227200e-02   9.3927126e-01
   8.3736000e-02   9.4331984e-01
   8.6956800e-02   9.5141700e-01
   9.0176800e-02   9.5546559e-01
   9.2753600e-02   9.5951417e-01
   9.5330400e-02   9.6356275e-01
   9.8550400e-02   9.6761134e-01
   1.2045120e-01   9.7165992e-01
   1.2496000e-01   9.7570850e-01
   1.4814800e-01   9.7975709e-01
   1.7391280e-01   9.8380567e-01
   1.7455680e-01   9.8785425e-01
   1.9903360e-01   9.9190283e-01
   2.0805120e-01   9.9595142e-01
   2.2608720e-01   1.0000000e+00
