   7.5522851e-03   0.0000000e+00
   7.5522851e-03   4.5454545e-03
   8.5834812e-03   9.0909091e-03
   9.3226046e-03   1.3636364e-02
   9.5715800e-03   2.2727273e-02
   9.9202582e-03   3.6363636e-02
   1.0728059e-02   4.0909091e-02
   1.0767561e-02   4.5454545e-02
   1.1013571e-02   5.0000000e-02
   1.1238617e-02   5.4545455e-02
   1.1365508e-02   5.9090909e-02
   1.1471994e-02   6.3636364e-02
   1.1780354e-02   6.8181818e-02
   1.2069167e-02   7.2727273e-02
   1.2203353e-02   7.7272727e-02
   1.2436547e-02   8.1818182e-02
   1.2562010e-02   9.5454545e-02
   1.3008461e-02   1.0454545e-01
   1.3302584e-02   1.0909091e-01
   1.3348825e-02   1.1363636e-01
   1.3549597e-02   1.1818182e-01
   1.3627548e-02   1.2272727e-01
   1.3680688e-02   1.2727273e-01
   1.3729494e-02   1.3181818e-01
   1.3752302e-02   1.3636364e-01
   1.3908586e-02   1.4090909e-01
   1.4106494e-02   1.4545455e-01
   1.4143238e-02   1.5000000e-01
   1.4333906e-02   1.5454545e-01
   1.4357066e-02   1.5909091e-01
   1.4361498e-02   1.6363636e-01
   1.4517610e-02   1.6818182e-01
   1.4524664e-02   1.7272727e-01
   1.4671715e-02   1.7727273e-01
   1.4819918e-02   1.8181818e-01
   1.4917133e-02   1.8636364e-01
   1.4957016e-02   1.9090909e-01
   1.5104144e-02   1.9545455e-01
   1.5385773e-02   2.0000000e-01
   1.5416626e-02   2.0454545e-01
   1.5501167e-02   2.0909091e-01
   1.5977321e-02   2.1363636e-01
   1.6252977e-02   2.2272727e-01
   1.6304785e-02   2.2727273e-01
   1.6462686e-02   2.3181818e-01
   1.6555108e-02   2.3636364e-01
   1.6571744e-02   2.4090909e-01
   1.6646486e-02   2.4545455e-01
   1.6867435e-02   2.5000000e-01
   1.6954070e-02   2.5454545e-01
   1.7267016e-02   2.5909091e-01
   1.7348104e-02   2.6363636e-01
   1.7481972e-02   2.7272727e-01
   1.7604253e-02   2.7727273e-01
   1.7738743e-02   2.8181818e-01
   1.7805712e-02   2.8636364e-01
   1.8402923e-02   2.9090909e-01
   1.8829169e-02   2.9545455e-01
   1.8900447e-02   3.0000000e-01
   1.8920113e-02   3.0454545e-01
   1.9025188e-02   3.0909091e-01
   1.9142032e-02   3.1363636e-01
   1.9166987e-02   3.1818182e-01
   1.9594455e-02   3.2272727e-01
   1.9658260e-02   3.2727273e-01
   1.9840014e-02   3.3181818e-01
   2.0032116e-02   3.3636364e-01
   2.0091965e-02   3.4090909e-01
   2.0243386e-02   3.5000000e-01
   2.0402209e-02   3.5454545e-01
   2.0438315e-02   3.5909091e-01
   2.0793235e-02   3.6363636e-01
   2.0988777e-02   3.6818182e-01
   2.0999343e-02   3.7272727e-01
   2.1390986e-02   3.7727273e-01
   2.1535035e-02   3.8181818e-01
   2.1580280e-02   3.8636364e-01
   2.1790713e-02   3.9090909e-01
   2.1881919e-02   3.9545455e-01
   2.1967744e-02   4.0000000e-01
   2.2176758e-02   4.0454545e-01
   2.2315746e-02   4.0909091e-01
   2.2882163e-02   4.1363636e-01
   2.3177914e-02   4.1818182e-01
   2.3401320e-02   4.2272727e-01
   2.3620022e-02   4.2727273e-01
   2.3655682e-02   4.3181818e-01
   2.3789656e-02   4.3636364e-01
   2.3811484e-02   4.4090909e-01
   2.3965709e-02   4.4545455e-01
   2.4240982e-02   4.5000000e-01
   2.4832700e-02   4.5454545e-01
   2.4862512e-02   4.5909091e-01
   2.5185209e-02   4.6363636e-01
   2.5470622e-02   4.6818182e-01
   2.5562297e-02   4.7272727e-01
   2.6034103e-02   4.7727273e-01
   2.6102981e-02   4.8181818e-01
   2.6173100e-02   4.8636364e-01
   2.6461760e-02   4.9090909e-01
   2.6720365e-02   4.9545455e-01
   2.7249922e-02   5.0000000e-01
   2.7302120e-02   5.0454545e-01
   2.7494060e-02   5.0909091e-01
   2.7628501e-02   5.1363636e-01
   2.7656265e-02   5.1818182e-01
   2.8083796e-02   5.2272727e-01
   2.8412392e-02   5.2727273e-01
   2.8679864e-02   5.3181818e-01
   2.8809600e-02   5.3636364e-01
   2.9059395e-02   5.4090909e-01
   2.9226927e-02   5.4545455e-01
   3.0090792e-02   5.5000000e-01
   3.0165231e-02   5.5454545e-01
   3.0286270e-02   5.5909091e-01
   3.0319206e-02   5.6363636e-01
   3.0400369e-02   5.6818182e-01
   3.0508061e-02   5.7272727e-01
   3.0508418e-02   5.7727273e-01
   3.0832178e-02   5.8181818e-01
   3.0854363e-02   5.8636364e-01
   3.0956257e-02   5.9090909e-01
   3.1384948e-02   5.9545455e-01
   3.1559018e-02   6.0000000e-01
   3.2388681e-02   6.0454545e-01
   3.2580108e-02   6.0909091e-01
   3.2755083e-02   6.1363636e-01
   3.2900544e-02   6.1818182e-01
   3.3155532e-02   6.2272727e-01
   3.3338250e-02   6.2727273e-01
   3.3348455e-02   6.3181818e-01
   3.4009257e-02   6.3636364e-01
   3.4097653e-02   6.4090909e-01
   3.4140508e-02   6.4545455e-01
   3.4229406e-02   6.5000000e-01
   3.4238408e-02   6.5454545e-01
   3.4678176e-02   6.5909091e-01
   3.5495689e-02   6.6363636e-01
   3.5663261e-02   6.6818182e-01
   3.6175735e-02   6.7272727e-01
   3.6284137e-02   6.7727273e-01
   3.6367353e-02   6.8181818e-01
   3.8396863e-02   6.8636364e-01
   3.9096366e-02   6.9090909e-01
   3.9318000e-02   6.9545455e-01
   4.0606323e-02   7.0000000e-01
   4.0633254e-02   7.0454545e-01
   4.0795887e-02   7.0909091e-01
   4.1230299e-02   7.1363636e-01
   4.1243397e-02   7.1818182e-01
   4.1376061e-02   7.2272727e-01
   4.1688299e-02   7.2727273e-01
   4.2916244e-02   7.3181818e-01
   4.3268674e-02   7.3636364e-01
   4.4210496e-02   7.4090909e-01
   4.4342361e-02   7.4545455e-01
   4.4464736e-02   7.5000000e-01
   4.5776390e-02   7.5454545e-01
   4.5957380e-02   7.5909091e-01
   4.6156089e-02   7.6363636e-01
   4.6881374e-02   7.6818182e-01
   4.7046820e-02   7.7272727e-01
   4.7881005e-02   7.7727273e-01
   4.7900267e-02   7.8181818e-01
   4.8109409e-02   7.8636364e-01
   4.8217037e-02   7.9090909e-01
   4.8241886e-02   7.9545455e-01
   4.8260072e-02   8.0000000e-01
   4.8314757e-02   8.0454545e-01
   4.8504200e-02   8.0909091e-01
   4.8686562e-02   8.1363636e-01
   4.9717196e-02   8.1818182e-01
   5.0613546e-02   8.2272727e-01
   5.0939951e-02   8.2727273e-01
   5.1876036e-02   8.3181818e-01
   5.3229252e-02   8.3636364e-01
   5.3656010e-02   8.4090909e-01
   5.6106096e-02   8.4545455e-01
   5.6359747e-02   8.5000000e-01
   5.6653599e-02   8.5454545e-01
   5.9415272e-02   8.5909091e-01
   5.9707112e-02   8.6363636e-01
   5.9819706e-02   8.6818182e-01
   5.9913755e-02   8.7272727e-01
   6.1492164e-02   8.7727273e-01
   6.1789538e-02   8.8181818e-01
   6.2952397e-02   8.8636364e-01
   6.4023878e-02   8.9090909e-01
   6.4752931e-02   8.9545455e-01
   6.5796697e-02   9.0000000e-01
   6.7527521e-02   9.0454545e-01
   6.8954604e-02   9.0909091e-01
   7.1079569e-02   9.1363636e-01
   7.3597455e-02   9.1818182e-01
   7.5466247e-02   9.2272727e-01
   7.6242270e-02   9.2727273e-01
   7.8165727e-02   9.3181818e-01
   8.4161895e-02   9.3636364e-01
   8.8467894e-02   9.4090909e-01
   9.1293173e-02   9.4545455e-01
   9.2090182e-02   9.5000000e-01
   9.4033601e-02   9.5454545e-01
   9.4856861e-02   9.5909091e-01
   9.8293241e-02   9.6363636e-01
   1.0081669e-01   9.6818182e-01
   1.1886947e-01   9.7272727e-01
   1.3178466e-01   9.7727273e-01
   1.3828084e-01   9.8181818e-01
   1.6010010e-01   9.8636364e-01
   1.9229209e-01   9.9090909e-01
   2.4951945e-01   9.9545455e-01
   3.8024764e-01   1.0000000e+00
