   5.8873384e-03   0.0000000e+00
   5.8873384e-03   1.6000000e-03
   6.0685167e-03   3.2000000e-03
   6.4819081e-03   4.8000000e-03
   6.9191243e-03   6.4000000e-03
   7.0215227e-03   9.6000000e-03
   7.1056908e-03   1.2800000e-02
   7.1661292e-03   1.4400000e-02
   7.3402539e-03   1.6000000e-02
   7.3568018e-03   1.9200000e-02
   7.4290896e-03   2.0800000e-02
   7.4972678e-03   2.2400000e-02
   7.6615977e-03   2.7200000e-02
   7.8051708e-03   2.8800000e-02
   7.8444573e-03   3.0400000e-02
   7.9549046e-03   3.3600000e-02
   8.0704318e-03   3.5200000e-02
   8.1925864e-03   3.6800000e-02
   8.2205744e-03   3.8400000e-02
   8.3020485e-03   4.1600000e-02
   8.3032528e-03   4.4800000e-02
   8.3492164e-03   4.6400000e-02
   8.3545927e-03   4.8000000e-02
   8.3628676e-03   4.9600000e-02
   8.3941635e-03   5.1200000e-02
   8.4456882e-03   5.4400000e-02
   8.6153365e-03   5.9200000e-02
   8.6212852e-03   6.0800000e-02
   8.6382852e-03   6.4000000e-02
   8.6402157e-03   6.8800000e-02
   8.7124736e-03   7.0400000e-02
   8.7780331e-03   7.2000000e-02
   8.8310077e-03   7.6800000e-02
   8.9386793e-03   8.1600000e-02
   8.9416633e-03   8.6400000e-02
   8.9812195e-03   8.8000000e-02
   8.9917245e-03   9.1200000e-02
   8.9939886e-03   9.4400000e-02
   9.0691925e-03   9.6000000e-02
   9.0864868e-03   9.7600000e-02
   9.2536105e-03   1.0080000e-01
   9.2705081e-03   1.0240000e-01
   9.2817629e-03   1.0720000e-01
   9.3311845e-03   1.0880000e-01
   9.3545794e-03   1.1040000e-01
   9.4057114e-03   1.1200000e-01
   9.4346339e-03   1.1520000e-01
   9.4699817e-03   1.1840000e-01
   9.5745308e-03   1.2320000e-01
   9.5807923e-03   1.2480000e-01
   9.5826451e-03   1.2640000e-01
   9.6099439e-03   1.2960000e-01
   9.6336997e-03   1.3760000e-01
   9.6867470e-03   1.4080000e-01
   9.7275108e-03   1.4240000e-01
   9.7671122e-03   1.4400000e-01
   9.8057671e-03   1.4560000e-01
   9.8618523e-03   1.5040000e-01
   9.8928975e-03   1.5200000e-01
   9.9035519e-03   1.5360000e-01
   9.9239173e-03   1.5520000e-01
   9.9555555e-03   1.5840000e-01
   9.9962234e-03   1.6320000e-01
   1.0109404e-02   1.6480000e-01
   1.0211666e-02   1.6960000e-01
   1.0223819e-02   1.7120000e-01
   1.0239258e-02   1.7280000e-01
   1.0260467e-02   1.7760000e-01
   1.0276208e-02   1.8240000e-01
   1.0307950e-02   1.8400000e-01
   1.0325566e-02   1.8560000e-01
   1.0352400e-02   1.8720000e-01
   1.0368223e-02   1.8880000e-01
   1.0415418e-02   1.9040000e-01
   1.0532577e-02   1.9200000e-01
   1.0537561e-02   1.9680000e-01
   1.0566115e-02   2.0000000e-01
   1.0582209e-02   2.0160000e-01
   1.0638422e-02   2.0320000e-01
   1.0665878e-02   2.0800000e-01
   1.0666326e-02   2.1120000e-01
   1.0742267e-02   2.1440000e-01
   1.0748074e-02   2.1600000e-01
   1.0786771e-02   2.1760000e-01
   1.0848835e-02   2.2400000e-01
   1.0865150e-02   2.2560000e-01
   1.0869479e-02   2.2720000e-01
   1.0871106e-02   2.3040000e-01
   1.0895615e-02   2.3200000e-01
   1.0931161e-02   2.3680000e-01
   1.0943390e-02   2.3840000e-01
   1.1028801e-02   2.4000000e-01
   1.1078047e-02   2.4160000e-01
   1.1106137e-02   2.4320000e-01
   1.1136177e-02   2.4480000e-01
   1.1171998e-02   2.5280000e-01
   1.1208348e-02   2.5440000e-01
   1.1211069e-02   2.5920000e-01
   1.1280044e-02   2.6080000e-01
   1.1388170e-02   2.6400000e-01
   1.1487136e-02   2.6720000e-01
   1.1504134e-02   2.6880000e-01
   1.1506047e-02   2.7200000e-01
   1.1531134e-02   2.7520000e-01
   1.1556883e-02   2.7840000e-01
   1.1650440e-02   2.8320000e-01
   1.1708070e-02   2.8480000e-01
   1.1722994e-02   2.8640000e-01
   1.1812276e-02   2.9120000e-01
   1.1841393e-02   2.9280000e-01
   1.1849480e-02   2.9600000e-01
   1.1922309e-02   2.9920000e-01
   1.2008056e-02   3.0080000e-01
   1.2125881e-02   3.0240000e-01
   1.2138159e-02   3.0400000e-01
   1.2142323e-02   3.0560000e-01
   1.2147054e-02   3.0720000e-01
   1.2167781e-02   3.0880000e-01
   1.2183706e-02   3.1040000e-01
   1.2202602e-02   3.1360000e-01
   1.2413590e-02   3.1520000e-01
   1.2446304e-02   3.1680000e-01
   1.2491768e-02   3.1840000e-01
   1.2531889e-02   3.2000000e-01
   1.2564080e-02   3.2160000e-01
   1.2669093e-02   3.2480000e-01
   1.2764463e-02   3.2800000e-01
   1.2772415e-02   3.2960000e-01
   1.2812672e-02   3.3120000e-01
   1.2884881e-02   3.3280000e-01
   1.2933212e-02   3.3440000e-01
   1.2971369e-02   3.3600000e-01
   1.2988510e-02   3.3920000e-01
   1.3029905e-02   3.4080000e-01
   1.3104966e-02   3.4400000e-01
   1.3206390e-02   3.4720000e-01
   1.3403320e-02   3.5040000e-01
   1.3407505e-02   3.5200000e-01
   1.3442747e-02   3.5360000e-01
   1.3442918e-02   3.5680000e-01
   1.3733229e-02   3.5840000e-01
   1.3785874e-02   3.6000000e-01
   1.3794052e-02   3.6160000e-01
   1.3837584e-02   3.6320000e-01
   1.3862211e-02   3.6640000e-01
   1.3955295e-02   3.6800000e-01
   1.4043045e-02   3.7120000e-01
   1.4071725e-02   3.7280000e-01
   1.4073783e-02   3.7600000e-01
   1.4079395e-02   3.7760000e-01
   1.4216800e-02   3.7920000e-01
   1.4220803e-02   3.8080000e-01
   1.4374248e-02   3.8560000e-01
   1.4413796e-02   3.8720000e-01
   1.4418204e-02   3.9040000e-01
   1.4473733e-02   3.9200000e-01
   1.4484709e-02   3.9360000e-01
   1.4583138e-02   3.9520000e-01
   1.4643576e-02   3.9680000e-01
   1.4667322e-02   3.9840000e-01
   1.4668805e-02   4.0000000e-01
   1.4709000e-02   4.0160000e-01
   1.4872673e-02   4.0320000e-01
   1.4971200e-02   4.0480000e-01
   1.4997639e-02   4.0640000e-01
   1.5015393e-02   4.0800000e-01
   1.5041898e-02   4.0960000e-01
   1.5053273e-02   4.1120000e-01
   1.5083199e-02   4.1280000e-01
   1.5128218e-02   4.1440000e-01
   1.5244046e-02   4.1600000e-01
   1.5466964e-02   4.1760000e-01
   1.5499498e-02   4.2080000e-01
   1.5734070e-02   4.2240000e-01
   1.5748364e-02   4.2400000e-01
   1.5818212e-02   4.2560000e-01
   1.5954836e-02   4.2720000e-01
   1.5962985e-02   4.2880000e-01
   1.5996389e-02   4.3200000e-01
   1.6095094e-02   4.3360000e-01
   1.6178718e-02   4.3680000e-01
   1.6296875e-02   4.3840000e-01
   1.6344729e-02   4.4000000e-01
   1.6386287e-02   4.4160000e-01
   1.6417043e-02   4.4480000e-01
   1.6510475e-02   4.4800000e-01
   1.6618422e-02   4.4960000e-01
   1.6638399e-02   4.5280000e-01
   1.6699029e-02   4.5440000e-01
   1.6780149e-02   4.5600000e-01
   1.6783504e-02   4.5760000e-01
   1.6821351e-02   4.5920000e-01
   1.6986575e-02   4.6080000e-01
   1.7059434e-02   4.6240000e-01
   1.7061605e-02   4.6400000e-01
   1.7158485e-02   4.6720000e-01
   1.7243646e-02   4.6880000e-01
   1.7274347e-02   4.7040000e-01
   1.7335231e-02   4.7200000e-01
   1.7341005e-02   4.7360000e-01
   1.7554099e-02   4.7520000e-01
   1.7579840e-02   4.7680000e-01
   1.7617644e-02   4.8000000e-01
   1.7628975e-02   4.8160000e-01
   1.7701311e-02   4.8320000e-01
   1.7876844e-02   4.8480000e-01
   1.7914204e-02   4.8800000e-01
   1.7922541e-02   4.8960000e-01
   1.7962439e-02   4.9120000e-01
   1.8039188e-02   4.9280000e-01
   1.8172974e-02   4.9440000e-01
   1.8193462e-02   4.9600000e-01
   1.8215556e-02   4.9920000e-01
   1.8310746e-02   5.0080000e-01
   1.8343111e-02   5.0240000e-01
   1.8600676e-02   5.0400000e-01
   1.8625424e-02   5.0560000e-01
   1.8778376e-02   5.0720000e-01
   1.8826541e-02   5.0880000e-01
   1.8833583e-02   5.1040000e-01
   1.8841419e-02   5.1200000e-01
   1.8913209e-02   5.1360000e-01
   1.9028472e-02   5.1680000e-01
   1.9165850e-02   5.1840000e-01
   1.9193967e-02   5.2160000e-01
   1.9350792e-02   5.2480000e-01
   1.9476671e-02   5.2640000e-01
   1.9482971e-02   5.2800000e-01
   1.9503662e-02   5.3120000e-01
   1.9555087e-02   5.3280000e-01
   1.9563418e-02   5.3440000e-01
   1.9627944e-02   5.3600000e-01
   1.9720938e-02   5.3760000e-01
   1.9723044e-02   5.3920000e-01
   1.9765827e-02   5.4080000e-01
   1.9834319e-02   5.4240000e-01
   1.9854989e-02   5.4400000e-01
   1.9871608e-02   5.4560000e-01
   1.9967089e-02   5.4720000e-01
   2.0113730e-02   5.4880000e-01
   2.0120580e-02   5.5040000e-01
   2.0191784e-02   5.5200000e-01
   2.0197513e-02   5.5360000e-01
   2.0269846e-02   5.5680000e-01
   2.0425385e-02   5.5840000e-01
   2.0552416e-02   5.6000000e-01
   2.0701590e-02   5.6160000e-01
   2.0740596e-02   5.6320000e-01
   2.0756263e-02   5.6480000e-01
   2.0774558e-02   5.6640000e-01
   2.0839944e-02   5.6800000e-01
   2.1003403e-02   5.7120000e-01
   2.1113335e-02   5.7280000e-01
   2.1238554e-02   5.7440000e-01
   2.1383901e-02   5.7600000e-01
   2.1394369e-02   5.7760000e-01
   2.1482380e-02   5.8080000e-01
   2.1527178e-02   5.8240000e-01
   2.1704499e-02   5.8400000e-01
   2.2018535e-02   5.8560000e-01
   2.2018581e-02   5.9040000e-01
   2.2020762e-02   5.9200000e-01
   2.2029625e-02   5.9360000e-01
   2.2070405e-02   5.9520000e-01
   2.2139280e-02   5.9680000e-01
   2.2162500e-02   5.9840000e-01
   2.2336448e-02   6.0160000e-01
   2.2373615e-02   6.0320000e-01
   2.2426565e-02   6.0480000e-01
   2.2479343e-02   6.0640000e-01
   2.2657337e-02   6.0800000e-01
   2.2825827e-02   6.0960000e-01
   2.2838989e-02   6.1120000e-01
   2.2929036e-02   6.1280000e-01
   2.3012093e-02   6.1600000e-01
   2.3057820e-02   6.1760000e-01
   2.3062713e-02   6.1920000e-01
   2.3192831e-02   6.2080000e-01
   2.3289545e-02   6.2240000e-01
   2.3294811e-02   6.2400000e-01
   2.3344040e-02   6.2720000e-01
   2.3353709e-02   6.3040000e-01
   2.3618757e-02   6.3200000e-01
   2.3635831e-02   6.3360000e-01
   2.3642064e-02   6.3520000e-01
   2.3652304e-02   6.3680000e-01
   2.3908120e-02   6.3840000e-01
   2.4142220e-02   6.4000000e-01
   2.4188172e-02   6.4160000e-01
   2.4251225e-02   6.4320000e-01
   2.4581111e-02   6.4480000e-01
   2.4871960e-02   6.4640000e-01
   2.4910377e-02   6.4800000e-01
   2.4958879e-02   6.5120000e-01
   2.5133053e-02   6.5280000e-01
   2.5309399e-02   6.5440000e-01
   2.5461979e-02   6.5600000e-01
   2.5466365e-02   6.5760000e-01
   2.5505624e-02   6.5920000e-01
   2.5536264e-02   6.6080000e-01
   2.5545672e-02   6.6240000e-01
   2.5625343e-02   6.6400000e-01
   2.5865619e-02   6.6720000e-01
   2.5880464e-02   6.6880000e-01
   2.6138036e-02   6.7040000e-01
   2.6316266e-02   6.7200000e-01
   2.6619730e-02   6.7360000e-01
   2.6665319e-02   6.7520000e-01
   2.6783164e-02   6.7680000e-01
   2.6826121e-02   6.7840000e-01
   2.6882109e-02   6.8000000e-01
   2.6910478e-02   6.8160000e-01
   2.6999614e-02   6.8480000e-01
   2.7134903e-02   6.8640000e-01
   2.7144667e-02   6.8800000e-01
   2.7149323e-02   6.8960000e-01
   2.7439955e-02   6.9120000e-01
   2.7640733e-02   6.9280000e-01
   2.7725089e-02   6.9440000e-01
   2.7763412e-02   6.9600000e-01
   2.7763426e-02   6.9760000e-01
   2.7770808e-02   6.9920000e-01
   2.7791136e-02   7.0080000e-01
   2.7842073e-02   7.0240000e-01
   2.7846420e-02   7.0400000e-01
   2.8022719e-02   7.0560000e-01
   2.8087984e-02   7.0720000e-01
   2.8304591e-02   7.0880000e-01
   2.8347138e-02   7.1040000e-01
   2.8433396e-02   7.1200000e-01
   2.8444927e-02   7.1360000e-01
   2.8552686e-02   7.1520000e-01
   2.9041028e-02   7.1680000e-01
   2.9085884e-02   7.1840000e-01
   2.9285361e-02   7.2000000e-01
   2.9366028e-02   7.2160000e-01
   2.9389611e-02   7.2320000e-01
   2.9436692e-02   7.2480000e-01
   2.9686008e-02   7.2640000e-01
   2.9687538e-02   7.2800000e-01
   2.9738486e-02   7.2960000e-01
   2.9771752e-02   7.3120000e-01
   3.0117452e-02   7.3280000e-01
   3.0167101e-02   7.3600000e-01
   3.0472870e-02   7.3760000e-01
   3.0510971e-02   7.3920000e-01
   3.0774351e-02   7.4080000e-01
   3.0999503e-02   7.4240000e-01
   3.1040784e-02   7.4400000e-01
   3.1104537e-02   7.4560000e-01
   3.1253880e-02   7.4720000e-01
   3.1311012e-02   7.4880000e-01
   3.1352461e-02   7.5040000e-01
   3.1367806e-02   7.5200000e-01
   3.1404038e-02   7.5360000e-01
   3.1698344e-02   7.5520000e-01
   3.1914654e-02   7.5680000e-01
   3.1953503e-02   7.5840000e-01
   3.1984640e-02   7.6000000e-01
   3.2105709e-02   7.6160000e-01
   3.2472030e-02   7.6480000e-01
   3.2655168e-02   7.6640000e-01
   3.2661326e-02   7.6800000e-01
   3.2793938e-02   7.6960000e-01
   3.2838068e-02   7.7120000e-01
   3.3331302e-02   7.7280000e-01
   3.3404139e-02   7.7440000e-01
   3.3566391e-02   7.7600000e-01
   3.3947726e-02   7.7760000e-01
   3.4040034e-02   7.7920000e-01
   3.4045234e-02   7.8080000e-01
   3.4179207e-02   7.8240000e-01
   3.4462004e-02   7.8400000e-01
   3.4611499e-02   7.8560000e-01
   3.4616093e-02   7.8720000e-01
   3.4804782e-02   7.8880000e-01
   3.5045292e-02   7.9040000e-01
   3.5173858e-02   7.9200000e-01
   3.5230283e-02   7.9360000e-01
   3.5257907e-02   7.9520000e-01
   3.5357785e-02   7.9680000e-01
   3.5445136e-02   7.9840000e-01
   3.5899769e-02   8.0160000e-01
   3.6430872e-02   8.0320000e-01
   3.6608984e-02   8.0640000e-01
   3.6875595e-02   8.0800000e-01
   3.7145224e-02   8.0960000e-01
   3.7250848e-02   8.1120000e-01
   3.7537297e-02   8.1280000e-01
   3.7636178e-02   8.1440000e-01
   3.7690652e-02   8.1600000e-01
   3.7891682e-02   8.1760000e-01
   3.8067287e-02   8.1920000e-01
   3.8291132e-02   8.2080000e-01
   3.8438656e-02   8.2240000e-01
   3.8518077e-02   8.2400000e-01
   3.9007885e-02   8.2560000e-01
   3.9051504e-02   8.2720000e-01
   3.9464218e-02   8.2880000e-01
   3.9549571e-02   8.3040000e-01
   4.0083015e-02   8.3200000e-01
   4.0568809e-02   8.3360000e-01
   4.1037456e-02   8.3680000e-01
   4.1050519e-02   8.3840000e-01
   4.1252466e-02   8.4000000e-01
   4.1411585e-02   8.4160000e-01
   4.1911965e-02   8.4320000e-01
   4.1929806e-02   8.4480000e-01
   4.2192746e-02   8.4640000e-01
   4.2303197e-02   8.4800000e-01
   4.2401151e-02   8.4960000e-01
   4.2458094e-02   8.5120000e-01
   4.2458568e-02   8.5280000e-01
   4.2769029e-02   8.5440000e-01
   4.3183189e-02   8.5600000e-01
   4.3348890e-02   8.5760000e-01
   4.3725555e-02   8.5920000e-01
   4.3818976e-02   8.6080000e-01
   4.3866227e-02   8.6240000e-01
   4.4502515e-02   8.6400000e-01
   4.4992324e-02   8.6560000e-01
   4.5432687e-02   8.6720000e-01
   4.5723401e-02   8.6880000e-01
   4.6057587e-02   8.7040000e-01
   4.6076741e-02   8.7200000e-01
   4.6621171e-02   8.7360000e-01
   4.6940040e-02   8.7520000e-01
   4.7872226e-02   8.7680000e-01
   4.7888428e-02   8.7840000e-01
   4.8336381e-02   8.8000000e-01
   4.8373584e-02   8.8160000e-01
   4.8522093e-02   8.8320000e-01
   4.9023169e-02   8.8480000e-01
   4.9483031e-02   8.8640000e-01
   4.9851040e-02   8.8800000e-01
   5.0522349e-02   8.8960000e-01
   5.0557795e-02   8.9120000e-01
   5.0903958e-02   8.9280000e-01
   5.1594460e-02   8.9440000e-01
   5.1835893e-02   8.9600000e-01
   5.2461969e-02   8.9760000e-01
   5.2479283e-02   8.9920000e-01
   5.2706082e-02   9.0080000e-01
   5.2818151e-02   9.0240000e-01
   5.3166743e-02   9.0400000e-01
   5.4877869e-02   9.0560000e-01
   5.4893731e-02   9.0720000e-01
   5.5046521e-02   9.0880000e-01
   5.5281015e-02   9.1040000e-01
   5.6634347e-02   9.1200000e-01
   5.6693830e-02   9.1360000e-01
   5.8161560e-02   9.1520000e-01
   5.8222050e-02   9.1680000e-01
   5.8751577e-02   9.1840000e-01
   5.8883310e-02   9.2000000e-01
   5.9544056e-02   9.2160000e-01
   5.9672862e-02   9.2320000e-01
   5.9730000e-02   9.2480000e-01
   6.0654186e-02   9.2640000e-01
   6.0689669e-02   9.2800000e-01
   6.1014675e-02   9.2960000e-01
   6.1451886e-02   9.3120000e-01
   6.1728189e-02   9.3280000e-01
   6.4147490e-02   9.3440000e-01
   6.4374918e-02   9.3600000e-01
   6.5733501e-02   9.3760000e-01
   6.8199864e-02   9.3920000e-01
   6.8268633e-02   9.4080000e-01
   6.8311270e-02   9.4240000e-01
   6.8911678e-02   9.4400000e-01
   6.8986132e-02   9.4560000e-01
   6.9428085e-02   9.4720000e-01
   7.2954154e-02   9.4880000e-01
   7.6261877e-02   9.5040000e-01
   7.6429285e-02   9.5200000e-01
   7.8536713e-02   9.5360000e-01
   8.1077628e-02   9.5520000e-01
   8.2655288e-02   9.5680000e-01
   8.3732910e-02   9.5840000e-01
   8.3887700e-02   9.6000000e-01
   8.7140436e-02   9.6160000e-01
   8.7635618e-02   9.6320000e-01
   8.8426025e-02   9.6480000e-01
   8.8880480e-02   9.6640000e-01
   8.9663388e-02   9.6800000e-01
   9.1007490e-02   9.6960000e-01
   9.7777062e-02   9.7120000e-01
   9.9905066e-02   9.7280000e-01
   1.0133842e-01   9.7440000e-01
   1.0333840e-01   9.7600000e-01
   1.0533145e-01   9.7760000e-01
   1.0551788e-01   9.7920000e-01
   1.0905601e-01   9.8080000e-01
   1.1193915e-01   9.8240000e-01
   1.1307879e-01   9.8400000e-01
   1.1604176e-01   9.8560000e-01
   1.1876213e-01   9.8720000e-01
   1.2853581e-01   9.8880000e-01
   1.2860256e-01   9.9040000e-01
   1.3408469e-01   9.9200000e-01
   1.7429731e-01   9.9360000e-01
   2.5308854e-01   9.9520000e-01
   2.5870876e-01   9.9680000e-01
   2.9060600e-01   9.9840000e-01
   3.9760735e-01   1.0000000e+00
