   6.1108232e-03   0.0000000e+00
   6.1108232e-03   3.8461538e-02
   2.1413555e-02   7.6923077e-02
   2.4966919e-02   1.1538462e-01
   2.6141407e-02   1.5384615e-01
   2.7086573e-02   1.9230769e-01
   2.9215936e-02   2.3076923e-01
   3.2893364e-02   2.6923077e-01
   3.4193637e-02   3.0769231e-01
   3.5512478e-02   3.4615385e-01
   3.6154899e-02   3.8461538e-01
   3.8339955e-02   4.2307692e-01
   4.0266743e-02   4.6153846e-01
   4.3540485e-02   5.0000000e-01
   4.5421441e-02   5.3846154e-01
   5.0375141e-02   5.7692308e-01
   5.1858314e-02   6.1538462e-01
   6.2530880e-02   6.5384615e-01
   6.8032279e-02   6.9230769e-01
   7.0666355e-02   7.3076923e-01
   7.5186434e-02   7.6923077e-01
   9.3942535e-02   8.0769231e-01
   9.4570443e-02   8.4615385e-01
   1.0236406e-01   8.8461538e-01
   1.0485326e-01   9.2307692e-01
   1.1121500e-01   9.6153846e-01
   2.2095405e-01   1.0000000e+00
