   2.9320000e-03   0.0000000e+00
   2.9320000e-03   1.8315018e-03
   3.7696000e-03   3.6630037e-03
   4.1888000e-03   1.2820513e-02
   4.6072000e-03   1.6483516e-02
   5.0264000e-03   2.1978022e-02
   5.4448000e-03   4.0293040e-02
   5.8640000e-03   4.9450549e-02
   6.2824000e-03   6.7765568e-02
   6.7016000e-03   8.4249084e-02
   7.1208000e-03   1.0073260e-01
   7.5392000e-03   1.0805861e-01
   7.9584000e-03   1.2087912e-01
   8.3768000e-03   1.5384615e-01
   8.7960000e-03   1.6483516e-01
   9.2144000e-03   1.7765568e-01
   9.6336000e-03   2.1062271e-01
   1.0052000e-02   2.2893773e-01
   1.0471200e-02   2.5091575e-01
   1.0890400e-02   2.5824176e-01
   1.1308800e-02   2.8021978e-01
   1.1728000e-02   3.0036630e-01
   1.2146400e-02   3.2417582e-01
   1.2565600e-02   3.6080586e-01
   1.2984000e-02   3.7728938e-01
   1.3403200e-02   3.9377289e-01
   1.3822400e-02   4.1941392e-01
   1.4240800e-02   4.3956044e-01
   1.4660000e-02   4.5054945e-01
   1.5078400e-02   4.6153846e-01
   1.5497600e-02   4.8168498e-01
   1.5916000e-02   5.0000000e-01
   1.6335200e-02   5.1098901e-01
   1.6753600e-02   5.3113553e-01
   1.7172800e-02   5.4761905e-01
   1.7591200e-02   5.5128205e-01
   1.8010400e-02   5.7142857e-01
   1.8429600e-02   5.8241758e-01
   1.8848000e-02   5.9340659e-01
   1.9267200e-02   6.0622711e-01
   1.9685600e-02   6.1355311e-01
   2.0104800e-02   6.2637363e-01
   2.0524000e-02   6.3186813e-01
   2.0942400e-02   6.4102564e-01
   2.1361600e-02   6.4835165e-01
   2.1780000e-02   6.5567766e-01
   2.2199200e-02   6.7216117e-01
   2.2617600e-02   6.7765568e-01
   2.3036800e-02   6.9413919e-01
   2.3455200e-02   6.9963370e-01
   2.3874400e-02   7.1428571e-01
   2.4293600e-02   7.2710623e-01
   2.4712000e-02   7.3076923e-01
   2.5131200e-02   7.4175824e-01
   2.5549600e-02   7.4358974e-01
   2.5968800e-02   7.5274725e-01
   2.6387200e-02   7.5824176e-01
   2.6806400e-02   7.6373626e-01
   2.7224800e-02   7.6923077e-01
   2.7644000e-02   7.7655678e-01
   2.8062400e-02   7.8021978e-01
   2.8481600e-02   7.8754579e-01
   2.8900800e-02   7.9487179e-01
   2.9319200e-02   7.9670330e-01
   3.0156800e-02   7.9853480e-01
   3.0576000e-02   8.0219780e-01
   3.0995200e-02   8.0586081e-01
   3.1413600e-02   8.1318681e-01
   3.1832800e-02   8.1501832e-01
   3.2670400e-02   8.2051282e-01
   3.3088800e-02   8.2234432e-01
   3.3508000e-02   8.2600733e-01
   3.3926400e-02   8.2783883e-01
   3.4764800e-02   8.3150183e-01
   3.5183200e-02   8.3699634e-01
   3.5602400e-02   8.3882784e-01
   3.6020800e-02   8.4249084e-01
   3.6858400e-02   8.4615385e-01
   3.7277600e-02   8.4798535e-01
   3.8115200e-02   8.4981685e-01
   3.8534400e-02   8.5164835e-01
   3.8952800e-02   8.5531136e-01
   3.9372000e-02   8.5714286e-01
   3.9790400e-02   8.5897436e-01
   4.0209600e-02   8.6263736e-01
   4.0628000e-02   8.6630037e-01
   4.1047200e-02   8.6996337e-01
   4.1465600e-02   8.7179487e-01
   4.1884800e-02   8.7362637e-01
   4.2304000e-02   8.7728938e-01
   4.3141600e-02   8.7912088e-01
   4.3560000e-02   8.8278388e-01
   4.3979200e-02   8.8461538e-01
   4.4397600e-02   8.8644689e-01
   4.4816800e-02   8.8827839e-01
   4.5235200e-02   8.9194139e-01
   4.5654400e-02   8.9377289e-01
   4.6073600e-02   8.9926740e-01
   4.6492000e-02   9.0109890e-01
   4.6911200e-02   9.0476190e-01
   4.7329600e-02   9.0659341e-01
   4.7748800e-02   9.0842491e-01
   4.8586400e-02   9.1391941e-01
   4.9004800e-02   9.1575092e-01
   4.9424000e-02   9.1758242e-01
   5.0680800e-02   9.1941392e-01
   5.1518400e-02   9.2307692e-01
   5.1936800e-02   9.2490842e-01
   5.2356000e-02   9.2673993e-01
   5.3193600e-02   9.3223443e-01
   5.3612800e-02   9.3589744e-01
   5.4031200e-02   9.3772894e-01
   5.6125600e-02   9.3956044e-01
   5.6963200e-02   9.4139194e-01
   5.8638400e-02   9.4505495e-01
   6.1570400e-02   9.4688645e-01
   6.2408000e-02   9.4871795e-01
   6.2827200e-02   9.5054945e-01
   6.3246400e-02   9.5238095e-01
   6.4502400e-02   9.5604396e-01
   6.5340000e-02   9.5787546e-01
   6.5759200e-02   9.5970696e-01
   6.8691200e-02   9.6520147e-01
   6.9109600e-02   9.6703297e-01
   6.9528800e-02   9.6886447e-01
   7.0785600e-02   9.7069597e-01
   7.2879200e-02   9.7435897e-01
   7.4973600e-02   9.7619048e-01
   8.4607200e-02   9.7802198e-01
   9.1308800e-02   9.7985348e-01
   9.5078400e-02   9.8168498e-01
   1.0303680e-01   9.8351648e-01
   1.0387440e-01   9.8534799e-01
   1.0429280e-01   9.8717949e-01
   1.0722480e-01   9.8901099e-01
   1.1099440e-01   9.9084249e-01
   1.2439760e-01   9.9267399e-01
   1.4115200e-01   9.9450549e-01
   1.6083760e-01   9.9633700e-01
   1.6209440e-01   9.9816850e-01
   1.6921440e-01   1.0000000e+00
