   2.6568000e-03   0.0000000e+00
   2.6568000e-03   3.6036036e-03
   3.4152000e-03   7.2072072e-03
   3.7952000e-03   1.4414414e-02
   4.1744000e-03   2.1621622e-02
   4.5544000e-03   2.5225225e-02
   4.9336000e-03   4.8648649e-02
   5.3128000e-03   6.6666667e-02
   5.6928000e-03   9.1891892e-02
   6.0720000e-03   1.2072072e-01
   6.4520000e-03   1.4414414e-01
   6.8312000e-03   1.8918919e-01
   7.2104000e-03   2.1261261e-01
   7.5904000e-03   2.5225225e-01
   7.9696000e-03   2.7387387e-01
   8.3488000e-03   3.0630631e-01
   8.7288000e-03   3.5135135e-01
   9.1080000e-03   3.6936937e-01
   9.4880000e-03   4.0540541e-01
   9.8672000e-03   4.1801802e-01
   1.0246400e-02   4.3603604e-01
   1.0626400e-02   4.7927928e-01
   1.1005600e-02   4.9189189e-01
   1.1384800e-02   5.1891892e-01
   1.1764800e-02   5.4234234e-01
   1.2144000e-02   5.5495495e-01
   1.2524000e-02   5.8738739e-01
   1.2903200e-02   6.0000000e-01
   1.3282400e-02   6.0900901e-01
   1.3662400e-02   6.2342342e-01
   1.4041600e-02   6.3243243e-01
   1.4421600e-02   6.4864865e-01
   1.4800800e-02   6.6306306e-01
   1.5180000e-02   6.6846847e-01
   1.5560000e-02   6.8288288e-01
   1.5939200e-02   6.9189189e-01
   1.6318400e-02   7.0270270e-01
   1.6698400e-02   7.0630631e-01
   1.7077600e-02   7.0990991e-01
   1.7457600e-02   7.1891892e-01
   1.7836800e-02   7.2252252e-01
   1.8216000e-02   7.3153153e-01
   1.8596000e-02   7.4234234e-01
   1.8975200e-02   7.4774775e-01
   1.9354400e-02   7.6036036e-01
   1.9734400e-02   7.6576577e-01
   2.0113600e-02   7.6756757e-01
   2.0493600e-02   7.6936937e-01
   2.0872800e-02   7.7297297e-01
   2.1252000e-02   7.8378378e-01
   2.1632000e-02   7.8558559e-01
   2.2011200e-02   7.8918919e-01
   2.2391200e-02   7.9099099e-01
   2.2770400e-02   7.9639640e-01
   2.3149600e-02   8.0540541e-01
   2.3908800e-02   8.1261261e-01
   2.4668000e-02   8.1441441e-01
   2.5047200e-02   8.2342342e-01
   2.5427200e-02   8.3243243e-01
   2.5806400e-02   8.3423423e-01
   2.6185600e-02   8.4144144e-01
   2.6944800e-02   8.4324324e-01
   2.7324800e-02   8.4504505e-01
   2.8083200e-02   8.4864865e-01
   2.8463200e-02   8.5045045e-01
   2.8842400e-02   8.5765766e-01
   2.9221600e-02   8.5945946e-01
   2.9601600e-02   8.6486486e-01
   3.0360800e-02   8.6666667e-01
   3.0740000e-02   8.6846847e-01
   3.1878400e-02   8.7207207e-01
   3.2258400e-02   8.7747748e-01
   3.2637600e-02   8.8108108e-01
   3.3776000e-02   8.8288288e-01
   3.4156000e-02   8.8468468e-01
   3.4535200e-02   8.8828829e-01
   3.4914400e-02   8.9189189e-01
   3.5294400e-02   8.9549550e-01
   3.5673600e-02   8.9909910e-01
   3.6052800e-02   9.0090090e-01
   3.6812000e-02   9.0630631e-01
   3.7192000e-02   9.0810811e-01
   3.7571200e-02   9.1171171e-01
   3.9468800e-02   9.1711712e-01
   3.9848000e-02   9.2072072e-01
   4.0228000e-02   9.2252252e-01
   4.0607200e-02   9.2432432e-01
   4.1366400e-02   9.2612613e-01
   4.2884000e-02   9.2972973e-01
   4.3264000e-02   9.3153153e-01
   4.3643200e-02   9.3333333e-01
   4.4781600e-02   9.3513514e-01
   4.5161600e-02   9.3873874e-01
   4.5540800e-02   9.4054054e-01
   4.7059200e-02   9.4234234e-01
   4.8197600e-02   9.4414414e-01
   5.0853600e-02   9.4594595e-01
   5.1233600e-02   9.4954955e-01
   5.2372000e-02   9.5135135e-01
   5.3510400e-02   9.5315315e-01
   5.5408000e-02   9.5495495e-01
   5.6167200e-02   9.5855856e-01
   5.6546400e-02   9.6216216e-01
   5.9203200e-02   9.6396396e-01
   6.2998400e-02   9.6576577e-01
   6.4895200e-02   9.6756757e-01
   6.7552000e-02   9.6936937e-01
   6.8690400e-02   9.7117117e-01
   7.0588000e-02   9.7297297e-01
   7.2106400e-02   9.7477477e-01
   7.4383200e-02   9.7657658e-01
   7.5142400e-02   9.7837838e-01
   8.0076000e-02   9.8198198e-01
   8.0455200e-02   9.8378378e-01
   8.1214400e-02   9.8558559e-01
   8.1593600e-02   9.8738739e-01
   8.2732800e-02   9.8918919e-01
   9.0322400e-02   9.9279279e-01
   9.4496800e-02   9.9459459e-01
   1.0132800e-01   9.9639640e-01
   1.1650880e-01   9.9819820e-01
   1.1992400e-01   1.0000000e+00
