   5.4798720e-03   0.0000000e+00
   5.4798720e-03   3.0075188e-03
   5.6890006e-03   4.5112782e-03
   5.9143383e-03   6.0150376e-03
   6.0863509e-03   7.5187970e-03
   6.1159066e-03   9.0225564e-03
   6.7296550e-03   1.0526316e-02
   6.7399558e-03   1.2030075e-02
   6.8365010e-03   1.3533835e-02
   6.9628414e-03   1.6541353e-02
   7.0299638e-03   1.9548872e-02
   7.0899835e-03   2.1052632e-02
   7.2038093e-03   2.2556391e-02
   7.3736552e-03   2.4060150e-02
   7.4606080e-03   2.5563910e-02
   7.5944061e-03   2.7067669e-02
   7.6012106e-03   2.8571429e-02
   7.7928917e-03   3.0075188e-02
   7.8450115e-03   3.1578947e-02
   7.9646226e-03   3.3082707e-02
   7.9814926e-03   3.4586466e-02
   7.9977456e-03   3.7593985e-02
   8.0089244e-03   3.9097744e-02
   8.0177611e-03   4.0601504e-02
   8.0656564e-03   4.2105263e-02
   8.1040940e-03   4.5112782e-02
   8.1832348e-03   4.6616541e-02
   8.2406719e-03   4.8120301e-02
   8.3142191e-03   4.9624060e-02
   8.3143806e-03   5.1127820e-02
   8.3766357e-03   5.5639098e-02
   8.4876856e-03   5.8646617e-02
   8.6304113e-03   6.0150376e-02
   8.6455049e-03   6.6165414e-02
   8.6608182e-03   7.0676692e-02
   8.6862702e-03   7.2180451e-02
   8.8812662e-03   7.6691729e-02
   8.9390165e-03   8.1203008e-02
   8.9565554e-03   8.5714286e-02
   9.0582809e-03   8.7218045e-02
   9.1306394e-03   9.0225564e-02
   9.2274147e-03   9.1729323e-02
   9.2622647e-03   9.6240602e-02
   9.2641085e-03   1.0225564e-01
   9.2835654e-03   1.0526316e-01
   9.3050713e-03   1.0977444e-01
   9.3920351e-03   1.1127820e-01
   9.4779620e-03   1.1278195e-01
   9.5224090e-03   1.1428571e-01
   9.5763896e-03   1.1578947e-01
   9.5974890e-03   1.1729323e-01
   9.5996883e-03   1.1879699e-01
   9.6654247e-03   1.2030075e-01
   9.6884956e-03   1.2180451e-01
   9.6934978e-03   1.2481203e-01
   9.7663020e-03   1.2631579e-01
   9.7733321e-03   1.2932331e-01
   9.8992590e-03   1.3082707e-01
   9.9031160e-03   1.3383459e-01
   9.9224788e-03   1.3533835e-01
   9.9493768e-03   1.3684211e-01
   1.0016539e-02   1.3834586e-01
   1.0036341e-02   1.4135338e-01
   1.0215664e-02   1.4586466e-01
   1.0229515e-02   1.4736842e-01
   1.0242450e-02   1.5037594e-01
   1.0283631e-02   1.5338346e-01
   1.0310082e-02   1.5488722e-01
   1.0329208e-02   1.5639098e-01
   1.0377722e-02   1.5789474e-01
   1.0416691e-02   1.6090226e-01
   1.0531980e-02   1.6390977e-01
   1.0536007e-02   1.6691729e-01
   1.0544946e-02   1.6842105e-01
   1.0560979e-02   1.6992481e-01
   1.0565822e-02   1.7293233e-01
   1.0593181e-02   1.7443609e-01
   1.0635748e-02   1.7593985e-01
   1.0680689e-02   1.7744361e-01
   1.0804832e-02   1.7894737e-01
   1.0855576e-02   1.8045113e-01
   1.0885935e-02   1.8496241e-01
   1.0887696e-02   1.8646617e-01
   1.1059568e-02   1.8947368e-01
   1.1112710e-02   1.9097744e-01
   1.1162781e-02   1.9248120e-01
   1.1173055e-02   1.9398496e-01
   1.1187100e-02   1.9849624e-01
   1.1209320e-02   2.0000000e-01
   1.1237566e-02   2.0150376e-01
   1.1323946e-02   2.0451128e-01
   1.1447088e-02   2.0601504e-01
   1.1497966e-02   2.0751880e-01
   1.1535937e-02   2.0902256e-01
   1.1598269e-02   2.1052632e-01
   1.1702714e-02   2.1353383e-01
   1.1881176e-02   2.1503759e-01
   1.1881392e-02   2.2105263e-01
   1.1941943e-02   2.2255639e-01
   1.1968371e-02   2.2406015e-01
   1.2017041e-02   2.2556391e-01
   1.2089123e-02   2.2706767e-01
   1.2133492e-02   2.2857143e-01
   1.2172145e-02   2.3007519e-01
   1.2231369e-02   2.3157895e-01
   1.2243128e-02   2.3458647e-01
   1.2428077e-02   2.3609023e-01
   1.2449937e-02   2.3759398e-01
   1.2462187e-02   2.3909774e-01
   1.2507696e-02   2.4060150e-01
   1.2612796e-02   2.4210526e-01
   1.2696103e-02   2.4360902e-01
   1.2776458e-02   2.4812030e-01
   1.2796490e-02   2.5263158e-01
   1.2815964e-02   2.5413534e-01
   1.2854561e-02   2.5563910e-01
   1.2944323e-02   2.5864662e-01
   1.2990289e-02   2.6165414e-01
   1.3096926e-02   2.6315789e-01
   1.3123893e-02   2.6466165e-01
   1.3169750e-02   2.6616541e-01
   1.3271419e-02   2.6766917e-01
   1.3418053e-02   2.6917293e-01
   1.3479622e-02   2.7218045e-01
   1.3633703e-02   2.7368421e-01
   1.3697369e-02   2.7518797e-01
   1.3699680e-02   2.7669173e-01
   1.3729100e-02   2.8120301e-01
   1.3731463e-02   2.8270677e-01
   1.3756363e-02   2.8421053e-01
   1.3764977e-02   2.8571429e-01
   1.3828279e-02   2.8721805e-01
   1.3901220e-02   2.8872180e-01
   1.4045456e-02   2.9022556e-01
   1.4059928e-02   2.9172932e-01
   1.4061136e-02   2.9323308e-01
   1.4103280e-02   2.9473684e-01
   1.4277054e-02   2.9624060e-01
   1.4327358e-02   2.9774436e-01
   1.4367926e-02   2.9924812e-01
   1.4399533e-02   3.0075188e-01
   1.4536999e-02   3.0225564e-01
   1.4734319e-02   3.0526316e-01
   1.4747310e-02   3.0676692e-01
   1.4801958e-02   3.0827068e-01
   1.5005089e-02   3.1127820e-01
   1.5019194e-02   3.1278195e-01
   1.5027372e-02   3.1428571e-01
   1.5048721e-02   3.1578947e-01
   1.5102103e-02   3.1729323e-01
   1.5155977e-02   3.1879699e-01
   1.5260534e-02   3.2030075e-01
   1.5343803e-02   3.2330827e-01
   1.5464559e-02   3.2481203e-01
   1.5513323e-02   3.2631579e-01
   1.5547202e-02   3.2781955e-01
   1.5626302e-02   3.2932331e-01
   1.5946207e-02   3.3082707e-01
   1.5962985e-02   3.3233083e-01
   1.6017425e-02   3.3383459e-01
   1.6050605e-02   3.3533835e-01
   1.6083219e-02   3.3684211e-01
   1.6236951e-02   3.3834586e-01
   1.6245737e-02   3.3984962e-01
   1.6280582e-02   3.4135338e-01
   1.6291325e-02   3.4285714e-01
   1.6294807e-02   3.4586466e-01
   1.6332619e-02   3.4736842e-01
   1.6390619e-02   3.4887218e-01
   1.6627696e-02   3.5037594e-01
   1.6627878e-02   3.5187970e-01
   1.6676711e-02   3.5338346e-01
   1.6678561e-02   3.5789474e-01
   1.6724807e-02   3.5939850e-01
   1.6751039e-02   3.6090226e-01
   1.6753348e-02   3.6240602e-01
   1.6851858e-02   3.6390977e-01
   1.6884047e-02   3.6541353e-01
   1.6900692e-02   3.6691729e-01
   1.6929764e-02   3.6842105e-01
   1.7035160e-02   3.6992481e-01
   1.7291010e-02   3.7142857e-01
   1.7397403e-02   3.7293233e-01
   1.7496840e-02   3.7443609e-01
   1.7558084e-02   3.7593985e-01
   1.7574909e-02   3.7744361e-01
   1.7579601e-02   3.7894737e-01
   1.7595235e-02   3.8045113e-01
   1.7617782e-02   3.8195489e-01
   1.7649170e-02   3.8496241e-01
   1.7678581e-02   3.8947368e-01
   1.7742293e-02   3.9097744e-01
   1.7762532e-02   3.9248120e-01
   1.7766102e-02   3.9398496e-01
   1.7928834e-02   3.9548872e-01
   1.7965875e-02   3.9699248e-01
   1.8181931e-02   3.9849624e-01
   1.8258496e-02   4.0000000e-01
   1.8323139e-02   4.0150376e-01
   1.8324745e-02   4.0300752e-01
   1.8519684e-02   4.0451128e-01
   1.8528336e-02   4.0601504e-01
   1.8610143e-02   4.0751880e-01
   1.8650369e-02   4.0902256e-01
   1.8654753e-02   4.1052632e-01
   1.8666696e-02   4.1203008e-01
   1.8784070e-02   4.1353383e-01
   1.8837056e-02   4.1503759e-01
   1.8902300e-02   4.1654135e-01
   1.8903690e-02   4.1804511e-01
   1.8903923e-02   4.1954887e-01
   1.9054704e-02   4.2105263e-01
   1.9167294e-02   4.2255639e-01
   1.9204744e-02   4.2406015e-01
   1.9321592e-02   4.2556391e-01
   1.9386314e-02   4.2706767e-01
   1.9441827e-02   4.2857143e-01
   1.9500573e-02   4.3007519e-01
   1.9545606e-02   4.3308271e-01
   1.9546664e-02   4.3458647e-01
   1.9593731e-02   4.3609023e-01
   1.9612274e-02   4.3909774e-01
   1.9682985e-02   4.4060150e-01
   1.9826617e-02   4.4210526e-01
   1.9975507e-02   4.4360902e-01
   2.0022015e-02   4.4511278e-01
   2.0044248e-02   4.4661654e-01
   2.0142988e-02   4.4962406e-01
   2.0206782e-02   4.5112782e-01
   2.0249533e-02   4.5263158e-01
   2.0326409e-02   4.5413534e-01
   2.0435018e-02   4.5563910e-01
   2.0447973e-02   4.5714286e-01
   2.0503121e-02   4.5864662e-01
   2.0542548e-02   4.6466165e-01
   2.0716401e-02   4.6766917e-01
   2.0755445e-02   4.6917293e-01
   2.0757542e-02   4.7067669e-01
   2.0887855e-02   4.7368421e-01
   2.0900896e-02   4.7518797e-01
   2.0917600e-02   4.7669173e-01
   2.1009018e-02   4.7819549e-01
   2.1070364e-02   4.7969925e-01
   2.1071402e-02   4.8120301e-01
   2.1271509e-02   4.8270677e-01
   2.1360251e-02   4.8421053e-01
   2.1473681e-02   4.8571429e-01
   2.1476224e-02   4.8872180e-01
   2.1476926e-02   4.9022556e-01
   2.1539160e-02   4.9172932e-01
   2.1544888e-02   4.9323308e-01
   2.1725660e-02   4.9473684e-01
   2.1726019e-02   4.9624060e-01
   2.1737654e-02   4.9774436e-01
   2.1762015e-02   4.9924812e-01
   2.1830152e-02   5.0075188e-01
   2.2120410e-02   5.0225564e-01
   2.2161094e-02   5.0375940e-01
   2.2346110e-02   5.0526316e-01
   2.2350880e-02   5.0676692e-01
   2.2402335e-02   5.0827068e-01
   2.2414883e-02   5.0977444e-01
   2.2444289e-02   5.1127820e-01
   2.2504272e-02   5.1278195e-01
   2.2750693e-02   5.1428571e-01
   2.2755168e-02   5.1578947e-01
   2.2783575e-02   5.1729323e-01
   2.2984355e-02   5.1879699e-01
   2.3036577e-02   5.2030075e-01
   2.3072520e-02   5.2180451e-01
   2.3208579e-02   5.2330827e-01
   2.3321614e-02   5.2481203e-01
   2.3356024e-02   5.2631579e-01
   2.3407575e-02   5.2781955e-01
   2.3657351e-02   5.2932331e-01
   2.3657674e-02   5.3233083e-01
   2.3993237e-02   5.3383459e-01
   2.4009616e-02   5.3533835e-01
   2.4049145e-02   5.3684211e-01
   2.4178722e-02   5.3834586e-01
   2.4344864e-02   5.3984962e-01
   2.4466397e-02   5.4135338e-01
   2.4493127e-02   5.4285714e-01
   2.4604873e-02   5.4436090e-01
   2.4624647e-02   5.4586466e-01
   2.4670530e-02   5.4736842e-01
   2.4809475e-02   5.4887218e-01
   2.5075285e-02   5.5037594e-01
   2.5079804e-02   5.5187970e-01
   2.5218982e-02   5.5338346e-01
   2.5463057e-02   5.5488722e-01
   2.5539427e-02   5.5639098e-01
   2.5540464e-02   5.5789474e-01
   2.5631929e-02   5.5939850e-01
   2.5635446e-02   5.6090226e-01
   2.5637029e-02   5.6240602e-01
   2.5715518e-02   5.6390977e-01
   2.5979455e-02   5.6541353e-01
   2.6031107e-02   5.6691729e-01
   2.6178023e-02   5.6842105e-01
   2.6193348e-02   5.6992481e-01
   2.6223883e-02   5.7142857e-01
   2.6339500e-02   5.7293233e-01
   2.6411481e-02   5.7443609e-01
   2.6540257e-02   5.7593985e-01
   2.6571025e-02   5.7744361e-01
   2.6627272e-02   5.7894737e-01
   2.6865339e-02   5.8045113e-01
   2.6919174e-02   5.8195489e-01
   2.6983435e-02   5.8345865e-01
   2.7192238e-02   5.8496241e-01
   2.7205237e-02   5.8646617e-01
   2.7213958e-02   5.8796992e-01
   2.7445037e-02   5.8947368e-01
   2.7453007e-02   5.9097744e-01
   2.7541762e-02   5.9248120e-01
   2.7801826e-02   5.9398496e-01
   2.7823609e-02   5.9548872e-01
   2.7870275e-02   5.9699248e-01
   2.8017526e-02   5.9849624e-01
   2.8030940e-02   6.0150376e-01
   2.8119855e-02   6.0300752e-01
   2.8205982e-02   6.0451128e-01
   2.8292418e-02   6.0601504e-01
   2.8566879e-02   6.0751880e-01
   2.9024716e-02   6.0902256e-01
   2.9062234e-02   6.1052632e-01
   2.9068899e-02   6.1353383e-01
   2.9088794e-02   6.1503759e-01
   2.9709930e-02   6.1804511e-01
   2.9759810e-02   6.2105263e-01
   2.9956238e-02   6.2255639e-01
   2.9972191e-02   6.2406015e-01
   3.0019162e-02   6.2556391e-01
   3.0578644e-02   6.2706767e-01
   3.0642992e-02   6.2857143e-01
   3.0727914e-02   6.3007519e-01
   3.1025544e-02   6.3157895e-01
   3.1027001e-02   6.3308271e-01
   3.1135139e-02   6.3458647e-01
   3.1612167e-02   6.3609023e-01
   3.1746119e-02   6.3759398e-01
   3.2242413e-02   6.3909774e-01
   3.2361358e-02   6.4060150e-01
   3.2450209e-02   6.4210526e-01
   3.2564574e-02   6.4360902e-01
   3.2568500e-02   6.4511278e-01
   3.2646757e-02   6.4661654e-01
   3.2726966e-02   6.4812030e-01
   3.2781237e-02   6.4962406e-01
   3.2838947e-02   6.5112782e-01
   3.2881212e-02   6.5263158e-01
   3.2959268e-02   6.5413534e-01
   3.3506093e-02   6.5563910e-01
   3.4119384e-02   6.5714286e-01
   3.4194637e-02   6.5864662e-01
   3.4426173e-02   6.6015038e-01
   3.4465590e-02   6.6165414e-01
   3.4486671e-02   6.6315789e-01
   3.4518062e-02   6.6466165e-01
   3.4768361e-02   6.6616541e-01
   3.4844368e-02   6.6766917e-01
   3.4849251e-02   6.6917293e-01
   3.4884246e-02   6.7067669e-01
   3.5434548e-02   6.7218045e-01
   3.5527155e-02   6.7368421e-01
   3.5532815e-02   6.7518797e-01
   3.5589088e-02   6.7669173e-01
   3.5755091e-02   6.7819549e-01
   3.5769043e-02   6.7969925e-01
   3.5930496e-02   6.8120301e-01
   3.6036677e-02   6.8270677e-01
   3.6098680e-02   6.8421053e-01
   3.6521662e-02   6.8571429e-01
   3.6727329e-02   6.8721805e-01
   3.6770993e-02   6.8872180e-01
   3.6789727e-02   6.9022556e-01
   3.7051677e-02   6.9172932e-01
   3.7075109e-02   6.9323308e-01
   3.7088649e-02   6.9473684e-01
   3.7220870e-02   6.9624060e-01
   3.7322163e-02   6.9774436e-01
   3.7465360e-02   6.9924812e-01
   3.7568646e-02   7.0075188e-01
   3.7616116e-02   7.0225564e-01
   3.7673575e-02   7.0375940e-01
   3.7689704e-02   7.0526316e-01
   3.7757634e-02   7.0676692e-01
   3.8088058e-02   7.0827068e-01
   3.8100486e-02   7.0977444e-01
   3.8150169e-02   7.1127820e-01
   3.8215102e-02   7.1278195e-01
   3.8325883e-02   7.1428571e-01
   3.8334898e-02   7.1578947e-01
   3.8563761e-02   7.1729323e-01
   3.8628403e-02   7.1879699e-01
   3.8893115e-02   7.2030075e-01
   3.9346407e-02   7.2180451e-01
   3.9454316e-02   7.2330827e-01
   3.9537083e-02   7.2481203e-01
   3.9633218e-02   7.2631579e-01
   3.9869365e-02   7.2781955e-01
   3.9923059e-02   7.2932331e-01
   3.9941475e-02   7.3082707e-01
   4.0316983e-02   7.3233083e-01
   4.0425766e-02   7.3533835e-01
   4.0564714e-02   7.3684211e-01
   4.0651830e-02   7.3834586e-01
   4.0780409e-02   7.3984962e-01
   4.0888854e-02   7.4135338e-01
   4.0956964e-02   7.4285714e-01
   4.1280769e-02   7.4436090e-01
   4.1363127e-02   7.4586466e-01
   4.1499543e-02   7.4736842e-01
   4.1614621e-02   7.4887218e-01
   4.1831727e-02   7.5037594e-01
   4.2458139e-02   7.5187970e-01
   4.2726645e-02   7.5338346e-01
   4.3009761e-02   7.5488722e-01
   4.3182864e-02   7.5639098e-01
   4.3357158e-02   7.5789474e-01
   4.3705247e-02   7.5939850e-01
   4.3765498e-02   7.6090226e-01
   4.3864035e-02   7.6240602e-01
   4.4017879e-02   7.6390977e-01
   4.4066051e-02   7.6541353e-01
   4.4140660e-02   7.6691729e-01
   4.4155951e-02   7.6842105e-01
   4.4384754e-02   7.6992481e-01
   4.4787473e-02   7.7293233e-01
   4.4804670e-02   7.7443609e-01
   4.5072629e-02   7.7593985e-01
   4.5083380e-02   7.7744361e-01
   4.5331213e-02   7.7894737e-01
   4.5652217e-02   7.8045113e-01
   4.6168299e-02   7.8195489e-01
   4.6464766e-02   7.8345865e-01
   4.6967364e-02   7.8496241e-01
   4.7062833e-02   7.8646617e-01
   4.7262745e-02   7.8796992e-01
   4.8144235e-02   7.8947368e-01
   4.8460596e-02   7.9097744e-01
   4.8498448e-02   7.9248120e-01
   4.8689710e-02   7.9398496e-01
   4.8728853e-02   7.9548872e-01
   4.8940673e-02   7.9699248e-01
   4.9340317e-02   7.9849624e-01
   4.9516711e-02   8.0000000e-01
   4.9585096e-02   8.0150376e-01
   5.0028502e-02   8.0300752e-01
   5.1481034e-02   8.0451128e-01
   5.1522443e-02   8.0601504e-01
   5.1614428e-02   8.0751880e-01
   5.1914968e-02   8.0902256e-01
   5.2443152e-02   8.1052632e-01
   5.2715986e-02   8.1203008e-01
   5.2928328e-02   8.1353383e-01
   5.3609647e-02   8.1503759e-01
   5.3890118e-02   8.1654135e-01
   5.4126258e-02   8.1804511e-01
   5.4271513e-02   8.1954887e-01
   5.4601355e-02   8.2105263e-01
   5.4729505e-02   8.2255639e-01
   5.4890845e-02   8.2406015e-01
   5.5137151e-02   8.2556391e-01
   5.5196883e-02   8.2706767e-01
   5.5240132e-02   8.2857143e-01
   5.5424733e-02   8.3007519e-01
   5.5603651e-02   8.3157895e-01
   5.6110584e-02   8.3308271e-01
   5.6138189e-02   8.3458647e-01
   5.6681984e-02   8.3609023e-01
   5.6954346e-02   8.3759398e-01
   5.7489211e-02   8.3909774e-01
   5.8396390e-02   8.4060150e-01
   5.8447001e-02   8.4210526e-01
   5.8639692e-02   8.4360902e-01
   5.8966562e-02   8.4511278e-01
   5.9256891e-02   8.4661654e-01
   5.9419884e-02   8.4812030e-01
   5.9568569e-02   8.4962406e-01
   6.0006477e-02   8.5112782e-01
   6.0247016e-02   8.5263158e-01
   6.0338372e-02   8.5413534e-01
   6.0446061e-02   8.5563910e-01
   6.0446090e-02   8.5714286e-01
   6.0454072e-02   8.5864662e-01
   6.0657356e-02   8.6015038e-01
   6.0676294e-02   8.6165414e-01
   6.0707217e-02   8.6315789e-01
   6.0980257e-02   8.6466165e-01
   6.1522035e-02   8.6616541e-01
   6.1562730e-02   8.6766917e-01
   6.2573356e-02   8.6917293e-01
   6.2869013e-02   8.7067669e-01
   6.3018773e-02   8.7218045e-01
   6.3130912e-02   8.7368421e-01
   6.3164980e-02   8.7518797e-01
   6.3350387e-02   8.7669173e-01
   6.4488587e-02   8.7819549e-01
   6.4812617e-02   8.7969925e-01
   6.5544840e-02   8.8120301e-01
   6.5855426e-02   8.8270677e-01
   6.5876463e-02   8.8421053e-01
   6.6142679e-02   8.8571429e-01
   6.6897913e-02   8.8721805e-01
   6.7133394e-02   8.8872180e-01
   6.8176100e-02   8.9022556e-01
   6.8681907e-02   8.9172932e-01
   6.8790560e-02   8.9323308e-01
   6.9869842e-02   8.9473684e-01
   7.0150842e-02   8.9624060e-01
   7.0680238e-02   8.9774436e-01
   7.1152846e-02   8.9924812e-01
   7.1361138e-02   9.0075188e-01
   7.2447300e-02   9.0225564e-01
   7.3612635e-02   9.0375940e-01
   7.3678357e-02   9.0526316e-01
   7.4075230e-02   9.0676692e-01
   7.6219331e-02   9.0827068e-01
   7.6299526e-02   9.0977444e-01
   7.7556440e-02   9.1127820e-01
   7.7738925e-02   9.1278195e-01
   7.8002276e-02   9.1428571e-01
   7.8186356e-02   9.1578947e-01
   7.8317459e-02   9.1729323e-01
   7.8411817e-02   9.1879699e-01
   7.8644796e-02   9.2030075e-01
   7.8795961e-02   9.2180451e-01
   7.9382557e-02   9.2330827e-01
   8.0266844e-02   9.2481203e-01
   8.0397641e-02   9.2631579e-01
   8.0844005e-02   9.2781955e-01
   8.1000110e-02   9.2932331e-01
   8.1276927e-02   9.3082707e-01
   8.1415025e-02   9.3233083e-01
   8.4514433e-02   9.3383459e-01
   8.5000456e-02   9.3533835e-01
   8.5169016e-02   9.3684211e-01
   8.5875691e-02   9.3834586e-01
   8.5967938e-02   9.3984962e-01
   8.6171278e-02   9.4135338e-01
   8.7189850e-02   9.4285714e-01
   8.7836670e-02   9.4436090e-01
   8.8830605e-02   9.4586466e-01
   9.1371140e-02   9.4736842e-01
   9.2080226e-02   9.4887218e-01
   9.2248006e-02   9.5037594e-01
   9.2916433e-02   9.5187970e-01
   9.3245115e-02   9.5338346e-01
   9.5290498e-02   9.5488722e-01
   9.6023897e-02   9.5639098e-01
   9.6342096e-02   9.5789474e-01
   9.8363136e-02   9.5939850e-01
   9.8430389e-02   9.6090226e-01
   9.8558757e-02   9.6240602e-01
   9.9738085e-02   9.6390977e-01
   1.0277085e-01   9.6541353e-01
   1.0475961e-01   9.6691729e-01
   1.0573213e-01   9.6842105e-01
   1.0709110e-01   9.6992481e-01
   1.1044093e-01   9.7142857e-01
   1.1633928e-01   9.7293233e-01
   1.1860606e-01   9.7443609e-01
   1.2649819e-01   9.7593985e-01
   1.3395928e-01   9.7744361e-01
   1.3607223e-01   9.7894737e-01
   1.4002032e-01   9.8045113e-01
   1.4456705e-01   9.8195489e-01
   1.4718869e-01   9.8345865e-01
   1.4894045e-01   9.8496241e-01
   1.6497996e-01   9.8646617e-01
   1.6635164e-01   9.8796992e-01
   1.7035770e-01   9.8947368e-01
   1.7437300e-01   9.9097744e-01
   1.7489086e-01   9.9248120e-01
   1.8896850e-01   9.9398496e-01
   2.0176757e-01   9.9548872e-01
   2.0779446e-01   9.9699248e-01
   2.3813054e-01   9.9849624e-01
   2.5338279e-01   1.0000000e+00
