   1.9864000e-03   0.0000000e+00
   1.9864000e-03   3.6310821e-04
   2.3832000e-03   2.1786492e-03
   2.7808000e-03   3.9941903e-03
   3.1776000e-03   1.0530138e-02
   3.5752000e-03   2.0697168e-02
   3.9720000e-03   3.7763253e-02
   4.3696000e-03   5.4829339e-02
   4.7664000e-03   7.6615832e-02
   5.1640000e-03   1.2091503e-01
   5.5608000e-03   1.5068991e-01
   5.9584000e-03   1.7538126e-01
   6.3552000e-03   2.4691358e-01
   6.7528000e-03   2.8395062e-01
   7.1496000e-03   3.1917211e-01
   7.5472000e-03   3.9469862e-01
   7.9440000e-03   4.3536674e-01
   8.3416000e-03   4.7712418e-01
   8.7384000e-03   5.3159041e-01
   9.1360000e-03   5.6427015e-01
   9.5336000e-03   5.9731300e-01
   9.9304000e-03   6.2672476e-01
   1.0328000e-02   6.5613653e-01
   1.0724800e-02   6.8264343e-01
   1.1122400e-02   7.0007262e-01
   1.1519200e-02   7.3021060e-01
   1.1916800e-02   7.4691358e-01
   1.2313600e-02   7.6361656e-01
   1.2711200e-02   7.9520697e-01
   1.3108000e-02   8.0646333e-01
   1.3505600e-02   8.1372549e-01
   1.3902400e-02   8.3805374e-01
   1.4300000e-02   8.4495280e-01
   1.4696800e-02   8.5657226e-01
   1.5094400e-02   8.7000726e-01
   1.5491200e-02   8.7908497e-01
   1.5888800e-02   8.8852578e-01
   1.6286400e-02   8.9832970e-01
   1.6683200e-02   9.0595497e-01
   1.7080800e-02   9.1430646e-01
   1.7477600e-02   9.1938998e-01
   1.7875200e-02   9.2483660e-01
   1.8272000e-02   9.2883079e-01
   1.8669600e-02   9.3173566e-01
   1.9066400e-02   9.3790850e-01
   1.9464000e-02   9.4117647e-01
   1.9860800e-02   9.4226580e-01
   2.0258400e-02   9.4807553e-01
   2.0655200e-02   9.4989107e-01
   2.1052800e-02   9.5170661e-01
   2.1449600e-02   9.5424837e-01
   2.1847200e-02   9.5533769e-01
   2.2244000e-02   9.5824256e-01
   2.2641600e-02   9.5969499e-01
   2.3038400e-02   9.6223675e-01
   2.3436000e-02   9.6514161e-01
   2.3832800e-02   9.6623094e-01
   2.4230400e-02   9.6913580e-01
   2.4627200e-02   9.6986202e-01
   2.5422400e-02   9.7095134e-01
   2.5819200e-02   9.7276688e-01
   2.6216800e-02   9.7421932e-01
   2.6613600e-02   9.7639797e-01
   2.7011200e-02   9.7712418e-01
   2.7408000e-02   9.7785040e-01
   2.7805600e-02   9.7821351e-01
   2.8202400e-02   9.7930283e-01
   2.8600000e-02   9.8039216e-01
   2.8996800e-02   9.8111837e-01
   2.9394400e-02   9.8184459e-01
   2.9791200e-02   9.8257081e-01
   3.0188800e-02   9.8366013e-01
   3.0585600e-02   9.8402324e-01
   3.0983200e-02   9.8511256e-01
   3.1777600e-02   9.8583878e-01
   3.2174400e-02   9.8656500e-01
   3.2968800e-02   9.8765432e-01
   3.3366400e-02   9.8838054e-01
   3.4160800e-02   9.8910675e-01
   3.4558400e-02   9.8983297e-01
   3.4955200e-02   9.9055919e-01
   3.5352800e-02   9.9092229e-01
   3.6147200e-02   9.9128540e-01
   3.6544000e-02   9.9164851e-01
   3.6941600e-02   9.9237473e-01
   3.7736000e-02   9.9273784e-01
   3.8132800e-02   9.9310094e-01
   3.8530400e-02   9.9382716e-01
   3.9721600e-02   9.9419027e-01
   4.0119200e-02   9.9491649e-01
   4.0516800e-02   9.9527959e-01
   4.0913600e-02   9.9564270e-01
   4.1708000e-02   9.9600581e-01
   4.2105600e-02   9.9673203e-01
   4.6474400e-02   9.9709513e-01
   4.8460800e-02   9.9745824e-01
   5.1241600e-02   9.9782135e-01
   5.1638400e-02   9.9891068e-01
   5.4816000e-02   9.9927378e-01
   5.5213600e-02   9.9963689e-01
   5.9980000e-02   1.0000000e+00
