   3.0560000e-03   0.0000000e+00
   3.0560000e-03   1.5698587e-03
   3.4384000e-03   2.3547881e-03
   3.8208000e-03   8.6342229e-03
   4.2024000e-03   1.3343799e-02
   4.5848000e-03   1.9623234e-02
   4.9664000e-03   2.5902669e-02
   5.3488000e-03   4.5525903e-02
   5.7304000e-03   5.6514914e-02
   6.1128000e-03   7.2213501e-02
   6.4944000e-03   8.9481947e-02
   6.8768000e-03   1.2166405e-01
   7.2592000e-03   1.5777080e-01
   7.6408000e-03   2.0486656e-01
   8.0232000e-03   2.4489796e-01
   8.4048000e-03   2.8649922e-01
   8.7872000e-03   3.2967033e-01
   9.1688000e-03   3.5949765e-01
   9.5512000e-03   3.9246468e-01
   9.9328000e-03   4.2386185e-01
   1.0315200e-02   4.4583987e-01
   1.0696800e-02   4.8351648e-01
   1.1079200e-02   5.0941915e-01
   1.1461600e-02   5.3453689e-01
   1.1843200e-02   5.6279435e-01
   1.2225600e-02   5.8477237e-01
   1.2607200e-02   6.0832025e-01
   1.2989600e-02   6.2401884e-01
   1.3371200e-02   6.4521193e-01
   1.3753600e-02   6.6248038e-01
   1.4136000e-02   6.7739403e-01
   1.4517600e-02   6.9701727e-01
   1.4900000e-02   7.1036107e-01
   1.5281600e-02   7.2841444e-01
   1.5664000e-02   7.3469388e-01
   1.6045600e-02   7.4960754e-01
   1.6428000e-02   7.6452119e-01
   1.6809600e-02   7.7786499e-01
   1.7192000e-02   7.9120879e-01
   1.7574400e-02   7.9748823e-01
   1.7956000e-02   8.0690738e-01
   1.8338400e-02   8.1554160e-01
   1.8720000e-02   8.2417582e-01
   1.9102400e-02   8.2888540e-01
   1.9484000e-02   8.3751962e-01
   1.9866400e-02   8.4693878e-01
   2.0248000e-02   8.5007849e-01
   2.0630400e-02   8.5714286e-01
   2.1012800e-02   8.6185243e-01
   2.1394400e-02   8.6813187e-01
   2.1776800e-02   8.6970173e-01
   2.2158400e-02   8.7362637e-01
   2.2540800e-02   8.8383046e-01
   2.2922400e-02   8.8932496e-01
   2.3304800e-02   8.9167975e-01
   2.3686400e-02   8.9324961e-01
   2.4068800e-02   8.9874411e-01
   2.4451200e-02   9.0031397e-01
   2.4832800e-02   9.0188383e-01
   2.5215200e-02   9.0502355e-01
   2.5596800e-02   9.0894819e-01
   2.5979200e-02   9.1130298e-01
   2.6360800e-02   9.1365777e-01
   2.6743200e-02   9.1444270e-01
   2.7124800e-02   9.1601256e-01
   2.7507200e-02   9.1915228e-01
   2.7888800e-02   9.2150706e-01
   2.8271200e-02   9.2307692e-01
   2.8653600e-02   9.2464678e-01
   2.9035200e-02   9.2857143e-01
   2.9417600e-02   9.3092622e-01
   2.9799200e-02   9.3171115e-01
   3.0181600e-02   9.3328100e-01
   3.0563200e-02   9.3406593e-01
   3.0945600e-02   9.3485086e-01
   3.1327200e-02   9.3720565e-01
   3.1709600e-02   9.3799058e-01
   3.2092000e-02   9.4191523e-01
   3.2473600e-02   9.4270016e-01
   3.3237600e-02   9.4348509e-01
   3.3620000e-02   9.4427002e-01
   3.4001600e-02   9.4662480e-01
   3.4384000e-02   9.4897959e-01
   3.4766400e-02   9.5211931e-01
   3.5148000e-02   9.5290424e-01
   3.5912000e-02   9.5525903e-01
   3.6294400e-02   9.5761381e-01
   3.6676000e-02   9.6075353e-01
   3.7058400e-02   9.6389325e-01
   3.7440000e-02   9.6781790e-01
   3.7822400e-02   9.7017268e-01
   3.8204000e-02   9.7095761e-01
   3.8968800e-02   9.7174254e-01
   3.9350400e-02   9.7252747e-01
   4.0114400e-02   9.7331240e-01
   4.0496800e-02   9.7409733e-01
   4.1260800e-02   9.7566719e-01
   4.2024800e-02   9.7723705e-01
   4.2788800e-02   9.7802198e-01
   4.3935200e-02   9.7880691e-01
   4.5463200e-02   9.8037677e-01
   4.5845600e-02   9.8116170e-01
   4.6609600e-02   9.8273155e-01
   4.6991200e-02   9.8351648e-01
   4.7373600e-02   9.8430141e-01
   4.8137600e-02   9.8508634e-01
   4.8901600e-02   9.8587127e-01
   5.1576000e-02   9.8665620e-01
   5.3868000e-02   9.8744113e-01
   5.4250400e-02   9.8822606e-01
   5.5778400e-02   9.8901099e-01
   5.6542400e-02   9.9058085e-01
   5.9599200e-02   9.9136578e-01
   6.2655200e-02   9.9215071e-01
   6.3419200e-02   9.9293564e-01
   6.4565600e-02   9.9372057e-01
   6.5329600e-02   9.9450549e-01
   7.2970400e-02   9.9529042e-01
   7.4116800e-02   9.9607535e-01
   7.5262400e-02   9.9686028e-01
   7.7555200e-02   9.9764521e-01
   9.4747200e-02   9.9843014e-01
   1.0276960e-01   9.9921507e-01
   1.7115600e-01   1.0000000e+00
