   1.2256671e-02   0.0000000e+00
   1.2256671e-02   7.5187970e-03
   1.2825040e-02   1.5037594e-02
   1.4250335e-02   2.2556391e-02
   1.4849629e-02   3.0075188e-02
   1.5629142e-02   3.7593985e-02
   1.6285868e-02   4.5112782e-02
   1.7775869e-02   5.2631579e-02
   1.8088661e-02   6.0150376e-02
   1.8209431e-02   6.7669173e-02
   1.9577555e-02   7.5187970e-02
   2.1284857e-02   8.2706767e-02
   2.2056809e-02   9.0225564e-02
   2.2351989e-02   9.7744361e-02
   2.3222636e-02   1.0526316e-01
   2.4372823e-02   1.1278195e-01
   2.4618562e-02   1.2030075e-01
   2.6507100e-02   1.2781955e-01
   2.7628144e-02   1.3533835e-01
   2.8229831e-02   1.4285714e-01
   2.8485892e-02   1.5037594e-01
   2.9163245e-02   1.5789474e-01
   2.9790747e-02   1.6541353e-01
   3.1834819e-02   1.7293233e-01
   3.2146386e-02   1.8045113e-01
   3.2205859e-02   1.8796992e-01
   3.2639692e-02   1.9548872e-01
   3.4378685e-02   2.0300752e-01
   3.4925012e-02   2.1052632e-01
   3.6228199e-02   2.1804511e-01
   3.6929531e-02   2.2556391e-01
   3.7336055e-02   2.3308271e-01
   3.7904937e-02   2.4060150e-01
   3.8620297e-02   2.4812030e-01
   4.0553319e-02   2.5563910e-01
   4.1045253e-02   2.6315789e-01
   4.1157998e-02   2.7067669e-01
   4.1788460e-02   2.7819549e-01
   4.3905444e-02   2.8571429e-01
   4.4125417e-02   2.9323308e-01
   4.4260242e-02   3.0075188e-01
   4.4397587e-02   3.0827068e-01
   4.5836912e-02   3.1578947e-01
   4.7049790e-02   3.2330827e-01
   4.7101063e-02   3.3082707e-01
   4.8213883e-02   3.3834586e-01
   5.1295927e-02   3.4586466e-01
   5.1560849e-02   3.5338346e-01
   5.3715208e-02   3.6090226e-01
   5.5912368e-02   3.6842105e-01
   5.6137671e-02   3.7593985e-01
   5.7648483e-02   3.8345865e-01
   5.9175838e-02   3.9097744e-01
   5.9198589e-02   3.9849624e-01
   6.1029254e-02   4.0601504e-01
   6.1520998e-02   4.1353383e-01
   6.1597063e-02   4.2105263e-01
   6.1659003e-02   4.2857143e-01
   6.1685706e-02   4.3609023e-01
   6.1825122e-02   4.4360902e-01
   6.2135852e-02   4.5112782e-01
   6.2447400e-02   4.5864662e-01
   6.2853497e-02   4.6616541e-01
   6.3264551e-02   4.7368421e-01
   6.4013184e-02   4.8120301e-01
   6.6803515e-02   4.8872180e-01
   6.7367522e-02   4.9624060e-01
   6.8058125e-02   5.0375940e-01
   6.8453535e-02   5.1127820e-01
   7.0906851e-02   5.1879699e-01
   7.1388596e-02   5.2631579e-01
   7.1417527e-02   5.3383459e-01
   7.3647009e-02   5.4135338e-01
   7.7869588e-02   5.4887218e-01
   8.1587133e-02   5.5639098e-01
   8.2173477e-02   5.6390977e-01
   8.3418942e-02   5.7142857e-01
   8.4455410e-02   5.7894737e-01
   8.6618897e-02   5.8646617e-01
   8.7091907e-02   5.9398496e-01
   8.7331566e-02   6.0150376e-01
   8.8675316e-02   6.0902256e-01
   8.9205788e-02   6.1654135e-01
   9.0091013e-02   6.2406015e-01
   9.1373335e-02   6.3157895e-01
   9.2044612e-02   6.3909774e-01
   9.2307946e-02   6.4661654e-01
   9.2572423e-02   6.5413534e-01
   9.8492325e-02   6.6165414e-01
   1.0051725e-01   6.6917293e-01
   1.0128396e-01   6.7669173e-01
   1.0266852e-01   6.8421053e-01
   1.0678480e-01   6.9172932e-01
   1.0827535e-01   6.9924812e-01
   1.0996378e-01   7.0676692e-01
   1.1132092e-01   7.1428571e-01
   1.1180665e-01   7.2180451e-01
   1.1405411e-01   7.2932331e-01
   1.1448844e-01   7.3684211e-01
   1.1709144e-01   7.4436090e-01
   1.1732402e-01   7.5187970e-01
   1.1761262e-01   7.5939850e-01
   1.1815732e-01   7.6691729e-01
   1.1880137e-01   7.7443609e-01
   1.2050762e-01   7.8195489e-01
   1.2366846e-01   7.8947368e-01
   1.2571822e-01   7.9699248e-01
   1.2726253e-01   8.0451128e-01
   1.3297313e-01   8.1203008e-01
   1.3418573e-01   8.1954887e-01
   1.3535399e-01   8.2706767e-01
   1.3835318e-01   8.3458647e-01
   1.3849839e-01   8.4210526e-01
   1.4167532e-01   8.4962406e-01
   1.4178841e-01   8.5714286e-01
   1.4513942e-01   8.6466165e-01
   1.4580810e-01   8.7218045e-01
   1.4696314e-01   8.7969925e-01
   1.4711336e-01   8.8721805e-01
   1.5110478e-01   8.9473684e-01
   1.5131221e-01   9.0225564e-01
   1.5384880e-01   9.0977444e-01
   1.5665161e-01   9.1729323e-01
   1.5762025e-01   9.2481203e-01
   1.6171803e-01   9.3233083e-01
   1.6820894e-01   9.3984962e-01
   1.7665941e-01   9.4736842e-01
   1.7691111e-01   9.5488722e-01
   1.8110470e-01   9.6240602e-01
   1.8607195e-01   9.6992481e-01
   1.8916033e-01   9.7744361e-01
   2.1193780e-01   9.8496241e-01
   2.2204441e-01   9.9248120e-01
   2.4052088e-01   1.0000000e+00
