   3.9176000e-03   0.0000000e+00
   3.9176000e-03   3.5714286e-03
   4.7016000e-03   7.1428571e-03
   5.0928000e-03   3.9285714e-02
   5.4848000e-03   4.2857143e-02
   5.8768000e-03   4.6428571e-02
   6.2680000e-03   6.4285714e-02
   6.6600000e-03   7.5000000e-02
   7.0520000e-03   7.8571429e-02
   7.4440000e-03   1.0714286e-01
   7.8352000e-03   1.3214286e-01
   8.2272000e-03   1.5000000e-01
   8.6192000e-03   1.5357143e-01
   9.0104000e-03   1.8571429e-01
   9.4024000e-03   1.9642857e-01
   9.7944000e-03   2.0714286e-01
   1.0186400e-02   2.6071429e-01
   1.0577600e-02   2.7142857e-01
   1.0969600e-02   2.8928571e-01
   1.1361600e-02   3.2142857e-01
   1.1752800e-02   3.3928571e-01
   1.2144800e-02   3.5357143e-01
   1.2536800e-02   3.6071429e-01
   1.2928800e-02   3.8571429e-01
   1.3320000e-02   4.0000000e-01
   1.3712000e-02   4.1071429e-01
   1.4104000e-02   4.4285714e-01
   1.4496000e-02   4.5357143e-01
   1.4887200e-02   4.7142857e-01
   1.5279200e-02   5.0357143e-01
   1.5671200e-02   5.1428571e-01
   1.6062400e-02   5.1785714e-01
   1.6454400e-02   5.2857143e-01
   1.6846400e-02   5.4642857e-01
   1.7238400e-02   5.6071429e-01
   1.7629600e-02   5.7142857e-01
   1.8021600e-02   5.9642857e-01
   1.8413600e-02   6.0357143e-01
   1.8804800e-02   6.1071429e-01
   1.9196800e-02   6.3571429e-01
   1.9588800e-02   6.3928571e-01
   1.9980800e-02   6.5357143e-01
   2.0372000e-02   6.6428571e-01
   2.1547200e-02   6.8571429e-01
   2.1939200e-02   7.0000000e-01
   2.2331200e-02   7.0357143e-01
   2.2723200e-02   7.0714286e-01
   2.3114400e-02   7.2500000e-01
   2.3506400e-02   7.3214286e-01
   2.3898400e-02   7.3928571e-01
   2.4289600e-02   7.5357143e-01
   2.5073600e-02   7.5714286e-01
   2.5464800e-02   7.6785714e-01
   2.5856800e-02   7.7857143e-01
   2.6640800e-02   7.8214286e-01
   2.7816000e-02   7.8571429e-01
   2.8207200e-02   8.0000000e-01
   2.8991200e-02   8.0357143e-01
   2.9383200e-02   8.0714286e-01
   3.0950400e-02   8.1071429e-01
   3.1341600e-02   8.1428571e-01
   3.3692800e-02   8.1785714e-01
   3.4084000e-02   8.2142857e-01
   3.4868000e-02   8.2500000e-01
   3.5259200e-02   8.2857143e-01
   3.6435200e-02   8.3214286e-01
   3.6826400e-02   8.3928571e-01
   3.8001600e-02   8.4642857e-01
   3.9177600e-02   8.5000000e-01
   3.9568800e-02   8.5714286e-01
   4.0352800e-02   8.6071429e-01
   4.0744000e-02   8.6428571e-01
   4.1136000e-02   8.6785714e-01
   4.1528000e-02   8.7142857e-01
   4.2703200e-02   8.7857143e-01
   4.3486400e-02   8.8214286e-01
   4.4270400e-02   8.8571429e-01
   4.5445600e-02   8.8928571e-01
   4.7404800e-02   8.9642857e-01
   5.1322400e-02   9.0000000e-01
   5.2497600e-02   9.0357143e-01
   5.6023200e-02   9.0714286e-01
   5.7199200e-02   9.1428571e-01
   5.8765600e-02   9.1785714e-01
   5.9157600e-02   9.2142857e-01
   5.9549600e-02   9.2500000e-01
   5.9940800e-02   9.2857143e-01
   6.3075200e-02   9.3571429e-01
   6.5034400e-02   9.3928571e-01
   6.9735200e-02   9.4285714e-01
   7.1694400e-02   9.4642857e-01
   7.2086400e-02   9.5000000e-01
   8.2664000e-02   9.5357143e-01
   8.5406400e-02   9.5714286e-01
   9.0108000e-02   9.6071429e-01
   9.1283200e-02   9.6428571e-01
   9.2066400e-02   9.6785714e-01
   9.4025600e-02   9.7142857e-01
   1.1361440e-01   9.7500000e-01
   1.1635680e-01   9.7857143e-01
   1.4769840e-01   9.8214286e-01
   1.5318320e-01   9.8571429e-01
   1.5749280e-01   9.8928571e-01
   1.6846240e-01   9.9285714e-01
   1.6924560e-01   9.9642857e-01
   2.0528880e-01   1.0000000e+00
