   7.9223219e-03   0.0000000e+00
   7.9223219e-03   1.1363636e-02
   9.1105929e-03   2.2727273e-02
   9.3863842e-03   3.4090909e-02
   9.6031811e-03   4.5454545e-02
   9.6619092e-03   5.6818182e-02
   9.9755106e-03   6.8181818e-02
   1.0205821e-02   7.9545455e-02
   1.0279023e-02   9.0909091e-02
   1.0318081e-02   1.0227273e-01
   1.0344822e-02   1.1363636e-01
   1.0901965e-02   1.2500000e-01
   1.1072546e-02   1.3636364e-01
   1.1180617e-02   1.4772727e-01
   1.1543257e-02   1.5909091e-01
   1.1590135e-02   1.7045455e-01
   1.1751575e-02   1.8181818e-01
   1.1867947e-02   1.9318182e-01
   1.1869857e-02   2.0454545e-01
   1.1920830e-02   2.1590909e-01
   1.2157616e-02   2.3863636e-01
   1.2533946e-02   2.5000000e-01
   1.3553251e-02   2.6136364e-01
   1.3794820e-02   2.7272727e-01
   1.4376047e-02   2.8409091e-01
   1.4414650e-02   2.9545455e-01
   1.4778799e-02   3.0681818e-01
   1.5292236e-02   3.1818182e-01
   1.5635422e-02   3.2954545e-01
   1.6510931e-02   3.4090909e-01
   1.6602803e-02   3.5227273e-01
   1.6834263e-02   3.6363636e-01
   1.7400490e-02   3.7500000e-01
   1.7706749e-02   3.8636364e-01
   1.7914545e-02   3.9772727e-01
   1.7960074e-02   4.0909091e-01
   1.8772827e-02   4.2045455e-01
   1.8773040e-02   4.3181818e-01
   1.8876679e-02   4.4318182e-01
   1.8998129e-02   4.5454545e-01
   1.9030150e-02   4.6590909e-01
   1.9823353e-02   4.7727273e-01
   1.9858053e-02   4.8863636e-01
   1.9904418e-02   5.0000000e-01
   1.9906626e-02   5.1136364e-01
   2.0147695e-02   5.2272727e-01
   2.0556923e-02   5.3409091e-01
   2.1244730e-02   5.4545455e-01
   2.1591221e-02   5.5681818e-01
   2.1814141e-02   5.6818182e-01
   2.2110386e-02   5.7954545e-01
   2.2998705e-02   5.9090909e-01
   2.3659590e-02   6.0227273e-01
   2.4282153e-02   6.1363636e-01
   2.4469561e-02   6.2500000e-01
   2.4704421e-02   6.3636364e-01
   2.4937088e-02   6.4772727e-01
   2.5106403e-02   6.5909091e-01
   2.6507027e-02   6.7045455e-01
   2.6638326e-02   6.8181818e-01
   2.6703425e-02   6.9318182e-01
   2.7029065e-02   7.0454545e-01
   2.7384006e-02   7.1590909e-01
   2.7832088e-02   7.2727273e-01
   2.7997456e-02   7.3863636e-01
   2.8134552e-02   7.5000000e-01
   2.9235449e-02   7.6136364e-01
   2.9786339e-02   7.7272727e-01
   3.1003489e-02   7.8409091e-01
   3.1279503e-02   7.9545455e-01
   3.1285696e-02   8.0681818e-01
   3.1452163e-02   8.1818182e-01
   3.1718012e-02   8.2954545e-01
   3.2151980e-02   8.4090909e-01
   3.2269550e-02   8.5227273e-01
   3.3570886e-02   8.6363636e-01
   3.4167594e-02   8.7500000e-01
   3.5225229e-02   8.8636364e-01
   3.5302820e-02   8.9772727e-01
   3.6267637e-02   9.0909091e-01
   3.7836479e-02   9.2045455e-01
   4.6325785e-02   9.3181818e-01
   4.6431623e-02   9.4318182e-01
   4.9373342e-02   9.5454545e-01
   5.3166160e-02   9.6590909e-01
   6.0952104e-02   9.7727273e-01
   6.5471096e-02   9.8863636e-01
   1.1466045e-01   1.0000000e+00
