   5.2757709e-03   0.0000000e+00
   5.2757709e-03   1.2878300e-03
   5.5534853e-03   1.9317450e-03
   5.5776028e-03   2.5756600e-03
   5.6798028e-03   3.2195750e-03
   5.8395249e-03   3.8634900e-03
   6.0391504e-03   4.5074050e-03
   6.1310627e-03   5.1513200e-03
   6.1604584e-03   6.4391500e-03
   6.1991383e-03   7.0830650e-03
   6.2576989e-03   7.7269800e-03
   6.4069402e-03   9.0148100e-03
   6.4242547e-03   1.1590470e-02
   6.4472006e-03   1.2234385e-02
   6.7012701e-03   1.3522215e-02
   6.7440512e-03   1.4166130e-02
   6.8366637e-03   1.5453960e-02
   6.9771237e-03   1.6741790e-02
   6.9899331e-03   1.9961365e-02
   7.0752930e-03   2.1893110e-02
   7.0989349e-03   2.2537025e-02
   7.1891504e-03   2.3180940e-02
   7.2849394e-03   2.3824855e-02
   7.2888600e-03   2.5112685e-02
   7.3277380e-03   2.5756600e-02
   7.4164469e-03   2.8332260e-02
   7.5722294e-03   2.9620090e-02
   7.5762528e-03   3.0264005e-02
   7.5926206e-03   3.1551835e-02
   7.5968393e-03   3.2195750e-02
   7.6576535e-03   3.2839665e-02
   7.7237448e-03   3.3483580e-02
   7.7655456e-03   3.4771410e-02
   7.7789694e-03   3.5415325e-02
   7.8686850e-03   3.7347070e-02
   7.8691261e-03   3.7990985e-02
   7.9114981e-03   3.8634900e-02
   7.9128140e-03   3.9278815e-02
   7.9330075e-03   3.9922730e-02
   7.9962286e-03   4.1210560e-02
   7.9994682e-03   4.2498390e-02
   8.1054652e-03   4.3786220e-02
   8.1227867e-03   4.5074050e-02
   8.1745828e-03   4.7649710e-02
   8.1768036e-03   5.0225370e-02
   8.2358640e-03   5.0869285e-02
   8.2396490e-03   5.3444945e-02
   8.3435985e-03   5.4088860e-02
   8.4499319e-03   6.1171925e-02
   8.4524910e-03   6.4391500e-02
   8.4865774e-03   6.5035415e-02
   8.4876754e-03   6.6967160e-02
   8.4947120e-03   6.8898905e-02
   8.5651887e-03   6.9542820e-02
   8.6981590e-03   7.1474565e-02
   8.7375776e-03   7.3406310e-02
   8.7604006e-03   7.5338055e-02
   8.8075896e-03   7.6625885e-02
   8.8224767e-03   7.8557630e-02
   8.9000916e-03   7.9201545e-02
   8.9224500e-03   8.0489375e-02
   9.0311734e-03   8.4352865e-02
   9.0357776e-03   9.1435930e-02
   9.0590656e-03   9.2723760e-02
   9.0637289e-03   9.3367675e-02
   9.0785782e-03   9.5299420e-02
   9.1336087e-03   9.7231165e-02
   9.1585167e-03   9.8518995e-02
   9.2299925e-03   9.9162910e-02
   9.2399662e-03   9.9806825e-02
   9.2746328e-03   1.0045074e-01
   9.3199843e-03   1.0173857e-01
   9.3324753e-03   1.0431423e-01
   9.3445835e-03   1.0817772e-01
   9.3808504e-03   1.1075338e-01
   9.4054727e-03   1.1204121e-01
   9.4248997e-03   1.1332904e-01
   9.5019540e-03   1.1461687e-01
   9.6090329e-03   1.1526079e-01
   9.6122374e-03   1.1654862e-01
   9.6196711e-03   1.2169994e-01
   9.6322831e-03   1.2234385e-01
   9.6407607e-03   1.2685126e-01
   9.6624828e-03   1.2942692e-01
   9.7039012e-03   1.3135866e-01
   9.7096257e-03   1.3200258e-01
   9.7402062e-03   1.3586607e-01
   9.7964017e-03   1.3715390e-01
   9.8513549e-03   1.3844173e-01
   9.9030840e-03   1.4230522e-01
   9.9118253e-03   1.4552479e-01
   9.9287665e-03   1.4810045e-01
   9.9325817e-03   1.4874437e-01
   9.9553811e-03   1.5067611e-01
   9.9886073e-03   1.5132003e-01
   1.0032309e-02   1.5260786e-01
   1.0081353e-02   1.5518352e-01
   1.0142355e-02   1.5647135e-01
   1.0172345e-02   1.5711526e-01
   1.0194128e-02   1.6097875e-01
   1.0203598e-02   1.6419833e-01
   1.0207348e-02   1.6613007e-01
   1.0218103e-02   1.6677399e-01
   1.0246419e-02   1.6806182e-01
   1.0275754e-02   1.6999356e-01
   1.0321547e-02   1.7256922e-01
   1.0364784e-02   1.7514488e-01
   1.0365563e-02   1.7772054e-01
   1.0378541e-02   1.7836446e-01
   1.0486304e-02   1.8158403e-01
   1.0487193e-02   1.8222795e-01
   1.0492168e-02   1.8351578e-01
   1.0512949e-02   1.8673535e-01
   1.0530486e-02   1.8737927e-01
   1.0552255e-02   1.8802318e-01
   1.0571243e-02   1.9059884e-01
   1.0601359e-02   1.9317450e-01
   1.0639552e-02   1.9381842e-01
   1.0661852e-02   1.9639408e-01
   1.0703213e-02   1.9768191e-01
   1.0737888e-02   1.9832582e-01
   1.0776267e-02   2.0283323e-01
   1.0783392e-02   2.0476497e-01
   1.0787552e-02   2.0862846e-01
   1.0796625e-02   2.1249195e-01
   1.0829782e-02   2.1442370e-01
   1.0835647e-02   2.1506761e-01
   1.0848448e-02   2.1893110e-01
   1.0903757e-02   2.2021893e-01
   1.0931728e-02   2.2150676e-01
   1.0934832e-02   2.2279459e-01
   1.0997558e-02   2.2343851e-01
   1.1008279e-02   2.2537025e-01
   1.1072915e-02   2.2794591e-01
   1.1096546e-02   2.3309723e-01
   1.1106971e-02   2.3696072e-01
   1.1142488e-02   2.3760464e-01
   1.1154592e-02   2.3824855e-01
   1.1242733e-02   2.4146813e-01
   1.1266442e-02   2.4275596e-01
   1.1304630e-02   2.4339987e-01
   1.1321649e-02   2.4404379e-01
   1.1358615e-02   2.4468770e-01
   1.1360268e-02   2.4661945e-01
   1.1370958e-02   2.5305860e-01
   1.1375725e-02   2.5563426e-01
   1.1413768e-02   2.6078558e-01
   1.1422725e-02   2.6142949e-01
   1.1486167e-02   2.6271732e-01
   1.1505614e-02   2.6400515e-01
   1.1587602e-02   2.6786864e-01
   1.1605124e-02   2.6851256e-01
   1.1652476e-02   2.7044430e-01
   1.1654005e-02   2.7366388e-01
   1.1684220e-02   2.7495171e-01
   1.1721228e-02   2.7559562e-01
   1.1738024e-02   2.7817128e-01
   1.1743453e-02   2.8010303e-01
   1.1823939e-02   2.8203477e-01
   1.1831269e-02   2.8396652e-01
   1.1878712e-02   2.8461043e-01
   1.1927353e-02   2.8525435e-01
   1.1940598e-02   2.9362524e-01
   1.1954955e-02   2.9491307e-01
   1.1955320e-02   2.9555699e-01
   1.1997959e-02   2.9620090e-01
   1.2057036e-02   2.9684482e-01
   1.2068749e-02   2.9877656e-01
   1.2068757e-02   3.0006439e-01
   1.2234858e-02   3.0070831e-01
   1.2235957e-02   3.0392788e-01
   1.2262125e-02   3.0457180e-01
   1.2264912e-02   3.0521571e-01
   1.2292363e-02   3.0650354e-01
   1.2293080e-02   3.0779137e-01
   1.2316543e-02   3.0907920e-01
   1.2404790e-02   3.1101095e-01
   1.2438263e-02   3.1229878e-01
   1.2444166e-02   3.1423052e-01
   1.2445419e-02   3.1487444e-01
   1.2515398e-02   3.1616227e-01
   1.2523278e-02   3.1809401e-01
   1.2534823e-02   3.1873793e-01
   1.2538970e-02   3.2066967e-01
   1.2574018e-02   3.2324533e-01
   1.2581795e-02   3.2388925e-01
   1.2590896e-02   3.2453316e-01
   1.2639604e-02   3.2517708e-01
   1.2642482e-02   3.2582099e-01
   1.2650856e-02   3.2710882e-01
   1.2652039e-02   3.2839665e-01
   1.2731685e-02   3.2904057e-01
   1.2746935e-02   3.3226014e-01
   1.2816495e-02   3.3419189e-01
   1.2823375e-02   3.3483580e-01
   1.2840093e-02   3.3676755e-01
   1.2849095e-02   3.3869929e-01
   1.2868842e-02   3.4063104e-01
   1.2904483e-02   3.4191887e-01
   1.2986520e-02   3.4256278e-01
   1.2999271e-02   3.4320670e-01
   1.3094131e-02   3.4642627e-01
   1.3106092e-02   3.4900193e-01
   1.3115210e-02   3.5093368e-01
   1.3122999e-02   3.5286542e-01
   1.3150299e-02   3.5415325e-01
   1.3165233e-02   3.5737283e-01
   1.3186421e-02   3.5801674e-01
   1.3211618e-02   3.5866066e-01
   1.3226691e-02   3.5930457e-01
   1.3233715e-02   3.5994849e-01
   1.3327476e-02   3.6059240e-01
   1.3348093e-02   3.6123632e-01
   1.3382770e-02   3.6252415e-01
   1.3398353e-02   3.6445589e-01
   1.3403102e-02   3.6509981e-01
   1.3409005e-02   3.6574372e-01
   1.3419058e-02   3.6638764e-01
   1.3432692e-02   3.6767547e-01
   1.3445986e-02   3.7025113e-01
   1.3465099e-02   3.7153896e-01
   1.3488102e-02   3.7218287e-01
   1.3537332e-02   3.7282679e-01
   1.3545169e-02   3.7347070e-01
   1.3587918e-02   3.7540245e-01
   1.3632452e-02   3.7604636e-01
   1.3673327e-02   3.7669028e-01
   1.3689023e-02   3.8055377e-01
   1.3706468e-02   3.8184160e-01
   1.3749282e-02   3.8312943e-01
   1.3753093e-02   3.8377334e-01
   1.3753867e-02   3.8506117e-01
   1.3765466e-02   3.8570509e-01
   1.3801475e-02   3.8634900e-01
   1.3816686e-02   3.8892466e-01
   1.3942335e-02   3.8956858e-01
   1.3971038e-02   3.9021249e-01
   1.3986188e-02   3.9150032e-01
   1.3998456e-02   3.9278815e-01
   1.4016875e-02   3.9471990e-01
   1.4041445e-02   3.9600773e-01
   1.4071769e-02   3.9665164e-01
   1.4107250e-02   3.9729556e-01
   1.4150586e-02   3.9793947e-01
   1.4152425e-02   3.9858339e-01
   1.4161604e-02   3.9987122e-01
   1.4252283e-02   4.0051513e-01
   1.4271504e-02   4.0115905e-01
   1.4290521e-02   4.0180296e-01
   1.4306268e-02   4.0373471e-01
   1.4312014e-02   4.0502254e-01
   1.4324517e-02   4.0566645e-01
   1.4333342e-02   4.0631037e-01
   1.4399755e-02   4.0695428e-01
   1.4488797e-02   4.0952994e-01
   1.4525416e-02   4.1081777e-01
   1.4569879e-02   4.1146169e-01
   1.4578847e-02   4.1274952e-01
   1.4601058e-02   4.1532518e-01
   1.4606564e-02   4.1596909e-01
   1.4655476e-02   4.1790084e-01
   1.4732247e-02   4.2112041e-01
   1.4736114e-02   4.2240824e-01
   1.4832248e-02   4.2369607e-01
   1.4854626e-02   4.2498390e-01
   1.4872878e-02   4.2691565e-01
   1.4874585e-02   4.2755956e-01
   1.4884081e-02   4.2884739e-01
   1.4892642e-02   4.3013522e-01
   1.4933470e-02   4.3335480e-01
   1.4964762e-02   4.3399871e-01
   1.4982294e-02   4.3528654e-01
   1.5002333e-02   4.3593046e-01
   1.5004842e-02   4.3657437e-01
   1.5070150e-02   4.3721829e-01
   1.5145047e-02   4.3786220e-01
   1.5153608e-02   4.3850612e-01
   1.5185241e-02   4.3915003e-01
   1.5194802e-02   4.4108178e-01
   1.5238613e-02   4.4236961e-01
   1.5267349e-02   4.4365744e-01
   1.5311357e-02   4.4558918e-01
   1.5324903e-02   4.4623310e-01
   1.5325662e-02   4.4687701e-01
   1.5333144e-02   4.4816484e-01
   1.5435050e-02   4.4880876e-01
   1.5438405e-02   4.5009659e-01
   1.5439091e-02   4.5138442e-01
   1.5462999e-02   4.5267225e-01
   1.5463057e-02   4.5331616e-01
   1.5492348e-02   4.5396008e-01
   1.5508897e-02   4.5717965e-01
   1.5531752e-02   4.5975531e-01
   1.5565528e-02   4.6104314e-01
   1.5576021e-02   4.6168706e-01
   1.5651714e-02   4.6297489e-01
   1.5664658e-02   4.6361880e-01
   1.5702578e-02   4.6426272e-01
   1.5726965e-02   4.6555055e-01
   1.5737936e-02   4.6619446e-01
   1.5738858e-02   4.6748229e-01
   1.5768838e-02   4.7005795e-01
   1.5771810e-02   4.7070187e-01
   1.5822390e-02   4.7327753e-01
   1.5826747e-02   4.7456536e-01
   1.5828026e-02   4.7585319e-01
   1.5886584e-02   4.7649710e-01
   1.5897244e-02   4.8100451e-01
   1.5902473e-02   4.8164842e-01
   1.5993099e-02   4.8229234e-01
   1.5999184e-02   4.8293625e-01
   1.6011733e-02   4.8358017e-01
   1.6021102e-02   4.8422408e-01
   1.6042718e-02   4.8551191e-01
   1.6084980e-02   4.8679974e-01
   1.6116504e-02   4.8744366e-01
   1.6148131e-02   4.8808757e-01
   1.6203115e-02   4.8873149e-01
   1.6233466e-02   4.9001932e-01
   1.6254365e-02   4.9066323e-01
   1.6310176e-02   4.9259498e-01
   1.6319542e-02   4.9452672e-01
   1.6320596e-02   4.9710238e-01
   1.6337914e-02   4.9774630e-01
   1.6349788e-02   4.9839021e-01
   1.6353566e-02   4.9967804e-01
   1.6400800e-02   5.0096587e-01
   1.6401904e-02   5.0160979e-01
   1.6406196e-02   5.0354153e-01
   1.6411477e-02   5.0482936e-01
   1.6428496e-02   5.0547328e-01
   1.6461058e-02   5.0611719e-01
   1.6463065e-02   5.0676111e-01
   1.6479921e-02   5.0740502e-01
   1.6564709e-02   5.0804894e-01
   1.6573281e-02   5.0998068e-01
   1.6577358e-02   5.1126851e-01
   1.6603184e-02   5.1191243e-01
   1.6604458e-02   5.1255634e-01
   1.6607834e-02   5.1384417e-01
   1.6621898e-02   5.1513200e-01
   1.6661086e-02   5.1899549e-01
   1.6669607e-02   5.2092724e-01
   1.6687197e-02   5.2221507e-01
   1.6720605e-02   5.2285898e-01
   1.6732195e-02   5.2350290e-01
   1.6771711e-02   5.2414681e-01
   1.6800686e-02   5.2479073e-01
   1.6814756e-02   5.2543464e-01
   1.6900466e-02   5.2672247e-01
   1.6904980e-02   5.2801030e-01
   1.6917705e-02   5.2865422e-01
   1.6928192e-02   5.2929813e-01
   1.6975988e-02   5.2994205e-01
   1.6990552e-02   5.3122988e-01
   1.7040071e-02   5.3251771e-01
   1.7131485e-02   5.3316162e-01
   1.7153822e-02   5.3380554e-01
   1.7157051e-02   5.3444945e-01
   1.7184642e-02   5.3573728e-01
   1.7187850e-02   5.3702511e-01
   1.7201801e-02   5.3831294e-01
   1.7210899e-02   5.3960077e-01
   1.7238215e-02   5.4088860e-01
   1.7253172e-02   5.4153252e-01
   1.7315516e-02   5.4217643e-01
   1.7332598e-02   5.4282035e-01
   1.7363904e-02   5.4346426e-01
   1.7396318e-02   5.4410818e-01
   1.7396829e-02   5.4475209e-01
   1.7475189e-02   5.4603992e-01
   1.7481079e-02   5.4732775e-01
   1.7488822e-02   5.4797167e-01
   1.7506980e-02   5.4861558e-01
   1.7518575e-02   5.4925950e-01
   1.7521932e-02   5.5119124e-01
   1.7539095e-02   5.5183516e-01
   1.7573280e-02   5.5247907e-01
   1.7615829e-02   5.5312299e-01
   1.7645458e-02   5.5376690e-01
   1.7698949e-02   5.5441082e-01
   1.7711526e-02   5.5569865e-01
   1.7718686e-02   5.5634256e-01
   1.7735590e-02   5.5698648e-01
   1.7755734e-02   5.5763039e-01
   1.7771295e-02   5.5827431e-01
   1.7781465e-02   5.5891822e-01
   1.7794998e-02   5.6084997e-01
   1.7837217e-02   5.6149388e-01
   1.7868670e-02   5.6213780e-01
   1.7898471e-02   5.6278171e-01
   1.7911226e-02   5.6342563e-01
   1.7921649e-02   5.6406954e-01
   1.7972543e-02   5.6600129e-01
   1.7979535e-02   5.6857695e-01
   1.8058105e-02   5.6986478e-01
   1.8072687e-02   5.7115261e-01
   1.8084922e-02   5.7179652e-01
   1.8097454e-02   5.7244044e-01
   1.8105529e-02   5.7308435e-01
   1.8117451e-02   5.7372827e-01
   1.8139983e-02   5.7501610e-01
   1.8157682e-02   5.7566001e-01
   1.8188740e-02   5.7630393e-01
   1.8195457e-02   5.7759176e-01
   1.8267879e-02   5.7823567e-01
   1.8349047e-02   5.7887959e-01
   1.8361900e-02   5.7952350e-01
   1.8365269e-02   5.8081133e-01
   1.8378526e-02   5.8209916e-01
   1.8421327e-02   5.8338699e-01
   1.8424256e-02   5.8596265e-01
   1.8460689e-02   5.8660657e-01
   1.8481028e-02   5.8789440e-01
   1.8482503e-02   5.8918223e-01
   1.8511816e-02   5.9047006e-01
   1.8641100e-02   5.9111397e-01
   1.8643929e-02   5.9175789e-01
   1.8656002e-02   5.9240180e-01
   1.8659200e-02   5.9433355e-01
   1.8689712e-02   5.9562138e-01
   1.8691028e-02   5.9690921e-01
   1.8705334e-02   5.9819704e-01
   1.8741579e-02   6.0077270e-01
   1.8898646e-02   6.0141661e-01
   1.8931433e-02   6.0270444e-01
   1.8937761e-02   6.0334836e-01
   1.8942566e-02   6.0399227e-01
   1.8962635e-02   6.0463619e-01
   1.8963182e-02   6.0592402e-01
   1.8971690e-02   6.0656793e-01
   1.9003728e-02   6.0721185e-01
   1.9018721e-02   6.0849968e-01
   1.9026558e-02   6.0914359e-01
   1.9054846e-02   6.1107534e-01
   1.9066059e-02   6.1236317e-01
   1.9097658e-02   6.1300708e-01
   1.9223615e-02   6.1429491e-01
   1.9225605e-02   6.1493883e-01
   1.9238887e-02   6.1622666e-01
   1.9239904e-02   6.1687057e-01
   1.9266127e-02   6.1751449e-01
   1.9273895e-02   6.2137798e-01
   1.9281651e-02   6.2330972e-01
   1.9352208e-02   6.2395364e-01
   1.9394557e-02   6.2524147e-01
   1.9480270e-02   6.2717321e-01
   1.9491485e-02   6.2781713e-01
   1.9497578e-02   6.2846104e-01
   1.9513382e-02   6.3039279e-01
   1.9523441e-02   6.3103670e-01
   1.9546749e-02   6.3168062e-01
   1.9550416e-02   6.3232453e-01
   1.9583182e-02   6.3361236e-01
   1.9589560e-02   6.3425628e-01
   1.9594778e-02   6.3490019e-01
   1.9603709e-02   6.3554411e-01
   1.9649653e-02   6.3618802e-01
   1.9652396e-02   6.3683194e-01
   1.9726246e-02   6.3747585e-01
   1.9726576e-02   6.3811977e-01
   1.9780773e-02   6.3876368e-01
   1.9806746e-02   6.3940760e-01
   1.9806892e-02   6.4005151e-01
   1.9820373e-02   6.4069543e-01
   1.9823823e-02   6.4262717e-01
   1.9824778e-02   6.4391500e-01
   1.9859305e-02   6.4455892e-01
   1.9866247e-02   6.4520283e-01
   1.9933018e-02   6.4584675e-01
   1.9943503e-02   6.4713458e-01
   1.9977107e-02   6.4777849e-01
   1.9979489e-02   6.4842241e-01
   2.0058405e-02   6.4906632e-01
   2.0062180e-02   6.4971024e-01
   2.0072167e-02   6.5035415e-01
   2.0104942e-02   6.5164198e-01
   2.0129458e-02   6.5292981e-01
   2.0160734e-02   6.5421764e-01
   2.0163824e-02   6.5486156e-01
   2.0167182e-02   6.5550547e-01
   2.0173682e-02   6.5743722e-01
   2.0200620e-02   6.5808113e-01
   2.0232672e-02   6.6065679e-01
   2.0305215e-02   6.6194462e-01
   2.0369740e-02   6.6258854e-01
   2.0388849e-02   6.6323245e-01
   2.0401561e-02   6.6387637e-01
   2.0404492e-02   6.6516420e-01
   2.0407757e-02   6.6580811e-01
   2.0442261e-02   6.6645203e-01
   2.0486264e-02   6.6709594e-01
   2.0492765e-02   6.6773986e-01
   2.0505349e-02   6.6902769e-01
   2.0534182e-02   6.7160335e-01
   2.0560333e-02   6.7224726e-01
   2.0564438e-02   6.7289118e-01
   2.0629292e-02   6.7353509e-01
   2.0634211e-02   6.7417901e-01
   2.0678652e-02   6.7546684e-01
   2.0688582e-02   6.7675467e-01
   2.0708276e-02   6.7739858e-01
   2.0731802e-02   6.7804250e-01
   2.0744221e-02   6.7868641e-01
   2.0748255e-02   6.7933033e-01
   2.0816332e-02   6.7997424e-01
   2.0859454e-02   6.8061816e-01
   2.0891624e-02   6.8190599e-01
   2.0909721e-02   6.8254990e-01
   2.0924318e-02   6.8319382e-01
   2.0970929e-02   6.8383773e-01
   2.0973185e-02   6.8512556e-01
   2.0990515e-02   6.8576948e-01
   2.1015192e-02   6.8705731e-01
   2.1076723e-02   6.8770122e-01
   2.1089350e-02   6.8834514e-01
   2.1137788e-02   6.8898905e-01
   2.1143612e-02   6.8963297e-01
   2.1202926e-02   6.9092080e-01
   2.1211975e-02   6.9285254e-01
   2.1226374e-02   6.9349646e-01
   2.1261414e-02   6.9414037e-01
   2.1266624e-02   6.9478429e-01
   2.1322681e-02   6.9542820e-01
   2.1400020e-02   6.9800386e-01
   2.1438091e-02   6.9864778e-01
   2.1447629e-02   6.9993561e-01
   2.1475075e-02   7.0057952e-01
   2.1532038e-02   7.0122344e-01
   2.1553124e-02   7.0251127e-01
   2.1565595e-02   7.0315518e-01
   2.1567227e-02   7.0444301e-01
   2.1575093e-02   7.0508693e-01
   2.1593868e-02   7.0573084e-01
   2.1643737e-02   7.0637476e-01
   2.1669143e-02   7.0701867e-01
   2.1669273e-02   7.0766259e-01
   2.1726939e-02   7.0830650e-01
   2.1789657e-02   7.0895042e-01
   2.1808010e-02   7.0959433e-01
   2.1848174e-02   7.1088216e-01
   2.1855386e-02   7.1216999e-01
   2.1867707e-02   7.1281391e-01
   2.1869383e-02   7.1345782e-01
   2.1882663e-02   7.1410174e-01
   2.1902810e-02   7.1474565e-01
   2.1904976e-02   7.1603348e-01
   2.1925476e-02   7.1667740e-01
   2.2017021e-02   7.1796523e-01
   2.2042078e-02   7.1860914e-01
   2.2074034e-02   7.1925306e-01
   2.2089067e-02   7.1989697e-01
   2.2143915e-02   7.2054089e-01
   2.2145437e-02   7.2118480e-01
   2.2172834e-02   7.2247263e-01
   2.2194224e-02   7.2376046e-01
   2.2214571e-02   7.2440438e-01
   2.2244673e-02   7.2569221e-01
   2.2271559e-02   7.2633612e-01
   2.2309697e-02   7.2698004e-01
   2.2344139e-02   7.2762395e-01
   2.2375469e-02   7.2826787e-01
   2.2390376e-02   7.2891178e-01
   2.2426611e-02   7.3019961e-01
   2.2439108e-02   7.3148744e-01
   2.2480851e-02   7.3277527e-01
   2.2485947e-02   7.3406310e-01
   2.2596221e-02   7.3470702e-01
   2.2608969e-02   7.3535093e-01
   2.2610351e-02   7.3599485e-01
   2.2639648e-02   7.3663876e-01
   2.2717276e-02   7.3728268e-01
   2.2720322e-02   7.3792659e-01
   2.2722657e-02   7.3857051e-01
   2.2727216e-02   7.3921442e-01
   2.2743047e-02   7.3985834e-01
   2.2763543e-02   7.4050225e-01
   2.2808355e-02   7.4179008e-01
   2.2828065e-02   7.4243400e-01
   2.2846091e-02   7.4307791e-01
   2.2893111e-02   7.4436574e-01
   2.2972833e-02   7.4500966e-01
   2.2983832e-02   7.4694140e-01
   2.3011140e-02   7.4822923e-01
   2.3022854e-02   7.4887315e-01
   2.3028042e-02   7.4951706e-01
   2.3093155e-02   7.5016098e-01
   2.3105094e-02   7.5080489e-01
   2.3109797e-02   7.5144881e-01
   2.3150629e-02   7.5273664e-01
   2.3175022e-02   7.5402447e-01
   2.3199694e-02   7.5531230e-01
   2.3240701e-02   7.5595621e-01
   2.3263202e-02   7.5660013e-01
   2.3308082e-02   7.5788796e-01
   2.3327040e-02   7.5917579e-01
   2.3358481e-02   7.5981970e-01
   2.3362003e-02   7.6110753e-01
   2.3369065e-02   7.6175145e-01
   2.3441673e-02   7.6239536e-01
   2.3476564e-02   7.6303928e-01
   2.3487556e-02   7.6432711e-01
   2.3551364e-02   7.6497102e-01
   2.3568307e-02   7.6561494e-01
   2.3593070e-02   7.6625885e-01
   2.3606621e-02   7.6690277e-01
   2.3634483e-02   7.6754668e-01
   2.3637839e-02   7.6819060e-01
   2.3647725e-02   7.6947843e-01
   2.3652638e-02   7.7012234e-01
   2.3734411e-02   7.7076626e-01
   2.3735612e-02   7.7141017e-01
   2.3754705e-02   7.7269800e-01
   2.3760946e-02   7.7334192e-01
   2.3805731e-02   7.7462975e-01
   2.3811767e-02   7.7527366e-01
   2.3875504e-02   7.7591758e-01
   2.3882328e-02   7.7720541e-01
   2.3889547e-02   7.7784932e-01
   2.3898038e-02   7.7849324e-01
   2.3924304e-02   7.7913715e-01
   2.3946817e-02   7.7978107e-01
   2.3987491e-02   7.8042498e-01
   2.4009912e-02   7.8106890e-01
   2.4137375e-02   7.8171281e-01
   2.4138172e-02   7.8235673e-01
   2.4175702e-02   7.8300064e-01
   2.4188626e-02   7.8428847e-01
   2.4218621e-02   7.8493239e-01
   2.4229492e-02   7.8686413e-01
   2.4258376e-02   7.8750805e-01
   2.4261436e-02   7.8879588e-01
   2.4317943e-02   7.8943979e-01
   2.4453564e-02   7.9008371e-01
   2.4466685e-02   7.9072762e-01
   2.4490656e-02   7.9137154e-01
   2.4521876e-02   7.9201545e-01
   2.4530369e-02   7.9265937e-01
   2.4633731e-02   7.9394720e-01
   2.4674246e-02   7.9459111e-01
   2.4769435e-02   7.9523503e-01
   2.4773648e-02   7.9587894e-01
   2.4797220e-02   7.9652286e-01
   2.4806026e-02   7.9716677e-01
   2.4810702e-02   7.9781069e-01
   2.4888851e-02   7.9845460e-01
   2.5014681e-02   7.9909852e-01
   2.5036046e-02   7.9974243e-01
   2.5047141e-02   8.0038635e-01
   2.5052423e-02   8.0103026e-01
   2.5070773e-02   8.0167418e-01
   2.5078498e-02   8.0360592e-01
   2.5114552e-02   8.0424984e-01
   2.5148178e-02   8.0489375e-01
   2.5151531e-02   8.0553767e-01
   2.5244196e-02   8.0618158e-01
   2.5246435e-02   8.0682550e-01
   2.5302837e-02   8.0746941e-01
   2.5341475e-02   8.0811333e-01
   2.5374764e-02   8.0875724e-01
   2.5392376e-02   8.1004507e-01
   2.5519141e-02   8.1133290e-01
   2.5629923e-02   8.1197682e-01
   2.5651075e-02   8.1326465e-01
   2.5696674e-02   8.1390856e-01
   2.5698149e-02   8.1455248e-01
   2.5747556e-02   8.1519639e-01
   2.5851602e-02   8.1584031e-01
   2.5885667e-02   8.1648422e-01
   2.5921260e-02   8.1712814e-01
   2.5924706e-02   8.1777205e-01
   2.5961359e-02   8.1841597e-01
   2.5970467e-02   8.1905988e-01
   2.5973530e-02   8.1970380e-01
   2.5990326e-02   8.2034771e-01
   2.6013280e-02   8.2099163e-01
   2.6039353e-02   8.2227946e-01
   2.6045704e-02   8.2292337e-01
   2.6101365e-02   8.2356729e-01
   2.6188723e-02   8.2421120e-01
   2.6196727e-02   8.2485512e-01
   2.6215390e-02   8.2549903e-01
   2.6231027e-02   8.2614295e-01
   2.6245982e-02   8.2678686e-01
   2.6282332e-02   8.2743078e-01
   2.6331596e-02   8.2807469e-01
   2.6420115e-02   8.2936252e-01
   2.6423419e-02   8.3000644e-01
   2.6467935e-02   8.3065035e-01
   2.6533640e-02   8.3129427e-01
   2.6555422e-02   8.3193818e-01
   2.6602771e-02   8.3258210e-01
   2.6615412e-02   8.3322601e-01
   2.6675145e-02   8.3386993e-01
   2.6801347e-02   8.3451384e-01
   2.6806212e-02   8.3580167e-01
   2.6866515e-02   8.3644559e-01
   2.6894562e-02   8.3708950e-01
   2.6912679e-02   8.3773342e-01
   2.6976723e-02   8.3837733e-01
   2.7045271e-02   8.3902125e-01
   2.7073552e-02   8.3966516e-01
   2.7113623e-02   8.4030908e-01
   2.7117153e-02   8.4095299e-01
   2.7265580e-02   8.4224082e-01
   2.7337143e-02   8.4417257e-01
   2.7346469e-02   8.4481648e-01
   2.7383885e-02   8.4610431e-01
   2.7418027e-02   8.4674823e-01
   2.7450698e-02   8.4803606e-01
   2.7476036e-02   8.4867997e-01
   2.7505491e-02   8.4932389e-01
   2.7765139e-02   8.4996780e-01
   2.7925980e-02   8.5125563e-01
   2.7941392e-02   8.5189955e-01
   2.7973370e-02   8.5254346e-01
   2.8179407e-02   8.5318738e-01
   2.8257467e-02   8.5383129e-01
   2.8274109e-02   8.5447521e-01
   2.8299911e-02   8.5511912e-01
   2.8303594e-02   8.5576304e-01
   2.8324311e-02   8.5705087e-01
   2.8505682e-02   8.5833870e-01
   2.8618478e-02   8.5962653e-01
   2.8630365e-02   8.6027044e-01
   2.8753940e-02   8.6091436e-01
   2.8799400e-02   8.6155827e-01
   2.8833445e-02   8.6284610e-01
   2.8840882e-02   8.6349002e-01
   2.8843193e-02   8.6413393e-01
   2.8890629e-02   8.6477785e-01
   2.9135084e-02   8.6542176e-01
   2.9291392e-02   8.6606568e-01
   2.9310866e-02   8.6670959e-01
   2.9332349e-02   8.6799742e-01
   2.9382537e-02   8.6864134e-01
   2.9472660e-02   8.6928525e-01
   2.9474781e-02   8.7057308e-01
   2.9560013e-02   8.7121700e-01
   2.9665613e-02   8.7186091e-01
   2.9707641e-02   8.7250483e-01
   2.9709830e-02   8.7314874e-01
   2.9714058e-02   8.7379266e-01
   2.9781645e-02   8.7443657e-01
   2.9901821e-02   8.7508049e-01
   3.0007243e-02   8.7572440e-01
   3.0026730e-02   8.7636832e-01
   3.0027418e-02   8.7701223e-01
   3.0040741e-02   8.7830006e-01
   3.0370441e-02   8.7894398e-01
   3.0429304e-02   8.7958789e-01
   3.0478355e-02   8.8023181e-01
   3.0535769e-02   8.8087572e-01
   3.0582977e-02   8.8151964e-01
   3.0611354e-02   8.8216355e-01
   3.0646606e-02   8.8280747e-01
   3.0739184e-02   8.8345138e-01
   3.0827447e-02   8.8473921e-01
   3.0876233e-02   8.8602704e-01
   3.0969771e-02   8.8667096e-01
   3.0987748e-02   8.8731487e-01
   3.1135236e-02   8.8795879e-01
   3.1171088e-02   8.8860270e-01
   3.1200103e-02   8.8924662e-01
   3.1278264e-02   8.8989053e-01
   3.1333613e-02   8.9053445e-01
   3.1374522e-02   8.9117836e-01
   3.1387579e-02   8.9182228e-01
   3.1498866e-02   8.9246619e-01
   3.1501374e-02   8.9311011e-01
   3.1518662e-02   8.9375402e-01
   3.1714854e-02   8.9439794e-01
   3.1757261e-02   8.9504185e-01
   3.1972903e-02   8.9568577e-01
   3.2042099e-02   8.9632968e-01
   3.2042224e-02   8.9697360e-01
   3.2045102e-02   8.9761751e-01
   3.2122990e-02   8.9826143e-01
   3.2168788e-02   8.9954926e-01
   3.2225493e-02   9.0083709e-01
   3.2228612e-02   9.0148100e-01
   3.2229103e-02   9.0212492e-01
   3.2279906e-02   9.0276883e-01
   3.2359594e-02   9.0341275e-01
   3.2394979e-02   9.0405666e-01
   3.2446324e-02   9.0470058e-01
   3.2554134e-02   9.0534449e-01
   3.2562890e-02   9.0598841e-01
   3.2566797e-02   9.0663232e-01
   3.2712395e-02   9.0727624e-01
   3.2806210e-02   9.0856407e-01
   3.2812916e-02   9.0920798e-01
   3.2946615e-02   9.1049581e-01
   3.2960344e-02   9.1113973e-01
   3.2979137e-02   9.1242756e-01
   3.3205238e-02   9.1307147e-01
   3.3216089e-02   9.1371539e-01
   3.3294116e-02   9.1435930e-01
   3.3503458e-02   9.1500322e-01
   3.3548516e-02   9.1564713e-01
   3.3600262e-02   9.1629105e-01
   3.3604456e-02   9.1693496e-01
   3.3615595e-02   9.1757888e-01
   3.3721384e-02   9.1886671e-01
   3.3728679e-02   9.1951062e-01
   3.3792277e-02   9.2015454e-01
   3.3793692e-02   9.2079845e-01
   3.3859531e-02   9.2144237e-01
   3.3876529e-02   9.2208628e-01
   3.3898552e-02   9.2273020e-01
   3.3969211e-02   9.2337411e-01
   3.4078779e-02   9.2401803e-01
   3.4096263e-02   9.2466194e-01
   3.4189697e-02   9.2530586e-01
   3.4211899e-02   9.2594977e-01
   3.4217253e-02   9.2659369e-01
   3.4254581e-02   9.2723760e-01
   3.4304833e-02   9.2788152e-01
   3.4550847e-02   9.2852543e-01
   3.4657959e-02   9.2916935e-01
   3.4659125e-02   9.2981326e-01
   3.4708136e-02   9.3045718e-01
   3.5005341e-02   9.3110109e-01
   3.5046406e-02   9.3174501e-01
   3.5102905e-02   9.3238892e-01
   3.5214588e-02   9.3303284e-01
   3.5460798e-02   9.3367675e-01
   3.5471787e-02   9.3432067e-01
   3.5560940e-02   9.3496458e-01
   3.6064943e-02   9.3560850e-01
   3.6206929e-02   9.3625241e-01
   3.6831747e-02   9.3689633e-01
   3.6877565e-02   9.3754024e-01
   3.6964489e-02   9.3818416e-01
   3.6968917e-02   9.3882807e-01
   3.7215492e-02   9.3947199e-01
   3.7222338e-02   9.4011590e-01
   3.7312011e-02   9.4075982e-01
   3.7584977e-02   9.4140373e-01
   3.7776081e-02   9.4204765e-01
   3.8234852e-02   9.4269156e-01
   3.8319025e-02   9.4333548e-01
   3.8329349e-02   9.4397939e-01
   3.8478893e-02   9.4462331e-01
   3.8521404e-02   9.4526722e-01
   3.8650458e-02   9.4591114e-01
   3.8714576e-02   9.4655505e-01
   3.8737109e-02   9.4719897e-01
   3.8852238e-02   9.4784288e-01
   3.9373210e-02   9.4848680e-01
   3.9470745e-02   9.4913071e-01
   3.9677062e-02   9.4977463e-01
   3.9732115e-02   9.5041854e-01
   3.9926845e-02   9.5106246e-01
   3.9985421e-02   9.5170637e-01
   4.0025548e-02   9.5235029e-01
   4.0115700e-02   9.5299420e-01
   4.0140600e-02   9.5363812e-01
   4.0460974e-02   9.5428203e-01
   4.0556846e-02   9.5492595e-01
   4.0714757e-02   9.5556986e-01
   4.0867558e-02   9.5621378e-01
   4.1048478e-02   9.5685769e-01
   4.1288989e-02   9.5750161e-01
   4.1891453e-02   9.5814552e-01
   4.2152917e-02   9.5878944e-01
   4.2290860e-02   9.5943335e-01
   4.2639572e-02   9.6007727e-01
   4.3144247e-02   9.6072118e-01
   4.3275623e-02   9.6136510e-01
   4.3572469e-02   9.6200901e-01
   4.5086238e-02   9.6265293e-01
   4.5121540e-02   9.6329684e-01
   4.5143033e-02   9.6394076e-01
   4.5155405e-02   9.6458467e-01
   4.5458616e-02   9.6522859e-01
   4.5504132e-02   9.6587250e-01
   4.5896084e-02   9.6651642e-01
   4.6016428e-02   9.6716033e-01
   4.6363216e-02   9.6780425e-01
   4.6389062e-02   9.6844816e-01
   4.6892062e-02   9.6909208e-01
   4.7093984e-02   9.6973599e-01
   4.7484441e-02   9.7037991e-01
   4.7729022e-02   9.7102382e-01
   4.8056471e-02   9.7166774e-01
   4.9513955e-02   9.7231165e-01
   4.9805230e-02   9.7295557e-01
   4.9828288e-02   9.7359948e-01
   5.0441658e-02   9.7424340e-01
   5.0967897e-02   9.7488731e-01
   5.1875196e-02   9.7553123e-01
   5.2149135e-02   9.7617514e-01
   5.2234743e-02   9.7681906e-01
   5.3512305e-02   9.7746297e-01
   5.3561414e-02   9.7810689e-01
   5.3954056e-02   9.7875080e-01
   5.3967967e-02   9.7939472e-01
   5.4108655e-02   9.8003863e-01
   5.4877352e-02   9.8068255e-01
   5.5520333e-02   9.8132646e-01
   5.5530869e-02   9.8197038e-01
   5.5799255e-02   9.8261429e-01
   5.5932357e-02   9.8325821e-01
   5.6750370e-02   9.8390212e-01
   5.6899847e-02   9.8454604e-01
   5.7113813e-02   9.8518995e-01
   5.7533790e-02   9.8583387e-01
   5.7753976e-02   9.8647778e-01
   5.8501973e-02   9.8712170e-01
   5.8984840e-02   9.8776561e-01
   5.9179501e-02   9.8840953e-01
   5.9702620e-02   9.8905344e-01
   6.0622954e-02   9.8969736e-01
   6.0870527e-02   9.9034127e-01
   6.3392040e-02   9.9098519e-01
   6.5265257e-02   9.9162910e-01
   6.6916324e-02   9.9227302e-01
   6.7900496e-02   9.9291693e-01
   6.9954161e-02   9.9356085e-01
   7.1100560e-02   9.9484868e-01
   7.5745997e-02   9.9549259e-01
   7.6023846e-02   9.9613651e-01
   7.7723680e-02   9.9678042e-01
   7.7773049e-02   9.9742434e-01
   8.8559811e-02   9.9806825e-01
   9.0067878e-02   9.9871217e-01
   1.0803947e-01   9.9935608e-01
   1.5146917e-01   1.0000000e+00
