   3.5512000e-03   0.0000000e+00
   3.5512000e-03   2.8169014e-03
   4.1968000e-03   5.6338028e-03
   5.1656000e-03   1.6901408e-02
   5.4880000e-03   1.9718310e-02
   5.8112000e-03   3.0985915e-02
   6.1336000e-03   4.2253521e-02
   6.4568000e-03   4.7887324e-02
   6.7800000e-03   6.4788732e-02
   7.1024000e-03   6.7605634e-02
   7.4256000e-03   9.0140845e-02
   7.7480000e-03   1.0422535e-01
   8.0712000e-03   1.2957746e-01
   8.3936000e-03   1.3239437e-01
   8.7168000e-03   1.4647887e-01
   9.3624000e-03   1.6619718e-01
   9.6848000e-03   1.7183099e-01
   1.0008000e-02   1.8028169e-01
   1.0331200e-02   1.8873239e-01
   1.0653600e-02   2.1690141e-01
   1.0976800e-02   2.2253521e-01
   1.1299200e-02   2.5633803e-01
   1.1622400e-02   2.7605634e-01
   1.1944800e-02   2.9859155e-01
   1.2268000e-02   3.0985915e-01
   1.2590400e-02   3.3239437e-01
   1.2913600e-02   3.3802817e-01
   1.3236800e-02   3.6338028e-01
   1.3559200e-02   3.8028169e-01
   1.3882400e-02   4.1690141e-01
   1.4204800e-02   4.2816901e-01
   1.4528000e-02   4.5352113e-01
   1.4850400e-02   4.7042254e-01
   1.5173600e-02   4.9295775e-01
   1.5496000e-02   5.0985915e-01
   1.5819200e-02   5.1267606e-01
   1.6142400e-02   5.2957746e-01
   1.6464800e-02   5.3521127e-01
   1.6788000e-02   5.4929577e-01
   1.7110400e-02   5.5492958e-01
   1.7433600e-02   5.6056338e-01
   1.7756000e-02   5.7183099e-01
   1.8079200e-02   5.8309859e-01
   1.8401600e-02   5.9154930e-01
   1.8724800e-02   6.1126761e-01
   1.9048000e-02   6.1690141e-01
   1.9370400e-02   6.1971831e-01
   2.0016000e-02   6.5633803e-01
   2.0339200e-02   6.5915493e-01
   2.0661600e-02   6.6478873e-01
   2.0984800e-02   6.6760563e-01
   2.1307200e-02   6.8732394e-01
   2.1630400e-02   6.9295775e-01
   2.1953600e-02   7.0140845e-01
   2.2276000e-02   7.0704225e-01
   2.2599200e-02   7.0985915e-01
   2.2921600e-02   7.1267606e-01
   2.3244800e-02   7.2112676e-01
   2.3567200e-02   7.2676056e-01
   2.3890400e-02   7.2957746e-01
   2.4212800e-02   7.3239437e-01
   2.4536000e-02   7.4084507e-01
   2.4858400e-02   7.4366197e-01
   2.5181600e-02   7.4647887e-01
   2.5504800e-02   7.4929577e-01
   2.5827200e-02   7.5492958e-01
   2.6150400e-02   7.6901408e-01
   2.6796000e-02   7.7183099e-01
   2.7441600e-02   7.7464789e-01
   2.7764000e-02   7.8028169e-01
   2.8087200e-02   7.8873239e-01
   2.8732800e-02   7.9436620e-01
   2.9378400e-02   8.0000000e-01
   3.0024000e-02   8.0845070e-01
   3.0347200e-02   8.1126761e-01
   3.0669600e-02   8.1408451e-01
   3.1961600e-02   8.1971831e-01
   3.2284000e-02   8.2535211e-01
   3.2929600e-02   8.2816901e-01
   3.3252800e-02   8.3098592e-01
   3.3575200e-02   8.3661972e-01
   3.3898400e-02   8.3943662e-01
   3.4220800e-02   8.4225352e-01
   3.4544000e-02   8.4507042e-01
   3.5189600e-02   8.4788732e-01
   3.5512800e-02   8.5352113e-01
   3.5835200e-02   8.5633803e-01
   3.6158400e-02   8.6478873e-01
   3.6480800e-02   8.6760563e-01
   3.8095200e-02   8.7323944e-01
   3.8740800e-02   8.7887324e-01
   3.9386400e-02   8.8169014e-01
   4.0032000e-02   8.8732394e-01
   4.0677600e-02   8.9295775e-01
   4.1969600e-02   8.9577465e-01
   4.2292000e-02   8.9859155e-01
   4.2937600e-02   9.0140845e-01
   4.4875200e-02   9.0422535e-01
   4.5197600e-02   9.0704225e-01
   4.6166400e-02   9.1267606e-01
   4.6488800e-02   9.1549296e-01
   4.7457600e-02   9.2112676e-01
   4.8103200e-02   9.2394366e-01
   4.8426400e-02   9.2676056e-01
   4.8748800e-02   9.2957746e-01
   4.9072000e-02   9.3239437e-01
   4.9394400e-02   9.3521127e-01
   4.9717600e-02   9.3802817e-01
   5.0040000e-02   9.4084507e-01
   5.0363200e-02   9.4366197e-01
   5.1332000e-02   9.4647887e-01
   5.2623200e-02   9.4929577e-01
   5.5205600e-02   9.5211268e-01
   5.5528800e-02   9.5774648e-01
   5.6820000e-02   9.6338028e-01
   5.7465600e-02   9.6619718e-01
   5.8434400e-02   9.6901408e-01
   5.8756800e-02   9.7183099e-01
   5.9080000e-02   9.7464789e-01
   6.0048800e-02   9.7746479e-01
   6.3276800e-02   9.8028169e-01
   6.3922400e-02   9.8309859e-01
   6.6182400e-02   9.8591549e-01
   6.8119200e-02   9.8873239e-01
   8.1678400e-02   9.9154930e-01
   8.7489600e-02   9.9436620e-01
   8.9749600e-02   9.9718310e-01
   1.0815200e-01   1.0000000e+00
