   5.0000000e-03   0.0000000e+00
   5.0000000e-03   3.2258065e-02
   6.1112000e-03   9.6774194e-02
   7.2224000e-03   1.2903226e-01
   7.7776000e-03   2.2580645e-01
   9.4448000e-03   2.9032258e-01
   1.0000000e-02   3.2258065e-01
   1.3333600e-02   3.5483871e-01
   1.3888800e-02   3.8709677e-01
   1.7777600e-02   4.5161290e-01
   1.8333600e-02   5.1612903e-01
   2.0555200e-02   5.4838710e-01
   2.2222400e-02   6.1290323e-01
   2.5000000e-02   6.4516129e-01
   2.5555200e-02   6.7741935e-01
   2.7222400e-02   7.4193548e-01
   2.8888800e-02   7.7419355e-01
   3.0000000e-02   8.0645161e-01
   4.0000000e-02   8.3870968e-01
   5.0000000e-02   8.7096774e-01
   6.5000000e-02   9.0322581e-01
   6.6666400e-02   9.3548387e-01
   8.1666400e-02   9.6774194e-01
   1.0944480e-01   1.0000000e+00
