   4.0528000e-03   0.0000000e+00
   4.0528000e-03   5.4347826e-03
   4.4576000e-03   1.6304348e-02
   4.8632000e-03   2.1739130e-02
   5.2688000e-03   3.8043478e-02
   5.6736000e-03   4.3478261e-02
   6.0792000e-03   8.6956522e-02
   6.4840000e-03   1.0326087e-01
   6.8896000e-03   1.4130435e-01
   7.2952000e-03   1.6847826e-01
   7.7000000e-03   1.8478261e-01
   8.1056000e-03   2.0108696e-01
   8.5104000e-03   2.1739130e-01
   8.9160000e-03   2.3913043e-01
   9.3216000e-03   2.4456522e-01
   9.7264000e-03   2.5543478e-01
   1.0132000e-02   2.6630435e-01
   1.0536800e-02   2.9347826e-01
   1.0942400e-02   3.0978261e-01
   1.1347200e-02   3.3152174e-01
   1.1752800e-02   3.4782609e-01
   1.2158400e-02   3.7500000e-01
   1.2563200e-02   3.9673913e-01
   1.2968800e-02   4.1304348e-01
   1.3373600e-02   4.4021739e-01
   1.3779200e-02   4.5108696e-01
   1.4184000e-02   4.8369565e-01
   1.4589600e-02   5.0000000e-01
   1.4995200e-02   5.2173913e-01
   1.5400000e-02   5.4347826e-01
   1.5805600e-02   5.7608696e-01
   1.6616000e-02   5.9239130e-01
   1.7021600e-02   6.0326087e-01
   1.7832000e-02   6.1413043e-01
   1.8236800e-02   6.2500000e-01
   1.8642400e-02   6.5760870e-01
   1.9048000e-02   6.6304348e-01
   1.9452800e-02   6.6847826e-01
   1.9858400e-02   6.7391304e-01
   2.0263200e-02   6.9021739e-01
   2.0668800e-02   7.0108696e-01
   2.1074400e-02   7.2282609e-01
   2.1884800e-02   7.2826087e-01
   2.2289600e-02   7.3369565e-01
   2.3100000e-02   7.3913043e-01
   2.3911200e-02   7.5543478e-01
   2.4721600e-02   7.6630435e-01
   2.5532000e-02   7.7717391e-01
   2.7558400e-02   7.8260870e-01
   2.8368800e-02   7.9347826e-01
   2.9584800e-02   7.9891304e-01
   2.9989600e-02   8.0434783e-01
   3.1205600e-02   8.0978261e-01
   3.2826400e-02   8.1521739e-01
   3.3637600e-02   8.2608696e-01
   3.4448000e-02   8.3152174e-01
   3.5258400e-02   8.3695652e-01
   3.5664000e-02   8.4239130e-01
   3.6068800e-02   8.4782609e-01
   3.6474400e-02   8.5326087e-01
   3.7284800e-02   8.5869565e-01
   3.8095200e-02   8.6413043e-01
   3.9311200e-02   8.6956522e-01
   4.4174400e-02   8.7500000e-01
   4.6605600e-02   8.8043478e-01
   4.8632000e-02   8.8586957e-01
   5.0658400e-02   9.0217391e-01
   5.1874400e-02   9.0760870e-01
   5.5116800e-02   9.1304348e-01
   5.9980000e-02   9.1847826e-01
   6.0384800e-02   9.2391304e-01
   6.0790400e-02   9.2934783e-01
   6.2006400e-02   9.3478261e-01
   6.5248000e-02   9.4021739e-01
   7.7000800e-02   9.4565217e-01
   7.7811200e-02   9.5108696e-01
   7.9027200e-02   9.5652174e-01
   8.4296000e-02   9.6195652e-01
   9.3616800e-02   9.6739130e-01
   9.4832800e-02   9.7282609e-01
   1.0010160e-01   9.7826087e-01
   1.1023280e-01   9.8369565e-01
   1.1469120e-01   9.8913043e-01
   1.3738640e-01   9.9456522e-01
   2.3100320e-01   1.0000000e+00
