   2.1280000e-03   0.0000000e+00
   2.1280000e-03   1.6260163e-03
   2.5528000e-03   8.1300813e-03
   2.9784000e-03   1.9512195e-02
   3.4040000e-03   2.9268293e-02
   3.8296000e-03   6.5040650e-02
   4.2552000e-03   7.3170732e-02
   4.6808000e-03   9.7560976e-02
   5.1064000e-03   1.3170732e-01
   5.5320000e-03   1.5772358e-01
   5.9576000e-03   2.0325203e-01
   6.3832000e-03   2.5528455e-01
   6.8088000e-03   2.9105691e-01
   7.2344000e-03   3.3008130e-01
   7.6592000e-03   3.7560976e-01
   8.0848000e-03   4.1788618e-01
   8.5104000e-03   4.6666667e-01
   8.9360000e-03   5.0081301e-01
   9.3616000e-03   5.3333333e-01
   9.7872000e-03   5.4959350e-01
   1.0212800e-02   5.8048780e-01
   1.0638400e-02   5.9674797e-01
   1.1064000e-02   6.1626016e-01
   1.1489600e-02   6.3252033e-01
   1.1915200e-02   6.5365854e-01
   1.2340000e-02   6.7642276e-01
   1.2765600e-02   6.8943089e-01
   1.3191200e-02   7.0731707e-01
   1.3616800e-02   7.1219512e-01
   1.4042400e-02   7.2032520e-01
   1.4468000e-02   7.2520325e-01
   1.4893600e-02   7.5121951e-01
   1.5319200e-02   7.5609756e-01
   1.5744800e-02   7.6097561e-01
   1.6170400e-02   7.7560976e-01
   1.6596000e-02   7.7723577e-01
   1.7021600e-02   7.7886179e-01
   1.7447200e-02   7.8536585e-01
   1.7872000e-02   7.8861789e-01
   1.8297600e-02   7.9186992e-01
   1.8723200e-02   7.9512195e-01
   1.9148800e-02   8.0000000e-01
   1.9574400e-02   8.0325203e-01
   2.0000000e-02   8.0487805e-01
   2.0425600e-02   8.1138211e-01
   2.0851200e-02   8.1788618e-01
   2.1276800e-02   8.2601626e-01
   2.1702400e-02   8.2926829e-01
   2.2128000e-02   8.3252033e-01
   2.2553600e-02   8.3902439e-01
   2.2978400e-02   8.4227642e-01
   2.3404000e-02   8.4552846e-01
   2.3829600e-02   8.4878049e-01
   2.4680800e-02   8.5040650e-01
   2.5106400e-02   8.5365854e-01
   2.5532000e-02   8.5691057e-01
   2.6383200e-02   8.5853659e-01
   2.6808800e-02   8.6016260e-01
   2.7234400e-02   8.6341463e-01
   2.7660000e-02   8.6504065e-01
   2.8084800e-02   8.7154472e-01
   2.8510400e-02   8.7317073e-01
   2.9361600e-02   8.7642276e-01
   2.9787200e-02   8.8130081e-01
   3.0212800e-02   8.8292683e-01
   3.1489600e-02   8.8943089e-01
   3.2340800e-02   8.9268293e-01
   3.2765600e-02   8.9593496e-01
   3.3616800e-02   8.9918699e-01
   3.4042400e-02   9.0243902e-01
   3.4893600e-02   9.0569106e-01
   3.5319200e-02   9.0894309e-01
   3.5744800e-02   9.1219512e-01
   3.6170400e-02   9.1382114e-01
   3.6596000e-02   9.1707317e-01
   3.7872000e-02   9.2195122e-01
   3.8723200e-02   9.2520325e-01
   3.9148800e-02   9.2682927e-01
   3.9574400e-02   9.2845528e-01
   4.2128000e-02   9.3008130e-01
   4.2553600e-02   9.3170732e-01
   4.4255200e-02   9.3333333e-01
   4.4680800e-02   9.3495935e-01
   4.6383200e-02   9.3658537e-01
   4.6808800e-02   9.3821138e-01
   4.7660000e-02   9.4146341e-01
   4.8510400e-02   9.4308943e-01
   4.8936000e-02   9.4471545e-01
   4.9361600e-02   9.4634146e-01
   5.1064000e-02   9.4959350e-01
   5.1489600e-02   9.5609756e-01
   5.2340000e-02   9.5772358e-01
   5.3191200e-02   9.5934959e-01
   5.4042400e-02   9.6097561e-01
   5.4468000e-02   9.6260163e-01
   5.4893600e-02   9.6422764e-01
   5.5319200e-02   9.6585366e-01
   5.6170400e-02   9.6747967e-01
   5.8723200e-02   9.6910569e-01
   6.0000000e-02   9.7235772e-01
   6.3829600e-02   9.7398374e-01
   6.6383200e-02   9.7560976e-01
   6.8084800e-02   9.7723577e-01
   6.8936000e-02   9.7886179e-01
   6.9361600e-02   9.8048780e-01
   7.4893600e-02   9.8211382e-01
   7.5319200e-02   9.8373984e-01
   7.9148800e-02   9.8536585e-01
   8.0851200e-02   9.8699187e-01
   8.1702400e-02   9.8861789e-01
   8.2552800e-02   9.9024390e-01
   8.8510400e-02   9.9186992e-01
   9.1915200e-02   9.9349593e-01
   9.5319200e-02   9.9512195e-01
   9.7021600e-02   9.9674797e-01
   1.0893600e-01   9.9837398e-01
   1.2085120e-01   1.0000000e+00
