   2.8952000e-03   0.0000000e+00
   2.8952000e-03   5.0838841e-04
   3.3776000e-03   1.5251652e-03
   3.8600000e-03   2.0335536e-03
   4.3424000e-03   1.0676157e-02
   4.8248000e-03   1.8301983e-02
   5.3072000e-03   2.9486528e-02
   5.7904000e-03   6.5073716e-02
   6.2728000e-03   1.0371124e-01
   6.7552000e-03   1.4844942e-01
   7.2376000e-03   2.1403152e-01
   7.7200000e-03   2.5266904e-01
   8.2024000e-03   2.9588205e-01
   8.6848000e-03   3.5231317e-01
   9.1680000e-03   3.8790036e-01
   9.6504000e-03   4.2755465e-01
   1.0132800e-02   4.7788510e-01
   1.0615200e-02   5.1448907e-01
   1.1097600e-02   5.4550076e-01
   1.1580000e-02   5.7803762e-01
   1.2062400e-02   6.0599898e-01
   1.2545600e-02   6.2989324e-01
   1.3028000e-02   6.6192171e-01
   1.3510400e-02   6.8632435e-01
   1.3992800e-02   7.1276055e-01
   1.4475200e-02   7.3716319e-01
   1.4957600e-02   7.5343162e-01
   1.5440000e-02   7.6512456e-01
   1.5923200e-02   7.7986782e-01
   1.6405600e-02   7.9257753e-01
   1.6888000e-02   8.0528724e-01
   1.7370400e-02   8.2003050e-01
   1.7852800e-02   8.3172344e-01
   1.8335200e-02   8.4189120e-01
   1.8817600e-02   8.5510930e-01
   1.9300800e-02   8.6324352e-01
   1.9783200e-02   8.7341129e-01
   2.0265600e-02   8.8357905e-01
   2.0748000e-02   8.9222166e-01
   2.1230400e-02   9.0137265e-01
   2.1712800e-02   9.0899847e-01
   2.2195200e-02   9.1154042e-01
   2.2677600e-02   9.1611591e-01
   2.3160800e-02   9.2425013e-01
   2.3643200e-02   9.3035079e-01
   2.4125600e-02   9.3543467e-01
   2.4608000e-02   9.3746823e-01
   2.5090400e-02   9.3950178e-01
   2.5572800e-02   9.4407728e-01
   2.6055200e-02   9.4712761e-01
   2.6538400e-02   9.4916116e-01
   2.7020800e-02   9.5170310e-01
   2.7503200e-02   9.5322827e-01
   2.8468000e-02   9.5577021e-01
   2.8950400e-02   9.5780376e-01
   2.9432800e-02   9.6034570e-01
   2.9915200e-02   9.6288765e-01
   3.0398400e-02   9.6339603e-01
   3.0880800e-02   9.6390442e-01
   3.1363200e-02   9.6492120e-01
   3.2328000e-02   9.6644637e-01
   3.2810400e-02   9.6746314e-01
   3.3292800e-02   9.6797153e-01
   3.3776000e-02   9.6949670e-01
   3.4258400e-02   9.7051347e-01
   3.5223200e-02   9.7102186e-01
   3.6188000e-02   9.7203864e-01
   3.6670400e-02   9.7407219e-01
   3.7152800e-02   9.7458058e-01
   3.7636000e-02   9.7559736e-01
   3.8118400e-02   9.7610574e-01
   3.9083200e-02   9.7712252e-01
   3.9565600e-02   9.7813930e-01
   4.0048000e-02   9.7864769e-01
   4.0530400e-02   9.7966446e-01
   4.1496000e-02   9.8017285e-01
   4.1978400e-02   9.8169802e-01
   4.2460800e-02   9.8220641e-01
   4.2943200e-02   9.8271479e-01
   4.3908000e-02   9.8373157e-01
   4.4391200e-02   9.8474835e-01
   4.6320800e-02   9.8525674e-01
   4.7768000e-02   9.8627351e-01
   4.8733600e-02   9.8729029e-01
   4.9698400e-02   9.8830707e-01
   5.1628800e-02   9.8881546e-01
   5.2111200e-02   9.8983223e-01
   5.4523200e-02   9.9034062e-01
   5.5005600e-02   9.9084901e-01
   5.5971200e-02   9.9135740e-01
   5.6936000e-02   9.9237417e-01
   5.9348800e-02   9.9288256e-01
   5.9831200e-02   9.9339095e-01
   6.1278400e-02   9.9389934e-01
   6.2244000e-02   9.9440773e-01
   6.4656000e-02   9.9491612e-01
   6.6586400e-02   9.9542450e-01
   7.8648800e-02   9.9593289e-01
   8.2026400e-02   9.9644128e-01
   8.9746400e-02   9.9694967e-01
   1.0759920e-01   9.9745806e-01
   1.0808240e-01   9.9796645e-01
   1.2641760e-01   9.9847483e-01
   1.5054320e-01   9.9898322e-01
   1.5440320e-01   9.9949161e-01
   2.1954160e-01   1.0000000e+00
