   4.5456000e-03   0.0000000e+00
   4.5456000e-03   4.2372881e-03
   4.9584000e-03   8.4745763e-03
   5.3720000e-03   3.3898305e-02
   5.7848000e-03   4.2372881e-02
   6.1984000e-03   5.0847458e-02
   6.6112000e-03   6.7796610e-02
   7.0248000e-03   1.1016949e-01
   7.4384000e-03   1.3135593e-01
   7.8512000e-03   1.5254237e-01
   8.2648000e-03   1.7796610e-01
   8.6776000e-03   2.0762712e-01
   9.0912000e-03   2.2457627e-01
   9.5040000e-03   2.3728814e-01
   9.9176000e-03   2.6694915e-01
   1.0330400e-02   2.7966102e-01
   1.0744000e-02   2.9237288e-01
   1.1156800e-02   3.2203390e-01
   1.1570400e-02   3.4322034e-01
   1.1983200e-02   3.6864407e-01
   1.2396800e-02   4.0254237e-01
   1.2809600e-02   4.1949153e-01
   1.3223200e-02   4.2796610e-01
   1.3636800e-02   4.4915254e-01
   1.4049600e-02   4.8305085e-01
   1.4463200e-02   4.9576271e-01
   1.4876000e-02   5.2542373e-01
   1.5289600e-02   5.3813559e-01
   1.5702400e-02   5.7627119e-01
   1.6116000e-02   6.0593220e-01
   1.6528800e-02   6.3135593e-01
   1.6942400e-02   6.3983051e-01
   1.7355200e-02   6.4830508e-01
   1.7768800e-02   6.5677966e-01
   1.8181600e-02   6.6949153e-01
   1.9421600e-02   6.7796610e-01
   1.9834400e-02   6.8220339e-01
   2.0248000e-02   6.9067797e-01
   2.0660800e-02   7.0338983e-01
   2.1074400e-02   7.2457627e-01
   2.2727200e-02   7.3305085e-01
   2.3140800e-02   7.5000000e-01
   2.3553600e-02   7.6271186e-01
   2.4380000e-02   7.7118644e-01
   2.5206400e-02   7.8389831e-01
   2.5620000e-02   8.0084746e-01
   2.6032800e-02   8.0508475e-01
   2.6446400e-02   8.0932203e-01
   2.7272800e-02   8.1355932e-01
   2.8512000e-02   8.2203390e-01
   2.8925600e-02   8.3050847e-01
   2.9339200e-02   8.3898305e-01
   3.0165600e-02   8.4322034e-01
   3.0992000e-02   8.4745763e-01
   3.1404800e-02   8.5169492e-01
   3.1818400e-02   8.5593220e-01
   3.2231200e-02   8.6016949e-01
   3.2644800e-02   8.6440678e-01
   3.3057600e-02   8.6864407e-01
   3.3884000e-02   8.7711864e-01
   3.6364000e-02   8.8135593e-01
   3.7190400e-02   8.8559322e-01
   3.8429600e-02   8.8983051e-01
   3.9256000e-02   8.9830508e-01
   3.9669600e-02   9.0254237e-01
   4.0082400e-02   9.0677966e-01
   4.1322400e-02   9.1101695e-01
   4.1735200e-02   9.1949153e-01
   4.3388000e-02   9.2372881e-01
   4.4628000e-02   9.2796610e-01
   4.5041600e-02   9.3220339e-01
   4.6694400e-02   9.4067797e-01
   4.8760000e-02   9.4491525e-01
   5.1240000e-02   9.4915254e-01
   5.2892800e-02   9.5338983e-01
   5.4958400e-02   9.5762712e-01
   6.5289600e-02   9.6186441e-01
   7.1487200e-02   9.6610169e-01
   7.3553600e-02   9.7033898e-01
   7.6446400e-02   9.7881356e-01
   7.7272800e-02   9.8305085e-01
   8.3471200e-02   9.8728814e-01
   1.1115680e-01   9.9152542e-01
   1.1322320e-01   9.9576271e-01
   2.3553680e-01   1.0000000e+00
