   6.0562116e-03   0.0000000e+00
   6.0562116e-03   2.6737968e-03
   6.0596430e-03   5.3475936e-03
   6.6709004e-03   8.0213904e-03
   7.7850493e-03   1.0695187e-02
   9.3308243e-03   1.3368984e-02
   9.5544121e-03   1.6042781e-02
   9.6103501e-03   1.8716578e-02
   9.8507830e-03   2.1390374e-02
   9.8707542e-03   2.4064171e-02
   1.0341021e-02   2.6737968e-02
   1.0516124e-02   3.2085561e-02
   1.0839732e-02   3.4759358e-02
   1.1147526e-02   3.7433155e-02
   1.1357637e-02   4.0106952e-02
   1.1821881e-02   4.2780749e-02
   1.1885276e-02   4.5454545e-02
   1.2098898e-02   4.8128342e-02
   1.2112928e-02   5.0802139e-02
   1.2122617e-02   5.3475936e-02
   1.2424263e-02   5.6149733e-02
   1.2447419e-02   5.8823529e-02
   1.2461852e-02   6.1497326e-02
   1.2601679e-02   6.4171123e-02
   1.2788076e-02   6.9518717e-02
   1.2900193e-02   7.2192513e-02
   1.3054799e-02   7.4866310e-02
   1.3333760e-02   7.7540107e-02
   1.3398651e-02   8.0213904e-02
   1.3565296e-02   8.2887701e-02
   1.3701790e-02   8.5561497e-02
   1.4045684e-02   8.8235294e-02
   1.4293165e-02   9.0909091e-02
   1.4552656e-02   9.3582888e-02
   1.4648977e-02   9.6256684e-02
   1.4730854e-02   9.8930481e-02
   1.4819920e-02   1.0160428e-01
   1.4830793e-02   1.0427807e-01
   1.4964603e-02   1.0695187e-01
   1.5619988e-02   1.0962567e-01
   1.5926705e-02   1.1229947e-01
   1.5952762e-02   1.1497326e-01
   1.6054676e-02   1.1764706e-01
   1.6259601e-02   1.2032086e-01
   1.6513635e-02   1.2299465e-01
   1.6612949e-02   1.2566845e-01
   1.6733264e-02   1.2834225e-01
   1.6734995e-02   1.3101604e-01
   1.6877241e-02   1.3368984e-01
   1.7016853e-02   1.3636364e-01
   1.7193395e-02   1.3903743e-01
   1.7204448e-02   1.4171123e-01
   1.7228290e-02   1.4438503e-01
   1.7239304e-02   1.4705882e-01
   1.7241749e-02   1.4973262e-01
   1.7530983e-02   1.5240642e-01
   1.7938603e-02   1.5508021e-01
   1.8125153e-02   1.5775401e-01
   1.8210836e-02   1.6042781e-01
   1.8297203e-02   1.6310160e-01
   1.8473478e-02   1.6577540e-01
   1.8504163e-02   1.6844920e-01
   1.8640149e-02   1.7379679e-01
   1.8737638e-02   1.7647059e-01
   1.8785519e-02   1.7914439e-01
   1.8837340e-02   1.8181818e-01
   1.8840640e-02   1.8449198e-01
   1.9083820e-02   1.8716578e-01
   1.9134302e-02   1.8983957e-01
   1.9276521e-02   1.9518717e-01
   1.9429245e-02   1.9786096e-01
   1.9470074e-02   2.0053476e-01
   1.9668063e-02   2.0320856e-01
   1.9830574e-02   2.0588235e-01
   1.9873388e-02   2.0855615e-01
   2.0148359e-02   2.1122995e-01
   2.0152006e-02   2.1390374e-01
   2.0491962e-02   2.1657754e-01
   2.0501668e-02   2.2192513e-01
   2.0582396e-02   2.2459893e-01
   2.0676841e-02   2.2727273e-01
   2.0703556e-02   2.2994652e-01
   2.0707298e-02   2.3262032e-01
   2.0731912e-02   2.3529412e-01
   2.0934335e-02   2.3796791e-01
   2.0939566e-02   2.4064171e-01
   2.1031631e-02   2.4598930e-01
   2.1039845e-02   2.4866310e-01
   2.1068209e-02   2.5133690e-01
   2.1124312e-02   2.5401070e-01
   2.1199014e-02   2.5668449e-01
   2.1222277e-02   2.5935829e-01
   2.1321663e-02   2.6737968e-01
   2.1338314e-02   2.7005348e-01
   2.1363211e-02   2.7272727e-01
   2.1500038e-02   2.7540107e-01
   2.1575569e-02   2.7807487e-01
   2.1589694e-02   2.8074866e-01
   2.1651190e-02   2.8342246e-01
   2.1655591e-02   2.8609626e-01
   2.1782636e-02   2.8877005e-01
   2.1910479e-02   2.9144385e-01
   2.1961351e-02   2.9411765e-01
   2.1984691e-02   2.9679144e-01
   2.2287085e-02   2.9946524e-01
   2.2287205e-02   3.0213904e-01
   2.2293921e-02   3.0748663e-01
   2.2444998e-02   3.1016043e-01
   2.2628939e-02   3.1283422e-01
   2.2996617e-02   3.1550802e-01
   2.2997998e-02   3.1818182e-01
   2.3002677e-02   3.2085561e-01
   2.3347331e-02   3.2352941e-01
   2.3643212e-02   3.2620321e-01
   2.3771213e-02   3.2887701e-01
   2.3895286e-02   3.3155080e-01
   2.3991988e-02   3.3422460e-01
   2.4062853e-02   3.3689840e-01
   2.4541726e-02   3.3957219e-01
   2.4709821e-02   3.4224599e-01
   2.4746454e-02   3.4491979e-01
   2.4841527e-02   3.4759358e-01
   2.4877908e-02   3.5026738e-01
   2.4893626e-02   3.5294118e-01
   2.4986483e-02   3.5561497e-01
   2.5013039e-02   3.5828877e-01
   2.5159887e-02   3.6096257e-01
   2.5219199e-02   3.6631016e-01
   2.5344990e-02   3.6898396e-01
   2.5517856e-02   3.7165775e-01
   2.5650721e-02   3.7433155e-01
   2.6110207e-02   3.7700535e-01
   2.6125373e-02   3.7967914e-01
   2.6265272e-02   3.8235294e-01
   2.6416515e-02   3.8502674e-01
   2.6433335e-02   3.9037433e-01
   2.6436669e-02   3.9572193e-01
   2.6492594e-02   3.9839572e-01
   2.6499290e-02   4.0106952e-01
   2.6718830e-02   4.0374332e-01
   2.6747976e-02   4.0641711e-01
   2.6845445e-02   4.0909091e-01
   2.7238953e-02   4.1176471e-01
   2.7419830e-02   4.1711230e-01
   2.7446706e-02   4.1978610e-01
   2.7712206e-02   4.2245989e-01
   2.7719972e-02   4.2513369e-01
   2.7762669e-02   4.2780749e-01
   2.7936446e-02   4.3048128e-01
   2.8083635e-02   4.3315508e-01
   2.8091058e-02   4.3582888e-01
   2.8102378e-02   4.3850267e-01
   2.8547342e-02   4.4117647e-01
   2.8586330e-02   4.4385027e-01
   2.8907809e-02   4.4652406e-01
   2.9114823e-02   4.4919786e-01
   2.9224004e-02   4.5187166e-01
   2.9272216e-02   4.5454545e-01
   2.9482120e-02   4.5721925e-01
   2.9833344e-02   4.5989305e-01
   2.9960942e-02   4.6256684e-01
   3.0189608e-02   4.6524064e-01
   3.0247755e-02   4.7058824e-01
   3.0637531e-02   4.7326203e-01
   3.0694805e-02   4.7593583e-01
   3.0773617e-02   4.7860963e-01
   3.0888593e-02   4.8395722e-01
   3.1018840e-02   4.8663102e-01
   3.1203197e-02   4.8930481e-01
   3.1323183e-02   4.9197861e-01
   3.1407836e-02   4.9465241e-01
   3.2049153e-02   4.9732620e-01
   3.2109805e-02   5.0000000e-01
   3.2291947e-02   5.0267380e-01
   3.2473924e-02   5.0534759e-01
   3.2478326e-02   5.1069519e-01
   3.2511429e-02   5.1336898e-01
   3.2548010e-02   5.1604278e-01
   3.2569679e-02   5.1871658e-01
   3.2679699e-02   5.2139037e-01
   3.2724451e-02   5.2406417e-01
   3.2942027e-02   5.2673797e-01
   3.3055118e-02   5.3208556e-01
   3.3072527e-02   5.3475936e-01
   3.3355350e-02   5.3743316e-01
   3.3463063e-02   5.4010695e-01
   3.3496911e-02   5.4278075e-01
   3.3566120e-02   5.5080214e-01
   3.3581142e-02   5.5614973e-01
   3.3798605e-02   5.5882353e-01
   3.3849176e-02   5.6149733e-01
   3.4183477e-02   5.6417112e-01
   3.4186813e-02   5.6684492e-01
   3.4256640e-02   5.6951872e-01
   3.4489781e-02   5.7219251e-01
   3.4706513e-02   5.7486631e-01
   3.4717873e-02   5.7754011e-01
   3.4824556e-02   5.8021390e-01
   3.4835411e-02   5.8288770e-01
   3.5028528e-02   5.8556150e-01
   3.5035470e-02   5.8823529e-01
   3.5077596e-02   5.9090909e-01
   3.5313637e-02   5.9358289e-01
   3.5465093e-02   5.9625668e-01
   3.5759863e-02   5.9893048e-01
   3.5864629e-02   6.0160428e-01
   3.6234960e-02   6.0427807e-01
   3.6279441e-02   6.0695187e-01
   3.6338279e-02   6.0962567e-01
   3.6518521e-02   6.1229947e-01
   3.6622399e-02   6.1497326e-01
   3.7432221e-02   6.1764706e-01
   3.7571320e-02   6.2032086e-01
   3.7668228e-02   6.2299465e-01
   3.7734583e-02   6.2566845e-01
   3.7962853e-02   6.2834225e-01
   3.8167640e-02   6.3101604e-01
   3.8238118e-02   6.3368984e-01
   3.8276500e-02   6.3636364e-01
   3.8677478e-02   6.3903743e-01
   3.9398346e-02   6.4171123e-01
   3.9623896e-02   6.4438503e-01
   3.9785237e-02   6.4705882e-01
   3.9826291e-02   6.4973262e-01
   3.9857641e-02   6.5240642e-01
   3.9897354e-02   6.5508021e-01
   4.0063905e-02   6.5775401e-01
   4.0179985e-02   6.6042781e-01
   4.0281187e-02   6.6310160e-01
   4.0448592e-02   6.6577540e-01
   4.0538272e-02   6.6844920e-01
   4.0760234e-02   6.7112299e-01
   4.1407628e-02   6.7379679e-01
   4.1413465e-02   6.7647059e-01
   4.1507110e-02   6.8181818e-01
   4.2362567e-02   6.8449198e-01
   4.2475802e-02   6.8716578e-01
   4.2539230e-02   6.8983957e-01
   4.2570986e-02   6.9251337e-01
   4.2987989e-02   6.9518717e-01
   4.3341791e-02   6.9786096e-01
   4.3421123e-02   7.0053476e-01
   4.3501402e-02   7.0320856e-01
   4.3638910e-02   7.0588235e-01
   4.3692689e-02   7.0855615e-01
   4.3785606e-02   7.1122995e-01
   4.4002869e-02   7.1390374e-01
   4.4189360e-02   7.1657754e-01
   4.4285273e-02   7.1925134e-01
   4.4540917e-02   7.2192513e-01
   4.4617708e-02   7.2459893e-01
   4.4941315e-02   7.2727273e-01
   4.5065971e-02   7.2994652e-01
   4.5226858e-02   7.3262032e-01
   4.5247078e-02   7.3529412e-01
   4.5283544e-02   7.3796791e-01
   4.5852253e-02   7.4064171e-01
   4.5963158e-02   7.4331551e-01
   4.6056301e-02   7.4598930e-01
   4.6828568e-02   7.4866310e-01
   4.7634090e-02   7.5133690e-01
   4.7717359e-02   7.5401070e-01
   4.7747095e-02   7.5668449e-01
   4.7760751e-02   7.5935829e-01
   4.7857641e-02   7.6203209e-01
   4.8133408e-02   7.6470588e-01
   4.9041339e-02   7.6737968e-01
   4.9082321e-02   7.7005348e-01
   4.9565415e-02   7.7272727e-01
   4.9658729e-02   7.7540107e-01
   4.9679808e-02   7.7807487e-01
   5.0199792e-02   7.8074866e-01
   5.0217976e-02   7.8342246e-01
   5.0329738e-02   7.8609626e-01
   5.0408653e-02   7.8877005e-01
   5.0447451e-02   7.9144385e-01
   5.0983287e-02   7.9411765e-01
   5.1008635e-02   7.9679144e-01
   5.1157482e-02   7.9946524e-01
   5.1229524e-02   8.0213904e-01
   5.1337095e-02   8.0481283e-01
   5.1357562e-02   8.0748663e-01
   5.1430740e-02   8.1016043e-01
   5.1638178e-02   8.1283422e-01
   5.1917601e-02   8.1550802e-01
   5.2305624e-02   8.1818182e-01
   5.2358807e-02   8.2085561e-01
   5.2542268e-02   8.2352941e-01
   5.2604846e-02   8.2620321e-01
   5.3109697e-02   8.2887701e-01
   5.3150042e-02   8.3155080e-01
   5.4576715e-02   8.3422460e-01
   5.5343505e-02   8.3689840e-01
   5.5723006e-02   8.3957219e-01
   5.6534966e-02   8.4224599e-01
   5.7114571e-02   8.4491979e-01
   5.7827232e-02   8.4759358e-01
   5.7883522e-02   8.5026738e-01
   5.8583747e-02   8.5294118e-01
   5.8855392e-02   8.5561497e-01
   5.9089490e-02   8.5828877e-01
   5.9601993e-02   8.6096257e-01
   5.9633002e-02   8.6363636e-01
   5.9640332e-02   8.6631016e-01
   6.0020998e-02   8.6898396e-01
   6.0509828e-02   8.7165775e-01
   6.0672106e-02   8.7433155e-01
   6.1307505e-02   8.7700535e-01
   6.1875098e-02   8.7967914e-01
   6.2883404e-02   8.8235294e-01
   6.3072859e-02   8.8502674e-01
   6.4565670e-02   8.8770053e-01
   6.4680247e-02   8.9037433e-01
   6.6871387e-02   8.9304813e-01
   6.7234805e-02   8.9572193e-01
   6.7508248e-02   8.9839572e-01
   6.7698858e-02   9.0106952e-01
   6.8912208e-02   9.0374332e-01
   6.9126118e-02   9.0641711e-01
   6.9431356e-02   9.0909091e-01
   6.9805282e-02   9.1176471e-01
   7.0988869e-02   9.1443850e-01
   7.1044224e-02   9.1711230e-01
   7.1170479e-02   9.1978610e-01
   7.1357853e-02   9.2245989e-01
   7.3905602e-02   9.2513369e-01
   7.4144875e-02   9.2780749e-01
   7.5469710e-02   9.3048128e-01
   7.6699192e-02   9.3315508e-01
   7.7064721e-02   9.3582888e-01
   7.7105431e-02   9.3850267e-01
   7.7718662e-02   9.4117647e-01
   7.8173782e-02   9.4385027e-01
   7.8986918e-02   9.4652406e-01
   8.0062169e-02   9.4919786e-01
   8.0564786e-02   9.5187166e-01
   8.0837617e-02   9.5454545e-01
   8.1470441e-02   9.5721925e-01
   8.8507379e-02   9.5989305e-01
   9.0378290e-02   9.6256684e-01
   9.3056521e-02   9.6524064e-01
   9.5457631e-02   9.6791444e-01
   9.5618648e-02   9.7058824e-01
   9.7532270e-02   9.7326203e-01
   1.0029931e-01   9.7593583e-01
   1.0227962e-01   9.7860963e-01
   1.0541273e-01   9.8128342e-01
   1.0572351e-01   9.8395722e-01
   1.0628193e-01   9.8663102e-01
   1.1072178e-01   9.8930481e-01
   1.1590716e-01   9.9197861e-01
   1.1710742e-01   9.9465241e-01
   1.2367920e-01   9.9732620e-01
   1.8453930e-01   1.0000000e+00
