   5.9520809e-03   0.0000000e+00
   5.9520809e-03   4.5662100e-03
   6.0356551e-03   6.8493151e-03
   6.2269544e-03   9.1324201e-03
   6.5297678e-03   1.1415525e-02
   7.1449519e-03   1.3698630e-02
   7.3854908e-03   1.5981735e-02
   7.6554436e-03   1.8264840e-02
   8.0126998e-03   2.0547945e-02
   8.1196140e-03   2.2831050e-02
   8.3396446e-03   2.5114155e-02
   8.5015524e-03   2.7397260e-02
   8.5796163e-03   2.9680365e-02
   8.6661658e-03   3.1963470e-02
   8.7907751e-03   3.4246575e-02
   9.0680852e-03   3.6529680e-02
   9.0897658e-03   4.1095890e-02
   9.3582202e-03   4.3378995e-02
   9.3981933e-03   4.5662100e-02
   9.4710339e-03   4.7945205e-02
   9.4850162e-03   5.0228311e-02
   9.5206740e-03   5.2511416e-02
   9.5443600e-03   5.9360731e-02
   9.7140301e-03   6.1643836e-02
   9.7676290e-03   6.3926941e-02
   9.9268289e-03   6.6210046e-02
   1.0037106e-02   6.8493151e-02
   1.0210656e-02   7.3059361e-02
   1.0226352e-02   7.5342466e-02
   1.0253976e-02   7.7625571e-02
   1.0309930e-02   7.9908676e-02
   1.0321322e-02   8.2191781e-02
   1.0435316e-02   8.4474886e-02
   1.0482281e-02   8.6757991e-02
   1.0507644e-02   8.9041096e-02
   1.0533727e-02   9.3607306e-02
   1.0602917e-02   9.5890411e-02
   1.0643452e-02   9.8173516e-02
   1.0770146e-02   1.0045662e-01
   1.0848286e-02   1.0502283e-01
   1.1052109e-02   1.0730594e-01
   1.1101264e-02   1.0958904e-01
   1.1300659e-02   1.1187215e-01
   1.1340885e-02   1.1415525e-01
   1.1372455e-02   1.1643836e-01
   1.1389957e-02   1.2100457e-01
   1.1629968e-02   1.2328767e-01
   1.1758247e-02   1.2557078e-01
   1.1829920e-02   1.2785388e-01
   1.1905889e-02   1.3242009e-01
   1.1930081e-02   1.3470320e-01
   1.2094929e-02   1.3698630e-01
   1.2167691e-02   1.3926941e-01
   1.2179077e-02   1.4155251e-01
   1.2198090e-02   1.4383562e-01
   1.2199111e-02   1.5068493e-01
   1.2237521e-02   1.5296804e-01
   1.2396614e-02   1.5525114e-01
   1.2548329e-02   1.5753425e-01
   1.2763147e-02   1.5981735e-01
   1.2958432e-02   1.6210046e-01
   1.3040130e-02   1.6438356e-01
   1.3060153e-02   1.6666667e-01
   1.3293465e-02   1.6894977e-01
   1.3319110e-02   1.7351598e-01
   1.3361198e-02   1.7579909e-01
   1.3436540e-02   1.7808219e-01
   1.3883599e-02   1.8036530e-01
   1.3886299e-02   1.8264840e-01
   1.3893250e-02   1.8493151e-01
   1.3941381e-02   1.8721461e-01
   1.4003187e-02   1.8949772e-01
   1.4118250e-02   1.9406393e-01
   1.4227363e-02   1.9634703e-01
   1.4253328e-02   1.9863014e-01
   1.4281011e-02   2.0091324e-01
   1.4482469e-02   2.0319635e-01
   1.4537643e-02   2.0547945e-01
   1.4701124e-02   2.0776256e-01
   1.4742439e-02   2.1004566e-01
   1.4770943e-02   2.1232877e-01
   1.4847400e-02   2.1461187e-01
   1.5077756e-02   2.1689498e-01
   1.5105943e-02   2.1917808e-01
   1.5302453e-02   2.2146119e-01
   1.5321164e-02   2.2374429e-01
   1.5339255e-02   2.2602740e-01
   1.5380607e-02   2.2831050e-01
   1.5459134e-02   2.3059361e-01
   1.6174171e-02   2.3287671e-01
   1.6176119e-02   2.3515982e-01
   1.6213567e-02   2.3744292e-01
   1.6296328e-02   2.3972603e-01
   1.6350823e-02   2.4200913e-01
   1.6356523e-02   2.4657534e-01
   1.6739685e-02   2.4885845e-01
   1.6910772e-02   2.5114155e-01
   1.6910849e-02   2.5342466e-01
   1.7053104e-02   2.5570776e-01
   1.7083704e-02   2.5799087e-01
   1.7091781e-02   2.6027397e-01
   1.7126895e-02   2.6255708e-01
   1.7304651e-02   2.6484018e-01
   1.7349357e-02   2.6940639e-01
   1.7393401e-02   2.7168950e-01
   1.7407322e-02   2.7625571e-01
   1.7569599e-02   2.7853881e-01
   1.7660341e-02   2.8082192e-01
   1.7785233e-02   2.8310502e-01
   1.7854039e-02   2.8538813e-01
   1.7902058e-02   2.8767123e-01
   1.7974919e-02   2.8995434e-01
   1.8021238e-02   2.9223744e-01
   1.8127360e-02   2.9452055e-01
   1.8141719e-02   2.9908676e-01
   1.8180116e-02   3.0136986e-01
   1.8263632e-02   3.0593607e-01
   1.8378195e-02   3.0821918e-01
   1.8458569e-02   3.1050228e-01
   1.8464148e-02   3.1278539e-01
   1.8703392e-02   3.1506849e-01
   1.8728455e-02   3.1735160e-01
   1.8983090e-02   3.1963470e-01
   1.8992176e-02   3.2191781e-01
   1.9053517e-02   3.2648402e-01
   1.9233477e-02   3.2876712e-01
   1.9285042e-02   3.3333333e-01
   1.9316118e-02   3.3561644e-01
   1.9553409e-02   3.3789954e-01
   1.9589921e-02   3.4246575e-01
   1.9633403e-02   3.4474886e-01
   1.9692548e-02   3.4703196e-01
   1.9836827e-02   3.4931507e-01
   1.9839728e-02   3.5159817e-01
   1.9856607e-02   3.5388128e-01
   1.9890841e-02   3.5616438e-01
   1.9899869e-02   3.5844749e-01
   1.9931894e-02   3.6073059e-01
   1.9940580e-02   3.6301370e-01
   1.9994858e-02   3.6529680e-01
   2.0120260e-02   3.6986301e-01
   2.0128853e-02   3.7214612e-01
   2.0189989e-02   3.7442922e-01
   2.0251144e-02   3.7671233e-01
   2.0315733e-02   3.7899543e-01
   2.0323265e-02   3.8127854e-01
   2.0343574e-02   3.8584475e-01
   2.0483748e-02   3.8812785e-01
   2.0500827e-02   3.9041096e-01
   2.0514193e-02   3.9269406e-01
   2.0639971e-02   3.9497717e-01
   2.0718801e-02   3.9726027e-01
   2.0972250e-02   3.9954338e-01
   2.1196837e-02   4.0182648e-01
   2.1369229e-02   4.0410959e-01
   2.1551207e-02   4.0639269e-01
   2.1556750e-02   4.0867580e-01
   2.1634986e-02   4.1095890e-01
   2.1830576e-02   4.1324201e-01
   2.1871836e-02   4.1552511e-01
   2.1880125e-02   4.1780822e-01
   2.1929128e-02   4.2009132e-01
   2.2183254e-02   4.2237443e-01
   2.2306717e-02   4.2465753e-01
   2.2329444e-02   4.2694064e-01
   2.2583346e-02   4.2922374e-01
   2.2648516e-02   4.3150685e-01
   2.2700026e-02   4.3378995e-01
   2.2745039e-02   4.3607306e-01
   2.2771209e-02   4.3835616e-01
   2.2869875e-02   4.4292237e-01
   2.3129277e-02   4.4520548e-01
   2.3246708e-02   4.4748858e-01
   2.3500248e-02   4.4977169e-01
   2.3521621e-02   4.5205479e-01
   2.3523266e-02   4.5433790e-01
   2.3712181e-02   4.5662100e-01
   2.3772875e-02   4.5890411e-01
   2.3834502e-02   4.6118721e-01
   2.3861293e-02   4.6347032e-01
   2.3981231e-02   4.6575342e-01
   2.4000781e-02   4.6803653e-01
   2.4127119e-02   4.7031963e-01
   2.4282125e-02   4.7260274e-01
   2.4478451e-02   4.7488584e-01
   2.4666903e-02   4.7716895e-01
   2.4668976e-02   4.7945205e-01
   2.4786132e-02   4.8173516e-01
   2.4786555e-02   4.8401826e-01
   2.4788010e-02   4.8630137e-01
   2.4929864e-02   4.8858447e-01
   2.4944811e-02   4.9086758e-01
   2.5223020e-02   4.9315068e-01
   2.5268027e-02   4.9543379e-01
   2.5483788e-02   4.9771689e-01
   2.5739469e-02   5.0000000e-01
   2.5788467e-02   5.0228311e-01
   2.5986088e-02   5.0456621e-01
   2.6024129e-02   5.0684932e-01
   2.6120306e-02   5.0913242e-01
   2.6208597e-02   5.1141553e-01
   2.6243795e-02   5.1598174e-01
   2.6386864e-02   5.1826484e-01
   2.6420229e-02   5.2054795e-01
   2.6468709e-02   5.2283105e-01
   2.6553513e-02   5.2511416e-01
   2.6629156e-02   5.2739726e-01
   2.6677743e-02   5.2968037e-01
   2.6704443e-02   5.3196347e-01
   2.6925969e-02   5.3424658e-01
   2.7123388e-02   5.3652968e-01
   2.7232084e-02   5.3881279e-01
   2.7709212e-02   5.4109589e-01
   2.7714605e-02   5.4337900e-01
   2.7762112e-02   5.4566210e-01
   2.7773209e-02   5.4794521e-01
   2.7939464e-02   5.5022831e-01
   2.7949040e-02   5.5251142e-01
   2.8079392e-02   5.5479452e-01
   2.8103752e-02   5.5707763e-01
   2.8193979e-02   5.5936073e-01
   2.8340196e-02   5.6164384e-01
   2.8375192e-02   5.6392694e-01
   2.8394052e-02   5.6621005e-01
   2.8450974e-02   5.6849315e-01
   2.8455849e-02   5.7077626e-01
   2.8581110e-02   5.7305936e-01
   2.8591978e-02   5.7534247e-01
   2.8753862e-02   5.7762557e-01
   2.8860287e-02   5.7990868e-01
   2.8881822e-02   5.8219178e-01
   2.8940890e-02   5.8447489e-01
   2.9075733e-02   5.8675799e-01
   2.9240279e-02   5.8904110e-01
   2.9279133e-02   5.9132420e-01
   2.9294279e-02   5.9360731e-01
   2.9382816e-02   5.9589041e-01
   2.9486009e-02   5.9817352e-01
   2.9839953e-02   6.0045662e-01
   3.0029334e-02   6.0273973e-01
   3.0079446e-02   6.0502283e-01
   3.0918770e-02   6.0730594e-01
   3.0961632e-02   6.0958904e-01
   3.1093167e-02   6.1187215e-01
   3.1123113e-02   6.1415525e-01
   3.1172446e-02   6.1643836e-01
   3.1188549e-02   6.1872146e-01
   3.1229486e-02   6.2100457e-01
   3.1669861e-02   6.2328767e-01
   3.1858956e-02   6.2557078e-01
   3.2023840e-02   6.2785388e-01
   3.2311360e-02   6.3013699e-01
   3.2618770e-02   6.3242009e-01
   3.2898229e-02   6.3470320e-01
   3.2951059e-02   6.3698630e-01
   3.3049343e-02   6.3926941e-01
   3.3679961e-02   6.4155251e-01
   3.3692564e-02   6.4383562e-01
   3.3723566e-02   6.4611872e-01
   3.3736825e-02   6.4840183e-01
   3.3824125e-02   6.5068493e-01
   3.4392376e-02   6.5296804e-01
   3.5125232e-02   6.5525114e-01
   3.5139781e-02   6.5753425e-01
   3.5302641e-02   6.5981735e-01
   3.5386562e-02   6.6438356e-01
   3.5576818e-02   6.6666667e-01
   3.5657284e-02   6.6894977e-01
   3.5662812e-02   6.7123288e-01
   3.5844870e-02   6.7351598e-01
   3.5886016e-02   6.7579909e-01
   3.5985884e-02   6.7808219e-01
   3.6267453e-02   6.8036530e-01
   3.6389160e-02   6.8264840e-01
   3.6867299e-02   6.8493151e-01
   3.7746335e-02   6.8721461e-01
   3.7848200e-02   6.8949772e-01
   3.7853558e-02   6.9178082e-01
   3.8095473e-02   6.9406393e-01
   3.8107571e-02   6.9634703e-01
   3.8562101e-02   6.9863014e-01
   3.8617039e-02   7.0091324e-01
   3.8823731e-02   7.0319635e-01
   3.9107405e-02   7.0547945e-01
   3.9119831e-02   7.0776256e-01
   3.9476557e-02   7.1004566e-01
   3.9671371e-02   7.1232877e-01
   3.9863187e-02   7.1461187e-01
   3.9967751e-02   7.1689498e-01
   4.0101926e-02   7.1917808e-01
   4.0114120e-02   7.2146119e-01
   4.0254798e-02   7.2374429e-01
   4.0294267e-02   7.2831050e-01
   4.0323654e-02   7.3059361e-01
   4.0782438e-02   7.3287671e-01
   4.0806847e-02   7.3515982e-01
   4.0906949e-02   7.3744292e-01
   4.1099777e-02   7.3972603e-01
   4.1472647e-02   7.4200913e-01
   4.1571996e-02   7.4429224e-01
   4.1577534e-02   7.4657534e-01
   4.1689904e-02   7.4885845e-01
   4.2574056e-02   7.5114155e-01
   4.3187771e-02   7.5342466e-01
   4.3328489e-02   7.5570776e-01
   4.3442499e-02   7.5799087e-01
   4.3465836e-02   7.6027397e-01
   4.3678959e-02   7.6255708e-01
   4.3993645e-02   7.6484018e-01
   4.4002456e-02   7.6712329e-01
   4.4636034e-02   7.6940639e-01
   4.5061384e-02   7.7168950e-01
   4.5167199e-02   7.7397260e-01
   4.5422183e-02   7.7625571e-01
   4.5641399e-02   7.7853881e-01
   4.5683221e-02   7.8082192e-01
   4.5742481e-02   7.8310502e-01
   4.6614153e-02   7.8538813e-01
   4.8703886e-02   7.8767123e-01
   4.8742024e-02   7.8995434e-01
   4.9033156e-02   7.9223744e-01
   4.9263450e-02   7.9452055e-01
   4.9796497e-02   7.9680365e-01
   4.9879229e-02   7.9908676e-01
   5.0180877e-02   8.0136986e-01
   5.0334173e-02   8.0365297e-01
   5.1094917e-02   8.0593607e-01
   5.1677683e-02   8.0821918e-01
   5.2036615e-02   8.1050228e-01
   5.2358284e-02   8.1278539e-01
   5.2949846e-02   8.1506849e-01
   5.3446542e-02   8.1735160e-01
   5.3746777e-02   8.1963470e-01
   5.3843655e-02   8.2191781e-01
   5.4075815e-02   8.2420091e-01
   5.4313390e-02   8.2648402e-01
   5.4321099e-02   8.2876712e-01
   5.5072884e-02   8.3105023e-01
   5.5547549e-02   8.3333333e-01
   5.5819356e-02   8.3561644e-01
   5.5831661e-02   8.3789954e-01
   5.5841402e-02   8.4018265e-01
   5.6365590e-02   8.4246575e-01
   5.6589695e-02   8.4474886e-01
   5.6812352e-02   8.4703196e-01
   5.7488081e-02   8.4931507e-01
   5.7646245e-02   8.5159817e-01
   5.8098986e-02   8.5388128e-01
   5.8645754e-02   8.5616438e-01
   5.9223706e-02   8.5844749e-01
   5.9285388e-02   8.6073059e-01
   5.9587790e-02   8.6301370e-01
   6.0648744e-02   8.6529680e-01
   6.4220971e-02   8.6757991e-01
   6.5023840e-02   8.6986301e-01
   6.6131771e-02   8.7214612e-01
   6.6348671e-02   8.7442922e-01
   6.7083964e-02   8.7671233e-01
   6.7448442e-02   8.7899543e-01
   6.8306175e-02   8.8127854e-01
   6.8649185e-02   8.8356164e-01
   6.8682304e-02   8.8584475e-01
   6.9712455e-02   8.8812785e-01
   7.0015910e-02   8.9041096e-01
   7.1721141e-02   8.9269406e-01
   7.2599981e-02   8.9497717e-01
   7.3611519e-02   8.9726027e-01
   7.4982521e-02   8.9954338e-01
   7.5078735e-02   9.0182648e-01
   7.6585165e-02   9.0410959e-01
   7.8844872e-02   9.0639269e-01
   7.9265321e-02   9.0867580e-01
   7.9524072e-02   9.1095890e-01
   8.0234164e-02   9.1324201e-01
   8.0801459e-02   9.1552511e-01
   8.2182350e-02   9.1780822e-01
   8.2251036e-02   9.2009132e-01
   8.3602154e-02   9.2237443e-01
   8.4200811e-02   9.2465753e-01
   8.4302322e-02   9.2694064e-01
   8.4390585e-02   9.2922374e-01
   8.4989188e-02   9.3150685e-01
   8.6883702e-02   9.3378995e-01
   8.9030385e-02   9.3607306e-01
   9.0543687e-02   9.3835616e-01
   9.0556976e-02   9.4063927e-01
   9.3394472e-02   9.4292237e-01
   9.6645497e-02   9.4520548e-01
   9.8154580e-02   9.4748858e-01
   9.9021760e-02   9.4977169e-01
   1.0294551e-01   9.5205479e-01
   1.0526985e-01   9.5433790e-01
   1.0542194e-01   9.5662100e-01
   1.0544488e-01   9.5890411e-01
   1.1307399e-01   9.6118721e-01
   1.1648380e-01   9.6347032e-01
   1.1756072e-01   9.6575342e-01
   1.1782185e-01   9.6803653e-01
   1.1833796e-01   9.7031963e-01
   1.2340835e-01   9.7260274e-01
   1.2420741e-01   9.7488584e-01
   1.3035656e-01   9.7716895e-01
   1.3598209e-01   9.7945205e-01
   1.3632380e-01   9.8173516e-01
   1.3989103e-01   9.8401826e-01
   1.4700246e-01   9.8630137e-01
   1.4724474e-01   9.8858447e-01
   1.5776326e-01   9.9086758e-01
   1.6330596e-01   9.9315068e-01
   1.6987936e-01   9.9543379e-01
   1.9023993e-01   9.9771689e-01
   2.1986341e-01   1.0000000e+00
