   5.2503490e-03   0.0000000e+00
   5.2503490e-03   9.8814229e-04
   5.4395311e-03   1.9762846e-03
   5.5036979e-03   2.9644269e-03
   5.6520174e-03   3.9525692e-03
   5.7363308e-03   4.9407115e-03
   6.0591037e-03   5.9288538e-03
   6.1182431e-03   6.9169960e-03
   6.1442535e-03   8.8932806e-03
   6.3742509e-03   9.8814229e-03
   6.4189534e-03   1.1857708e-02
   6.4880808e-03   1.2845850e-02
   6.7089649e-03   1.3833992e-02
   6.9179113e-03   1.4822134e-02
   7.1121039e-03   1.6798419e-02
   7.3509383e-03   1.9762846e-02
   7.3651560e-03   2.0750988e-02
   7.6530232e-03   2.1739130e-02
   7.6566741e-03   2.2727273e-02
   7.7031031e-03   2.4703557e-02
   7.8052806e-03   2.6679842e-02
   7.9687235e-03   2.9644269e-02
   7.9918876e-03   3.2608696e-02
   7.9926435e-03   3.3596838e-02
   8.0684634e-03   3.6561265e-02
   8.2904003e-03   3.7549407e-02
   8.2930422e-03   3.8537549e-02
   8.3374588e-03   3.9525692e-02
   8.3446133e-03   4.0513834e-02
   8.4453067e-03   4.1501976e-02
   8.5865040e-03   4.2490119e-02
   8.5930750e-03   4.5454545e-02
   8.6041991e-03   4.9407115e-02
   8.6334729e-03   5.1383399e-02
   8.6888511e-03   5.2371542e-02
   8.8328158e-03   5.4347826e-02
   8.9254193e-03   5.5335968e-02
   8.9635105e-03   5.8300395e-02
   8.9992449e-03   5.9288538e-02
   9.2284401e-03   6.4229249e-02
   9.2545137e-03   6.7193676e-02
   9.2745701e-03   7.6086957e-02
   9.3113895e-03   7.7075099e-02
   9.3517585e-03   8.0039526e-02
   9.4107239e-03   8.3003953e-02
   9.4552311e-03   8.3992095e-02
   9.5607703e-03   8.4980237e-02
   9.5733232e-03   8.5968379e-02
   9.5918443e-03   8.6956522e-02
   9.6287631e-03   8.8932806e-02
   9.6317381e-03   8.9920949e-02
   9.6648906e-03   9.1897233e-02
   9.7355868e-03   9.2885375e-02
   9.8808619e-03   9.5849802e-02
   9.8876581e-03   9.8814229e-02
   9.8966593e-03   9.9802372e-02
   9.9168516e-03   1.0276680e-01
   9.9353719e-03   1.0474308e-01
   9.9929250e-03   1.0671937e-01
   1.0041785e-02   1.0770751e-01
   1.0109754e-02   1.0869565e-01
   1.0197494e-02   1.1067194e-01
   1.0214052e-02   1.1363636e-01
   1.0221248e-02   1.1758893e-01
   1.0264985e-02   1.1857708e-01
   1.0270804e-02   1.2154150e-01
   1.0366524e-02   1.2351779e-01
   1.0388817e-02   1.2549407e-01
   1.0458486e-02   1.2648221e-01
   1.0501152e-02   1.2944664e-01
   1.0520661e-02   1.3537549e-01
   1.0521265e-02   1.3636364e-01
   1.0558046e-02   1.3833992e-01
   1.0634646e-02   1.4031621e-01
   1.0640912e-02   1.4130435e-01
   1.0748576e-02   1.4723320e-01
   1.0758166e-02   1.4822134e-01
   1.0834780e-02   1.5019763e-01
   1.0852698e-02   1.5217391e-01
   1.0854943e-02   1.5513834e-01
   1.0900306e-02   1.5711462e-01
   1.0908314e-02   1.6106719e-01
   1.0912314e-02   1.6304348e-01
   1.1001802e-02   1.6403162e-01
   1.1007396e-02   1.6501976e-01
   1.1086110e-02   1.6600791e-01
   1.1130890e-02   1.6798419e-01
   1.1138867e-02   1.6897233e-01
   1.1156903e-02   1.7094862e-01
   1.1159656e-02   1.7490119e-01
   1.1189925e-02   1.7885375e-01
   1.1199824e-02   1.8478261e-01
   1.1260637e-02   1.8675889e-01
   1.1275889e-02   1.8873518e-01
   1.1295377e-02   1.8972332e-01
   1.1305733e-02   1.9169960e-01
   1.1472662e-02   1.9268775e-01
   1.1485201e-02   1.9565217e-01
   1.1493050e-02   1.9664032e-01
   1.1495399e-02   1.9861660e-01
   1.1507994e-02   1.9960474e-01
   1.1533648e-02   2.0059289e-01
   1.1535329e-02   2.0256917e-01
   1.1554355e-02   2.0355731e-01
   1.1648526e-02   2.0553360e-01
   1.1715646e-02   2.0652174e-01
   1.1735870e-02   2.0750988e-01
   1.1736074e-02   2.1047431e-01
   1.1792172e-02   2.1146245e-01
   1.1799501e-02   2.1343874e-01
   1.1820342e-02   2.1541502e-01
   1.1841084e-02   2.1936759e-01
   1.1882072e-02   2.2332016e-01
   1.1918288e-02   2.2529644e-01
   1.1937925e-02   2.2628458e-01
   1.2108643e-02   2.2826087e-01
   1.2110392e-02   2.2924901e-01
   1.2118826e-02   2.3320158e-01
   1.2131257e-02   2.3418972e-01
   1.2136528e-02   2.3517787e-01
   1.2160553e-02   2.3913043e-01
   1.2171479e-02   2.4011858e-01
   1.2196464e-02   2.4308300e-01
   1.2236047e-02   2.4407115e-01
   1.2289631e-02   2.4604743e-01
   1.2346055e-02   2.4802372e-01
   1.2414823e-02   2.5000000e-01
   1.2438998e-02   2.5296443e-01
   1.2450885e-02   2.5395257e-01
   1.2483500e-02   2.5691700e-01
   1.2484603e-02   2.5790514e-01
   1.2506649e-02   2.5889328e-01
   1.2559585e-02   2.6086957e-01
   1.2572031e-02   2.6185771e-01
   1.2668278e-02   2.6284585e-01
   1.2713285e-02   2.6383399e-01
   1.2749090e-02   2.6778656e-01
   1.2752678e-02   2.6877470e-01
   1.2759882e-02   2.6976285e-01
   1.2777759e-02   2.7173913e-01
   1.2789126e-02   2.7272727e-01
   1.2838505e-02   2.7371542e-01
   1.2856907e-02   2.7766798e-01
   1.2864372e-02   2.7865613e-01
   1.2930329e-02   2.7964427e-01
   1.2976529e-02   2.8063241e-01
   1.3053594e-02   2.8162055e-01
   1.3065140e-02   2.8260870e-01
   1.3079823e-02   2.8754941e-01
   1.3083119e-02   2.8952569e-01
   1.3124808e-02   2.9150198e-01
   1.3211591e-02   2.9446640e-01
   1.3246258e-02   2.9644269e-01
   1.3308060e-02   2.9743083e-01
   1.3322067e-02   2.9841897e-01
   1.3387871e-02   3.0138340e-01
   1.3388067e-02   3.0237154e-01
   1.3389506e-02   3.0335968e-01
   1.3419061e-02   3.0533597e-01
   1.3435594e-02   3.0632411e-01
   1.3462008e-02   3.0731225e-01
   1.3480015e-02   3.0830040e-01
   1.3571606e-02   3.1027668e-01
   1.3599346e-02   3.1126482e-01
   1.3631459e-02   3.1225296e-01
   1.3715644e-02   3.1422925e-01
   1.3831788e-02   3.1620553e-01
   1.3842660e-02   3.1818182e-01
   1.3842755e-02   3.2015810e-01
   1.3933563e-02   3.2114625e-01
   1.3949122e-02   3.2213439e-01
   1.4019843e-02   3.2411067e-01
   1.4024879e-02   3.2509881e-01
   1.4027366e-02   3.2608696e-01
   1.4059873e-02   3.2707510e-01
   1.4082875e-02   3.2905138e-01
   1.4097910e-02   3.3102767e-01
   1.4104065e-02   3.3201581e-01
   1.4122057e-02   3.3498024e-01
   1.4213070e-02   3.3794466e-01
   1.4224208e-02   3.3893281e-01
   1.4244769e-02   3.3992095e-01
   1.4349475e-02   3.4090909e-01
   1.4408092e-02   3.4189723e-01
   1.4453233e-02   3.4486166e-01
   1.4485234e-02   3.4584980e-01
   1.4547955e-02   3.4683794e-01
   1.4651568e-02   3.4782609e-01
   1.4659361e-02   3.4881423e-01
   1.4681082e-02   3.4980237e-01
   1.4701302e-02   3.5177866e-01
   1.4720925e-02   3.5276680e-01
   1.4764165e-02   3.5375494e-01
   1.4807068e-02   3.5573123e-01
   1.4854474e-02   3.5671937e-01
   1.4971272e-02   3.5770751e-01
   1.4984112e-02   3.6067194e-01
   1.5000403e-02   3.6264822e-01
   1.5016840e-02   3.6462451e-01
   1.5042405e-02   3.6561265e-01
   1.5050508e-02   3.6758893e-01
   1.5283730e-02   3.6857708e-01
   1.5296204e-02   3.7055336e-01
   1.5305494e-02   3.7252964e-01
   1.5321531e-02   3.7351779e-01
   1.5357695e-02   3.7450593e-01
   1.5427665e-02   3.7549407e-01
   1.5478449e-02   3.7648221e-01
   1.5495425e-02   3.7747036e-01
   1.5513750e-02   3.7845850e-01
   1.5525003e-02   3.8142292e-01
   1.5616815e-02   3.8339921e-01
   1.5641217e-02   3.8438735e-01
   1.5647628e-02   3.8537549e-01
   1.5691877e-02   3.8636364e-01
   1.5702080e-02   3.8735178e-01
   1.5768494e-02   3.8932806e-01
   1.5782673e-02   3.9031621e-01
   1.5870198e-02   3.9130435e-01
   1.5946739e-02   3.9328063e-01
   1.5983775e-02   3.9624506e-01
   1.5985768e-02   3.9822134e-01
   1.5997513e-02   3.9920949e-01
   1.6051020e-02   4.0019763e-01
   1.6106790e-02   4.0118577e-01
   1.6149549e-02   4.0217391e-01
   1.6254523e-02   4.0316206e-01
   1.6278667e-02   4.0415020e-01
   1.6319299e-02   4.0513834e-01
   1.6333257e-02   4.0612648e-01
   1.6355025e-02   4.0711462e-01
   1.6389586e-02   4.0810277e-01
   1.6409882e-02   4.0909091e-01
   1.6571030e-02   4.1205534e-01
   1.6585509e-02   4.1304348e-01
   1.6615503e-02   4.1403162e-01
   1.6674724e-02   4.1501976e-01
   1.6689227e-02   4.1600791e-01
   1.6743925e-02   4.1699605e-01
   1.6744531e-02   4.1897233e-01
   1.6891250e-02   4.1996047e-01
   1.6894746e-02   4.2193676e-01
   1.6911120e-02   4.2391304e-01
   1.6922568e-02   4.2490119e-01
   1.6942681e-02   4.2588933e-01
   1.6955727e-02   4.2687747e-01
   1.6975189e-02   4.2885375e-01
   1.7051278e-02   4.2984190e-01
   1.7117548e-02   4.3083004e-01
   1.7152257e-02   4.3181818e-01
   1.7208398e-02   4.3280632e-01
   1.7215559e-02   4.3577075e-01
   1.7225756e-02   4.3774704e-01
   1.7245513e-02   4.3873518e-01
   1.7367574e-02   4.3972332e-01
   1.7372570e-02   4.4071146e-01
   1.7419650e-02   4.4268775e-01
   1.7527375e-02   4.4367589e-01
   1.7533487e-02   4.4565217e-01
   1.7563646e-02   4.4664032e-01
   1.7570334e-02   4.4762846e-01
   1.7693811e-02   4.4861660e-01
   1.7717549e-02   4.4960474e-01
   1.7735078e-02   4.5059289e-01
   1.7780608e-02   4.5256917e-01
   1.7792762e-02   4.5454545e-01
   1.7793672e-02   4.5553360e-01
   1.7820608e-02   4.5750988e-01
   1.7844207e-02   4.5849802e-01
   1.7846655e-02   4.5948617e-01
   1.7850228e-02   4.6146245e-01
   1.7908028e-02   4.6343874e-01
   1.7926550e-02   4.6442688e-01
   1.7973376e-02   4.6541502e-01
   1.8163833e-02   4.6640316e-01
   1.8170893e-02   4.6837945e-01
   1.8173005e-02   4.6936759e-01
   1.8214025e-02   4.7134387e-01
   1.8259124e-02   4.7233202e-01
   1.8304187e-02   4.7332016e-01
   1.8335224e-02   4.7529644e-01
   1.8350214e-02   4.7628458e-01
   1.8353621e-02   4.7826087e-01
   1.8410399e-02   4.7924901e-01
   1.8457108e-02   4.8023715e-01
   1.8484584e-02   4.8122530e-01
   1.8485977e-02   4.8418972e-01
   1.8581518e-02   4.8517787e-01
   1.8615417e-02   4.8616601e-01
   1.8621666e-02   4.8814229e-01
   1.8630656e-02   4.8913043e-01
   1.8702391e-02   4.9011858e-01
   1.8801233e-02   4.9209486e-01
   1.8811653e-02   4.9407115e-01
   1.8812115e-02   4.9505929e-01
   1.8846008e-02   4.9604743e-01
   1.8900537e-02   4.9802372e-01
   1.8941655e-02   5.0000000e-01
   1.8974355e-02   5.0098814e-01
   1.9040596e-02   5.0197628e-01
   1.9074569e-02   5.0296443e-01
   1.9121541e-02   5.0395257e-01
   1.9141875e-02   5.0494071e-01
   1.9191410e-02   5.0790514e-01
   1.9256928e-02   5.0889328e-01
   1.9328262e-02   5.0988142e-01
   1.9329344e-02   5.1086957e-01
   1.9333579e-02   5.1185771e-01
   1.9344056e-02   5.1284585e-01
   1.9438342e-02   5.1383399e-01
   1.9452104e-02   5.1581028e-01
   1.9475204e-02   5.1679842e-01
   1.9487229e-02   5.1778656e-01
   1.9523825e-02   5.1877470e-01
   1.9580480e-02   5.1976285e-01
   1.9618589e-02   5.2075099e-01
   1.9665525e-02   5.2173913e-01
   1.9716432e-02   5.2272727e-01
   1.9728441e-02   5.2371542e-01
   1.9812704e-02   5.2470356e-01
   1.9833469e-02   5.2667984e-01
   1.9870744e-02   5.2865613e-01
   1.9892138e-02   5.2964427e-01
   1.9896459e-02   5.3063241e-01
   1.9970932e-02   5.3359684e-01
   2.0083387e-02   5.3458498e-01
   2.0128026e-02   5.3557312e-01
   2.0152932e-02   5.3656126e-01
   2.0183922e-02   5.3952569e-01
   2.0261148e-02   5.4051383e-01
   2.0289563e-02   5.4150198e-01
   2.0304218e-02   5.4249012e-01
   2.0357219e-02   5.4347826e-01
   2.0411891e-02   5.4446640e-01
   2.0473465e-02   5.4545455e-01
   2.0474306e-02   5.4644269e-01
   2.0496998e-02   5.4743083e-01
   2.0530644e-02   5.4841897e-01
   2.0627561e-02   5.5039526e-01
   2.0664820e-02   5.5138340e-01
   2.0711187e-02   5.5237154e-01
   2.0714504e-02   5.5335968e-01
   2.0717437e-02   5.5434783e-01
   2.0733048e-02   5.5632411e-01
   2.0739129e-02   5.5830040e-01
   2.0768827e-02   5.5928854e-01
   2.0902584e-02   5.6126482e-01
   2.0916273e-02   5.6324111e-01
   2.1002509e-02   5.6422925e-01
   2.1032127e-02   5.6521739e-01
   2.1116092e-02   5.6620553e-01
   2.1183119e-02   5.6916996e-01
   2.1371697e-02   5.7015810e-01
   2.1389766e-02   5.7114625e-01
   2.1399334e-02   5.7213439e-01
   2.1467917e-02   5.7312253e-01
   2.1544546e-02   5.7707510e-01
   2.1669028e-02   5.7806324e-01
   2.1677962e-02   5.7905138e-01
   2.1709321e-02   5.8003953e-01
   2.1751626e-02   5.8102767e-01
   2.1753969e-02   5.8300395e-01
   2.1757862e-02   5.8498024e-01
   2.1816628e-02   5.8596838e-01
   2.1962724e-02   5.8695652e-01
   2.1989384e-02   5.8893281e-01
   2.2012594e-02   5.8992095e-01
   2.2035692e-02   5.9189723e-01
   2.2109896e-02   5.9288538e-01
   2.2137327e-02   5.9486166e-01
   2.2167650e-02   5.9584980e-01
   2.2172220e-02   5.9683794e-01
   2.2281459e-02   5.9782609e-01
   2.2312679e-02   5.9881423e-01
   2.2319312e-02   6.0079051e-01
   2.2350312e-02   6.0177866e-01
   2.2399100e-02   6.0276680e-01
   2.2466670e-02   6.0375494e-01
   2.2477198e-02   6.0474308e-01
   2.2520608e-02   6.0573123e-01
   2.2524391e-02   6.0671937e-01
   2.2625548e-02   6.0770751e-01
   2.2776521e-02   6.0869565e-01
   2.2959096e-02   6.1067194e-01
   2.3014910e-02   6.1166008e-01
   2.3034245e-02   6.1363636e-01
   2.3067113e-02   6.1462451e-01
   2.3263135e-02   6.1561265e-01
   2.3303557e-02   6.1660079e-01
   2.3350158e-02   6.1758893e-01
   2.3582951e-02   6.1857708e-01
   2.3584344e-02   6.1956522e-01
   2.3595226e-02   6.2055336e-01
   2.3598425e-02   6.2154150e-01
   2.3603295e-02   6.2252964e-01
   2.3639561e-02   6.2450593e-01
   2.3660942e-02   6.2549407e-01
   2.3682752e-02   6.2648221e-01
   2.3908127e-02   6.2747036e-01
   2.3935092e-02   6.2845850e-01
   2.3946335e-02   6.2944664e-01
   2.4035366e-02   6.3142292e-01
   2.4039430e-02   6.3241107e-01
   2.4175461e-02   6.3339921e-01
   2.4204883e-02   6.3438735e-01
   2.4237034e-02   6.3537549e-01
   2.4270448e-02   6.3636364e-01
   2.4392330e-02   6.3735178e-01
   2.4449359e-02   6.3833992e-01
   2.4535379e-02   6.3932806e-01
   2.4544163e-02   6.4031621e-01
   2.4546896e-02   6.4130435e-01
   2.4665477e-02   6.4229249e-01
   2.4677358e-02   6.4328063e-01
   2.4696427e-02   6.4426877e-01
   2.4709819e-02   6.4525692e-01
   2.4741656e-02   6.4624506e-01
   2.4871308e-02   6.4723320e-01
   2.4969915e-02   6.4822134e-01
   2.5024637e-02   6.4920949e-01
   2.5144300e-02   6.5118577e-01
   2.5186936e-02   6.5217391e-01
   2.5221082e-02   6.5316206e-01
   2.5238675e-02   6.5415020e-01
   2.5258810e-02   6.5513834e-01
   2.5324457e-02   6.5612648e-01
   2.5372731e-02   6.5711462e-01
   2.5396042e-02   6.5810277e-01
   2.5476485e-02   6.5909091e-01
   2.5498134e-02   6.6007905e-01
   2.5554948e-02   6.6205534e-01
   2.5572331e-02   6.6304348e-01
   2.5596411e-02   6.6403162e-01
   2.5607718e-02   6.6501976e-01
   2.5825974e-02   6.6600791e-01
   2.5859667e-02   6.6699605e-01
   2.5935664e-02   6.6798419e-01
   2.6137080e-02   6.6897233e-01
   2.6140382e-02   6.7094862e-01
   2.6158514e-02   6.7193676e-01
   2.6165613e-02   6.7292490e-01
   2.6249615e-02   6.7391304e-01
   2.6253312e-02   6.7490119e-01
   2.6318521e-02   6.7588933e-01
   2.6326059e-02   6.7687747e-01
   2.6405175e-02   6.7786561e-01
   2.6423417e-02   6.7885375e-01
   2.6440895e-02   6.7984190e-01
   2.6467774e-02   6.8083004e-01
   2.6500161e-02   6.8181818e-01
   2.6542075e-02   6.8280632e-01
   2.6602864e-02   6.8379447e-01
   2.6679494e-02   6.8478261e-01
   2.6775647e-02   6.8577075e-01
   2.6778605e-02   6.8675889e-01
   2.6808935e-02   6.8774704e-01
   2.6891482e-02   6.8873518e-01
   2.6999364e-02   6.8972332e-01
   2.7001339e-02   6.9071146e-01
   2.7043097e-02   6.9268775e-01
   2.7044169e-02   6.9565217e-01
   2.7089200e-02   6.9664032e-01
   2.7102665e-02   6.9861660e-01
   2.7150628e-02   6.9960474e-01
   2.7176332e-02   7.0059289e-01
   2.7244865e-02   7.0158103e-01
   2.7304020e-02   7.0256917e-01
   2.7310699e-02   7.0355731e-01
   2.7411322e-02   7.0454545e-01
   2.7413015e-02   7.0553360e-01
   2.7431792e-02   7.0652174e-01
   2.7467377e-02   7.0750988e-01
   2.7478918e-02   7.0849802e-01
   2.7518622e-02   7.0948617e-01
   2.7527782e-02   7.1047431e-01
   2.7755025e-02   7.1146245e-01
   2.7773660e-02   7.1245059e-01
   2.7777495e-02   7.1343874e-01
   2.8043095e-02   7.1442688e-01
   2.8046679e-02   7.1541502e-01
   2.8118529e-02   7.1640316e-01
   2.8119746e-02   7.1739130e-01
   2.8146103e-02   7.1837945e-01
   2.8159586e-02   7.1936759e-01
   2.8244181e-02   7.2134387e-01
   2.8418527e-02   7.2233202e-01
   2.8465976e-02   7.2332016e-01
   2.8489108e-02   7.2430830e-01
   2.8605031e-02   7.2628458e-01
   2.8681060e-02   7.2727273e-01
   2.8800100e-02   7.2826087e-01
   2.8834029e-02   7.2924901e-01
   2.8894790e-02   7.3023715e-01
   2.8908366e-02   7.3122530e-01
   2.8919392e-02   7.3221344e-01
   2.9004711e-02   7.3418972e-01
   2.9106615e-02   7.3517787e-01
   2.9170398e-02   7.3616601e-01
   2.9303400e-02   7.3715415e-01
   2.9333531e-02   7.3814229e-01
   2.9336978e-02   7.3913043e-01
   2.9361667e-02   7.4011858e-01
   2.9385774e-02   7.4110672e-01
   2.9458525e-02   7.4209486e-01
   2.9611219e-02   7.4308300e-01
   2.9642795e-02   7.4407115e-01
   2.9643716e-02   7.4505929e-01
   2.9690202e-02   7.4604743e-01
   2.9708443e-02   7.4703557e-01
   2.9812406e-02   7.4802372e-01
   2.9822793e-02   7.4901186e-01
   2.9942544e-02   7.5000000e-01
   2.9956057e-02   7.5098814e-01
   3.0044091e-02   7.5197628e-01
   3.0079689e-02   7.5296443e-01
   3.0082381e-02   7.5494071e-01
   3.0099885e-02   7.5592885e-01
   3.0148022e-02   7.5691700e-01
   3.0328791e-02   7.5790514e-01
   3.0459291e-02   7.5889328e-01
   3.0531108e-02   7.5988142e-01
   3.0582266e-02   7.6086957e-01
   3.0663745e-02   7.6185771e-01
   3.0688127e-02   7.6284585e-01
   3.0770094e-02   7.6383399e-01
   3.0839067e-02   7.6581028e-01
   3.0866973e-02   7.6679842e-01
   3.0895089e-02   7.6778656e-01
   3.0993418e-02   7.6877470e-01
   3.1010343e-02   7.6976285e-01
   3.1058299e-02   7.7075099e-01
   3.1152006e-02   7.7173913e-01
   3.1168554e-02   7.7371542e-01
   3.1234170e-02   7.7470356e-01
   3.1252012e-02   7.7569170e-01
   3.1326545e-02   7.7667984e-01
   3.1356934e-02   7.7766798e-01
   3.1374368e-02   7.7865613e-01
   3.1536469e-02   7.7964427e-01
   3.1564307e-02   7.8063241e-01
   3.1737958e-02   7.8162055e-01
   3.1814589e-02   7.8260870e-01
   3.1922737e-02   7.8359684e-01
   3.1923326e-02   7.8557312e-01
   3.1968105e-02   7.8656126e-01
   3.2215295e-02   7.8754941e-01
   3.2224305e-02   7.8853755e-01
   3.2241540e-02   7.8952569e-01
   3.2379972e-02   7.9051383e-01
   3.2511780e-02   7.9150198e-01
   3.2526874e-02   7.9249012e-01
   3.2564264e-02   7.9347826e-01
   3.2657292e-02   7.9446640e-01
   3.2760496e-02   7.9545455e-01
   3.2790623e-02   7.9644269e-01
   3.2834187e-02   7.9743083e-01
   3.2874557e-02   7.9841897e-01
   3.3187027e-02   7.9940711e-01
   3.3462286e-02   8.0039526e-01
   3.3478968e-02   8.0138340e-01
   3.3517529e-02   8.0237154e-01
   3.3556543e-02   8.0335968e-01
   3.3664059e-02   8.0434783e-01
   3.3789492e-02   8.0533597e-01
   3.4097264e-02   8.0632411e-01
   3.4099618e-02   8.0731225e-01
   3.4104617e-02   8.0830040e-01
   3.4118731e-02   8.0928854e-01
   3.4241306e-02   8.1027668e-01
   3.4805122e-02   8.1126482e-01
   3.5067558e-02   8.1225296e-01
   3.5241923e-02   8.1324111e-01
   3.5470672e-02   8.1422925e-01
   3.5587794e-02   8.1521739e-01
   3.5754434e-02   8.1719368e-01
   3.5852997e-02   8.1818182e-01
   3.6017940e-02   8.1916996e-01
   3.6084442e-02   8.2015810e-01
   3.6122521e-02   8.2114625e-01
   3.6139160e-02   8.2213439e-01
   3.6230524e-02   8.2312253e-01
   3.6346559e-02   8.2411067e-01
   3.6620866e-02   8.2509881e-01
   3.6949243e-02   8.2608696e-01
   3.7150545e-02   8.2707510e-01
   3.7278319e-02   8.2806324e-01
   3.7422725e-02   8.2905138e-01
   3.7509564e-02   8.3003953e-01
   3.7591257e-02   8.3102767e-01
   3.7608410e-02   8.3201581e-01
   3.7741124e-02   8.3300395e-01
   3.7859872e-02   8.3399209e-01
   3.7984560e-02   8.3498024e-01
   3.8143175e-02   8.3596838e-01
   3.8184938e-02   8.3695652e-01
   3.8213999e-02   8.3794466e-01
   3.8240033e-02   8.3893281e-01
   3.8244209e-02   8.3992095e-01
   3.8293285e-02   8.4090909e-01
   3.8443032e-02   8.4189723e-01
   3.8622068e-02   8.4288538e-01
   3.8688729e-02   8.4387352e-01
   3.8951039e-02   8.4486166e-01
   3.9124654e-02   8.4584980e-01
   3.9203412e-02   8.4683794e-01
   3.9329901e-02   8.4782609e-01
   3.9376046e-02   8.4881423e-01
   3.9727007e-02   8.4980237e-01
   3.9735842e-02   8.5079051e-01
   4.0210958e-02   8.5177866e-01
   4.0306901e-02   8.5276680e-01
   4.0786739e-02   8.5375494e-01
   4.0841125e-02   8.5474308e-01
   4.1218257e-02   8.5573123e-01
   4.1339713e-02   8.5671937e-01
   4.1437224e-02   8.5770751e-01
   4.1464080e-02   8.5869565e-01
   4.1620325e-02   8.5968379e-01
   4.1854148e-02   8.6067194e-01
   4.1965198e-02   8.6166008e-01
   4.2070279e-02   8.6264822e-01
   4.2395002e-02   8.6363636e-01
   4.2936374e-02   8.6462451e-01
   4.2943319e-02   8.6561265e-01
   4.3359937e-02   8.6660079e-01
   4.3418640e-02   8.6758893e-01
   4.3452163e-02   8.6857708e-01
   4.3665819e-02   8.6956522e-01
   4.4142313e-02   8.7055336e-01
   4.4462915e-02   8.7154150e-01
   4.4625358e-02   8.7252964e-01
   4.4838297e-02   8.7351779e-01
   4.4933938e-02   8.7450593e-01
   4.4958044e-02   8.7549407e-01
   4.5445405e-02   8.7648221e-01
   4.5681140e-02   8.7747036e-01
   4.5906266e-02   8.7845850e-01
   4.5982159e-02   8.7944664e-01
   4.6206461e-02   8.8043478e-01
   4.6480899e-02   8.8142292e-01
   4.6713242e-02   8.8241107e-01
   4.6890471e-02   8.8339921e-01
   4.6943851e-02   8.8438735e-01
   4.7168167e-02   8.8537549e-01
   4.7413298e-02   8.8636364e-01
   4.7657385e-02   8.8735178e-01
   4.7804980e-02   8.8833992e-01
   4.8317526e-02   8.8932806e-01
   4.8455534e-02   8.9031621e-01
   4.8528404e-02   8.9130435e-01
   4.8593435e-02   8.9229249e-01
   4.8889143e-02   8.9328063e-01
   4.9147966e-02   8.9426877e-01
   4.9395493e-02   8.9525692e-01
   4.9612650e-02   8.9624506e-01
   5.0127806e-02   8.9723320e-01
   5.0839847e-02   8.9822134e-01
   5.1622835e-02   8.9920949e-01
   5.1965229e-02   9.0019763e-01
   5.2441935e-02   9.0118577e-01
   5.2465685e-02   9.0217391e-01
   5.2736692e-02   9.0316206e-01
   5.2997070e-02   9.0415020e-01
   5.3083019e-02   9.0513834e-01
   5.3294206e-02   9.0612648e-01
   5.4098612e-02   9.0711462e-01
   5.4230237e-02   9.0810277e-01
   5.4280070e-02   9.0909091e-01
   5.4301638e-02   9.1007905e-01
   5.4642225e-02   9.1106719e-01
   5.4829607e-02   9.1205534e-01
   5.6558045e-02   9.1304348e-01
   5.6764519e-02   9.1403162e-01
   5.6870499e-02   9.1501976e-01
   5.6880899e-02   9.1600791e-01
   5.7120241e-02   9.1699605e-01
   5.7744276e-02   9.1798419e-01
   5.7757743e-02   9.1897233e-01
   5.8136705e-02   9.1996047e-01
   5.8215384e-02   9.2094862e-01
   5.8336304e-02   9.2193676e-01
   5.8638130e-02   9.2292490e-01
   5.8916507e-02   9.2391304e-01
   5.8953704e-02   9.2490119e-01
   5.9558408e-02   9.2588933e-01
   6.0067658e-02   9.2687747e-01
   6.0230990e-02   9.2786561e-01
   6.0266284e-02   9.2885375e-01
   6.0297119e-02   9.2984190e-01
   6.1506079e-02   9.3083004e-01
   6.1610575e-02   9.3181818e-01
   6.1882682e-02   9.3379447e-01
   6.2226866e-02   9.3478261e-01
   6.2463991e-02   9.3577075e-01
   6.2787037e-02   9.3675889e-01
   6.3120290e-02   9.3774704e-01
   6.4149916e-02   9.3873518e-01
   6.5511312e-02   9.3972332e-01
   6.5768931e-02   9.4071146e-01
   6.5895820e-02   9.4169960e-01
   6.6669608e-02   9.4268775e-01
   6.6926520e-02   9.4367589e-01
   6.6971721e-02   9.4466403e-01
   6.7013699e-02   9.4565217e-01
   6.7557236e-02   9.4664032e-01
   6.7649261e-02   9.4762846e-01
   6.8782946e-02   9.4861660e-01
   6.9208881e-02   9.4960474e-01
   6.9614048e-02   9.5059289e-01
   7.0050153e-02   9.5158103e-01
   7.0679130e-02   9.5256917e-01
   7.1659311e-02   9.5355731e-01
   7.1768987e-02   9.5454545e-01
   7.1984028e-02   9.5553360e-01
   7.2748090e-02   9.5652174e-01
   7.3293210e-02   9.5750988e-01
   7.3847940e-02   9.5849802e-01
   7.3978898e-02   9.5948617e-01
   7.4170448e-02   9.6047431e-01
   7.5098195e-02   9.6146245e-01
   7.5413242e-02   9.6245059e-01
   7.5569362e-02   9.6343874e-01
   7.6344869e-02   9.6442688e-01
   7.8003448e-02   9.6541502e-01
   7.9238640e-02   9.6640316e-01
   8.0522182e-02   9.6739130e-01
   8.0737948e-02   9.6837945e-01
   8.1216090e-02   9.6936759e-01
   8.1606215e-02   9.7035573e-01
   8.2014162e-02   9.7134387e-01
   8.2618834e-02   9.7233202e-01
   8.3622174e-02   9.7332016e-01
   8.5452253e-02   9.7430830e-01
   8.7207747e-02   9.7529644e-01
   8.9038510e-02   9.7628458e-01
   9.0306303e-02   9.7727273e-01
   9.2770004e-02   9.7826087e-01
   9.3156798e-02   9.7924901e-01
   9.5454238e-02   9.8023715e-01
   9.6229352e-02   9.8122530e-01
   9.7888342e-02   9.8221344e-01
   1.0015384e-01   9.8320158e-01
   1.0051688e-01   9.8418972e-01
   1.0348926e-01   9.8517787e-01
   1.0588924e-01   9.8616601e-01
   1.0663673e-01   9.8715415e-01
   1.1036028e-01   9.8814229e-01
   1.1159452e-01   9.8913043e-01
   1.1450676e-01   9.9011858e-01
   1.2109349e-01   9.9110672e-01
   1.2465984e-01   9.9209486e-01
   1.3840240e-01   9.9308300e-01
   1.4595631e-01   9.9407115e-01
   1.4645568e-01   9.9505929e-01
   1.5804861e-01   9.9604743e-01
   1.6638635e-01   9.9703557e-01
   1.8364359e-01   9.9802372e-01
   1.9123614e-01   9.9901186e-01
   2.2046707e-01   1.0000000e+00
