   7.3521722e-03   0.0000000e+00
   7.3521722e-03   6.9444444e-03
   7.5235603e-03   2.0833333e-02
   9.2879457e-03   2.7777778e-02
   9.6188510e-03   3.4722222e-02
   9.8034791e-03   4.1666667e-02
   1.0501619e-02   4.8611111e-02
   1.0599929e-02   5.5555556e-02
   1.0920981e-02   6.2500000e-02
   1.1138844e-02   6.9444444e-02
   1.1626382e-02   7.6388889e-02
   1.1646356e-02   8.3333333e-02
   1.2673238e-02   9.0277778e-02
   1.3524344e-02   9.7222222e-02
   1.3696269e-02   1.0416667e-01
   1.3803532e-02   1.1111111e-01
   1.4100030e-02   1.1805556e-01
   1.4177744e-02   1.2500000e-01
   1.4254928e-02   1.3194444e-01
   1.4612596e-02   1.3888889e-01
   1.4702758e-02   1.4583333e-01
   1.4755375e-02   1.5277778e-01
   1.5612804e-02   1.5972222e-01
   1.5734968e-02   1.6666667e-01
   1.5784070e-02   1.7361111e-01
   1.5858932e-02   1.8055556e-01
   1.6257226e-02   1.8750000e-01
   1.6605933e-02   1.9444444e-01
   1.7052536e-02   2.0138889e-01
   1.7161640e-02   2.0833333e-01
   1.7523294e-02   2.1527778e-01
   1.7528571e-02   2.2222222e-01
   1.7666432e-02   2.2916667e-01
   1.8164388e-02   2.3611111e-01
   1.8305947e-02   2.4305556e-01
   1.8555055e-02   2.5000000e-01
   1.8890893e-02   2.5694444e-01
   1.9174539e-02   2.6388889e-01
   1.9364257e-02   2.7083333e-01
   1.9404944e-02   2.7777778e-01
   1.9585743e-02   2.8472222e-01
   2.0203951e-02   2.9166667e-01
   2.0867828e-02   2.9861111e-01
   2.0870351e-02   3.0555556e-01
   2.1240235e-02   3.1250000e-01
   2.1662894e-02   3.1944444e-01
   2.1927736e-02   3.3333333e-01
   2.2062986e-02   3.4027778e-01
   2.2172566e-02   3.4722222e-01
   2.2212018e-02   3.5416667e-01
   2.2913923e-02   3.6111111e-01
   2.3333679e-02   3.6805556e-01
   2.3405239e-02   3.7500000e-01
   2.4326294e-02   3.8194444e-01
   2.4328484e-02   3.8888889e-01
   2.4405073e-02   3.9583333e-01
   2.4496897e-02   4.0277778e-01
   2.4745232e-02   4.0972222e-01
   2.4849844e-02   4.1666667e-01
   2.4989408e-02   4.2361111e-01
   2.4996147e-02   4.3055556e-01
   2.5039066e-02   4.3750000e-01
   2.5701940e-02   4.4444444e-01
   2.5835979e-02   4.5138889e-01
   2.6020287e-02   4.5833333e-01
   2.6534581e-02   4.6527778e-01
   2.6926745e-02   4.7222222e-01
   2.7983745e-02   4.7916667e-01
   2.8736017e-02   4.8611111e-01
   2.8929098e-02   4.9305556e-01
   2.9150201e-02   5.0694444e-01
   2.9368828e-02   5.1388889e-01
   2.9622216e-02   5.2083333e-01
   2.9874797e-02   5.2777778e-01
   3.0142553e-02   5.3472222e-01
   3.0614428e-02   5.4166667e-01
   3.0716574e-02   5.4861111e-01
   3.1268557e-02   5.5555556e-01
   3.1307281e-02   5.6250000e-01
   3.1963900e-02   5.6944444e-01
   3.2721235e-02   5.7638889e-01
   3.2947217e-02   5.8333333e-01
   3.2971747e-02   5.9027778e-01
   3.4239208e-02   5.9722222e-01
   3.5135396e-02   6.0416667e-01
   3.5602951e-02   6.1111111e-01
   3.5656621e-02   6.1805556e-01
   3.5911591e-02   6.2500000e-01
   3.6268124e-02   6.3194444e-01
   3.8182850e-02   6.3888889e-01
   3.9173156e-02   6.4583333e-01
   4.0223558e-02   6.5277778e-01
   4.0946517e-02   6.5972222e-01
   4.1740690e-02   6.6666667e-01
   4.2664242e-02   6.7361111e-01
   4.3109562e-02   6.8055556e-01
   4.3782985e-02   6.8750000e-01
   4.4938340e-02   6.9444444e-01
   4.5132929e-02   7.0138889e-01
   4.5437930e-02   7.0833333e-01
   4.5743708e-02   7.1527778e-01
   4.5934901e-02   7.2222222e-01
   4.6469471e-02   7.2916667e-01
   4.6706989e-02   7.3611111e-01
   4.7199739e-02   7.4305556e-01
   4.7511473e-02   7.5000000e-01
   4.7538672e-02   7.5694444e-01
   4.7787026e-02   7.6388889e-01
   4.7986879e-02   7.7083333e-01
   4.8890549e-02   7.7777778e-01
   5.1911265e-02   7.8472222e-01
   5.2266154e-02   7.9166667e-01
   5.3760866e-02   7.9861111e-01
   5.4364082e-02   8.0555556e-01
   5.4893710e-02   8.1250000e-01
   5.5910869e-02   8.1944444e-01
   5.7893121e-02   8.2638889e-01
   5.8852796e-02   8.3333333e-01
   6.0252287e-02   8.4027778e-01
   6.0859627e-02   8.4722222e-01
   6.1433017e-02   8.5416667e-01
   6.6426364e-02   8.6111111e-01
   6.7603515e-02   8.6805556e-01
   6.9586913e-02   8.7500000e-01
   7.2541959e-02   8.8194444e-01
   7.3222099e-02   8.8888889e-01
   7.5498887e-02   8.9583333e-01
   7.5974637e-02   9.0277778e-01
   8.6516216e-02   9.0972222e-01
   9.0495959e-02   9.1666667e-01
   9.1457618e-02   9.2361111e-01
   9.2974256e-02   9.3055556e-01
   1.0468821e-01   9.3750000e-01
   1.0651788e-01   9.4444444e-01
   1.1434611e-01   9.5138889e-01
   1.2211637e-01   9.5833333e-01
   1.3050480e-01   9.6527778e-01
   1.3748108e-01   9.7222222e-01
   1.4896352e-01   9.7916667e-01
   1.5738482e-01   9.8611111e-01
   1.7639187e-01   9.9305556e-01
   2.2184149e-01   1.0000000e+00
