   4.8000000e-03   0.0000000e+00
   4.8000000e-03   2.7027027e-03
   5.8664000e-03   8.1081081e-03
   6.9336000e-03   1.6216216e-02
   7.4664000e-03   3.2432432e-02
   8.0000000e-03   3.7837838e-02
   8.5336000e-03   4.0540541e-02
   9.0664000e-03   5.1351351e-02
   9.6000000e-03   6.2162162e-02
   1.0133600e-02   7.2972973e-02
   1.0666400e-02   8.6486486e-02
   1.1200000e-02   1.0270270e-01
   1.1733600e-02   1.0810811e-01
   1.2266400e-02   1.2162162e-01
   1.2800000e-02   1.2702703e-01
   1.3333600e-02   1.3243243e-01
   1.3866400e-02   1.4594595e-01
   1.4400000e-02   1.6486486e-01
   1.4933600e-02   1.7297297e-01
   1.5466400e-02   1.8378378e-01
   1.6000000e-02   1.9189189e-01
   1.6533600e-02   2.0000000e-01
   1.7066400e-02   2.0810811e-01
   1.7600000e-02   2.2972973e-01
   1.8133600e-02   2.4324324e-01
   1.8666400e-02   2.5675676e-01
   1.9200000e-02   2.7837838e-01
   1.9733600e-02   2.9459459e-01
   2.0266400e-02   3.1351351e-01
   2.0800000e-02   3.4324324e-01
   2.1333600e-02   3.5135135e-01
   2.1866400e-02   3.6216216e-01
   2.2400000e-02   3.6756757e-01
   2.2933600e-02   3.7837838e-01
   2.3466400e-02   3.9459459e-01
   2.4000000e-02   4.0810811e-01
   2.4533600e-02   4.1891892e-01
   2.5066400e-02   4.3783784e-01
   2.5600000e-02   4.5405405e-01
   2.6133600e-02   4.6486486e-01
   2.6666400e-02   4.8648649e-01
   2.7200000e-02   5.0000000e-01
   2.7733600e-02   5.1081081e-01
   2.8266400e-02   5.2162162e-01
   2.8800000e-02   5.4594595e-01
   2.9333600e-02   5.5675676e-01
   2.9866400e-02   5.5945946e-01
   3.0400000e-02   5.6756757e-01
   3.0933600e-02   5.8648649e-01
   3.1466400e-02   5.9729730e-01
   3.2000000e-02   6.0270270e-01
   3.2533600e-02   6.1891892e-01
   3.3066400e-02   6.3513514e-01
   3.3600000e-02   6.4054054e-01
   3.4133600e-02   6.4594595e-01
   3.4666400e-02   6.5675676e-01
   3.5200000e-02   6.5945946e-01
   3.5733600e-02   6.6756757e-01
   3.6266400e-02   6.7567568e-01
   3.6800000e-02   6.8378378e-01
   3.7333600e-02   6.8918919e-01
   3.8400000e-02   6.9459459e-01
   3.8933600e-02   7.0000000e-01
   3.9466400e-02   7.0540541e-01
   4.0000000e-02   7.1081081e-01
   4.0533600e-02   7.1621622e-01
   4.1066400e-02   7.2432432e-01
   4.1600000e-02   7.2972973e-01
   4.2133600e-02   7.3783784e-01
   4.2666400e-02   7.4054054e-01
   4.3200000e-02   7.4864865e-01
   4.3733600e-02   7.5405405e-01
   4.4266400e-02   7.6486486e-01
   4.4800000e-02   7.7297297e-01
   4.5333600e-02   7.8108108e-01
   4.5866400e-02   7.8918919e-01
   4.6400000e-02   7.9189189e-01
   4.7466400e-02   7.9729730e-01
   4.8000000e-02   8.0000000e-01
   4.8533600e-02   8.1351351e-01
   4.9066400e-02   8.1621622e-01
   4.9600000e-02   8.2162162e-01
   5.0666400e-02   8.2972973e-01
   5.1200000e-02   8.3513514e-01
   5.1733600e-02   8.3783784e-01
   5.2266400e-02   8.4324324e-01
   5.3333600e-02   8.4594595e-01
   5.4400000e-02   8.5135135e-01
   5.5466400e-02   8.5675676e-01
   5.6000000e-02   8.5945946e-01
   5.6533600e-02   8.6486486e-01
   5.7600000e-02   8.6756757e-01
   5.9733600e-02   8.7297297e-01
   6.0800000e-02   8.7567568e-01
   6.1333600e-02   8.7837838e-01
   6.1866400e-02   8.8108108e-01
   6.3466400e-02   8.8648649e-01
   6.5600000e-02   8.8918919e-01
   6.6133600e-02   8.9459459e-01
   6.6666400e-02   9.0000000e-01
   6.7733600e-02   9.0270270e-01
   6.8266400e-02   9.0540541e-01
   6.9333600e-02   9.0810811e-01
   6.9866400e-02   9.1081081e-01
   7.1466400e-02   9.1621622e-01
   7.2000000e-02   9.2162162e-01
   7.4133600e-02   9.2432432e-01
   7.4666400e-02   9.2702703e-01
   7.5200000e-02   9.2972973e-01
   7.5733600e-02   9.3243243e-01
   7.8400000e-02   9.3513514e-01
   7.9466400e-02   9.3783784e-01
   8.0000000e-02   9.4054054e-01
   8.0533600e-02   9.4324324e-01
   8.5866400e-02   9.4594595e-01
   8.7466400e-02   9.4864865e-01
   8.8000000e-02   9.5405405e-01
   8.9600000e-02   9.5675676e-01
   9.0133600e-02   9.5945946e-01
   9.1733600e-02   9.6216216e-01
   9.2800000e-02   9.6486486e-01
   9.4400000e-02   9.6756757e-01
   9.4933600e-02   9.7027027e-01
   9.6000000e-02   9.7297297e-01
   9.6533600e-02   9.7567568e-01
   1.0026640e-01   9.7837838e-01
   1.0400000e-01   9.8108108e-01
   1.0773360e-01   9.8378378e-01
   1.0986640e-01   9.8918919e-01
   1.1733360e-01   9.9189189e-01
   1.4986640e-01   9.9459459e-01
   1.6640000e-01   9.9729730e-01
   1.7760000e-01   1.0000000e+00
