   7.6087899e-03   0.0000000e+00
   7.6087899e-03   2.9411765e-03
   7.6231591e-03   5.8823529e-03
   7.7004314e-03   1.1764706e-02
   8.0222740e-03   1.4705882e-02
   8.2469924e-03   1.7647059e-02
   8.4471714e-03   2.0588235e-02
   8.4691288e-03   2.3529412e-02
   8.5037598e-03   2.6470588e-02
   8.5474573e-03   2.9411765e-02
   8.7738209e-03   3.2352941e-02
   8.8316205e-03   3.5294118e-02
   8.9232762e-03   3.8235294e-02
   9.0754105e-03   4.1176471e-02
   9.4428462e-03   4.4117647e-02
   9.7167398e-03   4.7058824e-02
   9.7170539e-03   5.2941176e-02
   9.7899062e-03   5.5882353e-02
   9.9814043e-03   6.1764706e-02
   1.0000563e-02   6.4705882e-02
   1.0031846e-02   6.7647059e-02
   1.0054653e-02   7.0588235e-02
   1.0274161e-02   7.3529412e-02
   1.0327492e-02   7.6470588e-02
   1.0401998e-02   7.9411765e-02
   1.0435904e-02   8.2352941e-02
   1.0608849e-02   8.5294118e-02
   1.0647569e-02   8.8235294e-02
   1.0665955e-02   9.1176471e-02
   1.0938610e-02   9.4117647e-02
   1.1041846e-02   9.7058824e-02
   1.1122246e-02   1.0000000e-01
   1.1192481e-02   1.0294118e-01
   1.1262675e-02   1.0588235e-01
   1.1313821e-02   1.0882353e-01
   1.1389854e-02   1.1176471e-01
   1.1493638e-02   1.1470588e-01
   1.1549279e-02   1.1764706e-01
   1.1696608e-02   1.2058824e-01
   1.2098489e-02   1.2647059e-01
   1.2237231e-02   1.2941176e-01
   1.2277926e-02   1.3235294e-01
   1.2406028e-02   1.3529412e-01
   1.2431272e-02   1.3823529e-01
   1.2592764e-02   1.4117647e-01
   1.2835222e-02   1.4411765e-01
   1.2862274e-02   1.4705882e-01
   1.3028629e-02   1.5000000e-01
   1.3044454e-02   1.5294118e-01
   1.3158314e-02   1.5588235e-01
   1.3470276e-02   1.5882353e-01
   1.3883801e-02   1.6176471e-01
   1.3915648e-02   1.6470588e-01
   1.3917104e-02   1.7058824e-01
   1.3941664e-02   1.7352941e-01
   1.4080659e-02   1.7647059e-01
   1.4215593e-02   1.7941176e-01
   1.4227595e-02   1.8235294e-01
   1.4475063e-02   1.8529412e-01
   1.4828903e-02   1.8823529e-01
   1.4843931e-02   1.9117647e-01
   1.5241543e-02   1.9411765e-01
   1.5251718e-02   1.9705882e-01
   1.5344048e-02   2.0000000e-01
   1.5587685e-02   2.0294118e-01
   1.5677656e-02   2.0882353e-01
   1.5737591e-02   2.1176471e-01
   1.5770758e-02   2.1470588e-01
   1.6011861e-02   2.1764706e-01
   1.6033350e-02   2.2058824e-01
   1.6064293e-02   2.2647059e-01
   1.6315400e-02   2.2941176e-01
   1.6454930e-02   2.3235294e-01
   1.6623022e-02   2.3823529e-01
   1.6782709e-02   2.4117647e-01
   1.6874913e-02   2.4411765e-01
   1.6944477e-02   2.4705882e-01
   1.6953680e-02   2.5000000e-01
   1.6972669e-02   2.5294118e-01
   1.7050922e-02   2.5588235e-01
   1.7085136e-02   2.5882353e-01
   1.7095349e-02   2.6470588e-01
   1.7189401e-02   2.6764706e-01
   1.7234910e-02   2.7058824e-01
   1.7278031e-02   2.7352941e-01
   1.7351623e-02   2.7647059e-01
   1.7486393e-02   2.7941176e-01
   1.7968648e-02   2.8235294e-01
   1.8149692e-02   2.8529412e-01
   1.8210188e-02   2.9117647e-01
   1.8493769e-02   2.9411765e-01
   1.8618200e-02   2.9705882e-01
   1.8663910e-02   3.0000000e-01
   1.8753056e-02   3.0294118e-01
   1.8770138e-02   3.0588235e-01
   1.9084926e-02   3.0882353e-01
   1.9103334e-02   3.1176471e-01
   1.9357437e-02   3.1470588e-01
   1.9454715e-02   3.1764706e-01
   1.9454938e-02   3.2058824e-01
   1.9677479e-02   3.2352941e-01
   2.0286158e-02   3.2647059e-01
   2.0558816e-02   3.2941176e-01
   2.0599334e-02   3.3529412e-01
   2.0655459e-02   3.3823529e-01
   2.0714089e-02   3.4117647e-01
   2.0782824e-02   3.4411765e-01
   2.1125782e-02   3.4705882e-01
   2.1217127e-02   3.5000000e-01
   2.1277482e-02   3.5294118e-01
   2.1479812e-02   3.5588235e-01
   2.1677345e-02   3.5882353e-01
   2.1778067e-02   3.6176471e-01
   2.1826505e-02   3.6470588e-01
   2.2078758e-02   3.6764706e-01
   2.2244005e-02   3.7058824e-01
   2.2401866e-02   3.7352941e-01
   2.2639229e-02   3.7647059e-01
   2.2855198e-02   3.7941176e-01
   2.3010471e-02   3.8235294e-01
   2.3088497e-02   3.8529412e-01
   2.3224339e-02   3.8823529e-01
   2.3331067e-02   3.9117647e-01
   2.3709848e-02   3.9705882e-01
   2.3895889e-02   4.0294118e-01
   2.3910119e-02   4.0882353e-01
   2.4124636e-02   4.1176471e-01
   2.4203706e-02   4.1764706e-01
   2.4500412e-02   4.2058824e-01
   2.4813232e-02   4.2352941e-01
   2.4911956e-02   4.2647059e-01
   2.5086554e-02   4.2941176e-01
   2.5393903e-02   4.3235294e-01
   2.5778477e-02   4.3529412e-01
   2.5881406e-02   4.3823529e-01
   2.6224964e-02   4.4117647e-01
   2.6379358e-02   4.4705882e-01
   2.6618555e-02   4.5000000e-01
   2.6890819e-02   4.5294118e-01
   2.6928177e-02   4.5588235e-01
   2.7258400e-02   4.5882353e-01
   2.7408496e-02   4.6176471e-01
   2.8028581e-02   4.6470588e-01
   2.8169621e-02   4.6764706e-01
   2.8721119e-02   4.7058824e-01
   2.9127946e-02   4.7352941e-01
   2.9147887e-02   4.7941176e-01
   2.9373231e-02   4.8235294e-01
   2.9618130e-02   4.8529412e-01
   2.9723317e-02   4.8823529e-01
   2.9760422e-02   4.9117647e-01
   2.9764334e-02   4.9411765e-01
   2.9827031e-02   5.0000000e-01
   2.9948291e-02   5.0294118e-01
   3.0283365e-02   5.0588235e-01
   3.0310966e-02   5.0882353e-01
   3.0322136e-02   5.1176471e-01
   3.0554462e-02   5.1470588e-01
   3.0627727e-02   5.1764706e-01
   3.0681865e-02   5.2058824e-01
   3.1101709e-02   5.2352941e-01
   3.1204866e-02   5.2647059e-01
   3.1385961e-02   5.2941176e-01
   3.1592980e-02   5.3235294e-01
   3.2084291e-02   5.3529412e-01
   3.2635502e-02   5.3823529e-01
   3.2689662e-02   5.4117647e-01
   3.3189675e-02   5.4411765e-01
   3.3272637e-02   5.4705882e-01
   3.3395391e-02   5.5294118e-01
   3.3832931e-02   5.5588235e-01
   3.4199313e-02   5.5882353e-01
   3.4396605e-02   5.6176471e-01
   3.4526629e-02   5.6470588e-01
   3.4617692e-02   5.6764706e-01
   3.4874066e-02   5.7058824e-01
   3.4982379e-02   5.7352941e-01
   3.4996967e-02   5.7647059e-01
   3.5327278e-02   5.7941176e-01
   3.5488031e-02   5.8235294e-01
   3.5689240e-02   5.8529412e-01
   3.5992614e-02   5.8823529e-01
   3.5993507e-02   5.9411765e-01
   3.6264599e-02   5.9705882e-01
   3.6471150e-02   6.0000000e-01
   3.6876275e-02   6.0294118e-01
   3.7326716e-02   6.0588235e-01
   3.7502585e-02   6.0882353e-01
   3.7676897e-02   6.1176471e-01
   3.7990351e-02   6.1470588e-01
   3.8114893e-02   6.1764706e-01
   3.9568249e-02   6.2058824e-01
   3.9914119e-02   6.2352941e-01
   4.0109206e-02   6.2647059e-01
   4.0153601e-02   6.2941176e-01
   4.0211822e-02   6.3235294e-01
   4.0843606e-02   6.3529412e-01
   4.0863569e-02   6.3823529e-01
   4.1133848e-02   6.4117647e-01
   4.1271956e-02   6.4411765e-01
   4.1676120e-02   6.4705882e-01
   4.1784160e-02   6.5000000e-01
   4.2808976e-02   6.5294118e-01
   4.2843105e-02   6.5588235e-01
   4.2898246e-02   6.5882353e-01
   4.2906699e-02   6.6176471e-01
   4.3272571e-02   6.6470588e-01
   4.3509586e-02   6.6764706e-01
   4.3604404e-02   6.7058824e-01
   4.3635390e-02   6.7352941e-01
   4.3670397e-02   6.7647059e-01
   4.3741631e-02   6.7941176e-01
   4.3773954e-02   6.8235294e-01
   4.4089932e-02   6.8529412e-01
   4.4640632e-02   6.8823529e-01
   4.4834247e-02   6.9117647e-01
   4.4889350e-02   6.9411765e-01
   4.5342803e-02   6.9705882e-01
   4.5368111e-02   7.0000000e-01
   4.5398766e-02   7.0294118e-01
   4.6601517e-02   7.0588235e-01
   4.6702551e-02   7.0882353e-01
   4.7024750e-02   7.1176471e-01
   4.7033632e-02   7.1470588e-01
   4.7505735e-02   7.1764706e-01
   4.7805329e-02   7.2058824e-01
   4.8155449e-02   7.2352941e-01
   4.8585109e-02   7.2647059e-01
   4.8645652e-02   7.2941176e-01
   4.8739063e-02   7.3235294e-01
   4.8763156e-02   7.3529412e-01
   4.8787671e-02   7.3823529e-01
   4.9643994e-02   7.4117647e-01
   4.9869692e-02   7.4411765e-01
   4.9961754e-02   7.4705882e-01
   5.0215832e-02   7.5000000e-01
   5.0908307e-02   7.5294118e-01
   5.1283808e-02   7.5588235e-01
   5.1594372e-02   7.5882353e-01
   5.2131863e-02   7.6176471e-01
   5.3071792e-02   7.6470588e-01
   5.3246087e-02   7.6764706e-01
   5.3550928e-02   7.7058824e-01
   5.3635616e-02   7.7352941e-01
   5.3768807e-02   7.7647059e-01
   5.3776698e-02   7.7941176e-01
   5.4043614e-02   7.8235294e-01
   5.4193438e-02   7.8529412e-01
   5.4225298e-02   7.8823529e-01
   5.4282385e-02   7.9117647e-01
   5.5004199e-02   7.9411765e-01
   5.5400855e-02   7.9705882e-01
   5.5997628e-02   8.0000000e-01
   5.6032042e-02   8.0294118e-01
   5.6597738e-02   8.0588235e-01
   5.7613031e-02   8.0882353e-01
   5.7901309e-02   8.1176471e-01
   5.8910440e-02   8.1470588e-01
   5.9583674e-02   8.1764706e-01
   5.9820026e-02   8.2058824e-01
   6.4587407e-02   8.2352941e-01
   6.5453394e-02   8.2647059e-01
   6.5555669e-02   8.2941176e-01
   6.6517616e-02   8.3235294e-01
   6.8246552e-02   8.3529412e-01
   6.8754526e-02   8.3823529e-01
   7.0282838e-02   8.4117647e-01
   7.1482674e-02   8.4411765e-01
   7.3515657e-02   8.4705882e-01
   7.4419711e-02   8.5000000e-01
   7.4442679e-02   8.5294118e-01
   7.4907852e-02   8.5588235e-01
   7.4933051e-02   8.5882353e-01
   7.6960630e-02   8.6176471e-01
   7.7719730e-02   8.6470588e-01
   7.7842157e-02   8.6764706e-01
   8.0023078e-02   8.7058824e-01
   8.0639977e-02   8.7352941e-01
   8.1589894e-02   8.7647059e-01
   8.1710865e-02   8.7941176e-01
   8.1791978e-02   8.8235294e-01
   8.3172708e-02   8.8529412e-01
   8.4300107e-02   8.8823529e-01
   8.4526141e-02   8.9117647e-01
   8.4588164e-02   8.9411765e-01
   8.4739571e-02   8.9705882e-01
   8.6301720e-02   9.0000000e-01
   8.6480230e-02   9.0294118e-01
   8.8276324e-02   9.0588235e-01
   8.8729325e-02   9.0882353e-01
   8.9653212e-02   9.1176471e-01
   9.1802143e-02   9.1470588e-01
   9.4778959e-02   9.1764706e-01
   1.0026389e-01   9.2058824e-01
   1.0130945e-01   9.2352941e-01
   1.0373024e-01   9.2647059e-01
   1.0416520e-01   9.2941176e-01
   1.0634815e-01   9.3235294e-01
   1.0695190e-01   9.3529412e-01
   1.1357503e-01   9.3823529e-01
   1.1626885e-01   9.4117647e-01
   1.1722356e-01   9.4411765e-01
   1.2213580e-01   9.4705882e-01
   1.2248578e-01   9.5000000e-01
   1.2332088e-01   9.5294118e-01
   1.2371142e-01   9.5588235e-01
   1.2546596e-01   9.5882353e-01
   1.3470978e-01   9.6176471e-01
   1.4243111e-01   9.6470588e-01
   1.4280378e-01   9.6764706e-01
   1.5425791e-01   9.7058824e-01
   1.5475228e-01   9.7352941e-01
   1.6336700e-01   9.7647059e-01
   1.6909014e-01   9.7941176e-01
   1.7085005e-01   9.8235294e-01
   1.9386433e-01   9.8529412e-01
   2.1002660e-01   9.8823529e-01
   2.2487133e-01   9.9117647e-01
   2.2688428e-01   9.9411765e-01
   2.5759386e-01   9.9705882e-01
   2.6308068e-01   1.0000000e+00
