   2.3952000e-03   0.0000000e+00
   2.3952000e-03   7.5301205e-04
   3.1936000e-03   2.2590361e-03
   3.5928000e-03   5.2710843e-03
   3.9920000e-03   9.0361446e-03
   4.3912000e-03   1.1295181e-02
   4.7904000e-03   2.1084337e-02
   5.1896000e-03   3.0873494e-02
   5.5888000e-03   4.4427711e-02
   5.9880000e-03   7.0783133e-02
   6.3872000e-03   1.0466867e-01
   6.7864000e-03   1.2876506e-01
   7.1856000e-03   1.5662651e-01
   7.5848000e-03   2.0105422e-01
   7.9840000e-03   2.2891566e-01
   8.3832000e-03   2.4924699e-01
   8.7824000e-03   3.1099398e-01
   9.1816000e-03   3.2605422e-01
   9.5808000e-03   3.4186747e-01
   9.9800000e-03   3.8102410e-01
   1.0379200e-02   3.9608434e-01
   1.0778400e-02   4.1566265e-01
   1.1177600e-02   4.5406627e-01
   1.1576800e-02   4.8042169e-01
   1.1976000e-02   4.9774096e-01
   1.2375200e-02   5.3087349e-01
   1.2774400e-02   5.4969880e-01
   1.3173600e-02   5.7153614e-01
   1.3572800e-02   5.9939759e-01
   1.3972000e-02   6.1822289e-01
   1.4371200e-02   6.4006024e-01
   1.4770400e-02   6.5963855e-01
   1.5169600e-02   6.8599398e-01
   1.5568800e-02   7.0180723e-01
   1.5968000e-02   7.1310241e-01
   1.6367200e-02   7.2891566e-01
   1.6766400e-02   7.3795181e-01
   1.7165600e-02   7.4548193e-01
   1.7564800e-02   7.6656627e-01
   1.7964000e-02   7.7033133e-01
   1.8363200e-02   7.7710843e-01
   1.8762400e-02   7.9593373e-01
   1.9161600e-02   7.9819277e-01
   1.9560800e-02   8.0496988e-01
   1.9960000e-02   8.2304217e-01
   2.0359200e-02   8.3132530e-01
   2.0758400e-02   8.3810241e-01
   2.1157600e-02   8.4563253e-01
   2.1556800e-02   8.5090361e-01
   2.1956000e-02   8.6069277e-01
   2.2355200e-02   8.6972892e-01
   2.2754400e-02   8.7801205e-01
   2.3153600e-02   8.8328313e-01
   2.3552800e-02   8.8704819e-01
   2.3952000e-02   8.9231928e-01
   2.4351200e-02   8.9608434e-01
   2.4750400e-02   8.9834337e-01
   2.5149600e-02   9.0060241e-01
   2.5548800e-02   9.0361446e-01
   2.5948000e-02   9.0737952e-01
   2.6347200e-02   9.1189759e-01
   2.7544800e-02   9.1566265e-01
   2.7944000e-02   9.1792169e-01
   2.8742400e-02   9.2018072e-01
   2.9141600e-02   9.2319277e-01
   2.9540800e-02   9.2394578e-01
   2.9940000e-02   9.2620482e-01
   3.0339200e-02   9.2846386e-01
   3.0738400e-02   9.2996988e-01
   3.1137600e-02   9.3674699e-01
   3.1536800e-02   9.3975904e-01
   3.1936000e-02   9.4277108e-01
   3.2335200e-02   9.4503012e-01
   3.2734400e-02   9.4578313e-01
   3.3532800e-02   9.4653614e-01
   3.3932000e-02   9.4804217e-01
   3.4331200e-02   9.5030120e-01
   3.4730400e-02   9.5331325e-01
   3.5129600e-02   9.5406627e-01
   3.5528800e-02   9.5557229e-01
   3.5928000e-02   9.5783133e-01
   3.6327200e-02   9.6084337e-01
   3.6726400e-02   9.6159639e-01
   3.7125600e-02   9.6234940e-01
   3.7524800e-02   9.6385542e-01
   3.8323200e-02   9.6536145e-01
   3.8722400e-02   9.6686747e-01
   3.9121600e-02   9.6762048e-01
   3.9920000e-02   9.6837349e-01
   4.1117600e-02   9.6912651e-01
   4.1916000e-02   9.6987952e-01
   4.2714400e-02   9.7063253e-01
   4.3113600e-02   9.7138554e-01
   4.3512800e-02   9.7213855e-01
   4.5109600e-02   9.7289157e-01
   4.5908000e-02   9.7364458e-01
   4.6307200e-02   9.7515060e-01
   4.7105600e-02   9.7590361e-01
   4.7904000e-02   9.7665663e-01
   4.9101600e-02   9.7891566e-01
   4.9900000e-02   9.7966867e-01
   5.1097600e-02   9.8042169e-01
   5.2295200e-02   9.8117470e-01
   5.3093600e-02   9.8192771e-01
   5.4690400e-02   9.8343373e-01
   5.5089600e-02   9.8418675e-01
   5.5488800e-02   9.8493976e-01
   5.9480800e-02   9.8569277e-01
   6.2275200e-02   9.8644578e-01
   6.3872000e-02   9.8719880e-01
   6.4271200e-02   9.8795181e-01
   6.6666400e-02   9.8945783e-01
   6.7065600e-02   9.9096386e-01
   6.7464800e-02   9.9171687e-01
   6.7864000e-02   9.9246988e-01
   7.1057600e-02   9.9322289e-01
   7.4251200e-02   9.9397590e-01
   8.1037600e-02   9.9472892e-01
   8.3033600e-02   9.9548193e-01
   9.2614400e-02   9.9623494e-01
   9.3812000e-02   9.9698795e-01
   1.1776480e-01   9.9774096e-01
   1.5968080e-01   9.9849398e-01
   1.6966080e-01   9.9924699e-01
   2.0000000e-01   1.0000000e+00
