   3.7704000e-03   0.0000000e+00
   3.7704000e-03   4.6296296e-03
   4.1472000e-03   6.9444444e-03
   4.5240000e-03   9.2592593e-03
   4.9008000e-03   1.1574074e-02
   5.2784000e-03   1.3888889e-02
   5.6552000e-03   1.6203704e-02
   6.0320000e-03   2.0833333e-02
   6.4088000e-03   3.2407407e-02
   6.7864000e-03   5.5555556e-02
   7.1632000e-03   6.0185185e-02
   7.5400000e-03   9.4907407e-02
   7.9168000e-03   1.1111111e-01
   8.2944000e-03   1.2037037e-01
   8.6712000e-03   1.4583333e-01
   9.0480000e-03   1.5740741e-01
   9.4248000e-03   1.8287037e-01
   9.8024000e-03   2.0370370e-01
   1.0179200e-02   2.3148148e-01
   1.0556000e-02   2.5231481e-01
   1.0932800e-02   2.5462963e-01
   1.1310400e-02   2.8009259e-01
   1.1687200e-02   2.8703704e-01
   1.2064000e-02   3.1250000e-01
   1.2440800e-02   3.3101852e-01
   1.2818400e-02   3.4027778e-01
   1.3195200e-02   3.6342593e-01
   1.3572000e-02   3.8657407e-01
   1.3948800e-02   4.1203704e-01
   1.4326400e-02   4.2592593e-01
   1.4703200e-02   4.4212963e-01
   1.5080000e-02   4.6296296e-01
   1.5456800e-02   4.8611111e-01
   1.5834400e-02   4.8842593e-01
   1.6211200e-02   5.1851852e-01
   1.6588000e-02   5.3240741e-01
   1.6964800e-02   5.3935185e-01
   1.7342400e-02   5.5092593e-01
   1.7719200e-02   5.6944444e-01
   1.8096000e-02   5.9259259e-01
   1.8472800e-02   6.0648148e-01
   1.8850400e-02   6.1111111e-01
   1.9227200e-02   6.2268519e-01
   1.9604000e-02   6.2962963e-01
   1.9980800e-02   6.4351852e-01
   2.0358400e-02   6.5277778e-01
   2.0735200e-02   6.5740741e-01
   2.1112000e-02   6.6666667e-01
   2.1488800e-02   6.7824074e-01
   2.1866400e-02   6.8981481e-01
   2.2243200e-02   6.9212963e-01
   2.2620000e-02   7.1064815e-01
   2.2997600e-02   7.1527778e-01
   2.3374400e-02   7.2222222e-01
   2.3751200e-02   7.3379630e-01
   2.4504800e-02   7.3842593e-01
   2.4882400e-02   7.4537037e-01
   2.5259200e-02   7.4768519e-01
   2.5636000e-02   7.5000000e-01
   2.6012800e-02   7.5462963e-01
   2.6390400e-02   7.6620370e-01
   2.6767200e-02   7.6851852e-01
   2.7144000e-02   7.7314815e-01
   2.7521600e-02   7.9166667e-01
   2.8275200e-02   7.9629630e-01
   2.9028800e-02   8.0787037e-01
   2.9406400e-02   8.1018519e-01
   2.9783200e-02   8.1250000e-01
   3.0160000e-02   8.1481481e-01
   3.0536800e-02   8.1944444e-01
   3.0914400e-02   8.2407407e-01
   3.1291200e-02   8.2870370e-01
   3.1668000e-02   8.3101852e-01
   3.2045600e-02   8.3796296e-01
   3.2422400e-02   8.4259259e-01
   3.2799200e-02   8.4490741e-01
   3.3176000e-02   8.4953704e-01
   3.3553600e-02   8.5185185e-01
   3.3930400e-02   8.5648148e-01
   3.4307200e-02   8.5879630e-01
   3.5061600e-02   8.6111111e-01
   3.5815200e-02   8.6342593e-01
   3.6192000e-02   8.6805556e-01
   3.6569600e-02   8.7037037e-01
   3.6946400e-02   8.7268519e-01
   3.7323200e-02   8.7731481e-01
   3.8831200e-02   8.7962963e-01
   3.9962400e-02   8.8194444e-01
   4.0339200e-02   8.8425926e-01
   4.0716000e-02   8.8888889e-01
   4.1093600e-02   8.9120370e-01
   4.1470400e-02   8.9583333e-01
   4.2601600e-02   8.9814815e-01
   4.3732000e-02   9.0046296e-01
   4.4863200e-02   9.0509259e-01
   4.5240000e-02   9.0972222e-01
   4.6371200e-02   9.1203704e-01
   4.7125600e-02   9.1435185e-01
   4.7502400e-02   9.1898148e-01
   4.7879200e-02   9.2129630e-01
   4.8256000e-02   9.2361111e-01
   4.8633600e-02   9.3055556e-01
   4.9010400e-02   9.3287037e-01
   4.9764000e-02   9.3518519e-01
   5.0141600e-02   9.3750000e-01
   5.1272000e-02   9.3981481e-01
   5.1649600e-02   9.4212963e-01
   5.2403200e-02   9.4675926e-01
   5.3534400e-02   9.5138889e-01
   5.5419200e-02   9.5370370e-01
   5.8435200e-02   9.5601852e-01
   5.8812000e-02   9.5833333e-01
   5.9943200e-02   9.6064815e-01
   6.1074400e-02   9.6296296e-01
   6.2582400e-02   9.6527778e-01
   6.5975200e-02   9.6759259e-01
   6.8614400e-02   9.7222222e-01
   6.9368800e-02   9.7453704e-01
   7.1630400e-02   9.7685185e-01
   7.2761600e-02   9.7916667e-01
   7.5777600e-02   9.8148148e-01
   7.9924800e-02   9.8379630e-01
   8.9349600e-02   9.8842593e-01
   9.5758400e-02   9.9074074e-01
   1.0329840e-01   9.9305556e-01
   1.1988720e-01   9.9537037e-01
   1.3760640e-01   9.9768519e-01
   1.6286560e-01   1.0000000e+00
