   5.3683623e-03   0.0000000e+00
   5.3683623e-03   9.3283582e-04
   6.0864120e-03   1.8656716e-03
   6.2082978e-03   2.7985075e-03
   6.6238436e-03   3.7313433e-03
   6.6647238e-03   6.5298507e-03
   6.7737168e-03   7.4626866e-03
   6.8885969e-03   1.0261194e-02
   7.0102202e-03   1.1194030e-02
   7.0144278e-03   1.3992537e-02
   7.0558112e-03   1.4925373e-02
   7.0890026e-03   1.6791045e-02
   7.1836396e-03   1.7723881e-02
   7.3467342e-03   1.9589552e-02
   7.3722521e-03   2.2388060e-02
   7.3753321e-03   2.4253731e-02
   7.3916037e-03   2.5186567e-02
   7.4538208e-03   2.7052239e-02
   7.5562753e-03   2.7985075e-02
   7.6928004e-03   3.1716418e-02
   7.7358077e-03   3.5447761e-02
   7.7914921e-03   3.6380597e-02
   7.9048585e-03   3.9179104e-02
   7.9085930e-03   4.1044776e-02
   7.9337292e-03   4.1977612e-02
   7.9518117e-03   4.3843284e-02
   8.0204166e-03   4.5708955e-02
   8.1049049e-03   4.7574627e-02
   8.1576494e-03   4.8507463e-02
   8.1838471e-03   5.1305970e-02
   8.2018560e-03   5.2238806e-02
   8.2899763e-03   5.3171642e-02
   8.3558184e-03   5.4104478e-02
   8.3614379e-03   5.5037313e-02
   8.4701590e-03   5.7835821e-02
   8.4710688e-03   5.9701493e-02
   8.5098970e-03   6.0634328e-02
   8.6566011e-03   6.1567164e-02
   8.7479853e-03   6.2500000e-02
   8.7635970e-03   6.3432836e-02
   8.7696586e-03   6.7164179e-02
   8.8267188e-03   6.9962687e-02
   8.8314205e-03   7.0895522e-02
   8.8464550e-03   7.1828358e-02
   8.9039877e-03   7.2761194e-02
   9.0268765e-03   7.3694030e-02
   9.0324021e-03   7.4626866e-02
   9.0374306e-03   7.5559701e-02
   9.0487291e-03   7.7425373e-02
   9.0634691e-03   7.8358209e-02
   9.0774187e-03   8.2089552e-02
   9.1031981e-03   8.3022388e-02
   9.1303763e-03   8.3955224e-02
   9.1519248e-03   8.4888060e-02
   9.2306579e-03   8.5820896e-02
   9.2617888e-03   8.7686567e-02
   9.3130120e-03   9.0485075e-02
   9.3236327e-03   9.1417910e-02
   9.3363682e-03   9.2350746e-02
   9.3698068e-03   9.4216418e-02
   9.3939498e-03   9.7014925e-02
   9.4022520e-03   9.7947761e-02
   9.4040005e-03   9.8880597e-02
   9.4492232e-03   1.0074627e-01
   9.4852919e-03   1.0354478e-01
   9.5612704e-03   1.0447761e-01
   9.5957299e-03   1.0541045e-01
   9.6216908e-03   1.0727612e-01
   9.6807710e-03   1.0914179e-01
   9.7644815e-03   1.1194030e-01
   9.8247896e-03   1.1380597e-01
   9.8855874e-03   1.1473881e-01
   9.9031093e-03   1.1567164e-01
   9.9247661e-03   1.1660448e-01
   9.9613036e-03   1.1847015e-01
   9.9622453e-03   1.1940299e-01
   1.0050625e-02   1.2033582e-01
   1.0100312e-02   1.2126866e-01
   1.0130314e-02   1.2220149e-01
   1.0159599e-02   1.2686567e-01
   1.0169435e-02   1.2779851e-01
   1.0170367e-02   1.3059701e-01
   1.0180810e-02   1.3152985e-01
   1.0211984e-02   1.3246269e-01
   1.0232978e-02   1.3339552e-01
   1.0285101e-02   1.3526119e-01
   1.0317258e-02   1.3805970e-01
   1.0388692e-02   1.3899254e-01
   1.0403754e-02   1.3992537e-01
   1.0443382e-02   1.4179104e-01
   1.0447081e-02   1.4272388e-01
   1.0470456e-02   1.4552239e-01
   1.0481495e-02   1.4645522e-01
   1.0499624e-02   1.4738806e-01
   1.0522097e-02   1.4832090e-01
   1.0528074e-02   1.5018657e-01
   1.0546538e-02   1.5111940e-01
   1.0573762e-02   1.5205224e-01
   1.0615704e-02   1.5578358e-01
   1.0683788e-02   1.5671642e-01
   1.0736725e-02   1.5858209e-01
   1.0740314e-02   1.6044776e-01
   1.0778969e-02   1.6138060e-01
   1.0787835e-02   1.6511194e-01
   1.0851277e-02   1.6697761e-01
   1.0872676e-02   1.6977612e-01
   1.0953143e-02   1.7257463e-01
   1.0968898e-02   1.7350746e-01
   1.1009138e-02   1.7444030e-01
   1.1009146e-02   1.7630597e-01
   1.1037798e-02   1.7817164e-01
   1.1039474e-02   1.8283582e-01
   1.1094866e-02   1.8376866e-01
   1.1098127e-02   1.8656716e-01
   1.1102066e-02   1.8843284e-01
   1.1181609e-02   1.8936567e-01
   1.1262637e-02   1.9029851e-01
   1.1287788e-02   1.9216418e-01
   1.1295582e-02   1.9402985e-01
   1.1299796e-02   1.9496269e-01
   1.1301184e-02   2.0055970e-01
   1.1302966e-02   2.0242537e-01
   1.1342885e-02   2.0335821e-01
   1.1346491e-02   2.0708955e-01
   1.1436560e-02   2.0802239e-01
   1.1442454e-02   2.0895522e-01
   1.1509519e-02   2.0988806e-01
   1.1517257e-02   2.1082090e-01
   1.1572804e-02   2.1735075e-01
   1.1603863e-02   2.1828358e-01
   1.1604607e-02   2.2014925e-01
   1.1643159e-02   2.2108209e-01
   1.1650790e-02   2.2294776e-01
   1.1659441e-02   2.2388060e-01
   1.1662805e-02   2.2667910e-01
   1.1731025e-02   2.2761194e-01
   1.1838198e-02   2.2854478e-01
   1.1852659e-02   2.3041045e-01
   1.1858339e-02   2.3134328e-01
   1.1869278e-02   2.3227612e-01
   1.1899062e-02   2.3507463e-01
   1.1914070e-02   2.3600746e-01
   1.1962841e-02   2.3787313e-01
   1.1984985e-02   2.3880597e-01
   1.2011512e-02   2.4067164e-01
   1.2135756e-02   2.4160448e-01
   1.2140650e-02   2.4813433e-01
   1.2172014e-02   2.4906716e-01
   1.2172824e-02   2.5000000e-01
   1.2204766e-02   2.5186567e-01
   1.2205060e-02   2.5373134e-01
   1.2229632e-02   2.5746269e-01
   1.2279391e-02   2.5932836e-01
   1.2311467e-02   2.6026119e-01
   1.2313117e-02   2.6492537e-01
   1.2343730e-02   2.6772388e-01
   1.2352667e-02   2.6865672e-01
   1.2378921e-02   2.6958955e-01
   1.2417184e-02   2.7145522e-01
   1.2422131e-02   2.7238806e-01
   1.2424026e-02   2.7332090e-01
   1.2436782e-02   2.7611940e-01
   1.2456699e-02   2.7705224e-01
   1.2476177e-02   2.7798507e-01
   1.2515199e-02   2.7985075e-01
   1.2551370e-02   2.8078358e-01
   1.2647377e-02   2.8451493e-01
   1.2652451e-02   2.8544776e-01
   1.2699067e-02   2.8638060e-01
   1.2706873e-02   2.8731343e-01
   1.2707217e-02   2.8917910e-01
   1.2739403e-02   2.9291045e-01
   1.2761005e-02   2.9384328e-01
   1.2840100e-02   2.9570896e-01
   1.2910520e-02   2.9757463e-01
   1.2982468e-02   2.9944030e-01
   1.2985952e-02   3.0223881e-01
   1.3048578e-02   3.0410448e-01
   1.3068669e-02   3.0503731e-01
   1.3178848e-02   3.0597015e-01
   1.3263225e-02   3.0783582e-01
   1.3272653e-02   3.0970149e-01
   1.3278134e-02   3.1156716e-01
   1.3306255e-02   3.1250000e-01
   1.3317126e-02   3.1343284e-01
   1.3329448e-02   3.1529851e-01
   1.3364455e-02   3.1716418e-01
   1.3372731e-02   3.1809701e-01
   1.3445258e-02   3.1902985e-01
   1.3466828e-02   3.1996269e-01
   1.3469135e-02   3.2089552e-01
   1.3547397e-02   3.2182836e-01
   1.3549842e-02   3.2276119e-01
   1.3569683e-02   3.2555970e-01
   1.3574082e-02   3.2649254e-01
   1.3616157e-02   3.2835821e-01
   1.3622830e-02   3.2929104e-01
   1.3632131e-02   3.3022388e-01
   1.3677149e-02   3.3115672e-01
   1.3685416e-02   3.3302239e-01
   1.3689139e-02   3.3395522e-01
   1.3695564e-02   3.3488806e-01
   1.3777194e-02   3.3582090e-01
   1.3838531e-02   3.3675373e-01
   1.3931320e-02   3.3861940e-01
   1.4011663e-02   3.4048507e-01
   1.4020787e-02   3.4141791e-01
   1.4029528e-02   3.4328358e-01
   1.4047209e-02   3.4421642e-01
   1.4113073e-02   3.4514925e-01
   1.4133985e-02   3.4794776e-01
   1.4178649e-02   3.4888060e-01
   1.4183142e-02   3.4981343e-01
   1.4187320e-02   3.5074627e-01
   1.4189810e-02   3.5167910e-01
   1.4241373e-02   3.5354478e-01
   1.4245634e-02   3.5447761e-01
   1.4334749e-02   3.5541045e-01
   1.4342836e-02   3.5820896e-01
   1.4366898e-02   3.5914179e-01
   1.4384952e-02   3.6007463e-01
   1.4391862e-02   3.6100746e-01
   1.4400985e-02   3.6194030e-01
   1.4433026e-02   3.6380597e-01
   1.4445188e-02   3.6473881e-01
   1.4455606e-02   3.6567164e-01
   1.4486130e-02   3.6660448e-01
   1.4577654e-02   3.6753731e-01
   1.4675195e-02   3.6847015e-01
   1.4679243e-02   3.7126866e-01
   1.4703879e-02   3.7220149e-01
   1.4750128e-02   3.7406716e-01
   1.4777159e-02   3.7500000e-01
   1.4796980e-02   3.7686567e-01
   1.4818497e-02   3.7779851e-01
   1.4918504e-02   3.7873134e-01
   1.4963424e-02   3.7966418e-01
   1.4991496e-02   3.8246269e-01
   1.5019301e-02   3.8339552e-01
   1.5040904e-02   3.8432836e-01
   1.5049760e-02   3.8526119e-01
   1.5106574e-02   3.8619403e-01
   1.5110993e-02   3.8805970e-01
   1.5144342e-02   3.8899254e-01
   1.5203065e-02   3.8992537e-01
   1.5270462e-02   3.9179104e-01
   1.5317650e-02   3.9272388e-01
   1.5364015e-02   3.9365672e-01
   1.5503079e-02   3.9458955e-01
   1.5543761e-02   3.9552239e-01
   1.5574892e-02   3.9645522e-01
   1.5598577e-02   3.9738806e-01
   1.5633094e-02   3.9925373e-01
   1.5707678e-02   4.0018657e-01
   1.5711814e-02   4.0111940e-01
   1.5768947e-02   4.0205224e-01
   1.5784878e-02   4.0298507e-01
   1.5803265e-02   4.0391791e-01
   1.5806758e-02   4.0485075e-01
   1.5808980e-02   4.0671642e-01
   1.5816571e-02   4.0764925e-01
   1.5837074e-02   4.0951493e-01
   1.5849671e-02   4.1138060e-01
   1.5867835e-02   4.1231343e-01
   1.5926461e-02   4.1417910e-01
   1.5952832e-02   4.1511194e-01
   1.6025336e-02   4.1604478e-01
   1.6040340e-02   4.1791045e-01
   1.6070819e-02   4.2070896e-01
   1.6088687e-02   4.2164179e-01
   1.6142372e-02   4.2257463e-01
   1.6210516e-02   4.2350746e-01
   1.6277788e-02   4.2444030e-01
   1.6373780e-02   4.2537313e-01
   1.6377952e-02   4.2723881e-01
   1.6417669e-02   4.2910448e-01
   1.6515684e-02   4.3003731e-01
   1.6520086e-02   4.3097015e-01
   1.6606461e-02   4.3190299e-01
   1.6623204e-02   4.3376866e-01
   1.6634064e-02   4.3470149e-01
   1.6651492e-02   4.3563433e-01
   1.6711163e-02   4.3843284e-01
   1.6767266e-02   4.4216418e-01
   1.6767496e-02   4.4309701e-01
   1.6834809e-02   4.4402985e-01
   1.6931144e-02   4.4589552e-01
   1.6967851e-02   4.4869403e-01
   1.6971504e-02   4.5055970e-01
   1.7014244e-02   4.5149254e-01
   1.7086752e-02   4.5242537e-01
   1.7154208e-02   4.5335821e-01
   1.7163178e-02   4.5429104e-01
   1.7172179e-02   4.5522388e-01
   1.7184420e-02   4.5615672e-01
   1.7217052e-02   4.5708955e-01
   1.7237593e-02   4.5895522e-01
   1.7267497e-02   4.5988806e-01
   1.7277312e-02   4.6082090e-01
   1.7312502e-02   4.6175373e-01
   1.7334930e-02   4.6268657e-01
   1.7393898e-02   4.6455224e-01
   1.7410324e-02   4.6548507e-01
   1.7500267e-02   4.6641791e-01
   1.7507887e-02   4.6735075e-01
   1.7527194e-02   4.6921642e-01
   1.7587316e-02   4.7014925e-01
   1.7692637e-02   4.7108209e-01
   1.7718507e-02   4.7201493e-01
   1.7804484e-02   4.7481343e-01
   1.7826170e-02   4.7667910e-01
   1.7840787e-02   4.7761194e-01
   1.7844224e-02   4.7854478e-01
   1.7866085e-02   4.7947761e-01
   1.7876603e-02   4.8041045e-01
   1.7901843e-02   4.8134328e-01
   1.7977168e-02   4.8227612e-01
   1.8030182e-02   4.8320896e-01
   1.8065326e-02   4.8600746e-01
   1.8074861e-02   4.8694030e-01
   1.8105464e-02   4.8787313e-01
   1.8127576e-02   4.8880597e-01
   1.8260086e-02   4.8973881e-01
   1.8304974e-02   4.9067164e-01
   1.8307152e-02   4.9160448e-01
   1.8342716e-02   4.9253731e-01
   1.8348577e-02   4.9347015e-01
   1.8355539e-02   4.9440299e-01
   1.8626024e-02   4.9533582e-01
   1.8640774e-02   4.9626866e-01
   1.8648391e-02   4.9720149e-01
   1.8657718e-02   4.9813433e-01
   1.8721287e-02   5.0093284e-01
   1.8807581e-02   5.0186567e-01
   1.8869481e-02   5.0373134e-01
   1.8937813e-02   5.0466418e-01
   1.8944339e-02   5.0652985e-01
   1.8973642e-02   5.0746269e-01
   1.8977670e-02   5.0839552e-01
   1.9061961e-02   5.0932836e-01
   1.9086460e-02   5.1026119e-01
   1.9233151e-02   5.1119403e-01
   1.9239470e-02   5.1212687e-01
   1.9352095e-02   5.1399254e-01
   1.9354728e-02   5.1492537e-01
   1.9471605e-02   5.1585821e-01
   1.9479752e-02   5.1772388e-01
   1.9479965e-02   5.1865672e-01
   1.9504248e-02   5.2052239e-01
   1.9570092e-02   5.2145522e-01
   1.9637865e-02   5.2238806e-01
   1.9650044e-02   5.2332090e-01
   1.9676143e-02   5.2425373e-01
   1.9677019e-02   5.2518657e-01
   1.9728390e-02   5.2611940e-01
   1.9750135e-02   5.2705224e-01
   1.9755225e-02   5.2798507e-01
   1.9756156e-02   5.2891791e-01
   1.9766421e-02   5.2985075e-01
   1.9767454e-02   5.3078358e-01
   1.9779387e-02   5.3171642e-01
   1.9873049e-02   5.3264925e-01
   1.9899760e-02   5.3358209e-01
   2.0003592e-02   5.3451493e-01
   2.0032912e-02   5.3544776e-01
   2.0035748e-02   5.3824627e-01
   2.0042035e-02   5.3917910e-01
   2.0076859e-02   5.4011194e-01
   2.0100765e-02   5.4104478e-01
   2.0113046e-02   5.4197761e-01
   2.0113823e-02   5.4291045e-01
   2.0199932e-02   5.4384328e-01
   2.0321114e-02   5.4477612e-01
   2.0333033e-02   5.4570896e-01
   2.0340002e-02   5.4664179e-01
   2.0361619e-02   5.4757463e-01
   2.0413701e-02   5.4850746e-01
   2.0423373e-02   5.5037313e-01
   2.0570201e-02   5.5130597e-01
   2.0600047e-02   5.5223881e-01
   2.0605182e-02   5.5317164e-01
   2.0611675e-02   5.5410448e-01
   2.0691599e-02   5.5597015e-01
   2.0738197e-02   5.5690299e-01
   2.0807508e-02   5.5783582e-01
   2.0811124e-02   5.5970149e-01
   2.0822678e-02   5.6156716e-01
   2.0894162e-02   5.6250000e-01
   2.0899183e-02   5.6343284e-01
   2.1056147e-02   5.6436567e-01
   2.1069205e-02   5.6529851e-01
   2.1165620e-02   5.6623134e-01
   2.1177367e-02   5.6809701e-01
   2.1204861e-02   5.6902985e-01
   2.1341282e-02   5.6996269e-01
   2.1367577e-02   5.7089552e-01
   2.1399222e-02   5.7182836e-01
   2.1456089e-02   5.7276119e-01
   2.1472318e-02   5.7369403e-01
   2.1549834e-02   5.7462687e-01
   2.1559429e-02   5.7649254e-01
   2.1574889e-02   5.7742537e-01
   2.1593824e-02   5.7835821e-01
   2.1604417e-02   5.8022388e-01
   2.1643592e-02   5.8115672e-01
   2.1683083e-02   5.8208955e-01
   2.1731481e-02   5.8302239e-01
   2.1747658e-02   5.8395522e-01
   2.1771979e-02   5.8488806e-01
   2.1814979e-02   5.8582090e-01
   2.1824062e-02   5.8675373e-01
   2.1834350e-02   5.8768657e-01
   2.1958269e-02   5.8861940e-01
   2.2017742e-02   5.8955224e-01
   2.2028277e-02   5.9048507e-01
   2.2031328e-02   5.9141791e-01
   2.2041328e-02   5.9235075e-01
   2.2078315e-02   5.9328358e-01
   2.2121333e-02   5.9421642e-01
   2.2125460e-02   5.9514925e-01
   2.2310078e-02   5.9701493e-01
   2.2438402e-02   5.9794776e-01
   2.2440137e-02   5.9981343e-01
   2.2583642e-02   6.0167910e-01
   2.2591164e-02   6.0261194e-01
   2.2602255e-02   6.0354478e-01
   2.2697447e-02   6.0447761e-01
   2.2748565e-02   6.0541045e-01
   2.2757666e-02   6.0634328e-01
   2.2807091e-02   6.0727612e-01
   2.2858666e-02   6.0820896e-01
   2.2875957e-02   6.0914179e-01
   2.3034514e-02   6.1007463e-01
   2.3078500e-02   6.1194030e-01
   2.3143403e-02   6.1287313e-01
   2.3164209e-02   6.1380597e-01
   2.3286318e-02   6.1473881e-01
   2.3301580e-02   6.1660448e-01
   2.3324482e-02   6.1753731e-01
   2.3374296e-02   6.1847015e-01
   2.3432969e-02   6.1940299e-01
   2.3462724e-02   6.2033582e-01
   2.3472875e-02   6.2220149e-01
   2.3494581e-02   6.2313433e-01
   2.3499410e-02   6.2406716e-01
   2.3516934e-02   6.2500000e-01
   2.3576192e-02   6.2593284e-01
   2.3704727e-02   6.2686567e-01
   2.3716677e-02   6.2779851e-01
   2.3730167e-02   6.2873134e-01
   2.3739687e-02   6.3059701e-01
   2.3783829e-02   6.3152985e-01
   2.3855901e-02   6.3246269e-01
   2.3856828e-02   6.3339552e-01
   2.3969462e-02   6.3432836e-01
   2.3990764e-02   6.3526119e-01
   2.4062203e-02   6.3619403e-01
   2.4147021e-02   6.3712687e-01
   2.4216504e-02   6.3805970e-01
   2.4271512e-02   6.3992537e-01
   2.4280844e-02   6.4085821e-01
   2.4306046e-02   6.4179104e-01
   2.4345648e-02   6.4272388e-01
   2.4477693e-02   6.4458955e-01
   2.4495991e-02   6.4552239e-01
   2.4536341e-02   6.4645522e-01
   2.4575031e-02   6.4738806e-01
   2.4613056e-02   6.4832090e-01
   2.4622494e-02   6.4925373e-01
   2.4625016e-02   6.5018657e-01
   2.4651958e-02   6.5111940e-01
   2.4719445e-02   6.5205224e-01
   2.4791478e-02   6.5298507e-01
   2.4821989e-02   6.5391791e-01
   2.4844076e-02   6.5485075e-01
   2.4848053e-02   6.5578358e-01
   2.4862724e-02   6.5858209e-01
   2.4874910e-02   6.5951493e-01
   2.5018964e-02   6.6044776e-01
   2.5102740e-02   6.6138060e-01
   2.5105934e-02   6.6231343e-01
   2.5148841e-02   6.6324627e-01
   2.5218907e-02   6.6417910e-01
   2.5269420e-02   6.6511194e-01
   2.5391399e-02   6.6604478e-01
   2.5407474e-02   6.6697761e-01
   2.5426324e-02   6.6791045e-01
   2.5524418e-02   6.6884328e-01
   2.5583559e-02   6.6977612e-01
   2.5657965e-02   6.7070896e-01
   2.5669782e-02   6.7164179e-01
   2.5708346e-02   6.7257463e-01
   2.5731364e-02   6.7350746e-01
   2.5744215e-02   6.7444030e-01
   2.5821040e-02   6.7537313e-01
   2.5858887e-02   6.7630597e-01
   2.5954614e-02   6.7723881e-01
   2.5962815e-02   6.7817164e-01
   2.6096619e-02   6.8097015e-01
   2.6159419e-02   6.8190299e-01
   2.6168766e-02   6.8283582e-01
   2.6193566e-02   6.8376866e-01
   2.6236741e-02   6.8470149e-01
   2.6247858e-02   6.8656716e-01
   2.6253352e-02   6.8750000e-01
   2.6290791e-02   6.8843284e-01
   2.6324054e-02   6.8936567e-01
   2.6331449e-02   6.9029851e-01
   2.6352810e-02   6.9123134e-01
   2.6530405e-02   6.9216418e-01
   2.6535846e-02   6.9309701e-01
   2.6545305e-02   6.9402985e-01
   2.6737487e-02   6.9496269e-01
   2.6760860e-02   6.9589552e-01
   2.6797540e-02   6.9682836e-01
   2.6809415e-02   6.9776119e-01
   2.6920895e-02   6.9869403e-01
   2.7031136e-02   6.9962687e-01
   2.7047375e-02   7.0055970e-01
   2.7097728e-02   7.0149254e-01
   2.7111733e-02   7.0242537e-01
   2.7139365e-02   7.0335821e-01
   2.7246308e-02   7.0429104e-01
   2.7411702e-02   7.0522388e-01
   2.7457418e-02   7.0615672e-01
   2.7487850e-02   7.0708955e-01
   2.7495526e-02   7.0802239e-01
   2.7677634e-02   7.0895522e-01
   2.7705271e-02   7.0988806e-01
   2.7749373e-02   7.1082090e-01
   2.7995300e-02   7.1175373e-01
   2.8022827e-02   7.1268657e-01
   2.8273526e-02   7.1361940e-01
   2.8330851e-02   7.1455224e-01
   2.8338734e-02   7.1548507e-01
   2.8478181e-02   7.1641791e-01
   2.8663732e-02   7.1735075e-01
   2.8669075e-02   7.1828358e-01
   2.8685818e-02   7.1921642e-01
   2.8738696e-02   7.2014925e-01
   2.8783724e-02   7.2108209e-01
   2.8793059e-02   7.2201493e-01
   2.8881696e-02   7.2294776e-01
   2.8931612e-02   7.2388060e-01
   2.8996387e-02   7.2481343e-01
   2.9065954e-02   7.2574627e-01
   2.9071042e-02   7.2667910e-01
   2.9106862e-02   7.2761194e-01
   2.9128207e-02   7.2854478e-01
   2.9222144e-02   7.2947761e-01
   2.9317604e-02   7.3041045e-01
   2.9388567e-02   7.3134328e-01
   2.9395300e-02   7.3227612e-01
   2.9655636e-02   7.3320896e-01
   2.9686106e-02   7.3414179e-01
   2.9756812e-02   7.3507463e-01
   2.9798415e-02   7.3600746e-01
   2.9815027e-02   7.3694030e-01
   2.9817528e-02   7.3787313e-01
   2.9943342e-02   7.3880597e-01
   3.0038135e-02   7.3973881e-01
   3.0068371e-02   7.4067164e-01
   3.0131280e-02   7.4160448e-01
   3.0186089e-02   7.4253731e-01
   3.0212745e-02   7.4347015e-01
   3.0324361e-02   7.4626866e-01
   3.0389854e-02   7.4720149e-01
   3.0446302e-02   7.4813433e-01
   3.0450064e-02   7.4906716e-01
   3.0459598e-02   7.5000000e-01
   3.0540925e-02   7.5093284e-01
   3.0603142e-02   7.5186567e-01
   3.0617409e-02   7.5279851e-01
   3.0652474e-02   7.5373134e-01
   3.0758848e-02   7.5466418e-01
   3.0844565e-02   7.5559701e-01
   3.0855302e-02   7.5652985e-01
   3.0861524e-02   7.5746269e-01
   3.0960246e-02   7.5839552e-01
   3.1108104e-02   7.5932836e-01
   3.1150368e-02   7.6026119e-01
   3.1210030e-02   7.6119403e-01
   3.1282113e-02   7.6212687e-01
   3.1327284e-02   7.6305970e-01
   3.1620011e-02   7.6399254e-01
   3.1642855e-02   7.6492537e-01
   3.1750226e-02   7.6585821e-01
   3.1770458e-02   7.6772388e-01
   3.1847746e-02   7.6865672e-01
   3.1876958e-02   7.6958955e-01
   3.1888365e-02   7.7052239e-01
   3.1920485e-02   7.7145522e-01
   3.1970277e-02   7.7238806e-01
   3.2125779e-02   7.7332090e-01
   3.2142738e-02   7.7425373e-01
   3.2170309e-02   7.7518657e-01
   3.2272401e-02   7.7611940e-01
   3.2407286e-02   7.7705224e-01
   3.2424548e-02   7.7798507e-01
   3.2479303e-02   7.7891791e-01
   3.2635496e-02   7.7985075e-01
   3.2718927e-02   7.8078358e-01
   3.2738618e-02   7.8171642e-01
   3.2858782e-02   7.8264925e-01
   3.2882075e-02   7.8358209e-01
   3.2932068e-02   7.8451493e-01
   3.2968632e-02   7.8544776e-01
   3.3056265e-02   7.8638060e-01
   3.3121187e-02   7.8731343e-01
   3.3312955e-02   7.8824627e-01
   3.3342630e-02   7.8917910e-01
   3.3472560e-02   7.9011194e-01
   3.3688064e-02   7.9104478e-01
   3.3716924e-02   7.9197761e-01
   3.3903439e-02   7.9291045e-01
   3.4101822e-02   7.9384328e-01
   3.4108890e-02   7.9477612e-01
   3.4247586e-02   7.9570896e-01
   3.4424373e-02   7.9664179e-01
   3.4580935e-02   7.9757463e-01
   3.4643034e-02   7.9850746e-01
   3.4740701e-02   7.9944030e-01
   3.4871987e-02   8.0037313e-01
   3.4920559e-02   8.0130597e-01
   3.5055013e-02   8.0223881e-01
   3.5063057e-02   8.0317164e-01
   3.5072356e-02   8.0410448e-01
   3.5104092e-02   8.0503731e-01
   3.5142527e-02   8.0597015e-01
   3.5554109e-02   8.0690299e-01
   3.5688449e-02   8.0783582e-01
   3.5920135e-02   8.0876866e-01
   3.6034935e-02   8.0970149e-01
   3.6059598e-02   8.1063433e-01
   3.6308602e-02   8.1156716e-01
   3.6686028e-02   8.1250000e-01
   3.6686903e-02   8.1343284e-01
   3.6706016e-02   8.1436567e-01
   3.6753965e-02   8.1529851e-01
   3.6812793e-02   8.1623134e-01
   3.6860163e-02   8.1716418e-01
   3.7255734e-02   8.1809701e-01
   3.7331015e-02   8.1902985e-01
   3.7525208e-02   8.1996269e-01
   3.7699439e-02   8.2089552e-01
   3.7820004e-02   8.2276119e-01
   3.7847509e-02   8.2369403e-01
   3.7897602e-02   8.2462687e-01
   3.8107954e-02   8.2555970e-01
   3.8120061e-02   8.2649254e-01
   3.8300863e-02   8.2742537e-01
   3.8383598e-02   8.2835821e-01
   3.8390549e-02   8.2929104e-01
   3.8524724e-02   8.3022388e-01
   3.9008646e-02   8.3115672e-01
   3.9053535e-02   8.3208955e-01
   3.9260470e-02   8.3302239e-01
   3.9534277e-02   8.3395522e-01
   3.9633219e-02   8.3488806e-01
   3.9759340e-02   8.3582090e-01
   3.9877134e-02   8.3675373e-01
   3.9966942e-02   8.3768657e-01
   3.9988543e-02   8.3861940e-01
   4.0162651e-02   8.3955224e-01
   4.0642774e-02   8.4048507e-01
   4.0920891e-02   8.4141791e-01
   4.0949770e-02   8.4235075e-01
   4.1281940e-02   8.4328358e-01
   4.1282911e-02   8.4421642e-01
   4.1299604e-02   8.4514925e-01
   4.1380281e-02   8.4608209e-01
   4.1486143e-02   8.4701493e-01
   4.1486692e-02   8.4794776e-01
   4.1580739e-02   8.4888060e-01
   4.1658503e-02   8.4981343e-01
   4.1765470e-02   8.5074627e-01
   4.1798500e-02   8.5167910e-01
   4.2022440e-02   8.5261194e-01
   4.2079476e-02   8.5354478e-01
   4.2188770e-02   8.5447761e-01
   4.2295690e-02   8.5541045e-01
   4.2433447e-02   8.5634328e-01
   4.2679600e-02   8.5727612e-01
   4.2754811e-02   8.5820896e-01
   4.2797820e-02   8.5914179e-01
   4.2822916e-02   8.6007463e-01
   4.3099287e-02   8.6100746e-01
   4.3246997e-02   8.6194030e-01
   4.3357886e-02   8.6287313e-01
   4.3495212e-02   8.6380597e-01
   4.3511979e-02   8.6473881e-01
   4.3627469e-02   8.6567164e-01
   4.4056467e-02   8.6660448e-01
   4.4340089e-02   8.6753731e-01
   4.4375930e-02   8.6847015e-01
   4.4675701e-02   8.6940299e-01
   4.4866316e-02   8.7033582e-01
   4.5023811e-02   8.7126866e-01
   4.5153303e-02   8.7220149e-01
   4.5155700e-02   8.7313433e-01
   4.5167312e-02   8.7406716e-01
   4.5180533e-02   8.7500000e-01
   4.5194855e-02   8.7593284e-01
   4.5284830e-02   8.7686567e-01
   4.5312874e-02   8.7779851e-01
   4.5802674e-02   8.7873134e-01
   4.5999639e-02   8.7966418e-01
   4.6069504e-02   8.8059701e-01
   4.6299665e-02   8.8152985e-01
   4.6378564e-02   8.8246269e-01
   4.6508996e-02   8.8339552e-01
   4.6565770e-02   8.8432836e-01
   4.6620415e-02   8.8526119e-01
   4.6662128e-02   8.8619403e-01
   4.6703256e-02   8.8712687e-01
   4.6749061e-02   8.8805970e-01
   4.6757927e-02   8.8899254e-01
   4.6887580e-02   8.8992537e-01
   4.7140353e-02   8.9085821e-01
   4.7156854e-02   8.9179104e-01
   4.7346902e-02   8.9272388e-01
   4.7409454e-02   8.9365672e-01
   4.7616991e-02   8.9458955e-01
   4.7746806e-02   8.9552239e-01
   4.8355382e-02   8.9645522e-01
   4.8753219e-02   8.9738806e-01
   4.8790194e-02   8.9832090e-01
   4.9596181e-02   8.9925373e-01
   4.9662258e-02   9.0018657e-01
   4.9670881e-02   9.0111940e-01
   4.9730188e-02   9.0205224e-01
   4.9812745e-02   9.0298507e-01
   5.0375817e-02   9.0391791e-01
   5.0491745e-02   9.0485075e-01
   5.0525968e-02   9.0578358e-01
   5.0580208e-02   9.0671642e-01
   5.0804834e-02   9.0764925e-01
   5.0817148e-02   9.0858209e-01
   5.1004765e-02   9.0951493e-01
   5.1643182e-02   9.1044776e-01
   5.1696702e-02   9.1138060e-01
   5.1769771e-02   9.1231343e-01
   5.1785448e-02   9.1324627e-01
   5.2012275e-02   9.1417910e-01
   5.2139256e-02   9.1511194e-01
   5.2452852e-02   9.1604478e-01
   5.2594077e-02   9.1697761e-01
   5.2965174e-02   9.1791045e-01
   5.3192051e-02   9.1884328e-01
   5.3412971e-02   9.1977612e-01
   5.3705002e-02   9.2070896e-01
   5.4234373e-02   9.2164179e-01
   5.4559374e-02   9.2257463e-01
   5.4839964e-02   9.2350746e-01
   5.5157283e-02   9.2444030e-01
   5.6061639e-02   9.2537313e-01
   5.6140670e-02   9.2630597e-01
   5.6440972e-02   9.2723881e-01
   5.6514828e-02   9.2817164e-01
   5.6623824e-02   9.2910448e-01
   5.7024735e-02   9.3003731e-01
   5.7090537e-02   9.3097015e-01
   5.7108776e-02   9.3190299e-01
   5.7237161e-02   9.3283582e-01
   5.7443356e-02   9.3376866e-01
   5.7613087e-02   9.3470149e-01
   5.8340476e-02   9.3563433e-01
   5.8747641e-02   9.3656716e-01
   5.9127664e-02   9.3750000e-01
   5.9496910e-02   9.3843284e-01
   5.9520199e-02   9.3936567e-01
   6.0137062e-02   9.4029851e-01
   6.0255324e-02   9.4123134e-01
   6.0754010e-02   9.4216418e-01
   6.1165762e-02   9.4309701e-01
   6.1332563e-02   9.4402985e-01
   6.2041607e-02   9.4496269e-01
   6.2385786e-02   9.4589552e-01
   6.2572143e-02   9.4682836e-01
   6.3272331e-02   9.4776119e-01
   6.5932775e-02   9.4869403e-01
   6.6733437e-02   9.4962687e-01
   6.7781605e-02   9.5055970e-01
   6.7991203e-02   9.5149254e-01
   6.8882972e-02   9.5242537e-01
   6.9316668e-02   9.5335821e-01
   6.9452671e-02   9.5429104e-01
   6.9758086e-02   9.5522388e-01
   7.0028575e-02   9.5615672e-01
   7.0526830e-02   9.5708955e-01
   7.1715106e-02   9.5802239e-01
   7.2321692e-02   9.5895522e-01
   7.4242052e-02   9.5988806e-01
   7.5263514e-02   9.6082090e-01
   7.5381213e-02   9.6175373e-01
   7.5576486e-02   9.6268657e-01
   7.7131008e-02   9.6361940e-01
   7.7222367e-02   9.6455224e-01
   7.7723465e-02   9.6548507e-01
   8.0522183e-02   9.6641791e-01
   8.0580838e-02   9.6735075e-01
   8.0683259e-02   9.6828358e-01
   8.0822214e-02   9.6921642e-01
   8.2378592e-02   9.7014925e-01
   8.5076113e-02   9.7108209e-01
   8.5476866e-02   9.7201493e-01
   8.5957919e-02   9.7294776e-01
   8.6078790e-02   9.7388060e-01
   8.6520776e-02   9.7481343e-01
   8.7134838e-02   9.7574627e-01
   8.7499707e-02   9.7667910e-01
   8.7802875e-02   9.7761194e-01
   8.8090503e-02   9.7854478e-01
   9.2170305e-02   9.7947761e-01
   9.5964120e-02   9.8041045e-01
   9.7250672e-02   9.8134328e-01
   9.8893703e-02   9.8227612e-01
   9.9852165e-02   9.8320896e-01
   1.0009213e-01   9.8414179e-01
   1.0304727e-01   9.8507463e-01
   1.0425837e-01   9.8600746e-01
   1.0455906e-01   9.8694030e-01
   1.0592269e-01   9.8787313e-01
   1.0671645e-01   9.8880597e-01
   1.0929961e-01   9.8973881e-01
   1.1028632e-01   9.9067164e-01
   1.1215536e-01   9.9160448e-01
   1.1601084e-01   9.9253731e-01
   1.1662323e-01   9.9347015e-01
   1.2768263e-01   9.9440299e-01
   1.3007408e-01   9.9533582e-01
   1.3552319e-01   9.9626866e-01
   1.3859331e-01   9.9720149e-01
   1.4452416e-01   9.9813433e-01
   1.4796726e-01   9.9906716e-01
   2.0755177e-01   1.0000000e+00
