   4.3104000e-03   0.0000000e+00
   4.3104000e-03   9.1743119e-03
   4.7416000e-03   1.8348624e-02
   5.1728000e-03   2.7522936e-02
   5.6032000e-03   3.6697248e-02
   6.0344000e-03   4.5871560e-02
   6.4656000e-03   5.5045872e-02
   6.8968000e-03   8.2568807e-02
   7.3272000e-03   1.1009174e-01
   7.7584000e-03   1.2844037e-01
   8.1896000e-03   1.5596330e-01
   8.6208000e-03   1.7431193e-01
   9.0520000e-03   1.9266055e-01
   9.4824000e-03   2.0183486e-01
   9.9136000e-03   2.2018349e-01
   1.0344800e-02   2.3853211e-01
   1.0776000e-02   2.5688073e-01
   1.1207200e-02   2.8440367e-01
   1.1637600e-02   3.1192661e-01
   1.2068800e-02   3.2110092e-01
   1.2500000e-02   3.3944954e-01
   1.2931200e-02   3.6697248e-01
   1.3362400e-02   3.8532110e-01
   1.4224000e-02   4.1284404e-01
   1.4655200e-02   4.2201835e-01
   1.5086400e-02   4.3119266e-01
   1.5517600e-02   4.4954128e-01
   1.7241600e-02   4.6788991e-01
   1.8103200e-02   4.7706422e-01
   1.9396800e-02   4.9541284e-01
   1.9828000e-02   5.0458716e-01
   2.0258400e-02   5.2293578e-01
   2.1982400e-02   5.4128440e-01
   2.2413600e-02   5.5963303e-01
   2.3276000e-02   5.6880734e-01
   2.4137600e-02   5.7798165e-01
   2.5431200e-02   5.8715596e-01
   2.6724000e-02   5.9633028e-01
   2.7155200e-02   6.0550459e-01
   2.8448000e-02   6.1467890e-01
   2.9310400e-02   6.2385321e-01
   2.9741600e-02   6.3302752e-01
   3.1465600e-02   6.4220183e-01
   3.3189600e-02   6.5137615e-01
   3.4482400e-02   6.6972477e-01
   3.7068800e-02   6.7889908e-01
   4.0086400e-02   6.8807339e-01
   4.7413600e-02   7.0642202e-01
   4.8707200e-02   7.1559633e-01
   5.0431200e-02   7.2477064e-01
   5.5172000e-02   7.3394495e-01
   5.6465600e-02   7.4311927e-01
   5.8189600e-02   7.5229358e-01
   5.9482400e-02   7.6146789e-01
   6.5948000e-02   7.7064220e-01
   6.8965600e-02   7.7981651e-01
   7.2844800e-02   7.8899083e-01
   7.5862400e-02   7.9816514e-01
   7.6292800e-02   8.0733945e-01
   8.0603200e-02   8.1651376e-01
   8.3189600e-02   8.2568807e-01
   8.4913600e-02   8.3486239e-01
   8.7931200e-02   8.4403670e-01
   9.0517600e-02   8.5321101e-01
   1.0344800e-01   8.6238532e-01
   1.0603440e-01   8.7155963e-01
   1.1120720e-01   8.8073394e-01
   1.1206880e-01   8.8990826e-01
   1.1336240e-01   8.9908257e-01
   1.1594800e-01   9.0825688e-01
   1.1724160e-01   9.1743119e-01
   1.4094800e-01   9.2660550e-01
   1.6422400e-01   9.3577982e-01
   1.7370720e-01   9.4495413e-01
   1.7801760e-01   9.5412844e-01
   1.9137920e-01   9.6330275e-01
   1.9181040e-01   9.7247706e-01
   2.1939680e-01   9.8165138e-01
   2.3620720e-01   9.9082569e-01
   2.4310320e-01   1.0000000e+00
