   4.0224000e-03   0.0000000e+00
   4.0224000e-03   3.6630037e-03
   4.4696000e-03   5.4945055e-03
   4.9160000e-03   1.4652015e-02
   5.3632000e-03   1.8315018e-02
   5.8104000e-03   2.3809524e-02
   6.2568000e-03   4.0293040e-02
   6.7040000e-03   5.8608059e-02
   7.1512000e-03   7.3260073e-02
   7.5976000e-03   8.4249084e-02
   8.0448000e-03   1.1538462e-01
   8.4920000e-03   1.2637363e-01
   8.9384000e-03   1.4102564e-01
   9.3856000e-03   1.5934066e-01
   9.8320000e-03   1.6666667e-01
   1.0279200e-02   1.8131868e-01
   1.0726400e-02   1.8681319e-01
   1.1172800e-02   2.1245421e-01
   1.1620000e-02   2.3260073e-01
   1.2067200e-02   2.4725275e-01
   1.2514400e-02   2.7289377e-01
   1.2960800e-02   2.8205128e-01
   1.3408000e-02   2.9670330e-01
   1.3854400e-02   3.1135531e-01
   1.4301600e-02   3.2967033e-01
   1.4748800e-02   3.4065934e-01
   1.5195200e-02   3.5347985e-01
   1.5642400e-02   3.7179487e-01
   1.6089600e-02   3.8278388e-01
   1.6536000e-02   3.9194139e-01
   1.6983200e-02   3.9926740e-01
   1.7430400e-02   4.1575092e-01
   1.7876800e-02   4.2673993e-01
   1.8324000e-02   4.3772894e-01
   1.8771200e-02   4.5787546e-01
   1.9217600e-02   4.7435897e-01
   1.9664800e-02   4.8351648e-01
   2.0112000e-02   4.9450549e-01
   2.0558400e-02   5.0915751e-01
   2.1005600e-02   5.2380952e-01
   2.1452800e-02   5.3479853e-01
   2.1899200e-02   5.4029304e-01
   2.2346400e-02   5.5494505e-01
   2.2793600e-02   5.6043956e-01
   2.3240000e-02   5.7875458e-01
   2.3687200e-02   5.9890110e-01
   2.4134400e-02   6.0256410e-01
   2.4580800e-02   6.1172161e-01
   2.5028000e-02   6.1538462e-01
   2.5475200e-02   6.2271062e-01
   2.5921600e-02   6.3003663e-01
   2.6368800e-02   6.3553114e-01
   2.6816000e-02   6.4468864e-01
   2.7262400e-02   6.5384615e-01
   2.7709600e-02   6.5934066e-01
   2.8156000e-02   6.6300366e-01
   2.8603200e-02   6.7399267e-01
   2.9050400e-02   6.8498168e-01
   2.9497600e-02   6.9047619e-01
   2.9944000e-02   6.9963370e-01
   3.0391200e-02   7.0879121e-01
   3.0837600e-02   7.1245421e-01
   3.1284800e-02   7.1978022e-01
   3.1732000e-02   7.2344322e-01
   3.2179200e-02   7.3260073e-01
   3.2625600e-02   7.3809524e-01
   3.3072800e-02   7.4175824e-01
   3.3519200e-02   7.4725275e-01
   3.3966400e-02   7.5641026e-01
   3.4413600e-02   7.6373626e-01
   3.4860000e-02   7.7289377e-01
   3.5307200e-02   7.7472527e-01
   3.5754400e-02   7.8571429e-01
   3.6200800e-02   7.9487179e-01
   3.6648000e-02   8.0402930e-01
   3.7095200e-02   8.0769231e-01
   3.7541600e-02   8.1684982e-01
   3.7988800e-02   8.2234432e-01
   3.8436000e-02   8.2600733e-01
   3.8882400e-02   8.3333333e-01
   3.9329600e-02   8.3882784e-01
   4.0223200e-02   8.4249084e-01
   4.1117600e-02   8.4798535e-01
   4.1564000e-02   8.4981685e-01
   4.2011200e-02   8.5164835e-01
   4.2458400e-02   8.5531136e-01
   4.2904800e-02   8.5714286e-01
   4.3799200e-02   8.6263736e-01
   4.4245600e-02   8.6446886e-01
   4.5140000e-02   8.7362637e-01
   4.5586400e-02   8.8095238e-01
   4.6033600e-02   8.8461538e-01
   4.6480800e-02   8.9194139e-01
   4.7374400e-02   8.9377289e-01
   4.7821600e-02   8.9560440e-01
   4.8268000e-02   9.0109890e-01
   4.8715200e-02   9.0293040e-01
   4.9162400e-02   9.0476190e-01
   4.9608800e-02   9.0659341e-01
   5.0503200e-02   9.0842491e-01
   5.0949600e-02   9.1208791e-01
   5.1844000e-02   9.1575092e-01
   5.2290400e-02   9.1941392e-01
   5.2737600e-02   9.2124542e-01
   5.3184000e-02   9.2490842e-01
   5.3631200e-02   9.2673993e-01
   5.4524800e-02   9.3223443e-01
   5.4972000e-02   9.3406593e-01
   5.5419200e-02   9.3589744e-01
   5.5865600e-02   9.3772894e-01
   5.6312800e-02   9.4139194e-01
   5.7653600e-02   9.4688645e-01
   5.8100800e-02   9.4871795e-01
   5.9441600e-02   9.5054945e-01
   6.0335200e-02   9.5421245e-01
   6.2569600e-02   9.5604396e-01
   6.3464000e-02   9.5787546e-01
   6.7039200e-02   9.5970696e-01
   6.8380000e-02   9.6153846e-01
   7.0614400e-02   9.6336996e-01
   7.1508800e-02   9.6520147e-01
   7.2402400e-02   9.7069597e-01
   7.3296000e-02   9.7252747e-01
   7.4636800e-02   9.7435897e-01
   7.5530400e-02   9.7619048e-01
   7.8212000e-02   9.7802198e-01
   8.0000000e-02   9.7985348e-01
   8.1788000e-02   9.8168498e-01
   8.3575200e-02   9.8351648e-01
   9.2067200e-02   9.8534799e-01
   9.3854400e-02   9.8717949e-01
   9.7430400e-02   9.8901099e-01
   9.7876800e-02   9.9084249e-01
   1.0189920e-01   9.9267399e-01
   1.0368720e-01   9.9450549e-01
   1.0502800e-01   9.9633700e-01
   1.2022320e-01   9.9816850e-01
   1.3229040e-01   1.0000000e+00
