   3.4552000e-03   0.0000000e+00
   3.4552000e-03   3.4129693e-03
   3.8384000e-03   1.3651877e-02
   4.2224000e-03   1.7064846e-02
   4.6064000e-03   2.3890785e-02
   4.9904000e-03   3.0716724e-02
   5.7584000e-03   3.7542662e-02
   6.1424000e-03   4.4368601e-02
   6.5256000e-03   5.1194539e-02
   6.9096000e-03   5.8020478e-02
   7.2936000e-03   6.8259386e-02
   8.0616000e-03   7.5085324e-02
   8.4456000e-03   8.5324232e-02
   8.8288000e-03   9.5563140e-02
   9.2128000e-03   1.0238908e-01
   9.5968000e-03   1.0921502e-01
   9.9808000e-03   1.1945392e-01
   1.0364800e-02   1.2286689e-01
   1.0748800e-02   1.3310580e-01
   1.1132800e-02   1.4675768e-01
   1.1516000e-02   1.5017065e-01
   1.1900000e-02   1.7064846e-01
   1.2284000e-02   1.8088737e-01
   1.2668000e-02   1.9453925e-01
   1.3052000e-02   1.9795222e-01
   1.3436000e-02   2.1501706e-01
   1.3820000e-02   2.3208191e-01
   1.4203200e-02   2.4232082e-01
   1.4587200e-02   2.5938567e-01
   1.4971200e-02   2.6962457e-01
   1.5355200e-02   2.8327645e-01
   1.5739200e-02   2.9692833e-01
   1.6123200e-02   3.1740614e-01
   1.6506400e-02   3.3105802e-01
   1.6890400e-02   3.4812287e-01
   1.7274400e-02   3.6860068e-01
   1.7658400e-02   3.7201365e-01
   1.8042400e-02   3.7883959e-01
   1.8426400e-02   3.8566553e-01
   1.9193600e-02   4.0273038e-01
   1.9577600e-02   4.0955631e-01
   1.9961600e-02   4.2662116e-01
   2.0345600e-02   4.3003413e-01
   2.0729600e-02   4.4368601e-01
   2.1113600e-02   4.5051195e-01
   2.1496800e-02   4.6075085e-01
   2.1880800e-02   4.7440273e-01
   2.2264800e-02   4.8122867e-01
   2.2648800e-02   5.0170648e-01
   2.3032800e-02   5.1877133e-01
   2.3416800e-02   5.3242321e-01
   2.3800000e-02   5.3924915e-01
   2.4184000e-02   5.4607509e-01
   2.4568000e-02   5.6996587e-01
   2.4952000e-02   5.7679181e-01
   2.5336000e-02   5.9044369e-01
   2.5720000e-02   5.9726962e-01
   2.6104000e-02   6.0409556e-01
   2.7255200e-02   6.2116041e-01
   2.7639200e-02   6.2457338e-01
   2.8023200e-02   6.4846416e-01
   2.8790400e-02   6.5187713e-01
   2.9174400e-02   6.5870307e-01
   2.9558400e-02   6.7235495e-01
   2.9942400e-02   6.8600683e-01
   3.0710400e-02   6.9283276e-01
   3.1094400e-02   7.0307167e-01
   3.1477600e-02   7.1331058e-01
   3.3013600e-02   7.2013652e-01
   3.3397600e-02   7.2354949e-01
   3.4548800e-02   7.2696246e-01
   3.4932800e-02   7.3378840e-01
   3.5316800e-02   7.3720137e-01
   3.6084800e-02   7.4402730e-01
   3.6468000e-02   7.4744027e-01
   3.6852000e-02   7.5426621e-01
   3.7236000e-02   7.6109215e-01
   3.7620000e-02   7.6791809e-01
   3.8004000e-02   7.7474403e-01
   3.8388000e-02   7.8156997e-01
   3.9155200e-02   7.8498294e-01
   3.9923200e-02   7.8839590e-01
   4.0307200e-02   7.9863481e-01
   4.0691200e-02   8.0204778e-01
   4.1458400e-02   8.0546075e-01
   4.1842400e-02   8.0887372e-01
   4.2610400e-02   8.1228669e-01
   4.3378400e-02   8.1569966e-01
   4.3762400e-02   8.2252560e-01
   4.4145600e-02   8.2935154e-01
   4.5297600e-02   8.4300341e-01
   4.6065600e-02   8.4982935e-01
   4.6448800e-02   8.5324232e-01
   4.6832800e-02   8.5665529e-01
   4.7216800e-02   8.6006826e-01
   4.7984800e-02   8.6348123e-01
   4.8368800e-02   8.6689420e-01
   4.9136000e-02   8.7030717e-01
   4.9904000e-02   8.7713311e-01
   5.0288000e-02   8.8395904e-01
   5.0672000e-02   8.9419795e-01
   5.1439200e-02   9.0102389e-01
   5.3359200e-02   9.0443686e-01
   5.3743200e-02   9.0784983e-01
   5.4894400e-02   9.1126280e-01
   5.5278400e-02   9.1467577e-01
   5.6046400e-02   9.1808874e-01
   5.6813600e-02   9.2150171e-01
   5.7197600e-02   9.2491468e-01
   5.7965600e-02   9.2832765e-01
   5.8349600e-02   9.3174061e-01
   6.0652800e-02   9.3515358e-01
   6.1804000e-02   9.3856655e-01
   6.2188000e-02   9.4197952e-01
   6.3724000e-02   9.4539249e-01
   6.4491200e-02   9.4880546e-01
   6.5259200e-02   9.5221843e-01
   6.5643200e-02   9.5563140e-01
   7.0249600e-02   9.5904437e-01
   7.2552800e-02   9.6245734e-01
   7.6008000e-02   9.6587031e-01
   7.6775200e-02   9.6928328e-01
   7.7159200e-02   9.7269625e-01
   7.7927200e-02   9.7610922e-01
   8.7908000e-02   9.7952218e-01
   8.9059200e-02   9.8293515e-01
   9.1362400e-02   9.8634812e-01
   9.4433600e-02   9.8976109e-01
   9.9040000e-02   9.9317406e-01
   1.1439520e-01   9.9658703e-01
   1.4357040e-01   1.0000000e+00
