   3.0480000e-03   0.0000000e+00
   3.0480000e-03   7.4074074e-03
   3.3872000e-03   1.4814815e-02
   3.7256000e-03   2.2222222e-02
   4.0640000e-03   2.5925926e-02
   4.4032000e-03   3.7037037e-02
   4.7416000e-03   4.4444444e-02
   5.0808000e-03   6.6666667e-02
   5.4192000e-03   7.4074074e-02
   5.7576000e-03   8.5185185e-02
   6.0968000e-03   1.1481481e-01
   6.4352000e-03   1.3333333e-01
   6.7736000e-03   1.4814815e-01
   7.4512000e-03   2.0370370e-01
   7.7904000e-03   2.1851852e-01
   8.1288000e-03   2.3333333e-01
   8.4672000e-03   2.5555556e-01
   8.8064000e-03   2.9629630e-01
   9.1448000e-03   3.0370370e-01
   9.4832000e-03   3.1111111e-01
   9.8224000e-03   3.3333333e-01
   1.0160800e-02   3.6666667e-01
   1.0500000e-02   3.8888889e-01
   1.0838400e-02   4.0740741e-01
   1.1176800e-02   4.4814815e-01
   1.1516000e-02   4.5185185e-01
   1.1854400e-02   4.6666667e-01
   1.2192800e-02   4.8888889e-01
   1.2532000e-02   5.1481481e-01
   1.2870400e-02   5.3333333e-01
   1.3208800e-02   5.4444444e-01
   1.3548000e-02   5.5925926e-01
   1.3886400e-02   5.7037037e-01
   1.4224800e-02   5.8888889e-01
   1.4564000e-02   5.9629630e-01
   1.4902400e-02   6.2962963e-01
   1.5241600e-02   6.4074074e-01
   1.5580000e-02   6.5185185e-01
   1.5918400e-02   6.6666667e-01
   1.6257600e-02   6.8148148e-01
   1.6596000e-02   6.8518519e-01
   1.6934400e-02   6.9259259e-01
   1.7612000e-02   7.0740741e-01
   1.7951200e-02   7.1851852e-01
   1.8289600e-02   7.2222222e-01
   1.8628000e-02   7.2962963e-01
   1.8967200e-02   7.3333333e-01
   1.9644800e-02   7.3703704e-01
   1.9983200e-02   7.4444444e-01
   2.0999200e-02   7.5185185e-01
   2.1337600e-02   7.6666667e-01
   2.1676800e-02   7.7777778e-01
   2.2015200e-02   7.8148148e-01
   2.2353600e-02   7.8518519e-01
   2.2692800e-02   7.8888889e-01
   2.3031200e-02   8.0000000e-01
   2.3708800e-02   8.0370370e-01
   2.4386400e-02   8.0740741e-01
   2.5063200e-02   8.1111111e-01
   2.5402400e-02   8.1851852e-01
   2.5740800e-02   8.2222222e-01
   2.6079200e-02   8.2962963e-01
   2.7096000e-02   8.3333333e-01
   2.7434400e-02   8.3703704e-01
   2.8788800e-02   8.4814815e-01
   2.9466400e-02   8.5555556e-01
   3.0821600e-02   8.5925926e-01
   3.1160000e-02   8.7037037e-01
   3.2514400e-02   8.7407407e-01
   3.3192000e-02   8.8148148e-01
   3.4885600e-02   8.8518519e-01
   3.6240800e-02   8.8888889e-01
   3.6917600e-02   8.9259259e-01
   4.0304800e-02   8.9629630e-01
   4.0982400e-02   9.0000000e-01
   4.1320800e-02   9.0370370e-01
   4.3014400e-02   9.0740741e-01
   4.3692000e-02   9.1851852e-01
   4.7417600e-02   9.2592593e-01
   4.8772000e-02   9.2962963e-01
   4.9449600e-02   9.3333333e-01
   4.9788000e-02   9.3703704e-01
   5.0127200e-02   9.4074074e-01
   5.1143200e-02   9.4444444e-01
   5.3175200e-02   9.4814815e-01
   5.5207200e-02   9.5185185e-01
   5.6900800e-02   9.5555556e-01
   5.7578400e-02   9.5925926e-01
   5.7916800e-02   9.6296296e-01
   6.1304000e-02   9.6666667e-01
   6.2320000e-02   9.7407407e-01
   6.8755200e-02   9.7777778e-01
   6.9432800e-02   9.8148148e-01
   7.0110400e-02   9.8518519e-01
   7.1464800e-02   9.8888889e-01
   1.2125280e-01   9.9259259e-01
   1.6088080e-01   9.9629630e-01
   2.0491120e-01   1.0000000e+00
