   3.2784000e-03   0.0000000e+00
   3.2784000e-03   3.3898305e-03
   3.6888000e-03   2.0338983e-02
   5.3280000e-03   3.0508475e-02
   5.7376000e-03   3.7288136e-02
   6.1472000e-03   5.0847458e-02
   6.5576000e-03   6.4406780e-02
   6.9672000e-03   7.1186441e-02
   7.3768000e-03   7.7966102e-02
   7.7872000e-03   8.8135593e-02
   8.1968000e-03   9.1525424e-02
   8.6064000e-03   9.8305085e-02
   9.0160000e-03   1.0508475e-01
   9.4264000e-03   1.1864407e-01
   9.8360000e-03   1.2881356e-01
   1.0245600e-02   1.4237288e-01
   1.0656000e-02   1.6610169e-01
   1.1065600e-02   1.7627119e-01
   1.1475200e-02   1.8644068e-01
   1.1885600e-02   2.1016949e-01
   1.2295200e-02   2.1694915e-01
   1.2704800e-02   2.3389831e-01
   1.3114400e-02   2.5762712e-01
   1.3524800e-02   2.6779661e-01
   1.3934400e-02   2.7796610e-01
   1.4344000e-02   2.9830508e-01
   1.4754400e-02   3.1186441e-01
   1.5164000e-02   3.1864407e-01
   1.5573600e-02   3.3559322e-01
   1.5984000e-02   3.4237288e-01
   1.6393600e-02   3.6271186e-01
   1.6803200e-02   3.8305085e-01
   1.7212800e-02   3.9322034e-01
   1.7623200e-02   4.0000000e-01
   1.8032800e-02   4.1016949e-01
   1.8442400e-02   4.2033898e-01
   1.8852800e-02   4.3050847e-01
   1.9262400e-02   4.5084746e-01
   1.9672000e-02   4.6440678e-01
   2.0081600e-02   4.8474576e-01
   2.0492000e-02   4.9491525e-01
   2.0901600e-02   4.9830508e-01
   2.1311200e-02   5.1186441e-01
   2.1721600e-02   5.2203390e-01
   2.2131200e-02   5.3220339e-01
   2.2540800e-02   5.4915254e-01
   2.2950400e-02   5.6610169e-01
   2.3360800e-02   5.7288136e-01
   2.3770400e-02   5.8983051e-01
   2.4180000e-02   5.9661017e-01
   2.4590400e-02   6.0338983e-01
   2.5000000e-02   6.1694915e-01
   2.5409600e-02   6.2372881e-01
   2.5820000e-02   6.2711864e-01
   2.6229600e-02   6.3389831e-01
   2.7049600e-02   6.3728814e-01
   2.7459200e-02   6.5423729e-01
   2.7868800e-02   6.5762712e-01
   2.8278400e-02   6.6440678e-01
   2.8688800e-02   6.8135593e-01
   2.9098400e-02   6.8474576e-01
   2.9508000e-02   6.9491525e-01
   2.9918400e-02   7.0508475e-01
   3.0737600e-02   7.1186441e-01
   3.1557600e-02   7.1864407e-01
   3.1967200e-02   7.3220339e-01
   3.2376800e-02   7.4237288e-01
   3.2787200e-02   7.4915254e-01
   3.3196800e-02   7.5593220e-01
   3.3606400e-02   7.6610169e-01
   3.4016800e-02   7.7288136e-01
   3.4836000e-02   7.7966102e-01
   3.5245600e-02   7.8983051e-01
   3.5656000e-02   8.0338983e-01
   3.6065600e-02   8.1355932e-01
   3.6475200e-02   8.2372881e-01
   3.6885600e-02   8.3050847e-01
   3.7704800e-02   8.3389831e-01
   3.8114400e-02   8.4067797e-01
   3.8934400e-02   8.4745763e-01
   3.9344000e-02   8.5423729e-01
   3.9754400e-02   8.6779661e-01
   4.0573600e-02   8.7796610e-01
   4.0983200e-02   8.8135593e-01
   4.2212800e-02   8.8474576e-01
   4.2623200e-02   8.9152542e-01
   4.3032800e-02   8.9830508e-01
   4.5081600e-02   9.0847458e-01
   4.6311200e-02   9.1186441e-01
   4.6721600e-02   9.1525424e-01
   4.7131200e-02   9.1864407e-01
   4.7540800e-02   9.2542373e-01
   4.8770400e-02   9.3220339e-01
   4.9180000e-02   9.3559322e-01
   5.0820000e-02   9.4237288e-01
   5.2459200e-02   9.4576271e-01
   5.4098400e-02   9.4915254e-01
   5.4918400e-02   9.5593220e-01
   5.7376800e-02   9.5932203e-01
   5.9016800e-02   9.6271186e-01
   6.0245600e-02   9.6610169e-01
   6.2704800e-02   9.6949153e-01
   6.5164000e-02   9.7288136e-01
   7.0901600e-02   9.7627119e-01
   7.2540800e-02   9.7966102e-01
   7.5409600e-02   9.8305085e-01
   7.6639200e-02   9.8644068e-01
   8.1967200e-02   9.8983051e-01
   9.3032800e-02   9.9322034e-01
   9.9590400e-02   9.9661017e-01
   1.2295120e-01   1.0000000e+00
