   4.8319195e-03   0.0000000e+00
   4.8319195e-03   5.5401662e-04
   4.9120173e-03   1.1080332e-03
   5.5319391e-03   1.6620499e-03
   5.8494888e-03   2.2160665e-03
   5.9379566e-03   3.3240997e-03
   6.0946700e-03   5.5401662e-03
   6.1568005e-03   6.0941828e-03
   6.1722522e-03   6.6481994e-03
   6.2097014e-03   7.2022161e-03
   6.3287062e-03   8.3102493e-03
   6.5110982e-03   8.8642659e-03
   6.5240235e-03   9.4182825e-03
   6.5843440e-03   9.9722992e-03
   6.7306701e-03   1.0526316e-02
   6.8011169e-03   1.1080332e-02
   6.8059233e-03   1.1634349e-02
   6.8588088e-03   1.4404432e-02
   6.8860495e-03   1.4958449e-02
   6.9715839e-03   1.5512465e-02
   7.1264842e-03   1.6620499e-02
   7.1426508e-03   1.7728532e-02
   7.1493906e-03   1.9390582e-02
   7.1622413e-03   2.0498615e-02
   7.2313660e-03   2.1052632e-02
   7.3701101e-03   2.1606648e-02
   7.4551976e-03   2.3822715e-02
   7.4593279e-03   2.4930748e-02
   7.5075417e-03   2.6592798e-02
   7.6163111e-03   2.7700831e-02
   7.7739801e-03   2.9362881e-02
   7.7769590e-03   2.9916898e-02
   7.7993185e-03   3.1024931e-02
   7.8022502e-03   3.2132964e-02
   7.8790052e-03   3.3240997e-02
   7.8843227e-03   3.3795014e-02
   8.0106656e-03   3.6011080e-02
   8.0188802e-03   3.7119114e-02
   8.1035981e-03   3.9335180e-02
   8.1045767e-03   4.0443213e-02
   8.1575063e-03   4.3767313e-02
   8.1921507e-03   4.4321330e-02
   8.2572672e-03   4.4875346e-02
   8.2608287e-03   4.7091413e-02
   8.4143333e-03   4.9307479e-02
   8.4193829e-03   4.9861496e-02
   8.4212647e-03   5.0969529e-02
   8.4439097e-03   5.4847645e-02
   8.4498345e-03   5.5955679e-02
   8.5162394e-03   5.8171745e-02
   8.5268680e-03   6.2049861e-02
   8.6528338e-03   6.4265928e-02
   8.7492290e-03   6.8698061e-02
   8.7540413e-03   7.1468144e-02
   8.7931523e-03   7.4792244e-02
   8.8069445e-03   7.8670360e-02
   8.8247801e-03   7.9224377e-02
   8.8838549e-03   8.0886427e-02
   8.9071723e-03   8.2548476e-02
   9.0208335e-03   8.3102493e-02
   9.0524733e-03   8.5872576e-02
   9.0699806e-03   8.6426593e-02
   9.0992202e-03   9.4182825e-02
   9.1496487e-03   9.5844875e-02
   9.1756478e-03   1.0027701e-01
   9.2958839e-03   1.0193906e-01
   9.3959813e-03   1.0526316e-01
   9.4035693e-03   1.1301939e-01
   9.4321508e-03   1.1689751e-01
   9.4565347e-03   1.1966759e-01
   9.4593454e-03   1.2077562e-01
   9.5138059e-03   1.2354571e-01
   9.5534419e-03   1.2409972e-01
   9.6386902e-03   1.2520776e-01
   9.6649158e-03   1.2631579e-01
   9.6925436e-03   1.2797784e-01
   9.7183864e-03   1.3518006e-01
   9.7304167e-03   1.4404432e-01
   9.7497363e-03   1.4903047e-01
   9.7858009e-03   1.5235457e-01
   9.8235324e-03   1.5623269e-01
   9.8842067e-03   1.5789474e-01
   9.9078776e-03   1.5844875e-01
   9.9398288e-03   1.6066482e-01
   1.0010073e-02   1.6121884e-01
   1.0023168e-02   1.6177285e-01
   1.0042090e-02   1.7063712e-01
   1.0053719e-02   1.7451524e-01
   1.0073601e-02   1.7617729e-01
   1.0092359e-02   1.7673130e-01
   1.0096896e-02   1.7728532e-01
   1.0106092e-02   1.8116343e-01
   1.0146277e-02   1.8282548e-01
   1.0199693e-02   1.8670360e-01
   1.0259488e-02   1.8836565e-01
   1.0292047e-02   1.8891967e-01
   1.0334510e-02   1.9002770e-01
   1.0366958e-02   1.9224377e-01
   1.0374970e-02   1.9612188e-01
   1.0399664e-02   1.9833795e-01
   1.0424130e-02   2.0000000e-01
   1.0472108e-02   2.0387812e-01
   1.0506780e-02   2.0720222e-01
   1.0512207e-02   2.0886427e-01
   1.0524117e-02   2.0997230e-01
   1.0584689e-02   2.1163435e-01
   1.0689726e-02   2.1385042e-01
   1.0702783e-02   2.1994460e-01
   1.0715645e-02   2.2548476e-01
   1.0715762e-02   2.2603878e-01
   1.0735326e-02   2.2659280e-01
   1.0755694e-02   2.3434903e-01
   1.0780632e-02   2.3545706e-01
   1.0806277e-02   2.3601108e-01
   1.0922167e-02   2.3711911e-01
   1.0976373e-02   2.4044321e-01
   1.1015716e-02   2.4155125e-01
   1.1020676e-02   2.4376731e-01
   1.1025825e-02   2.4432133e-01
   1.1049050e-02   2.5263158e-01
   1.1062757e-02   2.5706371e-01
   1.1142196e-02   2.5872576e-01
   1.1143769e-02   2.6094183e-01
   1.1144556e-02   2.6204986e-01
   1.1229963e-02   2.6537396e-01
   1.1261359e-02   2.6648199e-01
   1.1352442e-02   2.7091413e-01
   1.1358470e-02   2.7534626e-01
   1.1374624e-02   2.8199446e-01
   1.1405411e-02   2.8753463e-01
   1.1414525e-02   2.8808864e-01
   1.1416924e-02   2.9030471e-01
   1.1494868e-02   2.9196676e-01
   1.1512330e-02   2.9307479e-01
   1.1576512e-02   2.9362881e-01
   1.1602795e-02   2.9584488e-01
   1.1619526e-02   2.9916898e-01
   1.1642198e-02   3.0027701e-01
   1.1664603e-02   3.0360111e-01
   1.1665787e-02   3.0803324e-01
   1.1699566e-02   3.1024931e-01
   1.1703692e-02   3.1135734e-01
   1.1767829e-02   3.1191136e-01
   1.1769814e-02   3.1412742e-01
   1.1776940e-02   3.1523546e-01
   1.1779459e-02   3.1634349e-01
   1.1822802e-02   3.1689751e-01
   1.1875744e-02   3.2243767e-01
   1.1885130e-02   3.2409972e-01
   1.1972327e-02   3.2465374e-01
   1.1984262e-02   3.2908587e-01
   1.2002172e-02   3.3019391e-01
   1.2002703e-02   3.3074792e-01
   1.2016113e-02   3.3296399e-01
   1.2027778e-02   3.3351801e-01
   1.2055080e-02   3.3518006e-01
   1.2055147e-02   3.3684211e-01
   1.2141618e-02   3.3795014e-01
   1.2142069e-02   3.4293629e-01
   1.2188935e-02   3.4349030e-01
   1.2263074e-02   3.4404432e-01
   1.2264048e-02   3.4681440e-01
   1.2311949e-02   3.5069252e-01
   1.2313587e-02   3.5346260e-01
   1.2345133e-02   3.5457064e-01
   1.2349494e-02   3.5623269e-01
   1.2411652e-02   3.5789474e-01
   1.2416324e-02   3.5844875e-01
   1.2417788e-02   3.5955679e-01
   1.2418787e-02   3.6232687e-01
   1.2451167e-02   3.6288089e-01
   1.2511816e-02   3.6398892e-01
   1.2522117e-02   3.6620499e-01
   1.2603207e-02   3.6731302e-01
   1.2632735e-02   3.6952909e-01
   1.2646511e-02   3.7063712e-01
   1.2651859e-02   3.7396122e-01
   1.2657858e-02   3.7562327e-01
   1.2693497e-02   3.7728532e-01
   1.2704775e-02   3.8227147e-01
   1.2774028e-02   3.8337950e-01
   1.2790616e-02   3.8448753e-01
   1.2808915e-02   3.8504155e-01
   1.2824669e-02   3.8670360e-01
   1.2892456e-02   3.8725762e-01
   1.2908056e-02   3.8836565e-01
   1.2959018e-02   3.8891967e-01
   1.2962681e-02   3.8947368e-01
   1.2986793e-02   3.9224377e-01
   1.2998879e-02   3.9667590e-01
   1.3004257e-02   3.9722992e-01
   1.3022522e-02   3.9833795e-01
   1.3048047e-02   3.9889197e-01
   1.3057261e-02   3.9944598e-01
   1.3062707e-02   4.0000000e-01
   1.3068469e-02   4.0221607e-01
   1.3140527e-02   4.0332410e-01
   1.3168688e-02   4.0443213e-01
   1.3204548e-02   4.0498615e-01
   1.3236971e-02   4.0664820e-01
   1.3249015e-02   4.0720222e-01
   1.3264479e-02   4.0886427e-01
   1.3291302e-02   4.1218837e-01
   1.3299947e-02   4.1662050e-01
   1.3301595e-02   4.1939058e-01
   1.3333547e-02   4.2326870e-01
   1.3354566e-02   4.2382271e-01
   1.3407058e-02   4.2437673e-01
   1.3407885e-02   4.2493075e-01
   1.3419226e-02   4.2548476e-01
   1.3438727e-02   4.2659280e-01
   1.3445071e-02   4.2825485e-01
   1.3553045e-02   4.2991690e-01
   1.3602234e-02   4.3047091e-01
   1.3605287e-02   4.3379501e-01
   1.3611854e-02   4.3545706e-01
   1.3630311e-02   4.3656510e-01
   1.3646912e-02   4.3878116e-01
   1.3649395e-02   4.3933518e-01
   1.3652884e-02   4.3988920e-01
   1.3681972e-02   4.4044321e-01
   1.3685070e-02   4.4321330e-01
   1.3717104e-02   4.4542936e-01
   1.3810732e-02   4.4653740e-01
   1.3815574e-02   4.4875346e-01
   1.3871596e-02   4.4930748e-01
   1.3928573e-02   4.4986150e-01
   1.3936660e-02   4.5041551e-01
   1.3951923e-02   4.5152355e-01
   1.3974371e-02   4.5373961e-01
   1.4004302e-02   4.5540166e-01
   1.4042234e-02   4.5650970e-01
   1.4073422e-02   4.5761773e-01
   1.4086505e-02   4.6094183e-01
   1.4100274e-02   4.6260388e-01
   1.4199131e-02   4.6371191e-01
   1.4252432e-02   4.6648199e-01
   1.4261091e-02   4.6703601e-01
   1.4299323e-02   4.6869806e-01
   1.4301291e-02   4.6980609e-01
   1.4366321e-02   4.7257618e-01
   1.4404032e-02   4.7423823e-01
   1.4421067e-02   4.7479224e-01
   1.4462879e-02   4.7645429e-01
   1.4507848e-02   4.7700831e-01
   1.4512231e-02   4.7756233e-01
   1.4554952e-02   4.7811634e-01
   1.4577565e-02   4.7922438e-01
   1.4587638e-02   4.8088643e-01
   1.4601137e-02   4.8476454e-01
   1.4616133e-02   4.8531856e-01
   1.4654055e-02   4.8587258e-01
   1.4679170e-02   4.8642659e-01
   1.4702998e-02   4.8698061e-01
   1.4735550e-02   4.8808864e-01
   1.4769455e-02   4.8975069e-01
   1.4812971e-02   4.9030471e-01
   1.4844485e-02   4.9196676e-01
   1.4888693e-02   4.9307479e-01
   1.4899767e-02   4.9529086e-01
   1.4910395e-02   4.9584488e-01
   1.4917529e-02   4.9695291e-01
   1.4918937e-02   4.9861496e-01
   1.4923521e-02   4.9972299e-01
   1.4948709e-02   5.0027701e-01
   1.4964062e-02   5.0083102e-01
   1.5016211e-02   5.0249307e-01
   1.5035104e-02   5.0304709e-01
   1.5037909e-02   5.0415512e-01
   1.5110271e-02   5.0581717e-01
   1.5139521e-02   5.0637119e-01
   1.5145003e-02   5.0747922e-01
   1.5225556e-02   5.0803324e-01
   1.5228468e-02   5.0914127e-01
   1.5232160e-02   5.1135734e-01
   1.5250921e-02   5.1412742e-01
   1.5258587e-02   5.1468144e-01
   1.5303025e-02   5.1523546e-01
   1.5303893e-02   5.1634349e-01
   1.5316130e-02   5.1800554e-01
   1.5353927e-02   5.1855956e-01
   1.5380383e-02   5.2022161e-01
   1.5384097e-02   5.2188366e-01
   1.5423295e-02   5.2243767e-01
   1.5491296e-02   5.2299169e-01
   1.5513286e-02   5.2354571e-01
   1.5547371e-02   5.2520776e-01
   1.5553918e-02   5.2576177e-01
   1.5559185e-02   5.2631579e-01
   1.5562713e-02   5.2797784e-01
   1.5599225e-02   5.2853186e-01
   1.5604010e-02   5.2963989e-01
   1.5624203e-02   5.3130194e-01
   1.5650999e-02   5.3185596e-01
   1.5665025e-02   5.3240997e-01
   1.5673294e-02   5.3296399e-01
   1.5753081e-02   5.3351801e-01
   1.5758502e-02   5.3407202e-01
   1.5769082e-02   5.3518006e-01
   1.5783200e-02   5.3573407e-01
   1.5874238e-02   5.3739612e-01
   1.5874903e-02   5.3850416e-01
   1.5876942e-02   5.3905817e-01
   1.5889799e-02   5.4016620e-01
   1.5901532e-02   5.4127424e-01
   1.5953673e-02   5.4182825e-01
   1.5954731e-02   5.4349030e-01
   1.6020891e-02   5.4515235e-01
   1.6032871e-02   5.4570637e-01
   1.6034621e-02   5.4681440e-01
   1.6047570e-02   5.4736842e-01
   1.6137764e-02   5.4847645e-01
   1.6139629e-02   5.4903047e-01
   1.6174856e-02   5.4958449e-01
   1.6195161e-02   5.5069252e-01
   1.6207196e-02   5.5124654e-01
   1.6209056e-02   5.5180055e-01
   1.6209154e-02   5.5290859e-01
   1.6222078e-02   5.5346260e-01
   1.6245831e-02   5.5457064e-01
   1.6248611e-02   5.5512465e-01
   1.6267468e-02   5.5567867e-01
   1.6309824e-02   5.5623269e-01
   1.6315013e-02   5.5789474e-01
   1.6405791e-02   5.6066482e-01
   1.6422563e-02   5.6232687e-01
   1.6514268e-02   5.6288089e-01
   1.6521014e-02   5.6398892e-01
   1.6522127e-02   5.6509695e-01
   1.6523573e-02   5.6675900e-01
   1.6550545e-02   5.6786704e-01
   1.6594697e-02   5.6952909e-01
   1.6600370e-02   5.7008310e-01
   1.6601429e-02   5.7063712e-01
   1.6603533e-02   5.7119114e-01
   1.6659394e-02   5.7174515e-01
   1.6663197e-02   5.7285319e-01
   1.6668355e-02   5.7396122e-01
   1.6681627e-02   5.7506925e-01
   1.6768010e-02   5.7562327e-01
   1.6784017e-02   5.7673130e-01
   1.6803830e-02   5.7728532e-01
   1.6843074e-02   5.7783934e-01
   1.6858598e-02   5.7950139e-01
   1.6899127e-02   5.8116343e-01
   1.6911898e-02   5.8227147e-01
   1.6947201e-02   5.8337950e-01
   1.6955923e-02   5.8393352e-01
   1.6963913e-02   5.8504155e-01
   1.7027973e-02   5.8559557e-01
   1.7031368e-02   5.8670360e-01
   1.7039010e-02   5.8725762e-01
   1.7053736e-02   5.8781163e-01
   1.7062489e-02   5.8836565e-01
   1.7168502e-02   5.8891967e-01
   1.7171867e-02   5.9002770e-01
   1.7189216e-02   5.9058172e-01
   1.7200939e-02   5.9224377e-01
   1.7212660e-02   5.9279778e-01
   1.7226383e-02   5.9335180e-01
   1.7234330e-02   5.9390582e-01
   1.7236975e-02   5.9556787e-01
   1.7253334e-02   5.9667590e-01
   1.7272226e-02   5.9722992e-01
   1.7304366e-02   5.9778393e-01
   1.7305453e-02   5.9833795e-01
   1.7379812e-02   5.9889197e-01
   1.7397975e-02   6.0000000e-01
   1.7466392e-02   6.0055402e-01
   1.7491178e-02   6.0110803e-01
   1.7498982e-02   6.0277008e-01
   1.7508083e-02   6.0387812e-01
   1.7529769e-02   6.0498615e-01
   1.7541071e-02   6.0554017e-01
   1.7549055e-02   6.0831025e-01
   1.7585663e-02   6.0997230e-01
   1.7613369e-02   6.1163435e-01
   1.7649161e-02   6.1218837e-01
   1.7665308e-02   6.1274238e-01
   1.7701954e-02   6.1440443e-01
   1.7703814e-02   6.1495845e-01
   1.7767279e-02   6.1662050e-01
   1.7806056e-02   6.1717452e-01
   1.7815674e-02   6.1772853e-01
   1.7821371e-02   6.1828255e-01
   1.7833622e-02   6.1939058e-01
   1.7854106e-02   6.1994460e-01
   1.7873288e-02   6.2049861e-01
   1.7875297e-02   6.2105263e-01
   1.7903144e-02   6.2326870e-01
   1.7940948e-02   6.2382271e-01
   1.7948470e-02   6.2437673e-01
   1.7979499e-02   6.2548476e-01
   1.8078318e-02   6.2714681e-01
   1.8105375e-02   6.2770083e-01
   1.8139961e-02   6.2825485e-01
   1.8144474e-02   6.2880886e-01
   1.8157596e-02   6.2936288e-01
   1.8173373e-02   6.2991690e-01
   1.8198440e-02   6.3102493e-01
   1.8200941e-02   6.3213296e-01
   1.8224936e-02   6.3268698e-01
   1.8278050e-02   6.3324100e-01
   1.8299297e-02   6.3434903e-01
   1.8350171e-02   6.3490305e-01
   1.8396966e-02   6.3545706e-01
   1.8462987e-02   6.3656510e-01
   1.8478511e-02   6.3767313e-01
   1.8500042e-02   6.3988920e-01
   1.8517385e-02   6.4044321e-01
   1.8577809e-02   6.4155125e-01
   1.8591768e-02   6.4210526e-01
   1.8616433e-02   6.4265928e-01
   1.8628489e-02   6.4376731e-01
   1.8697813e-02   6.4487535e-01
   1.8726321e-02   6.4542936e-01
   1.8787733e-02   6.4709141e-01
   1.8791363e-02   6.4764543e-01
   1.8816945e-02   6.4819945e-01
   1.8820969e-02   6.4875346e-01
   1.8848956e-02   6.4930748e-01
   1.8864788e-02   6.4986150e-01
   1.8912463e-02   6.5152355e-01
   1.8934982e-02   6.5207756e-01
   1.8943499e-02   6.5263158e-01
   1.8999129e-02   6.5373961e-01
   1.9004717e-02   6.5429363e-01
   1.9023256e-02   6.5484765e-01
   1.9027612e-02   6.5540166e-01
   1.9044002e-02   6.5595568e-01
   1.9110530e-02   6.5706371e-01
   1.9118895e-02   6.5817175e-01
   1.9124261e-02   6.5872576e-01
   1.9141192e-02   6.5927978e-01
   1.9150459e-02   6.5983380e-01
   1.9158917e-02   6.6094183e-01
   1.9178633e-02   6.6149584e-01
   1.9202853e-02   6.6260388e-01
   1.9277644e-02   6.6426593e-01
   1.9295614e-02   6.6481994e-01
   1.9324887e-02   6.6537396e-01
   1.9328755e-02   6.6592798e-01
   1.9331511e-02   6.6703601e-01
   1.9373861e-02   6.6759003e-01
   1.9379005e-02   6.6814404e-01
   1.9385758e-02   6.6980609e-01
   1.9436192e-02   6.7091413e-01
   1.9437962e-02   6.7202216e-01
   1.9456715e-02   6.7313019e-01
   1.9460833e-02   6.7423823e-01
   1.9498884e-02   6.7479224e-01
   1.9505452e-02   6.7645429e-01
   1.9562615e-02   6.7756233e-01
   1.9647065e-02   6.7867036e-01
   1.9658850e-02   6.7922438e-01
   1.9753032e-02   6.7977839e-01
   1.9758229e-02   6.8033241e-01
   1.9769195e-02   6.8310249e-01
   1.9804564e-02   6.8365651e-01
   1.9879850e-02   6.8421053e-01
   1.9926753e-02   6.8587258e-01
   1.9930270e-02   6.8642659e-01
   1.9965847e-02   6.8698061e-01
   2.0084181e-02   6.8808864e-01
   2.0085299e-02   6.8864266e-01
   2.0106308e-02   6.8975069e-01
   2.0137037e-02   6.9030471e-01
   2.0147202e-02   6.9141274e-01
   2.0148858e-02   6.9196676e-01
   2.0164378e-02   6.9252078e-01
   2.0184369e-02   6.9307479e-01
   2.0212184e-02   6.9418283e-01
   2.0254350e-02   6.9473684e-01
   2.0272084e-02   6.9584488e-01
   2.0292346e-02   6.9639889e-01
   2.0295597e-02   6.9695291e-01
   2.0395744e-02   6.9750693e-01
   2.0406027e-02   6.9806094e-01
   2.0417778e-02   6.9861496e-01
   2.0426928e-02   6.9916898e-01
   2.0434508e-02   6.9972299e-01
   2.0445214e-02   7.0027701e-01
   2.0495352e-02   7.0083102e-01
   2.0502587e-02   7.0304709e-01
   2.0524356e-02   7.0360111e-01
   2.0615123e-02   7.0415512e-01
   2.0662592e-02   7.0470914e-01
   2.0731726e-02   7.0526316e-01
   2.0733363e-02   7.0581717e-01
   2.0749941e-02   7.0637119e-01
   2.0756492e-02   7.0692521e-01
   2.0782442e-02   7.0747922e-01
   2.0788374e-02   7.0803324e-01
   2.0798786e-02   7.0969529e-01
   2.0831443e-02   7.1024931e-01
   2.0836887e-02   7.1080332e-01
   2.0861252e-02   7.1191136e-01
   2.0944836e-02   7.1246537e-01
   2.1024850e-02   7.1301939e-01
   2.1048993e-02   7.1357341e-01
   2.1053999e-02   7.1468144e-01
   2.1061616e-02   7.1578947e-01
   2.1067004e-02   7.1800554e-01
   2.1088142e-02   7.1855956e-01
   2.1135756e-02   7.1911357e-01
   2.1203194e-02   7.1966759e-01
   2.1225217e-02   7.2132964e-01
   2.1273711e-02   7.2188366e-01
   2.1280850e-02   7.2243767e-01
   2.1289156e-02   7.2354571e-01
   2.1317484e-02   7.2465374e-01
   2.1378916e-02   7.2520776e-01
   2.1382638e-02   7.2631579e-01
   2.1394891e-02   7.2742382e-01
   2.1428564e-02   7.2797784e-01
   2.1432599e-02   7.2853186e-01
   2.1448714e-02   7.2908587e-01
   2.1470225e-02   7.2963989e-01
   2.1511468e-02   7.3019391e-01
   2.1585915e-02   7.3074792e-01
   2.1593026e-02   7.3240997e-01
   2.1648138e-02   7.3296399e-01
   2.1667807e-02   7.3407202e-01
   2.1702635e-02   7.3462604e-01
   2.1707320e-02   7.3573407e-01
   2.1716279e-02   7.3684211e-01
   2.1724908e-02   7.3739612e-01
   2.1804527e-02   7.3795014e-01
   2.1839990e-02   7.3850416e-01
   2.1845035e-02   7.3905817e-01
   2.1859644e-02   7.3961219e-01
   2.1875673e-02   7.4127424e-01
   2.1922977e-02   7.4182825e-01
   2.1952745e-02   7.4238227e-01
   2.2026213e-02   7.4293629e-01
   2.2031431e-02   7.4349030e-01
   2.2040223e-02   7.4459834e-01
   2.2061351e-02   7.4515235e-01
   2.2075550e-02   7.4570637e-01
   2.2098688e-02   7.4626039e-01
   2.2125515e-02   7.4736842e-01
   2.2177212e-02   7.4792244e-01
   2.2282615e-02   7.4847645e-01
   2.2341746e-02   7.4903047e-01
   2.2350249e-02   7.5013850e-01
   2.2399789e-02   7.5124654e-01
   2.2418073e-02   7.5180055e-01
   2.2420750e-02   7.5235457e-01
   2.2452193e-02   7.5290859e-01
   2.2514400e-02   7.5346260e-01
   2.2557291e-02   7.5401662e-01
   2.2613868e-02   7.5457064e-01
   2.2673715e-02   7.5512465e-01
   2.2686324e-02   7.5567867e-01
   2.2686340e-02   7.5734072e-01
   2.2705456e-02   7.5844875e-01
   2.2716435e-02   7.5900277e-01
   2.2720496e-02   7.5955679e-01
   2.2721618e-02   7.6066482e-01
   2.2833848e-02   7.6121884e-01
   2.2921298e-02   7.6177285e-01
   2.2998546e-02   7.6232687e-01
   2.3001079e-02   7.6288089e-01
   2.3014939e-02   7.6343490e-01
   2.3021354e-02   7.6398892e-01
   2.3049657e-02   7.6454294e-01
   2.3052899e-02   7.6509695e-01
   2.3060035e-02   7.6565097e-01
   2.3105118e-02   7.6620499e-01
   2.3109958e-02   7.6731302e-01
   2.3173169e-02   7.6842105e-01
   2.3191816e-02   7.6897507e-01
   2.3205261e-02   7.6952909e-01
   2.3284789e-02   7.7008310e-01
   2.3321351e-02   7.7063712e-01
   2.3368353e-02   7.7119114e-01
   2.3398544e-02   7.7174515e-01
   2.3406893e-02   7.7340720e-01
   2.3460484e-02   7.7396122e-01
   2.3523717e-02   7.7451524e-01
   2.3539628e-02   7.7562327e-01
   2.3588677e-02   7.7617729e-01
   2.3634124e-02   7.7673130e-01
   2.3647482e-02   7.7783934e-01
   2.3653405e-02   7.7839335e-01
   2.3666244e-02   7.7894737e-01
   2.3736573e-02   7.7950139e-01
   2.3743690e-02   7.8005540e-01
   2.3820202e-02   7.8060942e-01
   2.3822524e-02   7.8116343e-01
   2.3964034e-02   7.8171745e-01
   2.3977634e-02   7.8227147e-01
   2.4004275e-02   7.8282548e-01
   2.4015896e-02   7.8337950e-01
   2.4024903e-02   7.8393352e-01
   2.4048517e-02   7.8504155e-01
   2.4055937e-02   7.8559557e-01
   2.4109174e-02   7.8614958e-01
   2.4110160e-02   7.8670360e-01
   2.4161386e-02   7.8725762e-01
   2.4276975e-02   7.8781163e-01
   2.4295371e-02   7.8836565e-01
   2.4313731e-02   7.8891967e-01
   2.4345107e-02   7.8947368e-01
   2.4377870e-02   7.9002770e-01
   2.4401834e-02   7.9058172e-01
   2.4432534e-02   7.9113573e-01
   2.4527637e-02   7.9168975e-01
   2.4550094e-02   7.9224377e-01
   2.4654557e-02   7.9279778e-01
   2.4662475e-02   7.9390582e-01
   2.4748356e-02   7.9445983e-01
   2.4759323e-02   7.9501385e-01
   2.4771535e-02   7.9667590e-01
   2.4788022e-02   7.9722992e-01
   2.4906498e-02   7.9778393e-01
   2.4942158e-02   7.9889197e-01
   2.4943917e-02   7.9944598e-01
   2.4963170e-02   8.0000000e-01
   2.5023633e-02   8.0055402e-01
   2.5057891e-02   8.0110803e-01
   2.5102188e-02   8.0221607e-01
   2.5204674e-02   8.0277008e-01
   2.5276247e-02   8.0332410e-01
   2.5282678e-02   8.0387812e-01
   2.5343271e-02   8.0443213e-01
   2.5416534e-02   8.0498615e-01
   2.5475030e-02   8.0554017e-01
   2.5527532e-02   8.0609418e-01
   2.5547607e-02   8.0664820e-01
   2.5588906e-02   8.0720222e-01
   2.5593086e-02   8.0886427e-01
   2.5632294e-02   8.0941828e-01
   2.5636980e-02   8.0997230e-01
   2.5677523e-02   8.1108033e-01
   2.5770851e-02   8.1163435e-01
   2.5785954e-02   8.1218837e-01
   2.5874585e-02   8.1274238e-01
   2.5912966e-02   8.1329640e-01
   2.5916337e-02   8.1385042e-01
   2.5974087e-02   8.1440443e-01
   2.5998347e-02   8.1606648e-01
   2.6045044e-02   8.1662050e-01
   2.6059337e-02   8.1772853e-01
   2.6114763e-02   8.1828255e-01
   2.6136426e-02   8.1883657e-01
   2.6149969e-02   8.1994460e-01
   2.6207238e-02   8.2049861e-01
   2.6228801e-02   8.2105263e-01
   2.6236915e-02   8.2160665e-01
   2.6248211e-02   8.2216066e-01
   2.6262120e-02   8.2271468e-01
   2.6264487e-02   8.2326870e-01
   2.6275505e-02   8.2437673e-01
   2.6287065e-02   8.2493075e-01
   2.6319427e-02   8.2548476e-01
   2.6409444e-02   8.2603878e-01
   2.6456320e-02   8.2659280e-01
   2.6504974e-02   8.2714681e-01
   2.6518734e-02   8.2770083e-01
   2.6564229e-02   8.2825485e-01
   2.6573947e-02   8.2880886e-01
   2.6600556e-02   8.2936288e-01
   2.6603764e-02   8.3047091e-01
   2.6604644e-02   8.3102493e-01
   2.6648275e-02   8.3213296e-01
   2.6651809e-02   8.3268698e-01
   2.6667581e-02   8.3324100e-01
   2.6696315e-02   8.3379501e-01
   2.6894181e-02   8.3434903e-01
   2.6948988e-02   8.3490305e-01
   2.7001974e-02   8.3545706e-01
   2.7017802e-02   8.3601108e-01
   2.7089995e-02   8.3656510e-01
   2.7205530e-02   8.3711911e-01
   2.7252957e-02   8.3767313e-01
   2.7260118e-02   8.3822715e-01
   2.7280578e-02   8.3878116e-01
   2.7298791e-02   8.3933518e-01
   2.7358864e-02   8.3988920e-01
   2.7395901e-02   8.4044321e-01
   2.7449601e-02   8.4099723e-01
   2.7540413e-02   8.4155125e-01
   2.7561161e-02   8.4210526e-01
   2.7564536e-02   8.4265928e-01
   2.7602821e-02   8.4321330e-01
   2.7743474e-02   8.4376731e-01
   2.7752250e-02   8.4432133e-01
   2.7857695e-02   8.4487535e-01
   2.7872928e-02   8.4542936e-01
   2.7873321e-02   8.4653740e-01
   2.7948177e-02   8.4709141e-01
   2.8008605e-02   8.4764543e-01
   2.8040857e-02   8.4819945e-01
   2.8084930e-02   8.4875346e-01
   2.8155872e-02   8.4930748e-01
   2.8175071e-02   8.4986150e-01
   2.8179961e-02   8.5096953e-01
   2.8186815e-02   8.5152355e-01
   2.8187566e-02   8.5207756e-01
   2.8245877e-02   8.5263158e-01
   2.8248796e-02   8.5373961e-01
   2.8281809e-02   8.5429363e-01
   2.8363925e-02   8.5484765e-01
   2.8369520e-02   8.5540166e-01
   2.8553057e-02   8.5650970e-01
   2.8659846e-02   8.5706371e-01
   2.8808514e-02   8.5761773e-01
   2.8827861e-02   8.5817175e-01
   2.8888764e-02   8.5872576e-01
   2.8898687e-02   8.5927978e-01
   2.8909173e-02   8.5983380e-01
   2.9018539e-02   8.6038781e-01
   2.9078301e-02   8.6094183e-01
   2.9164769e-02   8.6149584e-01
   2.9382614e-02   8.6204986e-01
   2.9405613e-02   8.6260388e-01
   2.9499094e-02   8.6371191e-01
   2.9548613e-02   8.6426593e-01
   2.9601555e-02   8.6481994e-01
   2.9625942e-02   8.6592798e-01
   2.9640754e-02   8.6648199e-01
   2.9718787e-02   8.6759003e-01
   2.9800126e-02   8.6814404e-01
   2.9803090e-02   8.6869806e-01
   2.9810807e-02   8.6925208e-01
   2.9819679e-02   8.7036011e-01
   2.9844352e-02   8.7091413e-01
   3.0075338e-02   8.7146814e-01
   3.0127400e-02   8.7202216e-01
   3.0160027e-02   8.7257618e-01
   3.0279041e-02   8.7313019e-01
   3.0318276e-02   8.7368421e-01
   3.0502418e-02   8.7423823e-01
   3.0600199e-02   8.7479224e-01
   3.0720739e-02   8.7534626e-01
   3.0802606e-02   8.7590028e-01
   3.0848985e-02   8.7700831e-01
   3.0862542e-02   8.7756233e-01
   3.0876519e-02   8.7811634e-01
   3.0981949e-02   8.7867036e-01
   3.1100899e-02   8.8033241e-01
   3.1119502e-02   8.8088643e-01
   3.1140678e-02   8.8144044e-01
   3.1366972e-02   8.8199446e-01
   3.1433042e-02   8.8310249e-01
   3.1558733e-02   8.8365651e-01
   3.1617548e-02   8.8421053e-01
   3.1753883e-02   8.8476454e-01
   3.1801225e-02   8.8587258e-01
   3.1847836e-02   8.8642659e-01
   3.1909942e-02   8.8698061e-01
   3.1980027e-02   8.8753463e-01
   3.2068523e-02   8.8808864e-01
   3.2068643e-02   8.8864266e-01
   3.2082133e-02   8.8919668e-01
   3.2108908e-02   8.9030471e-01
   3.2146810e-02   8.9141274e-01
   3.2201222e-02   8.9196676e-01
   3.2267163e-02   8.9252078e-01
   3.2279508e-02   8.9307479e-01
   3.2286955e-02   8.9362881e-01
   3.2345496e-02   8.9418283e-01
   3.2398342e-02   8.9473684e-01
   3.2398506e-02   8.9529086e-01
   3.2451835e-02   8.9584488e-01
   3.2625137e-02   8.9639889e-01
   3.2683926e-02   8.9695291e-01
   3.2799004e-02   8.9750693e-01
   3.2808654e-02   8.9806094e-01
   3.2851114e-02   8.9861496e-01
   3.3249166e-02   8.9916898e-01
   3.3304910e-02   8.9972299e-01
   3.3373541e-02   9.0083102e-01
   3.3448067e-02   9.0138504e-01
   3.3464198e-02   9.0193906e-01
   3.3540864e-02   9.0249307e-01
   3.3543102e-02   9.0304709e-01
   3.3572671e-02   9.0360111e-01
   3.3626953e-02   9.0415512e-01
   3.3836590e-02   9.0470914e-01
   3.3888003e-02   9.0526316e-01
   3.4029906e-02   9.0581717e-01
   3.4041204e-02   9.0692521e-01
   3.4150958e-02   9.0747922e-01
   3.4215828e-02   9.0803324e-01
   3.4334803e-02   9.0858726e-01
   3.4484112e-02   9.0914127e-01
   3.4610458e-02   9.0969529e-01
   3.4748455e-02   9.1024931e-01
   3.4808056e-02   9.1080332e-01
   3.4863249e-02   9.1135734e-01
   3.5023247e-02   9.1191136e-01
   3.5212592e-02   9.1246537e-01
   3.5405132e-02   9.1301939e-01
   3.5503082e-02   9.1357341e-01
   3.5509894e-02   9.1412742e-01
   3.5756508e-02   9.1468144e-01
   3.6006978e-02   9.1578947e-01
   3.6013546e-02   9.1634349e-01
   3.6030351e-02   9.1689751e-01
   3.6100704e-02   9.1745152e-01
   3.6689723e-02   9.1800554e-01
   3.6927666e-02   9.1855956e-01
   3.6934641e-02   9.1911357e-01
   3.7086050e-02   9.1966759e-01
   3.7156736e-02   9.2022161e-01
   3.7235148e-02   9.2077562e-01
   3.7463946e-02   9.2132964e-01
   3.7550872e-02   9.2188366e-01
   3.7577371e-02   9.2243767e-01
   3.8189374e-02   9.2299169e-01
   3.8221059e-02   9.2354571e-01
   3.8277675e-02   9.2409972e-01
   3.8412898e-02   9.2465374e-01
   3.8547362e-02   9.2520776e-01
   3.8618588e-02   9.2576177e-01
   3.8866185e-02   9.2631579e-01
   3.8961504e-02   9.2686981e-01
   3.9204281e-02   9.2742382e-01
   3.9318811e-02   9.2797784e-01
   3.9517000e-02   9.2853186e-01
   3.9588272e-02   9.2908587e-01
   4.0036866e-02   9.2963989e-01
   4.0175074e-02   9.3019391e-01
   4.0350912e-02   9.3074792e-01
   4.0415807e-02   9.3130194e-01
   4.0549458e-02   9.3185596e-01
   4.0584693e-02   9.3240997e-01
   4.0708019e-02   9.3296399e-01
   4.0835555e-02   9.3351801e-01
   4.0899783e-02   9.3407202e-01
   4.1149998e-02   9.3462604e-01
   4.1164479e-02   9.3518006e-01
   4.1172884e-02   9.3573407e-01
   4.1204879e-02   9.3628809e-01
   4.1314301e-02   9.3684211e-01
   4.1608849e-02   9.3739612e-01
   4.1809981e-02   9.3795014e-01
   4.1889051e-02   9.3850416e-01
   4.2127164e-02   9.3905817e-01
   4.2621485e-02   9.3961219e-01
   4.3151753e-02   9.4016620e-01
   4.3325762e-02   9.4072022e-01
   4.3576587e-02   9.4127424e-01
   4.3611925e-02   9.4182825e-01
   4.3835309e-02   9.4238227e-01
   4.3848400e-02   9.4293629e-01
   4.4080446e-02   9.4349030e-01
   4.4194671e-02   9.4404432e-01
   4.4375121e-02   9.4459834e-01
   4.4394322e-02   9.4515235e-01
   4.4455998e-02   9.4570637e-01
   4.4891550e-02   9.4626039e-01
   4.4954771e-02   9.4681440e-01
   4.5643310e-02   9.4736842e-01
   4.5678377e-02   9.4792244e-01
   4.5736920e-02   9.4847645e-01
   4.6466132e-02   9.4958449e-01
   4.6812145e-02   9.5013850e-01
   4.6888285e-02   9.5069252e-01
   4.6942820e-02   9.5124654e-01
   4.7683953e-02   9.5180055e-01
   4.8196055e-02   9.5235457e-01
   4.8200351e-02   9.5290859e-01
   4.8966575e-02   9.5346260e-01
   4.9109060e-02   9.5401662e-01
   4.9348742e-02   9.5457064e-01
   4.9593316e-02   9.5512465e-01
   4.9603453e-02   9.5567867e-01
   5.0302025e-02   9.5623269e-01
   5.0531031e-02   9.5678670e-01
   5.0669270e-02   9.5734072e-01
   5.0887751e-02   9.5789474e-01
   5.1356170e-02   9.5844875e-01
   5.1583755e-02   9.5900277e-01
   5.2251506e-02   9.5955679e-01
   5.2410047e-02   9.6011080e-01
   5.2756653e-02   9.6066482e-01
   5.2999368e-02   9.6121884e-01
   5.3562380e-02   9.6177285e-01
   5.3821394e-02   9.6232687e-01
   5.4789269e-02   9.6288089e-01
   5.5096621e-02   9.6343490e-01
   5.5272019e-02   9.6398892e-01
   5.5389605e-02   9.6454294e-01
   5.5610879e-02   9.6509695e-01
   5.5712139e-02   9.6565097e-01
   5.6245858e-02   9.6620499e-01
   5.6292957e-02   9.6675900e-01
   5.6800957e-02   9.6731302e-01
   5.7056536e-02   9.6786704e-01
   5.7552292e-02   9.6842105e-01
   5.7602158e-02   9.6897507e-01
   5.7750821e-02   9.6952909e-01
   5.8322983e-02   9.7008310e-01
   5.8329538e-02   9.7063712e-01
   5.8498824e-02   9.7119114e-01
   5.8521618e-02   9.7174515e-01
   5.9361554e-02   9.7229917e-01
   5.9525716e-02   9.7285319e-01
   5.9937066e-02   9.7340720e-01
   6.0247767e-02   9.7396122e-01
   6.0816253e-02   9.7451524e-01
   6.1429234e-02   9.7506925e-01
   6.1544035e-02   9.7562327e-01
   6.2494542e-02   9.7617729e-01
   6.3696214e-02   9.7673130e-01
   6.4187196e-02   9.7728532e-01
   6.4975814e-02   9.7783934e-01
   6.5444923e-02   9.7839335e-01
   6.6086315e-02   9.7894737e-01
   6.6181669e-02   9.7950139e-01
   6.7369265e-02   9.8005540e-01
   6.7713660e-02   9.8060942e-01
   6.7943802e-02   9.8116343e-01
   6.9528675e-02   9.8171745e-01
   7.0611725e-02   9.8227147e-01
   7.0742121e-02   9.8282548e-01
   7.1689867e-02   9.8337950e-01
   7.1919048e-02   9.8393352e-01
   7.2736384e-02   9.8448753e-01
   7.3206037e-02   9.8504155e-01
   7.6643168e-02   9.8559557e-01
   7.6878584e-02   9.8614958e-01
   7.7925344e-02   9.8670360e-01
   7.8371596e-02   9.8725762e-01
   7.8405708e-02   9.8781163e-01
   7.8997339e-02   9.8836565e-01
   7.9360682e-02   9.8891967e-01
   8.1573326e-02   9.8947368e-01
   8.1757952e-02   9.9002770e-01
   8.3776751e-02   9.9058172e-01
   8.6788782e-02   9.9113573e-01
   8.7645450e-02   9.9168975e-01
   8.8604333e-02   9.9224377e-01
   8.9295699e-02   9.9279778e-01
   9.0233145e-02   9.9335180e-01
   9.2035188e-02   9.9390582e-01
   9.2855693e-02   9.9445983e-01
   9.3264826e-02   9.9501385e-01
   9.4919526e-02   9.9556787e-01
   9.8754111e-02   9.9612188e-01
   1.0519420e-01   9.9667590e-01
   1.0521585e-01   9.9722992e-01
   1.0703541e-01   9.9778393e-01
   1.0817464e-01   9.9833795e-01
   1.2401638e-01   9.9889197e-01
   1.3429443e-01   9.9944598e-01
   1.3447158e-01   1.0000000e+00
