   3.0176000e-03   0.0000000e+00
   3.0176000e-03   1.1389522e-03
   3.4480000e-03   5.6947608e-03
   3.8792000e-03   6.8337130e-03
   4.3104000e-03   2.1640091e-02
   4.7416000e-03   3.5307517e-02
   5.1728000e-03   5.0113895e-02
   5.6032000e-03   1.0250569e-01
   6.0344000e-03   1.3781321e-01
   6.4656000e-03   1.7312073e-01
   6.8968000e-03   2.1867882e-01
   7.3272000e-03   2.4943052e-01
   7.7584000e-03   2.8018223e-01
   8.1896000e-03   3.0865604e-01
   8.6208000e-03   3.3371298e-01
   9.0520000e-03   3.5990888e-01
   9.4824000e-03   3.8610478e-01
   9.9136000e-03   4.1685649e-01
   1.0344800e-02   4.4419134e-01
   1.0776000e-02   4.6013667e-01
   1.1207200e-02   4.7835991e-01
   1.1637600e-02   4.9430524e-01
   1.2068800e-02   5.1594533e-01
   1.2500000e-02   5.4214123e-01
   1.2931200e-02   5.5922551e-01
   1.3362400e-02   5.8428246e-01
   1.3792800e-02   6.0250569e-01
   1.4224000e-02   6.2414579e-01
   1.4655200e-02   6.3895216e-01
   1.5086400e-02   6.5375854e-01
   1.5517600e-02   6.7312073e-01
   1.5948000e-02   6.9134396e-01
   1.6379200e-02   7.0387244e-01
   1.6810400e-02   7.2209567e-01
   1.7241600e-02   7.3120729e-01
   1.7672000e-02   7.4145786e-01
   1.8103200e-02   7.5854214e-01
   1.8534400e-02   7.6651481e-01
   1.8965600e-02   7.7676538e-01
   1.9396800e-02   7.8701595e-01
   1.9828000e-02   7.9498861e-01
   2.0258400e-02   8.0410023e-01
   2.0689600e-02   8.1207289e-01
   2.1120800e-02   8.1776765e-01
   2.1982400e-02   8.2232346e-01
   2.2413600e-02   8.2801822e-01
   2.2844800e-02   8.3029613e-01
   2.3276000e-02   8.3371298e-01
   2.3707200e-02   8.3485194e-01
   2.4137600e-02   8.4168565e-01
   2.4568800e-02   8.4851936e-01
   2.5000000e-02   8.5421412e-01
   2.5431200e-02   8.5535308e-01
   2.5862400e-02   8.5876993e-01
   2.6292800e-02   8.6104784e-01
   2.6724000e-02   8.6218679e-01
   2.7155200e-02   8.7129841e-01
   2.7586400e-02   8.7357631e-01
   2.8017600e-02   8.7813212e-01
   2.8448000e-02   8.8041002e-01
   2.9310400e-02   8.8382688e-01
   2.9741600e-02   8.8724374e-01
   3.0172000e-02   8.8838269e-01
   3.0603200e-02   8.8952164e-01
   3.1034400e-02   8.9179954e-01
   3.2758400e-02   8.9293850e-01
   3.3189600e-02   8.9407745e-01
   3.3620800e-02   8.9749431e-01
   3.4052000e-02   8.9977221e-01
   3.4482400e-02   9.0091116e-01
   3.4913600e-02   9.0205011e-01
   3.5344800e-02   9.0318907e-01
   3.7068800e-02   9.0546697e-01
   3.7500000e-02   9.0660592e-01
   3.8792800e-02   9.0774487e-01
   3.9224000e-02   9.1002278e-01
   3.9655200e-02   9.1116173e-01
   4.0948000e-02   9.1230068e-01
   4.2672000e-02   9.1343964e-01
   4.3103200e-02   9.1457859e-01
   4.3534400e-02   9.1571754e-01
   4.3965600e-02   9.1685649e-01
   4.4396800e-02   9.1799544e-01
   4.4828000e-02   9.1913440e-01
   4.5689600e-02   9.2027335e-01
   4.6120800e-02   9.2369021e-01
   4.8276000e-02   9.2482916e-01
   4.8707200e-02   9.2824601e-01
   5.0431200e-02   9.3166287e-01
   5.0862400e-02   9.3280182e-01
   5.1724000e-02   9.3394077e-01
   5.2155200e-02   9.3507973e-01
   5.2586400e-02   9.3621868e-01
   5.3448000e-02   9.3735763e-01
   5.4741600e-02   9.3849658e-01
   5.5172000e-02   9.3963554e-01
   5.6465600e-02   9.4191344e-01
   5.6896800e-02   9.4305239e-01
   5.7328000e-02   9.4419134e-01
   5.7758400e-02   9.4533030e-01
   5.9052000e-02   9.4646925e-01
   6.0344800e-02   9.4760820e-01
   6.1637600e-02   9.4874715e-01
   6.3792800e-02   9.4988610e-01
   6.4224000e-02   9.5102506e-01
   6.5086400e-02   9.5330296e-01
   6.6810400e-02   9.5444191e-01
   6.7241600e-02   9.5785877e-01
   6.8534400e-02   9.6013667e-01
   6.9828000e-02   9.6127563e-01
   7.2844800e-02   9.6241458e-01
   7.3707200e-02   9.6355353e-01
   7.4137600e-02   9.6469248e-01
   8.1034400e-02   9.6583144e-01
   8.1465600e-02   9.6697039e-01
   8.3189600e-02   9.6924829e-01
   8.3620800e-02   9.7038724e-01
   8.4052000e-02   9.7152620e-01
   8.4482400e-02   9.7266515e-01
   8.5776000e-02   9.7380410e-01
   8.7931200e-02   9.7494305e-01
   8.8792800e-02   9.7608200e-01
   9.0948000e-02   9.7835991e-01
   9.7844800e-02   9.8063781e-01
   1.0086240e-01   9.8177677e-01
   1.0387920e-01   9.8291572e-01
   1.1077600e-01   9.8405467e-01
   1.1508640e-01   9.8519362e-01
   1.1681040e-01   9.8633257e-01
   1.1810320e-01   9.8747153e-01
   1.1896560e-01   9.8861048e-01
   1.1982720e-01   9.8974943e-01
   1.2025840e-01   9.9088838e-01
   1.2801760e-01   9.9202733e-01
   1.3146560e-01   9.9316629e-01
   1.3491360e-01   9.9430524e-01
   1.5689680e-01   9.9544419e-01
   1.6853440e-01   9.9658314e-01
   1.8362080e-01   9.9772210e-01
   2.0431040e-01   9.9886105e-01
   2.4612080e-01   1.0000000e+00
