   6.1112000e-03   0.0000000e+00
   6.1112000e-03   5.0000000e-02
   7.7776000e-03   1.0000000e-01
   9.4448000e-03   1.5000000e-01
   1.0000000e-02   2.0000000e-01
   1.3333600e-02   2.5000000e-01
   1.3888800e-02   3.0000000e-01
   1.7777600e-02   4.0000000e-01
   1.8333600e-02   5.0000000e-01
   2.2222400e-02   6.0000000e-01
   2.5000000e-02   6.5000000e-01
   2.7222400e-02   7.0000000e-01
   2.8888800e-02   7.5000000e-01
   5.0000000e-02   8.0000000e-01
   6.5000000e-02   8.5000000e-01
   6.6666400e-02   9.0000000e-01
   8.1666400e-02   9.5000000e-01
   1.0944480e-01   1.0000000e+00
