   5.3760000e-03   0.0000000e+00
   5.3760000e-03   1.2820513e-02
   6.0928000e-03   6.4102564e-02
   6.4520000e-03   7.6923077e-02
   6.8104000e-03   8.9743590e-02
   8.6024000e-03   1.1538462e-01
   9.3192000e-03   1.4102564e-01
   9.6776000e-03   1.6666667e-01
   1.0036000e-02   2.1794872e-01
   1.0394400e-02   2.3076923e-01
   1.0752800e-02   2.5641026e-01
   1.1469600e-02   2.9487179e-01
   1.2186400e-02   3.0769231e-01
   1.2544800e-02   3.5897436e-01
   1.2903200e-02   3.7179487e-01
   1.3261600e-02   4.2307692e-01
   1.3620000e-02   4.3589744e-01
   1.3978400e-02   4.7435897e-01
   1.4695200e-02   4.8717949e-01
   1.5053600e-02   5.0000000e-01
   1.5412000e-02   5.2564103e-01
   1.6128800e-02   5.3846154e-01
   1.6487200e-02   5.7692308e-01
   1.6845600e-02   6.0256410e-01
   1.7562400e-02   6.1538462e-01
   1.7920800e-02   6.2820513e-01
   1.8996000e-02   6.4102564e-01
   2.0072000e-02   6.6666667e-01
   2.0430400e-02   6.7948718e-01
   2.1505600e-02   6.9230769e-01
   2.2222400e-02   7.0512821e-01
   2.2939200e-02   7.3076923e-01
   2.3297600e-02   7.4358974e-01
   2.3656000e-02   7.5641026e-01
   2.4372800e-02   7.6923077e-01
   2.5089600e-02   7.8205128e-01
   2.9748800e-02   7.9487179e-01
   3.1541600e-02   8.0769231e-01
   3.1900000e-02   8.2051282e-01
   3.2258400e-02   8.3333333e-01
   3.2616800e-02   8.5897436e-01
   3.3333600e-02   8.7179487e-01
   3.4050400e-02   8.8461538e-01
   3.6200800e-02   8.9743590e-01
   3.7276000e-02   9.2307692e-01
   3.9426400e-02   9.3589744e-01
   4.6236800e-02   9.4871795e-01
   4.8745600e-02   9.6153846e-01
   7.3835200e-02   9.7435897e-01
   9.2472800e-02   9.8717949e-01
   9.6774400e-02   1.0000000e+00
