   2.5424000e-03   0.0000000e+00
   2.5424000e-03   4.5112782e-03
   2.9664000e-03   1.0526316e-02
   3.3896000e-03   1.3533835e-02
   3.8136000e-03   1.8045113e-02
   4.2376000e-03   2.7067669e-02
   4.6608000e-03   4.3609023e-02
   5.0848000e-03   7.0676692e-02
   5.5088000e-03   8.7218045e-02
   5.9320000e-03   1.0375940e-01
   6.3560000e-03   1.2932331e-01
   6.7800000e-03   1.6090226e-01
   7.2032000e-03   1.9097744e-01
   7.6272000e-03   2.1203008e-01
   8.0512000e-03   2.3759398e-01
   8.4744000e-03   2.5413534e-01
   8.8984000e-03   2.7067669e-01
   9.3216000e-03   2.8571429e-01
   9.7456000e-03   3.0977444e-01
   1.0169600e-02   3.4135338e-01
   1.0592800e-02   3.5338346e-01
   1.1016800e-02   3.7443609e-01
   1.1440800e-02   3.9699248e-01
   1.1864000e-02   4.1954887e-01
   1.2288000e-02   4.3157895e-01
   1.2712000e-02   4.4511278e-01
   1.3136000e-02   4.6917293e-01
   1.3559200e-02   4.8120301e-01
   1.3983200e-02   4.9924812e-01
   1.4407200e-02   5.0676692e-01
   1.4830400e-02   5.1729323e-01
   1.5254400e-02   5.2631579e-01
   1.5678400e-02   5.3383459e-01
   1.6101600e-02   5.3984962e-01
   1.6525600e-02   5.4586466e-01
   1.6948800e-02   5.5338346e-01
   1.7372800e-02   5.6541353e-01
   1.7796800e-02   5.7443609e-01
   1.8220000e-02   5.8195489e-01
   1.8644000e-02   5.9248120e-01
   1.9068000e-02   5.9699248e-01
   1.9491200e-02   6.0150376e-01
   1.9915200e-02   6.0751880e-01
   2.0339200e-02   6.1353383e-01
   2.0762400e-02   6.1954887e-01
   2.1186400e-02   6.3007519e-01
   2.1610400e-02   6.3909774e-01
   2.2033600e-02   6.5263158e-01
   2.2457600e-02   6.6165414e-01
   2.2881600e-02   6.7218045e-01
   2.3304800e-02   6.7518797e-01
   2.3728800e-02   6.8270677e-01
   2.4152800e-02   6.8721805e-01
   2.4576000e-02   6.9022556e-01
   2.5000000e-02   6.9624060e-01
   2.5424000e-02   7.0075188e-01
   2.5847200e-02   7.0375940e-01
   2.6271200e-02   7.1278195e-01
   2.6695200e-02   7.2030075e-01
   2.7118400e-02   7.2180451e-01
   2.7542400e-02   7.2631579e-01
   2.7966400e-02   7.2781955e-01
   2.8389600e-02   7.3082707e-01
   2.8813600e-02   7.3533835e-01
   2.9237600e-02   7.3984962e-01
   2.9660800e-02   7.4285714e-01
   3.0932000e-02   7.5037594e-01
   3.1356000e-02   7.5488722e-01
   3.1780000e-02   7.6390977e-01
   3.2203200e-02   7.6691729e-01
   3.2627200e-02   7.7142857e-01
   3.3051200e-02   7.7293233e-01
   3.3474400e-02   7.7894737e-01
   3.3898400e-02   7.8796992e-01
   3.4322400e-02   7.9398496e-01
   3.4745600e-02   7.9699248e-01
   3.5169600e-02   8.0751880e-01
   3.5593600e-02   8.2105263e-01
   3.6016800e-02   8.2706767e-01
   3.6440800e-02   8.3308271e-01
   3.6864800e-02   8.3609023e-01
   3.7288000e-02   8.3759398e-01
   3.7712000e-02   8.4360902e-01
   3.8135200e-02   8.4661654e-01
   3.8983200e-02   8.4962406e-01
   3.9406400e-02   8.5112782e-01
   4.0254400e-02   8.5263158e-01
   4.0677600e-02   8.5413534e-01
   4.1101600e-02   8.6015038e-01
   4.2372800e-02   8.6315789e-01
   4.2796800e-02   8.6616541e-01
   4.4491200e-02   8.6917293e-01
   4.4915200e-02   8.7067669e-01
   4.5762400e-02   8.7368421e-01
   4.6186400e-02   8.7819549e-01
   4.6610400e-02   8.8270677e-01
   4.7033600e-02   8.8571429e-01
   4.7457600e-02   8.8721805e-01
   4.7881600e-02   8.9473684e-01
   4.8304800e-02   8.9624060e-01
   4.9152800e-02   8.9774436e-01
   4.9576000e-02   9.0075188e-01
   5.0000000e-02   9.0827068e-01
   5.0424000e-02   9.0977444e-01
   5.0847200e-02   9.1127820e-01
   5.1271200e-02   9.1428571e-01
   5.1695200e-02   9.1578947e-01
   5.2118400e-02   9.1729323e-01
   5.2542400e-02   9.1879699e-01
   5.3389600e-02   9.2030075e-01
   5.3813600e-02   9.2180451e-01
   5.5084800e-02   9.2631579e-01
   5.5932000e-02   9.2781955e-01
   5.6356000e-02   9.2932331e-01
   5.6780000e-02   9.3383459e-01
   5.7203200e-02   9.3533835e-01
   5.7627200e-02   9.3684211e-01
   5.8051200e-02   9.3834586e-01
   5.8474400e-02   9.4135338e-01
   5.8898400e-02   9.4285714e-01
   6.0169600e-02   9.4436090e-01
   6.0593600e-02   9.4586466e-01
   6.1440800e-02   9.4736842e-01
   6.2288000e-02   9.4887218e-01
   6.2712000e-02   9.5037594e-01
   6.4830400e-02   9.5187970e-01
   6.5254400e-02   9.5338346e-01
   6.6525600e-02   9.5488722e-01
   6.6948800e-02   9.5789474e-01
   6.7796800e-02   9.6090226e-01
   6.8644000e-02   9.6240602e-01
   7.1186400e-02   9.6390977e-01
   7.2033600e-02   9.6541353e-01
   7.3728800e-02   9.6691729e-01
   7.7542400e-02   9.6842105e-01
   7.8813600e-02   9.6992481e-01
   8.1356000e-02   9.7142857e-01
   8.1780000e-02   9.7293233e-01
   8.4322400e-02   9.7443609e-01
   8.5169600e-02   9.7593985e-01
   8.5593600e-02   9.7744361e-01
   8.6016800e-02   9.7894737e-01
   8.7712000e-02   9.8045113e-01
   9.2796800e-02   9.8345865e-01
   1.0042400e-01   9.8496241e-01
   1.0635600e-01   9.8646617e-01
   1.1101680e-01   9.8796992e-01
   1.1271200e-01   9.8947368e-01
   1.1652560e-01   9.9097744e-01
   1.3178000e-01   9.9248120e-01
   1.3220320e-01   9.9398496e-01
   1.3601680e-01   9.9548872e-01
   1.3855920e-01   9.9699248e-01
   1.6949120e-01   9.9849624e-01
   1.7118640e-01   1.0000000e+00
