   4.0032000e-03   0.0000000e+00
   4.0032000e-03   1.1834320e-02
   4.3368000e-03   2.3668639e-02
   4.6704000e-03   3.5502959e-02
   5.0040000e-03   6.5088757e-02
   5.3376000e-03   7.6923077e-02
   5.6712000e-03   1.0650888e-01
   6.0048000e-03   1.4792899e-01
   6.3384000e-03   2.0118343e-01
   6.6720000e-03   2.1893491e-01
   7.0056000e-03   2.4852071e-01
   7.3392000e-03   2.8402367e-01
   7.6728000e-03   2.8994083e-01
   8.0064000e-03   3.1360947e-01
   8.3400000e-03   3.3136095e-01
   8.6736000e-03   3.5502959e-01
   9.0072000e-03   3.7869822e-01
   9.3408000e-03   4.0236686e-01
   9.6744000e-03   4.1420118e-01
   1.0008000e-02   4.4970414e-01
   1.0341600e-02   4.6153846e-01
   1.0676000e-02   4.8520710e-01
   1.1008800e-02   4.9704142e-01
   1.1343200e-02   5.1479290e-01
   1.1676800e-02   5.4437870e-01
   1.2009600e-02   5.6213018e-01
   1.2344000e-02   5.6804734e-01
   1.2676800e-02   5.7396450e-01
   1.3011200e-02   5.9171598e-01
   1.3344800e-02   6.0946746e-01
   1.3678400e-02   6.1538462e-01
   1.4012000e-02   6.3905325e-01
   1.4345600e-02   6.4497041e-01
   1.4679200e-02   6.5088757e-01
   1.5012800e-02   6.6863905e-01
   1.6013600e-02   6.8047337e-01
   1.6347200e-02   6.8639053e-01
   1.7014400e-02   6.9230769e-01
   1.7348000e-02   6.9822485e-01
   1.7681600e-02   7.0414201e-01
   1.8015200e-02   7.1005917e-01
   1.8348800e-02   7.1597633e-01
   1.8682400e-02   7.2189349e-01
   2.0016800e-02   7.2781065e-01
   2.0350400e-02   7.5147929e-01
   2.1017600e-02   7.5739645e-01
   2.1684800e-02   7.6331361e-01
   2.2685600e-02   7.6923077e-01
   2.4020000e-02   7.7514793e-01
   2.5020800e-02   7.8106509e-01
   2.6355200e-02   7.8698225e-01
   2.6688800e-02   7.9289941e-01
   2.7689600e-02   7.9881657e-01
   2.9024000e-02   8.0473373e-01
   3.0024800e-02   8.1065089e-01
   3.0358400e-02   8.2248521e-01
   3.2693600e-02   8.3431953e-01
   3.3694400e-02   8.4023669e-01
   3.4028000e-02   8.4615385e-01
   3.6697600e-02   8.5207101e-01
   3.8699200e-02   8.5798817e-01
   3.9032800e-02   8.6390533e-01
   3.9700000e-02   8.6982249e-01
   4.7372800e-02   8.7573964e-01
   4.8707200e-02   8.8165680e-01
   4.9040800e-02   8.9349112e-01
   5.7047200e-02   8.9940828e-01
   6.0717600e-02   9.0532544e-01
   6.6722400e-02   9.1124260e-01
   7.0392000e-02   9.1715976e-01
   8.1734400e-02   9.2307692e-01
   8.3736800e-02   9.2899408e-01
   8.9408000e-02   9.3491124e-01
   1.1743120e-01   9.4082840e-01
   1.2677200e-01   9.4674556e-01
   1.2743920e-01   9.5266272e-01
   1.4111760e-01   9.5857988e-01
   1.5479600e-01   9.6449704e-01
   1.6246880e-01   9.7041420e-01
   1.6847360e-01   9.7633136e-01
   1.7147600e-01   9.8224852e-01
   2.3819840e-01   9.8816568e-01
   2.4787360e-01   9.9408284e-01
   2.6622160e-01   1.0000000e+00
