   4.6624000e-03   0.0000000e+00
   4.6624000e-03   5.5045872e-03
   5.1280000e-03   1.6513761e-02
   5.5944000e-03   3.3027523e-02
   6.0608000e-03   4.7706422e-02
   6.5272000e-03   6.4220183e-02
   6.9928000e-03   8.4403670e-02
   7.4592000e-03   1.1559633e-01
   7.9256000e-03   1.3761468e-01
   8.3920000e-03   1.7064220e-01
   8.8576000e-03   1.9266055e-01
   9.3240000e-03   2.1100917e-01
   9.7904000e-03   2.3669725e-01
   1.0256800e-02   2.5137615e-01
   1.0722400e-02   2.6788991e-01
   1.1188800e-02   2.9724771e-01
   1.1655200e-02   3.1559633e-01
   1.2121600e-02   3.3577982e-01
   1.2587200e-02   3.5596330e-01
   1.3053600e-02   3.7247706e-01
   1.3520000e-02   3.9633028e-01
   1.3986400e-02   4.3669725e-01
   1.4452000e-02   4.5871560e-01
   1.4918400e-02   4.7706422e-01
   1.5384800e-02   4.9724771e-01
   1.5851200e-02   5.0091743e-01
   1.6316800e-02   5.3577982e-01
   1.6783200e-02   5.4678899e-01
   1.7249600e-02   5.6880734e-01
   1.7716000e-02   5.8715596e-01
   1.8181600e-02   6.0917431e-01
   1.8648000e-02   6.2935780e-01
   1.9114400e-02   6.3669725e-01
   1.9580800e-02   6.4770642e-01
   2.0046400e-02   6.6605505e-01
   2.0512800e-02   6.7522936e-01
   2.0979200e-02   6.8807339e-01
   2.1445600e-02   6.9724771e-01
   2.1911200e-02   7.0458716e-01
   2.2377600e-02   7.1926606e-01
   2.2844000e-02   7.3027523e-01
   2.3310400e-02   7.4128440e-01
   2.3776000e-02   7.5412844e-01
   2.4242400e-02   7.5596330e-01
   2.4708800e-02   7.6513761e-01
   2.5175200e-02   7.8899083e-01
   2.5640800e-02   8.0000000e-01
   2.6107200e-02   8.0550459e-01
   2.6573600e-02   8.0917431e-01
   2.7040000e-02   8.1651376e-01
   2.7505600e-02   8.2568807e-01
   2.7972000e-02   8.3486239e-01
   2.8438400e-02   8.4036697e-01
   2.8904800e-02   8.4587156e-01
   2.9370400e-02   8.5137615e-01
   2.9836800e-02   8.5321101e-01
   3.0303200e-02   8.5688073e-01
   3.0769600e-02   8.5871560e-01
   3.1235200e-02   8.6605505e-01
   3.1701600e-02   8.7155963e-01
   3.2168000e-02   8.7522936e-01
   3.2634400e-02   8.8073394e-01
   3.3100000e-02   8.8623853e-01
   3.3566400e-02   8.9174312e-01
   3.4032800e-02   8.9541284e-01
   3.4499200e-02   9.0091743e-01
   3.4964800e-02   9.0275229e-01
   3.5431200e-02   9.0642202e-01
   3.5897600e-02   9.1009174e-01
   3.6364000e-02   9.1192661e-01
   3.6829600e-02   9.1376147e-01
   3.7296000e-02   9.2110092e-01
   3.7762400e-02   9.2293578e-01
   3.9160800e-02   9.2477064e-01
   3.9627200e-02   9.2660550e-01
   4.0093600e-02   9.3027523e-01
   4.1025600e-02   9.3394495e-01
   4.1492000e-02   9.3761468e-01
   4.1958400e-02   9.3944954e-01
   4.2424000e-02   9.4128440e-01
   4.2890400e-02   9.4311927e-01
   4.3356800e-02   9.4495413e-01
   4.3823200e-02   9.4862385e-01
   4.5221600e-02   9.5045872e-01
   4.6153600e-02   9.5412844e-01
   4.7086400e-02   9.5596330e-01
   4.8018400e-02   9.5779817e-01
   4.9417600e-02   9.6146789e-01
   5.1282400e-02   9.6513761e-01
   5.2214400e-02   9.6697248e-01
   5.4079200e-02   9.7064220e-01
   5.4545600e-02   9.7247706e-01
   5.5012000e-02   9.7431193e-01
   6.5734400e-02   9.7798165e-01
   6.6200800e-02   9.7981651e-01
   6.7132800e-02   9.8348624e-01
   7.1328800e-02   9.8532110e-01
   7.3193600e-02   9.8715596e-01
   8.1119200e-02   9.8899083e-01
   8.7179200e-02   9.9082569e-01
   9.2308000e-02   9.9266055e-01
   9.4172800e-02   9.9449541e-01
   9.6503200e-02   9.9633028e-01
   9.8834400e-02   9.9816514e-01
   1.1095600e-01   1.0000000e+00
