   2.3368000e-03   0.0000000e+00
   2.3368000e-03   3.9215686e-03
   3.2712000e-03   7.8431373e-03
   3.7384000e-03   2.7450980e-02
   4.2056000e-03   4.7058824e-02
   4.6728000e-03   7.0588235e-02
   5.1400000e-03   9.8039216e-02
   5.6072000e-03   1.1764706e-01
   6.0744000e-03   1.5294118e-01
   6.5424000e-03   2.0392157e-01
   7.0096000e-03   2.5098039e-01
   7.4768000e-03   2.9803922e-01
   7.9440000e-03   3.3333333e-01
   8.4112000e-03   3.6862745e-01
   8.8784000e-03   4.1176471e-01
   9.3456000e-03   4.3529412e-01
   9.8128000e-03   4.7450980e-01
   1.0280800e-02   5.1372549e-01
   1.0748000e-02   5.4117647e-01
   1.1215200e-02   5.7254902e-01
   1.1682400e-02   5.9607843e-01
   1.2149600e-02   6.1176471e-01
   1.2616800e-02   6.3529412e-01
   1.3084000e-02   6.5490196e-01
   1.3551200e-02   6.6666667e-01
   1.4018400e-02   6.9803922e-01
   1.4485600e-02   7.0196078e-01
   1.4953600e-02   7.3725490e-01
   1.5420800e-02   7.4901961e-01
   1.5888000e-02   7.6078431e-01
   1.6355200e-02   7.6470588e-01
   1.6822400e-02   7.7254902e-01
   1.7289600e-02   7.8431373e-01
   1.7756800e-02   7.9215686e-01
   1.8224000e-02   8.0000000e-01
   1.8691200e-02   8.1960784e-01
   1.9159200e-02   8.4313725e-01
   1.9626400e-02   8.4705882e-01
   2.0093600e-02   8.5490196e-01
   2.0560800e-02   8.6666667e-01
   2.1028000e-02   8.7450980e-01
   2.1495200e-02   8.8627451e-01
   2.2429600e-02   8.9019608e-01
   2.3832000e-02   8.9803922e-01
   2.4299200e-02   9.0196078e-01
   2.4766400e-02   9.1372549e-01
   2.5700800e-02   9.1764706e-01
   2.6635200e-02   9.2156863e-01
   2.7102400e-02   9.2549020e-01
   2.7570400e-02   9.2941176e-01
   2.8972000e-02   9.3333333e-01
   2.9906400e-02   9.3725490e-01
   3.0840800e-02   9.4117647e-01
   3.4112000e-02   9.4509804e-01
   3.6916000e-02   9.4901961e-01
   3.7383200e-02   9.5294118e-01
   3.7850400e-02   9.5686275e-01
   3.8317600e-02   9.6078431e-01
   3.9719200e-02   9.6470588e-01
   4.0187200e-02   9.6862745e-01
   4.0654400e-02   9.8039216e-01
   4.2523200e-02   9.8431373e-01
   4.3457600e-02   9.8823529e-01
   4.3924800e-02   9.9215686e-01
   5.6542400e-02   9.9607843e-01
   8.3177600e-02   1.0000000e+00
