   3.2752000e-03   0.0000000e+00
   3.2752000e-03   1.0178117e-03
   3.7424000e-03   3.5623410e-03
   4.2104000e-03   9.6692112e-03
   4.6784000e-03   2.9007634e-02
   5.1464000e-03   6.0050891e-02
   5.6144000e-03   1.1348601e-01
   6.0816000e-03   1.9949109e-01
   6.5496000e-03   2.6921120e-01
   7.0176000e-03   3.5114504e-01
   7.4856000e-03   4.4325700e-01
   7.9536000e-03   5.0025445e-01
   8.4208000e-03   5.6692112e-01
   8.8888000e-03   6.3816794e-01
   9.3568000e-03   6.7633588e-01
   9.8248000e-03   7.1399491e-01
   1.0292800e-02   7.5368957e-01
   1.0760000e-02   7.8371501e-01
   1.1228000e-02   8.0763359e-01
   1.1696000e-02   8.2900763e-01
   1.2164000e-02   8.4834606e-01
   1.2632000e-02   8.6412214e-01
   1.3099200e-02   8.8295165e-01
   1.3567200e-02   9.0178117e-01
   1.4035200e-02   9.1145038e-01
   1.4503200e-02   9.2162850e-01
   1.4971200e-02   9.3435115e-01
   1.5438400e-02   9.3791349e-01
   1.5906400e-02   9.4351145e-01
   1.6374400e-02   9.5114504e-01
   1.6842400e-02   9.5470738e-01
   1.7309600e-02   9.5725191e-01
   1.7777600e-02   9.6183206e-01
   1.8245600e-02   9.6437659e-01
   1.8713600e-02   9.6793893e-01
   1.9181600e-02   9.7251908e-01
   1.9648800e-02   9.7302799e-01
   2.0116800e-02   9.7506361e-01
   2.0584800e-02   9.7811705e-01
   2.1052800e-02   9.7964377e-01
   2.1520800e-02   9.8117048e-01
   2.1988000e-02   9.8218830e-01
   2.2456000e-02   9.8422392e-01
   2.2924000e-02   9.8778626e-01
   2.3392000e-02   9.8880407e-01
   2.3860000e-02   9.9083969e-01
   2.4327200e-02   9.9185751e-01
   2.4795200e-02   9.9287532e-01
   2.5263200e-02   9.9338422e-01
   2.5731200e-02   9.9389313e-01
   2.6198400e-02   9.9541985e-01
   2.6666400e-02   9.9592875e-01
   2.7134400e-02   9.9643766e-01
   2.8070400e-02   9.9745547e-01
   2.8538400e-02   9.9796438e-01
   2.9941600e-02   9.9847328e-01
   3.0409600e-02   9.9898219e-01
   3.2748800e-02   9.9949109e-01
   3.8362400e-02   1.0000000e+00
