   1.0810400e-02   0.0000000e+00
   1.0810400e-02   8.6956522e-03
   1.2540800e-02   3.4782609e-02
   1.3837600e-02   4.3478261e-02
   1.4270400e-02   5.2173913e-02
   1.5135200e-02   6.0869565e-02
   1.5568000e-02   6.9565217e-02
   1.6432000e-02   7.8260870e-02
   1.6864800e-02   8.6956522e-02
   1.7297600e-02   9.5652174e-02
   1.8162400e-02   1.0434783e-01
   1.8594400e-02   1.3043478e-01
   1.9027200e-02   1.3913043e-01
   1.9892000e-02   1.5652174e-01
   2.0324000e-02   1.7391304e-01
   2.0756800e-02   1.8260870e-01
   2.1188800e-02   2.0869565e-01
   2.1621600e-02   2.3478261e-01
   2.2054400e-02   2.4347826e-01
   2.2919200e-02   2.6086957e-01
   2.3351200e-02   2.7826087e-01
   2.4216000e-02   3.0434783e-01
   2.4648800e-02   3.2173913e-01
   2.5080800e-02   3.4782609e-01
   2.5513600e-02   3.6521739e-01
   2.7676000e-02   4.0000000e-01
   2.8108000e-02   4.0869565e-01
   2.8540800e-02   4.2608696e-01
   2.8972800e-02   4.3478261e-01
   3.0270400e-02   4.4347826e-01
   3.0702400e-02   4.5217391e-01
   3.1135200e-02   4.6956522e-01
   3.1568000e-02   4.7826087e-01
   3.2000000e-02   4.9565217e-01
   3.3297600e-02   5.0434783e-01
   3.4162400e-02   5.2173913e-01
   3.6324000e-02   5.3043478e-01
   3.6756800e-02   5.3913043e-01
   3.7621600e-02   5.5652174e-01
   3.8054400e-02   5.6521739e-01
   3.8919200e-02   5.7391304e-01
   3.9351200e-02   6.0000000e-01
   3.9784000e-02   6.0869565e-01
   4.2378400e-02   6.1739130e-01
   4.3243200e-02   6.4347826e-01
   4.3676000e-02   6.5217391e-01
   4.4108000e-02   6.7826087e-01
   4.4540800e-02   7.0434783e-01
   4.5405600e-02   7.1304348e-01
   4.6270400e-02   7.4782609e-01
   4.6702400e-02   7.5652174e-01
   4.7135200e-02   7.6521739e-01
   4.9297600e-02   7.8260870e-01
   4.9729600e-02   7.9130435e-01
   5.1027200e-02   8.0000000e-01
   5.2324000e-02   8.1739130e-01
   5.5351200e-02   8.3478261e-01
   5.7080800e-02   8.4347826e-01
   5.8810400e-02   8.5217391e-01
   5.9676000e-02   8.6086957e-01
   6.4000000e-02   8.6956522e-01
   6.4432800e-02   8.7826087e-01
   6.6594400e-02   8.8695652e-01
   6.9188800e-02   8.9565217e-01
   7.2216000e-02   9.0434783e-01
   7.3513600e-02   9.1304348e-01
   7.5243200e-02   9.2173913e-01
   8.9080800e-02   9.3043478e-01
   9.1243200e-02   9.3913043e-01
   9.9892000e-02   9.4782609e-01
   1.0248640e-01   9.5652174e-01
   1.0335120e-01   9.7391304e-01
   1.0854080e-01   9.8260870e-01
   1.1286480e-01   9.9130435e-01
   1.8335120e-01   1.0000000e+00
