   4.1506203e-03   0.0000000e+00
   4.1506203e-03   6.0753341e-04
   4.7391996e-03   1.2150668e-03
   5.0804816e-03   1.8226002e-03
   5.3445328e-03   2.4301337e-03
   5.4254663e-03   3.6452005e-03
   5.6249996e-03   4.2527339e-03
   5.6734841e-03   5.4678007e-03
   5.7822123e-03   6.6828676e-03
   5.9195491e-03   8.5054678e-03
   5.9600797e-03   9.1130012e-03
   6.1498657e-03   9.7205346e-03
   6.2130386e-03   1.0328068e-02
   6.2261829e-03   1.0935601e-02
   6.2660439e-03   1.4580802e-02
   6.3372250e-03   1.5795869e-02
   6.3697399e-03   1.7618469e-02
   6.5260483e-03   1.8833536e-02
   6.5317492e-03   2.1263670e-02
   6.5432024e-03   2.2478736e-02
   6.6068280e-03   2.3693803e-02
   6.7336502e-03   2.4301337e-02
   6.8108766e-03   2.7339004e-02
   6.8145351e-03   2.7946537e-02
   6.8593452e-03   3.1591738e-02
   6.8691698e-03   3.4021871e-02
   6.9093671e-03   3.4629405e-02
   6.9583500e-03   3.5844471e-02
   7.1018437e-03   3.7059538e-02
   7.1057787e-03   4.0097205e-02
   7.1256515e-03   4.1919806e-02
   7.1985467e-03   4.2527339e-02
   7.2028703e-03   4.3134872e-02
   7.3190628e-03   4.4957473e-02
   7.4032546e-03   4.6172539e-02
   7.4042591e-03   4.8602673e-02
   7.4502169e-03   4.9210207e-02
   7.4527423e-03   5.2247874e-02
   7.4848999e-03   5.3462940e-02
   7.4927012e-03   5.4070474e-02
   7.5336131e-03   5.4678007e-02
   7.5432777e-03   5.6500608e-02
   7.5477892e-03   5.7108141e-02
   7.6931276e-03   5.8323208e-02
   7.6938319e-03   6.1360875e-02
   7.7138853e-03   6.2575942e-02
   7.7195539e-03   6.4398542e-02
   7.7798091e-03   6.5613609e-02
   7.7905978e-03   6.7436209e-02
   7.8700032e-03   6.8043742e-02
   7.9057420e-03   6.9258809e-02
   7.9931781e-03   7.1688943e-02
   7.9977189e-03   7.3511543e-02
   8.0326661e-03   7.6549210e-02
   8.0462139e-03   7.7156744e-02
   8.0630974e-03   7.7764277e-02
   8.1159707e-03   7.9586877e-02
   8.1378775e-03   8.0194411e-02
   8.2408732e-03   8.0801944e-02
   8.2712744e-03   8.1409478e-02
   8.2860940e-03   8.2017011e-02
   8.3012405e-03   8.4447145e-02
   8.3134562e-03   8.6877278e-02
   8.3494887e-03   8.7484812e-02
   8.3586647e-03   9.2345079e-02
   8.4934253e-03   9.4167679e-02
   8.5836503e-03   9.7205346e-02
   8.5912398e-03   1.0024301e-01
   8.5966996e-03   1.0145808e-01
   8.6170845e-03   1.0267315e-01
   8.6397447e-03   1.0753341e-01
   8.6427377e-03   1.0814095e-01
   8.6542236e-03   1.0874848e-01
   8.6910688e-03   1.1057108e-01
   8.7284831e-03   1.1239368e-01
   8.8049779e-03   1.1300122e-01
   8.8555749e-03   1.1360875e-01
   8.8785753e-03   1.1846902e-01
   8.8894658e-03   1.2089915e-01
   8.9398851e-03   1.2211422e-01
   8.9564696e-03   1.2272175e-01
   8.9754339e-03   1.2454435e-01
   9.0291710e-03   1.2575942e-01
   9.0527828e-03   1.2636695e-01
   9.0812638e-03   1.3061968e-01
   9.1745654e-03   1.3608748e-01
   9.1848100e-03   1.3791009e-01
   9.2027172e-03   1.3912515e-01
   9.2247986e-03   1.3973269e-01
   9.2333233e-03   1.4398542e-01
   9.2689158e-03   1.4945322e-01
   9.3188705e-03   1.5127582e-01
   9.3723548e-03   1.5188335e-01
   9.4037177e-03   1.5249089e-01
   9.4416658e-03   1.5431349e-01
   9.4712346e-03   1.5856622e-01
   9.4783992e-03   1.6221142e-01
   9.5012609e-03   1.6464156e-01
   9.5226707e-03   1.6646416e-01
   9.5675072e-03   1.6950182e-01
   9.6035360e-03   1.7314702e-01
   9.6160462e-03   1.7375456e-01
   9.6704213e-03   1.7557716e-01
   9.7658428e-03   1.7922236e-01
   9.7784206e-03   1.8347509e-01
   9.7893465e-03   1.8833536e-01
   9.8082793e-03   1.9015796e-01
   9.8263367e-03   1.9137303e-01
   9.8486731e-03   1.9319563e-01
   9.8713983e-03   1.9441069e-01
   9.9102420e-03   1.9684083e-01
   9.9431816e-03   1.9927096e-01
   9.9796332e-03   1.9987849e-01
   1.0014430e-02   2.0048603e-01
   1.0028676e-02   2.0230863e-01
   1.0055186e-02   2.0291616e-01
   1.0064040e-02   2.0413123e-01
   1.0067916e-02   2.0595383e-01
   1.0071882e-02   2.0656136e-01
   1.0094575e-02   2.1142163e-01
   1.0106751e-02   2.1688943e-01
   1.0180143e-02   2.1810450e-01
   1.0180433e-02   2.1871203e-01
   1.0182792e-02   2.1931956e-01
   1.0260126e-02   2.2357230e-01
   1.0267146e-02   2.2417983e-01
   1.0287355e-02   2.2478736e-01
   1.0294171e-02   2.2539490e-01
   1.0357421e-02   2.2721750e-01
   1.0371492e-02   2.2904010e-01
   1.0376803e-02   2.3329283e-01
   1.0392941e-02   2.3390036e-01
   1.0415895e-02   2.3450790e-01
   1.0419988e-02   2.3754557e-01
   1.0427342e-02   2.3876063e-01
   1.0430022e-02   2.4301337e-01
   1.0501899e-02   2.4605103e-01
   1.0516564e-02   2.4908870e-01
   1.0599136e-02   2.4969623e-01
   1.0616453e-02   2.5091130e-01
   1.0635616e-02   2.5212637e-01
   1.0656411e-02   2.5394897e-01
   1.0657920e-02   2.5577157e-01
   1.0688477e-02   2.5759417e-01
   1.0691913e-02   2.5941677e-01
   1.0752470e-02   2.6002430e-01
   1.0753299e-02   2.6306197e-01
   1.0758632e-02   2.6670717e-01
   1.0762606e-02   2.6731470e-01
   1.0850289e-02   2.6792224e-01
   1.0857476e-02   2.6974484e-01
   1.0948708e-02   2.7339004e-01
   1.0964954e-02   2.7399757e-01
   1.0965163e-02   2.7703524e-01
   1.0987577e-02   2.7825030e-01
   1.1012711e-02   2.8068044e-01
   1.1013666e-02   2.8189550e-01
   1.1092107e-02   2.8250304e-01
   1.1093796e-02   2.8371810e-01
   1.1137133e-02   2.8493317e-01
   1.1144472e-02   2.8554070e-01
   1.1147840e-02   2.8614824e-01
   1.1202468e-02   2.8675577e-01
   1.1204875e-02   2.8736330e-01
   1.1247807e-02   2.9161604e-01
   1.1249440e-02   2.9222357e-01
   1.1277989e-02   2.9526124e-01
   1.1282380e-02   2.9708384e-01
   1.1338715e-02   3.0133657e-01
   1.1342892e-02   3.0255164e-01
   1.1345994e-02   3.0315917e-01
   1.1346353e-02   3.0376671e-01
   1.1430019e-02   3.0498177e-01
   1.1440838e-02   3.0741191e-01
   1.1540748e-02   3.0801944e-01
   1.1551176e-02   3.0923451e-01
   1.1553180e-02   3.1166464e-01
   1.1558858e-02   3.1227217e-01
   1.1565089e-02   3.1470231e-01
   1.1596538e-02   3.1591738e-01
   1.1607367e-02   3.1773998e-01
   1.1669489e-02   3.1834751e-01
   1.1685897e-02   3.1956258e-01
   1.1701257e-02   3.2017011e-01
   1.1713063e-02   3.2077764e-01
   1.1718158e-02   3.2138518e-01
   1.1771988e-02   3.2381531e-01
   1.1793847e-02   3.2746051e-01
   1.1838567e-02   3.2867558e-01
   1.1842557e-02   3.2928311e-01
   1.1864343e-02   3.2989064e-01
   1.1876282e-02   3.3110571e-01
   1.1879167e-02   3.3171324e-01
   1.1898229e-02   3.3232078e-01
   1.1920159e-02   3.3292831e-01
   1.1930420e-02   3.3535844e-01
   1.1933057e-02   3.3596598e-01
   1.1937078e-02   3.3657351e-01
   1.1939491e-02   3.3839611e-01
   1.2004638e-02   3.4143378e-01
   1.2031718e-02   3.4325638e-01
   1.2062399e-02   3.4386391e-01
   1.2105452e-02   3.4447145e-01
   1.2117670e-02   3.4507898e-01
   1.2132970e-02   3.4933171e-01
   1.2142419e-02   3.5176185e-01
   1.2152304e-02   3.5419198e-01
   1.2152573e-02   3.5540705e-01
   1.2180851e-02   3.5722965e-01
   1.2201088e-02   3.5844471e-01
   1.2248451e-02   3.6148238e-01
   1.2278171e-02   3.6573512e-01
   1.2284705e-02   3.6695018e-01
   1.2299731e-02   3.6816525e-01
   1.2343806e-02   3.6877278e-01
   1.2383290e-02   3.7181045e-01
   1.2426077e-02   3.7241798e-01
   1.2429627e-02   3.7363305e-01
   1.2435748e-02   3.7545565e-01
   1.2466755e-02   3.7667072e-01
   1.2470184e-02   3.7727825e-01
   1.2474366e-02   3.7788578e-01
   1.2502300e-02   3.8031592e-01
   1.2515069e-02   3.8153098e-01
   1.2532701e-02   3.8213852e-01
   1.2581048e-02   3.8274605e-01
   1.2616491e-02   3.8335358e-01
   1.2622881e-02   3.8456865e-01
   1.2686671e-02   3.8578372e-01
   1.2725349e-02   3.8821385e-01
   1.2732090e-02   3.9064399e-01
   1.2739480e-02   3.9185905e-01
   1.2766487e-02   3.9368165e-01
   1.2792074e-02   3.9428919e-01
   1.2794825e-02   3.9489672e-01
   1.2818966e-02   3.9550425e-01
   1.2828317e-02   3.9732685e-01
   1.2837664e-02   3.9793439e-01
   1.2870596e-02   3.9914945e-01
   1.2872335e-02   3.9975699e-01
   1.2917618e-02   4.0036452e-01
   1.2972494e-02   4.0157959e-01
   1.3003747e-02   4.0218712e-01
   1.3029005e-02   4.0279465e-01
   1.3039957e-02   4.0340219e-01
   1.3052097e-02   4.0400972e-01
   1.3064087e-02   4.0704739e-01
   1.3085924e-02   4.0765492e-01
   1.3101163e-02   4.0886999e-01
   1.3125974e-02   4.1008505e-01
   1.3146168e-02   4.1069259e-01
   1.3158563e-02   4.1251519e-01
   1.3174053e-02   4.1312272e-01
   1.3213656e-02   4.1373026e-01
   1.3255217e-02   4.1433779e-01
   1.3257857e-02   4.1494532e-01
   1.3299243e-02   4.1555286e-01
   1.3317863e-02   4.1616039e-01
   1.3322138e-02   4.1676792e-01
   1.3327855e-02   4.1919806e-01
   1.3340053e-02   4.1980559e-01
   1.3340137e-02   4.2041312e-01
   1.3352854e-02   4.2223572e-01
   1.3382350e-02   4.2345079e-01
   1.3388577e-02   4.2588092e-01
   1.3409828e-02   4.2648846e-01
   1.3433783e-02   4.2709599e-01
   1.3462528e-02   4.2770352e-01
   1.3467300e-02   4.2831106e-01
   1.3492727e-02   4.3134872e-01
   1.3553384e-02   4.3195626e-01
   1.3562700e-02   4.3317132e-01
   1.3601490e-02   4.3377886e-01
   1.3612488e-02   4.3560146e-01
   1.3622317e-02   4.3620899e-01
   1.3635898e-02   4.3742406e-01
   1.3657989e-02   4.3985419e-01
   1.3687930e-02   4.4046173e-01
   1.3706082e-02   4.4106926e-01
   1.3718690e-02   4.4289186e-01
   1.3737882e-02   4.4471446e-01
   1.3805281e-02   4.4532199e-01
   1.3830526e-02   4.4653706e-01
   1.3837539e-02   4.4775213e-01
   1.3892686e-02   4.4835966e-01
   1.3910496e-02   4.5078979e-01
   1.3916700e-02   4.5200486e-01
   1.3981743e-02   4.5382746e-01
   1.3992380e-02   4.5565006e-01
   1.4010745e-02   4.5686513e-01
   1.4052357e-02   4.5747266e-01
   1.4055198e-02   4.5868773e-01
   1.4073331e-02   4.5929526e-01
   1.4090364e-02   4.5990279e-01
   1.4153215e-02   4.6172539e-01
   1.4171700e-02   4.6354800e-01
   1.4204228e-02   4.6415553e-01
   1.4215679e-02   4.6719320e-01
   1.4251303e-02   4.6901580e-01
   1.4255720e-02   4.7023086e-01
   1.4275288e-02   4.7144593e-01
   1.4298657e-02   4.7205346e-01
   1.4318396e-02   4.7509113e-01
   1.4420805e-02   4.7569866e-01
   1.4503178e-02   4.7630620e-01
   1.4503232e-02   4.7691373e-01
   1.4505957e-02   4.7752126e-01
   1.4512423e-02   4.7812880e-01
   1.4516698e-02   4.7995140e-01
   1.4527009e-02   4.8116646e-01
   1.4527423e-02   4.8238153e-01
   1.4575519e-02   4.8420413e-01
   1.4638126e-02   4.8481166e-01
   1.4648211e-02   4.8541920e-01
   1.4792975e-02   4.8602673e-01
   1.4796142e-02   4.8663426e-01
   1.4807028e-02   4.8845687e-01
   1.4845205e-02   4.9210207e-01
   1.4863165e-02   4.9331713e-01
   1.4863932e-02   4.9392467e-01
   1.4989071e-02   4.9513973e-01
   1.5094096e-02   4.9574727e-01
   1.5095578e-02   4.9635480e-01
   1.5115484e-02   4.9696233e-01
   1.5120792e-02   4.9817740e-01
   1.5167119e-02   4.9878493e-01
   1.5168591e-02   4.9939247e-01
   1.5169306e-02   5.0243013e-01
   1.5213885e-02   5.0364520e-01
   1.5228473e-02   5.0546780e-01
   1.5240826e-02   5.0607533e-01
   1.5335030e-02   5.0668287e-01
   1.5363236e-02   5.0729040e-01
   1.5375346e-02   5.0789793e-01
   1.5387664e-02   5.0972053e-01
   1.5396802e-02   5.1032807e-01
   1.5405732e-02   5.1093560e-01
   1.5428269e-02   5.1215067e-01
   1.5439108e-02   5.1336574e-01
   1.5451504e-02   5.1458080e-01
   1.5483115e-02   5.1579587e-01
   1.5498940e-02   5.1701094e-01
   1.5581196e-02   5.1761847e-01
   1.5589747e-02   5.1944107e-01
   1.5623473e-02   5.2004860e-01
   1.5685523e-02   5.2187120e-01
   1.5688413e-02   5.2430134e-01
   1.5703984e-02   5.2551640e-01
   1.5714583e-02   5.2612394e-01
   1.5745758e-02   5.2794654e-01
   1.5748500e-02   5.2855407e-01
   1.5779343e-02   5.2976914e-01
   1.5809137e-02   5.3037667e-01
   1.5811484e-02   5.3098420e-01
   1.5833762e-02   5.3219927e-01
   1.5894470e-02   5.3280680e-01
   1.5986356e-02   5.3341434e-01
   1.5995438e-02   5.3462940e-01
   1.6001405e-02   5.3523694e-01
   1.6016009e-02   5.3705954e-01
   1.6033010e-02   5.3766707e-01
   1.6040252e-02   5.3827461e-01
   1.6066452e-02   5.3948967e-01
   1.6092428e-02   5.4009721e-01
   1.6125502e-02   5.4070474e-01
   1.6173450e-02   5.4131227e-01
   1.6174580e-02   5.4191981e-01
   1.6232185e-02   5.4252734e-01
   1.6278294e-02   5.4313487e-01
   1.6281394e-02   5.4374241e-01
   1.6292974e-02   5.4617254e-01
   1.6308382e-02   5.4678007e-01
   1.6330057e-02   5.4738761e-01
   1.6331397e-02   5.4799514e-01
   1.6346819e-02   5.4860267e-01
   1.6356904e-02   5.4921021e-01
   1.6390750e-02   5.4981774e-01
   1.6426768e-02   5.5042527e-01
   1.6432710e-02   5.5103281e-01
   1.6482068e-02   5.5164034e-01
   1.6541873e-02   5.5224787e-01
   1.6572188e-02   5.5346294e-01
   1.6577308e-02   5.5467801e-01
   1.6588945e-02   5.5528554e-01
   1.6603102e-02   5.5589307e-01
   1.6626912e-02   5.5710814e-01
   1.6637430e-02   5.5832321e-01
   1.6765822e-02   5.5893074e-01
   1.6807077e-02   5.5953827e-01
   1.6836858e-02   5.6014581e-01
   1.6865603e-02   5.6075334e-01
   1.6868161e-02   5.6318348e-01
   1.6912472e-02   5.6379101e-01
   1.6916109e-02   5.6561361e-01
   1.6917116e-02   5.6743621e-01
   1.6973214e-02   5.6804374e-01
   1.6988130e-02   5.6865128e-01
   1.6998505e-02   5.6925881e-01
   1.7019837e-02   5.6986634e-01
   1.7049337e-02   5.7108141e-01
   1.7083577e-02   5.7168894e-01
   1.7108675e-02   5.7229648e-01
   1.7126539e-02   5.7351154e-01
   1.7165202e-02   5.7533414e-01
   1.7179498e-02   5.7594168e-01
   1.7191129e-02   5.7654921e-01
   1.7218162e-02   5.7715674e-01
   1.7220815e-02   5.7776428e-01
   1.7279489e-02   5.7958688e-01
   1.7357674e-02   5.8140948e-01
   1.7468115e-02   5.8323208e-01
   1.7496002e-02   5.8444714e-01
   1.7503845e-02   5.8566221e-01
   1.7555967e-02   5.8626974e-01
   1.7574505e-02   5.8748481e-01
   1.7610254e-02   5.8809235e-01
   1.7628412e-02   5.8869988e-01
   1.7661083e-02   5.8930741e-01
   1.7662750e-02   5.9052248e-01
   1.7700434e-02   5.9113001e-01
   1.7757731e-02   5.9173755e-01
   1.7758714e-02   5.9234508e-01
   1.7776600e-02   5.9295261e-01
   1.7779547e-02   5.9356015e-01
   1.7814717e-02   5.9477521e-01
   1.7848048e-02   5.9538275e-01
   1.7880418e-02   5.9659781e-01
   1.7950245e-02   5.9781288e-01
   1.8051671e-02   5.9902795e-01
   1.8061606e-02   5.9963548e-01
   1.8079544e-02   6.0024301e-01
   1.8090372e-02   6.0145808e-01
   1.8091043e-02   6.0267315e-01
   1.8109220e-02   6.0328068e-01
   1.8207981e-02   6.0388821e-01
   1.8275754e-02   6.0449575e-01
   1.8292332e-02   6.0510328e-01
   1.8297657e-02   6.0571081e-01
   1.8349727e-02   6.0631835e-01
   1.8350349e-02   6.0692588e-01
   1.8370181e-02   6.0753341e-01
   1.8397914e-02   6.0814095e-01
   1.8401426e-02   6.0874848e-01
   1.8408573e-02   6.1117861e-01
   1.8423199e-02   6.1178615e-01
   1.8442285e-02   6.1239368e-01
   1.8450279e-02   6.1300122e-01
   1.8462847e-02   6.1360875e-01
   1.8467823e-02   6.1421628e-01
   1.8616017e-02   6.1482382e-01
   1.8621408e-02   6.1543135e-01
   1.8654473e-02   6.1603888e-01
   1.8667879e-02   6.1664642e-01
   1.8683617e-02   6.1846902e-01
   1.8724434e-02   6.1907655e-01
   1.8732114e-02   6.2089915e-01
   1.8745807e-02   6.2150668e-01
   1.8758988e-02   6.2211422e-01
   1.8798745e-02   6.2272175e-01
   1.8823162e-02   6.2332928e-01
   1.8828196e-02   6.2393682e-01
   1.8871794e-02   6.2454435e-01
   1.8940921e-02   6.2515188e-01
   1.8943047e-02   6.2818955e-01
   1.8957410e-02   6.2940462e-01
   1.8963211e-02   6.3001215e-01
   1.8988166e-02   6.3061968e-01
   1.9002476e-02   6.3183475e-01
   1.9032756e-02   6.3244228e-01
   1.9060174e-02   6.3487242e-01
   1.9067204e-02   6.3547995e-01
   1.9117811e-02   6.3669502e-01
   1.9135635e-02   6.3912515e-01
   1.9207742e-02   6.3973269e-01
   1.9229670e-02   6.4034022e-01
   1.9235710e-02   6.4155529e-01
   1.9247156e-02   6.4337789e-01
   1.9248480e-02   6.4459295e-01
   1.9266671e-02   6.4520049e-01
   1.9277445e-02   6.4580802e-01
   1.9382808e-02   6.4641555e-01
   1.9392523e-02   6.4702309e-01
   1.9403926e-02   6.4763062e-01
   1.9535264e-02   6.4823815e-01
   1.9546202e-02   6.4884569e-01
   1.9578145e-02   6.4945322e-01
   1.9578639e-02   6.5006075e-01
   1.9629766e-02   6.5066829e-01
   1.9697512e-02   6.5127582e-01
   1.9728945e-02   6.5249089e-01
   1.9783835e-02   6.5309842e-01
   1.9855029e-02   6.5370595e-01
   1.9919783e-02   6.5431349e-01
   1.9952957e-02   6.5492102e-01
   2.0028176e-02   6.5552855e-01
   2.0057352e-02   6.5613609e-01
   2.0069234e-02   6.5795869e-01
   2.0120651e-02   6.5856622e-01
   2.0123249e-02   6.6038882e-01
   2.0136440e-02   6.6099635e-01
   2.0144848e-02   6.6221142e-01
   2.0150464e-02   6.6281896e-01
   2.0168673e-02   6.6342649e-01
   2.0190280e-02   6.6403402e-01
   2.0214138e-02   6.6464156e-01
   2.0230146e-02   6.6585662e-01
   2.0235008e-02   6.6646416e-01
   2.0247446e-02   6.6767922e-01
   2.0278983e-02   6.6828676e-01
   2.0286131e-02   6.6889429e-01
   2.0321814e-02   6.6950182e-01
   2.0342627e-02   6.7071689e-01
   2.0365584e-02   6.7132442e-01
   2.0412565e-02   6.7253949e-01
   2.0419640e-02   6.7314702e-01
   2.0422787e-02   6.7375456e-01
   2.0433761e-02   6.7557716e-01
   2.0443707e-02   6.7618469e-01
   2.0520252e-02   6.7739976e-01
   2.0536018e-02   6.7861482e-01
   2.0536719e-02   6.7982989e-01
   2.0607708e-02   6.8104496e-01
   2.0644953e-02   6.8226002e-01
   2.0720999e-02   6.8286756e-01
   2.0725809e-02   6.8347509e-01
   2.0754227e-02   6.8408262e-01
   2.0760014e-02   6.8469016e-01
   2.0784183e-02   6.8651276e-01
   2.0785882e-02   6.8712029e-01
   2.0875050e-02   6.8772783e-01
   2.0918617e-02   6.8833536e-01
   2.0919758e-02   6.8894289e-01
   2.0939005e-02   6.8955043e-01
   2.1004289e-02   6.9076549e-01
   2.1012018e-02   6.9198056e-01
   2.1032164e-02   6.9319563e-01
   2.1067856e-02   6.9441069e-01
   2.1154267e-02   6.9501823e-01
   2.1171921e-02   6.9562576e-01
   2.1188035e-02   6.9623329e-01
   2.1271928e-02   6.9684083e-01
   2.1272756e-02   6.9744836e-01
   2.1306661e-02   6.9805589e-01
   2.1313953e-02   6.9987849e-01
   2.1315921e-02   7.0048603e-01
   2.1384458e-02   7.0170109e-01
   2.1414431e-02   7.0230863e-01
   2.1434173e-02   7.0352369e-01
   2.1507107e-02   7.0413123e-01
   2.1517923e-02   7.0534629e-01
   2.1552501e-02   7.0595383e-01
   2.1596132e-02   7.0656136e-01
   2.1621404e-02   7.0716889e-01
   2.1654308e-02   7.0838396e-01
   2.1850242e-02   7.0899149e-01
   2.1898546e-02   7.0959903e-01
   2.1901821e-02   7.1020656e-01
   2.1906237e-02   7.1081409e-01
   2.1942230e-02   7.1142163e-01
   2.2026066e-02   7.1202916e-01
   2.2027858e-02   7.1263670e-01
   2.2075820e-02   7.1324423e-01
   2.2181424e-02   7.1385176e-01
   2.2196012e-02   7.1506683e-01
   2.2210892e-02   7.1567436e-01
   2.2241626e-02   7.1628190e-01
   2.2288148e-02   7.1688943e-01
   2.2294568e-02   7.1749696e-01
   2.2323339e-02   7.1810450e-01
   2.2410210e-02   7.1871203e-01
   2.2490537e-02   7.1931956e-01
   2.2500012e-02   7.1992710e-01
   2.2521738e-02   7.2235723e-01
   2.2524573e-02   7.2296476e-01
   2.2533559e-02   7.2357230e-01
   2.2556110e-02   7.2417983e-01
   2.2590291e-02   7.2478736e-01
   2.2600097e-02   7.2539490e-01
   2.2609148e-02   7.2600243e-01
   2.2621554e-02   7.2660996e-01
   2.2682677e-02   7.2782503e-01
   2.2730226e-02   7.2843256e-01
   2.2780141e-02   7.2904010e-01
   2.2787381e-02   7.2964763e-01
   2.2789628e-02   7.3025516e-01
   2.2806779e-02   7.3086270e-01
   2.2860715e-02   7.3147023e-01
   2.2873350e-02   7.3329283e-01
   2.2882155e-02   7.3450790e-01
   2.2891551e-02   7.3511543e-01
   2.2909033e-02   7.3633050e-01
   2.2932716e-02   7.3693803e-01
   2.2952195e-02   7.3754557e-01
   2.2999058e-02   7.3815310e-01
   2.3082626e-02   7.3876063e-01
   2.3092548e-02   7.3997570e-01
   2.3097289e-02   7.4058323e-01
   2.3130624e-02   7.4119077e-01
   2.3142780e-02   7.4179830e-01
   2.3182401e-02   7.4240583e-01
   2.3193232e-02   7.4301337e-01
   2.3215261e-02   7.4362090e-01
   2.3258745e-02   7.4422843e-01
   2.3275928e-02   7.4483597e-01
   2.3357045e-02   7.4544350e-01
   2.3381751e-02   7.4605103e-01
   2.3417258e-02   7.4726610e-01
   2.3433768e-02   7.4848117e-01
   2.3482276e-02   7.4908870e-01
   2.3545668e-02   7.4969623e-01
   2.3588159e-02   7.5030377e-01
   2.3623826e-02   7.5091130e-01
   2.3685684e-02   7.5151883e-01
   2.3729810e-02   7.5273390e-01
   2.3759389e-02   7.5334143e-01
   2.3823828e-02   7.5394897e-01
   2.3840498e-02   7.5455650e-01
   2.3944651e-02   7.5516403e-01
   2.3974486e-02   7.5637910e-01
   2.3993720e-02   7.5698663e-01
   2.4005524e-02   7.5759417e-01
   2.4009947e-02   7.5820170e-01
   2.4013999e-02   7.5880923e-01
   2.4018018e-02   7.5941677e-01
   2.4045033e-02   7.6002430e-01
   2.4176845e-02   7.6123937e-01
   2.4250599e-02   7.6184690e-01
   2.4266523e-02   7.6245443e-01
   2.4278858e-02   7.6366950e-01
   2.4285965e-02   7.6488457e-01
   2.4372871e-02   7.6549210e-01
   2.4392330e-02   7.6609964e-01
   2.4422836e-02   7.6670717e-01
   2.4568078e-02   7.6731470e-01
   2.4587222e-02   7.6792224e-01
   2.4594061e-02   7.6852977e-01
   2.4654379e-02   7.6913730e-01
   2.4768688e-02   7.6974484e-01
   2.4789299e-02   7.7035237e-01
   2.4804445e-02   7.7095990e-01
   2.4859849e-02   7.7156744e-01
   2.4872066e-02   7.7217497e-01
   2.4875017e-02   7.7278250e-01
   2.4899430e-02   7.7339004e-01
   2.4904847e-02   7.7399757e-01
   2.4996437e-02   7.7460510e-01
   2.5031245e-02   7.7521264e-01
   2.5049219e-02   7.7582017e-01
   2.5077108e-02   7.7642770e-01
   2.5142599e-02   7.7703524e-01
   2.5148607e-02   7.7764277e-01
   2.5215340e-02   7.7825030e-01
   2.5356158e-02   7.7885784e-01
   2.5374027e-02   7.7946537e-01
   2.5398137e-02   7.8007290e-01
   2.5526483e-02   7.8068044e-01
   2.5534813e-02   7.8128797e-01
   2.5589107e-02   7.8189550e-01
   2.5590179e-02   7.8250304e-01
   2.5657749e-02   7.8311057e-01
   2.5658562e-02   7.8371810e-01
   2.5739915e-02   7.8432564e-01
   2.5741068e-02   7.8493317e-01
   2.5745433e-02   7.8554070e-01
   2.5840593e-02   7.8614824e-01
   2.5908445e-02   7.8675577e-01
   2.5912958e-02   7.8736330e-01
   2.5919149e-02   7.8797084e-01
   2.5919574e-02   7.8857837e-01
   2.6054747e-02   7.8918591e-01
   2.6083358e-02   7.8979344e-01
   2.6119799e-02   7.9040097e-01
   2.6183327e-02   7.9100851e-01
   2.6203435e-02   7.9161604e-01
   2.6238983e-02   7.9222357e-01
   2.6342330e-02   7.9283111e-01
   2.6345952e-02   7.9343864e-01
   2.6587566e-02   7.9465371e-01
   2.6636306e-02   7.9586877e-01
   2.6669013e-02   7.9647631e-01
   2.6675433e-02   7.9708384e-01
   2.6683387e-02   7.9769137e-01
   2.6706334e-02   7.9829891e-01
   2.6748736e-02   7.9890644e-01
   2.6756789e-02   7.9951397e-01
   2.6829818e-02   8.0012151e-01
   2.6865248e-02   8.0072904e-01
   2.6889686e-02   8.0133657e-01
   2.6908706e-02   8.0194411e-01
   2.6925220e-02   8.0255164e-01
   2.6933247e-02   8.0315917e-01
   2.7064290e-02   8.0376671e-01
   2.7117015e-02   8.0437424e-01
   2.7242536e-02   8.0498177e-01
   2.7267588e-02   8.0558931e-01
   2.7293188e-02   8.0619684e-01
   2.7438508e-02   8.0680437e-01
   2.7476877e-02   8.0741191e-01
   2.7478677e-02   8.0801944e-01
   2.7518824e-02   8.0862697e-01
   2.7521716e-02   8.0923451e-01
   2.7554420e-02   8.0984204e-01
   2.7567856e-02   8.1044957e-01
   2.7637841e-02   8.1105711e-01
   2.7655994e-02   8.1166464e-01
   2.7837987e-02   8.1227217e-01
   2.7964614e-02   8.1287971e-01
   2.8124452e-02   8.1348724e-01
   2.8148018e-02   8.1409478e-01
   2.8191341e-02   8.1470231e-01
   2.8202821e-02   8.1530984e-01
   2.8220547e-02   8.1591738e-01
   2.8232595e-02   8.1713244e-01
   2.8258544e-02   8.1773998e-01
   2.8413728e-02   8.1834751e-01
   2.8451491e-02   8.1895504e-01
   2.8452010e-02   8.1956258e-01
   2.8551026e-02   8.2017011e-01
   2.8558388e-02   8.2138518e-01
   2.8568654e-02   8.2199271e-01
   2.8625261e-02   8.2260024e-01
   2.8741628e-02   8.2381531e-01
   2.8777951e-02   8.2442284e-01
   2.8779815e-02   8.2503038e-01
   2.8781738e-02   8.2563791e-01
   2.8848139e-02   8.2624544e-01
   2.8887113e-02   8.2685298e-01
   2.8892735e-02   8.2746051e-01
   2.9006955e-02   8.2806804e-01
   2.9012380e-02   8.2867558e-01
   2.9025146e-02   8.2928311e-01
   2.9057389e-02   8.2989064e-01
   2.9097639e-02   8.3110571e-01
   2.9152168e-02   8.3171324e-01
   2.9276691e-02   8.3292831e-01
   2.9309623e-02   8.3353584e-01
   2.9368507e-02   8.3414338e-01
   2.9368664e-02   8.3475091e-01
   2.9386619e-02   8.3596598e-01
   2.9489423e-02   8.3657351e-01
   2.9585678e-02   8.3718104e-01
   2.9592328e-02   8.3778858e-01
   2.9615211e-02   8.3839611e-01
   2.9643824e-02   8.3900365e-01
   2.9691541e-02   8.3961118e-01
   2.9726785e-02   8.4021871e-01
   2.9731848e-02   8.4082625e-01
   2.9757081e-02   8.4143378e-01
   2.9889279e-02   8.4204131e-01
   2.9890548e-02   8.4264885e-01
   2.9903825e-02   8.4325638e-01
   2.9946115e-02   8.4386391e-01
   2.9955865e-02   8.4447145e-01
   2.9965693e-02   8.4507898e-01
   3.0001442e-02   8.4568651e-01
   3.0191626e-02   8.4629405e-01
   3.0192142e-02   8.4690158e-01
   3.0211602e-02   8.4750911e-01
   3.0228768e-02   8.4811665e-01
   3.0242714e-02   8.4872418e-01
   3.0323417e-02   8.4933171e-01
   3.0482158e-02   8.4993925e-01
   3.0522526e-02   8.5054678e-01
   3.0536778e-02   8.5115431e-01
   3.0667431e-02   8.5176185e-01
   3.0738728e-02   8.5236938e-01
   3.0744436e-02   8.5297691e-01
   3.0776458e-02   8.5358445e-01
   3.0805053e-02   8.5419198e-01
   3.0813110e-02   8.5479951e-01
   3.0821307e-02   8.5540705e-01
   3.0907082e-02   8.5601458e-01
   3.1004549e-02   8.5662211e-01
   3.1075077e-02   8.5722965e-01
   3.1352144e-02   8.5783718e-01
   3.1366261e-02   8.5844471e-01
   3.1526733e-02   8.5905225e-01
   3.1617623e-02   8.5965978e-01
   3.1668032e-02   8.6087485e-01
   3.1686481e-02   8.6148238e-01
   3.1746732e-02   8.6208991e-01
   3.1970365e-02   8.6269745e-01
   3.2030894e-02   8.6330498e-01
   3.2066562e-02   8.6391252e-01
   3.2252096e-02   8.6452005e-01
   3.2260405e-02   8.6512758e-01
   3.2306611e-02   8.6573512e-01
   3.2443782e-02   8.6634265e-01
   3.2714339e-02   8.6695018e-01
   3.2823096e-02   8.6755772e-01
   3.2853429e-02   8.6816525e-01
   3.2856143e-02   8.6877278e-01
   3.3015651e-02   8.6938032e-01
   3.3038301e-02   8.6998785e-01
   3.3040294e-02   8.7059538e-01
   3.3141772e-02   8.7120292e-01
   3.3254367e-02   8.7241798e-01
   3.3445135e-02   8.7302552e-01
   3.3493857e-02   8.7363305e-01
   3.3536599e-02   8.7424058e-01
   3.3609365e-02   8.7484812e-01
   3.3771981e-02   8.7606318e-01
   3.3888878e-02   8.7667072e-01
   3.3973498e-02   8.7727825e-01
   3.4037731e-02   8.7788578e-01
   3.4038495e-02   8.7849332e-01
   3.4084003e-02   8.7910085e-01
   3.4121659e-02   8.7970838e-01
   3.4123970e-02   8.8031592e-01
   3.4270520e-02   8.8092345e-01
   3.4313608e-02   8.8153098e-01
   3.4437440e-02   8.8213852e-01
   3.4441583e-02   8.8274605e-01
   3.4528359e-02   8.8335358e-01
   3.4674089e-02   8.8396112e-01
   3.4695048e-02   8.8456865e-01
   3.4715539e-02   8.8517618e-01
   3.4756400e-02   8.8578372e-01
   3.4838648e-02   8.8639125e-01
   3.5035486e-02   8.8699878e-01
   3.5046708e-02   8.8760632e-01
   3.5357934e-02   8.8821385e-01
   3.5506006e-02   8.8882139e-01
   3.5532698e-02   8.8942892e-01
   3.5552069e-02   8.9003645e-01
   3.5703846e-02   8.9064399e-01
   3.5736076e-02   8.9125152e-01
   3.6049219e-02   8.9185905e-01
   3.6106927e-02   8.9246659e-01
   3.6338676e-02   8.9307412e-01
   3.6339616e-02   8.9368165e-01
   3.6412172e-02   8.9428919e-01
   3.6497182e-02   8.9489672e-01
   3.6714600e-02   8.9611179e-01
   3.6802170e-02   8.9671932e-01
   3.6834386e-02   8.9732685e-01
   3.6921915e-02   8.9793439e-01
   3.7004770e-02   8.9854192e-01
   3.7013742e-02   8.9914945e-01
   3.7066233e-02   8.9975699e-01
   3.7332826e-02   9.0036452e-01
   3.7582443e-02   9.0097205e-01
   3.7655872e-02   9.0157959e-01
   3.8093423e-02   9.0218712e-01
   3.8132166e-02   9.0279465e-01
   3.8459826e-02   9.0340219e-01
   3.8655319e-02   9.0400972e-01
   3.8810951e-02   9.0461725e-01
   3.8975749e-02   9.0522479e-01
   3.9044606e-02   9.0583232e-01
   3.9119966e-02   9.0643985e-01
   3.9522799e-02   9.0704739e-01
   3.9523576e-02   9.0765492e-01
   3.9580199e-02   9.0826245e-01
   3.9648218e-02   9.0886999e-01
   3.9648721e-02   9.0947752e-01
   3.9680877e-02   9.1008505e-01
   3.9747741e-02   9.1069259e-01
   3.9880463e-02   9.1130012e-01
   3.9976793e-02   9.1190765e-01
   3.9992705e-02   9.1251519e-01
   4.0110423e-02   9.1312272e-01
   4.0231248e-02   9.1373026e-01
   4.0607761e-02   9.1433779e-01
   4.0861585e-02   9.1494532e-01
   4.0886287e-02   9.1555286e-01
   4.1073829e-02   9.1616039e-01
   4.1205821e-02   9.1676792e-01
   4.1279636e-02   9.1737546e-01
   4.1548561e-02   9.1798299e-01
   4.1678489e-02   9.1859052e-01
   4.1885835e-02   9.1919806e-01
   4.1889489e-02   9.1980559e-01
   4.2008719e-02   9.2041312e-01
   4.2034365e-02   9.2102066e-01
   4.2053662e-02   9.2162819e-01
   4.2270012e-02   9.2223572e-01
   4.2629165e-02   9.2284326e-01
   4.2956491e-02   9.2345079e-01
   4.3145073e-02   9.2405832e-01
   4.3222109e-02   9.2466586e-01
   4.3700483e-02   9.2527339e-01
   4.4624940e-02   9.2588092e-01
   4.4799920e-02   9.2648846e-01
   4.5173149e-02   9.2709599e-01
   4.5201292e-02   9.2770352e-01
   4.5283398e-02   9.2831106e-01
   4.5288223e-02   9.2891859e-01
   4.5429278e-02   9.2952612e-01
   4.5574169e-02   9.3013366e-01
   4.5592904e-02   9.3074119e-01
   4.6448701e-02   9.3134872e-01
   4.6540318e-02   9.3195626e-01
   4.6551085e-02   9.3256379e-01
   4.6756865e-02   9.3317132e-01
   4.6804036e-02   9.3377886e-01
   4.7111238e-02   9.3438639e-01
   4.7112671e-02   9.3499392e-01
   4.7174724e-02   9.3560146e-01
   4.7185387e-02   9.3620899e-01
   4.7355995e-02   9.3681652e-01
   4.7946949e-02   9.3742406e-01
   4.8084585e-02   9.3803159e-01
   4.8557716e-02   9.3863913e-01
   4.8952829e-02   9.3924666e-01
   4.9776337e-02   9.3985419e-01
   4.9783654e-02   9.4046173e-01
   4.9852216e-02   9.4106926e-01
   4.9868415e-02   9.4167679e-01
   4.9898553e-02   9.4289186e-01
   4.9900111e-02   9.4349939e-01
   5.0320243e-02   9.4410693e-01
   5.0365185e-02   9.4471446e-01
   5.0475135e-02   9.4532199e-01
   5.0586013e-02   9.4592953e-01
   5.1490867e-02   9.4653706e-01
   5.1924514e-02   9.4714459e-01
   5.2021103e-02   9.4775213e-01
   5.3444647e-02   9.4835966e-01
   5.3611830e-02   9.4896719e-01
   5.3821101e-02   9.4957473e-01
   5.4451135e-02   9.5018226e-01
   5.4492141e-02   9.5078979e-01
   5.4799843e-02   9.5139733e-01
   5.4822699e-02   9.5200486e-01
   5.4847635e-02   9.5261239e-01
   5.5258118e-02   9.5321993e-01
   5.5399775e-02   9.5382746e-01
   5.6024182e-02   9.5443499e-01
   5.6483871e-02   9.5504253e-01
   5.7079080e-02   9.5565006e-01
   5.7161944e-02   9.5625759e-01
   5.7460894e-02   9.5686513e-01
   5.7833059e-02   9.5747266e-01
   5.7859764e-02   9.5808019e-01
   5.8304671e-02   9.5868773e-01
   5.9874431e-02   9.5929526e-01
   6.0103172e-02   9.5990279e-01
   6.0858089e-02   9.6051033e-01
   6.1584155e-02   9.6111786e-01
   6.1610817e-02   9.6172539e-01
   6.2574169e-02   9.6233293e-01
   6.2975546e-02   9.6294046e-01
   6.3183759e-02   9.6354800e-01
   6.3518076e-02   9.6415553e-01
   6.4397560e-02   9.6476306e-01
   6.4632493e-02   9.6537060e-01
   6.4825864e-02   9.6597813e-01
   6.5056597e-02   9.6658566e-01
   6.5480314e-02   9.6719320e-01
   6.5633992e-02   9.6780073e-01
   6.5819705e-02   9.6840826e-01
   6.6677343e-02   9.6901580e-01
   6.6880413e-02   9.6962333e-01
   6.7423907e-02   9.7023086e-01
   6.7492003e-02   9.7083840e-01
   6.7946769e-02   9.7144593e-01
   6.8906765e-02   9.7205346e-01
   6.9052905e-02   9.7266100e-01
   6.9607251e-02   9.7326853e-01
   6.9773502e-02   9.7387606e-01
   7.1672793e-02   9.7448360e-01
   7.2828226e-02   9.7509113e-01
   7.5105798e-02   9.7569866e-01
   7.6239650e-02   9.7630620e-01
   8.1388377e-02   9.7691373e-01
   8.2082513e-02   9.7752126e-01
   8.2295937e-02   9.7812880e-01
   8.2808971e-02   9.7873633e-01
   8.4221141e-02   9.7934386e-01
   8.6202739e-02   9.7995140e-01
   8.6758849e-02   9.8055893e-01
   8.7019806e-02   9.8116646e-01
   8.8701469e-02   9.8177400e-01
   9.1145149e-02   9.8238153e-01
   9.2200985e-02   9.8298906e-01
   9.4280633e-02   9.8359660e-01
   9.8861599e-02   9.8420413e-01
   9.9858528e-02   9.8481166e-01
   1.0069637e-01   9.8541920e-01
   1.0096531e-01   9.8602673e-01
   1.0149600e-01   9.8663426e-01
   1.0151260e-01   9.8724180e-01
   1.0236006e-01   9.8784933e-01
   1.0248692e-01   9.8845687e-01
   1.0329553e-01   9.8906440e-01
   1.0380757e-01   9.8967193e-01
   1.0446875e-01   9.9027947e-01
   1.0479262e-01   9.9088700e-01
   1.0818796e-01   9.9149453e-01
   1.0859084e-01   9.9210207e-01
   1.1595079e-01   9.9270960e-01
   1.1872282e-01   9.9331713e-01
   1.1995279e-01   9.9392467e-01
   1.2037274e-01   9.9453220e-01
   1.2766642e-01   9.9513973e-01
   1.2873724e-01   9.9574727e-01
   1.3850363e-01   9.9635480e-01
   1.4356979e-01   9.9696233e-01
   1.5352191e-01   9.9756987e-01
   1.5701201e-01   9.9817740e-01
   1.6421711e-01   9.9878493e-01
   1.8327391e-01   9.9939247e-01
   2.2908041e-01   1.0000000e+00
