   2.4240000e-03   0.0000000e+00
   2.4240000e-03   1.8903592e-03
   3.0304000e-03   3.7807183e-03
   3.6360000e-03   5.6710775e-03
   3.9392000e-03   9.4517958e-03
   4.2424000e-03   1.3232514e-02
   4.5456000e-03   2.0793951e-02
   4.8488000e-03   3.2136106e-02
   5.1512000e-03   4.7258979e-02
   5.4544000e-03   5.4820416e-02
   5.7576000e-03   6.4272212e-02
   6.0608000e-03   7.7504726e-02
   6.3640000e-03   9.4517958e-02
   6.6664000e-03   1.0586011e-01
   6.9696000e-03   1.2287335e-01
   7.2728000e-03   1.4366730e-01
   7.5760000e-03   1.9281664e-01
   7.8784000e-03   2.1172023e-01
   8.1816000e-03   2.4007561e-01
   8.4848000e-03   2.5141777e-01
   8.7880000e-03   2.7977316e-01
   9.0912000e-03   2.8922495e-01
   9.3936000e-03   3.1190926e-01
   9.6968000e-03   3.1379962e-01
   1.0000000e-02   3.5349716e-01
   1.0303200e-02   3.6294896e-01
   1.0606400e-02   3.8752363e-01
   1.0908800e-02   3.9130435e-01
   1.1212000e-02   4.0831758e-01
   1.1515200e-02   4.1587902e-01
   1.1818400e-02   4.2911153e-01
   1.2121600e-02   4.4234405e-01
   1.2424000e-02   4.6124764e-01
   1.2727200e-02   4.7448015e-01
   1.3030400e-02   4.8771267e-01
   1.3333600e-02   4.9716446e-01
   1.3636800e-02   5.1039698e-01
   1.3939200e-02   5.2173913e-01
   1.4242400e-02   5.2930057e-01
   1.4545600e-02   5.3497164e-01
   1.4848800e-02   5.4631380e-01
   1.5151200e-02   5.6143667e-01
   1.5454400e-02   5.6899811e-01
   1.5757600e-02   5.7655955e-01
   1.6060800e-02   5.8601134e-01
   1.6364000e-02   6.0680529e-01
   1.6666400e-02   6.1814745e-01
   1.6969600e-02   6.3327032e-01
   1.7272800e-02   6.3516068e-01
   1.7576000e-02   6.4272212e-01
   1.7879200e-02   6.4461248e-01
   1.8181600e-02   6.5028355e-01
   1.8484800e-02   6.5406427e-01
   1.8788000e-02   6.7296786e-01
   1.9091200e-02   6.7863894e-01
   1.9393600e-02   6.8620038e-01
   1.9696800e-02   6.8809074e-01
   2.0000000e-02   6.9187146e-01
   2.0606400e-02   7.0132325e-01
   2.0908800e-02   7.0699433e-01
   2.1212000e-02   7.1077505e-01
   2.1515200e-02   7.1833648e-01
   2.1818400e-02   7.2400756e-01
   2.2120800e-02   7.2967864e-01
   2.2424000e-02   7.3345936e-01
   2.2727200e-02   7.3724008e-01
   2.3030400e-02   7.4669187e-01
   2.3333600e-02   7.5047259e-01
   2.3636000e-02   7.5614367e-01
   2.3939200e-02   7.5992439e-01
   2.4545600e-02   7.6370510e-01
   2.4848800e-02   7.6559546e-01
   2.5151200e-02   7.7315690e-01
   2.5454400e-02   7.7693762e-01
   2.5757600e-02   7.8260870e-01
   2.6060800e-02   7.9395085e-01
   2.6363200e-02   7.9773157e-01
   2.6666400e-02   8.0340265e-01
   2.6969600e-02   8.0718336e-01
   2.7272800e-02   8.1096408e-01
   2.7576000e-02   8.1852552e-01
   2.7878400e-02   8.2041588e-01
   2.8181600e-02   8.2608696e-01
   2.8788000e-02   8.3553875e-01
   2.9091200e-02   8.3742911e-01
   2.9393600e-02   8.3931947e-01
   3.0000000e-02   8.4120983e-01
   3.0908800e-02   8.4310019e-01
   3.1212000e-02   8.4499055e-01
   3.1818400e-02   8.4877127e-01
   3.2120800e-02   8.5066163e-01
   3.2424000e-02   8.5255198e-01
   3.3030400e-02   8.5444234e-01
   3.3636000e-02   8.5822306e-01
   3.3939200e-02   8.6011342e-01
   3.4242400e-02   8.6200378e-01
   3.4545600e-02   8.6389414e-01
   3.5151200e-02   8.6956522e-01
   3.5454400e-02   8.7145558e-01
   3.5757600e-02   8.7334594e-01
   3.6060800e-02   8.7712665e-01
   3.6364000e-02   8.8657845e-01
   3.6666400e-02   8.9035917e-01
   3.7272800e-02   8.9224953e-01
   3.7576000e-02   8.9603025e-01
   3.7879200e-02   8.9792060e-01
   3.8484800e-02   8.9981096e-01
   3.9091200e-02   9.0170132e-01
   3.9393600e-02   9.0548204e-01
   4.0606400e-02   9.0926276e-01
   4.0908800e-02   9.1115312e-01
   4.1212000e-02   9.1304348e-01
   4.2120800e-02   9.1493384e-01
   4.2424000e-02   9.1682420e-01
   4.3030400e-02   9.2060491e-01
   4.3636000e-02   9.2438563e-01
   4.3939200e-02   9.2627599e-01
   4.5757600e-02   9.2816635e-01
   4.6363200e-02   9.3005671e-01
   4.6969600e-02   9.3383743e-01
   4.8181600e-02   9.3572779e-01
   4.8484800e-02   9.3761815e-01
   4.9393600e-02   9.3950851e-01
   5.0606400e-02   9.4328922e-01
   5.1212000e-02   9.4706994e-01
   5.3636000e-02   9.4896030e-01
   5.4545600e-02   9.5274102e-01
   5.5757600e-02   9.5463138e-01
   5.6060800e-02   9.5652174e-01
   5.7272800e-02   9.5841210e-01
   5.7576000e-02   9.6030246e-01
   5.8181600e-02   9.6219282e-01
   6.0606400e-02   9.6408318e-01
   6.2424000e-02   9.6597353e-01
   6.2727200e-02   9.6786389e-01
   6.6364000e-02   9.6975425e-01
   6.6969600e-02   9.7164461e-01
   6.7576000e-02   9.7353497e-01
   7.1515200e-02   9.7542533e-01
   7.6969600e-02   9.7731569e-01
   7.7879200e-02   9.7920605e-01
   8.0303200e-02   9.8109641e-01
   8.3030400e-02   9.8298677e-01
   8.6364000e-02   9.8487713e-01
   9.5454400e-02   9.8676749e-01
   9.7878400e-02   9.8865784e-01
   9.8181600e-02   9.9054820e-01
   1.0060640e-01   9.9243856e-01
   1.1000000e-01   9.9432892e-01
   1.3696960e-01   9.9621928e-01
   1.4575760e-01   9.9810964e-01
   1.5000000e-01   1.0000000e+00
