   2.5752000e-03   0.0000000e+00
   2.5752000e-03   2.2296544e-03
   3.0040000e-03   7.8037904e-03
   3.4336000e-03   1.4492754e-02
   3.8624000e-03   2.4526198e-02
   4.2920000e-03   4.3478261e-02
   4.7208000e-03   6.2430323e-02
   5.1504000e-03   7.0234114e-02
   5.5792000e-03   9.1415831e-02
   6.0088000e-03   1.1036789e-01
   6.4376000e-03   1.3823857e-01
   6.8672000e-03   1.7837235e-01
   7.2960000e-03   2.0735786e-01
   7.7256000e-03   2.3411371e-01
   8.1544000e-03   2.5975474e-01
   8.5840000e-03   2.8205128e-01
   9.0128000e-03   3.1215162e-01
   9.4424000e-03   3.3890747e-01
   9.8712000e-03   3.6120401e-01
   1.0300000e-02   3.7235229e-01
   1.0729600e-02   3.8907469e-01
   1.1159200e-02   4.0022297e-01
   1.1588000e-02   4.1806020e-01
   1.2017600e-02   4.3255295e-01
   1.2446400e-02   4.4816054e-01
   1.2875200e-02   4.5596433e-01
   1.3304800e-02   4.6376812e-01
   1.3733600e-02   4.8717949e-01
   1.4163200e-02   4.9944259e-01
   1.4592000e-02   5.0501672e-01
   1.5021600e-02   5.2619844e-01
   1.5450400e-02   5.3177258e-01
   1.5880000e-02   5.4069119e-01
   1.6308800e-02   5.5406912e-01
   1.6738400e-02   5.6075808e-01
   1.7167200e-02   5.6967670e-01
   1.7596800e-02   5.8193980e-01
   1.8025600e-02   5.9643255e-01
   1.8455200e-02   6.0089186e-01
   1.8884000e-02   6.1315496e-01
   1.9313600e-02   6.2207358e-01
   1.9742400e-02   6.2876254e-01
   2.0172000e-02   6.3433668e-01
   2.0600800e-02   6.3656633e-01
   2.1030400e-02   6.4548495e-01
   2.1459200e-02   6.5886288e-01
   2.1888000e-02   6.6555184e-01
   2.2317600e-02   6.7447046e-01
   2.2747200e-02   6.8004459e-01
   2.3176000e-02   6.9007804e-01
   2.3604800e-02   6.9565217e-01
   2.4034400e-02   7.0234114e-01
   2.4463200e-02   7.0457079e-01
   2.4892800e-02   7.1014493e-01
   2.5321600e-02   7.1348941e-01
   2.5751200e-02   7.1683389e-01
   2.6180000e-02   7.2129320e-01
   2.6609600e-02   7.2352285e-01
   2.7038400e-02   7.2798216e-01
   2.7468000e-02   7.3132664e-01
   2.7896800e-02   7.3467113e-01
   2.8326400e-02   7.3801561e-01
   2.8755200e-02   7.4358974e-01
   2.9184800e-02   7.4804905e-01
   2.9613600e-02   7.4916388e-01
   3.0043200e-02   7.5919732e-01
   3.0472000e-02   7.6142698e-01
   3.0901600e-02   7.6923077e-01
   3.1330400e-02   7.7591973e-01
   3.1760000e-02   7.8037904e-01
   3.2188800e-02   7.8372352e-01
   3.2618400e-02   7.9041249e-01
   3.3047200e-02   7.9598662e-01
   3.3476800e-02   8.0156076e-01
   3.3905600e-02   8.0936455e-01
   3.4334400e-02   8.1716834e-01
   3.4764000e-02   8.2274247e-01
   3.5192800e-02   8.2831661e-01
   3.5622400e-02   8.3612040e-01
   3.6051200e-02   8.3946488e-01
   3.6480800e-02   8.4280936e-01
   3.6909600e-02   8.5061315e-01
   3.7339200e-02   8.5618729e-01
   3.7768000e-02   8.6064660e-01
   3.8197600e-02   8.6510591e-01
   3.8626400e-02   8.6733556e-01
   3.9056000e-02   8.7068004e-01
   3.9484800e-02   8.7179487e-01
   3.9914400e-02   8.7513935e-01
   4.0343200e-02   8.7848384e-01
   4.0772800e-02   8.8071349e-01
   4.1201600e-02   8.8405797e-01
   4.1631200e-02   8.8740245e-01
   4.2060000e-02   8.9074693e-01
   4.3347200e-02   8.9520624e-01
   4.3776800e-02   8.9966555e-01
   4.4206400e-02   9.0078038e-01
   4.4635200e-02   9.0301003e-01
   4.5064000e-02   9.0746934e-01
   4.5493600e-02   9.0969900e-01
   4.5922400e-02   9.1081382e-01
   4.6352000e-02   9.1750279e-01
   4.6780800e-02   9.1861761e-01
   4.7210400e-02   9.2084727e-01
   4.7639200e-02   9.2530658e-01
   4.8068800e-02   9.2642140e-01
   4.8927200e-02   9.3088071e-01
   4.9785600e-02   9.3199554e-01
   5.0214400e-02   9.3422520e-01
   5.0644000e-02   9.3534002e-01
   5.1072800e-02   9.3756968e-01
   5.1502400e-02   9.3868450e-01
   5.1931200e-02   9.3979933e-01
   5.2360800e-02   9.4202899e-01
   5.2789600e-02   9.4425864e-01
   5.3219200e-02   9.4537347e-01
   5.3648000e-02   9.4871795e-01
   5.4077600e-02   9.5094760e-01
   5.4506400e-02   9.5317726e-01
   5.5364800e-02   9.5429208e-01
   5.5793600e-02   9.5540691e-01
   5.6223200e-02   9.5763657e-01
   5.7081600e-02   9.5875139e-01
   5.8368800e-02   9.5986622e-01
   5.8798400e-02   9.6321070e-01
   5.9656800e-02   9.6432553e-01
   6.0085600e-02   9.6767001e-01
   6.1373600e-02   9.6878484e-01
   6.1802400e-02   9.6989967e-01
   6.2660800e-02   9.7101449e-01
   6.3090400e-02   9.7212932e-01
   6.4807200e-02   9.7435897e-01
   6.5236000e-02   9.7547380e-01
   6.5665600e-02   9.7658863e-01
   6.6524000e-02   9.7770346e-01
   6.7811200e-02   9.7881828e-01
   6.8669600e-02   9.8104794e-01
   6.9098400e-02   9.8216276e-01
   6.9956800e-02   9.8439242e-01
   7.1244800e-02   9.8662207e-01
   7.2532000e-02   9.8996656e-01
   7.3820000e-02   9.9108138e-01
   7.4248800e-02   9.9219621e-01
   8.2403200e-02   9.9331104e-01
   8.6695200e-02   9.9442586e-01
   8.7553600e-02   9.9554069e-01
   9.4420800e-02   9.9665552e-01
   9.8283200e-02   9.9777035e-01
   1.0429200e-01   9.9888517e-01
   1.0944240e-01   1.0000000e+00
