   2.5928000e-03   0.0000000e+00
   2.5928000e-03   1.2500000e-02
   3.7040000e-03   1.8750000e-02
   4.0744000e-03   2.5000000e-02
   5.1848000e-03   6.2500000e-02
   5.9256000e-03   9.3750000e-02
   6.6664000e-03   1.3125000e-01
   7.0368000e-03   1.4375000e-01
   7.4072000e-03   1.6250000e-01
   7.7776000e-03   2.0625000e-01
   8.1480000e-03   2.3750000e-01
   8.5184000e-03   2.6875000e-01
   8.8888000e-03   2.8750000e-01
   9.2592000e-03   3.2500000e-01
   9.6296000e-03   3.5000000e-01
   1.0000000e-02   3.6250000e-01
   1.0370400e-02   3.8750000e-01
   1.0740800e-02   4.1875000e-01
   1.1111200e-02   4.4375000e-01
   1.1481600e-02   4.5625000e-01
   1.1852000e-02   4.8125000e-01
   1.2592800e-02   5.0000000e-01
   1.2963200e-02   5.1875000e-01
   1.3333600e-02   5.2500000e-01
   1.3704000e-02   5.3750000e-01
   1.4074400e-02   5.5000000e-01
   1.4444800e-02   5.6875000e-01
   1.4815200e-02   5.9375000e-01
   1.5184800e-02   6.1250000e-01
   1.5925600e-02   6.3750000e-01
   1.7036800e-02   6.5000000e-01
   1.7777600e-02   6.5625000e-01
   1.8148000e-02   6.6875000e-01
   1.8518400e-02   6.8125000e-01
   1.8888800e-02   6.8750000e-01
   1.9629600e-02   6.9375000e-01
   2.0000000e-02   7.0000000e-01
   2.0370400e-02   7.0625000e-01
   2.0740800e-02   7.1250000e-01
   2.1111200e-02   7.1875000e-01
   2.2222400e-02   7.2500000e-01
   2.2592800e-02   7.3750000e-01
   2.3333600e-02   7.4375000e-01
   2.4074400e-02   7.5625000e-01
   2.5185600e-02   7.6250000e-01
   2.5555200e-02   7.6875000e-01
   2.6296000e-02   7.8750000e-01
   2.7036800e-02   7.9375000e-01
   2.7407200e-02   8.0000000e-01
   2.7777600e-02   8.0625000e-01
   2.8148000e-02   8.1250000e-01
   2.8888800e-02   8.2500000e-01
   2.9259200e-02   8.3125000e-01
   3.0000000e-02   8.3750000e-01
   3.2963200e-02   8.4375000e-01
   3.7777600e-02   8.5000000e-01
   3.8888800e-02   8.5625000e-01
   4.2222400e-02   8.6250000e-01
   4.2963200e-02   8.6875000e-01
   4.4074400e-02   8.7500000e-01
   4.5925600e-02   8.8125000e-01
   4.6296000e-02   8.8750000e-01
   5.2963200e-02   8.9375000e-01
   5.5185600e-02   9.0000000e-01
   5.5555200e-02   9.0625000e-01
   5.5925600e-02   9.1250000e-01
   5.8518400e-02   9.1875000e-01
   6.3333600e-02   9.2500000e-01
   6.7407200e-02   9.3125000e-01
   7.1852000e-02   9.4375000e-01
   7.3704000e-02   9.5000000e-01
   7.4815200e-02   9.5625000e-01
   8.7407200e-02   9.6250000e-01
   9.1111200e-02   9.6875000e-01
   9.8518400e-02   9.7500000e-01
   1.0851840e-01   9.8125000e-01
   1.5148160e-01   9.8750000e-01
   1.5370400e-01   9.9375000e-01
   1.5444480e-01   1.0000000e+00
