   2.5560000e-03   0.0000000e+00
   2.5560000e-03   2.4570025e-03
   2.9816000e-03   8.1900082e-03
   3.4080000e-03   1.6380016e-02
   3.8336000e-03   3.2760033e-02
   4.2600000e-03   4.1769042e-02
   4.6856000e-03   5.3235053e-02
   5.1120000e-03   8.5995086e-02
   5.5376000e-03   9.9918100e-02
   5.9640000e-03   1.1957412e-01
   6.3896000e-03   1.7117117e-01
   6.8160000e-03   1.9164619e-01
   7.2416000e-03   2.3095823e-01
   7.6680000e-03   2.7600328e-01
   8.0936000e-03   3.1367731e-01
   8.5200000e-03   3.3579034e-01
   8.9456000e-03   3.7018837e-01
   9.3720000e-03   4.0131040e-01
   9.7976000e-03   4.2342342e-01
   1.0224000e-02   4.4717445e-01
   1.0649600e-02   4.6437346e-01
   1.1075200e-02   4.9221949e-01
   1.1501600e-02   5.0859951e-01
   1.1927200e-02   5.2825553e-01
   1.2353600e-02   5.5200655e-01
   1.2779200e-02   5.6920557e-01
   1.3205600e-02   5.9459459e-01
   1.3631200e-02   6.1179361e-01
   1.4057600e-02   6.2735463e-01
   1.4483200e-02   6.3718264e-01
   1.4909600e-02   6.4701065e-01
   1.5335200e-02   6.6420966e-01
   1.5761600e-02   6.7239967e-01
   1.6187200e-02   6.8714169e-01
   1.6613600e-02   6.9696970e-01
   1.7039200e-02   7.0188370e-01
   1.7465600e-02   7.2153972e-01
   1.7891200e-02   7.3136773e-01
   1.8317600e-02   7.4037674e-01
   1.8743200e-02   7.5921376e-01
   1.9169600e-02   7.6330876e-01
   1.9595200e-02   7.6822277e-01
   2.0021600e-02   7.8132678e-01
   2.0447200e-02   7.8787879e-01
   2.0873600e-02   7.9606880e-01
   2.1299200e-02   8.0507781e-01
   2.1725600e-02   8.1081081e-01
   2.2151200e-02   8.1326781e-01
   2.2577600e-02   8.2473382e-01
   2.3003200e-02   8.2882883e-01
   2.3429600e-02   8.3456183e-01
   2.3855200e-02   8.3783784e-01
   2.4280800e-02   8.4438984e-01
   2.4707200e-02   8.4848485e-01
   2.5132800e-02   8.5421785e-01
   2.5559200e-02   8.5831286e-01
   2.5984800e-02   8.6240786e-01
   2.6411200e-02   8.6568387e-01
   2.6836800e-02   8.6732187e-01
   2.7263200e-02   8.6895987e-01
   2.7688800e-02   8.7141687e-01
   2.8115200e-02   8.7551188e-01
   2.8540800e-02   8.7796888e-01
   2.8967200e-02   8.8206388e-01
   2.9392800e-02   8.8288288e-01
   2.9819200e-02   8.8697789e-01
   3.0244800e-02   8.8861589e-01
   3.0671200e-02   8.9025389e-01
   3.1096800e-02   8.9107289e-01
   3.1523200e-02   8.9271089e-01
   3.1948800e-02   8.9434889e-01
   3.2375200e-02   8.9844390e-01
   3.2800800e-02   8.9926290e-01
   3.3227200e-02   9.0253890e-01
   3.3652800e-02   9.0663391e-01
   3.4078400e-02   9.0990991e-01
   3.4504800e-02   9.1236691e-01
   3.4931200e-02   9.1400491e-01
   3.5356800e-02   9.1646192e-01
   3.5782400e-02   9.1891892e-01
   3.6208800e-02   9.2219492e-01
   3.6634400e-02   9.2628993e-01
   3.7060800e-02   9.2710893e-01
   3.7912800e-02   9.3038493e-01
   3.8764800e-02   9.3202293e-01
   3.9190400e-02   9.3284193e-01
   3.9616800e-02   9.3529894e-01
   4.0042400e-02   9.3939394e-01
   4.0468800e-02   9.4185094e-01
   4.1320800e-02   9.4266994e-01
   4.2172800e-02   9.4512695e-01
   4.2598400e-02   9.4758395e-01
   4.3450400e-02   9.4840295e-01
   4.3876800e-02   9.4922195e-01
   4.4302400e-02   9.5331695e-01
   4.5154400e-02   9.5577396e-01
   4.5580000e-02   9.5741196e-01
   4.6432800e-02   9.5904996e-01
   4.7710400e-02   9.6068796e-01
   4.8988000e-02   9.6232596e-01
   4.9840000e-02   9.6314496e-01
   5.0266400e-02   9.6396396e-01
   5.0692000e-02   9.6560197e-01
   5.1544000e-02   9.6642097e-01
   5.2822400e-02   9.6723997e-01
   5.3674400e-02   9.6805897e-01
   5.4526400e-02   9.6969697e-01
   5.4952000e-02   9.7051597e-01
   5.5804000e-02   9.7133497e-01
   5.6230400e-02   9.7215397e-01
   5.6656000e-02   9.7297297e-01
   5.7081600e-02   9.7379197e-01
   5.7508000e-02   9.7624898e-01
   5.8360000e-02   9.7788698e-01
   5.8785600e-02   9.7952498e-01
   6.0489600e-02   9.8034398e-01
   6.1341600e-02   9.8116298e-01
   6.3472000e-02   9.8198198e-01
   6.8157600e-02   9.8280098e-01
   6.9861600e-02   9.8443898e-01
   7.1139200e-02   9.8607699e-01
   7.1991200e-02   9.8689599e-01
   7.3269600e-02   9.8771499e-01
   7.8807200e-02   9.8935299e-01
   8.2215200e-02   9.9017199e-01
   8.2640800e-02   9.9099099e-01
   8.5623200e-02   9.9180999e-01
   9.0308800e-02   9.9262899e-01
   9.0735200e-02   9.9344799e-01
   9.1586400e-02   9.9426699e-01
   9.6698400e-02   9.9508600e-01
   1.0223680e-01   9.9590500e-01
   1.0820000e-01   9.9672400e-01
   1.1246000e-01   9.9754300e-01
   1.1884960e-01   9.9836200e-01
   1.2651760e-01   9.9918100e-01
   1.2694320e-01   1.0000000e+00
