   5.0841929e-03   0.0000000e+00
   5.0841929e-03   7.5301205e-04
   5.6774138e-03   1.5060241e-03
   5.7946734e-03   2.2590361e-03
   6.3818107e-03   3.0120482e-03
   6.5017496e-03   3.7650602e-03
   6.5315998e-03   4.5180723e-03
   6.6147834e-03   5.2710843e-03
   6.8064008e-03   6.0240964e-03
   7.1251125e-03   7.5301205e-03
   7.1256582e-03   8.2831325e-03
   7.3350431e-03   9.7891566e-03
   7.3901180e-03   1.0542169e-02
   7.4294858e-03   1.1295181e-02
   7.6846588e-03   1.2801205e-02
   7.6964474e-03   1.3554217e-02
   7.7192173e-03   1.5060241e-02
   7.8552633e-03   1.6566265e-02
   7.9796892e-03   1.7319277e-02
   7.9930628e-03   1.8072289e-02
   8.0109602e-03   1.8825301e-02
   8.0497665e-03   1.9578313e-02
   8.1500609e-03   2.1084337e-02
   8.2834545e-03   2.3343373e-02
   8.2916194e-03   2.4096386e-02
   8.3127299e-03   2.4849398e-02
   8.3909183e-03   2.5602410e-02
   8.4722372e-03   2.6355422e-02
   8.5093013e-03   2.7108434e-02
   8.5703379e-03   3.0120482e-02
   8.5862062e-03   3.3132530e-02
   8.6435089e-03   3.3885542e-02
   8.6609472e-03   3.5391566e-02
   8.7402645e-03   3.6897590e-02
   8.8692230e-03   3.8403614e-02
   8.8718427e-03   3.9156627e-02
   8.9068347e-03   3.9909639e-02
   8.9135931e-03   4.0662651e-02
   8.9830374e-03   4.1415663e-02
   8.9949069e-03   4.2168675e-02
   9.0980596e-03   4.2921687e-02
   9.1608961e-03   4.6686747e-02
   9.1799719e-03   4.9698795e-02
   9.1808069e-03   5.0451807e-02
   9.2366888e-03   5.2710843e-02
   9.2384245e-03   5.4216867e-02
   9.3315286e-03   5.6475904e-02
   9.4360236e-03   5.7228916e-02
   9.4604250e-03   5.7981928e-02
   9.4620709e-03   6.1746988e-02
   9.4621188e-03   6.2500000e-02
   9.4965024e-03   6.6265060e-02
   9.5003473e-03   6.7771084e-02
   9.5688845e-03   6.9277108e-02
   9.5759534e-03   7.3795181e-02
   9.6282831e-03   7.4548193e-02
   9.6322628e-03   7.6054217e-02
   9.6776651e-03   7.6807229e-02
   9.6868173e-03   7.7560241e-02
   9.7523540e-03   7.8313253e-02
   9.7670868e-03   8.0572289e-02
   9.7732032e-03   8.2078313e-02
   9.8182801e-03   8.2831325e-02
   9.8211693e-03   8.3584337e-02
   9.8305170e-03   8.6596386e-02
   9.8329981e-03   8.8855422e-02
   9.9224940e-03   8.9608434e-02
   1.0011650e-02   9.0361446e-02
   1.0025453e-02   9.2620482e-02
   1.0049407e-02   9.5632530e-02
   1.0050112e-02   9.9397590e-02
   1.0054508e-02   1.0240964e-01
   1.0080231e-02   1.0391566e-01
   1.0094452e-02   1.0617470e-01
   1.0145561e-02   1.0692771e-01
   1.0168386e-02   1.0768072e-01
   1.0208680e-02   1.0843373e-01
   1.0276772e-02   1.1144578e-01
   1.0343571e-02   1.1671687e-01
   1.0365407e-02   1.1746988e-01
   1.0367043e-02   1.1822289e-01
   1.0399271e-02   1.2198795e-01
   1.0417288e-02   1.2274096e-01
   1.0423769e-02   1.2349398e-01
   1.0477830e-02   1.2575301e-01
   1.0514382e-02   1.2876506e-01
   1.0541183e-02   1.2951807e-01
   1.0620700e-02   1.3027108e-01
   1.0636792e-02   1.3403614e-01
   1.0639762e-02   1.3704819e-01
   1.0647626e-02   1.4006024e-01
   1.0665533e-02   1.4081325e-01
   1.0687965e-02   1.4231928e-01
   1.0723681e-02   1.4533133e-01
   1.0761558e-02   1.4683735e-01
   1.0791875e-02   1.4834337e-01
   1.0866532e-02   1.4909639e-01
   1.0935584e-02   1.5286145e-01
   1.0936682e-02   1.5361446e-01
   1.0942501e-02   1.5436747e-01
   1.0960335e-02   1.5737952e-01
   1.0974907e-02   1.5813253e-01
   1.0982081e-02   1.6340361e-01
   1.1003236e-02   1.6490964e-01
   1.1017656e-02   1.6942771e-01
   1.1105873e-02   1.7093373e-01
   1.1155541e-02   1.7168675e-01
   1.1169213e-02   1.7243976e-01
   1.1225479e-02   1.7695783e-01
   1.1230351e-02   1.7846386e-01
   1.1240285e-02   1.7921687e-01
   1.1251259e-02   1.8448795e-01
   1.1282070e-02   1.8674699e-01
   1.1303864e-02   1.8900602e-01
   1.1354208e-02   1.8975904e-01
   1.1374216e-02   1.9126506e-01
   1.1500207e-02   1.9201807e-01
   1.1527263e-02   1.9277108e-01
   1.1531404e-02   1.9503012e-01
   1.1554227e-02   1.9804217e-01
   1.1565555e-02   1.9879518e-01
   1.1589347e-02   2.0105422e-01
   1.1610960e-02   2.0180723e-01
   1.1698201e-02   2.0331325e-01
   1.1724640e-02   2.0406627e-01
   1.1749900e-02   2.0557229e-01
   1.1814054e-02   2.0632530e-01
   1.1820757e-02   2.1009036e-01
   1.1833594e-02   2.1084337e-01
   1.1838265e-02   2.1234940e-01
   1.1848298e-02   2.1385542e-01
   1.1875582e-02   2.1686747e-01
   1.1938540e-02   2.1762048e-01
   1.1947562e-02   2.2063253e-01
   1.1958275e-02   2.2213855e-01
   1.1961436e-02   2.2364458e-01
   1.1987563e-02   2.2439759e-01
   1.1999717e-02   2.2515060e-01
   1.2047800e-02   2.2891566e-01
   1.2066258e-02   2.2966867e-01
   1.2119672e-02   2.3569277e-01
   1.2120294e-02   2.3719880e-01
   1.2130548e-02   2.3945783e-01
   1.2150493e-02   2.4096386e-01
   1.2204889e-02   2.4171687e-01
   1.2209041e-02   2.4322289e-01
   1.2290070e-02   2.4548193e-01
   1.2332493e-02   2.4774096e-01
   1.2411998e-02   2.4924699e-01
   1.2425437e-02   2.5000000e-01
   1.2426413e-02   2.5301205e-01
   1.2467684e-02   2.5602410e-01
   1.2469687e-02   2.5677711e-01
   1.2537467e-02   2.5978916e-01
   1.2540370e-02   2.6506024e-01
   1.2543894e-02   2.6656627e-01
   1.2635247e-02   2.6807229e-01
   1.2710139e-02   2.7033133e-01
   1.2710234e-02   2.7183735e-01
   1.2711687e-02   2.7334337e-01
   1.2735782e-02   2.7560241e-01
   1.2741491e-02   2.7635542e-01
   1.2764282e-02   2.7786145e-01
   1.2798230e-02   2.8012048e-01
   1.2798334e-02   2.8087349e-01
   1.2869894e-02   2.8162651e-01
   1.2882091e-02   2.8313253e-01
   1.2915454e-02   2.8388554e-01
   1.2939201e-02   2.8463855e-01
   1.2977454e-02   2.8614458e-01
   1.3013697e-02   2.9066265e-01
   1.3019863e-02   2.9141566e-01
   1.3063200e-02   2.9969880e-01
   1.3129607e-02   3.0045181e-01
   1.3286261e-02   3.0120482e-01
   1.3291828e-02   3.0195783e-01
   1.3334857e-02   3.0421687e-01
   1.3352263e-02   3.0496988e-01
   1.3391585e-02   3.0572289e-01
   1.3445500e-02   3.0798193e-01
   1.3474869e-02   3.0873494e-01
   1.3545574e-02   3.0948795e-01
   1.3594685e-02   3.1099398e-01
   1.3635608e-02   3.1325301e-01
   1.3694469e-02   3.1400602e-01
   1.3716656e-02   3.1701807e-01
   1.3726784e-02   3.1927711e-01
   1.3821424e-02   3.2003012e-01
   1.3873798e-02   3.2304217e-01
   1.3888299e-02   3.2379518e-01
   1.3896656e-02   3.2605422e-01
   1.3953302e-02   3.2756024e-01
   1.4022198e-02   3.2831325e-01
   1.4067135e-02   3.2981928e-01
   1.4084694e-02   3.3207831e-01
   1.4116208e-02   3.3358434e-01
   1.4173761e-02   3.3509036e-01
   1.4186065e-02   3.3659639e-01
   1.4191158e-02   3.3810241e-01
   1.4205788e-02   3.3960843e-01
   1.4220546e-02   3.4036145e-01
   1.4275090e-02   3.4337349e-01
   1.4319759e-02   3.4412651e-01
   1.4353547e-02   3.4487952e-01
   1.4413467e-02   3.4638554e-01
   1.4441133e-02   3.4713855e-01
   1.4456428e-02   3.4864458e-01
   1.4457388e-02   3.4939759e-01
   1.4496682e-02   3.5240964e-01
   1.4530226e-02   3.5391566e-01
   1.4578939e-02   3.5466867e-01
   1.4670757e-02   3.5692771e-01
   1.4688271e-02   3.5768072e-01
   1.4764145e-02   3.5843373e-01
   1.4780236e-02   3.6295181e-01
   1.4799387e-02   3.6445783e-01
   1.4806666e-02   3.6521084e-01
   1.4830963e-02   3.6596386e-01
   1.4833081e-02   3.6671687e-01
   1.4844330e-02   3.6822289e-01
   1.4891773e-02   3.6897590e-01
   1.4905748e-02   3.6972892e-01
   1.4929885e-02   3.7048193e-01
   1.5026145e-02   3.7123494e-01
   1.5049090e-02   3.7198795e-01
   1.5071256e-02   3.7500000e-01
   1.5082041e-02   3.7575301e-01
   1.5084394e-02   3.7801205e-01
   1.5115605e-02   3.7951807e-01
   1.5120100e-02   3.8177711e-01
   1.5172932e-02   3.8403614e-01
   1.5212871e-02   3.8478916e-01
   1.5262411e-02   3.8704819e-01
   1.5286634e-02   3.8780120e-01
   1.5355411e-02   3.8855422e-01
   1.5369867e-02   3.8930723e-01
   1.5392454e-02   3.9156627e-01
   1.5392895e-02   3.9231928e-01
   1.5438932e-02   3.9457831e-01
   1.5479718e-02   3.9608434e-01
   1.5506445e-02   3.9759036e-01
   1.5507111e-02   3.9834337e-01
   1.5595126e-02   3.9909639e-01
   1.5598065e-02   3.9984940e-01
   1.5662578e-02   4.0135542e-01
   1.5672542e-02   4.0210843e-01
   1.5674580e-02   4.0361446e-01
   1.5705483e-02   4.0587349e-01
   1.5709595e-02   4.0737952e-01
   1.5760722e-02   4.0813253e-01
   1.5766332e-02   4.0888554e-01
   1.5837580e-02   4.0963855e-01
   1.5845733e-02   4.1114458e-01
   1.5961705e-02   4.1340361e-01
   1.5986126e-02   4.1415663e-01
   1.6000985e-02   4.1490964e-01
   1.6031947e-02   4.1641566e-01
   1.6189240e-02   4.1942771e-01
   1.6211395e-02   4.2093373e-01
   1.6253563e-02   4.2168675e-01
   1.6261600e-02   4.2319277e-01
   1.6267752e-02   4.2394578e-01
   1.6290774e-02   4.2469880e-01
   1.6300122e-02   4.2545181e-01
   1.6303011e-02   4.2695783e-01
   1.6360341e-02   4.2921687e-01
   1.6368922e-02   4.3072289e-01
   1.6413478e-02   4.3147590e-01
   1.6438336e-02   4.3222892e-01
   1.6540627e-02   4.3298193e-01
   1.6549903e-02   4.3524096e-01
   1.6554215e-02   4.3750000e-01
   1.6579256e-02   4.3825301e-01
   1.6582269e-02   4.3900602e-01
   1.6582518e-02   4.3975904e-01
   1.6621892e-02   4.4051205e-01
   1.6626052e-02   4.4126506e-01
   1.6657983e-02   4.4201807e-01
   1.6665459e-02   4.4277108e-01
   1.6756028e-02   4.4352410e-01
   1.6781837e-02   4.4503012e-01
   1.6845268e-02   4.4728916e-01
   1.6860427e-02   4.4804217e-01
   1.6877138e-02   4.4879518e-01
   1.6890210e-02   4.5180723e-01
   1.6897016e-02   4.5256024e-01
   1.6910337e-02   4.5331325e-01
   1.6924093e-02   4.5406627e-01
   1.6943769e-02   4.5481928e-01
   1.6953756e-02   4.5632530e-01
   1.6968224e-02   4.5707831e-01
   1.7018603e-02   4.5783133e-01
   1.7031622e-02   4.5858434e-01
   1.7108960e-02   4.5933735e-01
   1.7112680e-02   4.6009036e-01
   1.7146282e-02   4.6084337e-01
   1.7152879e-02   4.6159639e-01
   1.7172986e-02   4.6234940e-01
   1.7219565e-02   4.6310241e-01
   1.7245892e-02   4.6385542e-01
   1.7246492e-02   4.6536145e-01
   1.7287018e-02   4.6686747e-01
   1.7334290e-02   4.6762048e-01
   1.7373908e-02   4.6837349e-01
   1.7379063e-02   4.6912651e-01
   1.7417800e-02   4.6987952e-01
   1.7436591e-02   4.7063253e-01
   1.7440218e-02   4.7213855e-01
   1.7453723e-02   4.7289157e-01
   1.7463523e-02   4.7439759e-01
   1.7490446e-02   4.7590361e-01
   1.7507451e-02   4.7665663e-01
   1.7547779e-02   4.7891566e-01
   1.7607181e-02   4.8117470e-01
   1.7624344e-02   4.8268072e-01
   1.7630081e-02   4.8343373e-01
   1.7715039e-02   4.8418675e-01
   1.7720469e-02   4.8493976e-01
   1.7731135e-02   4.8644578e-01
   1.7739001e-02   4.8870482e-01
   1.7752148e-02   4.8945783e-01
   1.7757585e-02   4.9096386e-01
   1.7813669e-02   4.9246988e-01
   1.7907457e-02   4.9322289e-01
   1.7945665e-02   4.9397590e-01
   1.7989814e-02   4.9472892e-01
   1.8028605e-02   4.9623494e-01
   1.8050880e-02   4.9774096e-01
   1.8084463e-02   5.0075301e-01
   1.8097777e-02   5.0150602e-01
   1.8124122e-02   5.0451807e-01
   1.8141206e-02   5.0527108e-01
   1.8179246e-02   5.0602410e-01
   1.8181651e-02   5.0677711e-01
   1.8195462e-02   5.0753012e-01
   1.8217118e-02   5.0978916e-01
   1.8228061e-02   5.1054217e-01
   1.8229667e-02   5.1129518e-01
   1.8312596e-02   5.1204819e-01
   1.8322330e-02   5.1430723e-01
   1.8331253e-02   5.1506024e-01
   1.8332109e-02   5.1581325e-01
   1.8339615e-02   5.1656627e-01
   1.8344647e-02   5.1731928e-01
   1.8407182e-02   5.1882530e-01
   1.8444297e-02   5.1957831e-01
   1.8473378e-02   5.2033133e-01
   1.8483729e-02   5.2183735e-01
   1.8558953e-02   5.2334337e-01
   1.8563177e-02   5.2409639e-01
   1.8619980e-02   5.2484940e-01
   1.8620204e-02   5.2560241e-01
   1.8638155e-02   5.2635542e-01
   1.8639903e-02   5.2710843e-01
   1.8662416e-02   5.2786145e-01
   1.8677903e-02   5.2861446e-01
   1.8731473e-02   5.2936747e-01
   1.8731537e-02   5.3012048e-01
   1.8734638e-02   5.3087349e-01
   1.8810556e-02   5.3237952e-01
   1.8904215e-02   5.3313253e-01
   1.8913167e-02   5.3463855e-01
   1.8921370e-02   5.3539157e-01
   1.8924142e-02   5.3689759e-01
   1.8953166e-02   5.3765060e-01
   1.8993005e-02   5.3840361e-01
   1.8994042e-02   5.3915663e-01
   1.9016593e-02   5.4141566e-01
   1.9056266e-02   5.4442771e-01
   1.9067197e-02   5.4518072e-01
   1.9083169e-02   5.4593373e-01
   1.9139677e-02   5.4668675e-01
   1.9209958e-02   5.4819277e-01
   1.9212471e-02   5.4894578e-01
   1.9226325e-02   5.5045181e-01
   1.9232776e-02   5.5120482e-01
   1.9253944e-02   5.5195783e-01
   1.9257032e-02   5.5271084e-01
   1.9260483e-02   5.5421687e-01
   1.9261876e-02   5.5496988e-01
   1.9271348e-02   5.5722892e-01
   1.9285824e-02   5.5798193e-01
   1.9328676e-02   5.5873494e-01
   1.9373635e-02   5.6024096e-01
   1.9403418e-02   5.6174699e-01
   1.9447136e-02   5.6250000e-01
   1.9449373e-02   5.6325301e-01
   1.9457577e-02   5.6400602e-01
   1.9472527e-02   5.6475904e-01
   1.9504708e-02   5.6551205e-01
   1.9511320e-02   5.6626506e-01
   1.9516546e-02   5.6701807e-01
   1.9534678e-02   5.6927711e-01
   1.9535276e-02   5.7003012e-01
   1.9546406e-02   5.7078313e-01
   1.9576439e-02   5.7153614e-01
   1.9606664e-02   5.7304217e-01
   1.9636560e-02   5.7379518e-01
   1.9638764e-02   5.7454819e-01
   1.9641980e-02   5.7530120e-01
   1.9660426e-02   5.7605422e-01
   1.9713928e-02   5.7680723e-01
   1.9744307e-02   5.7831325e-01
   1.9800681e-02   5.7981928e-01
   1.9804297e-02   5.8057229e-01
   1.9825688e-02   5.8132530e-01
   1.9836575e-02   5.8207831e-01
   1.9846269e-02   5.8283133e-01
   1.9865380e-02   5.8433735e-01
   1.9895388e-02   5.8509036e-01
   1.9922118e-02   5.8659639e-01
   1.9996934e-02   5.8734940e-01
   2.0040387e-02   5.8810241e-01
   2.0095858e-02   5.8960843e-01
   2.0109015e-02   5.9186747e-01
   2.0140239e-02   5.9412651e-01
   2.0188312e-02   5.9638554e-01
   2.0197581e-02   5.9713855e-01
   2.0217187e-02   5.9789157e-01
   2.0254279e-02   5.9864458e-01
   2.0391065e-02   5.9939759e-01
   2.0396221e-02   6.0015060e-01
   2.0419202e-02   6.0240964e-01
   2.0432037e-02   6.0316265e-01
   2.0436812e-02   6.0391566e-01
   2.0465289e-02   6.0466867e-01
   2.0478577e-02   6.0617470e-01
   2.0516164e-02   6.0843373e-01
   2.0589869e-02   6.0993976e-01
   2.0680981e-02   6.1219880e-01
   2.0686024e-02   6.1295181e-01
   2.0702105e-02   6.1445783e-01
   2.0733510e-02   6.1596386e-01
   2.0782417e-02   6.1671687e-01
   2.0788037e-02   6.1822289e-01
   2.0929917e-02   6.2048193e-01
   2.0981626e-02   6.2123494e-01
   2.0988787e-02   6.2198795e-01
   2.0998856e-02   6.2274096e-01
   2.1018741e-02   6.2349398e-01
   2.1028128e-02   6.2500000e-01
   2.1051439e-02   6.2575301e-01
   2.1052873e-02   6.2650602e-01
   2.1058467e-02   6.2725904e-01
   2.1109613e-02   6.2951807e-01
   2.1122137e-02   6.3102410e-01
   2.1143199e-02   6.3177711e-01
   2.1183451e-02   6.3328313e-01
   2.1206527e-02   6.3478916e-01
   2.1279097e-02   6.3554217e-01
   2.1279524e-02   6.3629518e-01
   2.1294690e-02   6.3855422e-01
   2.1297042e-02   6.3930723e-01
   2.1375930e-02   6.4156627e-01
   2.1379303e-02   6.4231928e-01
   2.1381041e-02   6.4382530e-01
   2.1419626e-02   6.4457831e-01
   2.1441420e-02   6.4533133e-01
   2.1500846e-02   6.4608434e-01
   2.1522495e-02   6.4759036e-01
   2.1572887e-02   6.4834337e-01
   2.1580885e-02   6.4909639e-01
   2.1581692e-02   6.4984940e-01
   2.1605759e-02   6.5060241e-01
   2.1620200e-02   6.5135542e-01
   2.1646332e-02   6.5210843e-01
   2.1702841e-02   6.5286145e-01
   2.1743536e-02   6.5361446e-01
   2.1776448e-02   6.5436747e-01
   2.1861465e-02   6.5587349e-01
   2.1865731e-02   6.5813253e-01
   2.1870018e-02   6.5888554e-01
   2.1870621e-02   6.5963855e-01
   2.1887887e-02   6.6039157e-01
   2.1958574e-02   6.6189759e-01
   2.1970034e-02   6.6265060e-01
   2.2034706e-02   6.6340361e-01
   2.2115743e-02   6.6415663e-01
   2.2163761e-02   6.6490964e-01
   2.2170354e-02   6.6566265e-01
   2.2198795e-02   6.6641566e-01
   2.2200835e-02   6.6792169e-01
   2.2211747e-02   6.6942771e-01
   2.2225576e-02   6.7018072e-01
   2.2230631e-02   6.7093373e-01
   2.2240379e-02   6.7168675e-01
   2.2323123e-02   6.7319277e-01
   2.2370085e-02   6.7394578e-01
   2.2439129e-02   6.7469880e-01
   2.2462798e-02   6.7545181e-01
   2.2473768e-02   6.7620482e-01
   2.2526036e-02   6.7695783e-01
   2.2539218e-02   6.7771084e-01
   2.2561005e-02   6.7846386e-01
   2.2607728e-02   6.7921687e-01
   2.2683006e-02   6.7996988e-01
   2.2748431e-02   6.8072289e-01
   2.2803396e-02   6.8147590e-01
   2.2833844e-02   6.8222892e-01
   2.2866698e-02   6.8298193e-01
   2.2891179e-02   6.8448795e-01
   2.2914004e-02   6.8524096e-01
   2.2963134e-02   6.8599398e-01
   2.3051028e-02   6.8674699e-01
   2.3054525e-02   6.8750000e-01
   2.3062291e-02   6.9051205e-01
   2.3073858e-02   6.9126506e-01
   2.3089342e-02   6.9201807e-01
   2.3103834e-02   6.9277108e-01
   2.3112350e-02   6.9352410e-01
   2.3122997e-02   6.9427711e-01
   2.3131109e-02   6.9503012e-01
   2.3152699e-02   6.9653614e-01
   2.3188498e-02   6.9728916e-01
   2.3221920e-02   6.9879518e-01
   2.3301133e-02   7.0105422e-01
   2.3349824e-02   7.0331325e-01
   2.3358721e-02   7.0406627e-01
   2.3385511e-02   7.0481928e-01
   2.3427896e-02   7.0557229e-01
   2.3449281e-02   7.0632530e-01
   2.3484640e-02   7.0707831e-01
   2.3556206e-02   7.0858434e-01
   2.3628107e-02   7.0933735e-01
   2.3743876e-02   7.1009036e-01
   2.3751164e-02   7.1234940e-01
   2.3894506e-02   7.1385542e-01
   2.3922873e-02   7.1460843e-01
   2.3938252e-02   7.1686747e-01
   2.3939596e-02   7.1762048e-01
   2.3951090e-02   7.1837349e-01
   2.3975859e-02   7.1912651e-01
   2.3986969e-02   7.1987952e-01
   2.4082112e-02   7.2063253e-01
   2.4095600e-02   7.2364458e-01
   2.4149911e-02   7.2439759e-01
   2.4167755e-02   7.2590361e-01
   2.4238793e-02   7.2665663e-01
   2.4263547e-02   7.2740964e-01
   2.4266055e-02   7.2816265e-01
   2.4289665e-02   7.2966867e-01
   2.4295122e-02   7.3042169e-01
   2.4335802e-02   7.3117470e-01
   2.4344677e-02   7.3192771e-01
   2.4353014e-02   7.3268072e-01
   2.4399039e-02   7.3343373e-01
   2.4460618e-02   7.3418675e-01
   2.4498486e-02   7.3493976e-01
   2.4544073e-02   7.3569277e-01
   2.4544381e-02   7.3644578e-01
   2.4552386e-02   7.3719880e-01
   2.4580141e-02   7.3795181e-01
   2.4614838e-02   7.3870482e-01
   2.4616497e-02   7.3945783e-01
   2.4718888e-02   7.4021084e-01
   2.4828493e-02   7.4096386e-01
   2.4830331e-02   7.4171687e-01
   2.4886080e-02   7.4246988e-01
   2.4927197e-02   7.4322289e-01
   2.5002509e-02   7.4472892e-01
   2.5087789e-02   7.4548193e-01
   2.5120202e-02   7.4623494e-01
   2.5136549e-02   7.4698795e-01
   2.5165458e-02   7.4849398e-01
   2.5230360e-02   7.4924699e-01
   2.5414896e-02   7.5000000e-01
   2.5420964e-02   7.5075301e-01
   2.5423373e-02   7.5150602e-01
   2.5471564e-02   7.5225904e-01
   2.5482403e-02   7.5376506e-01
   2.5624086e-02   7.5527108e-01
   2.5630437e-02   7.5602410e-01
   2.5652611e-02   7.5677711e-01
   2.5713196e-02   7.5753012e-01
   2.5755406e-02   7.5903614e-01
   2.5802373e-02   7.5978916e-01
   2.5868708e-02   7.6054217e-01
   2.5982842e-02   7.6129518e-01
   2.5990154e-02   7.6204819e-01
   2.6005917e-02   7.6355422e-01
   2.6026880e-02   7.6506024e-01
   2.6126399e-02   7.6581325e-01
   2.6159819e-02   7.6656627e-01
   2.6259883e-02   7.6731928e-01
   2.6301439e-02   7.6807229e-01
   2.6311422e-02   7.7033133e-01
   2.6322202e-02   7.7108434e-01
   2.6334273e-02   7.7183735e-01
   2.6344249e-02   7.7259036e-01
   2.6370985e-02   7.7334337e-01
   2.6381377e-02   7.7409639e-01
   2.6420504e-02   7.7484940e-01
   2.6522472e-02   7.7560241e-01
   2.6561409e-02   7.7635542e-01
   2.6606667e-02   7.7710843e-01
   2.6632084e-02   7.7786145e-01
   2.6645665e-02   7.7861446e-01
   2.6705184e-02   7.7936747e-01
   2.6750772e-02   7.8012048e-01
   2.6783775e-02   7.8162651e-01
   2.6809663e-02   7.8237952e-01
   2.6860014e-02   7.8313253e-01
   2.6892000e-02   7.8463855e-01
   2.6946135e-02   7.8614458e-01
   2.6962229e-02   7.8689759e-01
   2.7064089e-02   7.8765060e-01
   2.7165376e-02   7.8840361e-01
   2.7188826e-02   7.8990964e-01
   2.7203896e-02   7.9066265e-01
   2.7231110e-02   7.9141566e-01
   2.7235201e-02   7.9216867e-01
   2.7270726e-02   7.9292169e-01
   2.7403199e-02   7.9367470e-01
   2.7453569e-02   7.9518072e-01
   2.7467340e-02   7.9593373e-01
   2.7550928e-02   7.9668675e-01
   2.7557871e-02   7.9743976e-01
   2.7710675e-02   7.9819277e-01
   2.7715730e-02   7.9894578e-01
   2.7780242e-02   7.9969880e-01
   2.7793311e-02   8.0120482e-01
   2.7855973e-02   8.0195783e-01
   2.7906126e-02   8.0271084e-01
   2.7907529e-02   8.0346386e-01
   2.7956438e-02   8.0421687e-01
   2.8100712e-02   8.0496988e-01
   2.8124906e-02   8.0572289e-01
   2.8128397e-02   8.0647590e-01
   2.8171693e-02   8.0873494e-01
   2.8226931e-02   8.0948795e-01
   2.8303883e-02   8.1024096e-01
   2.8358915e-02   8.1099398e-01
   2.8385655e-02   8.1174699e-01
   2.8405000e-02   8.1325301e-01
   2.8441093e-02   8.1400602e-01
   2.8471497e-02   8.1475904e-01
   2.8515780e-02   8.1551205e-01
   2.8609905e-02   8.1626506e-01
   2.8640132e-02   8.1701807e-01
   2.8665495e-02   8.1777108e-01
   2.8673325e-02   8.1927711e-01
   2.8686175e-02   8.2003012e-01
   2.8687885e-02   8.2078313e-01
   2.8702841e-02   8.2153614e-01
   2.8831978e-02   8.2228916e-01
   2.8909832e-02   8.2304217e-01
   2.9005165e-02   8.2379518e-01
   2.9060452e-02   8.2454819e-01
   2.9095147e-02   8.2530120e-01
   2.9125515e-02   8.2605422e-01
   2.9274480e-02   8.2680723e-01
   2.9301764e-02   8.2756024e-01
   2.9422355e-02   8.2831325e-01
   2.9464031e-02   8.2981928e-01
   2.9482104e-02   8.3057229e-01
   2.9515078e-02   8.3132530e-01
   2.9559995e-02   8.3207831e-01
   2.9560472e-02   8.3283133e-01
   2.9571043e-02   8.3433735e-01
   2.9571286e-02   8.3509036e-01
   2.9656575e-02   8.3584337e-01
   2.9689252e-02   8.3734940e-01
   2.9821695e-02   8.3810241e-01
   2.9848188e-02   8.3885542e-01
   2.9857967e-02   8.3960843e-01
   2.9863511e-02   8.4036145e-01
   2.9927383e-02   8.4111446e-01
   3.0076359e-02   8.4186747e-01
   3.0084185e-02   8.4262048e-01
   3.0166053e-02   8.4337349e-01
   3.0241180e-02   8.4412651e-01
   3.0255997e-02   8.4487952e-01
   3.0359283e-02   8.4563253e-01
   3.0419826e-02   8.4638554e-01
   3.0425048e-02   8.4713855e-01
   3.0511286e-02   8.4789157e-01
   3.0552577e-02   8.4864458e-01
   3.0609318e-02   8.4939759e-01
   3.0678046e-02   8.5015060e-01
   3.0739733e-02   8.5090361e-01
   3.0859287e-02   8.5165663e-01
   3.0882119e-02   8.5240964e-01
   3.1012889e-02   8.5316265e-01
   3.1030497e-02   8.5391566e-01
   3.1041630e-02   8.5466867e-01
   3.1063591e-02   8.5542169e-01
   3.1203398e-02   8.5617470e-01
   3.1271308e-02   8.5768072e-01
   3.1418608e-02   8.5843373e-01
   3.1467834e-02   8.5918675e-01
   3.1606582e-02   8.5993976e-01
   3.1635625e-02   8.6069277e-01
   3.1651688e-02   8.6144578e-01
   3.1726470e-02   8.6219880e-01
   3.1768450e-02   8.6295181e-01
   3.1777354e-02   8.6370482e-01
   3.1865187e-02   8.6445783e-01
   3.1899204e-02   8.6521084e-01
   3.1934049e-02   8.6596386e-01
   3.1942315e-02   8.6671687e-01
   3.2009698e-02   8.6746988e-01
   3.2102008e-02   8.6822289e-01
   3.2136800e-02   8.6897590e-01
   3.2152713e-02   8.6972892e-01
   3.2171503e-02   8.7048193e-01
   3.2199678e-02   8.7123494e-01
   3.2220447e-02   8.7198795e-01
   3.2227907e-02   8.7274096e-01
   3.2287704e-02   8.7349398e-01
   3.2310828e-02   8.7424699e-01
   3.2363023e-02   8.7500000e-01
   3.2366563e-02   8.7575301e-01
   3.2484119e-02   8.7650602e-01
   3.2523200e-02   8.7725904e-01
   3.2534943e-02   8.7801205e-01
   3.2565374e-02   8.7876506e-01
   3.2657999e-02   8.7951807e-01
   3.2806205e-02   8.8027108e-01
   3.2835829e-02   8.8102410e-01
   3.2952962e-02   8.8177711e-01
   3.2971050e-02   8.8253012e-01
   3.2984451e-02   8.8403614e-01
   3.3100338e-02   8.8478916e-01
   3.3130175e-02   8.8629518e-01
   3.3158512e-02   8.8704819e-01
   3.3211795e-02   8.8780120e-01
   3.3306511e-02   8.8855422e-01
   3.3397818e-02   8.8930723e-01
   3.3413159e-02   8.9006024e-01
   3.3474889e-02   8.9081325e-01
   3.3481002e-02   8.9156627e-01
   3.3578535e-02   8.9231928e-01
   3.3701502e-02   8.9307229e-01
   3.3720854e-02   8.9382530e-01
   3.3752235e-02   8.9457831e-01
   3.3780419e-02   8.9533133e-01
   3.3914185e-02   8.9608434e-01
   3.3936054e-02   8.9683735e-01
   3.3989140e-02   8.9759036e-01
   3.4012633e-02   8.9834337e-01
   3.4263843e-02   8.9984940e-01
   3.4370684e-02   9.0060241e-01
   3.4431360e-02   9.0135542e-01
   3.4549636e-02   9.0210843e-01
   3.4633278e-02   9.0286145e-01
   3.4721562e-02   9.0361446e-01
   3.4849547e-02   9.0436747e-01
   3.4909615e-02   9.0512048e-01
   3.4980891e-02   9.0587349e-01
   3.5214362e-02   9.0662651e-01
   3.5396724e-02   9.0737952e-01
   3.5503209e-02   9.0813253e-01
   3.5685787e-02   9.0888554e-01
   3.6056664e-02   9.0963855e-01
   3.6075711e-02   9.1039157e-01
   3.6199182e-02   9.1114458e-01
   3.6308212e-02   9.1189759e-01
   3.6425134e-02   9.1265060e-01
   3.6456123e-02   9.1340361e-01
   3.6655377e-02   9.1415663e-01
   3.6940819e-02   9.1490964e-01
   3.6954611e-02   9.1566265e-01
   3.7036029e-02   9.1641566e-01
   3.7140997e-02   9.1716867e-01
   3.7157526e-02   9.1792169e-01
   3.7209948e-02   9.1867470e-01
   3.7269877e-02   9.1942771e-01
   3.7612849e-02   9.2018072e-01
   3.7701091e-02   9.2093373e-01
   3.7798895e-02   9.2168675e-01
   3.8223315e-02   9.2243976e-01
   3.8457128e-02   9.2319277e-01
   3.8482237e-02   9.2394578e-01
   3.8713288e-02   9.2469880e-01
   3.9021973e-02   9.2545181e-01
   3.9074459e-02   9.2620482e-01
   3.9208553e-02   9.2695783e-01
   3.9293516e-02   9.2771084e-01
   3.9450352e-02   9.2846386e-01
   3.9530355e-02   9.2921687e-01
   3.9656176e-02   9.2996988e-01
   4.0200494e-02   9.3072289e-01
   4.0243193e-02   9.3147590e-01
   4.0646673e-02   9.3222892e-01
   4.0805844e-02   9.3298193e-01
   4.0985573e-02   9.3373494e-01
   4.1074414e-02   9.3448795e-01
   4.1176809e-02   9.3524096e-01
   4.1243964e-02   9.3599398e-01
   4.1339178e-02   9.3674699e-01
   4.1891005e-02   9.3750000e-01
   4.1920027e-02   9.3825301e-01
   4.2202477e-02   9.3900602e-01
   4.2572433e-02   9.3975904e-01
   4.2851132e-02   9.4051205e-01
   4.2936214e-02   9.4126506e-01
   4.3083235e-02   9.4201807e-01
   4.3950794e-02   9.4277108e-01
   4.4638432e-02   9.4352410e-01
   4.4650231e-02   9.4427711e-01
   4.4947536e-02   9.4503012e-01
   4.5361526e-02   9.4578313e-01
   4.5631465e-02   9.4653614e-01
   4.5805555e-02   9.4728916e-01
   4.5946435e-02   9.4804217e-01
   4.6109493e-02   9.4879518e-01
   4.6641370e-02   9.4954819e-01
   4.6850731e-02   9.5030120e-01
   4.6898982e-02   9.5105422e-01
   4.7753454e-02   9.5180723e-01
   4.8129159e-02   9.5256024e-01
   4.8175980e-02   9.5331325e-01
   4.8544439e-02   9.5406627e-01
   4.8558135e-02   9.5481928e-01
   5.0561280e-02   9.5557229e-01
   5.0881534e-02   9.5632530e-01
   5.1740130e-02   9.5707831e-01
   5.2089482e-02   9.5783133e-01
   5.4423618e-02   9.5858434e-01
   5.5017049e-02   9.5933735e-01
   5.5116175e-02   9.6009036e-01
   5.5333637e-02   9.6084337e-01
   5.5395556e-02   9.6159639e-01
   5.5680364e-02   9.6234940e-01
   5.5788651e-02   9.6310241e-01
   5.9715933e-02   9.6385542e-01
   6.1329541e-02   9.6460843e-01
   6.1855148e-02   9.6536145e-01
   6.2127292e-02   9.6611446e-01
   6.2354797e-02   9.6686747e-01
   6.2886205e-02   9.6762048e-01
   6.3154317e-02   9.6837349e-01
   6.3891127e-02   9.6912651e-01
   6.5046553e-02   9.6987952e-01
   6.5062709e-02   9.7063253e-01
   6.5848737e-02   9.7138554e-01
   6.6501980e-02   9.7213855e-01
   6.9927188e-02   9.7289157e-01
   7.1113734e-02   9.7364458e-01
   7.1206626e-02   9.7439759e-01
   7.1562523e-02   9.7515060e-01
   7.2107639e-02   9.7590361e-01
   7.2435822e-02   9.7665663e-01
   7.3438626e-02   9.7740964e-01
   7.3744318e-02   9.7816265e-01
   7.5125174e-02   9.7891566e-01
   7.5131147e-02   9.7966867e-01
   7.5241606e-02   9.8042169e-01
   7.5955884e-02   9.8117470e-01
   7.7202427e-02   9.8192771e-01
   7.7864736e-02   9.8268072e-01
   7.7976404e-02   9.8343373e-01
   7.8664940e-02   9.8418675e-01
   7.9070791e-02   9.8493976e-01
   8.0208869e-02   9.8569277e-01
   8.5909123e-02   9.8644578e-01
   9.0149060e-02   9.8719880e-01
   9.0695481e-02   9.8795181e-01
   9.2000981e-02   9.8870482e-01
   9.3918898e-02   9.8945783e-01
   9.4383359e-02   9.9021084e-01
   9.7180488e-02   9.9096386e-01
   9.7837220e-02   9.9171687e-01
   1.0261964e-01   9.9246988e-01
   1.0503138e-01   9.9322289e-01
   1.0695916e-01   9.9397590e-01
   1.1141333e-01   9.9472892e-01
   1.1208991e-01   9.9548193e-01
   1.3921283e-01   9.9623494e-01
   1.7656844e-01   9.9698795e-01
   1.8547917e-01   9.9774096e-01
   2.2843763e-01   9.9849398e-01
   2.5626906e-01   9.9924699e-01
   2.8005937e-01   1.0000000e+00
