   9.1217734e-03   0.0000000e+00
   9.1217734e-03   3.2258065e-02
   1.0214582e-02   6.4516129e-02
   1.0927020e-02   9.6774194e-02
   1.5618290e-02   1.2903226e-01
   1.7004514e-02   1.6129032e-01
   1.9248495e-02   1.9354839e-01
   1.9939326e-02   2.2580645e-01
   2.0642331e-02   2.5806452e-01
   2.1022331e-02   2.9032258e-01
   2.1037807e-02   3.2258065e-01
   2.1070082e-02   3.5483871e-01
   2.2349116e-02   3.8709677e-01
   2.2404109e-02   4.1935484e-01
   2.3623785e-02   4.5161290e-01
   2.9336159e-02   4.8387097e-01
   2.9507488e-02   5.1612903e-01
   3.2234531e-02   5.4838710e-01
   3.3075078e-02   5.8064516e-01
   3.5364198e-02   6.1290323e-01
   3.7800902e-02   6.4516129e-01
   3.9697597e-02   6.7741935e-01
   5.0995068e-02   7.0967742e-01
   5.4582177e-02   7.4193548e-01
   5.5449553e-02   7.7419355e-01
   5.8317664e-02   8.0645161e-01
   6.4144343e-02   8.3870968e-01
   6.8119560e-02   8.7096774e-01
   7.2990713e-02   9.0322581e-01
   8.4906602e-02   9.3548387e-01
   8.5761557e-02   9.6774194e-01
   1.1456293e-01   1.0000000e+00
