   5.8000000e-03   0.0000000e+00
   5.8000000e-03   6.7114094e-03
   6.5248000e-03   1.3422819e-02
   7.2496000e-03   2.0134228e-02
   7.9744000e-03   3.3557047e-02
   9.7872000e-03   4.0268456e-02
   1.0512000e-02   4.6979866e-02
   1.1961600e-02   8.7248322e-02
   1.2324800e-02   1.1409396e-01
   1.3049600e-02   1.4093960e-01
   1.3412000e-02   1.4765101e-01
   1.3774400e-02   1.6107383e-01
   1.4136800e-02   1.8120805e-01
   1.4861600e-02   2.0134228e-01
   1.5949600e-02   2.1476510e-01
   1.6674400e-02   2.2147651e-01
   1.7036800e-02   2.4832215e-01
   1.8486400e-02   2.5503356e-01
   1.8848800e-02   2.6174497e-01
   1.9212000e-02   2.8187919e-01
   1.9574400e-02   3.1543624e-01
   1.9936800e-02   3.2214765e-01
   2.1024000e-02   3.3557047e-01
   2.1748800e-02   3.4228188e-01
   2.2111200e-02   3.5570470e-01
   2.2836800e-02   3.7583893e-01
   2.3561600e-02   3.9597315e-01
   2.5011200e-02   4.0268456e-01
   2.6098400e-02   4.0939597e-01
   2.6461600e-02   4.2281879e-01
   2.6824000e-02   4.2953020e-01
   2.7186400e-02   4.3624161e-01
   2.7548800e-02   4.4295302e-01
   2.8273600e-02   4.5637584e-01
   2.8636000e-02   4.6308725e-01
   2.8998400e-02   4.6979866e-01
   2.9360800e-02   4.7651007e-01
   2.9724000e-02   4.8322148e-01
   3.0086400e-02   4.8993289e-01
   3.1536000e-02   5.0335570e-01
   3.2623200e-02   5.1677852e-01
   3.2985600e-02   5.2348993e-01
   3.3348800e-02   5.3020134e-01
   3.3711200e-02   5.3691275e-01
   3.4073600e-02   5.5033557e-01
   3.4436000e-02   5.5704698e-01
   3.5160800e-02   5.7046980e-01
   3.5885600e-02   5.7718121e-01
   3.6610400e-02   5.8389262e-01
   3.7336000e-02   6.0402685e-01
   3.7698400e-02   6.1073826e-01
   3.8060800e-02   6.1744966e-01
   3.8423200e-02   6.2416107e-01
   3.9148000e-02   6.3087248e-01
   4.0235200e-02   6.3758389e-01
   4.0598400e-02   6.4429530e-01
   4.0960800e-02   6.5771812e-01
   4.1323200e-02   6.6442953e-01
   4.2048000e-02   6.7114094e-01
   4.3135200e-02   6.7785235e-01
   4.3497600e-02   6.8456376e-01
   4.3860800e-02   6.9798658e-01
   4.4585600e-02   7.0469799e-01
   4.5310400e-02   7.1140940e-01
   4.6397600e-02   7.3154362e-01
   4.8572800e-02   7.4496644e-01
   4.8935200e-02   7.5838926e-01
   5.1110400e-02   7.6510067e-01
   5.2197600e-02   7.7181208e-01
   5.2922400e-02   7.7852349e-01
   5.5097600e-02   7.8523490e-01
   5.5460000e-02   7.9194631e-01
   5.7272000e-02   8.0536913e-01
   5.7634400e-02   8.1208054e-01
   6.0172000e-02   8.2550336e-01
   6.0896800e-02   8.3221477e-01
   6.3072000e-02   8.3892617e-01
   6.3434400e-02   8.5234899e-01
   6.6696800e-02   8.6577181e-01
   6.8146400e-02   8.7248322e-01
   6.8509600e-02   8.7919463e-01
   6.9596800e-02   8.9261745e-01
   7.0321600e-02   8.9932886e-01
   7.1408800e-02   9.0604027e-01
   7.2134400e-02   9.1275168e-01
   7.4308800e-02   9.2617450e-01
   9.2432800e-02   9.3288591e-01
   9.3883200e-02   9.3959732e-01
   9.4245600e-02   9.4630872e-01
   9.7145600e-02   9.5302013e-01
   1.0693280e-01   9.5973154e-01
   1.0946960e-01   9.6644295e-01
   1.1780720e-01   9.7315436e-01
   1.2179440e-01   9.7986577e-01
   1.3810640e-01   9.8657718e-01
   1.4934320e-01   9.9328859e-01
   1.8414160e-01   1.0000000e+00
