   3.9504000e-03   0.0000000e+00
   3.9504000e-03   3.3783784e-03
   4.9384000e-03   1.3513514e-02
   5.4320000e-03   3.3783784e-02
   5.9256000e-03   4.0540541e-02
   6.4200000e-03   5.7432432e-02
   6.9136000e-03   7.4324324e-02
   7.4072000e-03   1.0135135e-01
   7.9016000e-03   1.2837838e-01
   8.3952000e-03   1.5878378e-01
   8.8888000e-03   1.7905405e-01
   9.3824000e-03   1.9932432e-01
   9.8768000e-03   2.1283784e-01
   1.0370400e-02   2.2635135e-01
   1.0864000e-02   2.6351351e-01
   1.1358400e-02   2.9054054e-01
   1.1852000e-02   3.0405405e-01
   1.2345600e-02   3.2432432e-01
   1.2839200e-02   3.4459459e-01
   1.3333600e-02   3.7162162e-01
   1.3827200e-02   3.9189189e-01
   1.4320800e-02   4.1216216e-01
   1.4815200e-02   4.1891892e-01
   1.5308800e-02   4.2229730e-01
   1.5802400e-02   4.2567568e-01
   1.6296000e-02   4.4256757e-01
   1.6790400e-02   4.4932432e-01
   1.7284000e-02   4.6959459e-01
   1.7777600e-02   4.7972973e-01
   1.8271200e-02   4.8986486e-01
   1.9259200e-02   5.0337838e-01
   1.9752800e-02   5.1013514e-01
   2.0247200e-02   5.2702703e-01
   2.0740800e-02   5.3716216e-01
   2.1234400e-02   5.5067568e-01
   2.1728800e-02   5.6418919e-01
   2.2222400e-02   5.7094595e-01
   2.2716000e-02   5.8445946e-01
   2.3209600e-02   5.9121622e-01
   2.3704000e-02   5.9459459e-01
   2.4197600e-02   6.0135135e-01
   2.4691200e-02   6.0472973e-01
   2.5185600e-02   6.1486486e-01
   2.5679200e-02   6.2500000e-01
   2.6666400e-02   6.2837838e-01
   2.7160800e-02   6.3513514e-01
   2.7654400e-02   6.3851351e-01
   2.8148000e-02   6.4189189e-01
   2.8642400e-02   6.4864865e-01
   2.9136000e-02   6.6216216e-01
   2.9629600e-02   6.6554054e-01
   3.0123200e-02   6.7229730e-01
   3.0617600e-02   6.7567568e-01
   3.1604800e-02   6.7905405e-01
   3.2098400e-02   6.8243243e-01
   3.2592800e-02   6.8581081e-01
   3.3086400e-02   6.9256757e-01
   3.3580000e-02   6.9594595e-01
   3.4074400e-02   6.9932432e-01
   3.4568000e-02   7.0270270e-01
   3.5061600e-02   7.0608108e-01
   3.5555200e-02   7.1283784e-01
   3.6543200e-02   7.2297297e-01
   3.7036800e-02   7.2635135e-01
   3.7531200e-02   7.2972973e-01
   3.8024800e-02   7.3310811e-01
   3.8518400e-02   7.3986486e-01
   3.9506400e-02   7.4662162e-01
   4.0493600e-02   7.5000000e-01
   4.0988000e-02   7.5337838e-01
   4.2468800e-02   7.6351351e-01
   4.3456800e-02   7.6689189e-01
   4.3950400e-02   7.7027027e-01
   4.4444800e-02   7.7702703e-01
   4.4938400e-02   7.8378378e-01
   4.5925600e-02   7.8716216e-01
   4.6420000e-02   7.9391892e-01
   4.6913600e-02   8.0067568e-01
   4.7407200e-02   8.0405405e-01
   4.7900800e-02   8.1081081e-01
   4.8888800e-02   8.1418919e-01
   4.9876800e-02   8.1756757e-01
   5.0370400e-02   8.3108108e-01
   5.0864000e-02   8.3783784e-01
   5.1358400e-02   8.4797297e-01
   5.4814400e-02   8.5472973e-01
   5.5308800e-02   8.5810811e-01
   5.5802400e-02   8.6148649e-01
   5.6296000e-02   8.6486486e-01
   5.7284000e-02   8.8175676e-01
   5.7777600e-02   8.8513514e-01
   5.8272000e-02   8.8851351e-01
   5.8765600e-02   8.9527027e-01
   5.9259200e-02   8.9864865e-01
   6.0247200e-02   9.0540541e-01
   6.1234400e-02   9.0878378e-01
   6.2222400e-02   9.1216216e-01
   6.4197600e-02   9.1554054e-01
   6.5184800e-02   9.1891892e-01
   6.7654400e-02   9.2229730e-01
   6.9136000e-02   9.2905405e-01
   6.9629600e-02   9.3581081e-01
   7.0123200e-02   9.3918919e-01
   7.1111200e-02   9.4256757e-01
   7.2098400e-02   9.4594595e-01
   7.4568000e-02   9.4932432e-01
   7.5061600e-02   9.5270270e-01
   7.7036800e-02   9.5608108e-01
   7.9506400e-02   9.5945946e-01
   8.3950400e-02   9.6621622e-01
   9.2839200e-02   9.6959459e-01
   9.5308800e-02   9.7297297e-01
   9.6790400e-02   9.7635135e-01
   9.7777600e-02   9.7972973e-01
   1.1061760e-01   9.8310811e-01
   1.6345680e-01   9.8648649e-01
   1.7135840e-01   9.8986486e-01
   1.7185200e-01   9.9324324e-01
   1.8222240e-01   9.9662162e-01
   2.1481520e-01   1.0000000e+00
