   3.4024000e-03   0.0000000e+00
   3.4024000e-03   6.2893082e-03
   4.1584000e-03   1.2578616e-02
   4.9152000e-03   3.1446541e-02
   5.2928000e-03   5.0314465e-02
   5.6712000e-03   6.2893082e-02
   6.4272000e-03   1.0062893e-01
   6.8056000e-03   1.4465409e-01
   7.1832000e-03   1.5723270e-01
   7.5616000e-03   1.6981132e-01
   7.9392000e-03   2.0754717e-01
   8.3176000e-03   2.3899371e-01
   8.6960000e-03   2.6415094e-01
   9.0736000e-03   2.7044025e-01
   9.4520000e-03   2.8301887e-01
   9.8296000e-03   2.8930818e-01
   1.0208000e-02   3.0817610e-01
   1.0585600e-02   3.2704403e-01
   1.0964000e-02   3.5220126e-01
   1.1342400e-02   3.7735849e-01
   1.1720000e-02   3.9622642e-01
   1.2098400e-02   4.0251572e-01
   1.2476000e-02   4.2767296e-01
   1.2854400e-02   4.4025157e-01
   1.3232800e-02   4.4654088e-01
   1.3610400e-02   4.7169811e-01
   1.3988800e-02   5.0314465e-01
   1.4366400e-02   5.1572327e-01
   1.4744800e-02   5.4716981e-01
   1.5123200e-02   5.5345912e-01
   1.5500800e-02   5.6603774e-01
   1.5879200e-02   5.7232704e-01
   1.6256800e-02   5.9119497e-01
   1.7013600e-02   5.9748428e-01
   1.7769600e-02   6.0377358e-01
   1.8147200e-02   6.1006289e-01
   1.8525600e-02   6.2264151e-01
   1.8904000e-02   6.2893082e-01
   1.9281600e-02   6.3522013e-01
   1.9660000e-02   6.5408805e-01
   2.0416000e-02   6.6037736e-01
   2.0793600e-02   6.7924528e-01
   2.1172000e-02   6.9811321e-01
   2.1928000e-02   7.1698113e-01
   2.2306400e-02   7.3584906e-01
   2.2684000e-02   7.4213836e-01
   2.3062400e-02   7.4842767e-01
   2.3440800e-02   7.6100629e-01
   2.3818400e-02   7.7358491e-01
   2.5330400e-02   7.8616352e-01
   2.5708800e-02   7.9245283e-01
   2.6087200e-02   7.9874214e-01
   2.6464800e-02   8.1132075e-01
   2.7221600e-02   8.1761006e-01
   2.7977600e-02   8.3018868e-01
   2.8355200e-02   8.4276730e-01
   2.8733600e-02   8.4905660e-01
   2.9868000e-02   8.5534591e-01
   3.0245600e-02   8.6163522e-01
   3.4404800e-02   8.7421384e-01
   3.5160800e-02   8.8679245e-01
   3.5538400e-02   8.9308176e-01
   3.5916800e-02   8.9937107e-01
   3.6672800e-02   9.1194969e-01
   3.7428800e-02   9.1823899e-01
   3.8185600e-02   9.2452830e-01
   4.1209600e-02   9.3081761e-01
   4.1965600e-02   9.3710692e-01
   4.3100000e-02   9.4339623e-01
   4.4612800e-02   9.4968553e-01
   4.4990400e-02   9.5597484e-01
   4.6880800e-02   9.6226415e-01
   4.7636800e-02   9.6855346e-01
   5.8223200e-02   9.7484277e-01
   6.2760000e-02   9.8113208e-01
   6.8052800e-02   9.8742138e-01
   6.8808800e-02   9.9371069e-01
   1.0964080e-01   1.0000000e+00
