   5.3100972e-03   0.0000000e+00
   5.3100972e-03   8.3542189e-04
   5.6419825e-03   1.6708438e-03
   6.2834985e-03   3.3416876e-03
   6.5005297e-03   4.1771094e-03
   6.5663679e-03   5.0125313e-03
   6.8687443e-03   6.6833751e-03
   6.9854718e-03   7.5187970e-03
   7.1873348e-03   9.1896408e-03
   7.1881665e-03   1.0860485e-02
   7.2409702e-03   1.2531328e-02
   7.3519468e-03   1.3366750e-02
   7.5162565e-03   1.5037594e-02
   7.5224633e-03   1.6708438e-02
   7.5918598e-03   2.0885547e-02
   7.8092381e-03   2.3391813e-02
   7.8144473e-03   2.8404344e-02
   7.8548581e-03   3.2581454e-02
   7.8697394e-03   3.5087719e-02
   7.8904556e-03   3.5923141e-02
   7.9140537e-03   3.6758563e-02
   7.9491971e-03   3.7593985e-02
   8.1179996e-03   4.2606516e-02
   8.1356552e-03   4.6783626e-02
   8.1373132e-03   4.7619048e-02
   8.1492902e-03   5.0960735e-02
   8.2007436e-03   5.4302423e-02
   8.2283516e-03   5.5973266e-02
   8.2782295e-03   5.6808688e-02
   8.3127210e-03   5.9314954e-02
   8.3544916e-03   6.0150376e-02
   8.4324730e-03   6.9340017e-02
   8.4408093e-03   7.1846282e-02
   8.4700817e-03   7.3517126e-02
   8.4961110e-03   7.5187970e-02
   8.5535836e-03   7.8529657e-02
   8.5975268e-03   8.1035923e-02
   8.6816544e-03   8.4377611e-02
   8.7436803e-03   9.0225564e-02
   8.7555697e-03   9.7744361e-02
   8.7761172e-03   1.0442774e-01
   8.8121439e-03   1.0944027e-01
   8.8541290e-03   1.1111111e-01
   8.9125521e-03   1.1695906e-01
   8.9747665e-03   1.1862991e-01
   9.0553361e-03   1.1946533e-01
   9.0556803e-03   1.2614871e-01
   9.0677956e-03   1.3283208e-01
   9.0868915e-03   1.4118630e-01
   9.1231535e-03   1.4369256e-01
   9.1369082e-03   1.4452799e-01
   9.1609865e-03   1.4954052e-01
   9.2208767e-03   1.5037594e-01
   9.2385315e-03   1.5121136e-01
   9.2769377e-03   1.5204678e-01
   9.3596489e-03   1.5538847e-01
   9.3690083e-03   1.6040100e-01
   9.3764034e-03   1.6708438e-01
   9.4040744e-03   1.7293233e-01
   9.4255711e-03   1.8629908e-01
   9.4794987e-03   1.8713450e-01
   9.5158637e-03   1.9381788e-01
   9.5958929e-03   1.9548872e-01
   9.6461267e-03   1.9966583e-01
   9.6793550e-03   2.1219716e-01
   9.6948447e-03   2.1720969e-01
   9.7049850e-03   2.2472849e-01
   9.7501580e-03   2.2807018e-01
   9.7512691e-03   2.2890560e-01
   9.7708433e-03   2.3642439e-01
   9.8147685e-03   2.3725982e-01
   9.8446681e-03   2.4060150e-01
   9.8761252e-03   2.4477861e-01
   9.9438001e-03   2.4561404e-01
   9.9782454e-03   2.4644946e-01
   9.9950793e-03   2.5313283e-01
   9.9979851e-03   2.6482874e-01
   1.0019588e-02   2.6733500e-01
   1.0030901e-02   2.7234754e-01
   1.0040654e-02   2.8153718e-01
   1.0105552e-02   2.8237260e-01
   1.0122034e-02   2.8989140e-01
   1.0148847e-02   2.9156224e-01
   1.0171376e-02   2.9239766e-01
   1.0199621e-02   2.9323308e-01
   1.0217716e-02   2.9490393e-01
   1.0241203e-02   2.9741019e-01
   1.0303951e-02   3.1328321e-01
   1.0321365e-02   3.1829574e-01
   1.0324132e-02   3.2414369e-01
   1.0354643e-02   3.2497911e-01
   1.0376684e-02   3.2748538e-01
   1.0382722e-02   3.3500418e-01
   1.0469307e-02   3.4335840e-01
   1.0478547e-02   3.5254804e-01
   1.0551710e-02   3.5421888e-01
   1.0587400e-02   3.5505430e-01
   1.0597809e-02   3.5588972e-01
   1.0610599e-02   3.5672515e-01
   1.0620706e-02   3.6591479e-01
   1.0620752e-02   3.7176274e-01
   1.0657105e-02   3.7426901e-01
   1.0657728e-02   3.7677527e-01
   1.0730577e-02   3.8178780e-01
   1.0731253e-02   3.8429407e-01
   1.0769668e-02   3.8512949e-01
   1.0777546e-02   3.8596491e-01
   1.0839858e-02   3.8930660e-01
   1.0840583e-02   3.9264829e-01
   1.0928328e-02   3.9682540e-01
   1.0944660e-02   4.0517962e-01
   1.0947920e-02   4.0935673e-01
   1.0959274e-02   4.1102757e-01
   1.0977796e-02   4.1186299e-01
   1.0983878e-02   4.1353383e-01
   1.0996284e-02   4.1854637e-01
   1.1003245e-02   4.2522974e-01
   1.1083676e-02   4.2606516e-01
   1.1093766e-02   4.2690058e-01
   1.1161293e-02   4.2857143e-01
   1.1161712e-02   4.2940685e-01
   1.1205503e-02   4.3358396e-01
   1.1218633e-02   4.3692565e-01
   1.1243422e-02   4.4026734e-01
   1.1246553e-02   4.4360902e-01
   1.1275192e-02   4.4695071e-01
   1.1284555e-02   4.5697577e-01
   1.1341113e-02   4.6115288e-01
   1.1357079e-02   4.6449457e-01
   1.1360658e-02   4.6532999e-01
   1.1371034e-02   4.6616541e-01
   1.1376297e-02   4.6700084e-01
   1.1441532e-02   4.6950710e-01
   1.1471709e-02   4.7034252e-01
   1.1547798e-02   4.7284879e-01
   1.1552971e-02   4.7535505e-01
   1.1565419e-02   4.7953216e-01
   1.1566267e-02   4.8036759e-01
   1.1574505e-02   4.8370927e-01
   1.1575071e-02   4.8538012e-01
   1.1602794e-02   4.9122807e-01
   1.1610462e-02   4.9206349e-01
   1.1611741e-02   4.9540518e-01
   1.1629834e-02   4.9874687e-01
   1.1691091e-02   5.0125313e-01
   1.1718478e-02   5.0292398e-01
   1.1734033e-02   5.0375940e-01
   1.1740601e-02   5.0459482e-01
   1.1803712e-02   5.0793651e-01
   1.1866572e-02   5.1044277e-01
   1.1872462e-02   5.1545530e-01
   1.1893759e-02   5.1796157e-01
   1.1911382e-02   5.2297410e-01
   1.1948198e-02   5.2380952e-01
   1.1953799e-02   5.3049290e-01
   1.1983009e-02   5.3467001e-01
   1.1992479e-02   5.3801170e-01
   1.2045771e-02   5.4135338e-01
   1.2086762e-02   5.4469507e-01
   1.2124137e-02   5.4636591e-01
   1.2162910e-02   5.4720134e-01
   1.2169831e-02   5.4887218e-01
   1.2175271e-02   5.4970760e-01
   1.2177838e-02   5.5388471e-01
   1.2186800e-02   5.5806182e-01
   1.2201115e-02   5.5973266e-01
   1.2221823e-02   5.6056809e-01
   1.2227930e-02   5.6474520e-01
   1.2256447e-02   5.6558062e-01
   1.2300906e-02   5.7059315e-01
   1.2325275e-02   5.7142857e-01
   1.2328781e-02   5.7226399e-01
   1.2343404e-02   5.7309942e-01
   1.2387167e-02   5.7560568e-01
   1.2404747e-02   5.7644110e-01
   1.2461322e-02   5.7727652e-01
   1.2490089e-02   5.8145363e-01
   1.2498464e-02   5.8813701e-01
   1.2509554e-02   5.8897243e-01
   1.2513148e-02   5.9314954e-01
   1.2538209e-02   5.9482038e-01
   1.2567468e-02   5.9899749e-01
   1.2609029e-02   6.0066834e-01
   1.2609334e-02   6.0233918e-01
   1.2627366e-02   6.0317460e-01
   1.2652646e-02   6.0651629e-01
   1.2710403e-02   6.1152882e-01
   1.2722078e-02   6.1236424e-01
   1.2768349e-02   6.1487051e-01
   1.2802897e-02   6.1821220e-01
   1.2808712e-02   6.2071846e-01
   1.2827746e-02   6.2322473e-01
   1.2845149e-02   6.2573099e-01
   1.2883081e-02   6.2656642e-01
   1.2911949e-02   6.2823726e-01
   1.2913249e-02   6.2907268e-01
   1.2968513e-02   6.2990810e-01
   1.3001742e-02   6.3074353e-01
   1.3009321e-02   6.3408521e-01
   1.3083452e-02   6.3742690e-01
   1.3113922e-02   6.3993317e-01
   1.3124544e-02   6.4243943e-01
   1.3133243e-02   6.4494570e-01
   1.3134876e-02   6.4578112e-01
   1.3165036e-02   6.4828739e-01
   1.3182375e-02   6.4995823e-01
   1.3189750e-02   6.5079365e-01
   1.3235124e-02   6.5162907e-01
   1.3369243e-02   6.5580618e-01
   1.3431080e-02   6.5664160e-01
   1.3454395e-02   6.6165414e-01
   1.3462046e-02   6.6499582e-01
   1.3463255e-02   6.6583124e-01
   1.3471070e-02   6.6666667e-01
   1.3509734e-02   6.6833751e-01
   1.3525087e-02   6.7084378e-01
   1.3593781e-02   6.7167920e-01
   1.3614905e-02   6.7335004e-01
   1.3706009e-02   6.7502089e-01
   1.3732775e-02   6.7752715e-01
   1.3738027e-02   6.8003342e-01
   1.3750692e-02   6.8170426e-01
   1.3753948e-02   6.8421053e-01
   1.3791863e-02   6.8588137e-01
   1.3798993e-02   6.8755221e-01
   1.3820381e-02   6.8838764e-01
   1.3857797e-02   6.8922306e-01
   1.3861286e-02   6.9256475e-01
   1.3871634e-02   6.9423559e-01
   1.3958541e-02   6.9507101e-01
   1.3972046e-02   6.9674185e-01
   1.4049338e-02   6.9757728e-01
   1.4053487e-02   6.9924812e-01
   1.4081060e-02   7.0008354e-01
   1.4082757e-02   7.0426065e-01
   1.4138828e-02   7.0927318e-01
   1.4219186e-02   7.1094403e-01
   1.4234098e-02   7.1177945e-01
   1.4253310e-02   7.1512114e-01
   1.4332784e-02   7.1679198e-01
   1.4362370e-02   7.1846282e-01
   1.4375797e-02   7.2096909e-01
   1.4376899e-02   7.2180451e-01
   1.4410851e-02   7.2263993e-01
   1.4415904e-02   7.2347536e-01
   1.4432980e-02   7.2431078e-01
   1.4468347e-02   7.2514620e-01
   1.4469573e-02   7.2598162e-01
   1.4483055e-02   7.2681704e-01
   1.4487506e-02   7.2765246e-01
   1.4576875e-02   7.2932331e-01
   1.4582965e-02   7.3099415e-01
   1.4631606e-02   7.3182957e-01
   1.4677556e-02   7.3433584e-01
   1.4678978e-02   7.3684211e-01
   1.4696854e-02   7.3851295e-01
   1.4702305e-02   7.4018379e-01
   1.4763082e-02   7.4101921e-01
   1.4851613e-02   7.4185464e-01
   1.4934996e-02   7.4352548e-01
   1.4987507e-02   7.4519632e-01
   1.4997496e-02   7.4937343e-01
   1.5045517e-02   7.5271512e-01
   1.5064015e-02   7.5355054e-01
   1.5084979e-02   7.5522139e-01
   1.5113776e-02   7.5605681e-01
   1.5115820e-02   7.5689223e-01
   1.5207586e-02   7.6023392e-01
   1.5219108e-02   7.6106934e-01
   1.5296442e-02   7.6357561e-01
   1.5300967e-02   7.6608187e-01
   1.5305154e-02   7.6691729e-01
   1.5322445e-02   7.6942356e-01
   1.5326479e-02   7.7109440e-01
   1.5334430e-02   7.7360067e-01
   1.5369477e-02   7.7610693e-01
   1.5389775e-02   7.7944862e-01
   1.5423717e-02   7.8028404e-01
   1.5441832e-02   7.8111947e-01
   1.5469877e-02   7.8195489e-01
   1.5470341e-02   7.8362573e-01
   1.5539156e-02   7.8613200e-01
   1.5575736e-02   7.8696742e-01
   1.5595647e-02   7.8780284e-01
   1.5612238e-02   7.8863826e-01
   1.5619604e-02   7.9030911e-01
   1.5630026e-02   7.9114453e-01
   1.5637104e-02   7.9197995e-01
   1.5652091e-02   7.9281537e-01
   1.5660982e-02   7.9365079e-01
   1.5672344e-02   7.9699248e-01
   1.5709541e-02   7.9782790e-01
   1.5740090e-02   8.0200501e-01
   1.5791682e-02   8.0367586e-01
   1.5827406e-02   8.0534670e-01
   1.5832382e-02   8.0618212e-01
   1.5898131e-02   8.0701754e-01
   1.5924648e-02   8.1035923e-01
   1.5930849e-02   8.1203008e-01
   1.5943107e-02   8.1370092e-01
   1.5961683e-02   8.1537176e-01
   1.6016479e-02   8.1704261e-01
   1.6053557e-02   8.1871345e-01
   1.6096065e-02   8.1954887e-01
   1.6234228e-02   8.2038429e-01
   1.6237130e-02   8.2372598e-01
   1.6242076e-02   8.2623225e-01
   1.6256370e-02   8.2873851e-01
   1.6260197e-02   8.2957393e-01
   1.6271186e-02   8.3040936e-01
   1.6299711e-02   8.3208020e-01
   1.6324331e-02   8.3291562e-01
   1.6326426e-02   8.3375104e-01
   1.6366443e-02   8.3542189e-01
   1.6457333e-02   8.3709273e-01
   1.6501692e-02   8.3876358e-01
   1.6556630e-02   8.4210526e-01
   1.6564234e-02   8.4377611e-01
   1.6603570e-02   8.4461153e-01
   1.6625150e-02   8.4544695e-01
   1.6648253e-02   8.4628237e-01
   1.6721871e-02   8.4795322e-01
   1.6862166e-02   8.4878864e-01
   1.6864870e-02   8.4962406e-01
   1.6867386e-02   8.5045948e-01
   1.6882750e-02   8.5296575e-01
   1.6926538e-02   8.5380117e-01
   1.6940004e-02   8.5463659e-01
   1.6947823e-02   8.5547201e-01
   1.6993350e-02   8.5714286e-01
   1.6993502e-02   8.5797828e-01
   1.7012126e-02   8.5881370e-01
   1.7082420e-02   8.5964912e-01
   1.7146824e-02   8.6048454e-01
   1.7172695e-02   8.6215539e-01
   1.7182487e-02   8.6382623e-01
   1.7185775e-02   8.6716792e-01
   1.7194408e-02   8.6800334e-01
   1.7215113e-02   8.6883876e-01
   1.7270442e-02   8.6967419e-01
   1.7290931e-02   8.7050961e-01
   1.7487330e-02   8.7134503e-01
   1.7487953e-02   8.7218045e-01
   1.7509162e-02   8.7385129e-01
   1.7523997e-02   8.7468672e-01
   1.7553365e-02   8.7552214e-01
   1.7556467e-02   8.7635756e-01
   1.7590044e-02   8.7719298e-01
   1.7619770e-02   8.7802840e-01
   1.7624096e-02   8.7969925e-01
   1.7714332e-02   8.8220551e-01
   1.7807687e-02   8.8387636e-01
   1.7808413e-02   8.8471178e-01
   1.7840390e-02   8.8554720e-01
   1.7841840e-02   8.8638262e-01
   1.7971986e-02   8.8805347e-01
   1.7974205e-02   8.8888889e-01
   1.8111293e-02   8.9055973e-01
   1.8112609e-02   8.9139515e-01
   1.8135602e-02   8.9473684e-01
   1.8421504e-02   8.9557226e-01
   1.8434400e-02   8.9807853e-01
   1.8459652e-02   8.9891395e-01
   1.8488090e-02   8.9974937e-01
   1.8511203e-02   9.0058480e-01
   1.8554274e-02   9.0142022e-01
   1.8569810e-02   9.0225564e-01
   1.8675863e-02   9.0309106e-01
   1.8697231e-02   9.0476190e-01
   1.8734867e-02   9.0643275e-01
   1.8737991e-02   9.0726817e-01
   1.8752706e-02   9.0893901e-01
   1.8807018e-02   9.1144528e-01
   1.8814644e-02   9.1228070e-01
   1.8851613e-02   9.1395155e-01
   1.9046147e-02   9.1729323e-01
   1.9052476e-02   9.1896408e-01
   1.9074659e-02   9.1979950e-01
   1.9080029e-02   9.2063492e-01
   1.9150648e-02   9.2314119e-01
   1.9191589e-02   9.2397661e-01
   1.9358650e-02   9.2481203e-01
   1.9374735e-02   9.2648287e-01
   1.9438308e-02   9.2731830e-01
   1.9518528e-02   9.2815372e-01
   1.9584385e-02   9.2982456e-01
   1.9637682e-02   9.3065998e-01
   1.9665083e-02   9.3149541e-01
   1.9752662e-02   9.3233083e-01
   1.9777395e-02   9.3483709e-01
   1.9891922e-02   9.3567251e-01
   1.9946789e-02   9.3650794e-01
   1.9956265e-02   9.3734336e-01
   1.9994750e-02   9.3817878e-01
   1.9996488e-02   9.3984962e-01
   2.0060350e-02   9.4068505e-01
   2.0117372e-02   9.4152047e-01
   2.0125705e-02   9.4235589e-01
   2.0298957e-02   9.4319131e-01
   2.0312671e-02   9.4402673e-01
   2.0313254e-02   9.4486216e-01
   2.0415911e-02   9.4569758e-01
   2.0422326e-02   9.4736842e-01
   2.0648765e-02   9.4820384e-01
   2.0683564e-02   9.4903926e-01
   2.0697929e-02   9.5071011e-01
   2.0716360e-02   9.5154553e-01
   2.0752240e-02   9.5238095e-01
   2.0765906e-02   9.5321637e-01
   2.0921443e-02   9.5405180e-01
   2.0939415e-02   9.5488722e-01
   2.0957518e-02   9.5572264e-01
   2.0980104e-02   9.5655806e-01
   2.1057515e-02   9.5739348e-01
   2.1268704e-02   9.5822891e-01
   2.1434918e-02   9.5906433e-01
   2.1545736e-02   9.5989975e-01
   2.1730952e-02   9.6073517e-01
   2.1815593e-02   9.6157059e-01
   2.1856115e-02   9.6240602e-01
   2.1866717e-02   9.6491228e-01
   2.1918547e-02   9.6574770e-01
   2.2169417e-02   9.6658312e-01
   2.2171793e-02   9.6741855e-01
   2.2186756e-02   9.6825397e-01
   2.2217781e-02   9.6908939e-01
   2.2268406e-02   9.6992481e-01
   2.2421944e-02   9.7076023e-01
   2.2509402e-02   9.7243108e-01
   2.2519154e-02   9.7326650e-01
   2.2525133e-02   9.7410192e-01
   2.2607697e-02   9.7493734e-01
   2.2632467e-02   9.7577277e-01
   2.2984023e-02   9.7660819e-01
   2.3101578e-02   9.7744361e-01
   2.3118430e-02   9.7827903e-01
   2.3148435e-02   9.7911445e-01
   2.3417281e-02   9.7994987e-01
   2.3481800e-02   9.8078530e-01
   2.3502156e-02   9.8162072e-01
   2.3538498e-02   9.8245614e-01
   2.4051257e-02   9.8412698e-01
   2.4077396e-02   9.8496241e-01
   2.4120433e-02   9.8579783e-01
   2.4165272e-02   9.8663325e-01
   2.4208903e-02   9.8746867e-01
   2.4236694e-02   9.8830409e-01
   2.4373084e-02   9.8913952e-01
   2.5026416e-02   9.8997494e-01
   2.5408813e-02   9.9081036e-01
   2.5785157e-02   9.9164578e-01
   2.6044645e-02   9.9248120e-01
   2.6364915e-02   9.9331662e-01
   2.6695534e-02   9.9415205e-01
   2.7790509e-02   9.9498747e-01
   2.8568081e-02   9.9582289e-01
   2.9030660e-02   9.9665831e-01
   3.0919318e-02   9.9749373e-01
   3.2314649e-02   9.9832916e-01
   3.4074766e-02   9.9916458e-01
   4.4985093e-02   1.0000000e+00
