   8.0344325e-03   0.0000000e+00
   8.0344325e-03   3.7313433e-03
   8.1132730e-03   7.4626866e-03
   8.2958852e-03   1.1194030e-02
   8.3816480e-03   1.4925373e-02
   8.6713438e-03   2.2388060e-02
   8.7191903e-03   2.6119403e-02
   8.7447712e-03   2.9850746e-02
   8.7800036e-03   3.3582090e-02
   8.9405738e-03   3.7313433e-02
   8.9465866e-03   4.1044776e-02
   9.2185461e-03   4.4776119e-02
   9.4220445e-03   4.8507463e-02
   1.0012347e-02   5.2238806e-02
   1.0058425e-02   5.5970149e-02
   1.0231027e-02   5.9701493e-02
   1.0347380e-02   6.3432836e-02
   1.0402890e-02   6.7164179e-02
   1.0620040e-02   7.8358209e-02
   1.0957030e-02   8.2089552e-02
   1.1014346e-02   8.5820896e-02
   1.1266130e-02   8.9552239e-02
   1.1468674e-02   9.3283582e-02
   1.1502940e-02   1.0074627e-01
   1.1601309e-02   1.0447761e-01
   1.1736505e-02   1.0820896e-01
   1.1778707e-02   1.1194030e-01
   1.2066012e-02   1.1567164e-01
   1.2132081e-02   1.1940299e-01
   1.2293569e-02   1.2313433e-01
   1.2581855e-02   1.3059701e-01
   1.2684040e-02   1.3805970e-01
   1.2763811e-02   1.4179104e-01
   1.2770234e-02   1.4552239e-01
   1.2851935e-02   1.4925373e-01
   1.3159021e-02   1.5298507e-01
   1.3356594e-02   1.5671642e-01
   1.3549823e-02   1.6044776e-01
   1.3641523e-02   1.6417910e-01
   1.3968947e-02   1.6791045e-01
   1.4193171e-02   1.7164179e-01
   1.4246266e-02   1.7537313e-01
   1.4257711e-02   1.7910448e-01
   1.4397531e-02   1.8283582e-01
   1.4528712e-02   1.8656716e-01
   1.4590382e-02   1.9402985e-01
   1.5085970e-02   1.9776119e-01
   1.5922192e-02   2.0149254e-01
   1.6069293e-02   2.0522388e-01
   1.6204930e-02   2.0895522e-01
   1.6256627e-02   2.1268657e-01
   1.6572004e-02   2.1641791e-01
   1.6761727e-02   2.2014925e-01
   1.6857733e-02   2.2388060e-01
   1.7176246e-02   2.3134328e-01
   1.7259855e-02   2.3507463e-01
   1.7319778e-02   2.4253731e-01
   1.7368932e-02   2.4626866e-01
   1.7750366e-02   2.5000000e-01
   1.7837495e-02   2.5373134e-01
   1.7881148e-02   2.5746269e-01
   1.7974218e-02   2.6119403e-01
   1.8089345e-02   2.6492537e-01
   1.8185715e-02   2.6865672e-01
   1.8521244e-02   2.7238806e-01
   1.8621014e-02   2.7611940e-01
   1.8721136e-02   2.8358209e-01
   1.8810464e-02   2.8731343e-01
   1.8835985e-02   2.9104478e-01
   1.9008395e-02   2.9477612e-01
   1.9274765e-02   2.9850746e-01
   1.9360675e-02   3.0223881e-01
   1.9389327e-02   3.0597015e-01
   1.9417774e-02   3.0970149e-01
   1.9552431e-02   3.1716418e-01
   1.9592287e-02   3.2089552e-01
   1.9594830e-02   3.2462687e-01
   1.9663848e-02   3.2835821e-01
   1.9678792e-02   3.3208955e-01
   1.9915053e-02   3.3582090e-01
   2.0024257e-02   3.3955224e-01
   2.0136046e-02   3.4328358e-01
   2.0193932e-02   3.4701493e-01
   2.0395804e-02   3.5074627e-01
   2.0462513e-02   3.5447761e-01
   2.0805781e-02   3.5820896e-01
   2.1086164e-02   3.6194030e-01
   2.1115929e-02   3.6567164e-01
   2.1181434e-02   3.6940299e-01
   2.1252939e-02   3.7313433e-01
   2.1454780e-02   3.7686567e-01
   2.1512190e-02   3.8059701e-01
   2.1599072e-02   3.8432836e-01
   2.1798259e-02   3.8805970e-01
   2.2198910e-02   3.9179104e-01
   2.2381275e-02   3.9925373e-01
   2.2385201e-02   4.0298507e-01
   2.2434062e-02   4.0671642e-01
   2.2467069e-02   4.1044776e-01
   2.2583200e-02   4.1417910e-01
   2.2638349e-02   4.1791045e-01
   2.2645395e-02   4.2164179e-01
   2.2756377e-02   4.2537313e-01
   2.2884865e-02   4.2910448e-01
   2.3487384e-02   4.3283582e-01
   2.3653512e-02   4.3656716e-01
   2.3712691e-02   4.4029851e-01
   2.3760642e-02   4.4402985e-01
   2.3767502e-02   4.4776119e-01
   2.4022693e-02   4.5149254e-01
   2.4304387e-02   4.5522388e-01
   2.4613455e-02   4.5895522e-01
   2.5140262e-02   4.6268657e-01
   2.5151151e-02   4.6641791e-01
   2.5412159e-02   4.7014925e-01
   2.6101254e-02   4.7388060e-01
   2.6161576e-02   4.7761194e-01
   2.6317439e-02   4.8134328e-01
   2.6511092e-02   4.8880597e-01
   2.6632785e-02   4.9253731e-01
   2.6908885e-02   4.9626866e-01
   2.7166295e-02   5.0000000e-01
   2.7283045e-02   5.0373134e-01
   2.7724348e-02   5.0746269e-01
   2.7940988e-02   5.1119403e-01
   2.8387650e-02   5.1492537e-01
   2.8803780e-02   5.1865672e-01
   2.8856841e-02   5.2238806e-01
   2.8877784e-02   5.2611940e-01
   2.9056865e-02   5.2985075e-01
   2.9472498e-02   5.3358209e-01
   3.0040586e-02   5.3731343e-01
   3.0514799e-02   5.4104478e-01
   3.0900823e-02   5.4477612e-01
   3.0919459e-02   5.4850746e-01
   3.1041595e-02   5.5223881e-01
   3.1082533e-02   5.5597015e-01
   3.1573756e-02   5.5970149e-01
   3.2770179e-02   5.6343284e-01
   3.3083793e-02   5.6716418e-01
   3.3370860e-02   5.7089552e-01
   3.3798729e-02   5.7462687e-01
   3.3960732e-02   5.7835821e-01
   3.4941036e-02   5.8208955e-01
   3.5768840e-02   5.8582090e-01
   3.6122640e-02   5.8955224e-01
   3.6593106e-02   5.9328358e-01
   3.6975905e-02   5.9701493e-01
   3.7485497e-02   6.0074627e-01
   3.7738657e-02   6.0447761e-01
   3.7773000e-02   6.1194030e-01
   3.8037316e-02   6.1567164e-01
   3.8069271e-02   6.1940299e-01
   3.8273769e-02   6.2313433e-01
   3.8336691e-02   6.2686567e-01
   3.8865128e-02   6.3059701e-01
   3.9960380e-02   6.3432836e-01
   4.0575331e-02   6.3805970e-01
   4.1920397e-02   6.4179104e-01
   4.2674799e-02   6.4552239e-01
   4.2696928e-02   6.4925373e-01
   4.2794094e-02   6.5298507e-01
   4.3457395e-02   6.5671642e-01
   4.4826468e-02   6.6044776e-01
   4.5033186e-02   6.6417910e-01
   4.5263706e-02   6.6791045e-01
   4.5857792e-02   6.7164179e-01
   4.6199348e-02   6.7537313e-01
   4.6929884e-02   6.7910448e-01
   4.7207735e-02   6.8283582e-01
   4.7358289e-02   6.8656716e-01
   4.7811697e-02   6.9029851e-01
   4.8092304e-02   6.9402985e-01
   4.8355589e-02   6.9776119e-01
   4.8415466e-02   7.0149254e-01
   4.8937069e-02   7.0522388e-01
   4.9270776e-02   7.0895522e-01
   4.9897526e-02   7.1268657e-01
   5.0090368e-02   7.1641791e-01
   5.0291008e-02   7.2014925e-01
   5.0873770e-02   7.2388060e-01
   5.1126162e-02   7.2761194e-01
   5.1169364e-02   7.3134328e-01
   5.1175972e-02   7.3507463e-01
   5.1411090e-02   7.3880597e-01
   5.1747580e-02   7.4253731e-01
   5.2518555e-02   7.4626866e-01
   5.5029862e-02   7.5000000e-01
   5.5220402e-02   7.5373134e-01
   5.5486575e-02   7.5746269e-01
   5.6817292e-02   7.6119403e-01
   5.6905881e-02   7.6492537e-01
   5.7558166e-02   7.6865672e-01
   5.7569528e-02   7.7238806e-01
   5.7670789e-02   7.7611940e-01
   5.8838045e-02   7.7985075e-01
   5.8914816e-02   7.8358209e-01
   5.9183262e-02   7.8731343e-01
   5.9678699e-02   7.9104478e-01
   5.9935830e-02   7.9477612e-01
   6.0022644e-02   7.9850746e-01
   6.0031788e-02   8.0223881e-01
   6.0049049e-02   8.0597015e-01
   6.0694227e-02   8.0970149e-01
   6.3136703e-02   8.1343284e-01
   6.3347149e-02   8.1716418e-01
   6.5411094e-02   8.2089552e-01
   6.5767726e-02   8.2462687e-01
   6.7006686e-02   8.2835821e-01
   6.7297370e-02   8.3208955e-01
   6.7604649e-02   8.3582090e-01
   6.7904375e-02   8.3955224e-01
   6.8363153e-02   8.4328358e-01
   7.0865818e-02   8.4701493e-01
   7.1393605e-02   8.5074627e-01
   7.2611804e-02   8.5447761e-01
   7.2887546e-02   8.5820896e-01
   7.3196380e-02   8.6194030e-01
   7.4617261e-02   8.6567164e-01
   7.5792123e-02   8.6940299e-01
   7.6802401e-02   8.7313433e-01
   7.9063738e-02   8.7686567e-01
   8.0173464e-02   8.8059701e-01
   8.1030949e-02   8.8432836e-01
   8.1747752e-02   8.8805970e-01
   8.2890329e-02   8.9179104e-01
   8.3119852e-02   8.9552239e-01
   8.3545449e-02   8.9925373e-01
   8.3808613e-02   9.0298507e-01
   8.6781672e-02   9.0671642e-01
   8.7289866e-02   9.1044776e-01
   8.8588659e-02   9.1417910e-01
   9.0348437e-02   9.1791045e-01
   9.1222127e-02   9.2164179e-01
   9.1522229e-02   9.2537313e-01
   9.2184239e-02   9.2910448e-01
   9.6563862e-02   9.3283582e-01
   9.7439790e-02   9.3656716e-01
   9.9980663e-02   9.4029851e-01
   1.0060533e-01   9.4402985e-01
   1.0085614e-01   9.4776119e-01
   1.0544486e-01   9.5149254e-01
   1.0679772e-01   9.5522388e-01
   1.2400266e-01   9.5895522e-01
   1.2703538e-01   9.6268657e-01
   1.2812424e-01   9.6641791e-01
   1.2822769e-01   9.7014925e-01
   1.4117869e-01   9.7388060e-01
   1.4193269e-01   9.7761194e-01
   1.6225046e-01   9.8134328e-01
   1.6991745e-01   9.8507463e-01
   1.7664960e-01   9.8880597e-01
   1.9310739e-01   9.9253731e-01
   1.9388056e-01   9.9626866e-01
   2.1213628e-01   1.0000000e+00
