   3.7632000e-03   0.0000000e+00
   3.7632000e-03   9.7087379e-03
   4.1392000e-03   2.9126214e-02
   4.8920000e-03   3.8834951e-02
   5.6448000e-03   7.7669903e-02
   6.0208000e-03   1.0679612e-01
   6.3968000e-03   1.3592233e-01
   7.5256000e-03   1.5533981e-01
   7.9024000e-03   1.8446602e-01
   8.2784000e-03   2.1359223e-01
   8.6544000e-03   2.3300971e-01
   9.4072000e-03   2.4271845e-01
   9.7840000e-03   2.7184466e-01
   1.0160000e-02   2.8155340e-01
   1.0536000e-02   3.0097087e-01
   1.0912800e-02   3.2038835e-01
   1.1288800e-02   3.7864078e-01
   1.2041600e-02   3.9805825e-01
   1.2417600e-02   4.1747573e-01
   1.3170400e-02   4.6601942e-01
   1.3546400e-02   4.8543689e-01
   1.3923200e-02   5.1456311e-01
   1.4299200e-02   5.3398058e-01
   1.4675200e-02   5.4368932e-01
   1.5052000e-02   5.5339806e-01
   1.5428000e-02   5.6310680e-01
   1.5804000e-02   5.7281553e-01
   1.6180800e-02   5.9223301e-01
   1.6556800e-02   6.0194175e-01
   1.7685600e-02   6.4077670e-01
   1.8438400e-02   6.6019417e-01
   1.8814400e-02   6.6990291e-01
   1.9191200e-02   6.8932039e-01
   1.9567200e-02   6.9902913e-01
   1.9943200e-02   7.0873786e-01
   2.2201600e-02   7.1844660e-01
   2.2577600e-02   7.2815534e-01
   2.2953600e-02   7.3786408e-01
   2.3330400e-02   7.4757282e-01
   2.3706400e-02   7.6699029e-01
   2.4459200e-02   7.7669903e-01
   2.5212000e-02   7.8640777e-01
   2.5588000e-02   7.9611650e-01
   2.6340800e-02   8.0582524e-01
   2.7469600e-02   8.1553398e-01
   2.9351200e-02   8.2524272e-01
   3.0856000e-02   8.3495146e-01
   3.2737600e-02   8.4466019e-01
   3.3866400e-02   8.5436893e-01
   3.4242400e-02   8.6407767e-01
   3.5371200e-02   8.7378641e-01
   3.8381600e-02   8.9320388e-01
   4.0263200e-02   9.0291262e-01
   4.1016000e-02   9.1262136e-01
   4.2520800e-02   9.2233010e-01
   4.6284000e-02   9.3203883e-01
   4.8541600e-02   9.4174757e-01
   5.1176000e-02   9.5145631e-01
   5.3057600e-02   9.6116505e-01
   5.4186400e-02   9.7087379e-01
   1.1251200e-01   9.8058252e-01
   1.4035760e-01   9.9029126e-01
   1.4938880e-01   1.0000000e+00
