   2.8488000e-03   0.0000000e+00
   2.8488000e-03   1.2453300e-03
   3.2552000e-03   4.9813200e-03
   3.6624000e-03   7.4719801e-03
   4.0688000e-03   1.8679950e-02
   4.4760000e-03   4.3586550e-02
   4.8832000e-03   5.7285181e-02
   5.2896000e-03   1.1332503e-01
   5.6968000e-03   1.3947696e-01
   6.1040000e-03   1.7559153e-01
   6.5104000e-03   2.0797011e-01
   6.9176000e-03   2.2789539e-01
   7.3248000e-03   2.6400996e-01
   7.7312000e-03   2.8268991e-01
   8.1384000e-03   3.0386052e-01
   8.5456000e-03   3.3001245e-01
   8.9520000e-03   3.4122042e-01
   9.3592000e-03   3.6488169e-01
   9.7656000e-03   3.8978829e-01
   1.0172800e-02   4.0722291e-01
   1.0580000e-02   4.2963885e-01
   1.0986400e-02   4.4582814e-01
   1.1393600e-02   4.6450809e-01
   1.1800800e-02   4.8194271e-01
   1.2207200e-02   4.9564134e-01
   1.2614400e-02   5.1307597e-01
   1.3021600e-02   5.2552927e-01
   1.3428000e-02   5.3922790e-01
   1.3835200e-02   5.5417186e-01
   1.4242400e-02   5.6662516e-01
   1.4648800e-02   5.7907846e-01
   1.5056000e-02   5.9028643e-01
   1.5463200e-02   5.9526775e-01
   1.5869600e-02   6.0647572e-01
   1.6276800e-02   6.1145704e-01
   1.6684000e-02   6.2017435e-01
   1.7090400e-02   6.2889166e-01
   1.7497600e-02   6.3387298e-01
   1.7904800e-02   6.4508095e-01
   1.8311200e-02   6.5006227e-01
   1.8718400e-02   6.5504359e-01
   1.9124800e-02   6.6376090e-01
   1.9532000e-02   6.6500623e-01
   1.9939200e-02   6.7745953e-01
   2.0345600e-02   6.8244085e-01
   2.0752800e-02   6.8617684e-01
   2.1160000e-02   6.9738481e-01
   2.1566400e-02   7.0610212e-01
   2.1973600e-02   7.1731009e-01
   2.2380800e-02   7.1980075e-01
   2.2787200e-02   7.2851806e-01
   2.3194400e-02   7.2976339e-01
   2.3600800e-02   7.3349938e-01
   2.4008000e-02   7.4097136e-01
   2.4415200e-02   7.4595268e-01
   2.4821600e-02   7.5342466e-01
   2.5228800e-02   7.5840598e-01
   2.5636000e-02   7.6214197e-01
   2.6042400e-02   7.6587796e-01
   2.6449600e-02   7.7459527e-01
   2.6856800e-02   7.7833126e-01
   2.7263200e-02   7.8082192e-01
   2.7670400e-02   7.8829390e-01
   2.8077600e-02   7.9327522e-01
   2.8484000e-02   7.9950187e-01
   2.8891200e-02   8.0074720e-01
   2.9298400e-02   8.0572852e-01
   2.9704800e-02   8.1070984e-01
   3.0112000e-02   8.1195517e-01
   3.0519200e-02   8.1320050e-01
   3.0925600e-02   8.1693649e-01
   3.1332800e-02   8.2067248e-01
   3.1740000e-02   8.2316314e-01
   3.2146400e-02   8.2689913e-01
   3.2553600e-02   8.3188045e-01
   3.2960000e-02   8.3561644e-01
   3.3367200e-02   8.4059776e-01
   3.3774400e-02   8.4433375e-01
   3.4180800e-02   8.4557908e-01
   3.4588000e-02   8.4806974e-01
   3.4995200e-02   8.4931507e-01
   3.5401600e-02   8.5056040e-01
   3.5808800e-02   8.5429639e-01
   3.6216000e-02   8.5554172e-01
   3.7029600e-02   8.5927771e-01
   3.7436000e-02   8.6052304e-01
   3.8657600e-02   8.6301370e-01
   3.9064000e-02   8.6550436e-01
   3.9471200e-02   8.6674969e-01
   4.0284800e-02   8.7048568e-01
   4.1098400e-02   8.7422167e-01
   4.1912800e-02   8.7671233e-01
   4.2319200e-02   8.8169365e-01
   4.2726400e-02   8.8293898e-01
   4.3133600e-02   8.8792030e-01
   4.3540000e-02   8.9041096e-01
   4.4353600e-02   8.9165629e-01
   4.4760800e-02   8.9414695e-01
   4.5574400e-02   8.9663761e-01
   4.5981600e-02   8.9788294e-01
   4.6388800e-02   8.9912827e-01
   4.6795200e-02   9.0037360e-01
   4.7202400e-02   9.0161893e-01
   4.7609600e-02   9.0410959e-01
   4.8016000e-02   9.0535492e-01
   4.8423200e-02   9.0784558e-01
   4.8830400e-02   9.0909091e-01
   4.9236800e-02   9.1282690e-01
   4.9644000e-02   9.1407223e-01
   5.0457600e-02   9.1531756e-01
   5.0864800e-02   9.1780822e-01
   5.1271200e-02   9.2029888e-01
   5.1678400e-02   9.2154421e-01
   5.2085600e-02   9.2278954e-01
   5.2899200e-02   9.2528020e-01
   5.3306400e-02   9.2652553e-01
   5.3712800e-02   9.2901619e-01
   5.4933600e-02   9.3150685e-01
   5.5340800e-02   9.3275218e-01
   5.5748000e-02   9.3773350e-01
   5.6154400e-02   9.3897883e-01
   5.6561600e-02   9.4022416e-01
   5.6968800e-02   9.4146949e-01
   5.7375200e-02   9.4271482e-01
   5.9003200e-02   9.4520548e-01
   5.9409600e-02   9.4769614e-01
   6.0224000e-02   9.4894147e-01
   6.1037600e-02   9.5143213e-01
   6.1851200e-02   9.5267746e-01
   6.2258400e-02   9.5392279e-01
   6.4292800e-02   9.5516812e-01
   6.4700000e-02   9.5765878e-01
   6.5513600e-02   9.6139477e-01
   6.5920800e-02   9.6264010e-01
   6.7548000e-02   9.6388543e-01
   6.9176000e-02   9.6513076e-01
   7.0804000e-02   9.6637609e-01
   7.1617600e-02   9.6762142e-01
   7.2024000e-02   9.6886675e-01
   7.3244800e-02   9.7011208e-01
   7.4872800e-02   9.7260274e-01
   7.6500800e-02   9.7384807e-01
   7.6907200e-02   9.7509340e-01
   8.1383200e-02   9.7633873e-01
   8.3824800e-02   9.7758406e-01
   8.9928800e-02   9.7882939e-01
   9.0336000e-02   9.8007472e-01
   9.3591200e-02   9.8132005e-01
   9.6846400e-02   9.8256538e-01
   1.0213600e-01   9.8381071e-01
   1.0742640e-01   9.8505604e-01
   1.1108880e-01   9.8630137e-01
   1.1353040e-01   9.8754670e-01
   1.3672400e-01   9.9003736e-01
   1.4608320e-01   9.9128269e-01
   1.4811840e-01   9.9252802e-01
   1.5951200e-01   9.9501868e-01
   1.7538160e-01   9.9626401e-01
   1.9125120e-01   9.9750934e-01
   2.3153600e-01   9.9875467e-01
   2.7670400e-01   1.0000000e+00
