   8.6864000e-03   0.0000000e+00
   8.6864000e-03   2.2222222e-02
   1.0755200e-02   4.4444444e-02
   1.2409600e-02   6.6666667e-02
   1.4891200e-02   8.8888889e-02
   1.5718400e-02   1.1111111e-01
   1.6132000e-02   1.3333333e-01
   1.8614400e-02   1.5555556e-01
   1.9028000e-02   1.7777778e-01
   1.9441600e-02   2.0000000e-01
   2.1509600e-02   2.2222222e-01
   2.4405600e-02   2.4444444e-01
   2.5232800e-02   2.6666667e-01
   2.6887200e-02   2.8888889e-01
   2.7714400e-02   3.1111111e-01
   2.8128000e-02   3.3333333e-01
   2.9369600e-02   3.5555556e-01
   3.1851200e-02   3.7777778e-01
   3.4332800e-02   4.0000000e-01
   3.4746400e-02   4.2222222e-01
   3.5573600e-02   4.4444444e-01
   3.7228800e-02   4.6666667e-01
   3.7642400e-02   4.8888889e-01
   3.8883200e-02   5.1111111e-01
   4.3433600e-02   5.3333333e-01
   4.7156000e-02   5.7777778e-01
   4.8810400e-02   6.0000000e-01
   4.9638400e-02   6.2222222e-01
   5.0052000e-02   6.4444444e-01
   5.0879200e-02   6.6666667e-01
   5.2120000e-02   6.8888889e-01
   5.9152000e-02   7.1111111e-01
   6.1633600e-02   7.3333333e-01
   6.9907200e-02   7.5555556e-01
   7.1975200e-02   7.7777778e-01
   7.9007200e-02   8.0000000e-01
   9.2244000e-02   8.2222222e-01
   9.4312000e-02   8.4444444e-01
   1.0175840e-01   8.6666667e-01
   1.1127200e-01   8.8888889e-01
   1.5760080e-01   9.1111111e-01
   1.7001040e-01   9.5555556e-01
   2.1261600e-01   9.7777778e-01
   2.2750800e-01   1.0000000e+00
