   5.0037820e-03   0.0000000e+00
   5.0037820e-03   1.8281536e-03
   5.0475411e-03   3.6563071e-03
   5.2695427e-03   5.4844607e-03
   6.0046536e-03   7.3126143e-03
   6.0443064e-03   9.1407678e-03
   6.2694689e-03   1.0968921e-02
   6.2722143e-03   1.2797075e-02
   6.3329546e-03   1.4625229e-02
   6.5053775e-03   1.6453382e-02
   6.7302992e-03   1.8281536e-02
   6.7690649e-03   2.0109689e-02
   6.8244812e-03   2.1937843e-02
   7.2193535e-03   2.3765996e-02
   7.3222079e-03   2.5594150e-02
   7.5062491e-03   2.9250457e-02
   7.7511779e-03   3.1078611e-02
   7.7695178e-03   3.2906764e-02
   7.8204957e-03   3.6563071e-02
   8.0063968e-03   3.8391225e-02
   8.0322791e-03   4.2047532e-02
   8.2510890e-03   4.3875686e-02
   8.2991399e-03   4.5703839e-02
   8.3053195e-03   4.7531993e-02
   8.3184523e-03   4.9360146e-02
   8.3248196e-03   5.1188300e-02
   8.3772071e-03   5.3016453e-02
   8.5292929e-03   5.4844607e-02
   8.5401190e-03   5.8500914e-02
   8.6027561e-03   6.0329068e-02
   8.7699322e-03   6.2157221e-02
   8.7780609e-03   6.3985375e-02
   8.8006113e-03   6.7641682e-02
   8.8919624e-03   6.9469835e-02
   9.0033940e-03   7.1297989e-02
   9.0078236e-03   7.3126143e-02
   9.0262058e-03   7.6782450e-02
   9.0771017e-03   7.8610603e-02
   9.2959888e-03   8.0438757e-02
   9.3583058e-03   8.7751371e-02
   9.3886029e-03   8.9579525e-02
   9.5399807e-03   9.1407678e-02
   9.5707638e-03   9.5063985e-02
   9.7526609e-03   9.8720293e-02
   9.7923518e-03   1.0054845e-01
   1.0021515e-02   1.0420475e-01
   1.0039464e-02   1.0603291e-01
   1.0065553e-02   1.0786106e-01
   1.0095577e-02   1.0968921e-01
   1.0174933e-02   1.1151737e-01
   1.0178785e-02   1.1334552e-01
   1.0258729e-02   1.1700183e-01
   1.0279202e-02   1.1882998e-01
   1.0288633e-02   1.2065814e-01
   1.0314141e-02   1.2248629e-01
   1.0380676e-02   1.2979890e-01
   1.0502433e-02   1.3162706e-01
   1.0539612e-02   1.3345521e-01
   1.0560411e-02   1.3711152e-01
   1.0593360e-02   1.3893967e-01
   1.0752669e-02   1.4259598e-01
   1.0770181e-02   1.4442413e-01
   1.0771557e-02   1.4808044e-01
   1.0813010e-02   1.5173675e-01
   1.0836497e-02   1.5722121e-01
   1.0892642e-02   1.5904936e-01
   1.0910434e-02   1.6087751e-01
   1.0964761e-02   1.6453382e-01
   1.1006204e-02   1.6636197e-01
   1.1017832e-02   1.7001828e-01
   1.1166325e-02   1.7184644e-01
   1.1253256e-02   1.7367459e-01
   1.1263077e-02   1.7733090e-01
   1.1271571e-02   1.7915905e-01
   1.1278595e-02   1.8098720e-01
   1.1330884e-02   1.8464351e-01
   1.1374916e-02   1.8647166e-01
   1.1379958e-02   1.8829982e-01
   1.1400340e-02   1.9195612e-01
   1.1502264e-02   1.9378428e-01
   1.1516024e-02   1.9926874e-01
   1.1564282e-02   2.0292505e-01
   1.1603404e-02   2.0475320e-01
   1.1786841e-02   2.0840951e-01
   1.1811683e-02   2.1023766e-01
   1.1872770e-02   2.1206581e-01
   1.1887544e-02   2.1389397e-01
   1.1953885e-02   2.1572212e-01
   1.2014906e-02   2.1755027e-01
   1.2039147e-02   2.1937843e-01
   1.2089118e-02   2.2303473e-01
   1.2158881e-02   2.2486289e-01
   1.2176960e-02   2.2669104e-01
   1.2253899e-02   2.3034735e-01
   1.2277930e-02   2.3217550e-01
   1.2320210e-02   2.3400366e-01
   1.2383076e-02   2.3583181e-01
   1.2487283e-02   2.3948812e-01
   1.2510586e-02   2.4131627e-01
   1.2539469e-02   2.4314442e-01
   1.2810699e-02   2.4497258e-01
   1.2816007e-02   2.4862888e-01
   1.2848930e-02   2.5045704e-01
   1.2865930e-02   2.5228519e-01
   1.2944815e-02   2.5959781e-01
   1.2954051e-02   2.6142596e-01
   1.2973975e-02   2.6325411e-01
   1.3041771e-02   2.6508227e-01
   1.3086828e-02   2.6691042e-01
   1.3116252e-02   2.6873857e-01
   1.3138277e-02   2.7239488e-01
   1.3254567e-02   2.7422303e-01
   1.3310615e-02   2.7787934e-01
   1.3366366e-02   2.7970750e-01
   1.3452574e-02   2.8153565e-01
   1.3461011e-02   2.8336380e-01
   1.3585089e-02   2.8702011e-01
   1.3585549e-02   2.9067642e-01
   1.3649675e-02   2.9433272e-01
   1.3754499e-02   2.9616088e-01
   1.3809983e-02   2.9981718e-01
   1.3864380e-02   3.0164534e-01
   1.4002213e-02   3.0347349e-01
   1.4022650e-02   3.0530165e-01
   1.4039417e-02   3.0712980e-01
   1.4083386e-02   3.1078611e-01
   1.4234151e-02   3.1261426e-01
   1.4252514e-02   3.1444241e-01
   1.4363164e-02   3.1627057e-01
   1.4438451e-02   3.1809872e-01
   1.4502617e-02   3.1992687e-01
   1.4510125e-02   3.2175503e-01
   1.4512329e-02   3.2358318e-01
   1.4557977e-02   3.2541133e-01
   1.4612067e-02   3.2723949e-01
   1.4709911e-02   3.2906764e-01
   1.4723313e-02   3.3272395e-01
   1.4730726e-02   3.3455210e-01
   1.4802134e-02   3.3638026e-01
   1.4881761e-02   3.3820841e-01
   1.4930655e-02   3.4003656e-01
   1.5002485e-02   3.4186472e-01
   1.5009162e-02   3.4369287e-01
   1.5039699e-02   3.4734918e-01
   1.5054930e-02   3.4917733e-01
   1.5096481e-02   3.5100548e-01
   1.5234045e-02   3.5283364e-01
   1.5308998e-02   3.5466179e-01
   1.5360492e-02   3.5648995e-01
   1.5408065e-02   3.5831810e-01
   1.5502371e-02   3.6014625e-01
   1.5508249e-02   3.6197441e-01
   1.5512493e-02   3.6380256e-01
   1.5514121e-02   3.6563071e-01
   1.5609287e-02   3.6745887e-01
   1.5691049e-02   3.7111517e-01
   1.5691657e-02   3.7294333e-01
   1.5711220e-02   3.7477148e-01
   1.5756093e-02   3.7659963e-01
   1.5766517e-02   3.7842779e-01
   1.5816488e-02   3.8025594e-01
   1.5840300e-02   3.8391225e-01
   1.5859015e-02   3.8574040e-01
   1.5976566e-02   3.8756856e-01
   1.5996360e-02   3.8939671e-01
   1.6005871e-02   3.9122486e-01
   1.6115696e-02   3.9305302e-01
   1.6139379e-02   3.9488117e-01
   1.6211681e-02   3.9853748e-01
   1.6253243e-02   4.0219378e-01
   1.6339371e-02   4.0402194e-01
   1.6375035e-02   4.0585009e-01
   1.6502750e-02   4.0767824e-01
   1.6526184e-02   4.0950640e-01
   1.6764418e-02   4.1316271e-01
   1.6808971e-02   4.1499086e-01
   1.6856964e-02   4.1681901e-01
   1.6928852e-02   4.1864717e-01
   1.7006427e-02   4.2047532e-01
   1.7014220e-02   4.2230347e-01
   1.7048976e-02   4.2413163e-01
   1.7080758e-02   4.2595978e-01
   1.7105139e-02   4.2778793e-01
   1.7136178e-02   4.2961609e-01
   1.7141418e-02   4.3144424e-01
   1.7205360e-02   4.3327239e-01
   1.7275848e-02   4.3510055e-01
   1.7523149e-02   4.3875686e-01
   1.7554790e-02   4.4241316e-01
   1.7600100e-02   4.4424132e-01
   1.7752804e-02   4.4606947e-01
   1.7757610e-02   4.4972578e-01
   1.7762653e-02   4.5155393e-01
   1.7775941e-02   4.5338208e-01
   1.7808905e-02   4.5521024e-01
   1.7823986e-02   4.5703839e-01
   1.7879590e-02   4.5886654e-01
   1.7925290e-02   4.6069470e-01
   1.7988867e-02   4.6252285e-01
   1.7989959e-02   4.6435101e-01
   1.8015092e-02   4.6617916e-01
   1.8051796e-02   4.6800731e-01
   1.8076754e-02   4.6983547e-01
   1.8261611e-02   4.7166362e-01
   1.8276621e-02   4.7714808e-01
   1.8284377e-02   4.7897623e-01
   1.8486256e-02   4.8080439e-01
   1.8591350e-02   4.8263254e-01
   1.8631884e-02   4.8446069e-01
   1.8715497e-02   4.8628885e-01
   1.8758387e-02   4.8811700e-01
   1.8797479e-02   4.8994516e-01
   1.9005060e-02   4.9177331e-01
   1.9067249e-02   4.9360146e-01
   1.9239236e-02   4.9542962e-01
   1.9253147e-02   4.9725777e-01
   1.9273515e-02   4.9908592e-01
   1.9277405e-02   5.0091408e-01
   1.9308689e-02   5.0274223e-01
   1.9352852e-02   5.0457038e-01
   1.9378523e-02   5.1005484e-01
   1.9412218e-02   5.1188300e-01
   1.9419139e-02   5.1371115e-01
   1.9559035e-02   5.1553931e-01
   1.9676055e-02   5.1736746e-01
   1.9699578e-02   5.1919561e-01
   1.9759173e-02   5.2102377e-01
   1.9777509e-02   5.2285192e-01
   1.9811304e-02   5.2468007e-01
   1.9855626e-02   5.2650823e-01
   2.0016835e-02   5.2833638e-01
   2.0017536e-02   5.3016453e-01
   2.0042420e-02   5.3199269e-01
   2.0177927e-02   5.3382084e-01
   2.0190660e-02   5.3564899e-01
   2.0351742e-02   5.3747715e-01
   2.0406562e-02   5.3930530e-01
   2.0451458e-02   5.4113346e-01
   2.0504707e-02   5.4478976e-01
   2.0509885e-02   5.4661792e-01
   2.0541982e-02   5.4844607e-01
   2.0631528e-02   5.5210238e-01
   2.0661334e-02   5.5393053e-01
   2.0748540e-02   5.5575868e-01
   2.0808652e-02   5.5758684e-01
   2.0847298e-02   5.6124314e-01
   2.0972383e-02   5.6307130e-01
   2.1004285e-02   5.6489945e-01
   2.1015721e-02   5.6672761e-01
   2.1038523e-02   5.6855576e-01
   2.1049603e-02   5.7038391e-01
   2.1248738e-02   5.7221207e-01
   2.1258075e-02   5.7404022e-01
   2.1578284e-02   5.7586837e-01
   2.1634251e-02   5.7769653e-01
   2.1740653e-02   5.7952468e-01
   2.1753360e-02   5.8135283e-01
   2.1773636e-02   5.8318099e-01
   2.1890232e-02   5.8500914e-01
   2.1903287e-02   5.8866545e-01
   2.1910454e-02   5.9049360e-01
   2.2004069e-02   5.9232176e-01
   2.2005354e-02   5.9414991e-01
   2.2107913e-02   5.9597806e-01
   2.2111356e-02   5.9780622e-01
   2.2183456e-02   5.9963437e-01
   2.2203539e-02   6.0146252e-01
   2.2272220e-02   6.0329068e-01
   2.2399943e-02   6.0511883e-01
   2.2615912e-02   6.0694698e-01
   2.2624692e-02   6.0877514e-01
   2.2800681e-02   6.1060329e-01
   2.2850029e-02   6.1243144e-01
   2.2942341e-02   6.1425960e-01
   2.2997901e-02   6.1608775e-01
   2.3160650e-02   6.1791590e-01
   2.3218359e-02   6.1974406e-01
   2.3543826e-02   6.2340037e-01
   2.3670704e-02   6.2522852e-01
   2.3678734e-02   6.2705667e-01
   2.3740876e-02   6.2888483e-01
   2.3744417e-02   6.3071298e-01
   2.3792677e-02   6.3254113e-01
   2.3821065e-02   6.3436929e-01
   2.3907305e-02   6.3619744e-01
   2.3969546e-02   6.3802559e-01
   2.4116278e-02   6.3985375e-01
   2.4259023e-02   6.4168190e-01
   2.4291173e-02   6.4533821e-01
   2.4353687e-02   6.4716636e-01
   2.4413452e-02   6.4899452e-01
   2.4527678e-02   6.5082267e-01
   2.4762637e-02   6.5265082e-01
   2.4872289e-02   6.5447898e-01
   2.5109316e-02   6.5630713e-01
   2.5620877e-02   6.5813528e-01
   2.6032295e-02   6.5996344e-01
   2.6102677e-02   6.6179159e-01
   2.6110270e-02   6.6361974e-01
   2.6127253e-02   6.6544790e-01
   2.6230107e-02   6.6727605e-01
   2.6314304e-02   6.6910420e-01
   2.6385413e-02   6.7093236e-01
   2.6458251e-02   6.7276051e-01
   2.6807193e-02   6.7458867e-01
   2.6868730e-02   6.7641682e-01
   2.7023140e-02   6.7824497e-01
   2.7045950e-02   6.8007313e-01
   2.7231325e-02   6.8190128e-01
   2.7294751e-02   6.8372943e-01
   2.7310817e-02   6.8555759e-01
   2.7376780e-02   6.8738574e-01
   2.7544539e-02   6.8921389e-01
   2.7840824e-02   6.9104205e-01
   2.7873854e-02   6.9287020e-01
   2.8148721e-02   6.9469835e-01
   2.8263374e-02   6.9652651e-01
   2.8435784e-02   6.9835466e-01
   2.8443718e-02   7.0018282e-01
   2.8547550e-02   7.0201097e-01
   2.8762593e-02   7.0383912e-01
   2.8766506e-02   7.0566728e-01
   2.9003019e-02   7.0749543e-01
   2.9004677e-02   7.0932358e-01
   2.9029478e-02   7.1115174e-01
   2.9152058e-02   7.1297989e-01
   2.9218502e-02   7.1480804e-01
   2.9285543e-02   7.1663620e-01
   2.9340418e-02   7.1846435e-01
   2.9525383e-02   7.2029250e-01
   2.9547943e-02   7.2212066e-01
   2.9578945e-02   7.2394881e-01
   2.9812382e-02   7.2577697e-01
   2.9848050e-02   7.2760512e-01
   2.9876118e-02   7.2943327e-01
   2.9910128e-02   7.3126143e-01
   3.0003730e-02   7.3308958e-01
   3.0042520e-02   7.3491773e-01
   3.0099720e-02   7.3674589e-01
   3.0267472e-02   7.3857404e-01
   3.0391355e-02   7.4040219e-01
   3.0502409e-02   7.4223035e-01
   3.0655237e-02   7.4405850e-01
   3.0973011e-02   7.4588665e-01
   3.1026402e-02   7.4771481e-01
   3.1064773e-02   7.4954296e-01
   3.1255086e-02   7.5137112e-01
   3.1282351e-02   7.5319927e-01
   3.1286639e-02   7.5502742e-01
   3.1352458e-02   7.5685558e-01
   3.1497596e-02   7.5868373e-01
   3.1680601e-02   7.6051188e-01
   3.1822738e-02   7.6234004e-01
   3.2015346e-02   7.6416819e-01
   3.2237898e-02   7.6599634e-01
   3.2269150e-02   7.6782450e-01
   3.2580011e-02   7.6965265e-01
   3.2622349e-02   7.7148080e-01
   3.2677646e-02   7.7330896e-01
   3.2726096e-02   7.7513711e-01
   3.3551025e-02   7.7696527e-01
   3.3597172e-02   7.7879342e-01
   3.3755125e-02   7.8062157e-01
   3.3841679e-02   7.8244973e-01
   3.3847856e-02   7.8610603e-01
   3.3914040e-02   7.8793419e-01
   3.4029017e-02   7.8976234e-01
   3.4161517e-02   7.9159049e-01
   3.4172360e-02   7.9341865e-01
   3.4201627e-02   7.9524680e-01
   3.4271733e-02   7.9707495e-01
   3.4551111e-02   7.9890311e-01
   3.4553210e-02   8.0073126e-01
   3.4935422e-02   8.0255941e-01
   3.5029018e-02   8.0438757e-01
   3.5488668e-02   8.0621572e-01
   3.5544939e-02   8.0804388e-01
   3.6028320e-02   8.0987203e-01
   3.6030184e-02   8.1170018e-01
   3.6164845e-02   8.1352834e-01
   3.6523759e-02   8.1535649e-01
   3.6757370e-02   8.1718464e-01
   3.7889387e-02   8.1901280e-01
   3.8106075e-02   8.2084095e-01
   3.8261851e-02   8.2266910e-01
   3.8373816e-02   8.2449726e-01
   3.8411465e-02   8.2632541e-01
   3.8515244e-02   8.2815356e-01
   3.9344280e-02   8.2998172e-01
   3.9585066e-02   8.3180987e-01
   3.9820816e-02   8.3363803e-01
   3.9860843e-02   8.3546618e-01
   4.0230558e-02   8.3729433e-01
   4.0271469e-02   8.3912249e-01
   4.0439143e-02   8.4095064e-01
   4.1011370e-02   8.4277879e-01
   4.1294539e-02   8.4460695e-01
   4.1587052e-02   8.4643510e-01
   4.1617899e-02   8.4826325e-01
   4.1797676e-02   8.5009141e-01
   4.1929438e-02   8.5191956e-01
   4.2006989e-02   8.5374771e-01
   4.2252150e-02   8.5557587e-01
   4.2257569e-02   8.5740402e-01
   4.2574972e-02   8.5923218e-01
   4.3036285e-02   8.6106033e-01
   4.3296248e-02   8.6288848e-01
   4.3981777e-02   8.6471664e-01
   4.4085509e-02   8.6654479e-01
   4.5026948e-02   8.6837294e-01
   4.6099672e-02   8.7020110e-01
   4.6864802e-02   8.7202925e-01
   4.7577154e-02   8.7385740e-01
   4.7618146e-02   8.7568556e-01
   4.7883960e-02   8.7751371e-01
   4.8056375e-02   8.7934186e-01
   4.8353845e-02   8.8117002e-01
   4.9797351e-02   8.8299817e-01
   5.0589635e-02   8.8482633e-01
   5.1938827e-02   8.8665448e-01
   5.2692335e-02   8.8848263e-01
   5.4439545e-02   8.9031079e-01
   5.4490310e-02   8.9213894e-01
   5.5006767e-02   8.9396709e-01
   5.5324641e-02   8.9579525e-01
   5.5517013e-02   8.9762340e-01
   5.6798956e-02   8.9945155e-01
   5.7896339e-02   9.0127971e-01
   5.8012583e-02   9.0310786e-01
   6.0385923e-02   9.0493601e-01
   6.0904855e-02   9.0676417e-01
   6.1533883e-02   9.0859232e-01
   6.1750036e-02   9.1042048e-01
   6.2510498e-02   9.1224863e-01
   6.2567488e-02   9.1407678e-01
   6.3601889e-02   9.1590494e-01
   6.4563012e-02   9.1773309e-01
   6.4830640e-02   9.1956124e-01
   6.5574855e-02   9.2138940e-01
   6.6051483e-02   9.2321755e-01
   6.6501627e-02   9.2504570e-01
   6.6793277e-02   9.2687386e-01
   6.7264697e-02   9.2870201e-01
   7.1070368e-02   9.3053016e-01
   7.3667153e-02   9.3235832e-01
   7.4734820e-02   9.3418647e-01
   7.5865554e-02   9.3601463e-01
   7.7709929e-02   9.3784278e-01
   7.9829863e-02   9.3967093e-01
   8.0015414e-02   9.4149909e-01
   8.0088297e-02   9.4332724e-01
   8.2956412e-02   9.4515539e-01
   8.3098490e-02   9.4698355e-01
   8.5703613e-02   9.4881170e-01
   8.7042499e-02   9.5063985e-01
   8.7075206e-02   9.5246801e-01
   8.7184831e-02   9.5429616e-01
   8.8200207e-02   9.5612431e-01
   8.9398822e-02   9.5795247e-01
   9.1294572e-02   9.5978062e-01
   9.9770028e-02   9.6160878e-01
   1.0064314e-01   9.6343693e-01
   1.0207685e-01   9.6526508e-01
   1.0673258e-01   9.6709324e-01
   1.0857977e-01   9.6892139e-01
   1.1029879e-01   9.7074954e-01
   1.1186183e-01   9.7257770e-01
   1.1209839e-01   9.7440585e-01
   1.1348718e-01   9.7623400e-01
   1.1539794e-01   9.7806216e-01
   1.1684092e-01   9.7989031e-01
   1.1685684e-01   9.8171846e-01
   1.1796765e-01   9.8354662e-01
   1.2581595e-01   9.8537477e-01
   1.2609578e-01   9.8720293e-01
   1.2688170e-01   9.8903108e-01
   1.3051714e-01   9.9085923e-01
   1.3758606e-01   9.9268739e-01
   1.4304529e-01   9.9451554e-01
   1.5590554e-01   9.9634369e-01
   1.6764486e-01   9.9817185e-01
   2.0555999e-01   1.0000000e+00
