   3.5056000e-03   0.0000000e+00
   3.5056000e-03   1.3840830e-02
   3.8952000e-03   2.0761246e-02
   4.2840000e-03   2.7681661e-02
   4.6736000e-03   3.1141869e-02
   5.0632000e-03   4.8442907e-02
   5.4528000e-03   5.8823529e-02
   5.8424000e-03   7.6124567e-02
   6.2320000e-03   1.2456747e-01
   6.6216000e-03   1.4186851e-01
   7.0104000e-03   1.7647059e-01
   7.4000000e-03   2.1799308e-01
   7.7896000e-03   2.3183391e-01
   8.1792000e-03   2.5259516e-01
   8.5688000e-03   2.6297578e-01
   8.9584000e-03   2.8719723e-01
   9.3480000e-03   3.0795848e-01
   9.7368000e-03   3.2179931e-01
   1.0126400e-02   3.4602076e-01
   1.0516000e-02   3.5294118e-01
   1.0905600e-02   3.7716263e-01
   1.1295200e-02   3.9792388e-01
   1.1684800e-02   4.1522491e-01
   1.2074400e-02   4.1868512e-01
   1.2463200e-02   4.3598616e-01
   1.2852800e-02   4.3944637e-01
   1.3242400e-02   4.4636678e-01
   1.3632000e-02   4.6712803e-01
   1.4021600e-02   4.7750865e-01
   1.4411200e-02   4.8442907e-01
   1.4800000e-02   4.9826990e-01
   1.5189600e-02   5.1211073e-01
   1.5579200e-02   5.1557093e-01
   1.5968800e-02   5.2249135e-01
   1.6358400e-02   5.4671280e-01
   1.6748000e-02   5.5017301e-01
   1.7137600e-02   5.5709343e-01
   1.7527200e-02   5.6747405e-01
   1.8305600e-02   5.7785467e-01
   1.8695200e-02   5.9515571e-01
   1.9084800e-02   6.0553633e-01
   1.9474400e-02   6.2975779e-01
   1.9864000e-02   6.4013841e-01
   2.0252800e-02   6.4359862e-01
   2.0642400e-02   6.5051903e-01
   2.1032000e-02   6.6089965e-01
   2.1421600e-02   6.7474048e-01
   2.1811200e-02   6.8858131e-01
   2.2200800e-02   7.0242215e-01
   2.2590400e-02   7.0934256e-01
   2.3368800e-02   7.2318339e-01
   2.3758400e-02   7.3356401e-01
   2.4148000e-02   7.3702422e-01
   2.4537600e-02   7.4394464e-01
   2.4927200e-02   7.4740484e-01
   2.5316800e-02   7.5432526e-01
   2.5705600e-02   7.5778547e-01
   2.6095200e-02   7.6470588e-01
   2.6484800e-02   7.6816609e-01
   2.6874400e-02   7.7162630e-01
   2.7264000e-02   7.8200692e-01
   2.7653600e-02   7.8892734e-01
   2.8043200e-02   7.9930796e-01
   2.8432000e-02   8.0276817e-01
   2.8821600e-02   8.0968858e-01
   2.9211200e-02   8.1314879e-01
   3.0769600e-02   8.1660900e-01
   3.1158400e-02   8.3044983e-01
   3.1548000e-02   8.3391003e-01
   3.2327200e-02   8.3737024e-01
   3.2716800e-02   8.4429066e-01
   3.3106400e-02   8.4775087e-01
   3.3884800e-02   8.5467128e-01
   3.4274400e-02   8.5813149e-01
   3.5053600e-02   8.6505190e-01
   3.5443200e-02   8.6851211e-01
   3.5832800e-02   8.7197232e-01
   3.7000800e-02   8.7889273e-01
   3.7780000e-02   8.8235294e-01
   3.8559200e-02   8.8581315e-01
   3.8948000e-02   8.8927336e-01
   3.9337600e-02   8.9619377e-01
   3.9727200e-02   8.9965398e-01
   4.0506400e-02   9.0311419e-01
   4.0896000e-02   9.0657439e-01
   4.1285600e-02   9.1349481e-01
   4.2064000e-02   9.1695502e-01
   4.2843200e-02   9.2041522e-01
   4.3232800e-02   9.2387543e-01
   4.4012000e-02   9.2733564e-01
   4.4401600e-02   9.3079585e-01
   4.6348800e-02   9.3425606e-01
   4.6738400e-02   9.3771626e-01
   4.7127200e-02   9.4117647e-01
   4.8296000e-02   9.4463668e-01
   4.9075200e-02   9.4809689e-01
   4.9464800e-02   9.5155709e-01
   5.1412000e-02   9.5501730e-01
   5.4528000e-02   9.5847751e-01
   6.3096000e-02   9.6539792e-01
   7.2833600e-02   9.6885813e-01
   7.4780800e-02   9.7231834e-01
   7.7507200e-02   9.7577855e-01
   8.4907200e-02   9.7923875e-01
   8.8412800e-02   9.8269896e-01
   9.2696800e-02   9.8615917e-01
   1.0243440e-01   9.8961938e-01
   1.5423600e-01   9.9307958e-01
   1.7098320e-01   9.9653979e-01
   2.3291120e-01   1.0000000e+00
