   2.4744000e-03   0.0000000e+00
   2.4744000e-03   3.5971223e-03
   3.7112000e-03   1.4388489e-02
   4.1240000e-03   2.1582734e-02
   4.5360000e-03   3.2374101e-02
   4.9488000e-03   4.6762590e-02
   5.3608000e-03   6.4748201e-02
   5.7728000e-03   9.7122302e-02
   6.1856000e-03   1.4028777e-01
   6.5976000e-03   1.6546763e-01
   7.0104000e-03   1.7985612e-01
   7.4224000e-03   2.0863309e-01
   7.8352000e-03   2.1223022e-01
   8.2472000e-03   2.3021583e-01
   8.6600000e-03   2.4820144e-01
   9.0720000e-03   2.5899281e-01
   9.4848000e-03   2.6618705e-01
   9.8968000e-03   2.8776978e-01
   1.0309600e-02   2.9856115e-01
   1.0721600e-02   3.2374101e-01
   1.1133600e-02   3.4172662e-01
   1.1546400e-02   3.5611511e-01
   1.1958400e-02   3.7410072e-01
   1.2371200e-02   3.9208633e-01
   1.2783200e-02   3.9928058e-01
   1.3196000e-02   4.0647482e-01
   1.3608000e-02   4.1366906e-01
   1.4432800e-02   4.1726619e-01
   1.4845600e-02   4.3165468e-01
   1.5257600e-02   4.4964029e-01
   1.5670400e-02   4.5323741e-01
   1.6082400e-02   4.6402878e-01
   1.6495200e-02   4.7122302e-01
   1.6907200e-02   4.7482014e-01
   1.7319200e-02   4.7841727e-01
   1.7732000e-02   4.8920863e-01
   1.8144000e-02   5.0000000e-01
   1.8556800e-02   5.0719424e-01
   1.8968800e-02   5.1079137e-01
   1.9381600e-02   5.1438849e-01
   1.9793600e-02   5.2517986e-01
   2.0206400e-02   5.2877698e-01
   2.0618400e-02   5.3237410e-01
   2.1031200e-02   5.4676259e-01
   2.1443200e-02   5.5395683e-01
   2.1856000e-02   5.6115108e-01
   2.2268000e-02   5.6834532e-01
   2.2680800e-02   5.7194245e-01
   2.3092800e-02   5.7913669e-01
   2.3504800e-02   5.8633094e-01
   2.3917600e-02   5.9352518e-01
   2.5154400e-02   6.0071942e-01
   2.5567200e-02   6.0431655e-01
   2.5979200e-02   6.1151079e-01
   2.6392000e-02   6.1870504e-01
   2.6804000e-02   6.2230216e-01
   2.7216800e-02   6.2589928e-01
   2.8040800e-02   6.2949640e-01
   2.8453600e-02   6.3309353e-01
   2.8866400e-02   6.4028777e-01
   2.9278400e-02   6.5107914e-01
   2.9690400e-02   6.5827338e-01
   3.0103200e-02   6.6187050e-01
   3.0928000e-02   6.6546763e-01
   3.1340000e-02   6.6906475e-01
   3.1752800e-02   6.7266187e-01
   3.2577600e-02   6.7985612e-01
   3.3814400e-02   6.8705036e-01
   3.5051200e-02   6.9064748e-01
   3.5464000e-02   6.9784173e-01
   3.6288800e-02   7.0143885e-01
   3.6700800e-02   7.0863309e-01
   3.7938400e-02   7.1942446e-01
   3.8763200e-02   7.2661871e-01
   4.0000000e-02   7.3021583e-01
   4.0824800e-02   7.3741007e-01
   4.1236800e-02   7.4100719e-01
   4.1649600e-02   7.4820144e-01
   4.2474400e-02   7.5539568e-01
   4.3711200e-02   7.5899281e-01
   4.4124000e-02   7.6258993e-01
   4.4536000e-02   7.6978417e-01
   4.6185600e-02   7.7697842e-01
   4.7835200e-02   7.8057554e-01
   4.8247200e-02   7.8417266e-01
   4.8660000e-02   7.8776978e-01
   4.9072000e-02   7.9496403e-01
   4.9896800e-02   7.9856115e-01
   5.1546400e-02   8.0575540e-01
   5.2371200e-02   8.0935252e-01
   5.3196000e-02   8.1654676e-01
   5.4845600e-02   8.2374101e-01
   5.5257600e-02   8.2733813e-01
   5.5670400e-02   8.3093525e-01
   5.6907200e-02   8.3453237e-01
   5.8144000e-02   8.3812950e-01
   5.8968800e-02   8.4172662e-01
   5.9793600e-02   8.4532374e-01
   6.0206400e-02   8.4892086e-01
   6.0618400e-02   8.5251799e-01
   6.2680800e-02   8.5611511e-01
   6.3092800e-02   8.5971223e-01
   6.3504800e-02   8.6690647e-01
   6.4742400e-02   8.7050360e-01
   6.5567200e-02   8.7410072e-01
   6.5979200e-02   8.8129496e-01
   6.6392000e-02   8.8489209e-01
   6.8041600e-02   8.8848921e-01
   6.8453600e-02   8.9208633e-01
   6.9278400e-02   8.9928058e-01
   7.1752800e-02   9.0287770e-01
   7.2577600e-02   9.0647482e-01
   7.7525600e-02   9.1007194e-01
   8.1236800e-02   9.1366906e-01
   8.3711200e-02   9.1726619e-01
   8.6185600e-02   9.2086331e-01
   8.6597600e-02   9.2805755e-01
   8.8247200e-02   9.3165468e-01
   8.8660000e-02   9.3525180e-01
   9.0309600e-02   9.4244604e-01
   9.2371200e-02   9.4604317e-01
   9.5670400e-02   9.4964029e-01
   1.0515440e-01   9.5323741e-01
   1.0597920e-01   9.5683453e-01
   1.0680400e-01   9.6043165e-01
   1.0721680e-01   9.6402878e-01
   1.0804160e-01   9.6762590e-01
   1.1175280e-01   9.7482014e-01
   1.1340240e-01   9.7841727e-01
   1.2082480e-01   9.8201439e-01
   1.2866000e-01   9.8561151e-01
   1.3896880e-01   9.8920863e-01
   1.5340240e-01   9.9280576e-01
   1.6123680e-01   9.9640288e-01
   2.7546400e-01   1.0000000e+00
