   5.0128000e-03   0.0000000e+00
   5.0128000e-03   4.4543430e-03
   5.3464000e-03   6.6815145e-03
   5.6808000e-03   1.1135857e-02
   6.0152000e-03   2.2271715e-02
   6.3496000e-03   3.7861915e-02
   6.6832000e-03   4.0089087e-02
   7.0176000e-03   5.5679287e-02
   7.3520000e-03   6.6815145e-02
   7.6856000e-03   8.6859688e-02
   8.3544000e-03   1.1358575e-01
   8.6888000e-03   1.2249443e-01
   9.0224000e-03   1.5144766e-01
   9.3568000e-03   1.6258352e-01
   9.6912000e-03   1.8930958e-01
   1.0024800e-02   1.9376392e-01
   1.0359200e-02   2.0935412e-01
   1.0693600e-02   2.1826281e-01
   1.1027200e-02   2.2717149e-01
   1.1361600e-02   2.4053452e-01
   1.1696000e-02   2.5835189e-01
   1.2030400e-02   2.6948775e-01
   1.2364000e-02   2.8507795e-01
   1.2698400e-02   3.0512249e-01
   1.3032800e-02   3.1403118e-01
   1.3366400e-02   3.3184855e-01
   1.3700800e-02   3.4521158e-01
   1.4035200e-02   3.7193764e-01
   1.4369600e-02   3.7639198e-01
   1.4703200e-02   3.8752784e-01
   1.5037600e-02   3.9866370e-01
   1.5372000e-02   4.0311804e-01
   1.6040000e-02   4.1870824e-01
   1.6374400e-02   4.2093541e-01
   1.6708800e-02   4.4097996e-01
   1.7042400e-02   4.4543430e-01
   1.7376800e-02   4.6102450e-01
   1.7711200e-02   4.6993318e-01
   1.8044800e-02   4.8775056e-01
   1.8379200e-02   4.9220490e-01
   1.8713600e-02   5.0334076e-01
   1.9048000e-02   5.0556793e-01
   1.9381600e-02   5.1002227e-01
   1.9716000e-02   5.2561247e-01
   2.0050400e-02   5.4565702e-01
   2.0384000e-02   5.6124722e-01
   2.0718400e-02   5.8351893e-01
   2.1052800e-02   5.9020045e-01
   2.1387200e-02   6.0579065e-01
   2.1720800e-02   6.1469933e-01
   2.2055200e-02   6.1692650e-01
   2.2389600e-02   6.1915367e-01
   2.2723200e-02   6.2360802e-01
   2.3057600e-02   6.3474388e-01
   2.3392000e-02   6.4810690e-01
   2.3725600e-02   6.5701559e-01
   2.4060000e-02   6.6369710e-01
   2.4394400e-02   6.8151448e-01
   2.4728800e-02   6.8596882e-01
   2.5062400e-02   6.9487751e-01
   2.5396800e-02   7.0378619e-01
   2.5731200e-02   7.0824053e-01
   2.6064800e-02   7.1046771e-01
   2.6399200e-02   7.1714922e-01
   2.6733600e-02   7.2383073e-01
   2.7068000e-02   7.3273942e-01
   2.7401600e-02   7.3719376e-01
   2.7736000e-02   7.4164811e-01
   2.8070400e-02   7.5055679e-01
   2.8738400e-02   7.5723831e-01
   2.9407200e-02   7.6169265e-01
   2.9740800e-02   7.6391982e-01
   3.0075200e-02   7.7505568e-01
   3.0409600e-02   7.8173719e-01
   3.0743200e-02   7.8841871e-01
   3.1077600e-02   7.9287305e-01
   3.1412000e-02   8.0178174e-01
   3.1746400e-02   8.0400891e-01
   3.2080000e-02   8.0623608e-01
   3.2414400e-02   8.0846325e-01
   3.3082400e-02   8.1069042e-01
   3.3416800e-02   8.1737194e-01
   3.3751200e-02   8.2182628e-01
   3.4084800e-02   8.2628062e-01
   3.4419200e-02   8.2850780e-01
   3.4753600e-02   8.3741648e-01
   3.5088000e-02   8.3964365e-01
   3.5421600e-02   8.4187082e-01
   3.5756000e-02   8.4409800e-01
   3.6090400e-02   8.4632517e-01
   3.6424800e-02   8.4855234e-01
   3.6758400e-02   8.5300668e-01
   3.7092800e-02   8.5968820e-01
   3.7427200e-02   8.6191537e-01
   3.7760800e-02   8.6414254e-01
   3.8429600e-02   8.6859688e-01
   3.8763200e-02   8.7082405e-01
   4.0100000e-02   8.7305122e-01
   4.0434400e-02   8.7527840e-01
   4.0768800e-02   8.7750557e-01
   4.1102400e-02   8.7973274e-01
   4.1436800e-02   8.8195991e-01
   4.2439200e-02   8.8864143e-01
   4.2773600e-02   8.9086860e-01
   4.3441600e-02   8.9309577e-01
   4.3776000e-02   8.9755011e-01
   4.5112800e-02   9.0645880e-01
   4.5447200e-02   9.0868597e-01
   4.5780800e-02   9.1536748e-01
   4.6115200e-02   9.1982183e-01
   4.6783200e-02   9.2427617e-01
   4.7117600e-02   9.2650334e-01
   4.7452000e-02   9.2873051e-01
   4.7786400e-02   9.3541203e-01
   4.8454400e-02   9.3986637e-01
   4.9122400e-02   9.4432071e-01
   4.9456800e-02   9.4877506e-01
   5.0459200e-02   9.5100223e-01
   5.1796000e-02   9.5322940e-01
   5.2130400e-02   9.5768374e-01
   5.4469600e-02   9.5991091e-01
   5.5472000e-02   9.6213808e-01
   5.6808800e-02   9.6436526e-01
   5.8145600e-02   9.6659243e-01
   6.1152800e-02   9.7104677e-01
   6.2824000e-02   9.7327394e-01
   6.4494400e-02   9.7550111e-01
   6.4828800e-02   9.7772829e-01
   6.5831200e-02   9.7995546e-01
   6.6833600e-02   9.8218263e-01
   7.0175200e-02   9.8440980e-01
   7.4519200e-02   9.8663697e-01
   7.9198400e-02   9.8886414e-01
   8.4879200e-02   9.9109131e-01
   9.1896800e-02   9.9331849e-01
   1.0426080e-01   9.9777283e-01
   1.3567280e-01   1.0000000e+00
