   3.7696000e-03   0.0000000e+00
   3.7696000e-03   2.3148148e-03
   4.6072000e-03   4.6296296e-03
   5.4448000e-03   1.8518519e-02
   5.8640000e-03   2.7777778e-02
   6.2824000e-03   3.9351852e-02
   6.7016000e-03   5.5555556e-02
   7.1208000e-03   6.4814815e-02
   7.5392000e-03   6.9444444e-02
   7.9584000e-03   8.1018519e-02
   8.3768000e-03   1.0648148e-01
   8.7960000e-03   1.2037037e-01
   9.2144000e-03   1.3425926e-01
   9.6336000e-03   1.6435185e-01
   1.0052000e-02   1.7824074e-01
   1.0471200e-02   1.9907407e-01
   1.0890400e-02   2.0601852e-01
   1.1308800e-02   2.2685185e-01
   1.1728000e-02   2.4305556e-01
   1.2146400e-02   2.6620370e-01
   1.2565600e-02   3.0092593e-01
   1.2984000e-02   3.1944444e-01
   1.3403200e-02   3.3564815e-01
   1.3822400e-02   3.6342593e-01
   1.4240800e-02   3.8888889e-01
   1.4660000e-02   4.0046296e-01
   1.5078400e-02   4.0972222e-01
   1.5497600e-02   4.3518519e-01
   1.5916000e-02   4.5601852e-01
   1.6335200e-02   4.6527778e-01
   1.6753600e-02   4.8842593e-01
   1.7172800e-02   5.0925926e-01
   1.7591200e-02   5.1388889e-01
   1.8010400e-02   5.3472222e-01
   1.8429600e-02   5.4398148e-01
   1.8848000e-02   5.5555556e-01
   1.9267200e-02   5.6712963e-01
   1.9685600e-02   5.7638889e-01
   2.0104800e-02   5.9027778e-01
   2.0524000e-02   5.9490741e-01
   2.0942400e-02   6.0185185e-01
   2.1361600e-02   6.0879630e-01
   2.1780000e-02   6.1574074e-01
   2.2199200e-02   6.3425926e-01
   2.2617600e-02   6.3888889e-01
   2.3036800e-02   6.5740741e-01
   2.3455200e-02   6.6435185e-01
   2.3874400e-02   6.8055556e-01
   2.4293600e-02   6.9675926e-01
   2.4712000e-02   7.0138889e-01
   2.5131200e-02   7.1296296e-01
   2.5549600e-02   7.1527778e-01
   2.5968800e-02   7.2453704e-01
   2.6387200e-02   7.2916667e-01
   2.6806400e-02   7.3379630e-01
   2.7224800e-02   7.4074074e-01
   2.7644000e-02   7.5000000e-01
   2.8062400e-02   7.5462963e-01
   2.8481600e-02   7.6388889e-01
   2.8900800e-02   7.7314815e-01
   2.9319200e-02   7.7546296e-01
   3.0156800e-02   7.7777778e-01
   3.0576000e-02   7.8240741e-01
   3.0995200e-02   7.8703704e-01
   3.1413600e-02   7.9629630e-01
   3.1832800e-02   7.9861111e-01
   3.2670400e-02   8.0324074e-01
   3.3088800e-02   8.0555556e-01
   3.3508000e-02   8.0787037e-01
   3.3926400e-02   8.1018519e-01
   3.4764800e-02   8.1481481e-01
   3.5183200e-02   8.2175926e-01
   3.5602400e-02   8.2407407e-01
   3.6020800e-02   8.2870370e-01
   3.6858400e-02   8.3333333e-01
   3.8115200e-02   8.3564815e-01
   3.8534400e-02   8.3796296e-01
   3.8952800e-02   8.4027778e-01
   3.9372000e-02   8.4259259e-01
   3.9790400e-02   8.4490741e-01
   4.0209600e-02   8.4953704e-01
   4.0628000e-02   8.5416667e-01
   4.1047200e-02   8.5879630e-01
   4.1465600e-02   8.6111111e-01
   4.1884800e-02   8.6342593e-01
   4.2304000e-02   8.6805556e-01
   4.3560000e-02   8.7037037e-01
   4.3979200e-02   8.7268519e-01
   4.4397600e-02   8.7500000e-01
   4.4816800e-02   8.7731481e-01
   4.5235200e-02   8.8194444e-01
   4.5654400e-02   8.8425926e-01
   4.6073600e-02   8.9120370e-01
   4.6492000e-02   8.9351852e-01
   4.6911200e-02   8.9814815e-01
   4.7329600e-02   9.0046296e-01
   4.7748800e-02   9.0277778e-01
   4.8586400e-02   9.0972222e-01
   4.9004800e-02   9.1203704e-01
   4.9424000e-02   9.1435185e-01
   5.0680800e-02   9.1666667e-01
   5.1518400e-02   9.1898148e-01
   5.1936800e-02   9.2129630e-01
   5.2356000e-02   9.2361111e-01
   5.3193600e-02   9.3055556e-01
   5.3612800e-02   9.3518519e-01
   5.6125600e-02   9.3750000e-01
   5.8638400e-02   9.3981481e-01
   6.1570400e-02   9.4212963e-01
   6.2408000e-02   9.4444444e-01
   6.2827200e-02   9.4675926e-01
   6.3246400e-02   9.4907407e-01
   6.4502400e-02   9.5370370e-01
   6.5340000e-02   9.5601852e-01
   6.5759200e-02   9.5833333e-01
   6.8691200e-02   9.6527778e-01
   6.9109600e-02   9.6759259e-01
   6.9528800e-02   9.6990741e-01
   7.0785600e-02   9.7222222e-01
   7.2879200e-02   9.7685185e-01
   7.4973600e-02   9.7916667e-01
   9.1308800e-02   9.8148148e-01
   9.5078400e-02   9.8379630e-01
   1.0387440e-01   9.8611111e-01
   1.0429280e-01   9.8842593e-01
   1.2439760e-01   9.9074074e-01
   1.4115200e-01   9.9305556e-01
   1.6083760e-01   9.9537037e-01
   1.6209440e-01   9.9768519e-01
   1.6921440e-01   1.0000000e+00
