   4.6820206e-03   0.0000000e+00
   4.6820206e-03   1.5723270e-03
   5.3277999e-03   4.7169811e-03
   5.5831853e-03   6.2893082e-03
   5.9431453e-03   7.8616352e-03
   6.0732085e-03   1.1006289e-02
   6.2536276e-03   1.2578616e-02
   6.2958267e-03   1.4150943e-02
   6.5025333e-03   1.5723270e-02
   6.6025125e-03   1.7295597e-02
   6.6096717e-03   1.8867925e-02
   6.7801181e-03   2.0440252e-02
   6.7814155e-03   2.3584906e-02
   6.8092213e-03   2.5157233e-02
   6.8133314e-03   2.6729560e-02
   6.8869451e-03   2.8301887e-02
   7.0358354e-03   2.9874214e-02
   7.1693189e-03   3.1446541e-02
   7.2970803e-03   3.3018868e-02
   7.3609671e-03   3.4591195e-02
   7.4562136e-03   3.7735849e-02
   7.5024683e-03   3.9308176e-02
   7.5808907e-03   4.0880503e-02
   7.7478566e-03   4.4025157e-02
   7.7772279e-03   4.5597484e-02
   7.7977308e-03   4.7169811e-02
   7.8364750e-03   5.0314465e-02
   7.9313722e-03   5.1886792e-02
   7.9870853e-03   5.3459119e-02
   8.0482488e-03   5.5031447e-02
   8.1220879e-03   5.6603774e-02
   8.2579896e-03   5.8176101e-02
   8.3220687e-03   5.9748428e-02
   8.3386119e-03   6.1320755e-02
   8.3947371e-03   6.4465409e-02
   8.4711720e-03   6.7610063e-02
   8.5215756e-03   6.9182390e-02
   8.6012530e-03   7.0754717e-02
   8.6803034e-03   7.2327044e-02
   8.7472546e-03   7.3899371e-02
   8.7895201e-03   7.7044025e-02
   8.9552808e-03   7.8616352e-02
   8.9654672e-03   8.1761006e-02
   8.9694254e-03   8.3333333e-02
   9.0626552e-03   8.4905660e-02
   9.0967945e-03   8.6477987e-02
   9.1499461e-03   8.8050314e-02
   9.1989082e-03   8.9622642e-02
   9.2021505e-03   9.2767296e-02
   9.2205214e-03   9.7484277e-02
   9.2617700e-03   1.0062893e-01
   9.2680078e-03   1.0377358e-01
   9.4394084e-03   1.0534591e-01
   9.4476624e-03   1.0691824e-01
   9.4553847e-03   1.0849057e-01
   9.4668787e-03   1.1006289e-01
   9.5553836e-03   1.1163522e-01
   9.5617739e-03   1.1320755e-01
   9.5930908e-03   1.1477987e-01
   9.6210413e-03   1.1792453e-01
   9.7022874e-03   1.2106918e-01
   9.7466402e-03   1.2421384e-01
   9.8147178e-03   1.2735849e-01
   9.8549772e-03   1.2893082e-01
   9.9056093e-03   1.3364780e-01
   9.9306042e-03   1.3679245e-01
   9.9796107e-03   1.3836478e-01
   1.0016326e-02   1.3993711e-01
   1.0019556e-02   1.4150943e-01
   1.0042338e-02   1.4308176e-01
   1.0093827e-02   1.4465409e-01
   1.0155342e-02   1.4622642e-01
   1.0225805e-02   1.4779874e-01
   1.0376361e-02   1.4937107e-01
   1.0407140e-02   1.5251572e-01
   1.0423718e-02   1.5408805e-01
   1.0442682e-02   1.5566038e-01
   1.0457206e-02   1.5723270e-01
   1.0533098e-02   1.5880503e-01
   1.0567260e-02   1.6194969e-01
   1.0666506e-02   1.6352201e-01
   1.0682032e-02   1.6509434e-01
   1.0833600e-02   1.6666667e-01
   1.0847920e-02   1.6823899e-01
   1.0891872e-02   1.6981132e-01
   1.0896847e-02   1.7138365e-01
   1.0907881e-02   1.7295597e-01
   1.0949952e-02   1.7610063e-01
   1.0972229e-02   1.7924528e-01
   1.1068298e-02   1.8238994e-01
   1.1072525e-02   1.8396226e-01
   1.1133853e-02   1.8867925e-01
   1.1136868e-02   1.9025157e-01
   1.1165840e-02   1.9182390e-01
   1.1183839e-02   1.9339623e-01
   1.1185461e-02   1.9496855e-01
   1.1288745e-02   1.9654088e-01
   1.1380656e-02   1.9811321e-01
   1.1392054e-02   1.9968553e-01
   1.1405326e-02   2.0283019e-01
   1.1485416e-02   2.0597484e-01
   1.1601873e-02   2.0754717e-01
   1.1695761e-02   2.1069182e-01
   1.1719518e-02   2.1383648e-01
   1.1825383e-02   2.1540881e-01
   1.1864012e-02   2.1698113e-01
   1.1911917e-02   2.2169811e-01
   1.1998790e-02   2.2327044e-01
   1.2075199e-02   2.2484277e-01
   1.2096182e-02   2.2641509e-01
   1.2101607e-02   2.3270440e-01
   1.2267892e-02   2.3427673e-01
   1.2360429e-02   2.4056604e-01
   1.2391422e-02   2.4371069e-01
   1.2395333e-02   2.4528302e-01
   1.2468685e-02   2.5157233e-01
   1.2521814e-02   2.5314465e-01
   1.2546653e-02   2.5471698e-01
   1.2589131e-02   2.5628931e-01
   1.2592210e-02   2.5943396e-01
   1.2596883e-02   2.6257862e-01
   1.2676336e-02   2.6415094e-01
   1.2743055e-02   2.6729560e-01
   1.2828200e-02   2.6886792e-01
   1.2844628e-02   2.7044025e-01
   1.2878816e-02   2.7358491e-01
   1.3017363e-02   2.7515723e-01
   1.3068907e-02   2.7672956e-01
   1.3101428e-02   2.7830189e-01
   1.3187455e-02   2.7987421e-01
   1.3205168e-02   2.8144654e-01
   1.3300403e-02   2.8459119e-01
   1.3333111e-02   2.8616352e-01
   1.3347257e-02   2.8773585e-01
   1.3362961e-02   2.8930818e-01
   1.3369849e-02   2.9088050e-01
   1.3454374e-02   2.9245283e-01
   1.3462300e-02   2.9402516e-01
   1.3495263e-02   2.9716981e-01
   1.3687824e-02   2.9874214e-01
   1.3796507e-02   3.0031447e-01
   1.3868073e-02   3.0345912e-01
   1.3896287e-02   3.0503145e-01
   1.3944876e-02   3.0660377e-01
   1.3962718e-02   3.0974843e-01
   1.4055065e-02   3.1132075e-01
   1.4131296e-02   3.1289308e-01
   1.4227551e-02   3.1446541e-01
   1.4271188e-02   3.1603774e-01
   1.4331189e-02   3.1761006e-01
   1.4382082e-02   3.1918239e-01
   1.4403329e-02   3.2075472e-01
   1.4437413e-02   3.2232704e-01
   1.4446137e-02   3.2547170e-01
   1.4529394e-02   3.2704403e-01
   1.4553478e-02   3.2861635e-01
   1.4566114e-02   3.3018868e-01
   1.4593866e-02   3.3333333e-01
   1.4765396e-02   3.3490566e-01
   1.4765522e-02   3.3647799e-01
   1.4809019e-02   3.3805031e-01
   1.4813349e-02   3.3962264e-01
   1.4858722e-02   3.4119497e-01
   1.4859533e-02   3.4276730e-01
   1.4862820e-02   3.4433962e-01
   1.5005493e-02   3.4591195e-01
   1.5012927e-02   3.4748428e-01
   1.5263876e-02   3.4905660e-01
   1.5398572e-02   3.5062893e-01
   1.5405890e-02   3.5220126e-01
   1.5554456e-02   3.5534591e-01
   1.5563990e-02   3.5691824e-01
   1.5605664e-02   3.6006289e-01
   1.5733988e-02   3.6163522e-01
   1.5746703e-02   3.6320755e-01
   1.5762610e-02   3.6477987e-01
   1.5787205e-02   3.6949686e-01
   1.5849176e-02   3.7106918e-01
   1.5948437e-02   3.7264151e-01
   1.5958940e-02   3.7421384e-01
   1.5982269e-02   3.7578616e-01
   1.6051513e-02   3.7735849e-01
   1.6082543e-02   3.8050314e-01
   1.6096498e-02   3.8207547e-01
   1.6136352e-02   3.8364780e-01
   1.6226868e-02   3.8679245e-01
   1.6229616e-02   3.8836478e-01
   1.6244176e-02   3.8993711e-01
   1.6309953e-02   3.9150943e-01
   1.6319258e-02   3.9308176e-01
   1.6353480e-02   3.9465409e-01
   1.6482083e-02   3.9622642e-01
   1.6507475e-02   3.9937107e-01
   1.6527516e-02   4.0094340e-01
   1.6532064e-02   4.0251572e-01
   1.6599944e-02   4.0408805e-01
   1.6605136e-02   4.0566038e-01
   1.6625130e-02   4.0723270e-01
   1.6700519e-02   4.0880503e-01
   1.6712014e-02   4.1037736e-01
   1.6895318e-02   4.1194969e-01
   1.6899125e-02   4.1509434e-01
   1.6922047e-02   4.1666667e-01
   1.6941785e-02   4.1823899e-01
   1.6951427e-02   4.1981132e-01
   1.6964559e-02   4.2138365e-01
   1.6974327e-02   4.2295597e-01
   1.6980277e-02   4.2452830e-01
   1.6996931e-02   4.2767296e-01
   1.7124096e-02   4.2924528e-01
   1.7310391e-02   4.3081761e-01
   1.7429503e-02   4.3238994e-01
   1.7453709e-02   4.3396226e-01
   1.7478176e-02   4.3553459e-01
   1.7486046e-02   4.3710692e-01
   1.7494509e-02   4.3867925e-01
   1.7648370e-02   4.4025157e-01
   1.7668221e-02   4.4182390e-01
   1.7678216e-02   4.4339623e-01
   1.7687515e-02   4.4496855e-01
   1.7716734e-02   4.4654088e-01
   1.7738999e-02   4.4968553e-01
   1.7909990e-02   4.5125786e-01
   1.7913620e-02   4.5283019e-01
   1.8057999e-02   4.5440252e-01
   1.8126425e-02   4.5754717e-01
   1.8152121e-02   4.5911950e-01
   1.8155211e-02   4.6069182e-01
   1.8171212e-02   4.6226415e-01
   1.8206814e-02   4.6383648e-01
   1.8443878e-02   4.6540881e-01
   1.8700667e-02   4.6698113e-01
   1.8718388e-02   4.6855346e-01
   1.8727428e-02   4.7012579e-01
   1.8845308e-02   4.7169811e-01
   1.8873400e-02   4.7327044e-01
   1.8916907e-02   4.7484277e-01
   1.8923204e-02   4.7641509e-01
   1.8962622e-02   4.7798742e-01
   1.9051783e-02   4.7955975e-01
   1.9122907e-02   4.8270440e-01
   1.9168524e-02   4.8427673e-01
   1.9226278e-02   4.8584906e-01
   1.9378831e-02   4.8742138e-01
   1.9394950e-02   4.8899371e-01
   1.9525973e-02   4.9213836e-01
   1.9526247e-02   4.9371069e-01
   1.9591218e-02   4.9528302e-01
   1.9607972e-02   4.9685535e-01
   1.9611864e-02   4.9842767e-01
   1.9628981e-02   5.0000000e-01
   1.9631739e-02   5.0314465e-01
   1.9662908e-02   5.0471698e-01
   1.9761457e-02   5.0628931e-01
   1.9857194e-02   5.1100629e-01
   1.9886525e-02   5.1257862e-01
   1.9907205e-02   5.1415094e-01
   1.9912743e-02   5.1572327e-01
   1.9972322e-02   5.1729560e-01
   2.0009026e-02   5.1886792e-01
   2.0015065e-02   5.2044025e-01
   2.0067293e-02   5.2201258e-01
   2.0083540e-02   5.2358491e-01
   2.0092797e-02   5.2515723e-01
   2.0095264e-02   5.2672956e-01
   2.0176142e-02   5.2830189e-01
   2.0240224e-02   5.2987421e-01
   2.0288597e-02   5.3144654e-01
   2.0295966e-02   5.3301887e-01
   2.0331250e-02   5.3459119e-01
   2.0341486e-02   5.3616352e-01
   2.0363237e-02   5.3773585e-01
   2.0467426e-02   5.3930818e-01
   2.0565017e-02   5.4088050e-01
   2.0572453e-02   5.4245283e-01
   2.0596302e-02   5.4716981e-01
   2.0660390e-02   5.4874214e-01
   2.0782043e-02   5.5031447e-01
   2.0815411e-02   5.5188679e-01
   2.0880219e-02   5.5345912e-01
   2.0967778e-02   5.5503145e-01
   2.0979908e-02   5.5817610e-01
   2.1053617e-02   5.5974843e-01
   2.1211222e-02   5.6132075e-01
   2.1299009e-02   5.6289308e-01
   2.1311029e-02   5.6446541e-01
   2.1388029e-02   5.6603774e-01
   2.1524364e-02   5.6761006e-01
   2.1531399e-02   5.7075472e-01
   2.1545016e-02   5.7232704e-01
   2.1688949e-02   5.7389937e-01
   2.1734213e-02   5.7547170e-01
   2.1735802e-02   5.7704403e-01
   2.1783324e-02   5.7861635e-01
   2.1794231e-02   5.8176101e-01
   2.1815718e-02   5.8333333e-01
   2.1891147e-02   5.8490566e-01
   2.1900186e-02   5.8647799e-01
   2.2007996e-02   5.8805031e-01
   2.2023923e-02   5.8962264e-01
   2.2118244e-02   5.9119497e-01
   2.2367544e-02   5.9276730e-01
   2.2751543e-02   5.9433962e-01
   2.2760774e-02   5.9591195e-01
   2.2834920e-02   5.9748428e-01
   2.2901324e-02   5.9905660e-01
   2.3014382e-02   6.0062893e-01
   2.3035169e-02   6.0220126e-01
   2.3234631e-02   6.0377358e-01
   2.3292183e-02   6.0691824e-01
   2.3380907e-02   6.0849057e-01
   2.3392029e-02   6.1006289e-01
   2.3453589e-02   6.1163522e-01
   2.3508772e-02   6.1320755e-01
   2.3514154e-02   6.1477987e-01
   2.3728337e-02   6.1635220e-01
   2.3741578e-02   6.1792453e-01
   2.3745482e-02   6.1949686e-01
   2.3823833e-02   6.2106918e-01
   2.3917954e-02   6.2264151e-01
   2.3963685e-02   6.2421384e-01
   2.3967196e-02   6.2578616e-01
   2.4008666e-02   6.2735849e-01
   2.4033979e-02   6.2893082e-01
   2.4209614e-02   6.3050314e-01
   2.4447379e-02   6.3364780e-01
   2.4573038e-02   6.3522013e-01
   2.4620223e-02   6.3679245e-01
   2.4740035e-02   6.3836478e-01
   2.4813825e-02   6.3993711e-01
   2.4901877e-02   6.4150943e-01
   2.4964909e-02   6.4308176e-01
   2.5109503e-02   6.4465409e-01
   2.5220043e-02   6.4622642e-01
   2.5223093e-02   6.4779874e-01
   2.5374180e-02   6.4937107e-01
   2.5435740e-02   6.5094340e-01
   2.5516219e-02   6.5251572e-01
   2.5564585e-02   6.5408805e-01
   2.5677264e-02   6.5566038e-01
   2.5687797e-02   6.5723270e-01
   2.5689297e-02   6.5880503e-01
   2.5898596e-02   6.6037736e-01
   2.5995370e-02   6.6194969e-01
   2.6099521e-02   6.6509434e-01
   2.6462854e-02   6.6666667e-01
   2.6782404e-02   6.6823899e-01
   2.6794104e-02   6.6981132e-01
   2.6922270e-02   6.7138365e-01
   2.7118534e-02   6.7295597e-01
   2.7170851e-02   6.7452830e-01
   2.7232728e-02   6.7610063e-01
   2.7290384e-02   6.7767296e-01
   2.7439601e-02   6.7924528e-01
   2.7483446e-02   6.8081761e-01
   2.7535740e-02   6.8238994e-01
   2.7590892e-02   6.8396226e-01
   2.7605895e-02   6.8553459e-01
   2.7700786e-02   6.8710692e-01
   2.7792069e-02   6.8867925e-01
   2.7822558e-02   6.9025157e-01
   2.7843056e-02   6.9182390e-01
   2.7956006e-02   6.9339623e-01
   2.8376815e-02   6.9496855e-01
   2.8971185e-02   6.9654088e-01
   2.8972554e-02   6.9811321e-01
   2.9046250e-02   6.9968553e-01
   2.9079112e-02   7.0125786e-01
   2.9143533e-02   7.0440252e-01
   2.9283481e-02   7.0597484e-01
   2.9443701e-02   7.0754717e-01
   2.9646527e-02   7.0911950e-01
   2.9902162e-02   7.1069182e-01
   3.0008024e-02   7.1226415e-01
   3.0015273e-02   7.1540881e-01
   3.0117244e-02   7.1698113e-01
   3.0511663e-02   7.1855346e-01
   3.0559589e-02   7.2012579e-01
   3.0774730e-02   7.2169811e-01
   3.0933018e-02   7.2327044e-01
   3.1105111e-02   7.2484277e-01
   3.1540331e-02   7.2641509e-01
   3.1809144e-02   7.2798742e-01
   3.1896874e-02   7.2955975e-01
   3.1902457e-02   7.3113208e-01
   3.2046026e-02   7.3270440e-01
   3.2124646e-02   7.3427673e-01
   3.2297424e-02   7.3584906e-01
   3.2371079e-02   7.3742138e-01
   3.2588109e-02   7.3899371e-01
   3.2675054e-02   7.4056604e-01
   3.2867805e-02   7.4213836e-01
   3.2888068e-02   7.4371069e-01
   3.3244518e-02   7.4528302e-01
   3.3556254e-02   7.4685535e-01
   3.3668446e-02   7.4842767e-01
   3.3691399e-02   7.5000000e-01
   3.3798711e-02   7.5157233e-01
   3.3870775e-02   7.5314465e-01
   3.3958053e-02   7.5471698e-01
   3.4368714e-02   7.5628931e-01
   3.4457371e-02   7.5786164e-01
   3.4609332e-02   7.5943396e-01
   3.4666645e-02   7.6100629e-01
   3.5024894e-02   7.6257862e-01
   3.5035092e-02   7.6415094e-01
   3.5191361e-02   7.6572327e-01
   3.5432936e-02   7.6729560e-01
   3.5490819e-02   7.6886792e-01
   3.5524835e-02   7.7044025e-01
   3.5776066e-02   7.7201258e-01
   3.5845888e-02   7.7358491e-01
   3.5902435e-02   7.7515723e-01
   3.5919679e-02   7.7672956e-01
   3.5956220e-02   7.7830189e-01
   3.6090815e-02   7.7987421e-01
   3.6220941e-02   7.8144654e-01
   3.6329655e-02   7.8301887e-01
   3.6694607e-02   7.8459119e-01
   3.6794673e-02   7.8616352e-01
   3.6830924e-02   7.8773585e-01
   3.6851053e-02   7.8930818e-01
   3.6887755e-02   7.9088050e-01
   3.7541733e-02   7.9245283e-01
   3.7636333e-02   7.9402516e-01
   3.7776647e-02   7.9716981e-01
   3.7805232e-02   7.9874214e-01
   3.7858828e-02   8.0031447e-01
   3.7974089e-02   8.0188679e-01
   3.8031047e-02   8.0345912e-01
   3.8036015e-02   8.0503145e-01
   3.8202596e-02   8.0660377e-01
   3.8227462e-02   8.0817610e-01
   3.8280000e-02   8.0974843e-01
   3.8377113e-02   8.1132075e-01
   3.8748135e-02   8.1289308e-01
   3.8775751e-02   8.1446541e-01
   3.8783275e-02   8.1603774e-01
   3.8789310e-02   8.1761006e-01
   3.9175379e-02   8.1918239e-01
   3.9291681e-02   8.2075472e-01
   3.9732757e-02   8.2232704e-01
   4.0616159e-02   8.2389937e-01
   4.0701848e-02   8.2547170e-01
   4.0756841e-02   8.2704403e-01
   4.0903092e-02   8.2861635e-01
   4.1227527e-02   8.3018868e-01
   4.1318143e-02   8.3176101e-01
   4.1583296e-02   8.3333333e-01
   4.1688356e-02   8.3490566e-01
   4.1901843e-02   8.3647799e-01
   4.2178398e-02   8.3805031e-01
   4.2438183e-02   8.3962264e-01
   4.2557414e-02   8.4119497e-01
   4.3279425e-02   8.4276730e-01
   4.3517774e-02   8.4433962e-01
   4.3565991e-02   8.4591195e-01
   4.3574865e-02   8.4748428e-01
   4.3822692e-02   8.4905660e-01
   4.3955432e-02   8.5062893e-01
   4.4098940e-02   8.5220126e-01
   4.4311824e-02   8.5377358e-01
   4.4321867e-02   8.5534591e-01
   4.5113566e-02   8.5691824e-01
   4.5439784e-02   8.5849057e-01
   4.5644834e-02   8.6006289e-01
   4.5742882e-02   8.6163522e-01
   4.6297848e-02   8.6320755e-01
   4.7069266e-02   8.6477987e-01
   4.7606727e-02   8.6635220e-01
   4.7648403e-02   8.6792453e-01
   4.7775263e-02   8.6949686e-01
   4.8102581e-02   8.7106918e-01
   4.8106105e-02   8.7264151e-01
   4.8203760e-02   8.7421384e-01
   4.8379217e-02   8.7578616e-01
   4.8646769e-02   8.7735849e-01
   4.8895343e-02   8.7893082e-01
   4.8898968e-02   8.8050314e-01
   4.8933801e-02   8.8207547e-01
   4.9017268e-02   8.8364780e-01
   4.9110558e-02   8.8522013e-01
   4.9451945e-02   8.8679245e-01
   4.9617690e-02   8.8836478e-01
   5.0847673e-02   8.8993711e-01
   5.1030685e-02   8.9150943e-01
   5.1036102e-02   8.9308176e-01
   5.1336263e-02   8.9465409e-01
   5.1552506e-02   8.9622642e-01
   5.1608480e-02   8.9779874e-01
   5.1634345e-02   8.9937107e-01
   5.2038622e-02   9.0094340e-01
   5.2281516e-02   9.0251572e-01
   5.2665795e-02   9.0408805e-01
   5.2739358e-02   9.0566038e-01
   5.3742742e-02   9.0723270e-01
   5.3752676e-02   9.0880503e-01
   5.4503745e-02   9.1037736e-01
   5.5018618e-02   9.1194969e-01
   5.5323328e-02   9.1352201e-01
   5.5528752e-02   9.1509434e-01
   5.6407623e-02   9.1666667e-01
   5.6538358e-02   9.1823899e-01
   5.7143388e-02   9.1981132e-01
   5.7377586e-02   9.2138365e-01
   5.7701798e-02   9.2295597e-01
   5.7853524e-02   9.2452830e-01
   5.8244891e-02   9.2610063e-01
   5.8425678e-02   9.2767296e-01
   5.8507525e-02   9.2924528e-01
   5.8587853e-02   9.3081761e-01
   5.9296717e-02   9.3238994e-01
   6.0559047e-02   9.3396226e-01
   6.0786603e-02   9.3553459e-01
   6.2579836e-02   9.3710692e-01
   6.2793792e-02   9.3867925e-01
   6.2900106e-02   9.4025157e-01
   6.3347943e-02   9.4182390e-01
   6.4175668e-02   9.4339623e-01
   6.4223261e-02   9.4496855e-01
   6.4733217e-02   9.4654088e-01
   6.4937708e-02   9.4811321e-01
   6.6024637e-02   9.4968553e-01
   6.8284135e-02   9.5125786e-01
   6.9395495e-02   9.5283019e-01
   6.9515423e-02   9.5440252e-01
   6.9601406e-02   9.5597484e-01
   7.1259521e-02   9.5754717e-01
   7.1315701e-02   9.5911950e-01
   7.2510656e-02   9.6069182e-01
   7.3338855e-02   9.6226415e-01
   7.3874990e-02   9.6383648e-01
   7.4238363e-02   9.6540881e-01
   7.4267539e-02   9.6698113e-01
   7.4784601e-02   9.6855346e-01
   7.4960565e-02   9.7012579e-01
   7.7972171e-02   9.7169811e-01
   8.0134597e-02   9.7327044e-01
   8.1151062e-02   9.7484277e-01
   8.2060179e-02   9.7641509e-01
   8.3859160e-02   9.7798742e-01
   8.6887951e-02   9.7955975e-01
   8.7446057e-02   9.8113208e-01
   8.9151342e-02   9.8270440e-01
   8.9691569e-02   9.8427673e-01
   8.9987620e-02   9.8584906e-01
   9.3578202e-02   9.8742138e-01
   1.0181564e-01   9.8899371e-01
   1.1052436e-01   9.9056604e-01
   1.1064356e-01   9.9213836e-01
   1.1264140e-01   9.9371069e-01
   1.1324431e-01   9.9528302e-01
   1.1418290e-01   9.9685535e-01
   1.2404125e-01   9.9842767e-01
   1.3969686e-01   1.0000000e+00
