   2.6288000e-03   0.0000000e+00
   2.6288000e-03   1.0266940e-03
   3.0672000e-03   6.1601643e-03
   3.5048000e-03   2.0533881e-02
   3.9432000e-03   4.2094456e-02
   4.3808000e-03   7.0841889e-02
   4.8192000e-03   1.0985626e-01
   5.2576000e-03   1.7351129e-01
   5.6952000e-03   2.2073922e-01
   6.1336000e-03   2.8234086e-01
   6.5720000e-03   3.2546201e-01
   7.0096000e-03   3.6036961e-01
   7.4480000e-03   3.9425051e-01
   7.8864000e-03   4.3223819e-01
   8.3240000e-03   4.5379877e-01
   8.7624000e-03   5.0000000e-01
   9.2008000e-03   5.2258727e-01
   9.6384000e-03   5.4928131e-01
   1.0076800e-02   5.7392197e-01
   1.0515200e-02   5.8932238e-01
   1.0952800e-02   6.0574949e-01
   1.1391200e-02   6.2731006e-01
   1.1828800e-02   6.3860370e-01
   1.2267200e-02   6.5195072e-01
   1.2705600e-02   6.6735113e-01
   1.3143200e-02   6.8275154e-01
   1.3581600e-02   6.9712526e-01
   1.4020000e-02   7.1971253e-01
   1.4457600e-02   7.3100616e-01
   1.4896000e-02   7.4640657e-01
   1.5334400e-02   7.5564682e-01
   1.5772000e-02   7.6488706e-01
   1.6210400e-02   7.8439425e-01
   1.6648000e-02   7.9568789e-01
   1.7086400e-02   8.0082136e-01
   1.7524800e-02   8.1724846e-01
   1.7962400e-02   8.3264887e-01
   1.8400800e-02   8.3675565e-01
   1.8839200e-02   8.4086242e-01
   1.9276800e-02   8.4804928e-01
   1.9715200e-02   8.5215606e-01
   2.0153600e-02   8.5831622e-01
   2.0591200e-02   8.6652977e-01
   2.1029600e-02   8.7268994e-01
   2.1468000e-02   8.7885010e-01
   2.1905600e-02   8.8090349e-01
   2.2344000e-02   8.8706366e-01
   2.2781600e-02   8.9425051e-01
   2.3220000e-02   8.9733060e-01
   2.3658400e-02   8.9835729e-01
   2.4096800e-02   9.0451745e-01
   2.4534400e-02   9.0759754e-01
   2.4972800e-02   9.1067762e-01
   2.5410400e-02   9.1273101e-01
   2.6287200e-02   9.1375770e-01
   2.6724800e-02   9.1581109e-01
   2.7163200e-02   9.1786448e-01
   2.7601600e-02   9.2094456e-01
   2.8039200e-02   9.2197125e-01
   2.8477600e-02   9.2299795e-01
   2.8916000e-02   9.2813142e-01
   2.9353600e-02   9.3223819e-01
   2.9792000e-02   9.3634497e-01
   3.0230400e-02   9.4045175e-01
   3.0668000e-02   9.4250513e-01
   3.1106400e-02   9.4353183e-01
   3.1544800e-02   9.4558522e-01
   3.2858400e-02   9.4763860e-01
   3.3296800e-02   9.4866530e-01
   3.3735200e-02   9.5071869e-01
   3.4172800e-02   9.5277207e-01
   3.4611200e-02   9.5379877e-01
   3.5049600e-02   9.5482546e-01
   3.5487200e-02   9.5790554e-01
   3.7240000e-02   9.5893224e-01
   3.7678400e-02   9.5995893e-01
   3.8554400e-02   9.6098563e-01
   3.8992000e-02   9.6201232e-01
   3.9430400e-02   9.6406571e-01
   3.9868800e-02   9.6611910e-01
   4.1620800e-02   9.6714579e-01
   4.2935200e-02   9.6817248e-01
   4.3373600e-02   9.6919918e-01
   4.5125600e-02   9.7227926e-01
   4.5564000e-02   9.7330595e-01
   4.6440000e-02   9.7433265e-01
   4.7754400e-02   9.7535934e-01
   4.9068800e-02   9.7638604e-01
   4.9507200e-02   9.7741273e-01
   4.9945600e-02   9.7843943e-01
   5.0383200e-02   9.7946612e-01
   5.2136000e-02   9.8049281e-01
   5.6955200e-02   9.8151951e-01
   5.7392800e-02   9.8254620e-01
   6.0460000e-02   9.8357290e-01
   6.3088800e-02   9.8459959e-01
   6.6593600e-02   9.8562628e-01
   7.9299200e-02   9.8665298e-01
   8.9376000e-02   9.8870637e-01
   9.7261600e-02   9.8973306e-01
   1.1084320e-01   9.9075975e-01
   1.1391040e-01   9.9178645e-01
   1.1829120e-01   9.9281314e-01
   1.1916720e-01   9.9383984e-01
   1.5947440e-01   9.9486653e-01
   1.7218000e-01   9.9589322e-01
   1.8444720e-01   9.9691992e-01
   1.9978080e-01   9.9794661e-01
   2.1292480e-01   9.9897331e-01
   2.2343920e-01   1.0000000e+00
