   3.8014668e-03   0.0000000e+00
   3.8014668e-03   1.6260163e-03
   4.4352330e-03   3.2520325e-03
   4.9368495e-03   4.8780488e-03
   5.1697739e-03   6.5040650e-03
   5.3443139e-03   8.1300813e-03
   5.4261323e-03   9.7560976e-03
   5.9613558e-03   1.3008130e-02
   6.0589388e-03   1.6260163e-02
   6.3724654e-03   1.7886179e-02
   6.4290538e-03   2.1138211e-02
   6.4345512e-03   2.2764228e-02
   6.5821474e-03   2.6016260e-02
   6.6280477e-03   2.9268293e-02
   6.6298410e-03   3.2520325e-02
   6.7911646e-03   3.4146341e-02
   6.8119957e-03   4.5528455e-02
   6.9086962e-03   4.7154472e-02
   6.9368742e-03   5.0406504e-02
   6.9612297e-03   5.2032520e-02
   7.0600408e-03   5.5284553e-02
   7.1795311e-03   5.6910569e-02
   7.2051986e-03   6.5040650e-02
   7.2161324e-03   6.6666667e-02
   7.2558891e-03   6.9918699e-02
   7.2623837e-03   7.1544715e-02
   7.3040190e-03   7.3170732e-02
   7.3244343e-03   7.9674797e-02
   7.4062661e-03   8.1300813e-02
   7.4401463e-03   8.2926829e-02
   7.4908067e-03   8.4552846e-02
   7.6034709e-03   8.7804878e-02
   7.6070714e-03   8.9430894e-02
   7.6914848e-03   9.4308943e-02
   7.8841546e-03   9.5934959e-02
   7.8955983e-03   9.7560976e-02
   7.9576612e-03   1.0243902e-01
   8.0163105e-03   1.0569106e-01
   8.0691752e-03   1.0731707e-01
   8.1994175e-03   1.1056911e-01
   8.2104895e-03   1.1544715e-01
   8.4318432e-03   1.1707317e-01
   8.4560798e-03   1.2195122e-01
   8.5136767e-03   1.2520325e-01
   8.5288949e-03   1.2682927e-01
   8.5909676e-03   1.2845528e-01
   8.6244679e-03   1.3008130e-01
   8.6334739e-03   1.3170732e-01
   8.6988918e-03   1.3658537e-01
   8.8314377e-03   1.4308943e-01
   8.8372624e-03   1.4471545e-01
   8.8710032e-03   1.4796748e-01
   8.8883879e-03   1.4959350e-01
   9.0832519e-03   1.5447154e-01
   9.1437852e-03   1.5934959e-01
   9.1622564e-03   1.6097561e-01
   9.2243371e-03   1.6585366e-01
   9.2776665e-03   1.6910569e-01
   9.3291569e-03   1.7235772e-01
   9.4636915e-03   1.7398374e-01
   9.4649666e-03   1.7560976e-01
   9.5047693e-03   1.7886179e-01
   9.5079332e-03   1.8048780e-01
   9.5876557e-03   1.8861789e-01
   9.6932777e-03   1.9024390e-01
   9.7743666e-03   1.9349593e-01
   9.7934874e-03   1.9837398e-01
   9.7956702e-03   2.0000000e-01
   9.8577577e-03   2.0325203e-01
   9.8734280e-03   2.0487805e-01
   9.9545871e-03   2.0813008e-01
   9.9598663e-03   2.1138211e-01
   1.0092821e-02   2.1951220e-01
   1.0096135e-02   2.2601626e-01
   1.0100113e-02   2.3089431e-01
   1.0129810e-02   2.3252033e-01
   1.0220136e-02   2.3414634e-01
   1.0339355e-02   2.3577236e-01
   1.0404746e-02   2.3739837e-01
   1.0419486e-02   2.3902439e-01
   1.0429127e-02   2.4552846e-01
   1.0472629e-02   2.4715447e-01
   1.0491220e-02   2.5691057e-01
   1.0491638e-02   2.5853659e-01
   1.0496162e-02   2.6016260e-01
   1.0563595e-02   2.6178862e-01
   1.0590302e-02   2.6666667e-01
   1.0688307e-02   2.7154472e-01
   1.0721912e-02   2.7642276e-01
   1.0726574e-02   2.8292683e-01
   1.0728163e-02   2.8780488e-01
   1.0753074e-02   2.9105691e-01
   1.0772302e-02   2.9430894e-01
   1.0852143e-02   2.9918699e-01
   1.0875262e-02   3.0243902e-01
   1.0898055e-02   3.0406504e-01
   1.1036038e-02   3.1056911e-01
   1.1046371e-02   3.1219512e-01
   1.1062065e-02   3.1382114e-01
   1.1065992e-02   3.1544715e-01
   1.1120143e-02   3.1707317e-01
   1.1124109e-02   3.2195122e-01
   1.1221682e-02   3.2682927e-01
   1.1305169e-02   3.3170732e-01
   1.1322220e-02   3.3333333e-01
   1.1351522e-02   3.3658537e-01
   1.1353847e-02   3.3983740e-01
   1.1360895e-02   3.4308943e-01
   1.1404938e-02   3.4959350e-01
   1.1438586e-02   3.5121951e-01
   1.1484901e-02   3.5447154e-01
   1.1667598e-02   3.5609756e-01
   1.1695010e-02   3.5934959e-01
   1.1714732e-02   3.6097561e-01
   1.1745172e-02   3.6585366e-01
   1.1757115e-02   3.6910569e-01
   1.1923804e-02   3.7235772e-01
   1.1981571e-02   3.7398374e-01
   1.1981802e-02   3.7560976e-01
   1.1993172e-02   3.8048780e-01
   1.2002904e-02   3.8373984e-01
   1.2038704e-02   3.8699187e-01
   1.2228670e-02   3.8861789e-01
   1.2298836e-02   3.9186992e-01
   1.2328557e-02   3.9674797e-01
   1.2332820e-02   3.9837398e-01
   1.2337724e-02   4.0000000e-01
   1.2390665e-02   4.0487805e-01
   1.2484358e-02   4.0650407e-01
   1.2484677e-02   4.0813008e-01
   1.2611456e-02   4.0975610e-01
   1.2626104e-02   4.1138211e-01
   1.2672470e-02   4.1300813e-01
   1.2677990e-02   4.1463415e-01
   1.2750208e-02   4.1626016e-01
   1.2858750e-02   4.1788618e-01
   1.2869102e-02   4.1951220e-01
   1.2930814e-02   4.2601626e-01
   1.2949712e-02   4.2926829e-01
   1.2962125e-02   4.3089431e-01
   1.2997768e-02   4.3252033e-01
   1.3009995e-02   4.3414634e-01
   1.3024236e-02   4.3577236e-01
   1.3116711e-02   4.3902439e-01
   1.3231460e-02   4.4065041e-01
   1.3242193e-02   4.4227642e-01
   1.3259115e-02   4.4390244e-01
   1.3299680e-02   4.4552846e-01
   1.3306236e-02   4.4878049e-01
   1.3389785e-02   4.5040650e-01
   1.3489605e-02   4.5203252e-01
   1.3559782e-02   4.5691057e-01
   1.3568796e-02   4.5853659e-01
   1.3623991e-02   4.6016260e-01
   1.3642508e-02   4.6178862e-01
   1.3657826e-02   4.6504065e-01
   1.3774667e-02   4.6666667e-01
   1.3787277e-02   4.6829268e-01
   1.3873207e-02   4.6991870e-01
   1.3892196e-02   4.7154472e-01
   1.3940002e-02   4.7804878e-01
   1.3976980e-02   4.7967480e-01
   1.3989884e-02   4.8130081e-01
   1.4014843e-02   4.8292683e-01
   1.4016331e-02   4.8455285e-01
   1.4120082e-02   4.8943089e-01
   1.4211914e-02   4.9105691e-01
   1.4251893e-02   4.9268293e-01
   1.4380608e-02   4.9593496e-01
   1.4388910e-02   4.9756098e-01
   1.4504461e-02   4.9918699e-01
   1.4511261e-02   5.0243902e-01
   1.4525336e-02   5.0406504e-01
   1.4534676e-02   5.0569106e-01
   1.4573768e-02   5.0731707e-01
   1.4613420e-02   5.1056911e-01
   1.4696310e-02   5.1219512e-01
   1.4827665e-02   5.1544715e-01
   1.4838312e-02   5.1707317e-01
   1.4880293e-02   5.2195122e-01
   1.4884166e-02   5.2357724e-01
   1.5013062e-02   5.2520325e-01
   1.5037251e-02   5.2682927e-01
   1.5127733e-02   5.3008130e-01
   1.5206942e-02   5.3333333e-01
   1.5214143e-02   5.3495935e-01
   1.5226359e-02   5.3658537e-01
   1.5282073e-02   5.3821138e-01
   1.5432783e-02   5.3983740e-01
   1.5449758e-02   5.4146341e-01
   1.5460192e-02   5.4308943e-01
   1.5463726e-02   5.4471545e-01
   1.5558077e-02   5.4634146e-01
   1.5659940e-02   5.4796748e-01
   1.5665791e-02   5.4959350e-01
   1.5768833e-02   5.5284553e-01
   1.5791197e-02   5.5447154e-01
   1.5834698e-02   5.5609756e-01
   1.5840708e-02   5.5772358e-01
   1.5846928e-02   5.5934959e-01
   1.5915322e-02   5.6097561e-01
   1.6032621e-02   5.6260163e-01
   1.6092256e-02   5.6422764e-01
   1.6138350e-02   5.6585366e-01
   1.6152242e-02   5.6747967e-01
   1.6161359e-02   5.6910569e-01
   1.6191719e-02   5.7073171e-01
   1.6191737e-02   5.7235772e-01
   1.6279466e-02   5.7398374e-01
   1.6285753e-02   5.7560976e-01
   1.6388901e-02   5.8048780e-01
   1.6397593e-02   5.8211382e-01
   1.6420860e-02   5.8373984e-01
   1.6424475e-02   5.8699187e-01
   1.6456260e-02   5.9186992e-01
   1.6548611e-02   5.9349593e-01
   1.6646564e-02   5.9837398e-01
   1.6811337e-02   6.0000000e-01
   1.6825370e-02   6.0162602e-01
   1.6911013e-02   6.0325203e-01
   1.7019840e-02   6.0650407e-01
   1.7026754e-02   6.0813008e-01
   1.7030211e-02   6.0975610e-01
   1.7057790e-02   6.1138211e-01
   1.7078719e-02   6.1300813e-01
   1.7123918e-02   6.1463415e-01
   1.7282656e-02   6.1626016e-01
   1.7305205e-02   6.1788618e-01
   1.7341079e-02   6.1951220e-01
   1.7357183e-02   6.2113821e-01
   1.7396924e-02   6.2276423e-01
   1.7478662e-02   6.2439024e-01
   1.7650981e-02   6.2764228e-01
   1.7673908e-02   6.2926829e-01
   1.7676362e-02   6.3089431e-01
   1.7690579e-02   6.3252033e-01
   1.7815291e-02   6.3577236e-01
   1.7910714e-02   6.3739837e-01
   1.8003855e-02   6.3902439e-01
   1.8030042e-02   6.4065041e-01
   1.8124664e-02   6.4227642e-01
   1.8165842e-02   6.4552846e-01
   1.8286975e-02   6.4715447e-01
   1.8294500e-02   6.5040650e-01
   1.8323955e-02   6.5203252e-01
   1.8396325e-02   6.5365854e-01
   1.8444621e-02   6.5528455e-01
   1.8505068e-02   6.5691057e-01
   1.8505074e-02   6.5853659e-01
   1.8606053e-02   6.6016260e-01
   1.8622958e-02   6.6178862e-01
   1.8629962e-02   6.6341463e-01
   1.8657670e-02   6.6666667e-01
   1.8663714e-02   6.6991870e-01
   1.8704618e-02   6.7317073e-01
   1.8723982e-02   6.7479675e-01
   1.8725843e-02   6.7642276e-01
   1.8809640e-02   6.7967480e-01
   1.8911641e-02   6.8130081e-01
   1.8913155e-02   6.8292683e-01
   1.8938998e-02   6.8455285e-01
   1.8949921e-02   6.8617886e-01
   1.8957358e-02   6.8780488e-01
   1.8962378e-02   6.8943089e-01
   1.9081566e-02   6.9105691e-01
   1.9174685e-02   6.9430894e-01
   1.9297392e-02   6.9593496e-01
   1.9343875e-02   6.9756098e-01
   1.9441506e-02   6.9918699e-01
   1.9544791e-02   7.0081301e-01
   1.9638004e-02   7.0243902e-01
   1.9865199e-02   7.0406504e-01
   1.9919091e-02   7.0731707e-01
   2.0059337e-02   7.0894309e-01
   2.0074546e-02   7.1056911e-01
   2.0176070e-02   7.1219512e-01
   2.0224232e-02   7.1382114e-01
   2.0297355e-02   7.1544715e-01
   2.0495159e-02   7.1707317e-01
   2.0522027e-02   7.1869919e-01
   2.0546601e-02   7.2032520e-01
   2.0564181e-02   7.2195122e-01
   2.0707631e-02   7.2357724e-01
   2.0824262e-02   7.2845528e-01
   2.0927008e-02   7.3008130e-01
   2.1027536e-02   7.3170732e-01
   2.1130747e-02   7.3333333e-01
   2.1138957e-02   7.3658537e-01
   2.1154571e-02   7.3821138e-01
   2.1404576e-02   7.3983740e-01
   2.1692620e-02   7.4146341e-01
   2.1755744e-02   7.4308943e-01
   2.2077306e-02   7.4471545e-01
   2.2097753e-02   7.4634146e-01
   2.2177239e-02   7.4796748e-01
   2.2394390e-02   7.4959350e-01
   2.2811005e-02   7.5121951e-01
   2.2949207e-02   7.5284553e-01
   2.3023929e-02   7.5447154e-01
   2.3098979e-02   7.5609756e-01
   2.3269221e-02   7.5772358e-01
   2.3335039e-02   7.5934959e-01
   2.3495749e-02   7.6097561e-01
   2.3714738e-02   7.6260163e-01
   2.4079853e-02   7.6422764e-01
   2.4658244e-02   7.6585366e-01
   2.4711022e-02   7.6910569e-01
   2.4872933e-02   7.7073171e-01
   2.4963653e-02   7.7235772e-01
   2.5087341e-02   7.7398374e-01
   2.5139573e-02   7.7560976e-01
   2.5500924e-02   7.7723577e-01
   2.5778533e-02   7.7886179e-01
   2.6034538e-02   7.8048780e-01
   2.6171945e-02   7.8211382e-01
   2.6230325e-02   7.8373984e-01
   2.6493735e-02   7.8536585e-01
   2.6802959e-02   7.8699187e-01
   2.7115336e-02   7.8861789e-01
   2.7746414e-02   7.9024390e-01
   2.7904758e-02   7.9186992e-01
   2.7949253e-02   7.9349593e-01
   2.8070334e-02   7.9512195e-01
   2.8390499e-02   7.9674797e-01
   2.8507520e-02   7.9837398e-01
   2.8720895e-02   8.0000000e-01
   2.8999192e-02   8.0162602e-01
   2.9050673e-02   8.0325203e-01
   2.9282531e-02   8.0487805e-01
   2.9626338e-02   8.0650407e-01
   2.9878479e-02   8.0813008e-01
   2.9962153e-02   8.0975610e-01
   3.0358907e-02   8.1138211e-01
   3.0632762e-02   8.1300813e-01
   3.0662655e-02   8.1463415e-01
   3.0885854e-02   8.1626016e-01
   3.1552426e-02   8.1788618e-01
   3.1882599e-02   8.1951220e-01
   3.2031506e-02   8.2113821e-01
   3.2105410e-02   8.2276423e-01
   3.2489728e-02   8.2439024e-01
   3.2512578e-02   8.2601626e-01
   3.2556551e-02   8.2764228e-01
   3.2825241e-02   8.2926829e-01
   3.2901664e-02   8.3089431e-01
   3.4091368e-02   8.3252033e-01
   3.4133127e-02   8.3414634e-01
   3.4414296e-02   8.3577236e-01
   3.4557818e-02   8.3739837e-01
   3.4683288e-02   8.4065041e-01
   3.4793300e-02   8.4227642e-01
   3.5357595e-02   8.4390244e-01
   3.5381716e-02   8.4552846e-01
   3.5906015e-02   8.4715447e-01
   3.6352279e-02   8.4878049e-01
   3.7069772e-02   8.5040650e-01
   3.7212105e-02   8.5365854e-01
   3.7397670e-02   8.5528455e-01
   3.7520654e-02   8.5691057e-01
   3.7591901e-02   8.5853659e-01
   3.7626498e-02   8.6016260e-01
   3.9276486e-02   8.6178862e-01
   4.0042698e-02   8.6341463e-01
   4.0050474e-02   8.6504065e-01
   4.1158565e-02   8.6666667e-01
   4.1285034e-02   8.6829268e-01
   4.2250162e-02   8.6991870e-01
   4.2445364e-02   8.7154472e-01
   4.2758406e-02   8.7317073e-01
   4.2835246e-02   8.7479675e-01
   4.2904897e-02   8.7642276e-01
   4.3826496e-02   8.7804878e-01
   4.3902525e-02   8.7967480e-01
   4.4519559e-02   8.8130081e-01
   4.5129520e-02   8.8292683e-01
   4.6471302e-02   8.8455285e-01
   4.6665520e-02   8.8617886e-01
   4.7204890e-02   8.8780488e-01
   4.7481010e-02   8.8943089e-01
   4.7905199e-02   8.9105691e-01
   4.8556495e-02   8.9268293e-01
   4.9213980e-02   8.9430894e-01
   5.0205233e-02   8.9593496e-01
   5.0268771e-02   8.9756098e-01
   5.0553435e-02   8.9918699e-01
   5.2533379e-02   9.0081301e-01
   5.3062267e-02   9.0243902e-01
   5.3116216e-02   9.0406504e-01
   5.4874600e-02   9.0569106e-01
   5.6916678e-02   9.0731707e-01
   5.7366285e-02   9.0894309e-01
   5.7550289e-02   9.1056911e-01
   5.7705936e-02   9.1219512e-01
   5.7951532e-02   9.1382114e-01
   5.8268689e-02   9.1544715e-01
   5.8525965e-02   9.1707317e-01
   5.8546478e-02   9.1869919e-01
   5.8672844e-02   9.2032520e-01
   5.8800140e-02   9.2195122e-01
   5.8977368e-02   9.2357724e-01
   5.9819119e-02   9.2520325e-01
   6.0136258e-02   9.2682927e-01
   6.0863991e-02   9.2845528e-01
   6.1307980e-02   9.3008130e-01
   6.3078388e-02   9.3170732e-01
   6.5564963e-02   9.3333333e-01
   6.6864395e-02   9.3495935e-01
   6.6906283e-02   9.3658537e-01
   6.7033810e-02   9.3821138e-01
   6.8120557e-02   9.3983740e-01
   6.8734383e-02   9.4146341e-01
   6.8797618e-02   9.4308943e-01
   6.9051156e-02   9.4471545e-01
   6.9559896e-02   9.4634146e-01
   7.0316163e-02   9.4796748e-01
   7.1014754e-02   9.4959350e-01
   7.1196930e-02   9.5121951e-01
   7.3206752e-02   9.5284553e-01
   7.3640945e-02   9.5447154e-01
   7.4481963e-02   9.5609756e-01
   7.5858146e-02   9.5772358e-01
   7.6034714e-02   9.5934959e-01
   7.7436931e-02   9.6097561e-01
   7.9433517e-02   9.6260163e-01
   7.9653580e-02   9.6422764e-01
   8.0089361e-02   9.6585366e-01
   8.2626013e-02   9.6747967e-01
   8.4609168e-02   9.6910569e-01
   8.8186865e-02   9.7073171e-01
   8.8964862e-02   9.7235772e-01
   8.9776319e-02   9.7398374e-01
   9.0403582e-02   9.7560976e-01
   9.5044126e-02   9.7723577e-01
   9.7463876e-02   9.7886179e-01
   9.7929799e-02   9.8048780e-01
   1.0183993e-01   9.8211382e-01
   1.0817293e-01   9.8373984e-01
   1.1750838e-01   9.8536585e-01
   1.1935088e-01   9.8699187e-01
   1.2282730e-01   9.8861789e-01
   1.2499682e-01   9.9024390e-01
   1.2608715e-01   9.9186992e-01
   1.3582490e-01   9.9349593e-01
   1.3644529e-01   9.9512195e-01
   1.4682819e-01   9.9674797e-01
   1.4833566e-01   9.9837398e-01
   1.5212131e-01   1.0000000e+00
