   3.8184000e-03   0.0000000e+00
   3.8184000e-03   2.6737968e-03
   4.2960000e-03   5.3475936e-03
   5.7280000e-03   1.0695187e-02
   6.2056000e-03   1.6042781e-02
   6.6824000e-03   3.2085561e-02
   7.1600000e-03   3.7433155e-02
   7.6376000e-03   5.3475936e-02
   8.1144000e-03   6.1497326e-02
   8.5920000e-03   7.7540107e-02
   9.0688000e-03   9.3582888e-02
   9.5464000e-03   1.0427807e-01
   1.0024000e-02   1.1497326e-01
   1.0500800e-02   1.2032086e-01
   1.0978400e-02   1.3368984e-01
   1.1456000e-02   1.6310160e-01
   1.1932800e-02   1.8449198e-01
   1.2410400e-02   2.0053476e-01
   1.2888000e-02   2.1122995e-01
   1.3364800e-02   2.3262032e-01
   1.3842400e-02   2.4598930e-01
   1.4320000e-02   2.6203209e-01
   1.4796800e-02   2.7807487e-01
   1.5274400e-02   3.0748663e-01
   1.5752000e-02   3.2352941e-01
   1.6228800e-02   3.3957219e-01
   1.6706400e-02   3.6898396e-01
   1.7184000e-02   3.9037433e-01
   1.7660800e-02   4.0374332e-01
   1.8138400e-02   4.2513369e-01
   1.8616000e-02   4.2780749e-01
   1.9092800e-02   4.3850267e-01
   1.9570400e-02   4.4919786e-01
   2.0048000e-02   4.6791444e-01
   2.0524800e-02   4.7326203e-01
   2.1002400e-02   4.9197861e-01
   2.1480000e-02   4.9732620e-01
   2.1956800e-02   5.1069519e-01
   2.2434400e-02   5.2139037e-01
   2.2912000e-02   5.3743316e-01
   2.3388800e-02   5.4812834e-01
   2.3866400e-02   5.6149733e-01
   2.4344000e-02   5.6417112e-01
   2.4820800e-02   5.8021390e-01
   2.5298400e-02   6.0160428e-01
   2.5776000e-02   6.2566845e-01
   2.6252800e-02   6.4438503e-01
   2.6730400e-02   6.5240642e-01
   2.7207200e-02   6.7379679e-01
   2.7684800e-02   6.7914439e-01
   2.8162400e-02   6.9251337e-01
   2.8639200e-02   7.0053476e-01
   2.9116800e-02   7.0588235e-01
   2.9594400e-02   7.0855615e-01
   3.0071200e-02   7.1925134e-01
   3.1026400e-02   7.2727273e-01
   3.1503200e-02   7.3529412e-01
   3.2458400e-02   7.3796791e-01
   3.2935200e-02   7.4331551e-01
   3.3412800e-02   7.4866310e-01
   3.3890400e-02   7.5133690e-01
   3.4367200e-02   7.6470588e-01
   3.4844800e-02   7.7005348e-01
   3.5799200e-02   7.7272727e-01
   3.6276800e-02   7.7540107e-01
   3.7708800e-02   7.8877005e-01
   3.8186400e-02   8.0213904e-01
   3.8663200e-02   8.1283422e-01
   3.9140800e-02   8.2085561e-01
   3.9618400e-02   8.2352941e-01
   4.0095200e-02   8.2887701e-01
   4.0572800e-02   8.3422460e-01
   4.1050400e-02   8.3957219e-01
   4.1527200e-02   8.4759358e-01
   4.2004800e-02   8.5026738e-01
   4.2482400e-02   8.5828877e-01
   4.2959200e-02   8.6363636e-01
   4.3914400e-02   8.6898396e-01
   4.4391200e-02   8.7165775e-01
   4.4868800e-02   8.7433155e-01
   4.5346400e-02   8.7700535e-01
   4.5823200e-02   8.7967914e-01
   4.6300800e-02   8.8235294e-01
   4.6778400e-02   8.8770053e-01
   4.7732800e-02   8.9037433e-01
   4.8209600e-02   8.9572193e-01
   4.9164800e-02   8.9839572e-01
   4.9641600e-02   9.0106952e-01
   5.0596800e-02   9.0374332e-01
   5.1073600e-02   9.0641711e-01
   5.1551200e-02   9.1176471e-01
   5.2505600e-02   9.1711230e-01
   5.3460800e-02   9.2245989e-01
   5.3937600e-02   9.2513369e-01
   5.4892800e-02   9.2780749e-01
   5.5369600e-02   9.3315508e-01
   5.6324800e-02   9.3582888e-01
   5.9188800e-02   9.3850267e-01
   5.9665600e-02   9.4117647e-01
   6.2529600e-02   9.4385027e-01
   6.3007200e-02   9.4652406e-01
   6.4439200e-02   9.4919786e-01
   6.7780000e-02   9.5454545e-01
   6.8257600e-02   9.5721925e-01
   6.8735200e-02   9.5989305e-01
   6.9212000e-02   9.6256684e-01
   6.9689600e-02   9.6524064e-01
   7.0167200e-02   9.6791444e-01
   7.1121600e-02   9.7058824e-01
   7.3031200e-02   9.7326203e-01
   7.3508000e-02   9.7593583e-01
   7.5895200e-02   9.7860963e-01
   7.6372000e-02   9.8128342e-01
   8.4964000e-02   9.8395722e-01
   9.5942400e-02   9.8663102e-01
   9.7852000e-02   9.8930481e-01
   1.0262560e-01   9.9197861e-01
   1.0453440e-01   9.9465241e-01
   1.0739840e-01   9.9732620e-01
   1.4701680e-01   1.0000000e+00
