   3.9128000e-03   0.0000000e+00
   3.9128000e-03   2.9027576e-03
   4.3480000e-03   8.7082729e-03
   4.7824000e-03   1.5965167e-02
   5.2176000e-03   2.6124819e-02
   5.6520000e-03   4.4992743e-02
   6.0872000e-03   5.8055152e-02
   6.5216000e-03   8.1277213e-02
   6.9568000e-03   1.0885341e-01
   7.3912000e-03   1.2481858e-01
   7.8264000e-03   1.4223512e-01
   8.2608000e-03   1.7706821e-01
   8.6960000e-03   1.9303338e-01
   9.1304000e-03   2.3367199e-01
   9.5656000e-03   2.6415094e-01
   1.0000000e-02   2.8592163e-01
   1.0434400e-02   3.0188679e-01
   1.0869600e-02   3.0914369e-01
   1.1304000e-02   3.2510885e-01
   1.1739200e-02   3.5703919e-01
   1.2173600e-02   3.7880987e-01
   1.2608800e-02   4.0638607e-01
   1.3043200e-02   4.1944848e-01
   1.3478400e-02   4.3396226e-01
   1.3912800e-02   4.5283019e-01
   1.4348000e-02   4.7314949e-01
   1.4782400e-02   4.8476052e-01
   1.5217600e-02   5.0653120e-01
   1.5652000e-02   5.1523948e-01
   1.6087200e-02   5.3555878e-01
   1.6521600e-02   5.4862119e-01
   1.6956800e-02   5.5587808e-01
   1.7391200e-02   5.7184325e-01
   1.7826400e-02   5.8200290e-01
   1.8260800e-02   5.9506531e-01
   1.8696000e-02   6.1248186e-01
   1.9130400e-02   6.2264151e-01
   1.9564800e-02   6.3134978e-01
   2.0000000e-02   6.3280116e-01
   2.0435200e-02   6.4876633e-01
   2.0869600e-02   6.6037736e-01
   2.1304000e-02   6.7198839e-01
   2.1739200e-02   6.8359942e-01
   2.2173600e-02   6.8795356e-01
   2.2608800e-02   6.9521045e-01
   2.3043200e-02   7.0827286e-01
   2.3478400e-02   7.1552975e-01
   2.3912800e-02   7.1698113e-01
   2.4348000e-02   7.2568940e-01
   2.4782400e-02   7.3875181e-01
   2.5217600e-02   7.4600871e-01
   2.5652000e-02   7.5036284e-01
   2.6087200e-02   7.6052250e-01
   2.6521600e-02   7.6487663e-01
   2.6956800e-02   7.6632801e-01
   2.7391200e-02   7.7648766e-01
   2.7826400e-02   7.8519594e-01
   2.8260800e-02   7.9100145e-01
   2.8696000e-02   7.9825835e-01
   2.9130400e-02   8.0116110e-01
   2.9565600e-02   8.0406386e-01
   3.0000000e-02   8.0551524e-01
   3.0435200e-02   8.1132075e-01
   3.0869600e-02   8.1277213e-01
   3.1304000e-02   8.1567489e-01
   3.1739200e-02   8.2002903e-01
   3.2173600e-02   8.2148041e-01
   3.2608800e-02   8.2583454e-01
   3.3043200e-02   8.3018868e-01
   3.3478400e-02   8.3164006e-01
   3.3912800e-02   8.3309144e-01
   3.4348000e-02   8.3454282e-01
   3.4782400e-02   8.3599419e-01
   3.5217600e-02   8.3744557e-01
   3.5652000e-02   8.4325109e-01
   3.6521600e-02   8.5341074e-01
   3.6956800e-02   8.5486212e-01
   3.7391200e-02   8.6066763e-01
   3.7826400e-02   8.6502177e-01
   3.8260800e-02   8.6937591e-01
   3.9130400e-02   8.7518142e-01
   3.9565600e-02   8.7808418e-01
   4.0434400e-02   8.8098694e-01
   4.0869600e-02   8.8243832e-01
   4.1304000e-02   8.8388970e-01
   4.1739200e-02   8.8679245e-01
   4.2608800e-02   8.8824383e-01
   4.3043200e-02   8.9259797e-01
   4.3478400e-02   8.9404935e-01
   4.3912800e-02   8.9550073e-01
   4.4782400e-02   8.9695210e-01
   4.5652000e-02   8.9840348e-01
   4.6521600e-02   8.9985486e-01
   4.6956800e-02   9.0420900e-01
   4.7391200e-02   9.0711176e-01
   4.7826400e-02   9.0856313e-01
   4.8260800e-02   9.1001451e-01
   4.8696000e-02   9.1146589e-01
   4.9130400e-02   9.1291727e-01
   4.9564800e-02   9.1727141e-01
   5.0000000e-02   9.2017417e-01
   5.0435200e-02   9.2162554e-01
   5.0869600e-02   9.2597968e-01
   5.1739200e-02   9.2743106e-01
   5.2173600e-02   9.2888244e-01
   5.2608800e-02   9.3033382e-01
   5.3043200e-02   9.3323657e-01
   5.3478400e-02   9.3468795e-01
   5.4782400e-02   9.3613933e-01
   5.6087200e-02   9.3759071e-01
   5.6521600e-02   9.4049347e-01
   5.7391200e-02   9.4194485e-01
   5.7826400e-02   9.4339623e-01
   5.8696000e-02   9.4484761e-01
   5.9130400e-02   9.4920174e-01
   5.9564800e-02   9.5065312e-01
   6.0000000e-02   9.5355588e-01
   6.1304000e-02   9.5645864e-01
   6.1739200e-02   9.5791001e-01
   6.2173600e-02   9.6081277e-01
   6.4782400e-02   9.6226415e-01
   6.6087200e-02   9.6371553e-01
   7.0000000e-02   9.6516691e-01
   7.3912800e-02   9.6661829e-01
   7.4348000e-02   9.6806967e-01
   7.4782400e-02   9.6952104e-01
   7.6521600e-02   9.7097242e-01
   7.9130400e-02   9.7242380e-01
   8.0434400e-02   9.7387518e-01
   8.9565600e-02   9.7532656e-01
   9.5652000e-02   9.7677794e-01
   9.8260800e-02   9.7822932e-01
   1.0304320e-01   9.7968070e-01
   1.0478240e-01   9.8113208e-01
   1.2304320e-01   9.8258345e-01
   1.2434800e-01   9.8403483e-01
   1.3173920e-01   9.8548621e-01
   1.3826080e-01   9.8693759e-01
   1.4304320e-01   9.8838897e-01
   1.5347840e-01   9.8984035e-01
   1.5652160e-01   9.9129173e-01
   1.5913040e-01   9.9274311e-01
   1.6130400e-01   9.9419448e-01
   1.7043440e-01   9.9564586e-01
   1.8304320e-01   9.9709724e-01
   1.9260880e-01   9.9854862e-01
   1.9521760e-01   1.0000000e+00
