   9.5793522e-03   0.0000000e+00
   9.5793522e-03   4.1666667e-02
   1.2231525e-02   8.3333333e-02
   1.5643998e-02   1.2500000e-01
   1.5854131e-02   1.6666667e-01
   1.5984064e-02   2.0833333e-01
   1.6183819e-02   2.5000000e-01
   1.6289963e-02   2.9166667e-01
   1.6647789e-02   3.3333333e-01
   1.9304625e-02   3.7500000e-01
   2.0090177e-02   4.1666667e-01
   2.0805957e-02   4.5833333e-01
   2.0994172e-02   5.0000000e-01
   2.6375194e-02   5.4166667e-01
   2.7511386e-02   5.8333333e-01
   3.2139321e-02   6.2500000e-01
   3.5074536e-02   6.6666667e-01
   3.7645580e-02   7.0833333e-01
   4.1715246e-02   7.5000000e-01
   4.1810238e-02   7.9166667e-01
   5.6079145e-02   8.3333333e-01
   6.0831545e-02   8.7500000e-01
   6.0872586e-02   9.1666667e-01
   9.8434997e-02   9.5833333e-01
   1.5584518e-01   1.0000000e+00
