   5.7640000e-03   0.0000000e+00
   5.7640000e-03   9.4339623e-03
   6.1480000e-03   1.8867925e-02
   7.3008000e-03   3.7735849e-02
   7.6848000e-03   4.7169811e-02
   8.4536000e-03   5.6603774e-02
   8.8376000e-03   6.6037736e-02
   9.2216000e-03   7.5471698e-02
   9.6064000e-03   8.4905660e-02
   9.9904000e-03   9.4339623e-02
   1.0374400e-02   1.1320755e-01
   1.0759200e-02   1.2264151e-01
   1.1143200e-02   1.5094340e-01
   1.1527200e-02   1.6981132e-01
   1.1911200e-02   1.8867925e-01
   1.2296000e-02   1.9811321e-01
   1.3064800e-02   2.0754717e-01
   1.3832800e-02   2.2641509e-01
   1.4985600e-02   2.3584906e-01
   1.6522400e-02   2.4528302e-01
   1.6906400e-02   2.5471698e-01
   1.7291200e-02   2.6415094e-01
   1.7675200e-02   2.7358491e-01
   1.8444000e-02   3.1132075e-01
   1.8828000e-02   3.2075472e-01
   1.9212000e-02   3.3962264e-01
   1.9980800e-02   3.6792453e-01
   2.0749600e-02   3.7735849e-01
   2.1133600e-02   3.8679245e-01
   2.1517600e-02   3.9622642e-01
   2.1901600e-02   4.0566038e-01
   2.2670400e-02   4.1509434e-01
   2.3054400e-02   4.2452830e-01
   2.3439200e-02   4.3396226e-01
   2.4592000e-02   4.4339623e-01
   2.4976000e-02   4.5283019e-01
   2.5360000e-02   4.6226415e-01
   2.6128800e-02   4.7169811e-01
   2.6896800e-02   4.8113208e-01
   2.7665600e-02   5.0000000e-01
   2.8434400e-02   5.0943396e-01
   2.8818400e-02   5.1886792e-01
   2.9202400e-02   5.2830189e-01
   2.9971200e-02   5.3773585e-01
   3.0740000e-02   5.4716981e-01
   3.1508000e-02   5.5660377e-01
   3.2660800e-02   5.6603774e-01
   3.3429600e-02   5.7547170e-01
   3.4197600e-02   5.8490566e-01
   3.4966400e-02   5.9433962e-01
   3.6119200e-02   6.1320755e-01
   3.6887200e-02   6.2264151e-01
   3.7656000e-02   6.3207547e-01
   3.8808800e-02   6.4150943e-01
   3.9961600e-02   6.5094340e-01
   4.0730400e-02   6.6037736e-01
   4.1114400e-02   6.7924528e-01
   4.3420000e-02   6.8867925e-01
   4.7646400e-02   6.9811321e-01
   4.8415200e-02   7.0754717e-01
   4.9183200e-02   7.1698113e-01
   4.9952000e-02   7.2641509e-01
   5.0336000e-02   7.3584906e-01
   5.1488800e-02   7.4528302e-01
   5.3025600e-02   7.6415094e-01
   5.4563200e-02   7.7358491e-01
   5.6100000e-02   7.9245283e-01
   5.8789600e-02   8.0188679e-01
   6.1479200e-02   8.1132075e-01
   6.3400800e-02   8.2075472e-01
   6.4553600e-02   8.3018868e-01
   6.6090400e-02   8.3962264e-01
   6.7627200e-02   8.4905660e-01
   6.9932800e-02   8.5849057e-01
   7.0701600e-02   8.6792453e-01
   7.2622400e-02   8.7735849e-01
   7.3775200e-02   8.8679245e-01
   8.3381600e-02   8.9622642e-01
   8.6455200e-02   9.0566038e-01
   8.7224000e-02   9.1509434e-01
   8.7608000e-02   9.3396226e-01
   9.0297600e-02   9.4339623e-01
   9.4524800e-02   9.5283019e-01
   1.0451520e-01   9.6226415e-01
   1.0835760e-01   9.7169811e-01
   1.1834800e-01   9.8113208e-01
   1.2372720e-01   9.9056604e-01
   1.6599440e-01   1.0000000e+00
