   3.1248000e-03   0.0000000e+00
   3.1248000e-03   1.8281536e-03
   3.4720000e-03   9.1407678e-03
   3.8192000e-03   1.2797075e-02
   4.1664000e-03   1.8281536e-02
   4.5136000e-03   2.1937843e-02
   4.8608000e-03   2.9250457e-02
   5.2080000e-03   4.5703839e-02
   5.5552000e-03   6.0329068e-02
   5.9024000e-03   6.9469835e-02
   6.2504000e-03   1.0786106e-01
   6.5976000e-03   1.2431444e-01
   6.9448000e-03   1.5722121e-01
   7.2920000e-03   1.7184644e-01
   7.6392000e-03   2.2486289e-01
   7.9864000e-03   2.3400366e-01
   8.3336000e-03   2.5776965e-01
   8.6808000e-03   2.9433272e-01
   9.0280000e-03   3.0895795e-01
   9.3752000e-03   3.2541133e-01
   9.7224000e-03   3.3820841e-01
   1.0069600e-02   3.6745887e-01
   1.0416800e-02   3.7477148e-01
   1.0764000e-02   3.9305302e-01
   1.1111200e-02   4.0950640e-01
   1.1458400e-02   4.1681901e-01
   1.1805600e-02   4.3875686e-01
   1.2152800e-02   4.4606947e-01
   1.2500000e-02   4.8446069e-01
   1.2847200e-02   5.0274223e-01
   1.3194400e-02   5.1919561e-01
   1.3541600e-02   5.3199269e-01
   1.3888800e-02   5.6124314e-01
   1.4236000e-02   5.6672761e-01
   1.4583200e-02   5.7404022e-01
   1.4930400e-02   5.8500914e-01
   1.5277600e-02   5.9414991e-01
   1.5624800e-02   6.1060329e-01
   1.5972000e-02   6.1974406e-01
   1.6319200e-02   6.3436929e-01
   1.6666400e-02   6.4168190e-01
   1.7360800e-02   6.5265082e-01
   1.7708000e-02   6.5447898e-01
   1.8055200e-02   6.5996344e-01
   1.8402400e-02   6.7093236e-01
   1.8750400e-02   6.7824497e-01
   1.9097600e-02   6.8190128e-01
   1.9444800e-02   6.8372943e-01
   1.9792000e-02   6.8921389e-01
   2.0139200e-02   7.0201097e-01
   2.0486400e-02   7.1297989e-01
   2.0833600e-02   7.1846435e-01
   2.1180800e-02   7.2943327e-01
   2.1528000e-02   7.3674589e-01
   2.1875200e-02   7.4040219e-01
   2.2222400e-02   7.4771481e-01
   2.2569600e-02   7.6416819e-01
   2.2916800e-02   7.6965265e-01
   2.3264000e-02   7.7330896e-01
   2.3611200e-02   7.8427788e-01
   2.3958400e-02   7.8610603e-01
   2.4305600e-02   7.9707495e-01
   2.4652800e-02   7.9890311e-01
   2.5000000e-02   8.0438757e-01
   2.5347200e-02   8.0621572e-01
   2.6041600e-02   8.0987203e-01
   2.6388800e-02   8.1352834e-01
   2.6736000e-02   8.1718464e-01
   2.7083200e-02   8.2449726e-01
   2.7430400e-02   8.3180987e-01
   2.7777600e-02   8.3363803e-01
   2.8124800e-02   8.3546618e-01
   2.8472000e-02   8.3729433e-01
   2.8819200e-02   8.3912249e-01
   2.9166400e-02   8.4095064e-01
   2.9513600e-02   8.4460695e-01
   2.9860800e-02   8.4826325e-01
   3.0208000e-02   8.5374771e-01
   3.1250400e-02   8.5557587e-01
   3.1944800e-02   8.5740402e-01
   3.2292000e-02   8.6106033e-01
   3.2639200e-02   8.6471664e-01
   3.3333600e-02   8.6837294e-01
   3.4375200e-02   8.7568556e-01
   3.5069600e-02   8.7751371e-01
   3.5416800e-02   8.7934186e-01
   3.6111200e-02   8.8299817e-01
   3.6805600e-02   8.8482633e-01
   3.7500000e-02   8.8848263e-01
   3.8541600e-02   8.9031079e-01
   3.8888800e-02   8.9213894e-01
   3.9236000e-02   8.9762340e-01
   4.1319200e-02   8.9945155e-01
   4.1666400e-02   9.0127971e-01
   4.2360800e-02   9.0310786e-01
   4.3055200e-02   9.0676417e-01
   4.3750400e-02   9.0859232e-01
   4.4792000e-02   9.1042048e-01
   4.5486400e-02   9.1224863e-01
   4.6875200e-02   9.1407678e-01
   4.7222400e-02   9.1590494e-01
   4.7569600e-02   9.1773309e-01
   4.7916800e-02   9.2138940e-01
   4.8264000e-02   9.2321755e-01
   4.9652800e-02   9.2504570e-01
   5.0000000e-02   9.2687386e-01
   5.0347200e-02   9.2870201e-01
   5.1041600e-02   9.3053016e-01
   5.1388800e-02   9.3235832e-01
   5.2430400e-02   9.3601463e-01
   5.3124800e-02   9.3784278e-01
   5.5555200e-02   9.3967093e-01
   6.0069600e-02   9.4149909e-01
   6.1111200e-02   9.4515539e-01
   6.2500000e-02   9.4698355e-01
   6.3888800e-02   9.4881170e-01
   6.4236000e-02   9.5063985e-01
   6.4930400e-02   9.5246801e-01
   6.5277600e-02   9.5429616e-01
   6.6319200e-02   9.5612431e-01
   6.6666400e-02   9.5795247e-01
   6.7360800e-02   9.6160878e-01
   6.8750400e-02   9.6343693e-01
   6.9792000e-02   9.6526508e-01
   7.1180800e-02   9.6709324e-01
   7.3611200e-02   9.6892139e-01
   7.5000000e-02   9.7074954e-01
   8.0208000e-02   9.7257770e-01
   8.1249600e-02   9.7440585e-01
   8.3680800e-02   9.7623400e-01
   8.4722400e-02   9.7806216e-01
   8.6458400e-02   9.7989031e-01
   8.6805600e-02   9.8171846e-01
   8.8194400e-02   9.8354662e-01
   8.9930400e-02   9.8537477e-01
   9.0277600e-02   9.8720293e-01
   9.2360800e-02   9.8903108e-01
   9.5486400e-02   9.9085923e-01
   9.7569600e-02   9.9268739e-01
   1.0312480e-01   9.9451554e-01
   1.2152800e-01   9.9634369e-01
   1.3333360e-01   9.9817185e-01
   1.3506960e-01   1.0000000e+00
