   6.0874937e-03   0.0000000e+00
   6.0874937e-03   2.5773196e-03
   7.5885551e-03   5.1546392e-03
   7.9744816e-03   7.7319588e-03
   8.0127280e-03   1.2886598e-02
   8.0602963e-03   1.5463918e-02
   8.7357477e-03   1.8041237e-02
   8.7723642e-03   2.0618557e-02
   8.9356637e-03   2.3195876e-02
   8.9712969e-03   2.5773196e-02
   8.9728859e-03   2.8350515e-02
   9.0530838e-03   3.0927835e-02
   9.3339951e-03   3.3505155e-02
   9.4705551e-03   3.6082474e-02
   9.5417224e-03   3.8659794e-02
   9.5457617e-03   4.1237113e-02
   9.5512484e-03   4.3814433e-02
   9.6226477e-03   4.6391753e-02
   9.9995189e-03   4.8969072e-02
   1.0226845e-02   5.1546392e-02
   1.0322803e-02   5.4123711e-02
   1.0490043e-02   5.6701031e-02
   1.0513738e-02   5.9278351e-02
   1.0536877e-02   6.4432990e-02
   1.0606983e-02   6.7010309e-02
   1.0712491e-02   7.2164948e-02
   1.0964003e-02   7.4742268e-02
   1.0964914e-02   7.7319588e-02
   1.1030445e-02   7.9896907e-02
   1.1096874e-02   8.2474227e-02
   1.1524429e-02   8.5051546e-02
   1.1586496e-02   8.7628866e-02
   1.1754687e-02   9.0206186e-02
   1.1959857e-02   9.2783505e-02
   1.1978250e-02   9.5360825e-02
   1.2093368e-02   9.7938144e-02
   1.2173874e-02   1.0051546e-01
   1.2361936e-02   1.0309278e-01
   1.2376192e-02   1.0567010e-01
   1.2460137e-02   1.0824742e-01
   1.2512949e-02   1.1082474e-01
   1.2570733e-02   1.1340206e-01
   1.2665849e-02   1.1597938e-01
   1.2709075e-02   1.1855670e-01
   1.2749061e-02   1.2113402e-01
   1.2786525e-02   1.2371134e-01
   1.2800134e-02   1.2628866e-01
   1.2958545e-02   1.2886598e-01
   1.3008524e-02   1.3144330e-01
   1.3080407e-02   1.3402062e-01
   1.3158774e-02   1.3659794e-01
   1.3173873e-02   1.4175258e-01
   1.3215650e-02   1.4432990e-01
   1.3246655e-02   1.4690722e-01
   1.3296283e-02   1.4948454e-01
   1.3423625e-02   1.5206186e-01
   1.3456380e-02   1.5463918e-01
   1.3465040e-02   1.5721649e-01
   1.3517673e-02   1.5979381e-01
   1.3555801e-02   1.6237113e-01
   1.3625916e-02   1.6494845e-01
   1.3651669e-02   1.6752577e-01
   1.3674739e-02   1.7010309e-01
   1.3701719e-02   1.7268041e-01
   1.3708715e-02   1.7525773e-01
   1.3745312e-02   1.7783505e-01
   1.3942221e-02   1.8041237e-01
   1.3975935e-02   1.8298969e-01
   1.4014786e-02   1.8556701e-01
   1.4071195e-02   1.8814433e-01
   1.4200613e-02   1.9329897e-01
   1.4235123e-02   1.9587629e-01
   1.4326470e-02   1.9845361e-01
   1.4353256e-02   2.0103093e-01
   1.4511988e-02   2.0360825e-01
   1.4607002e-02   2.0618557e-01
   1.4698943e-02   2.0876289e-01
   1.4785643e-02   2.1134021e-01
   1.5018186e-02   2.1391753e-01
   1.5062153e-02   2.1649485e-01
   1.5201818e-02   2.1907216e-01
   1.5333508e-02   2.2164948e-01
   1.5446346e-02   2.2422680e-01
   1.5450569e-02   2.2680412e-01
   1.5486093e-02   2.2938144e-01
   1.5506537e-02   2.3195876e-01
   1.5511650e-02   2.3453608e-01
   1.5590726e-02   2.3711340e-01
   1.5909298e-02   2.3969072e-01
   1.5982839e-02   2.4226804e-01
   1.6054890e-02   2.4484536e-01
   1.6120593e-02   2.4742268e-01
   1.6205650e-02   2.5000000e-01
   1.6345448e-02   2.5515464e-01
   1.6493788e-02   2.5773196e-01
   1.6501441e-02   2.6030928e-01
   1.6691746e-02   2.6288660e-01
   1.6712986e-02   2.6546392e-01
   1.6738669e-02   2.6804124e-01
   1.6940863e-02   2.7061856e-01
   1.7047662e-02   2.7319588e-01
   1.7084353e-02   2.7577320e-01
   1.7192864e-02   2.7835052e-01
   1.7210034e-02   2.8092784e-01
   1.7214713e-02   2.8350515e-01
   1.7314469e-02   2.8608247e-01
   1.7502132e-02   2.8865979e-01
   1.7605233e-02   2.9123711e-01
   1.7680704e-02   2.9381443e-01
   1.7780688e-02   2.9639175e-01
   1.7942594e-02   2.9896907e-01
   1.7994193e-02   3.0154639e-01
   1.8195349e-02   3.0412371e-01
   1.8203820e-02   3.0670103e-01
   1.8361554e-02   3.0927835e-01
   1.8435475e-02   3.1185567e-01
   1.8464821e-02   3.1443299e-01
   1.8537019e-02   3.1701031e-01
   1.8555176e-02   3.1958763e-01
   1.8577923e-02   3.2216495e-01
   1.8686763e-02   3.2474227e-01
   1.8960983e-02   3.2731959e-01
   1.8962224e-02   3.2989691e-01
   1.9063504e-02   3.3247423e-01
   1.9111178e-02   3.3505155e-01
   1.9184097e-02   3.3762887e-01
   1.9184775e-02   3.4020619e-01
   1.9198991e-02   3.4278351e-01
   1.9439424e-02   3.4536082e-01
   1.9491516e-02   3.4793814e-01
   1.9531295e-02   3.5051546e-01
   1.9536869e-02   3.5309278e-01
   1.9568702e-02   3.5567010e-01
   1.9594247e-02   3.5824742e-01
   1.9955268e-02   3.6082474e-01
   2.0230197e-02   3.6340206e-01
   2.0366092e-02   3.6597938e-01
   2.0434619e-02   3.6855670e-01
   2.0525356e-02   3.7113402e-01
   2.0798818e-02   3.7371134e-01
   2.0844773e-02   3.7628866e-01
   2.0930264e-02   3.7886598e-01
   2.0933026e-02   3.8144330e-01
   2.1021029e-02   3.8402062e-01
   2.1027051e-02   3.8659794e-01
   2.1188232e-02   3.8917526e-01
   2.1419922e-02   3.9175258e-01
   2.1478485e-02   3.9432990e-01
   2.1746393e-02   3.9690722e-01
   2.2130703e-02   3.9948454e-01
   2.2183970e-02   4.0206186e-01
   2.2185999e-02   4.0463918e-01
   2.2193749e-02   4.0721649e-01
   2.2205302e-02   4.0979381e-01
   2.2244012e-02   4.1237113e-01
   2.2277277e-02   4.1494845e-01
   2.2479154e-02   4.1752577e-01
   2.2780915e-02   4.2010309e-01
   2.2943755e-02   4.2268041e-01
   2.2984744e-02   4.2525773e-01
   2.3181722e-02   4.2783505e-01
   2.3182758e-02   4.3041237e-01
   2.3283604e-02   4.3298969e-01
   2.3421756e-02   4.3556701e-01
   2.3425051e-02   4.3814433e-01
   2.3495249e-02   4.4072165e-01
   2.3616946e-02   4.4329897e-01
   2.3725815e-02   4.4587629e-01
   2.4393370e-02   4.4845361e-01
   2.4414691e-02   4.5103093e-01
   2.4488753e-02   4.5360825e-01
   2.4503150e-02   4.5618557e-01
   2.4649352e-02   4.5876289e-01
   2.4722757e-02   4.6134021e-01
   2.5192613e-02   4.6391753e-01
   2.5246417e-02   4.6649485e-01
   2.5435246e-02   4.6907216e-01
   2.5521408e-02   4.7164948e-01
   2.5572016e-02   4.7422680e-01
   2.5711237e-02   4.7680412e-01
   2.5895056e-02   4.7938144e-01
   2.6014670e-02   4.8195876e-01
   2.6160324e-02   4.8453608e-01
   2.6165866e-02   4.8711340e-01
   2.6287425e-02   4.9226804e-01
   2.6656039e-02   4.9484536e-01
   2.6663165e-02   4.9742268e-01
   2.6671977e-02   5.0000000e-01
   2.7054992e-02   5.0257732e-01
   2.7221123e-02   5.0515464e-01
   2.7389461e-02   5.0773196e-01
   2.7454315e-02   5.1030928e-01
   2.7458843e-02   5.1288660e-01
   2.7626065e-02   5.1546392e-01
   2.7824853e-02   5.1804124e-01
   2.7903981e-02   5.2061856e-01
   2.7910706e-02   5.2319588e-01
   2.7933448e-02   5.2577320e-01
   2.8198333e-02   5.2835052e-01
   2.8408541e-02   5.3092784e-01
   2.8669065e-02   5.3608247e-01
   2.8933384e-02   5.3865979e-01
   2.9213373e-02   5.4123711e-01
   2.9847457e-02   5.4381443e-01
   3.0237562e-02   5.4639175e-01
   3.0352061e-02   5.4896907e-01
   3.0444672e-02   5.5154639e-01
   3.0515789e-02   5.5412371e-01
   3.0556879e-02   5.5670103e-01
   3.0638209e-02   5.5927835e-01
   3.1023300e-02   5.6185567e-01
   3.1615583e-02   5.6443299e-01
   3.1969122e-02   5.6701031e-01
   3.1979504e-02   5.6958763e-01
   3.2054503e-02   5.7216495e-01
   3.2109277e-02   5.7474227e-01
   3.2137459e-02   5.7731959e-01
   3.2241669e-02   5.7989691e-01
   3.2466404e-02   5.8247423e-01
   3.3048936e-02   5.8505155e-01
   3.3659705e-02   5.8762887e-01
   3.3662549e-02   5.9020619e-01
   3.3781664e-02   5.9278351e-01
   3.3794166e-02   5.9536082e-01
   3.3872437e-02   5.9793814e-01
   3.4043025e-02   6.0051546e-01
   3.4504143e-02   6.0309278e-01
   3.4788805e-02   6.0567010e-01
   3.4958420e-02   6.0824742e-01
   3.5045536e-02   6.1082474e-01
   3.5145981e-02   6.1340206e-01
   3.5661651e-02   6.1597938e-01
   3.5777722e-02   6.1855670e-01
   3.5807272e-02   6.2113402e-01
   3.5861051e-02   6.2371134e-01
   3.5922393e-02   6.2628866e-01
   3.6295666e-02   6.2886598e-01
   3.6458336e-02   6.3144330e-01
   3.6947903e-02   6.3402062e-01
   3.6966906e-02   6.3659794e-01
   3.7508050e-02   6.3917526e-01
   3.7641932e-02   6.4175258e-01
   3.7992083e-02   6.4432990e-01
   3.7998009e-02   6.4690722e-01
   3.8338034e-02   6.4948454e-01
   3.8517999e-02   6.5206186e-01
   3.8939956e-02   6.5463918e-01
   3.9256632e-02   6.5721649e-01
   3.9454714e-02   6.5979381e-01
   3.9520079e-02   6.6237113e-01
   3.9612549e-02   6.6494845e-01
   3.9679419e-02   6.6752577e-01
   3.9833664e-02   6.7010309e-01
   4.0170763e-02   6.7268041e-01
   4.0507707e-02   6.7525773e-01
   4.0826674e-02   6.7783505e-01
   4.0966132e-02   6.8041237e-01
   4.1051860e-02   6.8298969e-01
   4.1222505e-02   6.8556701e-01
   4.1367216e-02   6.8814433e-01
   4.1509755e-02   6.9072165e-01
   4.2142861e-02   6.9329897e-01
   4.2434207e-02   6.9587629e-01
   4.3059132e-02   6.9845361e-01
   4.3118346e-02   7.0103093e-01
   4.3703477e-02   7.0360825e-01
   4.4573490e-02   7.0618557e-01
   4.4582194e-02   7.0876289e-01
   4.4756562e-02   7.1134021e-01
   4.4762093e-02   7.1391753e-01
   4.6210973e-02   7.1649485e-01
   4.6311362e-02   7.1907216e-01
   4.6676216e-02   7.2164948e-01
   4.6690291e-02   7.2422680e-01
   4.6805692e-02   7.2680412e-01
   4.7115391e-02   7.2938144e-01
   4.7367632e-02   7.3195876e-01
   4.7391782e-02   7.3453608e-01
   4.7543592e-02   7.3711340e-01
   4.8862310e-02   7.3969072e-01
   4.9216436e-02   7.4226804e-01
   4.9817524e-02   7.4484536e-01
   5.0488548e-02   7.4742268e-01
   5.0632498e-02   7.5000000e-01
   5.0987178e-02   7.5257732e-01
   5.0989218e-02   7.5515464e-01
   5.1090889e-02   7.5773196e-01
   5.1146320e-02   7.6030928e-01
   5.1267635e-02   7.6288660e-01
   5.1309024e-02   7.6546392e-01
   5.1742485e-02   7.6804124e-01
   5.2077265e-02   7.7061856e-01
   5.2332000e-02   7.7319588e-01
   5.2687623e-02   7.7577320e-01
   5.2815923e-02   7.7835052e-01
   5.3651974e-02   7.8092784e-01
   5.3841789e-02   7.8350515e-01
   5.4295400e-02   7.8608247e-01
   5.4402177e-02   7.8865979e-01
   5.4892978e-02   7.9123711e-01
   5.5089985e-02   7.9381443e-01
   5.6182538e-02   7.9639175e-01
   5.7053412e-02   7.9896907e-01
   5.7300773e-02   8.0154639e-01
   5.7795369e-02   8.0412371e-01
   5.8548454e-02   8.0670103e-01
   5.8611721e-02   8.0927835e-01
   5.9622451e-02   8.1185567e-01
   5.9754415e-02   8.1443299e-01
   5.9769143e-02   8.1701031e-01
   6.0447973e-02   8.1958763e-01
   6.1025355e-02   8.2216495e-01
   6.1679843e-02   8.2474227e-01
   6.1774615e-02   8.2731959e-01
   6.1801705e-02   8.2989691e-01
   6.2088748e-02   8.3247423e-01
   6.2379983e-02   8.3505155e-01
   6.2878564e-02   8.3762887e-01
   6.3363285e-02   8.4020619e-01
   6.3793016e-02   8.4278351e-01
   6.4472798e-02   8.4536082e-01
   6.4608827e-02   8.4793814e-01
   6.5778697e-02   8.5051546e-01
   6.5830525e-02   8.5309278e-01
   6.6258329e-02   8.5567010e-01
   6.6628888e-02   8.5824742e-01
   6.6732706e-02   8.6082474e-01
   6.8685132e-02   8.6340206e-01
   6.8905265e-02   8.6597938e-01
   6.9042013e-02   8.6855670e-01
   6.9082886e-02   8.7113402e-01
   6.9149213e-02   8.7371134e-01
   6.9243798e-02   8.7628866e-01
   6.9528706e-02   8.7886598e-01
   7.0038085e-02   8.8144330e-01
   7.0659482e-02   8.8402062e-01
   7.1260893e-02   8.8659794e-01
   7.2355203e-02   8.8917526e-01
   7.3875467e-02   8.9175258e-01
   7.4095826e-02   8.9432990e-01
   7.4336466e-02   8.9948454e-01
   7.5282888e-02   9.0206186e-01
   7.8880683e-02   9.0463918e-01
   7.9406651e-02   9.0721649e-01
   7.9476077e-02   9.0979381e-01
   8.0031192e-02   9.1237113e-01
   8.1623804e-02   9.1494845e-01
   8.3840619e-02   9.1752577e-01
   8.3877067e-02   9.2010309e-01
   8.4211895e-02   9.2268041e-01
   8.5080099e-02   9.2525773e-01
   8.6842638e-02   9.2783505e-01
   8.7030980e-02   9.3041237e-01
   8.7487274e-02   9.3298969e-01
   8.7814540e-02   9.3556701e-01
   8.7926177e-02   9.3814433e-01
   8.7941759e-02   9.4072165e-01
   9.0240262e-02   9.4329897e-01
   9.1421825e-02   9.4587629e-01
   9.7041785e-02   9.4845361e-01
   1.0308378e-01   9.5103093e-01
   1.0614672e-01   9.5360825e-01
   1.1237539e-01   9.5618557e-01
   1.1288012e-01   9.5876289e-01
   1.1740740e-01   9.6134021e-01
   1.1875527e-01   9.6391753e-01
   1.1919138e-01   9.6649485e-01
   1.1931068e-01   9.6907216e-01
   1.2315148e-01   9.7164948e-01
   1.2439043e-01   9.7422680e-01
   1.4480475e-01   9.7680412e-01
   1.4649838e-01   9.7938144e-01
   1.4696771e-01   9.8195876e-01
   1.5646705e-01   9.8453608e-01
   1.5726486e-01   9.8711340e-01
   1.8776875e-01   9.8969072e-01
   2.0349331e-01   9.9226804e-01
   2.1784486e-01   9.9484536e-01
   2.3023259e-01   9.9742268e-01
   2.4837473e-01   1.0000000e+00
