   4.4598382e-03   0.0000000e+00
   4.4598382e-03   6.0864273e-04
   4.7899872e-03   1.2172855e-03
   5.1998086e-03   1.8259282e-03
   5.4004210e-03   3.0432136e-03
   5.4309808e-03   3.6518564e-03
   5.7327831e-03   4.8691418e-03
   5.7772352e-03   5.4777845e-03
   5.8280936e-03   6.0864273e-03
   5.8421288e-03   7.3037127e-03
   5.9821359e-03   7.9123554e-03
   6.0005634e-03   8.5209982e-03
   6.0784303e-03   1.0346926e-02
   6.2130179e-03   1.1564212e-02
   6.2838049e-03   1.2172855e-02
   6.2926160e-03   1.3390140e-02
   6.3316092e-03   1.3998783e-02
   6.4016136e-03   1.5216068e-02
   6.4357158e-03   1.7041996e-02
   6.5800661e-03   1.8259282e-02
   6.5925202e-03   1.8867925e-02
   6.6006604e-03   2.0085210e-02
   6.6129601e-03   2.1911138e-02
   6.6396254e-03   2.2519781e-02
   6.6753575e-03   2.4345709e-02
   6.8028060e-03   2.5562995e-02
   6.8832974e-03   2.9214851e-02
   6.8870528e-03   2.9823494e-02
   6.9310778e-03   3.2258065e-02
   6.9429751e-03   3.2866707e-02
   7.0299452e-03   3.3475350e-02
   7.0502199e-03   3.4083993e-02
   7.1773261e-03   3.5909921e-02
   7.1788849e-03   3.6518564e-02
   7.2007573e-03   3.8344492e-02
   7.2045235e-03   3.9561777e-02
   7.2052836e-03   4.0170420e-02
   7.2732092e-03   4.2604991e-02
   7.2808097e-03   4.3213634e-02
   7.3727334e-03   4.4430919e-02
   7.3944810e-03   4.6256847e-02
   7.4048695e-03   4.6865490e-02
   7.4823213e-03   5.0517346e-02
   7.4824910e-03   5.1734632e-02
   7.5306337e-03   5.2343274e-02
   7.5306466e-03   5.4777845e-02
   7.5613520e-03   5.5995131e-02
   7.6247414e-03   5.7212416e-02
   7.6261256e-03   5.7821059e-02
   7.7663379e-03   5.8429702e-02
   7.7755253e-03   6.1472915e-02
   7.7969839e-03   6.2690201e-02
   7.8003118e-03   6.4516129e-02
   7.8720301e-03   6.8776628e-02
   7.9872052e-03   6.9993914e-02
   8.0786187e-03   7.5471698e-02
   8.0819878e-03   7.7906269e-02
   8.1190794e-03   7.9732197e-02
   8.1301586e-03   8.0340840e-02
   8.1303803e-03   8.2775411e-02
   8.2039514e-03   8.3992696e-02
   8.2223180e-03   8.7035910e-02
   8.3442902e-03   8.8253195e-02
   8.3559387e-03   9.0079124e-02
   8.3739962e-03   9.6774194e-02
   8.3899089e-03   1.0103469e-01
   8.4009967e-03   1.0164334e-01
   8.4491024e-03   1.0286062e-01
   8.4699905e-03   1.0407791e-01
   8.5304829e-03   1.0590383e-01
   8.5809544e-03   1.1259890e-01
   8.6746933e-03   1.1442483e-01
   8.6822826e-03   1.1807669e-01
   8.6903870e-03   1.1929397e-01
   8.7096759e-03   1.2538040e-01
   8.7300860e-03   1.2659769e-01
   8.7320434e-03   1.2781497e-01
   8.7856039e-03   1.3146683e-01
   8.9007349e-03   1.3268411e-01
   8.9476057e-03   1.3511869e-01
   8.9726542e-03   1.3937918e-01
   8.9843300e-03   1.4120511e-01
   9.0010937e-03   1.4850883e-01
   9.0364793e-03   1.5155204e-01
   9.0686640e-03   1.5581254e-01
   9.1271899e-03   1.5824711e-01
   9.1757220e-03   1.5885575e-01
   9.2566291e-03   1.5946439e-01
   9.2723463e-03   1.6433354e-01
   9.2814966e-03   1.6981132e-01
   9.3014886e-03   1.7285453e-01
   9.3200771e-03   1.7407182e-01
   9.3298420e-03   1.7772368e-01
   9.3689230e-03   1.8502739e-01
   9.4163441e-03   1.8624467e-01
   9.4222425e-03   1.8685332e-01
   9.4997668e-03   1.8807060e-01
   9.5392905e-03   1.8989653e-01
   9.5715234e-03   1.9233110e-01
   9.5799744e-03   1.9780889e-01
   9.6165954e-03   1.9963481e-01
   9.6247831e-03   2.0267803e-01
   9.6681343e-03   2.0632988e-01
   9.6982800e-03   2.0815581e-01
   9.7076680e-03   2.1059038e-01
   9.7709634e-03   2.1180767e-01
   9.7923275e-03   2.1302495e-01
   9.8265671e-03   2.1424224e-01
   9.8698311e-03   2.1911138e-01
   9.8813119e-03   2.2276324e-01
   9.8907520e-03   2.2398052e-01
   9.8941735e-03   2.3067559e-01
   9.9091302e-03   2.3250152e-01
   9.9297187e-03   2.3676202e-01
   9.9548255e-03   2.3980523e-01
   9.9794755e-03   2.4041388e-01
   1.0013841e-02   2.4163116e-01
   1.0051495e-02   2.4223981e-01
   1.0081569e-02   2.4345709e-01
   1.0165923e-02   2.4467438e-01
   1.0170537e-02   2.4710895e-01
   1.0175084e-02   2.5197809e-01
   1.0181967e-02   2.5258673e-01
   1.0201333e-02   2.5319537e-01
   1.0215516e-02   2.5928180e-01
   1.0266621e-02   2.6171637e-01
   1.0290397e-02   2.6293366e-01
   1.0346316e-02   2.6354230e-01
   1.0366765e-02   2.6475959e-01
   1.0399210e-02   2.6719416e-01
   1.0467024e-02   2.7145466e-01
   1.0470094e-02   2.7206330e-01
   1.0481732e-02   2.7510651e-01
   1.0487823e-02   2.8119294e-01
   1.0499806e-02   2.8180158e-01
   1.0521012e-02   2.8241023e-01
   1.0529548e-02   2.8484480e-01
   1.0541763e-02   2.8667072e-01
   1.0542793e-02   2.9275715e-01
   1.0630301e-02   2.9336579e-01
   1.0715343e-02   2.9580037e-01
   1.0726193e-02   2.9884358e-01
   1.0751739e-02   3.0127815e-01
   1.0769655e-02   3.0371272e-01
   1.0771290e-02   3.0675593e-01
   1.0801430e-02   3.0858186e-01
   1.0806857e-02   3.1345100e-01
   1.0865734e-02   3.1588558e-01
   1.0873397e-02   3.1771150e-01
   1.0874811e-02   3.2075472e-01
   1.0904177e-02   3.2197200e-01
   1.0962559e-02   3.2258065e-01
   1.0975410e-02   3.2440657e-01
   1.1050630e-02   3.2562386e-01
   1.1065603e-02   3.2988436e-01
   1.1081049e-02   3.3171029e-01
   1.1082167e-02   3.3475350e-01
   1.1087718e-02   3.3597079e-01
   1.1092162e-02   3.3718807e-01
   1.1107304e-02   3.4083993e-01
   1.1129406e-02   3.4205721e-01
   1.1131001e-02   3.4388314e-01
   1.1209174e-02   3.4814364e-01
   1.1212397e-02   3.5118685e-01
   1.1320890e-02   3.5179550e-01
   1.1323954e-02   3.5301278e-01
   1.1368434e-02   3.5666464e-01
   1.1368894e-02   3.5849057e-01
   1.1398484e-02   3.6153378e-01
   1.1400984e-02   3.6396835e-01
   1.1461043e-02   3.6579428e-01
   1.1462782e-02   3.6640292e-01
   1.1464951e-02   3.6883749e-01
   1.1466958e-02   3.7127206e-01
   1.1553794e-02   3.7248935e-01
   1.1559863e-02   3.7370663e-01
   1.1663853e-02   3.7735849e-01
   1.1676999e-02   3.7979306e-01
   1.1680948e-02   3.8283628e-01
   1.1681282e-02   3.8344492e-01
   1.1720997e-02   3.8466220e-01
   1.1728762e-02   3.8648813e-01
   1.1795245e-02   3.9013999e-01
   1.1808045e-02   3.9074863e-01
   1.1829694e-02   3.9135727e-01
   1.1899961e-02   3.9379184e-01
   1.1915945e-02   3.9561777e-01
   1.1964802e-02   3.9683506e-01
   1.1968219e-02   3.9805234e-01
   1.1992024e-02   4.0231284e-01
   1.2001081e-02   4.0353013e-01
   1.2033345e-02   4.0474741e-01
   1.2047991e-02   4.0718198e-01
   1.2052793e-02   4.0900791e-01
   1.2058586e-02   4.0961656e-01
   1.2064356e-02   4.1083384e-01
   1.2134526e-02   4.1326841e-01
   1.2156861e-02   4.1448570e-01
   1.2166900e-02   4.1509434e-01
   1.2194517e-02   4.1570298e-01
   1.2249882e-02   4.1631163e-01
   1.2261700e-02   4.1752891e-01
   1.2272441e-02   4.2118077e-01
   1.2277528e-02   4.2239805e-01
   1.2280866e-02   4.2361534e-01
   1.2311822e-02   4.2544127e-01
   1.2329266e-02   4.2787584e-01
   1.2380347e-02   4.3031041e-01
   1.2392174e-02   4.3152769e-01
   1.2405967e-02   4.3274498e-01
   1.2410374e-02   4.3335362e-01
   1.2477871e-02   4.3578819e-01
   1.2562071e-02   4.3822276e-01
   1.2562619e-02   4.3883141e-01
   1.2567048e-02   4.4065733e-01
   1.2585116e-02   4.4126598e-01
   1.2601766e-02   4.4187462e-01
   1.2602547e-02   4.4248326e-01
   1.2637241e-02   4.4491783e-01
   1.2663732e-02   4.4613512e-01
   1.2717057e-02   4.4735240e-01
   1.2753665e-02   4.4978698e-01
   1.2803588e-02   4.5039562e-01
   1.2824268e-02   4.5161290e-01
   1.2860289e-02   4.5465612e-01
   1.2871432e-02   4.5587340e-01
   1.2880821e-02   4.5769933e-01
   1.2903645e-02   4.5830797e-01
   1.2929186e-02   4.6074254e-01
   1.2967282e-02   4.6135119e-01
   1.3004540e-02   4.6195983e-01
   1.3016030e-02   4.6256847e-01
   1.3106964e-02   4.6317712e-01
   1.3119599e-02   4.6378576e-01
   1.3159002e-02   4.6622033e-01
   1.3167075e-02   4.6743761e-01
   1.3174786e-02   4.6804626e-01
   1.3179410e-02   4.6987219e-01
   1.3185736e-02   4.7048083e-01
   1.3201321e-02   4.7230676e-01
   1.3227040e-02   4.7474133e-01
   1.3236939e-02   4.7595861e-01
   1.3263174e-02   4.7839318e-01
   1.3287795e-02   4.7900183e-01
   1.3300939e-02   4.7961047e-01
   1.3380591e-02   4.8021911e-01
   1.3391472e-02   4.8204504e-01
   1.3401539e-02   4.8326233e-01
   1.3458981e-02   4.8447961e-01
   1.3463962e-02   4.8691418e-01
   1.3480771e-02   4.8874011e-01
   1.3496199e-02   4.8934875e-01
   1.3528592e-02   4.9178332e-01
   1.3603247e-02   4.9239197e-01
   1.3606286e-02   4.9300061e-01
   1.3639213e-02   4.9482654e-01
   1.3679487e-02   4.9543518e-01
   1.3679874e-02   4.9665247e-01
   1.3703920e-02   4.9847839e-01
   1.3748225e-02   4.9908704e-01
   1.3749401e-02   4.9969568e-01
   1.3757292e-02   5.0091296e-01
   1.3766027e-02   5.0334753e-01
   1.3774208e-02   5.0456482e-01
   1.3801418e-02   5.0517346e-01
   1.3817090e-02   5.0578211e-01
   1.3829309e-02   5.0639075e-01
   1.3855976e-02   5.0699939e-01
   1.3862156e-02   5.0821668e-01
   1.3886408e-02   5.1125989e-01
   1.3949593e-02   5.1186853e-01
   1.3981162e-02   5.1247718e-01
   1.4002234e-02   5.1308582e-01
   1.4057824e-02   5.1612903e-01
   1.4061006e-02   5.1673767e-01
   1.4061068e-02   5.1734632e-01
   1.4080179e-02   5.1917225e-01
   1.4088768e-02   5.1978089e-01
   1.4099747e-02   5.2038953e-01
   1.4128541e-02   5.2221546e-01
   1.4143023e-02   5.2404139e-01
   1.4153667e-02   5.2465003e-01
   1.4222415e-02   5.2525867e-01
   1.4300546e-02   5.2586732e-01
   1.4365597e-02   5.2830189e-01
   1.4369350e-02   5.2951917e-01
   1.4400972e-02   5.3073646e-01
   1.4408557e-02   5.3317103e-01
   1.4453727e-02   5.3377967e-01
   1.4462312e-02   5.3438831e-01
   1.4473074e-02   5.3499696e-01
   1.4547049e-02   5.3621424e-01
   1.4561385e-02   5.3682288e-01
   1.4656770e-02   5.3925746e-01
   1.4674369e-02   5.3986610e-01
   1.4680154e-02   5.4108338e-01
   1.4683030e-02   5.4169203e-01
   1.4728571e-02   5.4230067e-01
   1.4732660e-02   5.4351795e-01
   1.4788734e-02   5.4473524e-01
   1.4801113e-02   5.4656117e-01
   1.4806307e-02   5.4777845e-01
   1.4812766e-02   5.4838710e-01
   1.4929725e-02   5.4899574e-01
   1.4952775e-02   5.5021302e-01
   1.4965208e-02   5.5143031e-01
   1.5001657e-02   5.5264760e-01
   1.5016670e-02   5.5325624e-01
   1.5060150e-02   5.5386488e-01
   1.5061383e-02   5.5569081e-01
   1.5143780e-02   5.5812538e-01
   1.5145165e-02   5.5934267e-01
   1.5159400e-02   5.5995131e-01
   1.5168992e-02   5.6116859e-01
   1.5251603e-02   5.6177724e-01
   1.5254463e-02   5.6299452e-01
   1.5255230e-02   5.6421181e-01
   1.5277285e-02   5.6542909e-01
   1.5280715e-02   5.6968959e-01
   1.5322956e-02   5.7029823e-01
   1.5328542e-02   5.7151552e-01
   1.5335372e-02   5.7212416e-01
   1.5352881e-02   5.7273281e-01
   1.5376278e-02   5.7334145e-01
   1.5392059e-02   5.7699330e-01
   1.5484607e-02   5.7821059e-01
   1.5494119e-02   5.7942788e-01
   1.5533095e-02   5.8003652e-01
   1.5551051e-02   5.8125380e-01
   1.5560957e-02   5.8186245e-01
   1.5564859e-02   5.8307973e-01
   1.5593341e-02   5.8368837e-01
   1.5599019e-02   5.8429702e-01
   1.5611283e-02   5.8490566e-01
   1.5628845e-02   5.8551430e-01
   1.5649291e-02   5.8612295e-01
   1.5727507e-02   5.8855752e-01
   1.5742936e-02   5.8977480e-01
   1.5750262e-02   5.9099209e-01
   1.5827892e-02   5.9160073e-01
   1.5851812e-02   5.9220937e-01
   1.5854904e-02   5.9281802e-01
   1.5871365e-02   5.9342666e-01
   1.5880155e-02   5.9403530e-01
   1.5894436e-02   5.9464394e-01
   1.5910225e-02   5.9525259e-01
   1.5914134e-02   5.9586123e-01
   1.5943418e-02   5.9646987e-01
   1.5950892e-02   5.9707851e-01
   1.6065603e-02   5.9768716e-01
   1.6095340e-02   5.9829580e-01
   1.6150007e-02   5.9890444e-01
   1.6156633e-02   6.0012173e-01
   1.6164543e-02   6.0499087e-01
   1.6174788e-02   6.0559951e-01
   1.6186649e-02   6.0742544e-01
   1.6305341e-02   6.0803408e-01
   1.6444161e-02   6.0925137e-01
   1.6449304e-02   6.1107730e-01
   1.6454094e-02   6.1168594e-01
   1.6466455e-02   6.1229458e-01
   1.6480156e-02   6.1290323e-01
   1.6498436e-02   6.1351187e-01
   1.6566465e-02   6.1412051e-01
   1.6661499e-02   6.1472915e-01
   1.6712553e-02   6.1533780e-01
   1.6747957e-02   6.1716372e-01
   1.6752264e-02   6.1838101e-01
   1.6753714e-02   6.2020694e-01
   1.6764256e-02   6.2142422e-01
   1.6780439e-02   6.2203287e-01
   1.6800853e-02   6.2325015e-01
   1.6801405e-02   6.2385879e-01
   1.6828419e-02   6.2446744e-01
   1.6860452e-02   6.2507608e-01
   1.6867908e-02   6.2568472e-01
   1.6870195e-02   6.2629337e-01
   1.6940481e-02   6.2751065e-01
   1.7020615e-02   6.2872794e-01
   1.7040762e-02   6.2933658e-01
   1.7047035e-02   6.3055386e-01
   1.7052775e-02   6.3116251e-01
   1.7062413e-02   6.3177115e-01
   1.7080163e-02   6.3359708e-01
   1.7097726e-02   6.3420572e-01
   1.7099115e-02   6.3481436e-01
   1.7128572e-02   6.3664029e-01
   1.7155094e-02   6.3724893e-01
   1.7162111e-02   6.3785758e-01
   1.7197223e-02   6.3968351e-01
   1.7230616e-02   6.4029215e-01
   1.7303234e-02   6.4090079e-01
   1.7331029e-02   6.4211808e-01
   1.7346599e-02   6.4394400e-01
   1.7374551e-02   6.4455265e-01
   1.7460172e-02   6.4637858e-01
   1.7463400e-02   6.4698722e-01
   1.7538606e-02   6.4881315e-01
   1.7570541e-02   6.5063907e-01
   1.7638240e-02   6.5124772e-01
   1.7644928e-02   6.5246500e-01
   1.7652087e-02   6.5307365e-01
   1.7680204e-02   6.5368229e-01
   1.7691145e-02   6.5550822e-01
   1.7744492e-02   6.5611686e-01
   1.7756496e-02   6.5672550e-01
   1.7796512e-02   6.5733414e-01
   1.7801768e-02   6.5855143e-01
   1.7841142e-02   6.5976872e-01
   1.7894104e-02   6.6037736e-01
   1.7911441e-02   6.6098600e-01
   1.7945338e-02   6.6220329e-01
   1.7946938e-02   6.6342057e-01
   1.7963768e-02   6.6402921e-01
   1.7969170e-02   6.6463786e-01
   1.8011380e-02   6.6646379e-01
   1.8059917e-02   6.6768107e-01
   1.8109456e-02   6.6828971e-01
   1.8137950e-02   6.7011564e-01
   1.8153998e-02   6.7133293e-01
   1.8250241e-02   6.7194157e-01
   1.8252012e-02   6.7315886e-01
   1.8253607e-02   6.7437614e-01
   1.8255057e-02   6.7498478e-01
   1.8265058e-02   6.7620207e-01
   1.8280224e-02   6.7681071e-01
   1.8284537e-02   6.7741935e-01
   1.8306972e-02   6.7863664e-01
   1.8328051e-02   6.7985393e-01
   1.8334427e-02   6.8046257e-01
   1.8374478e-02   6.8107121e-01
   1.8396467e-02   6.8350578e-01
   1.8403918e-02   6.8411442e-01
   1.8430068e-02   6.8472307e-01
   1.8483003e-02   6.8533171e-01
   1.8544160e-02   6.8654900e-01
   1.8563554e-02   6.8715764e-01
   1.8588518e-02   6.8837492e-01
   1.8601742e-02   6.9020085e-01
   1.8602840e-02   6.9080949e-01
   1.8639735e-02   6.9141814e-01
   1.8659766e-02   6.9202678e-01
   1.8693988e-02   6.9263542e-01
   1.8727292e-02   6.9385271e-01
   1.8811466e-02   6.9446135e-01
   1.8834243e-02   6.9567864e-01
   1.8841089e-02   6.9628728e-01
   1.8849909e-02   6.9689592e-01
   1.8856263e-02   6.9750456e-01
   1.8871891e-02   6.9811321e-01
   1.8877732e-02   6.9872185e-01
   1.8880248e-02   6.9993914e-01
   1.8925154e-02   7.0115642e-01
   1.8928661e-02   7.0419963e-01
   1.8945880e-02   7.0541692e-01
   1.9081166e-02   7.0663421e-01
   1.9082272e-02   7.0724285e-01
   1.9143047e-02   7.0785149e-01
   1.9158822e-02   7.0846013e-01
   1.9162800e-02   7.0967742e-01
   1.9178601e-02   7.1028606e-01
   1.9194754e-02   7.1089470e-01
   1.9202427e-02   7.1211199e-01
   1.9250685e-02   7.1272063e-01
   1.9259552e-02   7.1393792e-01
   1.9335143e-02   7.1454656e-01
   1.9400438e-02   7.1515520e-01
   1.9446368e-02   7.1637249e-01
   1.9447377e-02   7.1698113e-01
   1.9450308e-02   7.1941570e-01
   1.9471935e-02   7.2002435e-01
   1.9480306e-02   7.2124163e-01
   1.9541927e-02   7.2185027e-01
   1.9585711e-02   7.2245892e-01
   1.9594773e-02   7.2306756e-01
   1.9754924e-02   7.2367620e-01
   1.9757958e-02   7.2428484e-01
   1.9763195e-02   7.2489349e-01
   1.9788473e-02   7.2550213e-01
   1.9901713e-02   7.2611077e-01
   1.9982451e-02   7.2671942e-01
   2.0004140e-02   7.2732806e-01
   2.0038587e-02   7.2793670e-01
   2.0043119e-02   7.2976263e-01
   2.0066998e-02   7.3097991e-01
   2.0080339e-02   7.3280584e-01
   2.0128170e-02   7.3341449e-01
   2.0137600e-02   7.3402313e-01
   2.0167192e-02   7.3463177e-01
   2.0244362e-02   7.3524041e-01
   2.0328690e-02   7.3584906e-01
   2.0338280e-02   7.3645770e-01
   2.0341054e-02   7.3706634e-01
   2.0350775e-02   7.3767498e-01
   2.0364637e-02   7.3828363e-01
   2.0381807e-02   7.3889227e-01
   2.0408662e-02   7.3950091e-01
   2.0430549e-02   7.4132684e-01
   2.0458655e-02   7.4193548e-01
   2.0533749e-02   7.4315277e-01
   2.0636237e-02   7.4376141e-01
   2.0640065e-02   7.4437005e-01
   2.0680377e-02   7.4558734e-01
   2.0681631e-02   7.4680463e-01
   2.0692291e-02   7.4741327e-01
   2.0700437e-02   7.4802191e-01
   2.0722852e-02   7.4863055e-01
   2.0728197e-02   7.4923920e-01
   2.0756420e-02   7.4984784e-01
   2.0782175e-02   7.5045648e-01
   2.0799109e-02   7.5106512e-01
   2.0940163e-02   7.5349970e-01
   2.0946263e-02   7.5410834e-01
   2.0962332e-02   7.5471698e-01
   2.0975645e-02   7.5532562e-01
   2.1022125e-02   7.5593427e-01
   2.1164768e-02   7.5654291e-01
   2.1248886e-02   7.5715155e-01
   2.1261707e-02   7.5776019e-01
   2.1293176e-02   7.5897748e-01
   2.1329219e-02   7.5958612e-01
   2.1331097e-02   7.6019477e-01
   2.1371906e-02   7.6080341e-01
   2.1415861e-02   7.6141205e-01
   2.1452589e-02   7.6202069e-01
   2.1474523e-02   7.6262934e-01
   2.1519498e-02   7.6384662e-01
   2.1539326e-02   7.6445526e-01
   2.1543104e-02   7.6567255e-01
   2.1562202e-02   7.6628119e-01
   2.1673483e-02   7.6688984e-01
   2.1731469e-02   7.6749848e-01
   2.1749827e-02   7.6932441e-01
   2.1915838e-02   7.6993305e-01
   2.1936488e-02   7.7054169e-01
   2.1951237e-02   7.7115033e-01
   2.2008715e-02   7.7175898e-01
   2.2130663e-02   7.7236762e-01
   2.2137967e-02   7.7297626e-01
   2.2162656e-02   7.7358491e-01
   2.2164226e-02   7.7419355e-01
   2.2219291e-02   7.7480219e-01
   2.2330661e-02   7.7541083e-01
   2.2409873e-02   7.7601948e-01
   2.2418978e-02   7.7662812e-01
   2.2424353e-02   7.7723676e-01
   2.2431666e-02   7.7845405e-01
   2.2479705e-02   7.7906269e-01
   2.2480539e-02   7.7967133e-01
   2.2522332e-02   7.8027998e-01
   2.2528635e-02   7.8088862e-01
   2.2552576e-02   7.8149726e-01
   2.2672534e-02   7.8210590e-01
   2.2728864e-02   7.8271455e-01
   2.2735738e-02   7.8332319e-01
   2.2737788e-02   7.8454047e-01
   2.2759026e-02   7.8575776e-01
   2.2767455e-02   7.8636640e-01
   2.2784546e-02   7.8697505e-01
   2.2875324e-02   7.8758369e-01
   2.2930006e-02   7.8819233e-01
   2.3007213e-02   7.8880097e-01
   2.3017172e-02   7.8940962e-01
   2.3031036e-02   7.9001826e-01
   2.3043395e-02   7.9062690e-01
   2.3047739e-02   7.9123554e-01
   2.3118633e-02   7.9184419e-01
   2.3119084e-02   7.9245283e-01
   2.3179306e-02   7.9367012e-01
   2.3192261e-02   7.9427876e-01
   2.3236053e-02   7.9488740e-01
   2.3327120e-02   7.9549604e-01
   2.3332625e-02   7.9610469e-01
   2.3366463e-02   7.9671333e-01
   2.3368961e-02   7.9732197e-01
   2.3453034e-02   7.9793061e-01
   2.3458653e-02   7.9853926e-01
   2.3486250e-02   7.9914790e-01
   2.3508715e-02   7.9975654e-01
   2.3515334e-02   8.0036519e-01
   2.3627077e-02   8.0097383e-01
   2.3629343e-02   8.0279976e-01
   2.3639528e-02   8.0340840e-01
   2.3648413e-02   8.0401704e-01
   2.3667110e-02   8.0523433e-01
   2.3710457e-02   8.0584297e-01
   2.3768237e-02   8.0645161e-01
   2.3935867e-02   8.0706026e-01
   2.3961810e-02   8.0766890e-01
   2.3962268e-02   8.0827754e-01
   2.4070568e-02   8.0888618e-01
   2.4106018e-02   8.0949483e-01
   2.4128611e-02   8.1010347e-01
   2.4175885e-02   8.1132075e-01
   2.4213345e-02   8.1192940e-01
   2.4228289e-02   8.1253804e-01
   2.4261572e-02   8.1314668e-01
   2.4280727e-02   8.1375533e-01
   2.4327951e-02   8.1436397e-01
   2.4357880e-02   8.1558125e-01
   2.4391054e-02   8.1618990e-01
   2.4468623e-02   8.1740718e-01
   2.4535250e-02   8.1801582e-01
   2.4560729e-02   8.1862447e-01
   2.4576480e-02   8.1923311e-01
   2.4727458e-02   8.1984175e-01
   2.4846807e-02   8.2045040e-01
   2.4851211e-02   8.2166768e-01
   2.4949230e-02   8.2227632e-01
   2.5073561e-02   8.2288497e-01
   2.5096809e-02   8.2349361e-01
   2.5140049e-02   8.2410225e-01
   2.5149472e-02   8.2471089e-01
   2.5257847e-02   8.2531954e-01
   2.5399782e-02   8.2592818e-01
   2.5480293e-02   8.2714547e-01
   2.5534512e-02   8.2775411e-01
   2.5734108e-02   8.2836275e-01
   2.5743066e-02   8.2897139e-01
   2.5773644e-02   8.2958004e-01
   2.5802499e-02   8.3018868e-01
   2.5805018e-02   8.3079732e-01
   2.5860405e-02   8.3140596e-01
   2.5863567e-02   8.3201461e-01
   2.5896168e-02   8.3262325e-01
   2.5998917e-02   8.3323189e-01
   2.6009080e-02   8.3384054e-01
   2.6018374e-02   8.3444918e-01
   2.6025425e-02   8.3505782e-01
   2.6080788e-02   8.3566646e-01
   2.6115325e-02   8.3627511e-01
   2.6128763e-02   8.3749239e-01
   2.6195443e-02   8.3810103e-01
   2.6319237e-02   8.3870968e-01
   2.6332189e-02   8.3931832e-01
   2.6525833e-02   8.3992696e-01
   2.6616598e-02   8.4053561e-01
   2.6622726e-02   8.4297018e-01
   2.6645477e-02   8.4357882e-01
   2.6680448e-02   8.4418746e-01
   2.6720959e-02   8.4479610e-01
   2.6728818e-02   8.4540475e-01
   2.6780261e-02   8.4601339e-01
   2.6931964e-02   8.4662203e-01
   2.6932525e-02   8.4723068e-01
   2.6953181e-02   8.4783932e-01
   2.6992398e-02   8.4844796e-01
   2.6995542e-02   8.4905660e-01
   2.7043921e-02   8.4966525e-01
   2.7125928e-02   8.5027389e-01
   2.7202168e-02   8.5088253e-01
   2.7223188e-02   8.5149117e-01
   2.7237411e-02   8.5209982e-01
   2.7268261e-02   8.5270846e-01
   2.7360100e-02   8.5331710e-01
   2.7407195e-02   8.5392575e-01
   2.7619055e-02   8.5453439e-01
   2.7627627e-02   8.5514303e-01
   2.7650967e-02   8.5575167e-01
   2.7659065e-02   8.5636032e-01
   2.7805410e-02   8.5696896e-01
   2.7822975e-02   8.5757760e-01
   2.7880029e-02   8.5818624e-01
   2.7883718e-02   8.5879489e-01
   2.7898063e-02   8.5940353e-01
   2.8122012e-02   8.6001217e-01
   2.8132180e-02   8.6062082e-01
   2.8178661e-02   8.6122946e-01
   2.8359640e-02   8.6183810e-01
   2.8405185e-02   8.6244674e-01
   2.8413880e-02   8.6366403e-01
   2.8444854e-02   8.6488131e-01
   2.8520494e-02   8.6609860e-01
   2.8651946e-02   8.6670724e-01
   2.8714570e-02   8.6731589e-01
   2.8748425e-02   8.6792453e-01
   2.8857110e-02   8.6853317e-01
   2.8924015e-02   8.6914181e-01
   2.8945496e-02   8.6975046e-01
   2.9024852e-02   8.7035910e-01
   2.9128574e-02   8.7096774e-01
   2.9189972e-02   8.7157638e-01
   2.9197452e-02   8.7279367e-01
   2.9229390e-02   8.7340231e-01
   2.9307976e-02   8.7401096e-01
   2.9334334e-02   8.7461960e-01
   2.9469529e-02   8.7522824e-01
   2.9645564e-02   8.7583688e-01
   2.9672130e-02   8.7644553e-01
   2.9692174e-02   8.7705417e-01
   2.9728637e-02   8.7766281e-01
   2.9908520e-02   8.7888010e-01
   3.0001284e-02   8.7948874e-01
   3.0006211e-02   8.8009738e-01
   3.0207434e-02   8.8070603e-01
   3.0241138e-02   8.8131467e-01
   3.0318801e-02   8.8192331e-01
   3.0388896e-02   8.8253195e-01
   3.0511591e-02   8.8314060e-01
   3.0804325e-02   8.8374924e-01
   3.0806141e-02   8.8435788e-01
   3.1083780e-02   8.8496652e-01
   3.1110690e-02   8.8557517e-01
   3.1114532e-02   8.8618381e-01
   3.1203508e-02   8.8679245e-01
   3.1236035e-02   8.8740110e-01
   3.1341306e-02   8.8800974e-01
   3.1627264e-02   8.8861838e-01
   3.1659074e-02   8.8922702e-01
   3.1729959e-02   8.8983567e-01
   3.1996795e-02   8.9044431e-01
   3.1999571e-02   8.9105295e-01
   3.2432502e-02   8.9166159e-01
   3.2597203e-02   8.9227024e-01
   3.2648613e-02   8.9287888e-01
   3.2680665e-02   8.9348752e-01
   3.2815375e-02   8.9409617e-01
   3.2827406e-02   8.9470481e-01
   3.2910282e-02   8.9531345e-01
   3.2933704e-02   8.9592209e-01
   3.2938946e-02   8.9653074e-01
   3.2967476e-02   8.9713938e-01
   3.3136522e-02   8.9774802e-01
   3.3196266e-02   8.9835666e-01
   3.3364992e-02   8.9896531e-01
   3.3485337e-02   8.9957395e-01
   3.3496297e-02   9.0018259e-01
   3.3527950e-02   9.0079124e-01
   3.3867652e-02   9.0139988e-01
   3.4082166e-02   9.0200852e-01
   3.4324020e-02   9.0261716e-01
   3.4326801e-02   9.0322581e-01
   3.4410706e-02   9.0383445e-01
   3.4471184e-02   9.0444309e-01
   3.4735215e-02   9.0505173e-01
   3.4760365e-02   9.0566038e-01
   3.4990429e-02   9.0626902e-01
   3.4994232e-02   9.0687766e-01
   3.5081042e-02   9.0748631e-01
   3.5488820e-02   9.0809495e-01
   3.5855694e-02   9.0870359e-01
   3.5911102e-02   9.0931223e-01
   3.5975571e-02   9.0992088e-01
   3.6003832e-02   9.1052952e-01
   3.6021376e-02   9.1113816e-01
   3.6078751e-02   9.1174680e-01
   3.6188966e-02   9.1235545e-01
   3.6192967e-02   9.1357273e-01
   3.6214637e-02   9.1418138e-01
   3.6252379e-02   9.1479002e-01
   3.6458243e-02   9.1539866e-01
   3.6716880e-02   9.1600730e-01
   3.6719678e-02   9.1661595e-01
   3.6764323e-02   9.1722459e-01
   3.6796801e-02   9.1783323e-01
   3.7026135e-02   9.1844187e-01
   3.7063558e-02   9.1905052e-01
   3.7229595e-02   9.1965916e-01
   3.7356403e-02   9.2026780e-01
   3.7412455e-02   9.2087645e-01
   3.7468092e-02   9.2148509e-01
   3.7539080e-02   9.2209373e-01
   3.7653932e-02   9.2270237e-01
   3.7756084e-02   9.2331102e-01
   3.7850309e-02   9.2391966e-01
   3.8047087e-02   9.2452830e-01
   3.8243873e-02   9.2513694e-01
   3.8360553e-02   9.2635423e-01
   3.8428333e-02   9.2696287e-01
   3.8668739e-02   9.2757152e-01
   3.8760719e-02   9.2818016e-01
   3.8885058e-02   9.2878880e-01
   3.8973464e-02   9.2939744e-01
   3.9014244e-02   9.3000609e-01
   3.9090530e-02   9.3061473e-01
   3.9202253e-02   9.3122337e-01
   3.9416642e-02   9.3183201e-01
   3.9604505e-02   9.3244066e-01
   3.9760240e-02   9.3304930e-01
   3.9781265e-02   9.3365794e-01
   3.9918266e-02   9.3426659e-01
   4.0318613e-02   9.3487523e-01
   4.0555304e-02   9.3548387e-01
   4.0728181e-02   9.3609251e-01
   4.1587594e-02   9.3670116e-01
   4.1776416e-02   9.3730980e-01
   4.1951291e-02   9.3791844e-01
   4.2083123e-02   9.3852708e-01
   4.2329537e-02   9.3913573e-01
   4.2635085e-02   9.3974437e-01
   4.2661124e-02   9.4035301e-01
   4.2693045e-02   9.4096166e-01
   4.2901159e-02   9.4157030e-01
   4.2929497e-02   9.4217894e-01
   4.3530169e-02   9.4278758e-01
   4.4058498e-02   9.4339623e-01
   4.4587183e-02   9.4400487e-01
   4.4837327e-02   9.4461351e-01
   4.4852788e-02   9.4522215e-01
   4.4859457e-02   9.4583080e-01
   4.4894946e-02   9.4643944e-01
   4.5181568e-02   9.4704808e-01
   4.5343942e-02   9.4765673e-01
   4.5677163e-02   9.4826537e-01
   4.5680709e-02   9.4887401e-01
   4.6010629e-02   9.4948265e-01
   4.6675224e-02   9.5009130e-01
   4.6723792e-02   9.5069994e-01
   4.6880683e-02   9.5130858e-01
   4.7081801e-02   9.5191722e-01
   4.7272951e-02   9.5252587e-01
   4.7323721e-02   9.5313451e-01
   4.7502777e-02   9.5374315e-01
   4.7875255e-02   9.5435180e-01
   4.8367194e-02   9.5496044e-01
   4.8791102e-02   9.5556908e-01
   4.8804666e-02   9.5617772e-01
   4.9980077e-02   9.5678637e-01
   5.0580233e-02   9.5739501e-01
   5.1005489e-02   9.5800365e-01
   5.1263646e-02   9.5861229e-01
   5.1318128e-02   9.5922094e-01
   5.1775407e-02   9.5982958e-01
   5.1986543e-02   9.6043822e-01
   5.2313708e-02   9.6104687e-01
   5.3185192e-02   9.6165551e-01
   5.3605574e-02   9.6226415e-01
   5.3989474e-02   9.6287279e-01
   5.4179833e-02   9.6348144e-01
   5.4202876e-02   9.6409008e-01
   5.4480824e-02   9.6469872e-01
   5.4715443e-02   9.6591601e-01
   5.5530488e-02   9.6652465e-01
   5.5539117e-02   9.6713329e-01
   5.5606054e-02   9.6774194e-01
   5.6960773e-02   9.6835058e-01
   5.8045574e-02   9.6895922e-01
   5.8549517e-02   9.6956786e-01
   5.8914745e-02   9.7017651e-01
   5.8935786e-02   9.7078515e-01
   5.9130330e-02   9.7139379e-01
   5.9394595e-02   9.7200243e-01
   5.9484296e-02   9.7261108e-01
   6.0100200e-02   9.7321972e-01
   6.0461035e-02   9.7382836e-01
   6.0766065e-02   9.7443701e-01
   6.1445290e-02   9.7504565e-01
   6.2150905e-02   9.7565429e-01
   6.3044703e-02   9.7626293e-01
   6.3070417e-02   9.7687158e-01
   6.4085748e-02   9.7748022e-01
   6.4717779e-02   9.7808886e-01
   6.6144474e-02   9.7869750e-01
   6.6264008e-02   9.7930615e-01
   6.6658179e-02   9.7991479e-01
   6.8550574e-02   9.8052343e-01
   6.8732195e-02   9.8113208e-01
   6.8843452e-02   9.8174072e-01
   6.9432925e-02   9.8234936e-01
   6.9557386e-02   9.8295800e-01
   6.9664819e-02   9.8356665e-01
   7.0722019e-02   9.8417529e-01
   7.2110410e-02   9.8478393e-01
   7.3389651e-02   9.8539257e-01
   7.3903454e-02   9.8600122e-01
   7.5283836e-02   9.8660986e-01
   7.7732672e-02   9.8721850e-01
   7.8382597e-02   9.8782715e-01
   7.8662098e-02   9.8843579e-01
   7.8968089e-02   9.8904443e-01
   7.9672186e-02   9.8965307e-01
   8.2269896e-02   9.9026172e-01
   8.2308928e-02   9.9087036e-01
   8.2732654e-02   9.9147900e-01
   8.4039667e-02   9.9208764e-01
   8.4189300e-02   9.9269629e-01
   8.4471439e-02   9.9330493e-01
   8.7172420e-02   9.9391357e-01
   9.6630018e-02   9.9452222e-01
   9.8189963e-02   9.9513086e-01
   1.0572846e-01   9.9573950e-01
   1.0577204e-01   9.9634814e-01
   1.0599910e-01   9.9695679e-01
   1.0882624e-01   9.9756543e-01
   1.1127620e-01   9.9817407e-01
   1.1940861e-01   9.9878271e-01
   1.3960537e-01   9.9939136e-01
   1.5512032e-01   1.0000000e+00
