   6.0285190e-03   0.0000000e+00
   6.0285190e-03   6.5359477e-03
   6.4891154e-03   1.3071895e-02
   7.3341839e-03   1.9607843e-02
   7.4349960e-03   2.6143791e-02
   7.7115179e-03   3.2679739e-02
   8.1393566e-03   3.9215686e-02
   8.2649359e-03   4.5751634e-02
   8.7661296e-03   5.2287582e-02
   9.1298514e-03   5.8823529e-02
   9.1544856e-03   6.5359477e-02
   9.8271269e-03   7.1895425e-02
   1.0299986e-02   7.8431373e-02
   1.0524314e-02   8.4967320e-02
   1.1752690e-02   9.1503268e-02
   1.1925461e-02   9.8039216e-02
   1.2338213e-02   1.0457516e-01
   1.2832638e-02   1.1111111e-01
   1.2884667e-02   1.1764706e-01
   1.3377773e-02   1.2418301e-01
   1.3379732e-02   1.3071895e-01
   1.3702952e-02   1.3725490e-01
   1.3935762e-02   1.4379085e-01
   1.4035279e-02   1.5032680e-01
   1.4380022e-02   1.5686275e-01
   1.4590455e-02   1.6339869e-01
   1.5177390e-02   1.6993464e-01
   1.6389004e-02   1.7647059e-01
   1.6660785e-02   1.8300654e-01
   1.7185540e-02   1.8954248e-01
   1.7346427e-02   1.9607843e-01
   1.7367766e-02   2.0261438e-01
   1.7532782e-02   2.0915033e-01
   1.7552537e-02   2.2222222e-01
   1.7907762e-02   2.2875817e-01
   1.7993055e-02   2.3529412e-01
   1.8120017e-02   2.4183007e-01
   1.8353219e-02   2.4836601e-01
   1.8356126e-02   2.5490196e-01
   1.8388208e-02   2.6143791e-01
   1.8631956e-02   2.6797386e-01
   1.9012856e-02   2.7450980e-01
   1.9092178e-02   2.8104575e-01
   1.9315604e-02   2.8758170e-01
   1.9653128e-02   2.9411765e-01
   1.9988413e-02   3.0065359e-01
   2.0770454e-02   3.0718954e-01
   2.1149113e-02   3.1372549e-01
   2.1462512e-02   3.2026144e-01
   2.1602463e-02   3.2679739e-01
   2.1829688e-02   3.3333333e-01
   2.3248119e-02   3.3986928e-01
   2.3917783e-02   3.4640523e-01
   2.4019324e-02   3.5294118e-01
   2.4217722e-02   3.5947712e-01
   2.4794611e-02   3.6601307e-01
   2.4901225e-02   3.7254902e-01
   2.5069198e-02   3.7908497e-01
   2.5281637e-02   3.8562092e-01
   2.5426562e-02   3.9215686e-01
   2.5927938e-02   3.9869281e-01
   2.5942744e-02   4.0522876e-01
   2.6050883e-02   4.1176471e-01
   2.6054396e-02   4.1830065e-01
   2.6225400e-02   4.2483660e-01
   2.6247235e-02   4.3137255e-01
   2.6289633e-02   4.3790850e-01
   2.7441643e-02   4.4444444e-01
   2.7590377e-02   4.5098039e-01
   2.7692766e-02   4.5751634e-01
   2.8073631e-02   4.6405229e-01
   2.8290307e-02   4.7058824e-01
   2.8549713e-02   4.7712418e-01
   2.9679024e-02   4.8366013e-01
   2.9754685e-02   4.9019608e-01
   2.9782654e-02   4.9673203e-01
   2.9848782e-02   5.0326797e-01
   3.0551523e-02   5.0980392e-01
   3.0600982e-02   5.1633987e-01
   3.2156967e-02   5.2287582e-01
   3.2555173e-02   5.2941176e-01
   3.3058892e-02   5.3594771e-01
   3.3308533e-02   5.4248366e-01
   3.3361718e-02   5.4901961e-01
   3.4353023e-02   5.5555556e-01
   3.6020249e-02   5.6209150e-01
   3.8589346e-02   5.6862745e-01
   3.9096247e-02   5.7516340e-01
   3.9245041e-02   5.8169935e-01
   4.0848817e-02   5.8823529e-01
   4.2175334e-02   6.0130719e-01
   4.3158592e-02   6.0784314e-01
   4.5419773e-02   6.1437908e-01
   4.5659666e-02   6.2091503e-01
   4.5698875e-02   6.2745098e-01
   4.7087085e-02   6.3398693e-01
   4.7823900e-02   6.4052288e-01
   4.8204230e-02   6.4705882e-01
   4.8637552e-02   6.5359477e-01
   4.9588108e-02   6.6013072e-01
   4.9937421e-02   6.6666667e-01
   5.0965187e-02   6.7320261e-01
   5.1304571e-02   6.7973856e-01
   5.1669020e-02   6.8627451e-01
   5.2151405e-02   6.9281046e-01
   5.2809360e-02   6.9934641e-01
   5.3588839e-02   7.0588235e-01
   5.4150206e-02   7.1241830e-01
   5.4527792e-02   7.1895425e-01
   5.4717686e-02   7.2549020e-01
   5.5923905e-02   7.3202614e-01
   5.6573163e-02   7.3856209e-01
   5.7211669e-02   7.4509804e-01
   5.7979972e-02   7.5163399e-01
   5.9100951e-02   7.5816993e-01
   5.9711231e-02   7.6470588e-01
   6.0123360e-02   7.7124183e-01
   6.2057504e-02   7.7777778e-01
   6.5543454e-02   7.8431373e-01
   6.6092384e-02   7.9084967e-01
   6.7336429e-02   7.9738562e-01
   7.0744277e-02   8.0392157e-01
   7.1173014e-02   8.1045752e-01
   7.5374239e-02   8.1699346e-01
   7.7118493e-02   8.2352941e-01
   7.8015475e-02   8.3006536e-01
   7.9440276e-02   8.3660131e-01
   8.2027410e-02   8.4313725e-01
   8.4167883e-02   8.4967320e-01
   8.5906092e-02   8.5620915e-01
   8.7266431e-02   8.6274510e-01
   8.7679883e-02   8.6928105e-01
   9.2249119e-02   8.7581699e-01
   9.3949060e-02   8.8235294e-01
   9.4717376e-02   8.8888889e-01
   9.6070866e-02   8.9542484e-01
   9.6516729e-02   9.0196078e-01
   9.8729041e-02   9.0849673e-01
   1.0175705e-01   9.1503268e-01
   1.1156197e-01   9.2156863e-01
   1.2166576e-01   9.2810458e-01
   1.2361070e-01   9.3464052e-01
   1.2420124e-01   9.4117647e-01
   1.2760238e-01   9.4771242e-01
   1.4954421e-01   9.5424837e-01
   1.5370786e-01   9.6078431e-01
   1.6178407e-01   9.6732026e-01
   1.6264834e-01   9.7385621e-01
   1.6282171e-01   9.8039216e-01
   1.6385561e-01   9.8692810e-01
   1.8740386e-01   9.9346405e-01
   3.2343552e-01   1.0000000e+00
