   3.0584000e-03   0.0000000e+00
   3.0584000e-03   1.0791367e-02
   3.3984000e-03   1.4388489e-02
   3.7384000e-03   2.1582734e-02
   4.0784000e-03   2.5179856e-02
   4.4184000e-03   4.3165468e-02
   4.7576000e-03   5.0359712e-02
   5.0976000e-03   7.5539568e-02
   5.4376000e-03   8.9928058e-02
   5.7776000e-03   1.0071942e-01
   6.1176000e-03   1.1151079e-01
   6.4568000e-03   1.3669065e-01
   6.7968000e-03   1.6546763e-01
   7.1368000e-03   1.7985612e-01
   7.4768000e-03   2.0503597e-01
   7.8168000e-03   2.1223022e-01
   8.1560000e-03   2.3741007e-01
   8.4960000e-03   2.4820144e-01
   8.8360000e-03   2.8776978e-01
   9.1760000e-03   2.9856115e-01
   9.5160000e-03   3.0215827e-01
   9.8560000e-03   3.2733813e-01
   1.0195200e-02   3.3812950e-01
   1.0535200e-02   3.4532374e-01
   1.0875200e-02   3.4892086e-01
   1.1215200e-02   3.7769784e-01
   1.1554400e-02   3.8489209e-01
   1.1894400e-02   4.0647482e-01
   1.2234400e-02   4.2086331e-01
   1.2574400e-02   4.3884892e-01
   1.2914400e-02   4.4244604e-01
   1.3253600e-02   4.4964029e-01
   1.3593600e-02   4.6762590e-01
   1.3933600e-02   4.7482014e-01
   1.4273600e-02   4.8561151e-01
   1.4613600e-02   5.0000000e-01
   1.4953600e-02   5.0359712e-01
   1.5292800e-02   5.0719424e-01
   1.5632800e-02   5.1438849e-01
   1.5972800e-02   5.2158273e-01
   1.6312800e-02   5.3956835e-01
   1.6652800e-02   5.5035971e-01
   1.6992000e-02   5.5755396e-01
   1.7332000e-02   5.6115108e-01
   1.7672000e-02   5.7194245e-01
   1.8012000e-02   5.8992806e-01
   1.8352000e-02   6.0071942e-01
   1.8691200e-02   6.0431655e-01
   1.9031200e-02   6.0791367e-01
   1.9371200e-02   6.1870504e-01
   1.9711200e-02   6.2589928e-01
   2.0051200e-02   6.3309353e-01
   2.0391200e-02   6.5107914e-01
   2.0730400e-02   6.5827338e-01
   2.1070400e-02   6.6906475e-01
   2.1410400e-02   6.8345324e-01
   2.1750400e-02   6.8705036e-01
   2.2090400e-02   7.0143885e-01
   2.2769600e-02   7.0503597e-01
   2.3109600e-02   7.0863309e-01
   2.3449600e-02   7.1223022e-01
   2.3789600e-02   7.1582734e-01
   2.4468800e-02   7.1942446e-01
   2.5488800e-02   7.2661871e-01
   2.5828800e-02   7.3021583e-01
   2.6168000e-02   7.3381295e-01
   2.6508000e-02   7.4460432e-01
   2.7528000e-02   7.5179856e-01
   2.8207200e-02   7.5539568e-01
   2.8547200e-02   7.5899281e-01
   2.9227200e-02   7.6258993e-01
   2.9566400e-02   7.6618705e-01
   3.0246400e-02   7.6978417e-01
   3.0586400e-02   7.7338129e-01
   3.1265600e-02   7.8417266e-01
   3.2285600e-02   7.9496403e-01
   3.2625600e-02   7.9856115e-01
   3.3644800e-02   8.0215827e-01
   3.3984800e-02   8.0575540e-01
   3.4664800e-02   8.0935252e-01
   3.5004000e-02   8.1654676e-01
   3.5684000e-02   8.2733813e-01
   3.6364000e-02   8.3093525e-01
   3.6703200e-02   8.3453237e-01
   3.7043200e-02   8.3812950e-01
   3.7383200e-02   8.4172662e-01
   3.8742400e-02   8.4892086e-01
   3.9422400e-02   8.5611511e-01
   3.9762400e-02   8.5971223e-01
   4.0781600e-02   8.6330935e-01
   4.2140800e-02   8.6690647e-01
   4.2480800e-02   8.7769784e-01
   4.4520000e-02   8.8489209e-01
   4.5200000e-02   8.8848921e-01
   4.5879200e-02   8.9208633e-01
   4.6559200e-02   8.9568345e-01
   4.8258400e-02   9.0287770e-01
   4.8598400e-02   9.0647482e-01
   4.8937600e-02   9.1007194e-01
   4.9277600e-02   9.1366906e-01
   4.9957600e-02   9.2086331e-01
   5.0637600e-02   9.2446043e-01
   5.0976800e-02   9.2805755e-01
   5.1316800e-02   9.3165468e-01
   5.6754400e-02   9.3525180e-01
   5.7774400e-02   9.4244604e-01
   5.8113600e-02   9.4604317e-01
   5.8793600e-02   9.5323741e-01
   6.0832800e-02   9.5683453e-01
   6.3551200e-02   9.6043165e-01
   6.7629600e-02   9.6402878e-01
   6.9328800e-02   9.7122302e-01
   7.2387200e-02   9.7482014e-01
   7.3067200e-02   9.8201439e-01
   7.5106400e-02   9.8561151e-01
   8.7680800e-02   9.8920863e-01
   1.0365360e-01   9.9280576e-01
   1.2370400e-01   9.9640288e-01
   1.2880240e-01   1.0000000e+00
