   4.0405655e-03   0.0000000e+00
   4.0405655e-03   1.5527950e-03
   4.9016168e-03   3.1055901e-03
   5.1887910e-03   4.6583851e-03
   5.2902768e-03   6.2111801e-03
   5.4887231e-03   7.7639752e-03
   5.5303625e-03   1.0869565e-02
   5.7642457e-03   1.2422360e-02
   5.8065416e-03   1.3975155e-02
   5.8664020e-03   1.5527950e-02
   6.0608483e-03   1.7080745e-02
   6.1083858e-03   2.0186335e-02
   6.1866795e-03   2.1739130e-02
   6.3397553e-03   2.3291925e-02
   6.3651321e-03   2.6397516e-02
   6.3682167e-03   2.7950311e-02
   6.3688645e-03   2.9503106e-02
   6.5696511e-03   3.1055901e-02
   6.6342143e-03   3.5714286e-02
   6.6349273e-03   3.7267081e-02
   6.6859159e-03   3.8819876e-02
   6.7866060e-03   4.3478261e-02
   6.8187467e-03   4.5031056e-02
   6.9168318e-03   4.9689441e-02
   6.9342912e-03   5.1242236e-02
   7.0185861e-03   5.2795031e-02
   7.1225762e-03   5.5900621e-02
   7.1249804e-03   5.9006211e-02
   7.2083417e-03   6.0559006e-02
   7.2131220e-03   6.3664596e-02
   7.2641520e-03   6.5217391e-02
   7.3610209e-03   6.6770186e-02
   7.4931139e-03   6.8322981e-02
   7.5007287e-03   6.9875776e-02
   7.5112409e-03   7.1428571e-02
   7.5225133e-03   7.2981366e-02
   7.5955238e-03   7.4534161e-02
   7.7112554e-03   8.0745342e-02
   7.7826221e-03   8.3850932e-02
   7.8429768e-03   8.5403727e-02
   7.8685656e-03   8.8509317e-02
   7.9354152e-03   9.0062112e-02
   8.0702097e-03   9.1614907e-02
   8.0812426e-03   9.4720497e-02
   8.1012290e-03   9.6273292e-02
   8.1696841e-03   9.7826087e-02
   8.1725832e-03   9.9378882e-02
   8.2414263e-03   1.0093168e-01
   8.2839730e-03   1.0559006e-01
   8.3585621e-03   1.0869565e-01
   8.4207330e-03   1.1024845e-01
   8.4430979e-03   1.1180124e-01
   8.4551871e-03   1.1335404e-01
   8.5114341e-03   1.1645963e-01
   8.5597026e-03   1.1801242e-01
   8.5617054e-03   1.1956522e-01
   8.6389230e-03   1.2111801e-01
   8.6481003e-03   1.2732919e-01
   8.6543795e-03   1.2888199e-01
   8.6992388e-03   1.3043478e-01
   8.7065425e-03   1.3198758e-01
   8.7825146e-03   1.3354037e-01
   8.8572734e-03   1.3509317e-01
   8.9029488e-03   1.3664596e-01
   8.9343362e-03   1.3819876e-01
   8.9574457e-03   1.4440994e-01
   8.9991438e-03   1.4596273e-01
   9.0177119e-03   1.4751553e-01
   9.0585058e-03   1.4906832e-01
   9.0867442e-03   1.5062112e-01
   9.2282128e-03   1.5372671e-01
   9.2586103e-03   1.6304348e-01
   9.2670495e-03   1.6459627e-01
   9.4314171e-03   1.6614907e-01
   9.4522435e-03   1.6770186e-01
   9.5290233e-03   1.7546584e-01
   9.5698334e-03   1.7857143e-01
   9.5775073e-03   1.8012422e-01
   9.5832095e-03   1.8167702e-01
   9.6112355e-03   1.8322981e-01
   9.6630265e-03   1.8478261e-01
   9.6711670e-03   1.8633540e-01
   9.7789365e-03   1.8788820e-01
   9.7819531e-03   1.8944099e-01
   9.7826039e-03   1.9099379e-01
   9.8020976e-03   1.9254658e-01
   9.8026597e-03   1.9409938e-01
   9.8367669e-03   1.9565217e-01
   9.9051177e-03   1.9720497e-01
   9.9338190e-03   1.9875776e-01
   9.9413344e-03   2.0031056e-01
   1.0004446e-02   2.0186335e-01
   1.0086353e-02   2.0652174e-01
   1.0101525e-02   2.0962733e-01
   1.0138954e-02   2.1428571e-01
   1.0149612e-02   2.1894410e-01
   1.0354750e-02   2.2049689e-01
   1.0377582e-02   2.2204969e-01
   1.0379850e-02   2.2360248e-01
   1.0406414e-02   2.2670807e-01
   1.0482929e-02   2.2826087e-01
   1.0559845e-02   2.2981366e-01
   1.0581026e-02   2.3136646e-01
   1.0663067e-02   2.3447205e-01
   1.0674589e-02   2.3757764e-01
   1.0682884e-02   2.4068323e-01
   1.0734493e-02   2.4378882e-01
   1.0836021e-02   2.4534161e-01
   1.0879836e-02   2.4689441e-01
   1.0894606e-02   2.4844720e-01
   1.0952335e-02   2.5155280e-01
   1.0958271e-02   2.5310559e-01
   1.1027508e-02   2.5776398e-01
   1.1032372e-02   2.5931677e-01
   1.1110122e-02   2.6086957e-01
   1.1239944e-02   2.6242236e-01
   1.1261945e-02   2.6552795e-01
   1.1281718e-02   2.6863354e-01
   1.1312416e-02   2.7018634e-01
   1.1536206e-02   2.7484472e-01
   1.1638204e-02   2.7639752e-01
   1.1784162e-02   2.7795031e-01
   1.1817002e-02   2.7950311e-01
   1.1821849e-02   2.8105590e-01
   1.1970372e-02   2.8260870e-01
   1.2103876e-02   2.8726708e-01
   1.2151548e-02   2.9192547e-01
   1.2307767e-02   2.9503106e-01
   1.2393662e-02   2.9658385e-01
   1.2397013e-02   2.9968944e-01
   1.2426214e-02   3.0124224e-01
   1.2470050e-02   3.0279503e-01
   1.2614343e-02   3.0434783e-01
   1.2680102e-02   3.0745342e-01
   1.2735313e-02   3.0900621e-01
   1.2838975e-02   3.1055901e-01
   1.2884571e-02   3.1366460e-01
   1.2971585e-02   3.1521739e-01
   1.2997534e-02   3.1832298e-01
   1.3012477e-02   3.1987578e-01
   1.3302561e-02   3.2142857e-01
   1.3305450e-02   3.2298137e-01
   1.3549045e-02   3.2453416e-01
   1.3573212e-02   3.2608696e-01
   1.3688223e-02   3.2763975e-01
   1.3833076e-02   3.3074534e-01
   1.3842365e-02   3.3385093e-01
   1.3875219e-02   3.3540373e-01
   1.3932521e-02   3.4006211e-01
   1.4069455e-02   3.4161491e-01
   1.4126051e-02   3.4316770e-01
   1.4184999e-02   3.4472050e-01
   1.4377338e-02   3.4782609e-01
   1.4426249e-02   3.4937888e-01
   1.4453759e-02   3.5093168e-01
   1.4588241e-02   3.5248447e-01
   1.4614040e-02   3.5403727e-01
   1.4635425e-02   3.5559006e-01
   1.4698030e-02   3.5714286e-01
   1.4715069e-02   3.5869565e-01
   1.4754272e-02   3.6024845e-01
   1.4783747e-02   3.6180124e-01
   1.4851158e-02   3.6335404e-01
   1.4857734e-02   3.6490683e-01
   1.5022815e-02   3.6645963e-01
   1.5070314e-02   3.6956522e-01
   1.5107112e-02   3.7111801e-01
   1.5137391e-02   3.7267081e-01
   1.5274027e-02   3.7422360e-01
   1.5382381e-02   3.7577640e-01
   1.5529288e-02   3.7732919e-01
   1.5562534e-02   3.7888199e-01
   1.5623742e-02   3.8043478e-01
   1.5701275e-02   3.8198758e-01
   1.5737131e-02   3.8354037e-01
   1.5768048e-02   3.8509317e-01
   1.5849684e-02   3.8664596e-01
   1.5889902e-02   3.8819876e-01
   1.5940918e-02   3.8975155e-01
   1.5949046e-02   3.9130435e-01
   1.5985549e-02   3.9285714e-01
   1.5995013e-02   3.9440994e-01
   1.6161110e-02   3.9596273e-01
   1.6263697e-02   3.9906832e-01
   1.6344669e-02   4.0062112e-01
   1.6435984e-02   4.0217391e-01
   1.6437116e-02   4.0372671e-01
   1.6519549e-02   4.0527950e-01
   1.6568399e-02   4.0683230e-01
   1.6590579e-02   4.0838509e-01
   1.6681502e-02   4.0993789e-01
   1.6774183e-02   4.1149068e-01
   1.6780584e-02   4.1304348e-01
   1.6792391e-02   4.1614907e-01
   1.6867654e-02   4.1770186e-01
   1.6922517e-02   4.1925466e-01
   1.7003173e-02   4.2080745e-01
   1.7015047e-02   4.2236025e-01
   1.7084961e-02   4.2391304e-01
   1.7097587e-02   4.2546584e-01
   1.7141066e-02   4.2701863e-01
   1.7258647e-02   4.2857143e-01
   1.7278952e-02   4.3012422e-01
   1.7295069e-02   4.3322981e-01
   1.7344024e-02   4.3478261e-01
   1.7493849e-02   4.3633540e-01
   1.7499959e-02   4.3788820e-01
   1.7585755e-02   4.3944099e-01
   1.7676385e-02   4.4099379e-01
   1.7746578e-02   4.4254658e-01
   1.7771447e-02   4.4409938e-01
   1.7872516e-02   4.4565217e-01
   1.7941885e-02   4.4720497e-01
   1.8156687e-02   4.4875776e-01
   1.8178524e-02   4.5031056e-01
   1.8182656e-02   4.5186335e-01
   1.8203795e-02   4.5341615e-01
   1.8222943e-02   4.5496894e-01
   1.8230306e-02   4.5652174e-01
   1.8324031e-02   4.5807453e-01
   1.8450062e-02   4.5962733e-01
   1.8494880e-02   4.6118012e-01
   1.8516680e-02   4.6273292e-01
   1.8733058e-02   4.6428571e-01
   1.8735861e-02   4.6583851e-01
   1.8736612e-02   4.6739130e-01
   1.8833460e-02   4.7049689e-01
   1.9053041e-02   4.7360248e-01
   1.9058168e-02   4.7515528e-01
   1.9091857e-02   4.7670807e-01
   1.9166999e-02   4.7826087e-01
   1.9212481e-02   4.7981366e-01
   1.9244276e-02   4.8136646e-01
   1.9630914e-02   4.8291925e-01
   1.9708525e-02   4.8447205e-01
   1.9733571e-02   4.8602484e-01
   1.9886491e-02   4.8757764e-01
   2.0252777e-02   4.9223602e-01
   2.0464446e-02   4.9378882e-01
   2.0564332e-02   4.9534161e-01
   2.0569371e-02   4.9689441e-01
   2.0775341e-02   4.9844720e-01
   2.0789237e-02   5.0000000e-01
   2.0890475e-02   5.0155280e-01
   2.1041738e-02   5.0310559e-01
   2.1061713e-02   5.0465839e-01
   2.1165502e-02   5.0621118e-01
   2.1215321e-02   5.0931677e-01
   2.1297498e-02   5.1086957e-01
   2.1349178e-02   5.1242236e-01
   2.1366323e-02   5.1397516e-01
   2.1453495e-02   5.1552795e-01
   2.1550091e-02   5.1708075e-01
   2.1594355e-02   5.1863354e-01
   2.1793793e-02   5.2018634e-01
   2.1954892e-02   5.2173913e-01
   2.2002916e-02   5.2329193e-01
   2.2105894e-02   5.2484472e-01
   2.2222715e-02   5.2639752e-01
   2.2305311e-02   5.2795031e-01
   2.2919590e-02   5.2950311e-01
   2.2922486e-02   5.3105590e-01
   2.3101281e-02   5.3260870e-01
   2.3145716e-02   5.3571429e-01
   2.3199029e-02   5.3726708e-01
   2.3277756e-02   5.3881988e-01
   2.3363551e-02   5.4037267e-01
   2.3462063e-02   5.4192547e-01
   2.3527803e-02   5.4347826e-01
   2.3711712e-02   5.4503106e-01
   2.3788013e-02   5.4658385e-01
   2.3975590e-02   5.4813665e-01
   2.4223458e-02   5.4968944e-01
   2.4244781e-02   5.5124224e-01
   2.4506936e-02   5.5279503e-01
   2.4735612e-02   5.5434783e-01
   2.4805930e-02   5.5590062e-01
   2.4816498e-02   5.5745342e-01
   2.4902240e-02   5.5900621e-01
   2.5384017e-02   5.6055901e-01
   2.6240229e-02   5.6211180e-01
   2.6301877e-02   5.6366460e-01
   2.6304320e-02   5.6521739e-01
   2.6355342e-02   5.6677019e-01
   2.6415375e-02   5.6987578e-01
   2.6454481e-02   5.7142857e-01
   2.6599301e-02   5.7298137e-01
   2.6604428e-02   5.7453416e-01
   2.6623990e-02   5.7608696e-01
   2.6666177e-02   5.7763975e-01
   2.6675162e-02   5.7919255e-01
   2.6684961e-02   5.8074534e-01
   2.6797752e-02   5.8229814e-01
   2.6817510e-02   5.8540373e-01
   2.7139081e-02   5.8695652e-01
   2.7322996e-02   5.8850932e-01
   2.7422147e-02   5.9006211e-01
   2.7466795e-02   5.9161491e-01
   2.7700179e-02   5.9316770e-01
   2.7750931e-02   5.9472050e-01
   2.7914513e-02   5.9627329e-01
   2.7962691e-02   5.9782609e-01
   2.7972738e-02   5.9937888e-01
   2.8184033e-02   6.0093168e-01
   2.8308251e-02   6.0248447e-01
   2.8732606e-02   6.0403727e-01
   2.8988884e-02   6.0559006e-01
   2.9106710e-02   6.0714286e-01
   2.9157432e-02   6.0869565e-01
   2.9197100e-02   6.1024845e-01
   2.9314900e-02   6.1180124e-01
   2.9327491e-02   6.1335404e-01
   2.9846966e-02   6.1490683e-01
   2.9953667e-02   6.1645963e-01
   2.9981632e-02   6.1801242e-01
   3.0009006e-02   6.1956522e-01
   3.0345626e-02   6.2111801e-01
   3.0668229e-02   6.2267081e-01
   3.0719093e-02   6.2422360e-01
   3.0728178e-02   6.2577640e-01
   3.0892808e-02   6.2732919e-01
   3.1087403e-02   6.2888199e-01
   3.1118903e-02   6.3043478e-01
   3.1160790e-02   6.3198758e-01
   3.1370779e-02   6.3354037e-01
   3.1418520e-02   6.3509317e-01
   3.1440832e-02   6.3664596e-01
   3.1511765e-02   6.3819876e-01
   3.1634237e-02   6.3975155e-01
   3.1706775e-02   6.4130435e-01
   3.1779360e-02   6.4285714e-01
   3.1825610e-02   6.4440994e-01
   3.2026043e-02   6.4596273e-01
   3.2034750e-02   6.4751553e-01
   3.2276287e-02   6.4906832e-01
   3.2324747e-02   6.5062112e-01
   3.2551360e-02   6.5217391e-01
   3.2596717e-02   6.5372671e-01
   3.2720170e-02   6.5527950e-01
   3.2785458e-02   6.5683230e-01
   3.2934465e-02   6.5838509e-01
   3.3039098e-02   6.5993789e-01
   3.3206767e-02   6.6149068e-01
   3.3344283e-02   6.6304348e-01
   3.3358095e-02   6.6459627e-01
   3.3759738e-02   6.6614907e-01
   3.3844536e-02   6.6770186e-01
   3.4043483e-02   6.6925466e-01
   3.4059416e-02   6.7080745e-01
   3.4301724e-02   6.7236025e-01
   3.4634077e-02   6.7391304e-01
   3.4635076e-02   6.7546584e-01
   3.4811033e-02   6.7701863e-01
   3.5070561e-02   6.7857143e-01
   3.5095386e-02   6.8012422e-01
   3.5190499e-02   6.8167702e-01
   3.5538591e-02   6.8322981e-01
   3.5817894e-02   6.8478261e-01
   3.5822421e-02   6.8633540e-01
   3.5903620e-02   6.8788820e-01
   3.5951827e-02   6.8944099e-01
   3.6098799e-02   6.9099379e-01
   3.6322560e-02   6.9254658e-01
   3.6348254e-02   6.9565217e-01
   3.6395047e-02   6.9720497e-01
   3.6401649e-02   6.9875776e-01
   3.6690330e-02   7.0031056e-01
   3.6762976e-02   7.0186335e-01
   3.6990159e-02   7.0341615e-01
   3.7667518e-02   7.0496894e-01
   3.7876674e-02   7.0652174e-01
   3.7887063e-02   7.0807453e-01
   3.8354262e-02   7.0962733e-01
   3.8417760e-02   7.1118012e-01
   3.8634906e-02   7.1273292e-01
   3.8729613e-02   7.1428571e-01
   3.8960978e-02   7.1739130e-01
   3.9269739e-02   7.1894410e-01
   3.9537003e-02   7.2049689e-01
   3.9569268e-02   7.2204969e-01
   3.9720101e-02   7.2360248e-01
   4.0045542e-02   7.2515528e-01
   4.0087456e-02   7.2670807e-01
   4.0145849e-02   7.2826087e-01
   4.0268452e-02   7.2981366e-01
   4.0282454e-02   7.3136646e-01
   4.1034032e-02   7.3291925e-01
   4.1128394e-02   7.3447205e-01
   4.1153033e-02   7.3602484e-01
   4.1270279e-02   7.3757764e-01
   4.2039732e-02   7.3913043e-01
   4.2083477e-02   7.4068323e-01
   4.2193967e-02   7.4223602e-01
   4.2767308e-02   7.4378882e-01
   4.2838293e-02   7.4534161e-01
   4.3103410e-02   7.4689441e-01
   4.3335828e-02   7.4844720e-01
   4.3465559e-02   7.5000000e-01
   4.3497136e-02   7.5155280e-01
   4.4064757e-02   7.5310559e-01
   4.4065028e-02   7.5465839e-01
   4.4555874e-02   7.5621118e-01
   4.4739948e-02   7.5776398e-01
   4.4749177e-02   7.5931677e-01
   4.4970048e-02   7.6086957e-01
   4.4972972e-02   7.6242236e-01
   4.6109189e-02   7.6397516e-01
   4.6248553e-02   7.6552795e-01
   4.6587380e-02   7.6708075e-01
   4.6686269e-02   7.6863354e-01
   4.7073313e-02   7.7018634e-01
   4.7400695e-02   7.7173913e-01
   4.7422792e-02   7.7329193e-01
   4.7552708e-02   7.7484472e-01
   4.7863019e-02   7.7639752e-01
   4.8139143e-02   7.7795031e-01
   4.8706607e-02   7.7950311e-01
   4.8716593e-02   7.8105590e-01
   4.8992238e-02   7.8260870e-01
   4.9283600e-02   7.8416149e-01
   4.9380188e-02   7.8571429e-01
   5.0434236e-02   7.8726708e-01
   5.0449139e-02   7.8881988e-01
   5.0479072e-02   7.9037267e-01
   5.1141418e-02   7.9192547e-01
   5.1149480e-02   7.9347826e-01
   5.1324478e-02   7.9503106e-01
   5.1591439e-02   7.9658385e-01
   5.2101918e-02   7.9813665e-01
   5.2169343e-02   7.9968944e-01
   5.2258569e-02   8.0124224e-01
   5.2565828e-02   8.0279503e-01
   5.2584871e-02   8.0434783e-01
   5.3053991e-02   8.0590062e-01
   5.3336394e-02   8.0745342e-01
   5.3481545e-02   8.0900621e-01
   5.3741404e-02   8.1055901e-01
   5.4169636e-02   8.1211180e-01
   5.4316501e-02   8.1366460e-01
   5.4529677e-02   8.1521739e-01
   5.4594018e-02   8.1677019e-01
   5.4765090e-02   8.1832298e-01
   5.4809272e-02   8.1987578e-01
   5.5406342e-02   8.2142857e-01
   5.5604057e-02   8.2298137e-01
   5.6225310e-02   8.2453416e-01
   5.6298527e-02   8.2608696e-01
   5.6500977e-02   8.2763975e-01
   5.6663541e-02   8.2919255e-01
   5.6816416e-02   8.3074534e-01
   5.6842670e-02   8.3229814e-01
   5.6937092e-02   8.3385093e-01
   5.7415636e-02   8.3540373e-01
   5.7429299e-02   8.3695652e-01
   5.7513521e-02   8.3850932e-01
   5.8063750e-02   8.4006211e-01
   5.8274454e-02   8.4161491e-01
   5.8813606e-02   8.4316770e-01
   5.8820115e-02   8.4472050e-01
   5.8939744e-02   8.4627329e-01
   5.9598020e-02   8.4782609e-01
   6.0808852e-02   8.4937888e-01
   6.0916960e-02   8.5093168e-01
   6.1102428e-02   8.5248447e-01
   6.1472517e-02   8.5403727e-01
   6.1642415e-02   8.5559006e-01
   6.1705273e-02   8.5714286e-01
   6.1708710e-02   8.5869565e-01
   6.2286777e-02   8.6024845e-01
   6.2546983e-02   8.6180124e-01
   6.2628704e-02   8.6335404e-01
   6.2637120e-02   8.6490683e-01
   6.2981159e-02   8.6645963e-01
   6.3169993e-02   8.6801242e-01
   6.3393785e-02   8.6956522e-01
   6.3506088e-02   8.7111801e-01
   6.3717411e-02   8.7267081e-01
   6.3971988e-02   8.7422360e-01
   6.3990089e-02   8.7577640e-01
   6.4076803e-02   8.7732919e-01
   6.4361677e-02   8.7888199e-01
   6.5904548e-02   8.8043478e-01
   6.6328950e-02   8.8198758e-01
   6.7895388e-02   8.8354037e-01
   6.7923851e-02   8.8509317e-01
   6.8571997e-02   8.8664596e-01
   7.0107710e-02   8.8819876e-01
   7.0846807e-02   8.8975155e-01
   7.0968480e-02   8.9130435e-01
   7.1476942e-02   8.9285714e-01
   7.2183798e-02   8.9440994e-01
   7.3815503e-02   8.9596273e-01
   7.3852276e-02   8.9751553e-01
   7.5008503e-02   8.9906832e-01
   7.5035172e-02   9.0062112e-01
   7.5532691e-02   9.0217391e-01
   7.5551541e-02   9.0372671e-01
   7.6225252e-02   9.0527950e-01
   7.6483126e-02   9.0683230e-01
   7.6619861e-02   9.0838509e-01
   7.6931674e-02   9.0993789e-01
   7.7012848e-02   9.1149068e-01
   7.7161656e-02   9.1304348e-01
   7.8552504e-02   9.1459627e-01
   8.3589631e-02   9.1614907e-01
   8.3861588e-02   9.1770186e-01
   8.4151402e-02   9.1925466e-01
   8.4560431e-02   9.2080745e-01
   8.4852777e-02   9.2236025e-01
   8.4966008e-02   9.2391304e-01
   8.5355900e-02   9.2546584e-01
   8.5467118e-02   9.2701863e-01
   8.5503314e-02   9.2857143e-01
   8.7029016e-02   9.3012422e-01
   8.8021776e-02   9.3167702e-01
   8.8086702e-02   9.3322981e-01
   8.8593820e-02   9.3478261e-01
   8.9283683e-02   9.3633540e-01
   8.9905960e-02   9.3788820e-01
   9.0540456e-02   9.3944099e-01
   9.1972690e-02   9.4099379e-01
   9.3072103e-02   9.4254658e-01
   9.5499736e-02   9.4409938e-01
   9.7210210e-02   9.4565217e-01
   9.8914695e-02   9.4720497e-01
   9.9030394e-02   9.4875776e-01
   1.0071411e-01   9.5031056e-01
   1.0214804e-01   9.5186335e-01
   1.0297307e-01   9.5341615e-01
   1.0329500e-01   9.5496894e-01
   1.0566297e-01   9.5652174e-01
   1.0893619e-01   9.5807453e-01
   1.1068720e-01   9.5962733e-01
   1.1101532e-01   9.6118012e-01
   1.1431359e-01   9.6273292e-01
   1.1962609e-01   9.6428571e-01
   1.2316824e-01   9.6583851e-01
   1.2590234e-01   9.6739130e-01
   1.2594078e-01   9.6894410e-01
   1.3544740e-01   9.7049689e-01
   1.3854498e-01   9.7204969e-01
   1.4138889e-01   9.7360248e-01
   1.4333305e-01   9.7515528e-01
   1.4974985e-01   9.7670807e-01
   1.5517694e-01   9.7826087e-01
   1.5800415e-01   9.7981366e-01
   1.6165953e-01   9.8136646e-01
   1.6359671e-01   9.8291925e-01
   1.6400914e-01   9.8447205e-01
   1.6428890e-01   9.8602484e-01
   1.6592552e-01   9.8757764e-01
   1.7862106e-01   9.8913043e-01
   1.7954599e-01   9.9068323e-01
   1.8715027e-01   9.9223602e-01
   1.9184555e-01   9.9378882e-01
   2.0042608e-01   9.9534161e-01
   2.1862211e-01   9.9689441e-01
   2.1924069e-01   9.9844720e-01
   2.2505729e-01   1.0000000e+00
