   2.9320000e-03   0.0000000e+00
   2.9320000e-03   8.0192462e-04
   3.3504000e-03   1.6038492e-03
   3.7696000e-03   4.8115477e-03
   4.1888000e-03   1.2830794e-02
   4.6072000e-03   1.6840417e-02
   5.0264000e-03   3.6086608e-02
   5.4448000e-03   5.5332799e-02
   5.8640000e-03   7.7786688e-02
   6.2824000e-03   1.0745790e-01
   6.7016000e-03   1.3632719e-01
   7.1208000e-03   1.6920609e-01
   7.5392000e-03   1.9085806e-01
   7.9584000e-03   2.2614274e-01
   8.3768000e-03   2.5581395e-01
   8.7960000e-03   2.8388132e-01
   9.2144000e-03   3.0553328e-01
   9.6336000e-03   3.2317562e-01
   1.0052000e-02   3.5926223e-01
   1.0471200e-02   3.7449880e-01
   1.0890400e-02   3.9695269e-01
   1.1308800e-02   4.2261427e-01
   1.1728000e-02   4.3384122e-01
   1.2146400e-02   4.6190858e-01
   1.2565600e-02   4.7153168e-01
   1.2984000e-02   4.8596632e-01
   1.3403200e-02   5.0441059e-01
   1.3822400e-02   5.1964715e-01
   1.4240800e-02   5.4049719e-01
   1.4660000e-02   5.5894146e-01
   1.5078400e-02   5.7497995e-01
   1.5497600e-02   5.8700882e-01
   1.5916000e-02   6.0705694e-01
   1.6335200e-02   6.1748196e-01
   1.6753600e-02   6.2870890e-01
   1.7172800e-02   6.4314354e-01
   1.7591200e-02   6.5196472e-01
   1.8010400e-02   6.6158781e-01
   1.8429600e-02   6.7040898e-01
   1.8848000e-02   6.8404170e-01
   1.9267200e-02   6.9206095e-01
   1.9685600e-02   7.0088212e-01
   2.0104800e-02   7.1050521e-01
   2.0524000e-02   7.1852446e-01
   2.0942400e-02   7.2173216e-01
   2.1361600e-02   7.2975140e-01
   2.1780000e-02   7.3456295e-01
   2.2199200e-02   7.4338412e-01
   2.2617600e-02   7.5140337e-01
   2.3036800e-02   7.6182839e-01
   2.3455200e-02   7.6343224e-01
   2.3874400e-02   7.6984763e-01
   2.4293600e-02   7.7866881e-01
   2.4712000e-02   7.8428228e-01
   2.5131200e-02   7.9470730e-01
   2.5549600e-02   7.9951885e-01
   2.5968800e-02   8.0994387e-01
   2.6387200e-02   8.1716119e-01
   2.6806400e-02   8.2036889e-01
   2.7224800e-02   8.2277466e-01
   2.7644000e-02   8.2678428e-01
   2.8062400e-02   8.3079391e-01
   2.8481600e-02   8.3480353e-01
   2.8900800e-02   8.4282277e-01
   2.9319200e-02   8.4603047e-01
   2.9738400e-02   8.5244587e-01
   3.0156800e-02   8.5725742e-01
   3.0576000e-02   8.6046512e-01
   3.0995200e-02   8.6206897e-01
   3.1413600e-02   8.6367281e-01
   3.1832800e-02   8.6447474e-01
   3.2251200e-02   8.7008821e-01
   3.2670400e-02   8.7169206e-01
   3.3088800e-02   8.7409783e-01
   3.3508000e-02   8.7971131e-01
   3.3926400e-02   8.8131516e-01
   3.4345600e-02   8.8291901e-01
   3.4764800e-02   8.8372093e-01
   3.5183200e-02   8.8773055e-01
   3.5602400e-02   8.8933440e-01
   3.6020800e-02   8.9013633e-01
   3.6440000e-02   8.9494787e-01
   3.6858400e-02   8.9574980e-01
   3.7277600e-02   8.9895750e-01
   3.7696000e-02   9.0136327e-01
   3.8115200e-02   9.0457097e-01
   3.8534400e-02   9.0617482e-01
   3.8952800e-02   9.0858059e-01
   3.9372000e-02   9.0938252e-01
   3.9790400e-02   9.1259022e-01
   4.0209600e-02   9.1740176e-01
   4.0628000e-02   9.1980754e-01
   4.1465600e-02   9.2381716e-01
   4.1884800e-02   9.2542101e-01
   4.2304000e-02   9.2782678e-01
   4.2722400e-02   9.3183641e-01
   4.3141600e-02   9.3424218e-01
   4.3560000e-02   9.3504411e-01
   4.4397600e-02   9.3744988e-01
   4.4816800e-02   9.3905373e-01
   4.5235200e-02   9.3985565e-01
   4.5654400e-02   9.4145950e-01
   4.6073600e-02   9.4306335e-01
   4.6492000e-02   9.4466720e-01
   4.6911200e-02   9.4627105e-01
   4.7329600e-02   9.4787490e-01
   4.7748800e-02   9.4947875e-01
   4.8167200e-02   9.5108260e-01
   4.8586400e-02   9.5268645e-01
   4.9004800e-02   9.5429030e-01
   4.9843200e-02   9.5589415e-01
   5.0261600e-02   9.5669607e-01
   5.0680800e-02   9.5749800e-01
   5.1099200e-02   9.5829992e-01
   5.1518400e-02   9.5910184e-01
   5.1936800e-02   9.5990377e-01
   5.2356000e-02   9.6150762e-01
   5.3193600e-02   9.6311147e-01
   5.4031200e-02   9.6471532e-01
   5.6125600e-02   9.6551724e-01
   5.6544800e-02   9.6631917e-01
   5.7382400e-02   9.6712109e-01
   5.7800800e-02   9.6952686e-01
   5.8638400e-02   9.7032879e-01
   5.9057600e-02   9.7193264e-01
   5.9476800e-02   9.7353649e-01
   5.9895200e-02   9.7433841e-01
   6.0314400e-02   9.7514034e-01
   6.1570400e-02   9.7594226e-01
   6.1989600e-02   9.7674419e-01
   6.2408000e-02   9.7754611e-01
   6.2827200e-02   9.7995188e-01
   6.3664800e-02   9.8075381e-01
   6.4084000e-02   9.8155573e-01
   6.4502400e-02   9.8235766e-01
   6.4921600e-02   9.8396151e-01
   6.5340000e-02   9.8476343e-01
   6.7434400e-02   9.8556536e-01
   6.8272000e-02   9.8636728e-01
   6.8691200e-02   9.8716921e-01
   6.9948000e-02   9.8797113e-01
   7.0785600e-02   9.8877306e-01
   7.1204000e-02   9.8957498e-01
   7.1623200e-02   9.9037690e-01
   7.2041600e-02   9.9198075e-01
   7.2879200e-02   9.9278268e-01
   7.3717600e-02   9.9358460e-01
   7.4555200e-02   9.9438653e-01
   7.7487200e-02   9.9518845e-01
   8.0000000e-02   9.9679230e-01
   8.5864000e-02   9.9759423e-01
   8.7120800e-02   9.9839615e-01
   9.0052000e-02   9.9919808e-01
   9.5916000e-02   1.0000000e+00
