   5.1543071e-03   0.0000000e+00
   5.1543071e-03   1.2150668e-03
   5.4361144e-03   2.4301337e-03
   5.8835384e-03   3.6452005e-03
   5.8873384e-03   4.8602673e-03
   6.0609501e-03   6.0753341e-03
   6.0685167e-03   7.2904010e-03
   6.0738087e-03   8.5054678e-03
   6.1460160e-03   9.7205346e-03
   6.2959683e-03   1.0935601e-02
   6.3819368e-03   1.2150668e-02
   6.4060965e-03   1.3365735e-02
   6.4819081e-03   1.4580802e-02
   6.6904053e-03   1.5795869e-02
   6.7037523e-03   1.7010936e-02
   6.7149537e-03   1.8226002e-02
   6.7539336e-03   1.9441069e-02
   6.7877383e-03   2.3086270e-02
   6.9191243e-03   2.4301337e-02
   7.0215227e-03   2.7946537e-02
   7.0311804e-03   3.0376671e-02
   7.0647969e-03   3.1591738e-02
   7.1056908e-03   3.5236938e-02
   7.1661292e-03   3.8882139e-02
   7.3402539e-03   4.1312272e-02
   7.3445376e-03   4.2527339e-02
   7.3568018e-03   4.7387606e-02
   7.4290896e-03   4.8602673e-02
   7.4972678e-03   4.9817740e-02
   7.6615977e-03   5.5893074e-02
   7.7073050e-03   5.7108141e-02
   7.8051708e-03   5.9538275e-02
   7.8444573e-03   6.0753341e-02
   7.9549046e-03   6.5613609e-02
   7.9777185e-03   6.9258809e-02
   7.9987559e-03   7.2904010e-02
   8.0076997e-03   7.4119077e-02
   8.0704318e-03   7.8979344e-02
   8.0893592e-03   8.1409478e-02
   8.1925864e-03   8.5054678e-02
   8.2197625e-03   8.6269745e-02
   8.2205744e-03   8.7484812e-02
   8.2289483e-03   8.8699878e-02
   8.3020485e-03   9.2345079e-02
   8.3032528e-03   9.7205346e-02
   8.3492164e-03   9.8420413e-02
   8.3545927e-03   1.0085055e-01
   8.3628676e-03   1.0206561e-01
   8.3941635e-03   1.0328068e-01
   8.3993425e-03   1.0449575e-01
   8.4456882e-03   1.0814095e-01
   8.5775719e-03   1.0935601e-01
   8.5892676e-03   1.1178615e-01
   8.6153365e-03   1.1543135e-01
   8.6212852e-03   1.1664642e-01
   8.6382852e-03   1.2272175e-01
   8.6402157e-03   1.3001215e-01
   8.7124736e-03   1.3487242e-01
   8.7780331e-03   1.3730255e-01
   8.8310077e-03   1.4094775e-01
   8.9386793e-03   1.4702309e-01
   8.9416633e-03   1.5431349e-01
   8.9812195e-03   1.5674362e-01
   8.9917245e-03   1.5917375e-01
   8.9939886e-03   1.6160389e-01
   9.0691925e-03   1.6403402e-01
   9.0864868e-03   1.6646416e-01
   9.2251292e-03   1.6767922e-01
   9.2536105e-03   1.7375456e-01
   9.2705081e-03   1.7618469e-01
   9.2817629e-03   1.8347509e-01
   9.3311845e-03   1.8712029e-01
   9.3545794e-03   1.9198056e-01
   9.4057114e-03   1.9319563e-01
   9.4346339e-03   1.9805589e-01
   9.4699817e-03   2.0170109e-01
   9.5745308e-03   2.0777643e-01
   9.5807923e-03   2.0899149e-01
   9.5826451e-03   2.1020656e-01
   9.6099439e-03   2.1506683e-01
   9.6336997e-03   2.2235723e-01
   9.6867470e-03   2.2600243e-01
   9.7275108e-03   2.2721750e-01
   9.7671122e-03   2.2843256e-01
   9.8057671e-03   2.3086270e-01
   9.8618523e-03   2.3572296e-01
   9.8928975e-03   2.3815310e-01
   9.9035519e-03   2.4058323e-01
   9.9239173e-03   2.4179830e-01
   9.9555555e-03   2.4908870e-01
   9.9648734e-03   2.5030377e-01
   9.9962234e-03   2.5516403e-01
   1.0048573e-02   2.5637910e-01
   1.0109404e-02   2.5759417e-01
   1.0162183e-02   2.5880923e-01
   1.0211666e-02   2.6366950e-01
   1.0223819e-02   2.6609964e-01
   1.0239258e-02   2.6731470e-01
   1.0260467e-02   2.7095990e-01
   1.0276208e-02   2.7582017e-01
   1.0307950e-02   2.7703524e-01
   1.0325566e-02   2.7825030e-01
   1.0352400e-02   2.8189550e-01
   1.0368223e-02   2.8432564e-01
   1.0415418e-02   2.8554070e-01
   1.0449544e-02   2.8675577e-01
   1.0492685e-02   2.8797084e-01
   1.0498623e-02   2.8918591e-01
   1.0532577e-02   2.9161604e-01
   1.0537561e-02   2.9526124e-01
   1.0566115e-02   2.9769137e-01
   1.0582209e-02   2.9890644e-01
   1.0638422e-02   3.0133657e-01
   1.0665878e-02   3.0619684e-01
   1.0666326e-02   3.0862697e-01
   1.0742267e-02   3.1227217e-01
   1.0748074e-02   3.1348724e-01
   1.0786771e-02   3.1591738e-01
   1.0848835e-02   3.2199271e-01
   1.0865150e-02   3.2685298e-01
   1.0869479e-02   3.2806804e-01
   1.0871106e-02   3.3049818e-01
   1.0895615e-02   3.3171324e-01
   1.0918716e-02   3.3292831e-01
   1.0931161e-02   3.3657351e-01
   1.0943390e-02   3.3778858e-01
   1.1028801e-02   3.3900365e-01
   1.1078047e-02   3.4021871e-01
   1.1106137e-02   3.4143378e-01
   1.1136177e-02   3.4386391e-01
   1.1171998e-02   3.5115431e-01
   1.1173092e-02   3.5236938e-01
   1.1208348e-02   3.5358445e-01
   1.1211069e-02   3.5722965e-01
   1.1280044e-02   3.5965978e-01
   1.1388170e-02   3.6330498e-01
   1.1395550e-02   3.6573512e-01
   1.1487136e-02   3.6938032e-01
   1.1504134e-02   3.7059538e-01
   1.1506047e-02   3.7302552e-01
   1.1531134e-02   3.7545565e-01
   1.1556883e-02   3.7910085e-01
   1.1650440e-02   3.8274605e-01
   1.1708070e-02   3.8396112e-01
   1.1722994e-02   3.8517618e-01
   1.1812276e-02   3.8882139e-01
   1.1841393e-02   3.9003645e-01
   1.1849480e-02   3.9246659e-01
   1.1922309e-02   3.9489672e-01
   1.2008056e-02   3.9732685e-01
   1.2125881e-02   3.9854192e-01
   1.2138159e-02   4.0097205e-01
   1.2142323e-02   4.0218712e-01
   1.2147054e-02   4.0340219e-01
   1.2155615e-02   4.0461725e-01
   1.2167781e-02   4.0583232e-01
   1.2183706e-02   4.0704739e-01
   1.2202602e-02   4.1069259e-01
   1.2328754e-02   4.1190765e-01
   1.2375998e-02   4.1312272e-01
   1.2413590e-02   4.1433779e-01
   1.2446304e-02   4.1555286e-01
   1.2491768e-02   4.1798299e-01
   1.2531889e-02   4.1919806e-01
   1.2541150e-02   4.2041312e-01
   1.2564080e-02   4.2162819e-01
   1.2669093e-02   4.2405832e-01
   1.2750704e-02   4.2648846e-01
   1.2764463e-02   4.2891859e-01
   1.2772415e-02   4.3013366e-01
   1.2812672e-02   4.3134872e-01
   1.2845111e-02   4.3256379e-01
   1.2884881e-02   4.3499392e-01
   1.2933212e-02   4.3620899e-01
   1.2971369e-02   4.3742406e-01
   1.2988510e-02   4.3985419e-01
   1.3029905e-02   4.4106926e-01
   1.3104966e-02   4.4349939e-01
   1.3122110e-02   4.4471446e-01
   1.3134077e-02   4.4592953e-01
   1.3206390e-02   4.4835966e-01
   1.3403320e-02   4.5078979e-01
   1.3407505e-02   4.5443499e-01
   1.3442747e-02   4.5686513e-01
   1.3442918e-02   4.6051033e-01
   1.3733229e-02   4.6415553e-01
   1.3785874e-02   4.6537060e-01
   1.3794052e-02   4.6658566e-01
   1.3837584e-02   4.6780073e-01
   1.3862211e-02   4.7023086e-01
   1.3881527e-02   4.7144593e-01
   1.3955295e-02   4.7266100e-01
   1.4010972e-02   4.7387606e-01
   1.4043045e-02   4.7630620e-01
   1.4071725e-02   4.7752126e-01
   1.4073783e-02   4.7995140e-01
   1.4079395e-02   4.8116646e-01
   1.4216800e-02   4.8238153e-01
   1.4220803e-02   4.8481166e-01
   1.4374248e-02   4.8845687e-01
   1.4413796e-02   4.8967193e-01
   1.4418204e-02   4.9210207e-01
   1.4473733e-02   4.9331713e-01
   1.4484709e-02   4.9453220e-01
   1.4583138e-02   4.9574727e-01
   1.4643576e-02   4.9696233e-01
   1.4667322e-02   4.9817740e-01
   1.4668805e-02   4.9939247e-01
   1.4709000e-02   5.0060753e-01
   1.4840603e-02   5.0182260e-01
   1.4872673e-02   5.0303767e-01
   1.4971200e-02   5.0425273e-01
   1.4997639e-02   5.0546780e-01
   1.5015393e-02   5.0668287e-01
   1.5041898e-02   5.0789793e-01
   1.5053273e-02   5.0911300e-01
   1.5060562e-02   5.1032807e-01
   1.5083199e-02   5.1154313e-01
   1.5110829e-02   5.1275820e-01
   1.5128218e-02   5.1397327e-01
   1.5244046e-02   5.1518834e-01
   1.5302385e-02   5.1640340e-01
   1.5414013e-02   5.1761847e-01
   1.5466964e-02   5.2004860e-01
   1.5499498e-02   5.2247874e-01
   1.5734070e-02   5.2369380e-01
   1.5748364e-02   5.2490887e-01
   1.5774662e-02   5.2612394e-01
   1.5818212e-02   5.2733900e-01
   1.5954836e-02   5.2855407e-01
   1.5962985e-02   5.2976914e-01
   1.5996389e-02   5.3219927e-01
   1.6039246e-02   5.3341434e-01
   1.6084438e-02   5.3462940e-01
   1.6095094e-02   5.3584447e-01
   1.6178718e-02   5.3827461e-01
   1.6296875e-02   5.3948967e-01
   1.6344729e-02   5.4070474e-01
   1.6386287e-02   5.4191981e-01
   1.6417043e-02   5.4434994e-01
   1.6510475e-02   5.4678007e-01
   1.6618422e-02   5.4799514e-01
   1.6638399e-02   5.5042527e-01
   1.6699029e-02   5.5164034e-01
   1.6780149e-02   5.5285541e-01
   1.6783504e-02   5.5407047e-01
   1.6821351e-02   5.5528554e-01
   1.6986575e-02   5.5650061e-01
   1.7059434e-02   5.5771567e-01
   1.7061605e-02   5.5893074e-01
   1.7158485e-02   5.6136087e-01
   1.7243646e-02   5.6257594e-01
   1.7274347e-02   5.6379101e-01
   1.7280454e-02   5.6500608e-01
   1.7335231e-02   5.6743621e-01
   1.7341005e-02   5.6865128e-01
   1.7554099e-02   5.6986634e-01
   1.7579840e-02   5.7108141e-01
   1.7585771e-02   5.7229648e-01
   1.7617644e-02   5.7472661e-01
   1.7628975e-02   5.7594168e-01
   1.7701311e-02   5.7715674e-01
   1.7876844e-02   5.7837181e-01
   1.7914204e-02   5.8080194e-01
   1.7922541e-02   5.8201701e-01
   1.7962439e-02   5.8323208e-01
   1.8039188e-02   5.8444714e-01
   1.8172974e-02   5.8687728e-01
   1.8193462e-02   5.8809235e-01
   1.8215556e-02   5.9052248e-01
   1.8310746e-02   5.9295261e-01
   1.8343111e-02   5.9416768e-01
   1.8600676e-02   5.9538275e-01
   1.8625424e-02   5.9659781e-01
   1.8778376e-02   5.9781288e-01
   1.8826541e-02   6.0024301e-01
   1.8833583e-02   6.0145808e-01
   1.8841419e-02   6.0388821e-01
   1.8913209e-02   6.0510328e-01
   1.9028472e-02   6.0753341e-01
   1.9165850e-02   6.0874848e-01
   1.9193967e-02   6.1117861e-01
   1.9350792e-02   6.1482382e-01
   1.9448314e-02   6.1603888e-01
   1.9476671e-02   6.1725395e-01
   1.9482971e-02   6.1846902e-01
   1.9503662e-02   6.2089915e-01
   1.9555087e-02   6.2211422e-01
   1.9563418e-02   6.2332928e-01
   1.9627944e-02   6.2454435e-01
   1.9720938e-02   6.2575942e-01
   1.9723044e-02   6.2697448e-01
   1.9765827e-02   6.2818955e-01
   1.9834319e-02   6.2940462e-01
   1.9850041e-02   6.3061968e-01
   1.9854989e-02   6.3183475e-01
   1.9871608e-02   6.3304982e-01
   1.9967089e-02   6.3426488e-01
   2.0113730e-02   6.3547995e-01
   2.0120580e-02   6.3669502e-01
   2.0191784e-02   6.3791009e-01
   2.0197513e-02   6.3912515e-01
   2.0269846e-02   6.4155529e-01
   2.0425385e-02   6.4277035e-01
   2.0479638e-02   6.4398542e-01
   2.0552416e-02   6.4520049e-01
   2.0701590e-02   6.4641555e-01
   2.0740596e-02   6.4763062e-01
   2.0756263e-02   6.4884569e-01
   2.0774558e-02   6.5006075e-01
   2.0839944e-02   6.5127582e-01
   2.1003403e-02   6.5370595e-01
   2.1113335e-02   6.5492102e-01
   2.1238554e-02   6.5613609e-01
   2.1333335e-02   6.5735115e-01
   2.1383901e-02   6.5856622e-01
   2.1394369e-02   6.5978129e-01
   2.1482380e-02   6.6221142e-01
   2.1527178e-02   6.6342649e-01
   2.1704499e-02   6.6464156e-01
   2.1947288e-02   6.6585662e-01
   2.2018535e-02   6.6707169e-01
   2.2018581e-02   6.7071689e-01
   2.2020762e-02   6.7193196e-01
   2.2029625e-02   6.7314702e-01
   2.2070405e-02   6.7436209e-01
   2.2139280e-02   6.7557716e-01
   2.2162500e-02   6.7679222e-01
   2.2336448e-02   6.7922236e-01
   2.2373615e-02   6.8043742e-01
   2.2426565e-02   6.8165249e-01
   2.2479343e-02   6.8286756e-01
   2.2657337e-02   6.8408262e-01
   2.2825827e-02   6.8529769e-01
   2.2838989e-02   6.8651276e-01
   2.2910742e-02   6.8772783e-01
   2.2929036e-02   6.8894289e-01
   2.3012093e-02   6.9137303e-01
   2.3057820e-02   6.9258809e-01
   2.3062713e-02   6.9380316e-01
   2.3192831e-02   6.9501823e-01
   2.3289545e-02   6.9623329e-01
   2.3294811e-02   6.9744836e-01
   2.3344040e-02   6.9987849e-01
   2.3353709e-02   7.0230863e-01
   2.3612915e-02   7.0352369e-01
   2.3618757e-02   7.0473876e-01
   2.3635831e-02   7.0595383e-01
   2.3642064e-02   7.0716889e-01
   2.3652304e-02   7.0838396e-01
   2.3908120e-02   7.0959903e-01
   2.4142220e-02   7.1081409e-01
   2.4188172e-02   7.1202916e-01
   2.4251225e-02   7.1324423e-01
   2.4581111e-02   7.1445930e-01
   2.4871960e-02   7.1567436e-01
   2.4910377e-02   7.1688943e-01
   2.4958879e-02   7.1931956e-01
   2.5133053e-02   7.2053463e-01
   2.5259827e-02   7.2174970e-01
   2.5309399e-02   7.2296476e-01
   2.5461979e-02   7.2417983e-01
   2.5466365e-02   7.2539490e-01
   2.5505624e-02   7.2660996e-01
   2.5536264e-02   7.2782503e-01
   2.5545672e-02   7.2904010e-01
   2.5625343e-02   7.3025516e-01
   2.5865619e-02   7.3268530e-01
   2.5880464e-02   7.3390036e-01
   2.6138036e-02   7.3511543e-01
   2.6316266e-02   7.3633050e-01
   2.6619730e-02   7.3754557e-01
   2.6665319e-02   7.3876063e-01
   2.6783164e-02   7.3997570e-01
   2.6826121e-02   7.4119077e-01
   2.6882109e-02   7.4240583e-01
   2.6910478e-02   7.4362090e-01
   2.6999614e-02   7.4605103e-01
   2.7134903e-02   7.4726610e-01
   2.7144667e-02   7.4848117e-01
   2.7149323e-02   7.4969623e-01
   2.7171706e-02   7.5091130e-01
   2.7439955e-02   7.5212637e-01
   2.7640733e-02   7.5334143e-01
   2.7725089e-02   7.5455650e-01
   2.7763412e-02   7.5577157e-01
   2.7763426e-02   7.5698663e-01
   2.7770808e-02   7.5820170e-01
   2.7791136e-02   7.5941677e-01
   2.7842073e-02   7.6063183e-01
   2.7846420e-02   7.6184690e-01
   2.8022719e-02   7.6306197e-01
   2.8086091e-02   7.6427704e-01
   2.8087984e-02   7.6549210e-01
   2.8304591e-02   7.6670717e-01
   2.8347138e-02   7.6792224e-01
   2.8433396e-02   7.6913730e-01
   2.8436995e-02   7.7035237e-01
   2.8444927e-02   7.7156744e-01
   2.8449141e-02   7.7278250e-01
   2.8552686e-02   7.7399757e-01
   2.9041028e-02   7.7521264e-01
   2.9085884e-02   7.7642770e-01
   2.9285361e-02   7.7764277e-01
   2.9366028e-02   7.7885784e-01
   2.9389611e-02   7.8007290e-01
   2.9436692e-02   7.8128797e-01
   2.9686008e-02   7.8250304e-01
   2.9687538e-02   7.8371810e-01
   2.9738486e-02   7.8493317e-01
   2.9771752e-02   7.8614824e-01
   3.0117452e-02   7.8736330e-01
   3.0167101e-02   7.8979344e-01
   3.0472870e-02   7.9100851e-01
   3.0510971e-02   7.9222357e-01
   3.0774351e-02   7.9343864e-01
   3.0828623e-02   7.9465371e-01
   3.0999503e-02   7.9586877e-01
   3.1040784e-02   7.9708384e-01
   3.1104537e-02   7.9829891e-01
   3.1253880e-02   7.9951397e-01
   3.1272956e-02   8.0072904e-01
   3.1311012e-02   8.0194411e-01
   3.1352461e-02   8.0315917e-01
   3.1367806e-02   8.0437424e-01
   3.1404038e-02   8.0558931e-01
   3.1698344e-02   8.0680437e-01
   3.1914654e-02   8.0801944e-01
   3.1953503e-02   8.0923451e-01
   3.1984640e-02   8.1044957e-01
   3.2105709e-02   8.1166464e-01
   3.2472030e-02   8.1409478e-01
   3.2655168e-02   8.1530984e-01
   3.2661326e-02   8.1652491e-01
   3.2793938e-02   8.1773998e-01
   3.2838068e-02   8.1895504e-01
   3.3331302e-02   8.2017011e-01
   3.3404139e-02   8.2138518e-01
   3.3566391e-02   8.2260024e-01
   3.3947726e-02   8.2381531e-01
   3.4040034e-02   8.2503038e-01
   3.4045234e-02   8.2624544e-01
   3.4179207e-02   8.2746051e-01
   3.4462004e-02   8.2867558e-01
   3.4611499e-02   8.2989064e-01
   3.4616093e-02   8.3110571e-01
   3.4686381e-02   8.3232078e-01
   3.4804782e-02   8.3353584e-01
   3.5045292e-02   8.3475091e-01
   3.5173858e-02   8.3596598e-01
   3.5230283e-02   8.3718104e-01
   3.5257907e-02   8.3839611e-01
   3.5357785e-02   8.3961118e-01
   3.5445136e-02   8.4082625e-01
   3.5899769e-02   8.4325638e-01
   3.6430872e-02   8.4447145e-01
   3.6608984e-02   8.4690158e-01
   3.6875595e-02   8.4811665e-01
   3.7145224e-02   8.4933171e-01
   3.7250848e-02   8.5054678e-01
   3.7537297e-02   8.5176185e-01
   3.7636178e-02   8.5297691e-01
   3.7690652e-02   8.5419198e-01
   3.7891682e-02   8.5540705e-01
   3.7985461e-02   8.5662211e-01
   3.8067287e-02   8.5783718e-01
   3.8291132e-02   8.5905225e-01
   3.8438656e-02   8.6026731e-01
   3.8518077e-02   8.6148238e-01
   3.9007885e-02   8.6269745e-01
   3.9051504e-02   8.6391252e-01
   3.9464218e-02   8.6512758e-01
   3.9549571e-02   8.6634265e-01
   4.0083015e-02   8.6755772e-01
   4.0568809e-02   8.6877278e-01
   4.1037456e-02   8.7120292e-01
   4.1050519e-02   8.7241798e-01
   4.1252466e-02   8.7363305e-01
   4.1411585e-02   8.7484812e-01
   4.1911965e-02   8.7606318e-01
   4.1929806e-02   8.7727825e-01
   4.2192746e-02   8.7849332e-01
   4.2303197e-02   8.7970838e-01
   4.2401151e-02   8.8092345e-01
   4.2458094e-02   8.8213852e-01
   4.2458568e-02   8.8335358e-01
   4.2769029e-02   8.8456865e-01
   4.3183189e-02   8.8578372e-01
   4.3250943e-02   8.8699878e-01
   4.3348890e-02   8.8821385e-01
   4.3725555e-02   8.8942892e-01
   4.3818976e-02   8.9064399e-01
   4.3866227e-02   8.9185905e-01
   4.4502515e-02   8.9307412e-01
   4.4992324e-02   8.9428919e-01
   4.5432687e-02   8.9550425e-01
   4.5723401e-02   8.9671932e-01
   4.6057587e-02   8.9793439e-01
   4.6076741e-02   8.9914945e-01
   4.6621171e-02   9.0036452e-01
   4.6940040e-02   9.0157959e-01
   4.7872226e-02   9.0279465e-01
   4.7888428e-02   9.0400972e-01
   4.8336381e-02   9.0522479e-01
   4.8373584e-02   9.0643985e-01
   4.8522093e-02   9.0765492e-01
   4.9023169e-02   9.0886999e-01
   4.9483031e-02   9.1008505e-01
   4.9851040e-02   9.1130012e-01
   5.0522349e-02   9.1251519e-01
   5.0557795e-02   9.1373026e-01
   5.0903958e-02   9.1494532e-01
   5.1594460e-02   9.1616039e-01
   5.1835893e-02   9.1737546e-01
   5.2461969e-02   9.1859052e-01
   5.2479283e-02   9.1980559e-01
   5.2706082e-02   9.2102066e-01
   5.2818151e-02   9.2223572e-01
   5.3166743e-02   9.2345079e-01
   5.4842818e-02   9.2466586e-01
   5.4877869e-02   9.2588092e-01
   5.4893731e-02   9.2709599e-01
   5.5046521e-02   9.2831106e-01
   5.5082472e-02   9.2952612e-01
   5.5281015e-02   9.3074119e-01
   5.6634347e-02   9.3195626e-01
   5.6693830e-02   9.3317132e-01
   5.8161560e-02   9.3438639e-01
   5.8222050e-02   9.3560146e-01
   5.8751577e-02   9.3681652e-01
   5.8883310e-02   9.3803159e-01
   5.9544056e-02   9.3924666e-01
   5.9672862e-02   9.4046173e-01
   5.9730000e-02   9.4167679e-01
   6.0654186e-02   9.4289186e-01
   6.0689669e-02   9.4410693e-01
   6.1014675e-02   9.4532199e-01
   6.1451886e-02   9.4653706e-01
   6.1728189e-02   9.4775213e-01
   6.4147490e-02   9.4896719e-01
   6.4374918e-02   9.5018226e-01
   6.5733501e-02   9.5139733e-01
   6.8199864e-02   9.5261239e-01
   6.8268633e-02   9.5382746e-01
   6.8311270e-02   9.5504253e-01
   6.8911678e-02   9.5625759e-01
   6.8986132e-02   9.5747266e-01
   6.9428085e-02   9.5868773e-01
   7.2954154e-02   9.5990279e-01
   7.6261877e-02   9.6111786e-01
   7.6429285e-02   9.6233293e-01
   7.8536713e-02   9.6354800e-01
   8.1077628e-02   9.6476306e-01
   8.2655288e-02   9.6597813e-01
   8.3732910e-02   9.6719320e-01
   8.3887700e-02   9.6840826e-01
   8.7140436e-02   9.6962333e-01
   8.7635618e-02   9.7083840e-01
   8.8426025e-02   9.7205346e-01
   8.8880480e-02   9.7326853e-01
   8.9663388e-02   9.7448360e-01
   9.1007490e-02   9.7569866e-01
   9.7777062e-02   9.7691373e-01
   9.9905066e-02   9.7812880e-01
   1.0122455e-01   9.7934386e-01
   1.0133842e-01   9.8055893e-01
   1.0333840e-01   9.8177400e-01
   1.0533145e-01   9.8298906e-01
   1.0551788e-01   9.8420413e-01
   1.0905601e-01   9.8541920e-01
   1.1193915e-01   9.8663426e-01
   1.1307879e-01   9.8784933e-01
   1.1604176e-01   9.8906440e-01
   1.1876213e-01   9.9027947e-01
   1.2853581e-01   9.9149453e-01
   1.2860256e-01   9.9270960e-01
   1.3408469e-01   9.9392467e-01
   1.7429731e-01   9.9513973e-01
   2.5308854e-01   9.9635480e-01
   2.5870876e-01   9.9756987e-01
   2.9060600e-01   9.9878493e-01
   3.9760735e-01   1.0000000e+00
