   3.9232000e-03   0.0000000e+00
   3.9232000e-03   2.1881838e-03
   4.2800000e-03   8.7527352e-03
   4.6368000e-03   1.0940919e-02
   4.9936000e-03   2.1881838e-02
   5.3496000e-03   3.0634573e-02
   5.7064000e-03   4.3763676e-02
   6.0632000e-03   5.2516411e-02
   6.4200000e-03   8.0962801e-02
   6.7768000e-03   9.1903720e-02
   7.1336000e-03   1.0065646e-01
   7.4896000e-03   1.2691466e-01
   7.8464000e-03   1.5098468e-01
   8.2032000e-03   1.6630197e-01
   8.5600000e-03   1.7724289e-01
   8.9168000e-03   1.9037199e-01
   9.2736000e-03   2.0350109e-01
   9.6296000e-03   2.1444201e-01
   9.9864000e-03   2.3413567e-01
   1.0343200e-02   2.6477024e-01
   1.0700000e-02   2.7133479e-01
   1.1056800e-02   2.8665208e-01
   1.1413600e-02   3.0196937e-01
   1.1769600e-02   3.2603939e-01
   1.2126400e-02   3.3916849e-01
   1.2483200e-02   3.5448578e-01
   1.2840000e-02   3.7636761e-01
   1.3196800e-02   3.8730853e-01
   1.3553600e-02   3.9824945e-01
   1.3909600e-02   4.0481400e-01
   1.4266400e-02   4.1794311e-01
   1.4623200e-02   4.2888403e-01
   1.4980000e-02   4.3763676e-01
   1.5336800e-02   4.4420131e-01
   1.5693600e-02   4.5076586e-01
   1.6049600e-02   4.7045952e-01
   1.6406400e-02   4.8577681e-01
   1.6763200e-02   5.0984683e-01
   1.7120000e-02   5.2078775e-01
   1.7476800e-02   5.2516411e-01
   1.7833600e-02   5.3391685e-01
   1.8189600e-02   5.3610503e-01
   1.8546400e-02   5.5142232e-01
   1.8903200e-02   5.5361050e-01
   1.9260000e-02   5.6673961e-01
   1.9616800e-02   5.7111597e-01
   1.9973600e-02   5.7768053e-01
   2.0329600e-02   5.9737418e-01
   2.0686400e-02   6.0393873e-01
   2.1043200e-02   6.0831510e-01
   2.1756800e-02   6.1487965e-01
   2.2113600e-02   6.1706783e-01
   2.2469600e-02   6.2582057e-01
   2.3183200e-02   6.3457330e-01
   2.3896800e-02   6.3894967e-01
   2.4252800e-02   6.4551422e-01
   2.4609600e-02   6.4770241e-01
   2.4966400e-02   6.6083151e-01
   2.5323200e-02   6.6301969e-01
   2.5680000e-02   6.7177243e-01
   2.6036800e-02   6.8052516e-01
   2.6392800e-02   6.8490153e-01
   2.6749600e-02   6.8927790e-01
   2.7106400e-02   6.9146608e-01
   2.7463200e-02   7.0021882e-01
   2.7820000e-02   7.0459519e-01
   2.8176800e-02   7.1115974e-01
   2.8889600e-02   7.1334792e-01
   2.9246400e-02   7.1553611e-01
   2.9603200e-02   7.1772429e-01
   2.9960000e-02   7.1991247e-01
   3.0316800e-02   7.2647702e-01
   3.0673600e-02   7.3741794e-01
   3.1029600e-02   7.4398249e-01
   3.1386400e-02   7.4835886e-01
   3.2100000e-02   7.5054705e-01
   3.2456800e-02   7.5492341e-01
   3.2812800e-02   7.5929978e-01
   3.3883200e-02   7.6148796e-01
   3.4240000e-02   7.6586433e-01
   3.4596800e-02   7.6805252e-01
   3.5309600e-02   7.7024070e-01
   3.5666400e-02   7.7242888e-01
   3.6023200e-02   7.7461707e-01
   3.6380000e-02   7.8336980e-01
   3.6736800e-02   7.8993435e-01
   3.7092800e-02   8.0087527e-01
   3.7449600e-02   8.0306346e-01
   3.7806400e-02   8.0525164e-01
   3.8876800e-02   8.0743982e-01
   3.9589600e-02   8.1181619e-01
   4.0303200e-02   8.1400438e-01
   4.0660000e-02   8.1838074e-01
   4.1016800e-02   8.2056893e-01
   4.1372800e-02   8.2494530e-01
   4.1729600e-02   8.2713348e-01
   4.2086400e-02   8.2932166e-01
   4.3512800e-02   8.3369803e-01
   4.4226400e-02   8.4245077e-01
   4.4583200e-02   8.4463895e-01
   4.4940000e-02   8.5120350e-01
   4.5296800e-02   8.5339168e-01
   4.6009600e-02   8.5776805e-01
   4.6366400e-02   8.5995624e-01
   4.6723200e-02   8.6214442e-01
   4.7080000e-02   8.6433260e-01
   4.7436800e-02   8.6870897e-01
   4.7792800e-02   8.7089716e-01
   4.8149600e-02   8.7308534e-01
   4.8506400e-02   8.7527352e-01
   4.8863200e-02   8.7746171e-01
   4.9220000e-02   8.7964989e-01
   4.9932800e-02   8.8402626e-01
   5.0289600e-02   8.8621444e-01
   5.0646400e-02   8.9059081e-01
   5.1003200e-02   8.9277899e-01
   5.1360000e-02   8.9934354e-01
   5.1716800e-02   9.0153173e-01
   5.2429600e-02   9.0371991e-01
   5.4569600e-02   9.0809628e-01
   5.4926400e-02   9.1028446e-01
   5.5283200e-02   9.1247265e-01
   5.5640000e-02   9.1466083e-01
   5.6709600e-02   9.1684902e-01
   5.7423200e-02   9.1903720e-01
   5.8136000e-02   9.2122538e-01
   5.9206400e-02   9.2341357e-01
   5.9563200e-02   9.2778993e-01
   6.1346400e-02   9.2997812e-01
   6.3486400e-02   9.3216630e-01
   6.5269600e-02   9.3654267e-01
   6.7766400e-02   9.4091904e-01
   6.8836000e-02   9.4310722e-01
   6.9192800e-02   9.4529540e-01
   6.9549600e-02   9.4748359e-01
   7.0620000e-02   9.4967177e-01
   7.2760000e-02   9.5404814e-01
   7.4186400e-02   9.5623632e-01
   7.5612800e-02   9.5842451e-01
   7.9536000e-02   9.6061269e-01
   7.9892800e-02   9.6280088e-01
   8.4886400e-02   9.6498906e-01
   8.7383200e-02   9.6717724e-01
   8.7740000e-02   9.6936543e-01
   8.8452800e-02   9.7155361e-01
   8.8809600e-02   9.7374179e-01
   8.9166400e-02   9.7592998e-01
   9.3089600e-02   9.7811816e-01
   9.9866400e-02   9.8030635e-01
   1.0771280e-01   9.8468271e-01
   1.0878320e-01   9.8687090e-01
   1.2162320e-01   9.8905908e-01
   1.3053920e-01   9.9124726e-01
   1.5693280e-01   9.9343545e-01
   1.6763280e-01   9.9562363e-01
   1.7619280e-01   9.9781182e-01
   1.8439600e-01   1.0000000e+00
