   4.9124795e-03   0.0000000e+00
   4.9124795e-03   9.1324201e-04
   5.8145955e-03   1.8264840e-03
   6.1228888e-03   2.7397260e-03
   6.2215099e-03   3.6529680e-03
   6.3707372e-03   4.5662100e-03
   6.7756419e-03   5.4794521e-03
   6.9269954e-03   6.3926941e-03
   7.2363261e-03   7.3059361e-03
   7.4502280e-03   9.1324201e-03
   7.5567893e-03   1.0045662e-02
   7.6389745e-03   1.0958904e-02
   7.6699772e-03   1.1872146e-02
   7.8858810e-03   1.2785388e-02
   8.0037801e-03   1.3698630e-02
   8.0169472e-03   1.4611872e-02
   8.2954287e-03   1.5525114e-02
   8.3705312e-03   1.6438356e-02
   8.3834376e-03   1.7351598e-02
   8.4413908e-03   1.8264840e-02
   8.5554245e-03   1.9178082e-02
   8.5577037e-03   2.1004566e-02
   8.5688016e-03   2.1917808e-02
   8.5904264e-03   2.2831050e-02
   8.5955336e-03   2.3744292e-02
   8.7292346e-03   2.4657534e-02
   8.7778943e-03   2.7397260e-02
   8.8281332e-03   2.8310502e-02
   8.8417519e-03   2.9223744e-02
   8.8496523e-03   3.1963470e-02
   8.9065196e-03   3.4703196e-02
   8.9195351e-03   3.5616438e-02
   8.9970547e-03   3.6529680e-02
   9.1058896e-03   3.8356164e-02
   9.1205906e-03   3.9269406e-02
   9.1332252e-03   4.0182648e-02
   9.1946929e-03   4.1095890e-02
   9.2260740e-03   4.2009132e-02
   9.2765672e-03   4.3835616e-02
   9.3807931e-03   4.6575342e-02
   9.3891667e-03   4.8401826e-02
   9.4053646e-03   4.9315068e-02
   9.4299272e-03   5.0228311e-02
   9.4620705e-03   5.1141553e-02
   9.4632758e-03   5.2968037e-02
   9.4700457e-03   5.4794521e-02
   9.6379120e-03   5.5707763e-02
   9.6560088e-03   5.7534247e-02
   9.6735377e-03   5.8447489e-02
   9.7453561e-03   5.9360731e-02
   9.7819902e-03   6.1187215e-02
   9.8171693e-03   6.2100457e-02
   9.8242768e-03   6.3013699e-02
   9.8351216e-03   6.3926941e-02
   9.8868994e-03   6.4840183e-02
   9.9338511e-03   6.5753425e-02
   9.9371138e-03   6.6666667e-02
   9.9617529e-03   6.8493151e-02
   9.9719807e-03   7.0319635e-02
   1.0020578e-02   7.3059361e-02
   1.0037827e-02   7.3972603e-02
   1.0108607e-02   7.4885845e-02
   1.0207307e-02   7.5799087e-02
   1.0221338e-02   7.7625571e-02
   1.0223622e-02   7.8538813e-02
   1.0265002e-02   8.0365297e-02
   1.0271252e-02   8.1278539e-02
   1.0347549e-02   8.3105023e-02
   1.0373563e-02   8.4018265e-02
   1.0441196e-02   8.6757991e-02
   1.0453369e-02   8.7671233e-02
   1.0486436e-02   8.8584475e-02
   1.0487301e-02   8.9497717e-02
   1.0515734e-02   9.2237443e-02
   1.0517105e-02   9.4063927e-02
   1.0572808e-02   9.5890411e-02
   1.0663968e-02   9.6803653e-02
   1.0748247e-02   9.7716895e-02
   1.0775770e-02   9.8630137e-02
   1.0780418e-02   9.9543379e-02
   1.0811775e-02   1.0319635e-01
   1.0821557e-02   1.0593607e-01
   1.0880934e-02   1.0684932e-01
   1.0923361e-02   1.0776256e-01
   1.0978166e-02   1.0867580e-01
   1.0996320e-02   1.0958904e-01
   1.1040536e-02   1.1141553e-01
   1.1060622e-02   1.1232877e-01
   1.1073112e-02   1.1598174e-01
   1.1092675e-02   1.1689498e-01
   1.1102201e-02   1.1780822e-01
   1.1124431e-02   1.1872146e-01
   1.1132867e-02   1.2146119e-01
   1.1220532e-02   1.2237443e-01
   1.1220940e-02   1.2328767e-01
   1.1279224e-02   1.2420091e-01
   1.1286644e-02   1.2511416e-01
   1.1319528e-02   1.2785388e-01
   1.1330933e-02   1.3059361e-01
   1.1333782e-02   1.3150685e-01
   1.1354280e-02   1.3242009e-01
   1.1377542e-02   1.3333333e-01
   1.1430102e-02   1.3424658e-01
   1.1451619e-02   1.3607306e-01
   1.1457919e-02   1.3698630e-01
   1.1474060e-02   1.3881279e-01
   1.1505679e-02   1.3972603e-01
   1.1551446e-02   1.4155251e-01
   1.1587297e-02   1.4246575e-01
   1.1595182e-02   1.4337900e-01
   1.1606637e-02   1.4429224e-01
   1.1628615e-02   1.4703196e-01
   1.1677144e-02   1.4794521e-01
   1.1689623e-02   1.5068493e-01
   1.1724449e-02   1.5251142e-01
   1.1827531e-02   1.5525114e-01
   1.1864318e-02   1.5707763e-01
   1.1888290e-02   1.5799087e-01
   1.1888523e-02   1.6073059e-01
   1.1898742e-02   1.6164384e-01
   1.1934133e-02   1.6347032e-01
   1.1954313e-02   1.6438356e-01
   1.2035410e-02   1.6529680e-01
   1.2093267e-02   1.6621005e-01
   1.2106866e-02   1.6712329e-01
   1.2148938e-02   1.6894977e-01
   1.2185804e-02   1.6986301e-01
   1.2230022e-02   1.7077626e-01
   1.2245778e-02   1.7351598e-01
   1.2416884e-02   1.7534247e-01
   1.2418148e-02   1.7716895e-01
   1.2419122e-02   1.7808219e-01
   1.2441685e-02   1.7899543e-01
   1.2443219e-02   1.7990868e-01
   1.2490688e-02   1.8264840e-01
   1.2547853e-02   1.8447489e-01
   1.2564241e-02   1.8538813e-01
   1.2568527e-02   1.8630137e-01
   1.2574981e-02   1.8721461e-01
   1.2576834e-02   1.8812785e-01
   1.2666923e-02   1.8904110e-01
   1.2690353e-02   1.8995434e-01
   1.2701586e-02   1.9360731e-01
   1.2733823e-02   1.9452055e-01
   1.2796962e-02   1.9543379e-01
   1.2879978e-02   1.9634703e-01
   1.2887847e-02   1.9908676e-01
   1.2912659e-02   2.0000000e-01
   1.2927936e-02   2.0091324e-01
   1.2967842e-02   2.0182648e-01
   1.2970886e-02   2.0365297e-01
   1.2989175e-02   2.0456621e-01
   1.3047305e-02   2.0639269e-01
   1.3102984e-02   2.1004566e-01
   1.3120778e-02   2.1187215e-01
   1.3129005e-02   2.1369863e-01
   1.3186382e-02   2.1461187e-01
   1.3194253e-02   2.1643836e-01
   1.3242499e-02   2.1735160e-01
   1.3281286e-02   2.1917808e-01
   1.3334989e-02   2.2009132e-01
   1.3337110e-02   2.2100457e-01
   1.3359215e-02   2.2465753e-01
   1.3412034e-02   2.2557078e-01
   1.3440829e-02   2.2648402e-01
   1.3518586e-02   2.2739726e-01
   1.3524028e-02   2.2831050e-01
   1.3576396e-02   2.2922374e-01
   1.3602832e-02   2.3013699e-01
   1.3603343e-02   2.3196347e-01
   1.3638783e-02   2.3287671e-01
   1.3652210e-02   2.3561644e-01
   1.3677425e-02   2.3652968e-01
   1.3773632e-02   2.3835616e-01
   1.3775982e-02   2.3926941e-01
   1.3799495e-02   2.4018265e-01
   1.3823331e-02   2.4109589e-01
   1.3825816e-02   2.4200913e-01
   1.3831701e-02   2.4292237e-01
   1.3874905e-02   2.4383562e-01
   1.3890387e-02   2.4566210e-01
   1.3915971e-02   2.4657534e-01
   1.4000955e-02   2.4748858e-01
   1.4026479e-02   2.4931507e-01
   1.4069883e-02   2.5022831e-01
   1.4106774e-02   2.5114155e-01
   1.4108043e-02   2.5205479e-01
   1.4160519e-02   2.5388128e-01
   1.4188199e-02   2.5479452e-01
   1.4234080e-02   2.5570776e-01
   1.4328813e-02   2.5662100e-01
   1.4348783e-02   2.5753425e-01
   1.4380984e-02   2.5936073e-01
   1.4409726e-02   2.6118721e-01
   1.4564810e-02   2.6210046e-01
   1.4621513e-02   2.6301370e-01
   1.4631542e-02   2.6484018e-01
   1.4632127e-02   2.6575342e-01
   1.4717166e-02   2.6757991e-01
   1.4736756e-02   2.6849315e-01
   1.4789433e-02   2.6940639e-01
   1.4790647e-02   2.7123288e-01
   1.4882868e-02   2.7214612e-01
   1.4900507e-02   2.7488584e-01
   1.4917942e-02   2.7579909e-01
   1.4958618e-02   2.7671233e-01
   1.4997489e-02   2.7762557e-01
   1.4998698e-02   2.7945205e-01
   1.5018720e-02   2.8036530e-01
   1.5029408e-02   2.8219178e-01
   1.5095096e-02   2.8310502e-01
   1.5113579e-02   2.8401826e-01
   1.5115790e-02   2.8493151e-01
   1.5130662e-02   2.8675799e-01
   1.5162669e-02   2.8767123e-01
   1.5172988e-02   2.8949772e-01
   1.5180450e-02   2.9041096e-01
   1.5200606e-02   2.9132420e-01
   1.5256500e-02   2.9315068e-01
   1.5273228e-02   2.9406393e-01
   1.5440509e-02   2.9497717e-01
   1.5453896e-02   2.9680365e-01
   1.5457149e-02   2.9863014e-01
   1.5478476e-02   2.9954338e-01
   1.5501495e-02   3.0045662e-01
   1.5522416e-02   3.0136986e-01
   1.5557308e-02   3.0228311e-01
   1.5586165e-02   3.0319635e-01
   1.5642879e-02   3.0410959e-01
   1.5646291e-02   3.0593607e-01
   1.5669371e-02   3.0684932e-01
   1.5684712e-02   3.0776256e-01
   1.5730014e-02   3.0867580e-01
   1.5740955e-02   3.1050228e-01
   1.5754283e-02   3.1141553e-01
   1.5772399e-02   3.1232877e-01
   1.5835337e-02   3.1324201e-01
   1.5903383e-02   3.1506849e-01
   1.5943534e-02   3.1598174e-01
   1.5974133e-02   3.1689498e-01
   1.6013553e-02   3.1963470e-01
   1.6017813e-02   3.2054795e-01
   1.6033272e-02   3.2146119e-01
   1.6078818e-02   3.2237443e-01
   1.6107717e-02   3.2420091e-01
   1.6142846e-02   3.2511416e-01
   1.6164982e-02   3.2602740e-01
   1.6167718e-02   3.2785388e-01
   1.6278558e-02   3.2876712e-01
   1.6295054e-02   3.2968037e-01
   1.6327229e-02   3.3059361e-01
   1.6364695e-02   3.3150685e-01
   1.6459271e-02   3.3242009e-01
   1.6476354e-02   3.3333333e-01
   1.6552704e-02   3.3515982e-01
   1.6558783e-02   3.3607306e-01
   1.6561389e-02   3.3698630e-01
   1.6588725e-02   3.3789954e-01
   1.6591009e-02   3.3881279e-01
   1.6634659e-02   3.3972603e-01
   1.6638262e-02   3.4063927e-01
   1.6662531e-02   3.4155251e-01
   1.6685801e-02   3.4246575e-01
   1.6703994e-02   3.4429224e-01
   1.6739961e-02   3.4520548e-01
   1.6782154e-02   3.4611872e-01
   1.6787994e-02   3.4703196e-01
   1.6816675e-02   3.4794521e-01
   1.6825642e-02   3.4885845e-01
   1.6830928e-02   3.5068493e-01
   1.6850419e-02   3.5251142e-01
   1.6883963e-02   3.5342466e-01
   1.6887121e-02   3.5433790e-01
   1.6930323e-02   3.5525114e-01
   1.6935425e-02   3.5616438e-01
   1.6943175e-02   3.5707763e-01
   1.7001556e-02   3.5799087e-01
   1.7008738e-02   3.5890411e-01
   1.7010946e-02   3.6073059e-01
   1.7097998e-02   3.6255708e-01
   1.7104069e-02   3.6529680e-01
   1.7108542e-02   3.6803653e-01
   1.7111975e-02   3.6986301e-01
   1.7115407e-02   3.7077626e-01
   1.7144261e-02   3.7260274e-01
   1.7179736e-02   3.7351598e-01
   1.7208481e-02   3.7442922e-01
   1.7229872e-02   3.7534247e-01
   1.7304719e-02   3.7625571e-01
   1.7381250e-02   3.7716895e-01
   1.7404776e-02   3.7899543e-01
   1.7416390e-02   3.8082192e-01
   1.7458066e-02   3.8173516e-01
   1.7478839e-02   3.8264840e-01
   1.7486849e-02   3.8356164e-01
   1.7499259e-02   3.8447489e-01
   1.7555140e-02   3.8630137e-01
   1.7573350e-02   3.8721461e-01
   1.7631398e-02   3.8812785e-01
   1.7633695e-02   3.8904110e-01
   1.7643348e-02   3.9086758e-01
   1.7656865e-02   3.9178082e-01
   1.7661100e-02   3.9269406e-01
   1.7669048e-02   3.9360731e-01
   1.7723238e-02   3.9452055e-01
   1.7779835e-02   3.9543379e-01
   1.7807545e-02   3.9634703e-01
   1.7812512e-02   3.9726027e-01
   1.7895128e-02   3.9817352e-01
   1.7896875e-02   3.9908676e-01
   1.7905550e-02   4.0000000e-01
   1.7932414e-02   4.0091324e-01
   1.7937500e-02   4.0182648e-01
   1.7999318e-02   4.0456621e-01
   1.8037525e-02   4.0547945e-01
   1.8109998e-02   4.0730594e-01
   1.8148276e-02   4.0821918e-01
   1.8186395e-02   4.1004566e-01
   1.8202426e-02   4.1095890e-01
   1.8208804e-02   4.1187215e-01
   1.8211167e-02   4.1278539e-01
   1.8223973e-02   4.1369863e-01
   1.8304015e-02   4.1552511e-01
   1.8327520e-02   4.1735160e-01
   1.8388948e-02   4.1826484e-01
   1.8451022e-02   4.1917808e-01
   1.8493596e-02   4.2009132e-01
   1.8519416e-02   4.2100457e-01
   1.8549729e-02   4.2283105e-01
   1.8552448e-02   4.2374429e-01
   1.8621406e-02   4.2465753e-01
   1.8686654e-02   4.2557078e-01
   1.8743351e-02   4.2648402e-01
   1.8777906e-02   4.2739726e-01
   1.8778333e-02   4.2831050e-01
   1.8860513e-02   4.2922374e-01
   1.8925950e-02   4.3105023e-01
   1.8926177e-02   4.3196347e-01
   1.8972585e-02   4.3378995e-01
   1.9032376e-02   4.3470320e-01
   1.9070167e-02   4.3652968e-01
   1.9096893e-02   4.3744292e-01
   1.9131575e-02   4.3835616e-01
   1.9140938e-02   4.3926941e-01
   1.9169262e-02   4.4018265e-01
   1.9218575e-02   4.4109589e-01
   1.9243357e-02   4.4200913e-01
   1.9310754e-02   4.4292237e-01
   1.9314538e-02   4.4383562e-01
   1.9326046e-02   4.4566210e-01
   1.9416984e-02   4.4657534e-01
   1.9459632e-02   4.4748858e-01
   1.9465695e-02   4.4840183e-01
   1.9490368e-02   4.4931507e-01
   1.9557503e-02   4.5022831e-01
   1.9563980e-02   4.5114155e-01
   1.9592226e-02   4.5205479e-01
   1.9598798e-02   4.5296804e-01
   1.9612388e-02   4.5388128e-01
   1.9667890e-02   4.5570776e-01
   1.9669170e-02   4.5662100e-01
   1.9726492e-02   4.5753425e-01
   1.9733941e-02   4.5844749e-01
   1.9851813e-02   4.5936073e-01
   1.9864764e-02   4.6027397e-01
   1.9867702e-02   4.6118721e-01
   1.9887832e-02   4.6301370e-01
   1.9888861e-02   4.6392694e-01
   1.9900141e-02   4.6484018e-01
   1.9984953e-02   4.6575342e-01
   1.9992741e-02   4.6666667e-01
   2.0041595e-02   4.6849315e-01
   2.0076087e-02   4.6940639e-01
   2.0094224e-02   4.7031963e-01
   2.0111653e-02   4.7123288e-01
   2.0180870e-02   4.7214612e-01
   2.0224150e-02   4.7305936e-01
   2.0244999e-02   4.7397260e-01
   2.0306093e-02   4.7488584e-01
   2.0328045e-02   4.7579909e-01
   2.0385510e-02   4.7671233e-01
   2.0393319e-02   4.7762557e-01
   2.0421062e-02   4.7945205e-01
   2.0442118e-02   4.8036530e-01
   2.0444542e-02   4.8127854e-01
   2.0478836e-02   4.8219178e-01
   2.0529461e-02   4.8310502e-01
   2.0548235e-02   4.8401826e-01
   2.0676991e-02   4.8493151e-01
   2.0692256e-02   4.8584475e-01
   2.0692992e-02   4.8675799e-01
   2.0706555e-02   4.8767123e-01
   2.0762280e-02   4.8858447e-01
   2.0772554e-02   4.8949772e-01
   2.0780406e-02   4.9041096e-01
   2.0781816e-02   4.9132420e-01
   2.0784213e-02   4.9223744e-01
   2.0800794e-02   4.9315068e-01
   2.0973488e-02   4.9406393e-01
   2.0974058e-02   4.9497717e-01
   2.0997062e-02   4.9589041e-01
   2.1007039e-02   4.9680365e-01
   2.1008655e-02   4.9771689e-01
   2.1034210e-02   4.9863014e-01
   2.1121586e-02   4.9954338e-01
   2.1137657e-02   5.0045662e-01
   2.1144506e-02   5.0136986e-01
   2.1148278e-02   5.0228311e-01
   2.1160657e-02   5.0319635e-01
   2.1229057e-02   5.0410959e-01
   2.1243827e-02   5.0502283e-01
   2.1245106e-02   5.0593607e-01
   2.1260911e-02   5.0684932e-01
   2.1289464e-02   5.0776256e-01
   2.1291293e-02   5.1050228e-01
   2.1296746e-02   5.1141553e-01
   2.1350432e-02   5.1232877e-01
   2.1352205e-02   5.1324201e-01
   2.1383141e-02   5.1415525e-01
   2.1462284e-02   5.1506849e-01
   2.1496494e-02   5.1598174e-01
   2.1518406e-02   5.1689498e-01
   2.1523381e-02   5.1780822e-01
   2.1528347e-02   5.1872146e-01
   2.1551540e-02   5.1963470e-01
   2.1562671e-02   5.2054795e-01
   2.1590198e-02   5.2146119e-01
   2.1640322e-02   5.2237443e-01
   2.1659269e-02   5.2328767e-01
   2.1686351e-02   5.2420091e-01
   2.1730991e-02   5.2511416e-01
   2.1789533e-02   5.2602740e-01
   2.1794439e-02   5.2785388e-01
   2.1801722e-02   5.2876712e-01
   2.1806128e-02   5.2968037e-01
   2.1822683e-02   5.3059361e-01
   2.1830886e-02   5.3150685e-01
   2.1831343e-02   5.3242009e-01
   2.1869795e-02   5.3333333e-01
   2.1892466e-02   5.3607306e-01
   2.1903554e-02   5.3698630e-01
   2.2070632e-02   5.3881279e-01
   2.2073714e-02   5.3972603e-01
   2.2090735e-02   5.4063927e-01
   2.2107233e-02   5.4155251e-01
   2.2166349e-02   5.4246575e-01
   2.2199094e-02   5.4337900e-01
   2.2204039e-02   5.4429224e-01
   2.2249524e-02   5.4520548e-01
   2.2305933e-02   5.4611872e-01
   2.2346637e-02   5.4703196e-01
   2.2350735e-02   5.4794521e-01
   2.2354915e-02   5.4977169e-01
   2.2357714e-02   5.5068493e-01
   2.2369664e-02   5.5159817e-01
   2.2377722e-02   5.5433790e-01
   2.2397271e-02   5.5525114e-01
   2.2409756e-02   5.5616438e-01
   2.2448819e-02   5.5707763e-01
   2.2508757e-02   5.5981735e-01
   2.2556220e-02   5.6073059e-01
   2.2574001e-02   5.6164384e-01
   2.2597307e-02   5.6255708e-01
   2.2635653e-02   5.6347032e-01
   2.2661873e-02   5.6438356e-01
   2.2669747e-02   5.6529680e-01
   2.2743338e-02   5.6621005e-01
   2.2770049e-02   5.6803653e-01
   2.2822491e-02   5.6894977e-01
   2.2948140e-02   5.6986301e-01
   2.2965846e-02   5.7077626e-01
   2.2981261e-02   5.7168950e-01
   2.2996557e-02   5.7260274e-01
   2.3106568e-02   5.7351598e-01
   2.3187893e-02   5.7442922e-01
   2.3189815e-02   5.7534247e-01
   2.3226156e-02   5.7625571e-01
   2.3345192e-02   5.7716895e-01
   2.3354740e-02   5.7899543e-01
   2.3378931e-02   5.7990868e-01
   2.3457640e-02   5.8173516e-01
   2.3459231e-02   5.8264840e-01
   2.3460849e-02   5.8356164e-01
   2.3513407e-02   5.8447489e-01
   2.3561547e-02   5.8630137e-01
   2.3563754e-02   5.8721461e-01
   2.3658280e-02   5.8812785e-01
   2.3852705e-02   5.8904110e-01
   2.3855088e-02   5.8995434e-01
   2.3861567e-02   5.9086758e-01
   2.3881519e-02   5.9178082e-01
   2.3907077e-02   5.9269406e-01
   2.3908626e-02   5.9360731e-01
   2.3993585e-02   5.9452055e-01
   2.4015846e-02   5.9543379e-01
   2.4020581e-02   5.9634703e-01
   2.4032351e-02   5.9726027e-01
   2.4032371e-02   5.9817352e-01
   2.4071238e-02   5.9908676e-01
   2.4084864e-02   6.0000000e-01
   2.4205264e-02   6.0091324e-01
   2.4252924e-02   6.0182648e-01
   2.4285917e-02   6.0273973e-01
   2.4297876e-02   6.0365297e-01
   2.4306887e-02   6.0456621e-01
   2.4327903e-02   6.0547945e-01
   2.4330844e-02   6.0639269e-01
   2.4385189e-02   6.0730594e-01
   2.4424818e-02   6.0821918e-01
   2.4518890e-02   6.0913242e-01
   2.4569131e-02   6.1004566e-01
   2.4674338e-02   6.1095890e-01
   2.4694743e-02   6.1187215e-01
   2.4732754e-02   6.1369863e-01
   2.4852924e-02   6.1461187e-01
   2.4885393e-02   6.1552511e-01
   2.4886438e-02   6.1643836e-01
   2.4915376e-02   6.1735160e-01
   2.4926218e-02   6.1826484e-01
   2.5073658e-02   6.1917808e-01
   2.5103068e-02   6.2009132e-01
   2.5106041e-02   6.2100457e-01
   2.5142638e-02   6.2191781e-01
   2.5143848e-02   6.2283105e-01
   2.5153225e-02   6.2374429e-01
   2.5178906e-02   6.2465753e-01
   2.5312698e-02   6.2557078e-01
   2.5402671e-02   6.2648402e-01
   2.5406939e-02   6.2739726e-01
   2.5440039e-02   6.2922374e-01
   2.5503305e-02   6.3013699e-01
   2.5658754e-02   6.3196347e-01
   2.5659188e-02   6.3287671e-01
   2.5667400e-02   6.3378995e-01
   2.5687955e-02   6.3470320e-01
   2.5689263e-02   6.3652968e-01
   2.5723642e-02   6.3744292e-01
   2.5826795e-02   6.3926941e-01
   2.6007695e-02   6.4018265e-01
   2.6068177e-02   6.4109589e-01
   2.6094610e-02   6.4200913e-01
   2.6105095e-02   6.4383562e-01
   2.6162276e-02   6.4474886e-01
   2.6178077e-02   6.4566210e-01
   2.6208875e-02   6.4657534e-01
   2.6211695e-02   6.4748858e-01
   2.6242169e-02   6.4840183e-01
   2.6378306e-02   6.4931507e-01
   2.6405047e-02   6.5022831e-01
   2.6435309e-02   6.5114155e-01
   2.6463738e-02   6.5296804e-01
   2.6525335e-02   6.5388128e-01
   2.6561453e-02   6.5479452e-01
   2.6606095e-02   6.5570776e-01
   2.6609856e-02   6.5662100e-01
   2.6758605e-02   6.5753425e-01
   2.6766308e-02   6.5844749e-01
   2.6781575e-02   6.5936073e-01
   2.6809802e-02   6.6027397e-01
   2.6820810e-02   6.6118721e-01
   2.6823643e-02   6.6210046e-01
   2.6932845e-02   6.6301370e-01
   2.6978118e-02   6.6392694e-01
   2.7048996e-02   6.6484018e-01
   2.7095607e-02   6.6575342e-01
   2.7207815e-02   6.6666667e-01
   2.7305131e-02   6.6757991e-01
   2.7308863e-02   6.6849315e-01
   2.7333071e-02   6.6940639e-01
   2.7459288e-02   6.7031963e-01
   2.7507366e-02   6.7214612e-01
   2.7589497e-02   6.7397260e-01
   2.7597863e-02   6.7488584e-01
   2.7749352e-02   6.7579909e-01
   2.7764451e-02   6.7671233e-01
   2.7863835e-02   6.7762557e-01
   2.7879257e-02   6.7853881e-01
   2.7881161e-02   6.7945205e-01
   2.7915019e-02   6.8036530e-01
   2.8019044e-02   6.8127854e-01
   2.8142321e-02   6.8219178e-01
   2.8167001e-02   6.8310502e-01
   2.8180525e-02   6.8401826e-01
   2.8213548e-02   6.8493151e-01
   2.8290897e-02   6.8584475e-01
   2.8424780e-02   6.8675799e-01
   2.8434093e-02   6.8767123e-01
   2.8558138e-02   6.8949772e-01
   2.8606730e-02   6.9041096e-01
   2.8631880e-02   6.9132420e-01
   2.8698079e-02   6.9223744e-01
   2.8734610e-02   6.9315068e-01
   2.8768663e-02   6.9406393e-01
   2.8805724e-02   6.9497717e-01
   2.8877745e-02   6.9589041e-01
   2.8905323e-02   6.9680365e-01
   2.8924798e-02   6.9771689e-01
   2.8979897e-02   6.9954338e-01
   2.8999071e-02   7.0045662e-01
   2.9024725e-02   7.0136986e-01
   2.9044879e-02   7.0228311e-01
   2.9130696e-02   7.0319635e-01
   2.9161969e-02   7.0410959e-01
   2.9183480e-02   7.0502283e-01
   2.9213985e-02   7.0684932e-01
   2.9283754e-02   7.0867580e-01
   2.9459496e-02   7.0958904e-01
   2.9473414e-02   7.1050228e-01
   2.9659580e-02   7.1141553e-01
   2.9801553e-02   7.1232877e-01
   2.9812467e-02   7.1324201e-01
   2.9916766e-02   7.1415525e-01
   3.0005659e-02   7.1506849e-01
   3.0097241e-02   7.1598174e-01
   3.0126811e-02   7.1689498e-01
   3.0325190e-02   7.1780822e-01
   3.0375497e-02   7.1872146e-01
   3.0379808e-02   7.1963470e-01
   3.0439450e-02   7.2054795e-01
   3.0511349e-02   7.2146119e-01
   3.0601038e-02   7.2237443e-01
   3.0639328e-02   7.2328767e-01
   3.0733299e-02   7.2420091e-01
   3.0910337e-02   7.2511416e-01
   3.0927370e-02   7.2602740e-01
   3.0931627e-02   7.2694064e-01
   3.1023954e-02   7.2785388e-01
   3.1044284e-02   7.2968037e-01
   3.1055323e-02   7.3059361e-01
   3.1090074e-02   7.3150685e-01
   3.1098830e-02   7.3242009e-01
   3.1138895e-02   7.3333333e-01
   3.1250698e-02   7.3424658e-01
   3.1253989e-02   7.3515982e-01
   3.1316654e-02   7.3607306e-01
   3.1331244e-02   7.3698630e-01
   3.1351011e-02   7.3789954e-01
   3.1433412e-02   7.3881279e-01
   3.1515491e-02   7.3972603e-01
   3.1582725e-02   7.4063927e-01
   3.1741102e-02   7.4155251e-01
   3.1743226e-02   7.4246575e-01
   3.1810631e-02   7.4337900e-01
   3.1895174e-02   7.4429224e-01
   3.2099606e-02   7.4520548e-01
   3.2128074e-02   7.4611872e-01
   3.2138302e-02   7.4703196e-01
   3.2292403e-02   7.4794521e-01
   3.2363962e-02   7.4885845e-01
   3.2451616e-02   7.4977169e-01
   3.2553889e-02   7.5068493e-01
   3.2593992e-02   7.5159817e-01
   3.2601759e-02   7.5251142e-01
   3.2655095e-02   7.5433790e-01
   3.2770214e-02   7.5525114e-01
   3.2773596e-02   7.5616438e-01
   3.2968978e-02   7.5799087e-01
   3.3035574e-02   7.5890411e-01
   3.3102389e-02   7.5981735e-01
   3.3104512e-02   7.6073059e-01
   3.3110218e-02   7.6164384e-01
   3.3321667e-02   7.6255708e-01
   3.3399204e-02   7.6347032e-01
   3.3407987e-02   7.6438356e-01
   3.3564420e-02   7.6621005e-01
   3.3575929e-02   7.6712329e-01
   3.3871282e-02   7.6803653e-01
   3.3889173e-02   7.6894977e-01
   3.3955358e-02   7.6986301e-01
   3.4133575e-02   7.7077626e-01
   3.4224530e-02   7.7260274e-01
   3.4259988e-02   7.7351598e-01
   3.4273432e-02   7.7442922e-01
   3.4422179e-02   7.7534247e-01
   3.4518860e-02   7.7716895e-01
   3.4545354e-02   7.7899543e-01
   3.4810110e-02   7.7990868e-01
   3.4934720e-02   7.8082192e-01
   3.4988075e-02   7.8173516e-01
   3.5068795e-02   7.8264840e-01
   3.5142661e-02   7.8356164e-01
   3.5339227e-02   7.8447489e-01
   3.5463426e-02   7.8538813e-01
   3.5502477e-02   7.8630137e-01
   3.5726028e-02   7.8721461e-01
   3.5761630e-02   7.8812785e-01
   3.5930371e-02   7.8995434e-01
   3.6099377e-02   7.9178082e-01
   3.6173975e-02   7.9269406e-01
   3.6182877e-02   7.9360731e-01
   3.6279255e-02   7.9452055e-01
   3.6460644e-02   7.9543379e-01
   3.6690267e-02   7.9634703e-01
   3.6691920e-02   7.9726027e-01
   3.6809867e-02   7.9817352e-01
   3.6900194e-02   7.9908676e-01
   3.7105172e-02   8.0000000e-01
   3.7178389e-02   8.0091324e-01
   3.7227048e-02   8.0182648e-01
   3.7243570e-02   8.0273973e-01
   3.7251781e-02   8.0365297e-01
   3.7279620e-02   8.0456621e-01
   3.7782441e-02   8.0547945e-01
   3.8089120e-02   8.0639269e-01
   3.8139298e-02   8.0730594e-01
   3.8201200e-02   8.0821918e-01
   3.8219161e-02   8.0913242e-01
   3.8249770e-02   8.1095890e-01
   3.8513177e-02   8.1187215e-01
   3.9033323e-02   8.1278539e-01
   3.9163378e-02   8.1369863e-01
   3.9288883e-02   8.1461187e-01
   3.9453816e-02   8.1552511e-01
   3.9483851e-02   8.1643836e-01
   3.9942924e-02   8.1735160e-01
   4.0196188e-02   8.1826484e-01
   4.0286106e-02   8.1917808e-01
   4.0298597e-02   8.2009132e-01
   4.0328794e-02   8.2100457e-01
   4.0582625e-02   8.2191781e-01
   4.0635003e-02   8.2283105e-01
   4.0697938e-02   8.2374429e-01
   4.0907003e-02   8.2465753e-01
   4.1096469e-02   8.2557078e-01
   4.1121889e-02   8.2648402e-01
   4.1216767e-02   8.2739726e-01
   4.1519145e-02   8.2831050e-01
   4.1677010e-02   8.2922374e-01
   4.1697327e-02   8.3013699e-01
   4.1702777e-02   8.3105023e-01
   4.1946976e-02   8.3196347e-01
   4.2087928e-02   8.3287671e-01
   4.2165700e-02   8.3378995e-01
   4.2209568e-02   8.3470320e-01
   4.2314559e-02   8.3561644e-01
   4.2357632e-02   8.3652968e-01
   4.2489618e-02   8.3744292e-01
   4.2568985e-02   8.3835616e-01
   4.2676446e-02   8.3926941e-01
   4.2842234e-02   8.4018265e-01
   4.3121019e-02   8.4109589e-01
   4.3152588e-02   8.4200913e-01
   4.3346622e-02   8.4292237e-01
   4.3372513e-02   8.4383562e-01
   4.3645850e-02   8.4474886e-01
   4.3878675e-02   8.4566210e-01
   4.3896349e-02   8.4657534e-01
   4.4418421e-02   8.4748858e-01
   4.4467376e-02   8.4931507e-01
   4.4508206e-02   8.5022831e-01
   4.4774251e-02   8.5114155e-01
   4.4880509e-02   8.5205479e-01
   4.4967903e-02   8.5296804e-01
   4.5045529e-02   8.5388128e-01
   4.5397764e-02   8.5479452e-01
   4.5527709e-02   8.5570776e-01
   4.5638389e-02   8.5662100e-01
   4.5667325e-02   8.5753425e-01
   4.5805860e-02   8.5844749e-01
   4.5872389e-02   8.5936073e-01
   4.6051602e-02   8.6027397e-01
   4.6322106e-02   8.6118721e-01
   4.6361687e-02   8.6210046e-01
   4.6555438e-02   8.6301370e-01
   4.6998259e-02   8.6392694e-01
   4.7311486e-02   8.6484018e-01
   4.7339392e-02   8.6575342e-01
   4.7374711e-02   8.6666667e-01
   4.7472955e-02   8.6757991e-01
   4.7948603e-02   8.6849315e-01
   4.8199283e-02   8.6940639e-01
   4.8393294e-02   8.7031963e-01
   4.8450673e-02   8.7123288e-01
   4.8555099e-02   8.7214612e-01
   4.8576401e-02   8.7305936e-01
   4.8732049e-02   8.7397260e-01
   4.8770377e-02   8.7488584e-01
   4.9298220e-02   8.7579909e-01
   4.9398823e-02   8.7671233e-01
   4.9548728e-02   8.7762557e-01
   4.9654944e-02   8.7853881e-01
   4.9864433e-02   8.7945205e-01
   5.0064857e-02   8.8036530e-01
   5.0174809e-02   8.8127854e-01
   5.0272849e-02   8.8219178e-01
   5.0361819e-02   8.8310502e-01
   5.0426876e-02   8.8401826e-01
   5.0519414e-02   8.8493151e-01
   5.0541773e-02   8.8584475e-01
   5.0842783e-02   8.8675799e-01
   5.0923961e-02   8.8767123e-01
   5.1069036e-02   8.8858447e-01
   5.1697846e-02   8.8949772e-01
   5.1759254e-02   8.9041096e-01
   5.2130285e-02   8.9132420e-01
   5.2240287e-02   8.9223744e-01
   5.2583664e-02   8.9315068e-01
   5.2632938e-02   8.9406393e-01
   5.2640699e-02   8.9497717e-01
   5.2742782e-02   8.9589041e-01
   5.2880983e-02   8.9680365e-01
   5.2927476e-02   8.9771689e-01
   5.2993530e-02   8.9863014e-01
   5.3114476e-02   8.9954338e-01
   5.3284124e-02   9.0045662e-01
   5.3297554e-02   9.0136986e-01
   5.3419679e-02   9.0228311e-01
   5.3452183e-02   9.0319635e-01
   5.3753596e-02   9.0410959e-01
   5.3812454e-02   9.0502283e-01
   5.3924072e-02   9.0593607e-01
   5.4250178e-02   9.0684932e-01
   5.4252925e-02   9.0776256e-01
   5.4550783e-02   9.0867580e-01
   5.4664141e-02   9.0958904e-01
   5.4857532e-02   9.1050228e-01
   5.5098910e-02   9.1141553e-01
   5.5284269e-02   9.1232877e-01
   5.5488777e-02   9.1324201e-01
   5.5654175e-02   9.1415525e-01
   5.5921018e-02   9.1506849e-01
   5.6284642e-02   9.1598174e-01
   5.6362087e-02   9.1689498e-01
   5.6463697e-02   9.1780822e-01
   5.6760042e-02   9.1872146e-01
   5.6802687e-02   9.1963470e-01
   5.7020635e-02   9.2054795e-01
   5.7099342e-02   9.2146119e-01
   5.7114654e-02   9.2237443e-01
   5.7315251e-02   9.2328767e-01
   5.8208150e-02   9.2420091e-01
   5.8982741e-02   9.2511416e-01
   5.9767683e-02   9.2602740e-01
   5.9805552e-02   9.2694064e-01
   5.9993177e-02   9.2785388e-01
   6.0155863e-02   9.2876712e-01
   6.0724703e-02   9.2968037e-01
   6.1152068e-02   9.3059361e-01
   6.1231146e-02   9.3150685e-01
   6.1989046e-02   9.3242009e-01
   6.2119664e-02   9.3333333e-01
   6.2229441e-02   9.3424658e-01
   6.2499608e-02   9.3515982e-01
   6.2769354e-02   9.3607306e-01
   6.3088476e-02   9.3698630e-01
   6.3727380e-02   9.3789954e-01
   6.3783805e-02   9.3881279e-01
   6.3868415e-02   9.3972603e-01
   6.4397335e-02   9.4063927e-01
   6.5458390e-02   9.4155251e-01
   6.5493699e-02   9.4246575e-01
   6.5526860e-02   9.4337900e-01
   6.5602947e-02   9.4429224e-01
   6.5882041e-02   9.4520548e-01
   6.5985163e-02   9.4611872e-01
   6.6726592e-02   9.4703196e-01
   6.6950245e-02   9.4794521e-01
   6.7505487e-02   9.4885845e-01
   6.7867069e-02   9.4977169e-01
   6.7910716e-02   9.5068493e-01
   6.8464870e-02   9.5159817e-01
   6.8515115e-02   9.5251142e-01
   6.8617147e-02   9.5342466e-01
   6.8693516e-02   9.5433790e-01
   6.8836109e-02   9.5525114e-01
   6.9157146e-02   9.5616438e-01
   6.9196936e-02   9.5707763e-01
   6.9298541e-02   9.5799087e-01
   6.9580910e-02   9.5890411e-01
   6.9827212e-02   9.5981735e-01
   7.0143479e-02   9.6073059e-01
   7.0745995e-02   9.6164384e-01
   7.1089573e-02   9.6255708e-01
   7.1177234e-02   9.6347032e-01
   7.1979636e-02   9.6438356e-01
   7.2896068e-02   9.6529680e-01
   7.3063787e-02   9.6621005e-01
   7.3066335e-02   9.6712329e-01
   7.3989463e-02   9.6803653e-01
   7.4403223e-02   9.6894977e-01
   7.4525273e-02   9.6986301e-01
   7.5056904e-02   9.7077626e-01
   7.5848810e-02   9.7168950e-01
   7.7123240e-02   9.7260274e-01
   7.7171899e-02   9.7351598e-01
   7.7309643e-02   9.7442922e-01
   7.7791817e-02   9.7534247e-01
   7.8086138e-02   9.7625571e-01
   7.9437417e-02   9.7716895e-01
   7.9851741e-02   9.7808219e-01
   8.0110491e-02   9.7899543e-01
   8.0950975e-02   9.7990868e-01
   8.1510242e-02   9.8082192e-01
   8.1573711e-02   9.8173516e-01
   8.3122432e-02   9.8264840e-01
   8.3292170e-02   9.8356164e-01
   8.4283206e-02   9.8447489e-01
   8.5129465e-02   9.8538813e-01
   8.8757224e-02   9.8630137e-01
   8.8940139e-02   9.8721461e-01
   8.9352082e-02   9.8812785e-01
   9.0590582e-02   9.8904110e-01
   9.1655535e-02   9.8995434e-01
   9.1989238e-02   9.9086758e-01
   9.3081197e-02   9.9178082e-01
   9.3177255e-02   9.9269406e-01
   9.5395923e-02   9.9360731e-01
   9.5657524e-02   9.9452055e-01
   9.7051864e-02   9.9543379e-01
   9.9912511e-02   9.9634703e-01
   1.0218305e-01   9.9726027e-01
   1.0747347e-01   9.9817352e-01
   1.1438819e-01   9.9908676e-01
   1.2270610e-01   1.0000000e+00
