   9.2321679e-03   0.0000000e+00
   9.2321679e-03   9.7087379e-03
   9.6933412e-03   1.9417476e-02
   1.1000265e-02   2.9126214e-02
   1.1234511e-02   3.8834951e-02
   1.1773812e-02   4.8543689e-02
   1.1833923e-02   5.8252427e-02
   1.2051198e-02   6.7961165e-02
   1.2454465e-02   7.7669903e-02
   1.2549118e-02   8.7378641e-02
   1.2570958e-02   9.7087379e-02
   1.2801579e-02   1.0679612e-01
   1.3130565e-02   1.1650485e-01
   1.3911805e-02   1.2621359e-01
   1.4183778e-02   1.3592233e-01
   1.4994320e-02   1.4563107e-01
   1.5518585e-02   1.5533981e-01
   1.5929456e-02   1.6504854e-01
   1.5991545e-02   1.7475728e-01
   1.6313025e-02   1.8446602e-01
   1.6339960e-02   1.9417476e-01
   1.6907903e-02   2.0388350e-01
   1.7554183e-02   2.1359223e-01
   1.7636167e-02   2.2330097e-01
   1.7661265e-02   2.3300971e-01
   1.7943889e-02   2.4271845e-01
   1.8575471e-02   2.5242718e-01
   2.0331146e-02   2.6213592e-01
   2.0538909e-02   2.7184466e-01
   2.0830793e-02   2.8155340e-01
   2.0900334e-02   2.9126214e-01
   2.2086299e-02   3.0097087e-01
   2.3808805e-02   3.1067961e-01
   2.4154563e-02   3.2038835e-01
   2.4181130e-02   3.3009709e-01
   2.4568966e-02   3.3980583e-01
   2.5366105e-02   3.4951456e-01
   2.5676828e-02   3.5922330e-01
   2.5933668e-02   3.6893204e-01
   2.6067115e-02   3.7864078e-01
   2.6260429e-02   3.8834951e-01
   2.6536847e-02   3.9805825e-01
   2.7026757e-02   4.0776699e-01
   2.7070169e-02   4.1747573e-01
   2.9000011e-02   4.2718447e-01
   2.9430331e-02   4.3689320e-01
   2.9588036e-02   4.4660194e-01
   2.9760995e-02   4.5631068e-01
   3.0520133e-02   4.6601942e-01
   3.1562323e-02   4.7572816e-01
   3.1811865e-02   4.8543689e-01
   3.2452484e-02   4.9514563e-01
   3.4725972e-02   5.0485437e-01
   3.4749584e-02   5.1456311e-01
   3.5276489e-02   5.2427184e-01
   3.6050203e-02   5.3398058e-01
   3.6105441e-02   5.4368932e-01
   3.7061696e-02   5.5339806e-01
   3.7091543e-02   5.6310680e-01
   3.7712913e-02   5.7281553e-01
   3.8315859e-02   5.8252427e-01
   3.8434946e-02   5.9223301e-01
   3.8476699e-02   6.0194175e-01
   3.8818554e-02   6.1165049e-01
   3.9424837e-02   6.2135922e-01
   4.2998170e-02   6.3106796e-01
   4.3054066e-02   6.4077670e-01
   4.3125630e-02   6.5048544e-01
   4.3654598e-02   6.6019417e-01
   4.4256117e-02   6.6990291e-01
   4.4607104e-02   6.7961165e-01
   4.5060834e-02   6.8932039e-01
   4.6612676e-02   6.9902913e-01
   4.7988260e-02   7.0873786e-01
   4.8617697e-02   7.1844660e-01
   4.9274819e-02   7.2815534e-01
   5.0509432e-02   7.3786408e-01
   5.0531273e-02   7.4757282e-01
   5.2708685e-02   7.5728155e-01
   5.3516796e-02   7.6699029e-01
   5.3852665e-02   7.7669903e-01
   5.5637777e-02   7.8640777e-01
   5.5927976e-02   7.9611650e-01
   5.6703895e-02   8.0582524e-01
   5.7218848e-02   8.1553398e-01
   5.7378296e-02   8.2524272e-01
   6.0507096e-02   8.3495146e-01
   6.3107458e-02   8.4466019e-01
   6.3522969e-02   8.5436893e-01
   6.4047911e-02   8.6407767e-01
   8.1646745e-02   8.7378641e-01
   8.9467476e-02   8.8349515e-01
   9.0569814e-02   8.9320388e-01
   9.1993994e-02   9.0291262e-01
   9.2556457e-02   9.1262136e-01
   9.3227353e-02   9.2233010e-01
   1.1591794e-01   9.3203883e-01
   1.5596626e-01   9.4174757e-01
   1.5880779e-01   9.5145631e-01
   1.6941839e-01   9.6116505e-01
   2.2154247e-01   9.7087379e-01
   2.2247326e-01   9.8058252e-01
   2.2391041e-01   9.9029126e-01
   2.5364409e-01   1.0000000e+00
