   3.5600000e-03   0.0000000e+00
   3.5600000e-03   9.5057034e-04
   3.8832000e-03   1.9011407e-03
   4.2072000e-03   3.8022814e-03
   4.5304000e-03   5.7034221e-03
   4.8544000e-03   8.5551331e-03
   5.1776000e-03   1.0456274e-02
   5.5016000e-03   1.6159696e-02
   5.8256000e-03   2.2813688e-02
   6.1488000e-03   3.8022814e-02
   6.4728000e-03   4.6577947e-02
   6.7960000e-03   6.2737643e-02
   7.1200000e-03   8.5551331e-02
   7.4432000e-03   1.2357414e-01
   7.7672000e-03   1.3783270e-01
   8.0904000e-03   1.6159696e-01
   8.4144000e-03   1.7680608e-01
   8.7376000e-03   2.1577947e-01
   9.0616000e-03   2.2718631e-01
   9.3848000e-03   2.5855513e-01
   9.7088000e-03   2.7186312e-01
   1.0032000e-02   3.0893536e-01
   1.0356000e-02   3.2509506e-01
   1.0680000e-02   3.5076046e-01
   1.1003200e-02   3.6311787e-01
   1.1327200e-02   3.8973384e-01
   1.1650400e-02   4.0779468e-01
   1.1974400e-02   4.2775665e-01
   1.2297600e-02   4.4486692e-01
   1.2621600e-02   4.6958175e-01
   1.2944800e-02   4.8859316e-01
   1.3268800e-02   5.1140684e-01
   1.3592000e-02   5.3802281e-01
   1.3916000e-02   5.5893536e-01
   1.4239200e-02   5.7604563e-01
   1.4563200e-02   5.8650190e-01
   1.4886400e-02   6.0171103e-01
   1.5210400e-02   6.2642586e-01
   1.5534400e-02   6.3973384e-01
   1.5857600e-02   6.4923954e-01
   1.6181600e-02   6.7585551e-01
   1.6504800e-02   6.8155894e-01
   1.6828800e-02   6.9771863e-01
   1.7152000e-02   7.0437262e-01
   1.7476000e-02   7.2528517e-01
   1.7799200e-02   7.3574144e-01
   1.8123200e-02   7.4904943e-01
   1.8446400e-02   7.5380228e-01
   1.8770400e-02   7.6330798e-01
   1.9093600e-02   7.6901141e-01
   1.9417600e-02   7.8136882e-01
   1.9740800e-02   7.8897338e-01
   2.0064800e-02   8.0133080e-01
   2.0388000e-02   8.0893536e-01
   2.0712000e-02   8.1844106e-01
   2.1035200e-02   8.2129278e-01
   2.1359200e-02   8.2699620e-01
   2.1683200e-02   8.3745247e-01
   2.2006400e-02   8.4410646e-01
   2.2330400e-02   8.5171103e-01
   2.2653600e-02   8.5931559e-01
   2.2977600e-02   8.6596958e-01
   2.3300800e-02   8.7357414e-01
   2.3624800e-02   8.7737643e-01
   2.3948000e-02   8.7832700e-01
   2.4272000e-02   8.8307985e-01
   2.4595200e-02   8.8593156e-01
   2.4919200e-02   8.9163498e-01
   2.5242400e-02   8.9543726e-01
   2.5566400e-02   8.9923954e-01
   2.5890400e-02   9.0114068e-01
   2.6213600e-02   9.0494297e-01
   2.6536800e-02   9.0589354e-01
   2.6860800e-02   9.0684411e-01
   2.7508000e-02   9.0969582e-01
   2.7832000e-02   9.1254753e-01
   2.8155200e-02   9.1634981e-01
   2.8479200e-02   9.1730038e-01
   2.8802400e-02   9.2015209e-01
   2.9126400e-02   9.2205323e-01
   2.9449600e-02   9.2395437e-01
   2.9773600e-02   9.2585551e-01
   3.0096800e-02   9.3060837e-01
   3.0420800e-02   9.3155894e-01
   3.0744000e-02   9.3250951e-01
   3.1068000e-02   9.3346008e-01
   3.1391200e-02   9.3441065e-01
   3.1715200e-02   9.3821293e-01
   3.2039200e-02   9.3916350e-01
   3.2362400e-02   9.4011407e-01
   3.2686400e-02   9.4201521e-01
   3.3009600e-02   9.4296578e-01
   3.3333600e-02   9.4486692e-01
   3.3656800e-02   9.4676806e-01
   3.4304000e-02   9.4771863e-01
   3.4951200e-02   9.5057034e-01
   3.5275200e-02   9.5152091e-01
   3.5598400e-02   9.5532319e-01
   3.6245600e-02   9.5722433e-01
   3.6892800e-02   9.5817490e-01
   3.7540800e-02   9.6007605e-01
   3.7864000e-02   9.6102662e-01
   3.8188000e-02   9.6197719e-01
   3.8511200e-02   9.6292776e-01
   3.8835200e-02   9.6387833e-01
   3.9805600e-02   9.6577947e-01
   4.0129600e-02   9.6673004e-01
   4.0776800e-02   9.6768061e-01
   4.1424000e-02   9.6863118e-01
   4.2394400e-02   9.7053232e-01
   4.2718400e-02   9.7148289e-01
   4.3042400e-02   9.7243346e-01
   4.3689600e-02   9.7433460e-01
   4.4984000e-02   9.7528517e-01
   4.5954400e-02   9.7623574e-01
   4.6278400e-02   9.7718631e-01
   4.6601600e-02   9.7813688e-01
   4.6925600e-02   9.7908745e-01
   4.7249600e-02   9.8098859e-01
   4.8220000e-02   9.8193916e-01
   4.8867200e-02   9.8288973e-01
   4.9191200e-02   9.8384030e-01
   5.0161600e-02   9.8479087e-01
   5.0485600e-02   9.8574144e-01
   5.0808800e-02   9.8669202e-01
   5.1132800e-02   9.8764259e-01
   5.1780000e-02   9.9049430e-01
   5.3721600e-02   9.9239544e-01
   5.4045600e-02   9.9334601e-01
   5.7928800e-02   9.9429658e-01
   6.6019200e-02   9.9524715e-01
   7.2168000e-02   9.9619772e-01
   7.4109600e-02   9.9714829e-01
   7.8964800e-02   9.9809886e-01
   9.4822400e-02   9.9904943e-01
   1.0000000e-01   1.0000000e+00
