   7.4656000e-03   0.0000000e+00
   7.4656000e-03   4.1666667e-02
   8.6440000e-03   8.3333333e-02
   9.4304000e-03   1.2500000e-01
   9.8232000e-03   2.0833333e-01
   1.1002400e-02   2.5000000e-01
   1.1395200e-02   2.9166667e-01
   1.2966400e-02   3.3333333e-01
   1.3752800e-02   4.1666667e-01
   1.4145600e-02   4.5833333e-01
   1.6109600e-02   5.0000000e-01
   1.7288800e-02   5.8333333e-01
   2.0039200e-02   6.2500000e-01
   2.4754400e-02   6.6666667e-01
   2.6326400e-02   7.0833333e-01
   2.6719200e-02   7.5000000e-01
   3.1041600e-02   7.9166667e-01
   3.6149600e-02   8.7500000e-01
   4.6365600e-02   9.1666667e-01
   9.0373600e-02   9.5833333e-01
   1.3752480e-01   1.0000000e+00
