   5.2144000e-03   0.0000000e+00
   5.2144000e-03   4.2194093e-03
   5.8280000e-03   1.2658228e-02
   6.1352000e-03   2.1097046e-02
   6.4416000e-03   2.9535865e-02
   6.7488000e-03   3.3755274e-02
   7.0552000e-03   3.7974684e-02
   7.3616000e-03   5.4852321e-02
   7.6688000e-03   5.9071730e-02
   7.9752000e-03   7.5949367e-02
   8.2824000e-03   8.0168776e-02
   8.5888000e-03   8.8607595e-02
   8.8960000e-03   1.1814346e-01
   9.2024000e-03   1.3924051e-01
   9.5088000e-03   1.4767932e-01
   9.8160000e-03   1.5189873e-01
   1.0122400e-02   1.7721519e-01
   1.0429600e-02   1.9409283e-01
   1.0736000e-02   2.1940928e-01
   1.1349600e-02   2.4050633e-01
   1.1656800e-02   2.4472574e-01
   1.1963200e-02   2.5738397e-01
   1.2269600e-02   2.6160338e-01
   1.2576800e-02   2.7004219e-01
   1.3190400e-02   2.8691983e-01
   1.3496800e-02   2.9113924e-01
   1.3804000e-02   3.2067511e-01
   1.4110400e-02   3.3333333e-01
   1.4416800e-02   3.4177215e-01
   1.5030400e-02   3.6286920e-01
   1.5644000e-02   3.7552743e-01
   1.5951200e-02   3.7974684e-01
   1.6257600e-02   4.0928270e-01
   1.6564800e-02   4.1350211e-01
   1.6871200e-02   4.3459916e-01
   1.7177600e-02   4.3881857e-01
   1.7484800e-02   4.5569620e-01
   1.8098400e-02   4.5991561e-01
   1.8404800e-02   4.6413502e-01
   1.8712000e-02   4.8101266e-01
   1.9018400e-02   4.9789030e-01
   1.9324800e-02   5.0632911e-01
   1.9938400e-02   5.1054852e-01
   2.0552000e-02   5.1476793e-01
   2.0859200e-02   5.2320675e-01
   2.1165600e-02   5.3164557e-01
   2.1472000e-02   5.4008439e-01
   2.2392800e-02   5.4430380e-01
   2.2699200e-02   5.4852321e-01
   2.3619200e-02   5.5274262e-01
   2.3926400e-02   5.5696203e-01
   2.4540000e-02   5.6118143e-01
   2.4846400e-02   5.6540084e-01
   2.5153600e-02   5.8227848e-01
   2.6073600e-02   5.8649789e-01
   2.6380000e-02   5.9071730e-01
   2.6687200e-02   5.9493671e-01
   2.6993600e-02   5.9915612e-01
   2.7300800e-02   6.0337553e-01
   2.7607200e-02   6.1603376e-01
   2.8834400e-02   6.2447257e-01
   2.9140800e-02   6.2869198e-01
   2.9448000e-02   6.3713080e-01
   2.9754400e-02   6.5400844e-01
   3.0061600e-02   6.6666667e-01
   3.0368000e-02   6.7932489e-01
   3.0981600e-02   6.8776371e-01
   3.1288000e-02   6.9620253e-01
   3.1901600e-02   7.0464135e-01
   3.2208800e-02   7.0886076e-01
   3.2515200e-02   7.2151899e-01
   3.3128800e-02   7.2995781e-01
   3.3742400e-02   7.4261603e-01
   3.4356000e-02   7.5105485e-01
   3.4662400e-02   7.5527426e-01
   3.4969600e-02   7.5949367e-01
   3.6503200e-02   7.6371308e-01
   3.6809600e-02   7.6793249e-01
   3.7116800e-02   7.7215190e-01
   3.7423200e-02   7.7637131e-01
   3.8650400e-02   7.8059072e-01
   3.8956800e-02   7.8481013e-01
   3.9264000e-02   7.8902954e-01
   4.1411200e-02   7.9324895e-01
   4.1717600e-02   8.0168776e-01
   4.2024800e-02   8.0590717e-01
   4.2331200e-02   8.1434599e-01
   4.3558400e-02   8.1856540e-01
   4.4172000e-02   8.3122363e-01
   4.4785600e-02   8.3966245e-01
   4.5399200e-02   8.4810127e-01
   4.5705600e-02   8.5232068e-01
   4.6319200e-02   8.5654008e-01
   4.6625600e-02   8.6075949e-01
   4.6932800e-02   8.6919831e-01
   4.7545600e-02   8.8185654e-01
   5.0000000e-02   8.8607595e-01
   5.1227200e-02   8.9451477e-01
   5.1533600e-02   8.9873418e-01
   5.3067200e-02   9.0295359e-01
   5.3988000e-02   9.0717300e-01
   5.5521600e-02   9.1139241e-01
   5.6441600e-02   9.1561181e-01
   5.7362400e-02   9.1983122e-01
   5.8588800e-02   9.2405063e-01
   5.9816000e-02   9.2827004e-01
   6.0122400e-02   9.3248945e-01
   6.0429600e-02   9.3670886e-01
   6.0736000e-02   9.4092827e-01
   6.3496800e-02   9.4514768e-01
   6.3804000e-02   9.5358650e-01
   6.6257600e-02   9.5780591e-01
   6.9632000e-02   9.6624473e-01
   7.0859200e-02   9.7046414e-01
   7.3312800e-02   9.7468354e-01
   7.4540000e-02   9.7890295e-01
   7.6380800e-02   9.8312236e-01
   7.8834400e-02   9.8734177e-01
   9.1104000e-02   9.9156118e-01
   1.1564400e-01   9.9578059e-01
   1.4325120e-01   1.0000000e+00
