   4.1506203e-03   0.0000000e+00
   4.1506203e-03   7.4626866e-04
   5.4254663e-03   1.4925373e-03
   5.6249996e-03   2.2388060e-03
   5.6734841e-03   2.9850746e-03
   5.9195491e-03   3.7313433e-03
   5.9600797e-03   4.4776119e-03
   6.2130386e-03   5.2238806e-03
   6.2261829e-03   5.9701493e-03
   6.2660439e-03   6.7164179e-03
   6.3372250e-03   7.4626866e-03
   6.3697399e-03   8.9552239e-03
   6.5260483e-03   9.7014925e-03
   6.5317492e-03   1.1194030e-02
   6.6068280e-03   1.1940299e-02
   6.8108766e-03   1.2686567e-02
   6.8593452e-03   1.6417910e-02
   6.8691698e-03   1.7164179e-02
   7.1018437e-03   1.8656716e-02
   7.1057787e-03   2.1641791e-02
   7.1256515e-03   2.3134328e-02
   7.1985467e-03   2.3880597e-02
   7.2028703e-03   2.4626866e-02
   7.3190628e-03   2.5373134e-02
   7.4032546e-03   2.6865672e-02
   7.4042591e-03   2.7611940e-02
   7.4502169e-03   2.8358209e-02
   7.4527423e-03   3.1343284e-02
   7.4848999e-03   3.2089552e-02
   7.5336131e-03   3.2835821e-02
   7.5432777e-03   3.3582090e-02
   7.5477892e-03   3.4328358e-02
   7.6931276e-03   3.5074627e-02
   7.6938319e-03   3.7313433e-02
   7.7138853e-03   3.8805970e-02
   7.7798091e-03   3.9552239e-02
   7.9057420e-03   4.0298507e-02
   7.9931781e-03   4.2537313e-02
   8.0326661e-03   4.5522388e-02
   8.1159707e-03   4.6268657e-02
   8.1378775e-03   4.7014925e-02
   8.2408732e-03   4.7761194e-02
   8.3012405e-03   5.0000000e-02
   8.3134562e-03   5.1492537e-02
   8.3586647e-03   5.4477612e-02
   8.4934253e-03   5.5970149e-02
   8.5836503e-03   5.8955224e-02
   8.5912398e-03   5.9701493e-02
   8.5966996e-03   6.0447761e-02
   8.6397447e-03   6.2686567e-02
   8.6910688e-03   6.4925373e-02
   8.7284831e-03   6.6417910e-02
   8.8555749e-03   6.7164179e-02
   8.8785753e-03   7.0149254e-02
   8.8894658e-03   7.0895522e-02
   8.9398851e-03   7.1641791e-02
   8.9564696e-03   7.2388060e-02
   8.9754339e-03   7.3880597e-02
   9.0291710e-03   7.5373134e-02
   9.0527828e-03   7.6119403e-02
   9.0812638e-03   8.0597015e-02
   9.1745654e-03   8.4328358e-02
   9.1848100e-03   8.5074627e-02
   9.2027172e-03   8.6567164e-02
   9.2247986e-03   8.7313433e-02
   9.2333233e-03   8.9552239e-02
   9.2689158e-03   9.4776119e-02
   9.3188705e-03   9.6268657e-02
   9.3723548e-03   9.7014925e-02
   9.4037177e-03   9.7761194e-02
   9.4416658e-03   9.9253731e-02
   9.4712346e-03   1.0447761e-01
   9.4783992e-03   1.0746269e-01
   9.5012609e-03   1.0820896e-01
   9.5226707e-03   1.0970149e-01
   9.5675072e-03   1.1194030e-01
   9.6035360e-03   1.1492537e-01
   9.6704213e-03   1.1641791e-01
   9.7658428e-03   1.2014925e-01
   9.7784206e-03   1.2388060e-01
   9.7893465e-03   1.2611940e-01
   9.8082793e-03   1.2686567e-01
   9.8263367e-03   1.2835821e-01
   9.8713983e-03   1.2910448e-01
   9.9102420e-03   1.3208955e-01
   9.9431816e-03   1.3432836e-01
   9.9796332e-03   1.3507463e-01
   1.0014430e-02   1.3582090e-01
   1.0028676e-02   1.3805970e-01
   1.0064040e-02   1.3955224e-01
   1.0067916e-02   1.4104478e-01
   1.0094575e-02   1.4552239e-01
   1.0106751e-02   1.5000000e-01
   1.0180143e-02   1.5149254e-01
   1.0260126e-02   1.5447761e-01
   1.0267146e-02   1.5522388e-01
   1.0357421e-02   1.5597015e-01
   1.0371492e-02   1.5820896e-01
   1.0376803e-02   1.6119403e-01
   1.0392941e-02   1.6194030e-01
   1.0419988e-02   1.6492537e-01
   1.0430022e-02   1.6865672e-01
   1.0501899e-02   1.7238806e-01
   1.0516564e-02   1.7537313e-01
   1.0616453e-02   1.7686567e-01
   1.0635616e-02   1.7761194e-01
   1.0656411e-02   1.7835821e-01
   1.0657920e-02   1.7910448e-01
   1.0688477e-02   1.8059701e-01
   1.0691913e-02   1.8283582e-01
   1.0753299e-02   1.8582090e-01
   1.0758632e-02   1.8955224e-01
   1.0850289e-02   1.9029851e-01
   1.0857476e-02   1.9104478e-01
   1.0948708e-02   1.9402985e-01
   1.0964954e-02   1.9477612e-01
   1.0965163e-02   1.9776119e-01
   1.0987577e-02   1.9850746e-01
   1.1012711e-02   2.0074627e-01
   1.1013666e-02   2.0223881e-01
   1.1093796e-02   2.0373134e-01
   1.1137133e-02   2.0447761e-01
   1.1144472e-02   2.0522388e-01
   1.1147840e-02   2.0597015e-01
   1.1204875e-02   2.0671642e-01
   1.1247807e-02   2.1044776e-01
   1.1249440e-02   2.1119403e-01
   1.1277989e-02   2.1343284e-01
   1.1282380e-02   2.1417910e-01
   1.1338715e-02   2.1865672e-01
   1.1342892e-02   2.1940299e-01
   1.1345994e-02   2.2014925e-01
   1.1346353e-02   2.2089552e-01
   1.1430019e-02   2.2164179e-01
   1.1440838e-02   2.2388060e-01
   1.1540748e-02   2.2462687e-01
   1.1551176e-02   2.2537313e-01
   1.1553180e-02   2.2761194e-01
   1.1558858e-02   2.2835821e-01
   1.1565089e-02   2.2985075e-01
   1.1596538e-02   2.3059701e-01
   1.1607367e-02   2.3283582e-01
   1.1669489e-02   2.3358209e-01
   1.1685897e-02   2.3432836e-01
   1.1701257e-02   2.3507463e-01
   1.1771988e-02   2.3731343e-01
   1.1793847e-02   2.4104478e-01
   1.1838567e-02   2.4253731e-01
   1.1876282e-02   2.4402985e-01
   1.1898229e-02   2.4477612e-01
   1.1930420e-02   2.4701493e-01
   1.1939491e-02   2.4925373e-01
   1.2004638e-02   2.5298507e-01
   1.2031718e-02   2.5447761e-01
   1.2062399e-02   2.5522388e-01
   1.2105452e-02   2.5597015e-01
   1.2117670e-02   2.5671642e-01
   1.2132970e-02   2.6119403e-01
   1.2142419e-02   2.6417910e-01
   1.2152304e-02   2.6716418e-01
   1.2152573e-02   2.6865672e-01
   1.2180851e-02   2.7014925e-01
   1.2201088e-02   2.7089552e-01
   1.2248451e-02   2.7238806e-01
   1.2278171e-02   2.7761194e-01
   1.2284705e-02   2.7910448e-01
   1.2299731e-02   2.8059701e-01
   1.2383290e-02   2.8432836e-01
   1.2426077e-02   2.8507463e-01
   1.2429627e-02   2.8656716e-01
   1.2435748e-02   2.8880597e-01
   1.2466755e-02   2.8955224e-01
   1.2470184e-02   2.9029851e-01
   1.2474366e-02   2.9104478e-01
   1.2502300e-02   2.9328358e-01
   1.2515069e-02   2.9477612e-01
   1.2532701e-02   2.9552239e-01
   1.2581048e-02   2.9626866e-01
   1.2622881e-02   2.9776119e-01
   1.2686671e-02   2.9925373e-01
   1.2725349e-02   3.0223881e-01
   1.2732090e-02   3.0447761e-01
   1.2739480e-02   3.0597015e-01
   1.2766487e-02   3.0820896e-01
   1.2794825e-02   3.0895522e-01
   1.2818966e-02   3.0970149e-01
   1.2828317e-02   3.1119403e-01
   1.2870596e-02   3.1268657e-01
   1.2972494e-02   3.1343284e-01
   1.3003747e-02   3.1417910e-01
   1.3039957e-02   3.1492537e-01
   1.3064087e-02   3.1791045e-01
   1.3085924e-02   3.1865672e-01
   1.3101163e-02   3.2014925e-01
   1.3125974e-02   3.2089552e-01
   1.3146168e-02   3.2164179e-01
   1.3158563e-02   3.2313433e-01
   1.3174053e-02   3.2388060e-01
   1.3255217e-02   3.2462687e-01
   1.3317863e-02   3.2537313e-01
   1.3322138e-02   3.2611940e-01
   1.3327855e-02   3.2910448e-01
   1.3340053e-02   3.2985075e-01
   1.3340137e-02   3.3059701e-01
   1.3352854e-02   3.3208955e-01
   1.3382350e-02   3.3283582e-01
   1.3388577e-02   3.3582090e-01
   1.3409828e-02   3.3656716e-01
   1.3433783e-02   3.3731343e-01
   1.3462528e-02   3.3805970e-01
   1.3492727e-02   3.4179104e-01
   1.3562700e-02   3.4328358e-01
   1.3601490e-02   3.4402985e-01
   1.3612488e-02   3.4626866e-01
   1.3622317e-02   3.4701493e-01
   1.3635898e-02   3.4850746e-01
   1.3657989e-02   3.5074627e-01
   1.3687930e-02   3.5149254e-01
   1.3706082e-02   3.5223881e-01
   1.3718690e-02   3.5447761e-01
   1.3737882e-02   3.5671642e-01
   1.3805281e-02   3.5746269e-01
   1.3830526e-02   3.5895522e-01
   1.3837539e-02   3.5970149e-01
   1.3910496e-02   3.6268657e-01
   1.3916700e-02   3.6417910e-01
   1.3981743e-02   3.6641791e-01
   1.3992380e-02   3.6865672e-01
   1.4010745e-02   3.7014925e-01
   1.4055198e-02   3.7164179e-01
   1.4073331e-02   3.7238806e-01
   1.4090364e-02   3.7313433e-01
   1.4153215e-02   3.7462687e-01
   1.4171700e-02   3.7611940e-01
   1.4204228e-02   3.7686567e-01
   1.4215679e-02   3.7985075e-01
   1.4251303e-02   3.8134328e-01
   1.4255720e-02   3.8283582e-01
   1.4275288e-02   3.8432836e-01
   1.4298657e-02   3.8507463e-01
   1.4318396e-02   3.8880597e-01
   1.4420805e-02   3.8955224e-01
   1.4503178e-02   3.9029851e-01
   1.4503232e-02   3.9104478e-01
   1.4505957e-02   3.9179104e-01
   1.4516698e-02   3.9402985e-01
   1.4527009e-02   3.9552239e-01
   1.4527423e-02   3.9701493e-01
   1.4575519e-02   3.9925373e-01
   1.4638126e-02   4.0000000e-01
   1.4648211e-02   4.0074627e-01
   1.4792975e-02   4.0149254e-01
   1.4796142e-02   4.0223881e-01
   1.4807028e-02   4.0447761e-01
   1.4845205e-02   4.0820896e-01
   1.4863165e-02   4.0970149e-01
   1.4863932e-02   4.1044776e-01
   1.4989071e-02   4.1194030e-01
   1.5094096e-02   4.1268657e-01
   1.5095578e-02   4.1343284e-01
   1.5115484e-02   4.1417910e-01
   1.5120792e-02   4.1567164e-01
   1.5167119e-02   4.1641791e-01
   1.5168591e-02   4.1716418e-01
   1.5169306e-02   4.2089552e-01
   1.5213885e-02   4.2238806e-01
   1.5228473e-02   4.2462687e-01
   1.5240826e-02   4.2537313e-01
   1.5335030e-02   4.2611940e-01
   1.5375346e-02   4.2686567e-01
   1.5387664e-02   4.2835821e-01
   1.5396802e-02   4.2910448e-01
   1.5405732e-02   4.2985075e-01
   1.5428269e-02   4.3134328e-01
   1.5439108e-02   4.3208955e-01
   1.5451504e-02   4.3358209e-01
   1.5483115e-02   4.3507463e-01
   1.5498940e-02   4.3656716e-01
   1.5581196e-02   4.3731343e-01
   1.5589747e-02   4.3955224e-01
   1.5623473e-02   4.4029851e-01
   1.5685523e-02   4.4253731e-01
   1.5688413e-02   4.4552239e-01
   1.5703984e-02   4.4701493e-01
   1.5714583e-02   4.4776119e-01
   1.5745758e-02   4.4850746e-01
   1.5748500e-02   4.4925373e-01
   1.5779343e-02   4.5000000e-01
   1.5811484e-02   4.5074627e-01
   1.5833762e-02   4.5223881e-01
   1.5894470e-02   4.5298507e-01
   1.5986356e-02   4.5373134e-01
   1.5995438e-02   4.5522388e-01
   1.6001405e-02   4.5597015e-01
   1.6016009e-02   4.5820896e-01
   1.6033010e-02   4.5895522e-01
   1.6040252e-02   4.5970149e-01
   1.6066452e-02   4.6119403e-01
   1.6092428e-02   4.6194030e-01
   1.6125502e-02   4.6268657e-01
   1.6173450e-02   4.6343284e-01
   1.6174580e-02   4.6417910e-01
   1.6232185e-02   4.6492537e-01
   1.6278294e-02   4.6567164e-01
   1.6281394e-02   4.6641791e-01
   1.6292974e-02   4.6865672e-01
   1.6308382e-02   4.6940299e-01
   1.6330057e-02   4.7014925e-01
   1.6331397e-02   4.7089552e-01
   1.6346819e-02   4.7164179e-01
   1.6356904e-02   4.7238806e-01
   1.6390750e-02   4.7313433e-01
   1.6426768e-02   4.7388060e-01
   1.6432710e-02   4.7462687e-01
   1.6482068e-02   4.7537313e-01
   1.6541873e-02   4.7611940e-01
   1.6572188e-02   4.7761194e-01
   1.6577308e-02   4.7910448e-01
   1.6603102e-02   4.7985075e-01
   1.6626912e-02   4.8134328e-01
   1.6637430e-02   4.8208955e-01
   1.6765822e-02   4.8283582e-01
   1.6807077e-02   4.8358209e-01
   1.6836858e-02   4.8432836e-01
   1.6865603e-02   4.8507463e-01
   1.6868161e-02   4.8731343e-01
   1.6912472e-02   4.8805970e-01
   1.6916109e-02   4.8955224e-01
   1.6917116e-02   4.9179104e-01
   1.6973214e-02   4.9253731e-01
   1.6988130e-02   4.9328358e-01
   1.7019837e-02   4.9402985e-01
   1.7049337e-02   4.9552239e-01
   1.7083577e-02   4.9626866e-01
   1.7108675e-02   4.9701493e-01
   1.7126539e-02   4.9850746e-01
   1.7165202e-02   5.0000000e-01
   1.7179498e-02   5.0074627e-01
   1.7191129e-02   5.0149254e-01
   1.7218162e-02   5.0223881e-01
   1.7220815e-02   5.0298507e-01
   1.7279489e-02   5.0522388e-01
   1.7357674e-02   5.0746269e-01
   1.7468115e-02   5.0970149e-01
   1.7496002e-02   5.1119403e-01
   1.7503845e-02   5.1268657e-01
   1.7555967e-02   5.1343284e-01
   1.7574505e-02   5.1492537e-01
   1.7610254e-02   5.1567164e-01
   1.7628412e-02   5.1641791e-01
   1.7661083e-02   5.1716418e-01
   1.7662750e-02   5.1865672e-01
   1.7700434e-02   5.1940299e-01
   1.7758714e-02   5.2014925e-01
   1.7776600e-02   5.2089552e-01
   1.7779547e-02   5.2164179e-01
   1.7814717e-02   5.2238806e-01
   1.7848048e-02   5.2313433e-01
   1.7880418e-02   5.2462687e-01
   1.7950245e-02   5.2611940e-01
   1.8061606e-02   5.2686567e-01
   1.8079544e-02   5.2761194e-01
   1.8090372e-02   5.2910448e-01
   1.8091043e-02   5.3059701e-01
   1.8109220e-02   5.3134328e-01
   1.8207981e-02   5.3208955e-01
   1.8275754e-02   5.3283582e-01
   1.8292332e-02   5.3358209e-01
   1.8297657e-02   5.3432836e-01
   1.8350349e-02   5.3507463e-01
   1.8370181e-02   5.3582090e-01
   1.8397914e-02   5.3656716e-01
   1.8408573e-02   5.3805970e-01
   1.8423199e-02   5.3880597e-01
   1.8450279e-02   5.3955224e-01
   1.8462847e-02   5.4029851e-01
   1.8467823e-02   5.4104478e-01
   1.8616017e-02   5.4179104e-01
   1.8621408e-02   5.4253731e-01
   1.8667879e-02   5.4328358e-01
   1.8683617e-02   5.4552239e-01
   1.8724434e-02   5.4626866e-01
   1.8732114e-02   5.4776119e-01
   1.8745807e-02   5.4850746e-01
   1.8758988e-02   5.4925373e-01
   1.8798745e-02   5.5000000e-01
   1.8823162e-02   5.5074627e-01
   1.8828196e-02   5.5149254e-01
   1.8871794e-02   5.5223881e-01
   1.8940921e-02   5.5298507e-01
   1.8943047e-02   5.5597015e-01
   1.8957410e-02   5.5746269e-01
   1.8963211e-02   5.5820896e-01
   1.8988166e-02   5.5895522e-01
   1.9002476e-02   5.6044776e-01
   1.9032756e-02   5.6119403e-01
   1.9060174e-02   5.6417910e-01
   1.9117811e-02   5.6567164e-01
   1.9135635e-02   5.6791045e-01
   1.9207742e-02   5.6865672e-01
   1.9229670e-02   5.6940299e-01
   1.9235710e-02   5.7089552e-01
   1.9247156e-02   5.7313433e-01
   1.9248480e-02   5.7462687e-01
   1.9266671e-02   5.7537313e-01
   1.9277445e-02   5.7611940e-01
   1.9382808e-02   5.7686567e-01
   1.9392523e-02   5.7761194e-01
   1.9403926e-02   5.7835821e-01
   1.9535264e-02   5.7910448e-01
   1.9546202e-02   5.7985075e-01
   1.9578145e-02   5.8059701e-01
   1.9578639e-02   5.8134328e-01
   1.9629766e-02   5.8208955e-01
   1.9697512e-02   5.8283582e-01
   1.9728945e-02   5.8432836e-01
   1.9783835e-02   5.8507463e-01
   1.9855029e-02   5.8582090e-01
   1.9919783e-02   5.8656716e-01
   1.9952957e-02   5.8731343e-01
   2.0028176e-02   5.8805970e-01
   2.0057352e-02   5.8880597e-01
   2.0069234e-02   5.9104478e-01
   2.0120651e-02   5.9179104e-01
   2.0123249e-02   5.9402985e-01
   2.0136440e-02   5.9477612e-01
   2.0144848e-02   5.9626866e-01
   2.0150464e-02   5.9701493e-01
   2.0168673e-02   5.9776119e-01
   2.0190280e-02   5.9850746e-01
   2.0214138e-02   5.9925373e-01
   2.0230146e-02   6.0074627e-01
   2.0247446e-02   6.0223881e-01
   2.0278983e-02   6.0298507e-01
   2.0286131e-02   6.0373134e-01
   2.0321814e-02   6.0447761e-01
   2.0342627e-02   6.0597015e-01
   2.0365584e-02   6.0671642e-01
   2.0412565e-02   6.0746269e-01
   2.0419640e-02   6.0820896e-01
   2.0422787e-02   6.0895522e-01
   2.0433761e-02   6.1044776e-01
   2.0443707e-02   6.1119403e-01
   2.0520252e-02   6.1268657e-01
   2.0536018e-02   6.1343284e-01
   2.0536719e-02   6.1492537e-01
   2.0607708e-02   6.1641791e-01
   2.0644953e-02   6.1791045e-01
   2.0720999e-02   6.1865672e-01
   2.0754227e-02   6.1940299e-01
   2.0760014e-02   6.2014925e-01
   2.0784183e-02   6.2238806e-01
   2.0785882e-02   6.2313433e-01
   2.0875050e-02   6.2388060e-01
   2.0918617e-02   6.2462687e-01
   2.0919758e-02   6.2537313e-01
   2.0939005e-02   6.2611940e-01
   2.1004289e-02   6.2761194e-01
   2.1012018e-02   6.2910448e-01
   2.1032164e-02   6.3059701e-01
   2.1067856e-02   6.3208955e-01
   2.1154267e-02   6.3283582e-01
   2.1171921e-02   6.3358209e-01
   2.1188035e-02   6.3432836e-01
   2.1271928e-02   6.3507463e-01
   2.1306661e-02   6.3582090e-01
   2.1313953e-02   6.3805970e-01
   2.1315921e-02   6.3880597e-01
   2.1384458e-02   6.4029851e-01
   2.1414431e-02   6.4104478e-01
   2.1434173e-02   6.4253731e-01
   2.1507107e-02   6.4328358e-01
   2.1517923e-02   6.4477612e-01
   2.1552501e-02   6.4552239e-01
   2.1596132e-02   6.4626866e-01
   2.1621404e-02   6.4701493e-01
   2.1654308e-02   6.4850746e-01
   2.1850242e-02   6.4925373e-01
   2.1898546e-02   6.5000000e-01
   2.1901821e-02   6.5074627e-01
   2.1906237e-02   6.5149254e-01
   2.1942230e-02   6.5223881e-01
   2.2026066e-02   6.5298507e-01
   2.2027858e-02   6.5373134e-01
   2.2075820e-02   6.5447761e-01
   2.2181424e-02   6.5522388e-01
   2.2196012e-02   6.5671642e-01
   2.2210892e-02   6.5746269e-01
   2.2241626e-02   6.5820896e-01
   2.2288148e-02   6.5895522e-01
   2.2294568e-02   6.5970149e-01
   2.2323339e-02   6.6044776e-01
   2.2410210e-02   6.6119403e-01
   2.2500012e-02   6.6194030e-01
   2.2521738e-02   6.6492537e-01
   2.2524573e-02   6.6567164e-01
   2.2533559e-02   6.6641791e-01
   2.2556110e-02   6.6716418e-01
   2.2590291e-02   6.6791045e-01
   2.2600097e-02   6.6865672e-01
   2.2609148e-02   6.6940299e-01
   2.2621554e-02   6.7014925e-01
   2.2682677e-02   6.7164179e-01
   2.2730226e-02   6.7238806e-01
   2.2780141e-02   6.7313433e-01
   2.2787381e-02   6.7388060e-01
   2.2789628e-02   6.7462687e-01
   2.2806779e-02   6.7537313e-01
   2.2860715e-02   6.7611940e-01
   2.2873350e-02   6.7835821e-01
   2.2882155e-02   6.7985075e-01
   2.2891551e-02   6.8059701e-01
   2.2909033e-02   6.8208955e-01
   2.2932716e-02   6.8283582e-01
   2.2952195e-02   6.8358209e-01
   2.2999058e-02   6.8432836e-01
   2.3082626e-02   6.8507463e-01
   2.3092548e-02   6.8656716e-01
   2.3097289e-02   6.8731343e-01
   2.3130624e-02   6.8805970e-01
   2.3142780e-02   6.8880597e-01
   2.3193232e-02   6.8955224e-01
   2.3215261e-02   6.9029851e-01
   2.3258745e-02   6.9104478e-01
   2.3275928e-02   6.9179104e-01
   2.3357045e-02   6.9253731e-01
   2.3381751e-02   6.9328358e-01
   2.3417258e-02   6.9477612e-01
   2.3433768e-02   6.9626866e-01
   2.3482276e-02   6.9701493e-01
   2.3545668e-02   6.9776119e-01
   2.3588159e-02   6.9850746e-01
   2.3623826e-02   6.9925373e-01
   2.3685684e-02   7.0000000e-01
   2.3729810e-02   7.0149254e-01
   2.3759389e-02   7.0223881e-01
   2.3823828e-02   7.0298507e-01
   2.3840498e-02   7.0373134e-01
   2.3944651e-02   7.0447761e-01
   2.3974486e-02   7.0597015e-01
   2.3993720e-02   7.0671642e-01
   2.4005524e-02   7.0746269e-01
   2.4009947e-02   7.0820896e-01
   2.4013999e-02   7.0895522e-01
   2.4018018e-02   7.0970149e-01
   2.4176845e-02   7.1119403e-01
   2.4250599e-02   7.1194030e-01
   2.4266523e-02   7.1268657e-01
   2.4278858e-02   7.1417910e-01
   2.4285965e-02   7.1567164e-01
   2.4372871e-02   7.1641791e-01
   2.4392330e-02   7.1716418e-01
   2.4422836e-02   7.1791045e-01
   2.4568078e-02   7.1865672e-01
   2.4587222e-02   7.1940299e-01
   2.4594061e-02   7.2014925e-01
   2.4654379e-02   7.2089552e-01
   2.4768688e-02   7.2164179e-01
   2.4789299e-02   7.2238806e-01
   2.4804445e-02   7.2313433e-01
   2.4859849e-02   7.2388060e-01
   2.4872066e-02   7.2462687e-01
   2.4875017e-02   7.2537313e-01
   2.4899430e-02   7.2611940e-01
   2.4904847e-02   7.2686567e-01
   2.4996437e-02   7.2761194e-01
   2.5031245e-02   7.2835821e-01
   2.5049219e-02   7.2910448e-01
   2.5077108e-02   7.2985075e-01
   2.5142599e-02   7.3059701e-01
   2.5148607e-02   7.3134328e-01
   2.5215340e-02   7.3208955e-01
   2.5356158e-02   7.3283582e-01
   2.5374027e-02   7.3358209e-01
   2.5398137e-02   7.3432836e-01
   2.5526483e-02   7.3507463e-01
   2.5534813e-02   7.3582090e-01
   2.5589107e-02   7.3656716e-01
   2.5590179e-02   7.3731343e-01
   2.5657749e-02   7.3805970e-01
   2.5658562e-02   7.3880597e-01
   2.5739915e-02   7.3955224e-01
   2.5741068e-02   7.4029851e-01
   2.5745433e-02   7.4104478e-01
   2.5840593e-02   7.4179104e-01
   2.5908445e-02   7.4253731e-01
   2.5912958e-02   7.4328358e-01
   2.5919149e-02   7.4402985e-01
   2.5919574e-02   7.4477612e-01
   2.6054747e-02   7.4552239e-01
   2.6083358e-02   7.4626866e-01
   2.6119799e-02   7.4701493e-01
   2.6183327e-02   7.4776119e-01
   2.6203435e-02   7.4850746e-01
   2.6238983e-02   7.4925373e-01
   2.6342330e-02   7.5000000e-01
   2.6345952e-02   7.5074627e-01
   2.6587566e-02   7.5223881e-01
   2.6636306e-02   7.5373134e-01
   2.6669013e-02   7.5447761e-01
   2.6675433e-02   7.5522388e-01
   2.6683387e-02   7.5597015e-01
   2.6706334e-02   7.5671642e-01
   2.6748736e-02   7.5746269e-01
   2.6756789e-02   7.5820896e-01
   2.6829818e-02   7.5895522e-01
   2.6889686e-02   7.5970149e-01
   2.6908706e-02   7.6044776e-01
   2.6925220e-02   7.6119403e-01
   2.6933247e-02   7.6194030e-01
   2.7064290e-02   7.6268657e-01
   2.7117015e-02   7.6343284e-01
   2.7242536e-02   7.6417910e-01
   2.7267588e-02   7.6492537e-01
   2.7293188e-02   7.6567164e-01
   2.7438508e-02   7.6641791e-01
   2.7476877e-02   7.6716418e-01
   2.7478677e-02   7.6791045e-01
   2.7518824e-02   7.6865672e-01
   2.7521716e-02   7.6940299e-01
   2.7554420e-02   7.7014925e-01
   2.7567856e-02   7.7089552e-01
   2.7637841e-02   7.7164179e-01
   2.7655994e-02   7.7238806e-01
   2.7837987e-02   7.7313433e-01
   2.7964614e-02   7.7388060e-01
   2.8124452e-02   7.7462687e-01
   2.8148018e-02   7.7537313e-01
   2.8191341e-02   7.7611940e-01
   2.8202821e-02   7.7686567e-01
   2.8220547e-02   7.7761194e-01
   2.8232595e-02   7.7910448e-01
   2.8258544e-02   7.7985075e-01
   2.8413728e-02   7.8059701e-01
   2.8451491e-02   7.8134328e-01
   2.8452010e-02   7.8208955e-01
   2.8551026e-02   7.8283582e-01
   2.8558388e-02   7.8432836e-01
   2.8568654e-02   7.8507463e-01
   2.8625261e-02   7.8582090e-01
   2.8741628e-02   7.8731343e-01
   2.8777951e-02   7.8805970e-01
   2.8779815e-02   7.8880597e-01
   2.8781738e-02   7.8955224e-01
   2.8848139e-02   7.9029851e-01
   2.8887113e-02   7.9104478e-01
   2.8892735e-02   7.9179104e-01
   2.9006955e-02   7.9253731e-01
   2.9012380e-02   7.9328358e-01
   2.9025146e-02   7.9402985e-01
   2.9057389e-02   7.9477612e-01
   2.9097639e-02   7.9626866e-01
   2.9152168e-02   7.9701493e-01
   2.9276691e-02   7.9850746e-01
   2.9309623e-02   7.9925373e-01
   2.9368507e-02   8.0000000e-01
   2.9368664e-02   8.0074627e-01
   2.9386619e-02   8.0223881e-01
   2.9489423e-02   8.0298507e-01
   2.9585678e-02   8.0373134e-01
   2.9592328e-02   8.0447761e-01
   2.9615211e-02   8.0522388e-01
   2.9643824e-02   8.0597015e-01
   2.9691541e-02   8.0671642e-01
   2.9726785e-02   8.0746269e-01
   2.9731848e-02   8.0820896e-01
   2.9757081e-02   8.0895522e-01
   2.9889279e-02   8.0970149e-01
   2.9890548e-02   8.1044776e-01
   2.9903825e-02   8.1119403e-01
   2.9946115e-02   8.1194030e-01
   2.9955865e-02   8.1268657e-01
   2.9965693e-02   8.1343284e-01
   3.0001442e-02   8.1417910e-01
   3.0191626e-02   8.1492537e-01
   3.0192142e-02   8.1567164e-01
   3.0211602e-02   8.1641791e-01
   3.0228768e-02   8.1716418e-01
   3.0242714e-02   8.1791045e-01
   3.0323417e-02   8.1865672e-01
   3.0482158e-02   8.1940299e-01
   3.0522526e-02   8.2014925e-01
   3.0536778e-02   8.2089552e-01
   3.0667431e-02   8.2164179e-01
   3.0738728e-02   8.2238806e-01
   3.0744436e-02   8.2313433e-01
   3.0776458e-02   8.2388060e-01
   3.0805053e-02   8.2462687e-01
   3.0813110e-02   8.2537313e-01
   3.0821307e-02   8.2611940e-01
   3.0907082e-02   8.2686567e-01
   3.1004549e-02   8.2761194e-01
   3.1075077e-02   8.2835821e-01
   3.1352144e-02   8.2910448e-01
   3.1366261e-02   8.2985075e-01
   3.1526733e-02   8.3059701e-01
   3.1617623e-02   8.3134328e-01
   3.1668032e-02   8.3283582e-01
   3.1686481e-02   8.3358209e-01
   3.1746732e-02   8.3432836e-01
   3.1970365e-02   8.3507463e-01
   3.2030894e-02   8.3582090e-01
   3.2066562e-02   8.3656716e-01
   3.2252096e-02   8.3731343e-01
   3.2260405e-02   8.3805970e-01
   3.2306611e-02   8.3880597e-01
   3.2443782e-02   8.3955224e-01
   3.2714339e-02   8.4029851e-01
   3.2823096e-02   8.4104478e-01
   3.2853429e-02   8.4179104e-01
   3.2856143e-02   8.4253731e-01
   3.3015651e-02   8.4328358e-01
   3.3038301e-02   8.4402985e-01
   3.3040294e-02   8.4477612e-01
   3.3141772e-02   8.4552239e-01
   3.3254367e-02   8.4701493e-01
   3.3445135e-02   8.4776119e-01
   3.3493857e-02   8.4850746e-01
   3.3609365e-02   8.4925373e-01
   3.3771981e-02   8.5074627e-01
   3.3888878e-02   8.5149254e-01
   3.3973498e-02   8.5223881e-01
   3.4037731e-02   8.5298507e-01
   3.4038495e-02   8.5373134e-01
   3.4084003e-02   8.5447761e-01
   3.4121659e-02   8.5522388e-01
   3.4123970e-02   8.5597015e-01
   3.4270520e-02   8.5671642e-01
   3.4313608e-02   8.5746269e-01
   3.4437440e-02   8.5820896e-01
   3.4441583e-02   8.5895522e-01
   3.4528359e-02   8.5970149e-01
   3.4674089e-02   8.6044776e-01
   3.4695048e-02   8.6119403e-01
   3.4715539e-02   8.6194030e-01
   3.4756400e-02   8.6268657e-01
   3.4838648e-02   8.6343284e-01
   3.5035486e-02   8.6417910e-01
   3.5046708e-02   8.6492537e-01
   3.5357934e-02   8.6567164e-01
   3.5506006e-02   8.6641791e-01
   3.5532698e-02   8.6716418e-01
   3.5552069e-02   8.6791045e-01
   3.5703846e-02   8.6865672e-01
   3.5736076e-02   8.6940299e-01
   3.6049219e-02   8.7014925e-01
   3.6106927e-02   8.7089552e-01
   3.6338676e-02   8.7164179e-01
   3.6339616e-02   8.7238806e-01
   3.6412172e-02   8.7313433e-01
   3.6497182e-02   8.7388060e-01
   3.6714600e-02   8.7537313e-01
   3.6802170e-02   8.7611940e-01
   3.6834386e-02   8.7686567e-01
   3.6921915e-02   8.7761194e-01
   3.7004770e-02   8.7835821e-01
   3.7013742e-02   8.7910448e-01
   3.7066233e-02   8.7985075e-01
   3.7332826e-02   8.8059701e-01
   3.7582443e-02   8.8134328e-01
   3.7655872e-02   8.8208955e-01
   3.8093423e-02   8.8283582e-01
   3.8132166e-02   8.8358209e-01
   3.8459826e-02   8.8432836e-01
   3.8655319e-02   8.8507463e-01
   3.8810951e-02   8.8582090e-01
   3.8975749e-02   8.8656716e-01
   3.9044606e-02   8.8731343e-01
   3.9119966e-02   8.8805970e-01
   3.9522799e-02   8.8880597e-01
   3.9523576e-02   8.8955224e-01
   3.9580199e-02   8.9029851e-01
   3.9648218e-02   8.9104478e-01
   3.9648721e-02   8.9179104e-01
   3.9680877e-02   8.9253731e-01
   3.9747741e-02   8.9328358e-01
   3.9880463e-02   8.9402985e-01
   3.9992705e-02   8.9477612e-01
   4.0110423e-02   8.9552239e-01
   4.0231248e-02   8.9626866e-01
   4.0607761e-02   8.9701493e-01
   4.0861585e-02   8.9776119e-01
   4.0886287e-02   8.9850746e-01
   4.1073829e-02   8.9925373e-01
   4.1205821e-02   9.0000000e-01
   4.1279636e-02   9.0074627e-01
   4.1548561e-02   9.0149254e-01
   4.1678489e-02   9.0223881e-01
   4.1885835e-02   9.0298507e-01
   4.1889489e-02   9.0373134e-01
   4.2008719e-02   9.0447761e-01
   4.2034365e-02   9.0522388e-01
   4.2053662e-02   9.0597015e-01
   4.2270012e-02   9.0671642e-01
   4.2629165e-02   9.0746269e-01
   4.2956491e-02   9.0820896e-01
   4.3145073e-02   9.0895522e-01
   4.3222109e-02   9.0970149e-01
   4.3700483e-02   9.1044776e-01
   4.4624940e-02   9.1119403e-01
   4.4799920e-02   9.1194030e-01
   4.5173149e-02   9.1268657e-01
   4.5201292e-02   9.1343284e-01
   4.5283398e-02   9.1417910e-01
   4.5288223e-02   9.1492537e-01
   4.5429278e-02   9.1567164e-01
   4.5574169e-02   9.1641791e-01
   4.5592904e-02   9.1716418e-01
   4.6448701e-02   9.1791045e-01
   4.6540318e-02   9.1865672e-01
   4.6551085e-02   9.1940299e-01
   4.6756865e-02   9.2014925e-01
   4.6804036e-02   9.2089552e-01
   4.7111238e-02   9.2164179e-01
   4.7112671e-02   9.2238806e-01
   4.7174724e-02   9.2313433e-01
   4.7185387e-02   9.2388060e-01
   4.7355995e-02   9.2462687e-01
   4.7946949e-02   9.2537313e-01
   4.8084585e-02   9.2611940e-01
   4.8557716e-02   9.2686567e-01
   4.8952829e-02   9.2761194e-01
   4.9776337e-02   9.2835821e-01
   4.9783654e-02   9.2910448e-01
   4.9852216e-02   9.2985075e-01
   4.9868415e-02   9.3059701e-01
   4.9898553e-02   9.3208955e-01
   4.9900111e-02   9.3283582e-01
   5.0320243e-02   9.3358209e-01
   5.0365185e-02   9.3432836e-01
   5.0475135e-02   9.3507463e-01
   5.0586013e-02   9.3582090e-01
   5.1490867e-02   9.3656716e-01
   5.1924514e-02   9.3731343e-01
   5.2021103e-02   9.3805970e-01
   5.3444647e-02   9.3880597e-01
   5.3611830e-02   9.3955224e-01
   5.3821101e-02   9.4029851e-01
   5.4451135e-02   9.4104478e-01
   5.4492141e-02   9.4179104e-01
   5.4799843e-02   9.4253731e-01
   5.4822699e-02   9.4328358e-01
   5.4847635e-02   9.4402985e-01
   5.5258118e-02   9.4477612e-01
   5.5399775e-02   9.4552239e-01
   5.6024182e-02   9.4626866e-01
   5.6483871e-02   9.4701493e-01
   5.7161944e-02   9.4776119e-01
   5.7460894e-02   9.4850746e-01
   5.7833059e-02   9.4925373e-01
   5.7859764e-02   9.5000000e-01
   5.8304671e-02   9.5074627e-01
   5.9874431e-02   9.5149254e-01
   6.0103172e-02   9.5223881e-01
   6.0858089e-02   9.5298507e-01
   6.1584155e-02   9.5373134e-01
   6.1610817e-02   9.5447761e-01
   6.2574169e-02   9.5522388e-01
   6.2975546e-02   9.5597015e-01
   6.3183759e-02   9.5671642e-01
   6.3518076e-02   9.5746269e-01
   6.4397560e-02   9.5820896e-01
   6.4632493e-02   9.5895522e-01
   6.4825864e-02   9.5970149e-01
   6.5056597e-02   9.6044776e-01
   6.5480314e-02   9.6119403e-01
   6.5819705e-02   9.6194030e-01
   6.6677343e-02   9.6268657e-01
   6.6880413e-02   9.6343284e-01
   6.7423907e-02   9.6417910e-01
   6.7492003e-02   9.6492537e-01
   6.7946769e-02   9.6567164e-01
   6.8906765e-02   9.6641791e-01
   6.9052905e-02   9.6716418e-01
   6.9607251e-02   9.6791045e-01
   6.9773502e-02   9.6865672e-01
   7.1672793e-02   9.6940299e-01
   7.2828226e-02   9.7014925e-01
   7.5105798e-02   9.7089552e-01
   7.6239650e-02   9.7164179e-01
   8.1388377e-02   9.7238806e-01
   8.2082513e-02   9.7313433e-01
   8.2295937e-02   9.7388060e-01
   8.2808971e-02   9.7462687e-01
   8.4221141e-02   9.7537313e-01
   8.6202739e-02   9.7611940e-01
   8.6758849e-02   9.7686567e-01
   8.7019806e-02   9.7761194e-01
   9.1145149e-02   9.7835821e-01
   9.2200985e-02   9.7910448e-01
   9.4280633e-02   9.7985075e-01
   9.8861599e-02   9.8059701e-01
   9.9858528e-02   9.8134328e-01
   1.0069637e-01   9.8208955e-01
   1.0096531e-01   9.8283582e-01
   1.0149600e-01   9.8358209e-01
   1.0151260e-01   9.8432836e-01
   1.0236006e-01   9.8507463e-01
   1.0248692e-01   9.8582090e-01
   1.0329553e-01   9.8656716e-01
   1.0380757e-01   9.8731343e-01
   1.0446875e-01   9.8805970e-01
   1.0479262e-01   9.8880597e-01
   1.0818796e-01   9.8955224e-01
   1.0859084e-01   9.9029851e-01
   1.1595079e-01   9.9104478e-01
   1.1872282e-01   9.9179104e-01
   1.1995279e-01   9.9253731e-01
   1.2037274e-01   9.9328358e-01
   1.2766642e-01   9.9402985e-01
   1.2873724e-01   9.9477612e-01
   1.3850363e-01   9.9552239e-01
   1.4356979e-01   9.9626866e-01
   1.5352191e-01   9.9701493e-01
   1.5701201e-01   9.9776119e-01
   1.6421711e-01   9.9850746e-01
   1.8327391e-01   9.9925373e-01
   2.2908041e-01   1.0000000e+00
