   2.7976000e-03   0.0000000e+00
   2.7976000e-03   2.9761905e-03
   4.9728000e-03   8.9285714e-03
   5.5944000e-03   1.7857143e-02
   5.9056000e-03   2.0833333e-02
   6.2160000e-03   2.9761905e-02
   6.5272000e-03   3.2738095e-02
   6.8376000e-03   4.4642857e-02
   7.4592000e-03   5.9523810e-02
   7.7704000e-03   6.2500000e-02
   8.0808000e-03   6.8452381e-02
   8.3920000e-03   8.0357143e-02
   8.7024000e-03   1.0119048e-01
   9.0136000e-03   1.0416667e-01
   9.3240000e-03   1.1011905e-01
   9.6352000e-03   1.1607143e-01
   9.9456000e-03   1.2500000e-01
   1.0256800e-02   1.3392857e-01
   1.0567200e-02   1.3690476e-01
   1.0878400e-02   1.4285714e-01
   1.1188800e-02   1.5178571e-01
   1.1500000e-02   1.6071429e-01
   1.1810400e-02   1.6964286e-01
   1.2121600e-02   1.7857143e-01
   1.2432000e-02   1.9940476e-01
   1.2743200e-02   2.1428571e-01
   1.3053600e-02   2.2321429e-01
   1.3364800e-02   2.2619048e-01
   1.3675200e-02   2.4107143e-01
   1.3986400e-02   2.5000000e-01
   1.4296800e-02   2.5297619e-01
   1.4608000e-02   2.5595238e-01
   1.4918400e-02   2.6190476e-01
   1.5229600e-02   2.7083333e-01
   1.5540000e-02   2.7976190e-01
   1.5851200e-02   2.8273810e-01
   1.6161600e-02   2.8869048e-01
   1.6472800e-02   2.9166667e-01
   1.6783200e-02   3.0059524e-01
   1.7094400e-02   3.0357143e-01
   1.7404800e-02   3.3630952e-01
   1.7716000e-02   3.4821429e-01
   1.8026400e-02   3.5714286e-01
   1.8337600e-02   3.6904762e-01
   1.8648000e-02   3.8690476e-01
   1.8959200e-02   3.9285714e-01
   1.9269600e-02   3.9880952e-01
   1.9580800e-02   4.1071429e-01
   1.9891200e-02   4.2559524e-01
   2.0202400e-02   4.3452381e-01
   2.0512800e-02   4.4345238e-01
   2.1134400e-02   4.4940476e-01
   2.1445600e-02   4.5833333e-01
   2.1756000e-02   4.6726190e-01
   2.2067200e-02   4.7023810e-01
   2.2377600e-02   4.7916667e-01
   2.2688800e-02   4.8511905e-01
   2.2999200e-02   4.9404762e-01
   2.3310400e-02   4.9702381e-01
   2.3620800e-02   5.0297619e-01
   2.3932000e-02   5.1190476e-01
   2.4242400e-02   5.1785714e-01
   2.4553600e-02   5.2380952e-01
   2.4864000e-02   5.3273810e-01
   2.5175200e-02   5.3571429e-01
   2.5485600e-02   5.3869048e-01
   2.5796800e-02   5.4464286e-01
   2.6107200e-02   5.4761905e-01
   2.6418400e-02   5.5654762e-01
   2.6728800e-02   5.6547619e-01
   2.7040000e-02   5.7142857e-01
   2.7350400e-02   5.7738095e-01
   2.7661600e-02   5.8035714e-01
   2.7972000e-02   5.8630952e-01
   2.8283200e-02   5.8928571e-01
   2.8593600e-02   5.9226190e-01
   2.8904800e-02   6.0119048e-01
   2.9215200e-02   6.0416667e-01
   2.9836800e-02   6.1309524e-01
   3.0148000e-02   6.2202381e-01
   3.0769600e-02   6.2500000e-01
   3.1080000e-02   6.3095238e-01
   3.1391200e-02   6.4285714e-01
   3.1701600e-02   6.4880952e-01
   3.2323200e-02   6.5178571e-01
   3.2944800e-02   6.5476190e-01
   3.3256000e-02   6.5773810e-01
   3.3566400e-02   6.6666667e-01
   3.3877600e-02   6.8452381e-01
   3.4499200e-02   6.9642857e-01
   3.4809600e-02   7.0238095e-01
   3.5120800e-02   7.0535714e-01
   3.5431200e-02   7.1726190e-01
   3.5742400e-02   7.2321429e-01
   3.6364000e-02   7.2916667e-01
   3.6674400e-02   7.3214286e-01
   3.6985600e-02   7.3511905e-01
   3.7296000e-02   7.3809524e-01
   3.7607200e-02   7.4404762e-01
   3.8228800e-02   7.4702381e-01
   3.8539200e-02   7.5595238e-01
   3.8850400e-02   7.6488095e-01
   3.9160800e-02   7.7083333e-01
   3.9472000e-02   7.7380952e-01
   4.0093600e-02   7.7976190e-01
   4.0404000e-02   7.8273810e-01
   4.0715200e-02   7.9464286e-01
   4.1647200e-02   7.9761905e-01
   4.1958400e-02   8.0059524e-01
   4.2580000e-02   8.0654762e-01
   4.2890400e-02   8.0952381e-01
   4.3823200e-02   8.1250000e-01
   4.4133600e-02   8.1547619e-01
   4.4444800e-02   8.1845238e-01
   4.4755200e-02   8.2142857e-01
   4.5066400e-02   8.3035714e-01
   4.5376800e-02   8.3333333e-01
   4.5688000e-02   8.3630952e-01
   4.6309600e-02   8.4226190e-01
   4.6620000e-02   8.5416667e-01
   4.7241600e-02   8.6011905e-01
   4.7552800e-02   8.6309524e-01
   4.8174400e-02   8.6607143e-01
   4.9417600e-02   8.6904762e-01
   4.9728000e-02   8.7202381e-01
   5.0971200e-02   8.7500000e-01
   5.1282400e-02   8.9285714e-01
   5.1904000e-02   9.0178571e-01
   5.2525600e-02   9.0476190e-01
   5.3147200e-02   9.0773810e-01
   5.3768800e-02   9.1369048e-01
   5.4390400e-02   9.1666667e-01
   5.4700800e-02   9.1964286e-01
   5.5633600e-02   9.2261905e-01
   5.9673600e-02   9.2559524e-01
   6.0606400e-02   9.3452381e-01
   6.0916800e-02   9.4047619e-01
   6.1228000e-02   9.4345238e-01
   6.1849600e-02   9.4642857e-01
   6.4336000e-02   9.4940476e-01
   6.4957600e-02   9.5238095e-01
   6.6200800e-02   9.5535714e-01
   6.6511200e-02   9.5833333e-01
   6.6822400e-02   9.6130952e-01
   6.8065600e-02   9.6428571e-01
   6.8687200e-02   9.7023810e-01
   7.2105600e-02   9.7321429e-01
   8.0186400e-02   9.7619048e-01
   8.1119200e-02   9.7916667e-01
   8.1429600e-02   9.8214286e-01
   8.1740800e-02   9.8511905e-01
   8.3294400e-02   9.8809524e-01
   9.7902400e-02   9.9107143e-01
   9.8524000e-02   9.9404762e-01
   1.1064480e-01   9.9702381e-01
   1.1375280e-01   1.0000000e+00
