   5.0808000e-03   0.0000000e+00
   5.0808000e-03   3.2154341e-03
   5.5424000e-03   6.4308682e-03
   6.0048000e-03   1.9292605e-02
   6.4664000e-03   2.8938907e-02
   6.9288000e-03   3.5369775e-02
   7.3904000e-03   3.8585209e-02
   7.8520000e-03   6.1093248e-02
   8.3144000e-03   6.7524116e-02
   8.7760000e-03   8.0385852e-02
   9.2376000e-03   9.0032154e-02
   9.7000000e-03   9.6463023e-02
   1.0161600e-02   1.1254019e-01
   1.0623200e-02   1.3183280e-01
   1.1085600e-02   1.5434084e-01
   1.1547200e-02   1.6720257e-01
   1.2009600e-02   1.8971061e-01
   1.2471200e-02   2.1221865e-01
   1.2932800e-02   2.2508039e-01
   1.3395200e-02   2.4115756e-01
   1.3856800e-02   2.5401929e-01
   1.4318400e-02   2.7652733e-01
   1.4780800e-02   2.8295820e-01
   1.5242400e-02   2.8938907e-01
   1.5704000e-02   3.1189711e-01
   1.6166400e-02   3.3118971e-01
   1.6628000e-02   3.4083601e-01
   1.7090400e-02   3.7299035e-01
   1.7552000e-02   3.8906752e-01
   1.8013600e-02   4.1479100e-01
   1.8476000e-02   4.2765273e-01
   1.8937600e-02   4.4051447e-01
   1.9399200e-02   4.5016077e-01
   1.9861600e-02   4.6623794e-01
   2.0323200e-02   4.7909968e-01
   2.0785600e-02   5.0160772e-01
   2.1247200e-02   5.0803859e-01
   2.1708800e-02   5.2090032e-01
   2.2171200e-02   5.2733119e-01
   2.2632800e-02   5.4340836e-01
   2.3094400e-02   5.4983923e-01
   2.3556800e-02   5.5305466e-01
   2.4018400e-02   5.7234727e-01
   2.4480000e-02   5.8842444e-01
   2.4942400e-02   6.0128617e-01
   2.5404000e-02   6.2379421e-01
   2.5866400e-02   6.3665595e-01
   2.6328000e-02   6.3987138e-01
   2.6789600e-02   6.4951768e-01
   2.7252000e-02   6.5916399e-01
   2.7713600e-02   6.6559486e-01
   2.8175200e-02   6.6881029e-01
   2.8637600e-02   6.7845659e-01
   2.9099200e-02   6.8167203e-01
   3.0023200e-02   6.8810289e-01
   3.0484800e-02   6.9453376e-01
   3.0947200e-02   7.0739550e-01
   3.1408800e-02   7.1704180e-01
   3.1870400e-02   7.2668810e-01
   3.2794400e-02   7.2990354e-01
   3.3256000e-02   7.3311897e-01
   3.3718400e-02   7.3633441e-01
   3.4180000e-02   7.4598071e-01
   3.5565600e-02   7.5241158e-01
   3.6028000e-02   7.5562701e-01
   3.6951200e-02   7.5884244e-01
   3.7413600e-02   7.6848875e-01
   3.7875200e-02   7.7170418e-01
   3.8336800e-02   7.7813505e-01
   3.8799200e-02   7.8135048e-01
   3.9260800e-02   7.9099678e-01
   3.9723200e-02   7.9742765e-01
   4.0184800e-02   8.1350482e-01
   4.0646400e-02   8.2315113e-01
   4.1108800e-02   8.2958199e-01
   4.1570400e-02   8.3279743e-01
   4.2494400e-02   8.3601286e-01
   4.2956000e-02   8.3922830e-01
   4.3418400e-02   8.4244373e-01
   4.3880000e-02   8.4565916e-01
   4.4341600e-02   8.5209003e-01
   4.5265600e-02   8.5852090e-01
   4.5727200e-02   8.6495177e-01
   4.7575200e-02   8.6816720e-01
   4.8036800e-02   8.7781350e-01
   4.9422400e-02   8.8102894e-01
   4.9884800e-02   8.9067524e-01
   5.1270400e-02   8.9389068e-01
   5.4041600e-02   8.9710611e-01
   5.4965600e-02   9.0032154e-01
   5.6351200e-02   9.0353698e-01
   5.6812800e-02   9.0996785e-01
   5.9122400e-02   9.1318328e-01
   5.9584000e-02   9.1639871e-01
   6.0046400e-02   9.1961415e-01
   6.1432000e-02   9.2282958e-01
   6.3279200e-02   9.2604502e-01
   6.5127200e-02   9.2926045e-01
   6.6050400e-02   9.3247588e-01
   7.4827200e-02   9.3569132e-01
   7.5750400e-02   9.3890675e-01
   7.6212800e-02   9.4212219e-01
   7.9445600e-02   9.4533762e-01
   8.2679200e-02   9.5176849e-01
   8.3140800e-02   9.5819936e-01
   8.8221600e-02   9.6141479e-01
   9.3764800e-02   9.6463023e-01
   9.4688000e-02   9.6784566e-01
   9.6536000e-02   9.7106109e-01
   9.7921600e-02   9.7427653e-01
   9.8383200e-02   9.7749196e-01
   9.9768800e-02   9.8070740e-01
   1.0207840e-01   9.8392283e-01
   1.1316400e-01   9.8713826e-01
   1.5288720e-01   9.9035370e-01
   1.5612000e-01   9.9356913e-01
   1.6582000e-01   9.9678457e-01
   1.6628160e-01   1.0000000e+00
