   3.5256000e-03   0.0000000e+00
   3.5256000e-03   2.8503563e-03
   3.9176000e-03   7.1258907e-03
   4.3096000e-03   1.7577197e-02
   4.7016000e-03   3.5154394e-02
   5.0928000e-03   6.4133017e-02
   5.4848000e-03   9.5011876e-02
   5.8768000e-03   1.2589074e-01
   6.2680000e-03   2.0760095e-01
   6.6600000e-03   2.5178147e-01
   7.0520000e-03   2.9738717e-01
   7.4440000e-03   3.7624703e-01
   7.8352000e-03   4.1567696e-01
   8.2272000e-03   4.5938242e-01
   8.6192000e-03   5.1116390e-01
   9.0104000e-03   5.4869359e-01
   9.4024000e-03   5.8384798e-01
   9.7944000e-03   6.1330166e-01
   1.0186400e-02   6.4133017e-01
   1.0577600e-02   6.6508314e-01
   1.0969600e-02   6.8361045e-01
   1.1361600e-02   7.1496437e-01
   1.1752800e-02   7.3681710e-01
   1.2144800e-02   7.5581948e-01
   1.2536800e-02   7.8194774e-01
   1.2928800e-02   7.9144893e-01
   1.3320000e-02   7.9904988e-01
   1.3712000e-02   8.2422803e-01
   1.4104000e-02   8.3230404e-01
   1.4496000e-02   8.4275534e-01
   1.4887200e-02   8.5510689e-01
   1.5279200e-02   8.6270784e-01
   1.5671200e-02   8.7173397e-01
   1.6062400e-02   8.8028504e-01
   1.6454400e-02   8.8598575e-01
   1.6846400e-02   8.9263658e-01
   1.7238400e-02   8.9833729e-01
   1.7629600e-02   9.0641330e-01
   1.8021600e-02   9.1021378e-01
   1.8413600e-02   9.1353919e-01
   1.8804800e-02   9.2446556e-01
   1.9196800e-02   9.2636580e-01
   1.9588800e-02   9.2826603e-01
   1.9980800e-02   9.3396675e-01
   2.0372000e-02   9.3539192e-01
   2.0764000e-02   9.4204276e-01
   2.1156000e-02   9.4869359e-01
   2.1547200e-02   9.5154394e-01
   2.1939200e-02   9.5534442e-01
   2.2331200e-02   9.5866983e-01
   2.2723200e-02   9.6104513e-01
   2.3114400e-02   9.6199525e-01
   2.3506400e-02   9.6294537e-01
   2.3898400e-02   9.6627078e-01
   2.4289600e-02   9.6769596e-01
   2.4681600e-02   9.6959620e-01
   2.5073600e-02   9.7007126e-01
   2.5464800e-02   9.7149644e-01
   2.5856800e-02   9.7339667e-01
   2.6248800e-02   9.7767221e-01
   2.6640800e-02   9.7957245e-01
   2.7032000e-02   9.8004751e-01
   2.7424000e-02   9.8099762e-01
   2.8207200e-02   9.8147268e-01
   2.8599200e-02   9.8384798e-01
   2.8991200e-02   9.8527316e-01
   2.9774400e-02   9.8622328e-01
   3.0166400e-02   9.8669834e-01
   3.1733600e-02   9.8717340e-01
   3.2516800e-02   9.8812352e-01
   3.3300800e-02   9.8859857e-01
   3.3692800e-02   9.8907363e-01
   3.6043200e-02   9.8954869e-01
   3.6826400e-02   9.9002375e-01
   3.7218400e-02   9.9049881e-01
   3.8001600e-02   9.9097387e-01
   3.9568800e-02   9.9144893e-01
   4.0352800e-02   9.9192399e-01
   4.1136000e-02   9.9239905e-01
   4.1920000e-02   9.9287411e-01
   4.3878400e-02   9.9334917e-01
   4.5053600e-02   9.9382423e-01
   4.5837600e-02   9.9477435e-01
   4.7404800e-02   9.9524941e-01
   4.8188000e-02   9.9572447e-01
   4.8580000e-02   9.9619952e-01
   5.0538400e-02   9.9667458e-01
   5.3672800e-02   9.9714964e-01
   5.5632000e-02   9.9762470e-01
   5.6415200e-02   9.9809976e-01
   6.6992800e-02   9.9857482e-01
   6.9735200e-02   9.9904988e-01
   7.5612000e-02   9.9952494e-01
   8.1488800e-02   1.0000000e+00
