   5.0088000e-03   0.0000000e+00
   5.0088000e-03   1.6666667e-02
   1.0017600e-02   3.3333333e-02
   1.1807200e-02   5.0000000e-02
   1.2522400e-02   6.6666667e-02
   1.2880000e-02   8.3333333e-02
   1.3596000e-02   1.0000000e-01
   1.3953600e-02   1.1666667e-01
   1.4311200e-02   1.3333333e-01
   1.6458400e-02   1.5000000e-01
   1.6816000e-02   1.6666667e-01
   1.7173600e-02   1.8333333e-01
   1.7531200e-02   2.0000000e-01
   1.9320000e-02   2.3333333e-01
   2.0036000e-02   3.0000000e-01
   2.2540000e-02   3.1666667e-01
   2.3256000e-02   3.3333333e-01
   2.5044800e-02   3.6666667e-01
   2.5760000e-02   4.0000000e-01
   2.6118400e-02   4.1666667e-01
   2.8264800e-02   4.5000000e-01
   2.8622400e-02   4.6666667e-01
   2.9696000e-02   4.8333333e-01
   3.1127200e-02   5.0000000e-01
   3.1842400e-02   5.1666667e-01
   3.2200000e-02   5.3333333e-01
   3.2558400e-02   5.5000000e-01
   3.2916000e-02   5.6666667e-01
   3.3631200e-02   5.8333333e-01
   3.3989600e-02   6.0000000e-01
   3.5420800e-02   6.1666667e-01
   3.6851200e-02   6.3333333e-01
   3.7209600e-02   6.5000000e-01
   4.0071200e-02   6.8333333e-01
   4.1502400e-02   7.0000000e-01
   4.1860800e-02   7.3333333e-01
   4.2576000e-02   7.5000000e-01
   4.3649600e-02   7.6666667e-01
   4.4722400e-02   7.8333333e-01
   4.6153600e-02   8.1666667e-01
   4.6869600e-02   8.5000000e-01
   4.9016000e-02   8.6666667e-01
   4.9373600e-02   8.8333333e-01
   5.1162400e-02   9.0000000e-01
   5.3309600e-02   9.1666667e-01
   5.5813600e-02   9.3333333e-01
   5.8676000e-02   9.6666667e-01
   7.2272000e-02   9.8333333e-01
   8.0858400e-02   1.0000000e+00
