   5.2693824e-03   0.0000000e+00
   5.2693824e-03   2.5641026e-03
   5.6987547e-03   5.1282051e-03
   6.6237651e-03   7.6923077e-03
   6.7806454e-03   1.0256410e-02
   7.2488429e-03   1.2820513e-02
   7.7195337e-03   1.5384615e-02
   8.0535396e-03   1.7948718e-02
   8.0915995e-03   2.0512821e-02
   8.4877885e-03   2.3076923e-02
   8.6483569e-03   2.5641026e-02
   8.8849598e-03   2.8205128e-02
   8.9097642e-03   3.0769231e-02
   9.2516865e-03   3.5897436e-02
   9.3717342e-03   4.1025641e-02
   9.6001184e-03   4.3589744e-02
   9.8175815e-03   4.6153846e-02
   9.8736551e-03   4.8717949e-02
   1.0110072e-02   5.1282051e-02
   1.0184509e-02   5.3846154e-02
   1.0292528e-02   5.6410256e-02
   1.0520246e-02   5.8974359e-02
   1.0626808e-02   6.1538462e-02
   1.0650574e-02   6.4102564e-02
   1.0793731e-02   6.6666667e-02
   1.0949179e-02   6.9230769e-02
   1.1005951e-02   7.1794872e-02
   1.1052602e-02   7.4358974e-02
   1.1119670e-02   7.6923077e-02
   1.1219913e-02   7.9487179e-02
   1.1232288e-02   8.2051282e-02
   1.1316650e-02   8.4615385e-02
   1.1586135e-02   8.7179487e-02
   1.1714082e-02   8.9743590e-02
   1.2349633e-02   9.2307692e-02
   1.2396447e-02   9.7435897e-02
   1.2418564e-02   1.0000000e-01
   1.2467320e-02   1.0256410e-01
   1.2640408e-02   1.0512821e-01
   1.2651334e-02   1.0769231e-01
   1.2678335e-02   1.1025641e-01
   1.3060800e-02   1.1282051e-01
   1.3112794e-02   1.1538462e-01
   1.3248084e-02   1.1794872e-01
   1.3359449e-02   1.2051282e-01
   1.4300025e-02   1.2564103e-01
   1.4767681e-02   1.2820513e-01
   1.4777601e-02   1.3076923e-01
   1.4795545e-02   1.3333333e-01
   1.4944553e-02   1.3589744e-01
   1.4994708e-02   1.3846154e-01
   1.5053618e-02   1.4102564e-01
   1.5108272e-02   1.4358974e-01
   1.5193126e-02   1.4615385e-01
   1.5276983e-02   1.4871795e-01
   1.5744433e-02   1.5128205e-01
   1.6239027e-02   1.5384615e-01
   1.6600142e-02   1.5641026e-01
   1.6693718e-02   1.5897436e-01
   1.6831921e-02   1.6153846e-01
   1.7249669e-02   1.6410256e-01
   1.7325895e-02   1.6923077e-01
   1.7390977e-02   1.7179487e-01
   1.7514858e-02   1.7435897e-01
   1.7531190e-02   1.7692308e-01
   1.7542964e-02   1.7948718e-01
   1.7556573e-02   1.8205128e-01
   1.7738557e-02   1.8461538e-01
   1.7769920e-02   1.8717949e-01
   1.7792984e-02   1.8974359e-01
   1.7909056e-02   1.9230769e-01
   1.8034415e-02   1.9487179e-01
   1.8037145e-02   1.9743590e-01
   1.8075121e-02   2.0000000e-01
   1.8083729e-02   2.0256410e-01
   1.8258067e-02   2.0512821e-01
   1.8344127e-02   2.0769231e-01
   1.8537485e-02   2.1025641e-01
   1.8546433e-02   2.1282051e-01
   1.8978907e-02   2.1538462e-01
   1.9008021e-02   2.1794872e-01
   1.9098469e-02   2.2051282e-01
   1.9117182e-02   2.2307692e-01
   1.9129636e-02   2.2564103e-01
   1.9241896e-02   2.2820513e-01
   1.9383236e-02   2.3076923e-01
   1.9864446e-02   2.3333333e-01
   2.0002802e-02   2.3589744e-01
   2.0174432e-02   2.3846154e-01
   2.0509412e-02   2.4102564e-01
   2.0645043e-02   2.4358974e-01
   2.1065241e-02   2.4615385e-01
   2.1078176e-02   2.5128205e-01
   2.1169916e-02   2.5384615e-01
   2.1280976e-02   2.5641026e-01
   2.1524658e-02   2.5897436e-01
   2.1634201e-02   2.6153846e-01
   2.1897926e-02   2.6410256e-01
   2.1974113e-02   2.6666667e-01
   2.2067324e-02   2.6923077e-01
   2.2142842e-02   2.7179487e-01
   2.2178047e-02   2.7435897e-01
   2.2205048e-02   2.7692308e-01
   2.2206178e-02   2.7948718e-01
   2.2230270e-02   2.8205128e-01
   2.2239340e-02   2.8461538e-01
   2.2793536e-02   2.8717949e-01
   2.2963188e-02   2.8974359e-01
   2.2999609e-02   2.9230769e-01
   2.3428843e-02   2.9487179e-01
   2.3486532e-02   2.9743590e-01
   2.3712780e-02   3.0000000e-01
   2.3915985e-02   3.0256410e-01
   2.4179465e-02   3.0512821e-01
   2.4260432e-02   3.0769231e-01
   2.4554248e-02   3.1025641e-01
   2.4939142e-02   3.1282051e-01
   2.5037324e-02   3.1538462e-01
   2.5037501e-02   3.1794872e-01
   2.5243220e-02   3.2051282e-01
   2.5248421e-02   3.2307692e-01
   2.5316332e-02   3.2564103e-01
   2.6087031e-02   3.2820513e-01
   2.6167000e-02   3.3076923e-01
   2.6225589e-02   3.3333333e-01
   2.6357067e-02   3.3589744e-01
   2.6406119e-02   3.3846154e-01
   2.6415428e-02   3.4102564e-01
   2.6429980e-02   3.4358974e-01
   2.6436919e-02   3.4615385e-01
   2.6646330e-02   3.4871795e-01
   2.6648384e-02   3.5128205e-01
   2.6745230e-02   3.5384615e-01
   2.6821431e-02   3.5641026e-01
   2.6877759e-02   3.5897436e-01
   2.6879435e-02   3.6153846e-01
   2.7030050e-02   3.6410256e-01
   2.7181244e-02   3.6666667e-01
   2.7192000e-02   3.6923077e-01
   2.7280338e-02   3.7179487e-01
   2.7610440e-02   3.7435897e-01
   2.7721414e-02   3.7692308e-01
   2.7960069e-02   3.7948718e-01
   2.8358722e-02   3.8205128e-01
   2.8397490e-02   3.8461538e-01
   2.8658051e-02   3.8717949e-01
   2.8705810e-02   3.8974359e-01
   2.8829615e-02   3.9230769e-01
   2.8882713e-02   3.9743590e-01
   2.9000326e-02   4.0000000e-01
   2.9014507e-02   4.0256410e-01
   2.9028659e-02   4.0512821e-01
   2.9074046e-02   4.0769231e-01
   2.9100232e-02   4.1025641e-01
   2.9177726e-02   4.1282051e-01
   2.9265512e-02   4.1538462e-01
   2.9441032e-02   4.1794872e-01
   2.9570960e-02   4.2051282e-01
   2.9727455e-02   4.2307692e-01
   2.9811293e-02   4.2564103e-01
   3.0217219e-02   4.2820513e-01
   3.0340077e-02   4.3076923e-01
   3.0445753e-02   4.3333333e-01
   3.1032387e-02   4.3589744e-01
   3.1121089e-02   4.3846154e-01
   3.1193473e-02   4.4102564e-01
   3.1224764e-02   4.4358974e-01
   3.1434863e-02   4.4615385e-01
   3.1488199e-02   4.4871795e-01
   3.1730427e-02   4.5128205e-01
   3.1845341e-02   4.5384615e-01
   3.2028909e-02   4.5641026e-01
   3.2086935e-02   4.5897436e-01
   3.2258218e-02   4.6153846e-01
   3.2556060e-02   4.6410256e-01
   3.2586947e-02   4.6666667e-01
   3.2680310e-02   4.7179487e-01
   3.2927791e-02   4.7435897e-01
   3.3086634e-02   4.7692308e-01
   3.3157805e-02   4.7948718e-01
   3.3889152e-02   4.8205128e-01
   3.3889428e-02   4.8461538e-01
   3.3943977e-02   4.8717949e-01
   3.3949031e-02   4.8974359e-01
   3.4193812e-02   4.9230769e-01
   3.4211956e-02   4.9487179e-01
   3.4248897e-02   4.9743590e-01
   3.4616330e-02   5.0000000e-01
   3.4627574e-02   5.0256410e-01
   3.4712506e-02   5.0512821e-01
   3.5074737e-02   5.0769231e-01
   3.5294179e-02   5.1025641e-01
   3.5841187e-02   5.1282051e-01
   3.5891359e-02   5.1538462e-01
   3.6008539e-02   5.1794872e-01
   3.6068831e-02   5.2051282e-01
   3.6113375e-02   5.2307692e-01
   3.6520570e-02   5.2564103e-01
   3.6691468e-02   5.2820513e-01
   3.7104146e-02   5.3076923e-01
   3.7115084e-02   5.3333333e-01
   3.7123874e-02   5.3589744e-01
   3.7230926e-02   5.3846154e-01
   3.7282282e-02   5.4102564e-01
   3.7298145e-02   5.4358974e-01
   3.7889878e-02   5.4615385e-01
   3.7922416e-02   5.4871795e-01
   3.8195246e-02   5.5128205e-01
   3.8258663e-02   5.5384615e-01
   3.8720923e-02   5.5641026e-01
   3.8867933e-02   5.5897436e-01
   3.8987992e-02   5.6153846e-01
   3.9887725e-02   5.6410256e-01
   3.9969762e-02   5.6666667e-01
   4.0327553e-02   5.6923077e-01
   4.0371082e-02   5.7179487e-01
   4.0437927e-02   5.7435897e-01
   4.0618462e-02   5.7692308e-01
   4.0685504e-02   5.7948718e-01
   4.0730972e-02   5.8205128e-01
   4.0958754e-02   5.8461538e-01
   4.1087933e-02   5.8717949e-01
   4.1252602e-02   5.8974359e-01
   4.1746089e-02   5.9230769e-01
   4.1866615e-02   5.9487179e-01
   4.1882291e-02   5.9743590e-01
   4.2501133e-02   6.0000000e-01
   4.2663254e-02   6.0256410e-01
   4.3500215e-02   6.0512821e-01
   4.3851377e-02   6.0769231e-01
   4.4057948e-02   6.1025641e-01
   4.4806706e-02   6.1282051e-01
   4.5351494e-02   6.1538462e-01
   4.5745627e-02   6.1794872e-01
   4.5894704e-02   6.2051282e-01
   4.6266895e-02   6.2307692e-01
   4.6666798e-02   6.2564103e-01
   4.6675775e-02   6.2820513e-01
   4.6961179e-02   6.3076923e-01
   4.7278607e-02   6.3333333e-01
   4.7359009e-02   6.3589744e-01
   4.7707794e-02   6.3846154e-01
   4.7924932e-02   6.4102564e-01
   4.8163215e-02   6.4358974e-01
   4.8167726e-02   6.4615385e-01
   4.8247624e-02   6.4871795e-01
   4.8512324e-02   6.5128205e-01
   4.8955397e-02   6.5384615e-01
   4.8972700e-02   6.5641026e-01
   4.9451402e-02   6.5897436e-01
   4.9606091e-02   6.6153846e-01
   4.9747684e-02   6.6410256e-01
   4.9984956e-02   6.6666667e-01
   5.0054773e-02   6.6923077e-01
   5.0069642e-02   6.7179487e-01
   5.0374303e-02   6.7435897e-01
   5.0415954e-02   6.7692308e-01
   5.0768799e-02   6.7948718e-01
   5.0866278e-02   6.8205128e-01
   5.1398156e-02   6.8461538e-01
   5.1622591e-02   6.8717949e-01
   5.1664818e-02   6.8974359e-01
   5.1815616e-02   6.9230769e-01
   5.1839689e-02   6.9487179e-01
   5.1869423e-02   6.9743590e-01
   5.2074528e-02   7.0000000e-01
   5.2143163e-02   7.0256410e-01
   5.2173519e-02   7.0512821e-01
   5.2202035e-02   7.0769231e-01
   5.2272405e-02   7.1025641e-01
   5.2826235e-02   7.1282051e-01
   5.2876232e-02   7.1538462e-01
   5.3132552e-02   7.1794872e-01
   5.3367501e-02   7.2051282e-01
   5.3422728e-02   7.2307692e-01
   5.3587970e-02   7.2564103e-01
   5.3641232e-02   7.2820513e-01
   5.3959074e-02   7.3076923e-01
   5.4103020e-02   7.3333333e-01
   5.4270575e-02   7.3589744e-01
   5.4496955e-02   7.3846154e-01
   5.4716518e-02   7.4102564e-01
   5.4758074e-02   7.4358974e-01
   5.4774761e-02   7.4615385e-01
   5.4785843e-02   7.4871795e-01
   5.4923359e-02   7.5128205e-01
   5.5207254e-02   7.5384615e-01
   5.5373087e-02   7.5641026e-01
   5.5870585e-02   7.5897436e-01
   5.6095699e-02   7.6153846e-01
   5.6991617e-02   7.6410256e-01
   5.7808153e-02   7.6666667e-01
   5.7834779e-02   7.6923077e-01
   5.7912608e-02   7.7179487e-01
   5.8377751e-02   7.7435897e-01
   5.8724724e-02   7.7692308e-01
   5.8881531e-02   7.7948718e-01
   5.9150858e-02   7.8205128e-01
   5.9714569e-02   7.8461538e-01
   5.9836348e-02   7.8717949e-01
   6.0199738e-02   7.8974359e-01
   6.0966010e-02   7.9230769e-01
   6.1080792e-02   7.9487179e-01
   6.2112045e-02   7.9743590e-01
   6.3212421e-02   8.0000000e-01
   6.3306909e-02   8.0256410e-01
   6.3691855e-02   8.0512821e-01
   6.3842381e-02   8.0769231e-01
   6.4532726e-02   8.1025641e-01
   6.4796797e-02   8.1282051e-01
   6.5167915e-02   8.1538462e-01
   6.5339183e-02   8.1794872e-01
   6.5915690e-02   8.2051282e-01
   6.6315849e-02   8.2307692e-01
   6.6605611e-02   8.2564103e-01
   6.6638528e-02   8.2820513e-01
   6.6865395e-02   8.3076923e-01
   6.6997886e-02   8.3333333e-01
   6.7094452e-02   8.3589744e-01
   6.7270447e-02   8.3846154e-01
   6.7559786e-02   8.4102564e-01
   6.8848545e-02   8.4358974e-01
   6.8867104e-02   8.4615385e-01
   6.8973018e-02   8.4871795e-01
   6.9163045e-02   8.5128205e-01
   7.0490452e-02   8.5384615e-01
   7.0535007e-02   8.5641026e-01
   7.0629678e-02   8.5897436e-01
   7.1138812e-02   8.6153846e-01
   7.1522383e-02   8.6410256e-01
   7.1571796e-02   8.6666667e-01
   7.1627719e-02   8.6923077e-01
   7.1964811e-02   8.7179487e-01
   7.2518540e-02   8.7435897e-01
   7.2620496e-02   8.7692308e-01
   7.3515383e-02   8.7948718e-01
   7.4655953e-02   8.8205128e-01
   7.5506986e-02   8.8461538e-01
   7.5693027e-02   8.8717949e-01
   7.7191639e-02   8.8974359e-01
   7.9042028e-02   8.9230769e-01
   7.9981518e-02   8.9487179e-01
   8.0121856e-02   8.9743590e-01
   8.2098947e-02   9.0000000e-01
   8.2544601e-02   9.0256410e-01
   8.2936871e-02   9.0512821e-01
   8.3590769e-02   9.0769231e-01
   8.5299094e-02   9.1025641e-01
   8.6166428e-02   9.1282051e-01
   8.7619570e-02   9.1538462e-01
   8.7683456e-02   9.1794872e-01
   8.9203356e-02   9.2051282e-01
   9.0623734e-02   9.2307692e-01
   9.1062708e-02   9.2564103e-01
   9.1199056e-02   9.2820513e-01
   9.1623633e-02   9.3076923e-01
   9.2006348e-02   9.3333333e-01
   9.2950426e-02   9.3589744e-01
   9.7701665e-02   9.3846154e-01
   9.8980317e-02   9.4102564e-01
   1.0019547e-01   9.4358974e-01
   1.0108371e-01   9.4615385e-01
   1.0151979e-01   9.4871795e-01
   1.0342432e-01   9.5128205e-01
   1.0452428e-01   9.5384615e-01
   1.0566023e-01   9.5641026e-01
   1.0829260e-01   9.5897436e-01
   1.0922702e-01   9.6153846e-01
   1.1075164e-01   9.6410256e-01
   1.1212282e-01   9.6666667e-01
   1.1244127e-01   9.6923077e-01
   1.1391012e-01   9.7179487e-01
   1.1440401e-01   9.7435897e-01
   1.1540718e-01   9.7692308e-01
   1.2428058e-01   9.7948718e-01
   1.2996107e-01   9.8205128e-01
   1.3061741e-01   9.8461538e-01
   1.3327291e-01   9.8717949e-01
   1.3682838e-01   9.8974359e-01
   1.6033263e-01   9.9230769e-01
   1.9080682e-01   9.9487179e-01
   1.9370765e-01   9.9743590e-01
   2.0605160e-01   1.0000000e+00
