   4.2464000e-03   0.0000000e+00
   4.2464000e-03   1.0416667e-02
   4.6712000e-03   3.1250000e-02
   5.0952000e-03   6.5972222e-02
   5.5200000e-03   1.1111111e-01
   5.9448000e-03   1.4930556e-01
   6.3696000e-03   1.7361111e-01
   6.7944000e-03   2.1527778e-01
   7.2184000e-03   2.2916667e-01
   7.6432000e-03   2.4305556e-01
   8.0680000e-03   2.9861111e-01
   8.4928000e-03   3.1944444e-01
   8.9176000e-03   3.4027778e-01
   9.3416000e-03   3.6805556e-01
   9.7664000e-03   3.8888889e-01
   1.0191200e-02   4.1319444e-01
   1.0616000e-02   4.2013889e-01
   1.1040000e-02   4.4444444e-01
   1.1464800e-02   4.5138889e-01
   1.1889600e-02   4.5486111e-01
   1.2314400e-02   4.7916667e-01
   1.2739200e-02   4.9652778e-01
   1.3163200e-02   5.0694444e-01
   1.3588000e-02   5.3472222e-01
   1.4012800e-02   5.3819444e-01
   1.4437600e-02   5.5555556e-01
   1.4862400e-02   5.7638889e-01
   1.5286400e-02   5.9027778e-01
   1.5711200e-02   6.0416667e-01
   1.6136000e-02   6.2152778e-01
   1.6560800e-02   6.2847222e-01
   1.6984800e-02   6.3541667e-01
   1.7409600e-02   6.4236111e-01
   1.7834400e-02   6.5277778e-01
   1.8259200e-02   6.5972222e-01
   1.8684000e-02   6.7013889e-01
   1.9108000e-02   6.8055556e-01
   1.9532800e-02   6.9444444e-01
   1.9957600e-02   7.1180556e-01
   2.0382400e-02   7.1527778e-01
   2.2080800e-02   7.2916667e-01
   2.2505600e-02   7.3263889e-01
   2.2929600e-02   7.3611111e-01
   2.3354400e-02   7.4305556e-01
   2.3779200e-02   7.5000000e-01
   2.4204000e-02   7.5347222e-01
   2.4628800e-02   7.6041667e-01
   2.5052800e-02   7.6388889e-01
   2.5477600e-02   7.6736111e-01
   2.5902400e-02   7.7777778e-01
   2.6327200e-02   7.8472222e-01
   2.6751200e-02   7.9166667e-01
   2.7176000e-02   7.9513889e-01
   2.7600800e-02   7.9861111e-01
   2.8025600e-02   8.0208333e-01
   2.8450400e-02   8.0555556e-01
   2.9299200e-02   8.1250000e-01
   3.0573600e-02   8.1944444e-01
   3.1847200e-02   8.2291667e-01
   3.3970400e-02   8.2986111e-01
   3.6942400e-02   8.3333333e-01
   3.7792000e-02   8.3680556e-01
   3.8216800e-02   8.4027778e-01
   3.8640800e-02   8.4375000e-01
   4.3312000e-02   8.4722222e-01
   4.4161600e-02   8.5069444e-01
   4.6708800e-02   8.5416667e-01
   4.7558400e-02   8.5763889e-01
   4.9256800e-02   8.6111111e-01
   5.0530400e-02   8.6458333e-01
   5.2653600e-02   8.7152778e-01
   5.4352800e-02   8.7500000e-01
   5.4776800e-02   8.7847222e-01
   5.6476000e-02   8.8194444e-01
   6.4543200e-02   8.8541667e-01
   6.5817600e-02   8.8888889e-01
   7.0488000e-02   8.9236111e-01
   7.0912800e-02   8.9583333e-01
   7.6432800e-02   8.9930556e-01
   7.7707200e-02   9.0277778e-01
   7.8556000e-02   9.0625000e-01
   7.8980800e-02   9.0972222e-01
   7.9405600e-02   9.1319444e-01
   7.9830400e-02   9.2013889e-01
   8.4076800e-02   9.2708333e-01
   8.8322400e-02   9.3055556e-01
   9.2568800e-02   9.3402778e-01
   9.5116800e-02   9.3750000e-01
   1.0233520e-01   9.4097222e-01
   1.0785600e-01   9.4444444e-01
   1.1974560e-01   9.4791667e-01
   1.2186800e-01   9.5138889e-01
   1.2908720e-01   9.5486111e-01
   1.3375760e-01   9.5833333e-01
   1.3588080e-01   9.6527778e-01
   1.3715520e-01   9.6875000e-01
   1.4012720e-01   9.7222222e-01
   1.5074320e-01   9.7569444e-01
   1.8726080e-01   9.7916667e-01
   1.9363040e-01   9.8263889e-01
   2.0806800e-01   9.8611111e-01
   2.4840800e-01   9.8958333e-01
   2.6029760e-01   9.9305556e-01
   2.6709120e-01   9.9652778e-01
   2.7855600e-01   1.0000000e+00
