   5.3196650e-03   0.0000000e+00
   5.3196650e-03   2.5380711e-03
   7.0692037e-03   5.0761421e-03
   7.9762069e-03   7.6142132e-03
   8.0762615e-03   1.0152284e-02
   8.1000796e-03   1.2690355e-02
   8.4730095e-03   1.5228426e-02
   9.3188705e-03   1.7766497e-02
   9.5522420e-03   2.2842640e-02
   9.8181146e-03   2.5380711e-02
   9.9718699e-03   2.7918782e-02
   1.0011773e-02   3.0456853e-02
   1.0320782e-02   3.2994924e-02
   1.0639146e-02   3.5532995e-02
   1.0666241e-02   3.8071066e-02
   1.0682845e-02   4.3147208e-02
   1.0762606e-02   4.5685279e-02
   1.0990854e-02   4.8223350e-02
   1.1265980e-02   5.0761421e-02
   1.1274428e-02   5.3299492e-02
   1.1516049e-02   5.5837563e-02
   1.1567827e-02   5.8375635e-02
   1.1631640e-02   6.3451777e-02
   1.1774988e-02   6.5989848e-02
   1.1836281e-02   6.8527919e-02
   1.1975974e-02   7.1065990e-02
   1.2027145e-02   7.3604061e-02
   1.2158573e-02   7.6142132e-02
   1.2298147e-02   8.1218274e-02
   1.2332522e-02   8.3756345e-02
   1.2402844e-02   8.6294416e-02
   1.2645205e-02   8.8832487e-02
   1.2699190e-02   9.3908629e-02
   1.2911342e-02   9.6446701e-02
   1.2994217e-02   9.8984772e-02
   1.3068214e-02   1.0152284e-01
   1.3271944e-02   1.0406091e-01
   1.3583491e-02   1.0659898e-01
   1.3633620e-02   1.0913706e-01
   1.3984927e-02   1.1167513e-01
   1.4043555e-02   1.1421320e-01
   1.4586411e-02   1.1675127e-01
   1.4624390e-02   1.1928934e-01
   1.4664384e-02   1.2182741e-01
   1.4812028e-02   1.2436548e-01
   1.5016815e-02   1.2690355e-01
   1.5094096e-02   1.2944162e-01
   1.5387664e-02   1.3197970e-01
   1.5639008e-02   1.3451777e-01
   1.5905759e-02   1.3705584e-01
   1.5924560e-02   1.3959391e-01
   1.5950786e-02   1.4213198e-01
   1.6148141e-02   1.4467005e-01
   1.6153132e-02   1.4720812e-01
   1.6273425e-02   1.4974619e-01
   1.6284310e-02   1.5228426e-01
   1.6355102e-02   1.5482234e-01
   1.6360704e-02   1.5736041e-01
   1.6546082e-02   1.5989848e-01
   1.6592463e-02   1.6243655e-01
   1.6629916e-02   1.6497462e-01
   1.6679262e-02   1.6751269e-01
   1.6733126e-02   1.7005076e-01
   1.6826139e-02   1.7258883e-01
   1.7032522e-02   1.7512690e-01
   1.7230248e-02   1.7766497e-01
   1.7350619e-02   1.8020305e-01
   1.7617892e-02   1.8274112e-01
   1.7673507e-02   1.8527919e-01
   1.7879649e-02   1.8781726e-01
   1.7964527e-02   1.9035533e-01
   1.8172152e-02   1.9289340e-01
   1.8291057e-02   1.9543147e-01
   1.8356443e-02   1.9796954e-01
   1.8458548e-02   2.0050761e-01
   1.8610609e-02   2.0304569e-01
   1.8639841e-02   2.0558376e-01
   1.8787089e-02   2.0812183e-01
   1.8845768e-02   2.1065990e-01
   1.8848172e-02   2.1319797e-01
   1.8940773e-02   2.1573604e-01
   1.9048479e-02   2.1827411e-01
   1.9132053e-02   2.2081218e-01
   1.9222407e-02   2.2335025e-01
   1.9275181e-02   2.2588832e-01
   1.9296866e-02   2.2842640e-01
   1.9423942e-02   2.3096447e-01
   1.9441254e-02   2.3350254e-01
   1.9512028e-02   2.3604061e-01
   1.9518632e-02   2.4111675e-01
   1.9658969e-02   2.4365482e-01
   1.9775902e-02   2.4619289e-01
   2.0138194e-02   2.4873096e-01
   2.0191781e-02   2.5126904e-01
   2.0330228e-02   2.5380711e-01
   2.0547727e-02   2.5634518e-01
   2.0787922e-02   2.5888325e-01
   2.0936980e-02   2.6142132e-01
   2.0959246e-02   2.6395939e-01
   2.1001072e-02   2.6649746e-01
   2.1150278e-02   2.6903553e-01
   2.1266306e-02   2.7157360e-01
   2.1279147e-02   2.7411168e-01
   2.1603257e-02   2.7664975e-01
   2.1627511e-02   2.7918782e-01
   2.1672050e-02   2.8426396e-01
   2.1705572e-02   2.8680203e-01
   2.1931851e-02   2.8934010e-01
   2.1946477e-02   2.9187817e-01
   2.2056256e-02   2.9441624e-01
   2.2099384e-02   2.9695431e-01
   2.2210892e-02   2.9949239e-01
   2.2270007e-02   3.0203046e-01
   2.2278166e-02   3.0456853e-01
   2.2312980e-02   3.0710660e-01
   2.2410258e-02   3.0964467e-01
   2.2462682e-02   3.1218274e-01
   2.2618047e-02   3.1472081e-01
   2.2710406e-02   3.1725888e-01
   2.2937123e-02   3.1979695e-01
   2.2999712e-02   3.2233503e-01
   2.3275878e-02   3.2487310e-01
   2.3286563e-02   3.2741117e-01
   2.3600649e-02   3.2994924e-01
   2.3754487e-02   3.3248731e-01
   2.3807085e-02   3.3502538e-01
   2.3948815e-02   3.3756345e-01
   2.4084632e-02   3.4010152e-01
   2.4132329e-02   3.4263959e-01
   2.4229912e-02   3.4517766e-01
   2.4299144e-02   3.4771574e-01
   2.4305702e-02   3.5025381e-01
   2.4326873e-02   3.5279188e-01
   2.4345807e-02   3.5532995e-01
   2.4377000e-02   3.5786802e-01
   2.4479060e-02   3.6040609e-01
   2.4515042e-02   3.6294416e-01
   2.4676923e-02   3.6548223e-01
   2.4925207e-02   3.6802030e-01
   2.4975722e-02   3.7055838e-01
   2.5263855e-02   3.7309645e-01
   2.5290678e-02   3.7563452e-01
   2.5437452e-02   3.7817259e-01
   2.5478465e-02   3.8071066e-01
   2.5559602e-02   3.8324873e-01
   2.5604070e-02   3.8578680e-01
   2.5609212e-02   3.8832487e-01
   2.5625228e-02   3.9086294e-01
   2.5850847e-02   3.9340102e-01
   2.5919149e-02   3.9593909e-01
   2.6066572e-02   3.9847716e-01
   2.6122779e-02   4.0101523e-01
   2.6318833e-02   4.0355330e-01
   2.6407323e-02   4.0609137e-01
   2.6607783e-02   4.0862944e-01
   2.6640704e-02   4.1116751e-01
   2.6644513e-02   4.1370558e-01
   2.6678004e-02   4.1624365e-01
   2.6748736e-02   4.1878173e-01
   2.6763415e-02   4.2131980e-01
   2.6952457e-02   4.2385787e-01
   2.7301282e-02   4.2639594e-01
   2.7314163e-02   4.2893401e-01
   2.7369891e-02   4.3147208e-01
   2.7589485e-02   4.3401015e-01
   2.7615453e-02   4.3654822e-01
   2.7616943e-02   4.3908629e-01
   2.7934785e-02   4.4162437e-01
   2.7969280e-02   4.4416244e-01
   2.8019901e-02   4.4670051e-01
   2.8093260e-02   4.4923858e-01
   2.8284618e-02   4.5177665e-01
   2.8327941e-02   4.5431472e-01
   2.8359544e-02   4.5685279e-01
   2.8781738e-02   4.5939086e-01
   2.9237112e-02   4.6192893e-01
   2.9249377e-02   4.6446701e-01
   2.9313608e-02   4.6700508e-01
   2.9333147e-02   4.6954315e-01
   2.9431740e-02   4.7208122e-01
   2.9522954e-02   4.7461929e-01
   2.9575912e-02   4.7715736e-01
   2.9590355e-02   4.7969543e-01
   3.0006109e-02   4.8223350e-01
   3.0104085e-02   4.8477157e-01
   3.0491726e-02   4.8730964e-01
   3.0571578e-02   4.8984772e-01
   3.0800233e-02   4.9238579e-01
   3.0960160e-02   4.9492386e-01
   3.1236945e-02   4.9746193e-01
   3.1245327e-02   5.0000000e-01
   3.1250241e-02   5.0253807e-01
   3.1343380e-02   5.0507614e-01
   3.1352142e-02   5.0761421e-01
   3.1368515e-02   5.1015228e-01
   3.1536977e-02   5.1269036e-01
   3.1589276e-02   5.1522843e-01
   3.1633776e-02   5.1776650e-01
   3.1825983e-02   5.2030457e-01
   3.1914083e-02   5.2284264e-01
   3.2015041e-02   5.2538071e-01
   3.2145059e-02   5.2791878e-01
   3.2255910e-02   5.3045685e-01
   3.2279146e-02   5.3299492e-01
   3.2337146e-02   5.3553299e-01
   3.2499265e-02   5.4060914e-01
   3.2973134e-02   5.4314721e-01
   3.3171430e-02   5.4568528e-01
   3.3229487e-02   5.4822335e-01
   3.3466251e-02   5.5076142e-01
   3.3490439e-02   5.5329949e-01
   3.3652796e-02   5.5583756e-01
   3.3811054e-02   5.5837563e-01
   3.3926933e-02   5.6091371e-01
   3.3928726e-02   5.6345178e-01
   3.4439034e-02   5.6598985e-01
   3.4590504e-02   5.6852792e-01
   3.4610278e-02   5.7106599e-01
   3.5139610e-02   5.7360406e-01
   3.5374264e-02   5.7614213e-01
   3.6191864e-02   5.7868020e-01
   3.6555811e-02   5.8121827e-01
   3.6585158e-02   5.8375635e-01
   3.6629820e-02   5.8629442e-01
   3.6815680e-02   5.8883249e-01
   3.6919393e-02   5.9137056e-01
   3.6984905e-02   5.9390863e-01
   3.7126721e-02   5.9644670e-01
   3.7207937e-02   5.9898477e-01
   3.7321717e-02   6.0152284e-01
   3.7360246e-02   6.0406091e-01
   3.7590069e-02   6.0659898e-01
   3.7626114e-02   6.0913706e-01
   3.7696808e-02   6.1167513e-01
   3.7809741e-02   6.1421320e-01
   3.7934979e-02   6.1675127e-01
   3.8221054e-02   6.1928934e-01
   3.8329590e-02   6.2182741e-01
   3.8470290e-02   6.2436548e-01
   3.8546289e-02   6.2690355e-01
   3.8713621e-02   6.2944162e-01
   3.8755060e-02   6.3197970e-01
   3.8847344e-02   6.3451777e-01
   3.8907308e-02   6.3705584e-01
   3.9336431e-02   6.3959391e-01
   3.9402113e-02   6.4213198e-01
   3.9550118e-02   6.4467005e-01
   3.9815693e-02   6.4720812e-01
   4.0113993e-02   6.4974619e-01
   4.0122026e-02   6.5228426e-01
   4.0282317e-02   6.5482234e-01
   4.0383044e-02   6.5736041e-01
   4.0570810e-02   6.5989848e-01
   4.0660456e-02   6.6243655e-01
   4.0765189e-02   6.6497462e-01
   4.0774005e-02   6.6751269e-01
   4.0880836e-02   6.7005076e-01
   4.0966413e-02   6.7258883e-01
   4.1105655e-02   6.7512690e-01
   4.1245296e-02   6.7766497e-01
   4.1296896e-02   6.8020305e-01
   4.1529070e-02   6.8274112e-01
   4.1564438e-02   6.8527919e-01
   4.1729666e-02   6.8781726e-01
   4.1816009e-02   6.9035533e-01
   4.1916145e-02   6.9289340e-01
   4.1976774e-02   6.9543147e-01
   4.2236030e-02   6.9796954e-01
   4.2557703e-02   7.0050761e-01
   4.3321098e-02   7.0304569e-01
   4.3440703e-02   7.0558376e-01
   4.3582287e-02   7.0812183e-01
   4.3667968e-02   7.1065990e-01
   4.3873766e-02   7.1319797e-01
   4.4195716e-02   7.1573604e-01
   4.4446858e-02   7.1827411e-01
   4.4532959e-02   7.2081218e-01
   4.4592923e-02   7.2335025e-01
   4.4869311e-02   7.2588832e-01
   4.4901447e-02   7.2842640e-01
   4.5077735e-02   7.3096447e-01
   4.5433047e-02   7.3350254e-01
   4.5591492e-02   7.3604061e-01
   4.5598318e-02   7.3857868e-01
   4.5794111e-02   7.4111675e-01
   4.6220339e-02   7.4365482e-01
   4.6249552e-02   7.4619289e-01
   4.6403436e-02   7.4873096e-01
   4.6462712e-02   7.5126904e-01
   4.6744336e-02   7.5380711e-01
   4.6866298e-02   7.5634518e-01
   4.7296895e-02   7.5888325e-01
   4.8018244e-02   7.6142132e-01
   4.8633859e-02   7.6395939e-01
   4.8683667e-02   7.6649746e-01
   4.8968819e-02   7.7157360e-01
   4.9152169e-02   7.7411168e-01
   4.9691764e-02   7.7664975e-01
   5.0075668e-02   7.7918782e-01
   5.0094000e-02   7.8172589e-01
   5.0233940e-02   7.8426396e-01
   5.1114749e-02   7.8680203e-01
   5.1508008e-02   7.8934010e-01
   5.1657988e-02   7.9187817e-01
   5.2011772e-02   7.9441624e-01
   5.2282484e-02   7.9695431e-01
   5.2367138e-02   8.0203046e-01
   5.3121020e-02   8.0456853e-01
   5.3259277e-02   8.0710660e-01
   5.4451134e-02   8.0964467e-01
   5.4457269e-02   8.1218274e-01
   5.4787155e-02   8.1472081e-01
   5.4951405e-02   8.1725888e-01
   5.5837225e-02   8.1979695e-01
   5.6293109e-02   8.2233503e-01
   5.6556016e-02   8.2487310e-01
   5.7028589e-02   8.2741117e-01
   5.7055419e-02   8.2994924e-01
   5.7078111e-02   8.3248731e-01
   5.7278660e-02   8.3502538e-01
   5.8453371e-02   8.3756345e-01
   5.8516646e-02   8.4010152e-01
   5.8943318e-02   8.4263959e-01
   5.9027822e-02   8.4517766e-01
   5.9495580e-02   8.4771574e-01
   5.9543080e-02   8.5025381e-01
   5.9649245e-02   8.5279188e-01
   6.0292341e-02   8.5532995e-01
   6.0406475e-02   8.5786802e-01
   6.1225075e-02   8.6040609e-01
   6.1638944e-02   8.6294416e-01
   6.2658595e-02   8.6548223e-01
   6.2910371e-02   8.6802030e-01
   6.3273942e-02   8.7055838e-01
   6.4613565e-02   8.7309645e-01
   6.4653598e-02   8.7563452e-01
   6.4989443e-02   8.7817259e-01
   6.5177829e-02   8.8071066e-01
   6.6767008e-02   8.8324873e-01
   6.6841575e-02   8.8578680e-01
   6.7022499e-02   8.8832487e-01
   6.7127004e-02   8.9086294e-01
   6.7867768e-02   8.9340102e-01
   6.7875919e-02   8.9593909e-01
   6.8817418e-02   8.9847716e-01
   6.9117788e-02   9.0101523e-01
   6.9531116e-02   9.0355330e-01
   6.9643761e-02   9.0609137e-01
   7.0699582e-02   9.0862944e-01
   7.0744807e-02   9.1116751e-01
   7.1417447e-02   9.1370558e-01
   7.2511191e-02   9.1624365e-01
   7.3551573e-02   9.1878173e-01
   7.4096108e-02   9.2131980e-01
   7.4656967e-02   9.2385787e-01
   7.4818616e-02   9.2639594e-01
   7.5297721e-02   9.2893401e-01
   7.5996327e-02   9.3147208e-01
   7.6875358e-02   9.3401015e-01
   7.6911608e-02   9.3654822e-01
   7.7619373e-02   9.3908629e-01
   7.7995761e-02   9.4162437e-01
   7.8421923e-02   9.4416244e-01
   8.0137935e-02   9.4670051e-01
   8.2405209e-02   9.4923858e-01
   8.4915558e-02   9.5177665e-01
   8.6823848e-02   9.5685279e-01
   8.9570155e-02   9.5939086e-01
   9.2067525e-02   9.6192893e-01
   9.4327952e-02   9.6446701e-01
   9.6064772e-02   9.6700508e-01
   9.6273597e-02   9.6954315e-01
   9.6444831e-02   9.7208122e-01
   1.0007313e-01   9.7461929e-01
   1.0691097e-01   9.7715736e-01
   1.0729708e-01   9.7969543e-01
   1.0733908e-01   9.8223350e-01
   1.0799722e-01   9.8477157e-01
   1.1690070e-01   9.8730964e-01
   1.1978510e-01   9.8984772e-01
   1.1995309e-01   9.9238579e-01
   1.2548299e-01   9.9492386e-01
   1.4517549e-01   9.9746193e-01
   1.7970812e-01   1.0000000e+00
