   1.9664000e-03   0.0000000e+00
   1.9664000e-03   2.8490028e-03
   2.3600000e-03   1.7094017e-02
   2.7528000e-03   1.9943020e-02
   3.1464000e-03   3.1339031e-02
   3.5400000e-03   3.7037037e-02
   3.9328000e-03   5.9829060e-02
   4.3264000e-03   6.2678063e-02
   4.7200000e-03   7.9772080e-02
   5.1128000e-03   9.9715100e-02
   5.5064000e-03   1.1111111e-01
   5.9000000e-03   1.2820513e-01
   6.2928000e-03   1.5384615e-01
   6.6864000e-03   1.6239316e-01
   7.0800000e-03   1.6809117e-01
   7.4728000e-03   2.1937322e-01
   7.8664000e-03   2.4786325e-01
   8.2600000e-03   2.8490028e-01
   8.6528000e-03   3.0769231e-01
   9.0464000e-03   3.2763533e-01
   9.4392000e-03   3.5042735e-01
   9.8328000e-03   3.7037037e-01
   1.0226400e-02   3.9031339e-01
   1.0619200e-02   4.1310541e-01
   1.1012800e-02   4.2165242e-01
   1.1406400e-02   4.3019943e-01
   1.1799200e-02   4.4729345e-01
   1.2192800e-02   4.7293447e-01
   1.2585600e-02   4.7578348e-01
   1.2979200e-02   4.8433048e-01
   1.3372800e-02   4.9002849e-01
   1.3766400e-02   5.2136752e-01
   1.4159200e-02   5.3276353e-01
   1.4552800e-02   5.4415954e-01
   1.4945600e-02   5.5270655e-01
   1.5339200e-02   5.6410256e-01
   1.5732800e-02   5.6980057e-01
   1.6125600e-02   5.7834758e-01
   1.6519200e-02   5.8404558e-01
   1.6912800e-02   5.8689459e-01
   1.7699200e-02   5.8974359e-01
   1.8092800e-02   6.0398860e-01
   1.8879200e-02   6.1538462e-01
   1.9272800e-02   6.2678063e-01
   1.9665600e-02   6.3532764e-01
   2.0059200e-02   6.4102564e-01
   2.0452000e-02   6.4672365e-01
   2.0845600e-02   6.4957265e-01
   2.1239200e-02   6.5527066e-01
   2.2025600e-02   6.5811966e-01
   2.2419200e-02   6.6951567e-01
   2.2812000e-02   6.7521368e-01
   2.3205600e-02   6.8091168e-01
   2.3599200e-02   6.9230769e-01
   2.3992000e-02   7.0085470e-01
   2.4385600e-02   7.0370370e-01
   2.5172000e-02   7.1794872e-01
   2.5565600e-02   7.2649573e-01
   2.6352000e-02   7.3219373e-01
   2.6745600e-02   7.3504274e-01
   2.7925600e-02   7.4358974e-01
   2.8712000e-02   7.4928775e-01
   2.9104800e-02   7.5498575e-01
   2.9498400e-02   7.6068376e-01
   3.1072000e-02   7.6638177e-01
   3.1464800e-02   7.6923077e-01
   3.1858400e-02   7.7207977e-01
   3.2252000e-02   7.8062678e-01
   3.2644800e-02   7.8347578e-01
   3.3432000e-02   7.8632479e-01
   3.3824800e-02   7.9202279e-01
   3.4611200e-02   7.9487179e-01
   3.5004800e-02   7.9772080e-01
   3.6184800e-02   8.0056980e-01
   3.6578400e-02   8.0341880e-01
   3.7364800e-02   8.0626781e-01
   3.8938400e-02   8.0911681e-01
   3.9331200e-02   8.1481481e-01
   3.9724800e-02   8.1766382e-01
   4.0117600e-02   8.2051282e-01
   4.0904800e-02   8.2336182e-01
   4.1297600e-02   8.2621083e-01
   4.1691200e-02   8.2905983e-01
   4.2084800e-02   8.3760684e-01
   4.2477600e-02   8.4045584e-01
   4.2871200e-02   8.4330484e-01
   4.4444800e-02   8.4615385e-01
   4.4837600e-02   8.5185185e-01
   4.5624000e-02   8.5470085e-01
   4.6804000e-02   8.5754986e-01
   4.8771200e-02   8.6039886e-01
   4.9951200e-02   8.6324786e-01
   5.0737600e-02   8.7179487e-01
   5.1130400e-02   8.7464387e-01
   5.1524000e-02   8.7749288e-01
   5.2310400e-02   8.8034188e-01
   5.3097600e-02   8.8319088e-01
   5.4277600e-02   8.8603989e-01
   5.5064000e-02   8.9173789e-01
   5.6244000e-02   8.9458689e-01
   5.7030400e-02   8.9743590e-01
   5.7424000e-02   9.0598291e-01
   5.8210400e-02   9.0883191e-01
   5.8604000e-02   9.1452991e-01
   5.8996800e-02   9.1737892e-01
   5.9390400e-02   9.2307692e-01
   6.1356800e-02   9.2592593e-01
   6.1750400e-02   9.2877493e-01
   6.3323200e-02   9.3162393e-01
   6.3716800e-02   9.3447293e-01
   6.5290400e-02   9.3732194e-01
   6.5683200e-02   9.4017094e-01
   6.7649600e-02   9.4586895e-01
   7.0403200e-02   9.4871795e-01
   7.1189600e-02   9.5156695e-01
   7.3549600e-02   9.5441595e-01
   7.3943200e-02   9.5726496e-01
   7.4336000e-02   9.6011396e-01
   8.0629600e-02   9.6296296e-01
   8.4562400e-02   9.6581197e-01
   8.6136000e-02   9.6866097e-01
   9.0068800e-02   9.7150997e-01
   9.1248800e-02   9.7435897e-01
   9.2428800e-02   9.7720798e-01
   9.4395200e-02   9.8005698e-01
   9.4788800e-02   9.8290598e-01
   9.6361600e-02   9.8575499e-01
   1.0029520e-01   9.8860399e-01
   1.0147520e-01   9.9145299e-01
   1.1052080e-01   9.9430199e-01
   1.2350080e-01   9.9715100e-01
   1.2900720e-01   1.0000000e+00
