   4.5088000e-03   0.0000000e+00
   4.5088000e-03   3.5211268e-03
   5.1528000e-03   7.0422535e-03
   6.4416000e-03   1.4084507e-02
   7.0856000e-03   3.5211268e-02
   7.7296000e-03   7.3943662e-02
   8.3736000e-03   1.0915493e-01
   9.0176000e-03   1.3028169e-01
   9.6616000e-03   1.7605634e-01
   1.0305600e-02   2.0774648e-01
   1.0950400e-02   2.3591549e-01
   1.1594400e-02   2.5704225e-01
   1.2238400e-02   2.9577465e-01
   1.2882400e-02   3.0281690e-01
   1.3526400e-02   3.2394366e-01
   1.4170400e-02   3.4154930e-01
   1.4815200e-02   3.7323944e-01
   1.5459200e-02   3.8732394e-01
   1.6103200e-02   4.2253521e-01
   1.6747200e-02   4.2957746e-01
   1.7391200e-02   4.4014085e-01
   1.8035200e-02   4.5774648e-01
   1.8679200e-02   4.7887324e-01
   1.9324000e-02   4.8943662e-01
   1.9968000e-02   5.0352113e-01
   2.0612000e-02   5.1408451e-01
   2.1256000e-02   5.4225352e-01
   2.1900000e-02   5.4929577e-01
   2.2544000e-02   5.6338028e-01
   2.3188800e-02   5.7042254e-01
   2.3832800e-02   5.8450704e-01
   2.4476800e-02   6.0211268e-01
   2.5120800e-02   6.1619718e-01
   2.5764800e-02   6.1971831e-01
   2.6408800e-02   6.3028169e-01
   2.7052800e-02   6.4084507e-01
   2.7697600e-02   6.6197183e-01
   2.8341600e-02   6.7253521e-01
   2.8985600e-02   6.7957746e-01
   2.9629600e-02   6.9014085e-01
   3.0273600e-02   7.0774648e-01
   3.0917600e-02   7.1830986e-01
   3.1562400e-02   7.3239437e-01
   3.2206400e-02   7.3591549e-01
   3.2850400e-02   7.3943662e-01
   3.3494400e-02   7.4647887e-01
   3.4138400e-02   7.5000000e-01
   3.4782400e-02   7.5704225e-01
   3.5426400e-02   7.6056338e-01
   3.6071200e-02   7.6760563e-01
   3.7359200e-02   7.7464789e-01
   3.8003200e-02   7.7816901e-01
   3.8647200e-02   7.8521127e-01
   3.9935200e-02   7.8873239e-01
   4.1224000e-02   7.9225352e-01
   4.1868000e-02   7.9577465e-01
   4.3156000e-02   7.9929577e-01
   4.4444800e-02   8.0633803e-01
   4.6376800e-02   8.0985915e-01
   4.7020800e-02   8.1338028e-01
   4.7664800e-02   8.1690141e-01
   4.8309600e-02   8.2042254e-01
   4.9597600e-02   8.2394366e-01
   5.0241600e-02   8.2746479e-01
   5.0885600e-02   8.4154930e-01
   5.1529600e-02   8.4859155e-01
   5.2173600e-02   8.5563380e-01
   5.2817600e-02   8.5915493e-01
   5.3462400e-02   8.6267606e-01
   5.4750400e-02   8.6619718e-01
   5.5394400e-02   8.7323944e-01
   5.6682400e-02   8.8028169e-01
   5.7327200e-02   8.8380282e-01
   5.8615200e-02   8.8732394e-01
   5.9259200e-02   8.9084507e-01
   6.1836000e-02   8.9788732e-01
   6.3768000e-02   9.0140845e-01
   6.5056000e-02   9.0492958e-01
   6.6344800e-02   9.1549296e-01
   6.8276800e-02   9.1901408e-01
   6.8920800e-02   9.2253521e-01
   7.1497600e-02   9.2605634e-01
   7.4074400e-02   9.2957746e-01
   7.6006400e-02   9.3309859e-01
   7.6650400e-02   9.3661972e-01
   7.7938400e-02   9.4014085e-01
   7.8583200e-02   9.4366197e-01
   7.9227200e-02   9.4718310e-01
   8.3736000e-02   9.5070423e-01
   8.6956800e-02   9.5774648e-01
   9.0176800e-02   9.6126761e-01
   9.2753600e-02   9.6478873e-01
   9.5330400e-02   9.6830986e-01
   9.8550400e-02   9.7183099e-01
   1.2045120e-01   9.7535211e-01
   1.2496000e-01   9.7887324e-01
   1.4814800e-01   9.8239437e-01
   1.7391280e-01   9.8591549e-01
   1.7455680e-01   9.8943662e-01
   1.9903360e-01   9.9295775e-01
   2.0805120e-01   9.9647887e-01
   2.2608720e-01   1.0000000e+00
