   2.2856000e-03   0.0000000e+00
   2.2856000e-03   5.6242970e-04
   2.7432000e-03   1.6872891e-03
   3.2000000e-03   6.1867267e-03
   3.6568000e-03   7.8740157e-03
   4.1144000e-03   1.9122610e-02
   4.5712000e-03   4.8368954e-02
   5.0288000e-03   8.0427447e-02
   5.4856000e-03   1.2260967e-01
   5.9432000e-03   1.7547807e-01
   6.4000000e-03   2.3003375e-01
   6.8568000e-03   2.8402700e-01
   7.3144000e-03   3.4364454e-01
   7.7712000e-03   3.8976378e-01
   8.2288000e-03   4.3194601e-01
   8.6856000e-03   4.7694038e-01
   9.1432000e-03   5.0674916e-01
   9.6000000e-03   5.3993251e-01
   1.0056800e-02   5.7086614e-01
   1.0514400e-02   6.0348706e-01
   1.0971200e-02   6.2485939e-01
   1.1428800e-02   6.4904387e-01
   1.1885600e-02   6.7154106e-01
   1.2343200e-02   6.8785152e-01
   1.2800000e-02   7.0809899e-01
   1.3256800e-02   7.2890889e-01
   1.3714400e-02   7.4465692e-01
   1.4171200e-02   7.6040495e-01
   1.4628800e-02   7.8233971e-01
   1.5085600e-02   7.9696288e-01
   1.5543200e-02   8.0764904e-01
   1.6000000e-02   8.2339708e-01
   1.6456800e-02   8.3183352e-01
   1.6914400e-02   8.3802025e-01
   1.7371200e-02   8.4814398e-01
   1.7828800e-02   8.5489314e-01
   1.8285600e-02   8.6164229e-01
   1.8743200e-02   8.7064117e-01
   1.9200000e-02   8.7289089e-01
   1.9656800e-02   8.8076490e-01
   2.0114400e-02   8.8807649e-01
   2.0571200e-02   8.9313836e-01
   2.1028800e-02   8.9763780e-01
   2.1485600e-02   9.0438695e-01
   2.1943200e-02   9.1057368e-01
   2.2400000e-02   9.1563555e-01
   2.2856800e-02   9.1844769e-01
   2.3314400e-02   9.2519685e-01
   2.3771200e-02   9.2969629e-01
   2.4228800e-02   9.3700787e-01
   2.4685600e-02   9.4150731e-01
   2.5143200e-02   9.4431946e-01
   2.5600000e-02   9.4713161e-01
   2.6056800e-02   9.4994376e-01
   2.6514400e-02   9.5275591e-01
   2.6971200e-02   9.5556805e-01
   2.7428800e-02   9.5669291e-01
   2.7885600e-02   9.5725534e-01
   2.8343200e-02   9.5838020e-01
   2.8800000e-02   9.5894263e-01
   2.9256800e-02   9.6006749e-01
   2.9714400e-02   9.6062992e-01
   3.0171200e-02   9.6231721e-01
   3.0628800e-02   9.6344207e-01
   3.2000000e-02   9.6625422e-01
   3.2914400e-02   9.6737908e-01
   3.3371200e-02   9.6794151e-01
   3.3828800e-02   9.6850394e-01
   3.4285600e-02   9.6906637e-01
   3.4743200e-02   9.6962880e-01
   3.5200000e-02   9.7131609e-01
   3.5656800e-02   9.7356580e-01
   3.6571200e-02   9.7469066e-01
   3.7485600e-02   9.7581552e-01
   3.7943200e-02   9.7694038e-01
   3.8400000e-02   9.7750281e-01
   3.8856800e-02   9.7806524e-01
   4.0228800e-02   9.7862767e-01
   4.0685600e-02   9.7919010e-01
   4.1600000e-02   9.8031496e-01
   4.2056800e-02   9.8087739e-01
   4.3428800e-02   9.8200225e-01
   4.3885600e-02   9.8312711e-01
   4.4343200e-02   9.8368954e-01
   4.5256800e-02   9.8537683e-01
   4.5714400e-02   9.8650169e-01
   4.6628800e-02   9.8706412e-01
   4.7085600e-02   9.8875141e-01
   4.7543200e-02   9.8987627e-01
   4.9371200e-02   9.9043870e-01
   5.1200000e-02   9.9156355e-01
   5.2571200e-02   9.9212598e-01
   5.3028800e-02   9.9268841e-01
   5.3485600e-02   9.9325084e-01
   5.4856800e-02   9.9381327e-01
   5.8971200e-02   9.9437570e-01
   6.6285600e-02   9.9493813e-01
   6.8114400e-02   9.9550056e-01
   6.9485600e-02   9.9606299e-01
   7.2228800e-02   9.9662542e-01
   7.4971200e-02   9.9775028e-01
   7.5885600e-02   9.9831271e-01
   7.8171200e-02   9.9887514e-01
   8.8228800e-02   9.9943757e-01
   9.4628800e-02   1.0000000e+00
