   3.0744000e-03   0.0000000e+00
   3.0744000e-03   3.0959752e-03
   4.4408000e-03   6.1919505e-03
   5.1240000e-03   1.5479876e-02
   5.8072000e-03   1.8575851e-02
   6.1488000e-03   2.4767802e-02
   6.4904000e-03   2.7863777e-02
   6.8320000e-03   4.0247678e-02
   7.1736000e-03   4.6439628e-02
   7.5152000e-03   6.8111455e-02
   7.8568000e-03   7.4303406e-02
   8.1984000e-03   8.0495356e-02
   8.5400000e-03   1.0216718e-01
   8.8816000e-03   1.2383901e-01
   9.2232000e-03   1.3931889e-01
   9.5648000e-03   1.6099071e-01
   9.9064000e-03   1.8575851e-01
   1.0248000e-02   1.9504644e-01
   1.0589600e-02   2.0743034e-01
   1.0931200e-02   2.1362229e-01
   1.1272800e-02   2.7554180e-01
   1.1613600e-02   2.8482972e-01
   1.1955200e-02   3.0030960e-01
   1.2296800e-02   3.3436533e-01
   1.2639200e-02   3.4984520e-01
   1.2980000e-02   3.6222910e-01
   1.3321600e-02   3.7461300e-01
   1.3663200e-02   4.3343653e-01
   1.4004800e-02   4.4891641e-01
   1.4346400e-02   4.7678019e-01
   1.4688000e-02   4.8297214e-01
   1.5029600e-02   5.4489164e-01
   1.5371200e-02   5.5417957e-01
   1.5712800e-02   5.7585139e-01
   1.6054400e-02   6.0990712e-01
   1.6396000e-02   6.4705882e-01
   1.6737600e-02   6.6563467e-01
   1.7079200e-02   6.8421053e-01
   1.7420800e-02   7.0588235e-01
   1.7762400e-02   7.0897833e-01
   1.8104000e-02   7.1826625e-01
   1.8445600e-02   7.3065015e-01
   1.8787200e-02   7.3684211e-01
   1.9128800e-02   7.4613003e-01
   1.9470400e-02   7.6780186e-01
   1.9812000e-02   7.9256966e-01
   2.0153600e-02   7.9566563e-01
   2.0495200e-02   8.0495356e-01
   2.0836800e-02   8.0804954e-01
   2.1178400e-02   8.2043344e-01
   2.1520000e-02   8.2972136e-01
   2.1861600e-02   8.4210526e-01
   2.2203200e-02   8.5139319e-01
   2.2544800e-02   8.6377709e-01
   2.3228000e-02   8.6687307e-01
   2.3569600e-02   8.7925697e-01
   2.3911200e-02   8.8854489e-01
   2.4936000e-02   8.9473684e-01
   2.5619200e-02   9.0092879e-01
   2.5960800e-02   9.0712074e-01
   2.6302400e-02   9.1331269e-01
   2.7327200e-02   9.1640867e-01
   2.8352000e-02   9.1950464e-01
   2.8693600e-02   9.3188854e-01
   2.9376800e-02   9.3498452e-01
   3.0060000e-02   9.3808050e-01
   3.0401600e-02   9.4117647e-01
   3.0743200e-02   9.4427245e-01
   3.1084800e-02   9.5046440e-01
   3.1426400e-02   9.5356037e-01
   3.1768000e-02   9.5975232e-01
   3.2451200e-02   9.6284830e-01
   3.3134400e-02   9.6904025e-01
   3.4842400e-02   9.7213622e-01
   3.5183200e-02   9.7523220e-01
   3.5866400e-02   9.7832817e-01
   3.7916000e-02   9.8142415e-01
   3.9965600e-02   9.8452012e-01
   4.0307200e-02   9.8761610e-01
   4.1332000e-02   9.9380805e-01
   4.5772800e-02   9.9690402e-01
   4.8164000e-02   1.0000000e+00
