   2.3120000e-03   0.0000000e+00
   2.3120000e-03   1.1389522e-03
   3.0832000e-03   4.5558087e-03
   3.4680000e-03   1.3667426e-02
   3.8536000e-03   1.5945330e-02
   4.2392000e-03   3.7585421e-02
   4.6240000e-03   4.3280182e-02
   5.0096000e-03   7.7448747e-02
   5.3952000e-03   9.2255125e-02
   5.7800000e-03   1.1389522e-01
   6.1656000e-03   1.4920273e-01
   6.5512000e-03   1.7995444e-01
   6.9368000e-03   2.1184510e-01
   7.3216000e-03   2.4031891e-01
   7.7072000e-03   2.7448747e-01
   8.0928000e-03   3.0637813e-01
   8.4776000e-03   3.2346241e-01
   8.8632000e-03   3.6446469e-01
   9.2488000e-03   3.8268793e-01
   9.6336000e-03   3.9749431e-01
   1.0019200e-02   4.3621868e-01
   1.0404800e-02   4.4988610e-01
   1.0789600e-02   4.6810934e-01
   1.1175200e-02   4.9544419e-01
   1.1560800e-02   5.0683371e-01
   1.1946400e-02   5.2391800e-01
   1.2331200e-02   5.4328018e-01
   1.2716800e-02   5.6378132e-01
   1.3102400e-02   5.8428246e-01
   1.3487200e-02   6.0592255e-01
   1.3872800e-02   6.2414579e-01
   1.4258400e-02   6.4464692e-01
   1.4643200e-02   6.5717540e-01
   1.5028800e-02   6.7767654e-01
   1.5414400e-02   6.9134396e-01
   1.5799200e-02   7.0273349e-01
   1.6184800e-02   7.1753986e-01
   1.6570400e-02   7.2095672e-01
   1.6956000e-02   7.2892938e-01
   1.7340800e-02   7.3804100e-01
   1.7726400e-02   7.4145786e-01
   1.8112000e-02   7.5626424e-01
   1.8496800e-02   7.6537585e-01
   1.8882400e-02   7.7904328e-01
   1.9268000e-02   7.8587699e-01
   1.9653600e-02   7.9271071e-01
   2.0038400e-02   8.0296128e-01
   2.0424000e-02   8.0410023e-01
   2.0809600e-02   8.0751708e-01
   2.1194400e-02   8.1890661e-01
   2.1580000e-02   8.2801822e-01
   2.1965600e-02   8.3371298e-01
   2.2350400e-02   8.4282460e-01
   2.2736000e-02   8.4510251e-01
   2.3121600e-02   8.4851936e-01
   2.3506400e-02   8.4965831e-01
   2.3892000e-02   8.5193622e-01
   2.4662400e-02   8.5421412e-01
   2.5048000e-02   8.5876993e-01
   2.5433600e-02   8.5990888e-01
   2.5819200e-02   8.6218679e-01
   2.6204000e-02   8.6902050e-01
   2.6589600e-02   8.7015945e-01
   2.7360000e-02   8.7243736e-01
   2.7745600e-02   8.7585421e-01
   2.8131200e-02   8.7699317e-01
   2.8516000e-02   8.7813212e-01
   2.9287200e-02   8.8268793e-01
   2.9672800e-02   8.8382688e-01
   3.0057600e-02   8.8610478e-01
   3.0828800e-02   8.8724374e-01
   3.1213600e-02   8.9407745e-01
   3.1599200e-02   8.9635535e-01
   3.1984800e-02   8.9863326e-01
   3.3140800e-02   8.9977221e-01
   3.3526400e-02   9.0091116e-01
   3.3911200e-02   9.0205011e-01
   3.4296800e-02   9.0432802e-01
   3.5067200e-02   9.0660592e-01
   3.5452800e-02   9.1002278e-01
   3.6223200e-02   9.1230068e-01
   3.6608800e-02   9.1457859e-01
   3.6994400e-02   9.1571754e-01
   3.7380000e-02   9.1799544e-01
   3.8920800e-02   9.1913440e-01
   3.9306400e-02   9.2027335e-01
   3.9692000e-02   9.2141230e-01
   4.0462400e-02   9.2369021e-01
   4.0848000e-02   9.2482916e-01
   4.1232800e-02   9.2824601e-01
   4.1618400e-02   9.2938497e-01
   4.2004000e-02   9.3052392e-01
   4.2388800e-02   9.3394077e-01
   4.2774400e-02   9.3507973e-01
   4.3160000e-02   9.3621868e-01
   4.5472000e-02   9.3963554e-01
   4.6243200e-02   9.4305239e-01
   4.6628000e-02   9.4419134e-01
   4.7013600e-02   9.4533030e-01
   4.9325600e-02   9.4760820e-01
   5.1252000e-02   9.4874715e-01
   5.2408800e-02   9.4988610e-01
   5.3564800e-02   9.5102506e-01
   5.3949600e-02   9.5216401e-01
   5.7032800e-02   9.5330296e-01
   5.8959200e-02   9.5444191e-01
   5.9344800e-02   9.5785877e-01
   5.9730400e-02   9.5899772e-01
   6.1272000e-02   9.6127563e-01
   6.2428000e-02   9.6241458e-01
   6.3198400e-02   9.6469248e-01
   6.3584000e-02   9.6583144e-01
   6.5510400e-02   9.6697039e-01
   6.7822400e-02   9.6810934e-01
   6.8208000e-02   9.7038724e-01
   6.9364000e-02   9.7380410e-01
   7.1291200e-02   9.7494305e-01
   7.1676000e-02   9.7608200e-01
   7.5144800e-02   9.7722096e-01
   7.6685600e-02   9.7835991e-01
   8.0154400e-02   9.7949886e-01
   8.0539200e-02   9.8063781e-01
   8.2466400e-02   9.8177677e-01
   8.3622400e-02   9.8291572e-01
   8.6320000e-02   9.8405467e-01
   8.9402400e-02   9.8519362e-01
   9.0173600e-02   9.8633257e-01
   9.1329600e-02   9.8747153e-01
   9.7880800e-02   9.8861048e-01
   9.8651200e-02   9.8974943e-01
   9.9807200e-02   9.9088838e-01
   1.0173440e-01   9.9202733e-01
   1.0366080e-01   9.9316629e-01
   1.1637760e-01   9.9430524e-01
   1.1753360e-01   9.9544419e-01
   1.3217760e-01   9.9658314e-01
   1.3294800e-01   9.9772210e-01
   1.6955680e-01   9.9886105e-01
   1.7610800e-01   1.0000000e+00
