   2.5000000e-03   0.0000000e+00
   2.5000000e-03   2.4630542e-03
   2.9168000e-03   9.8522167e-03
   3.3336000e-03   1.2315271e-02
   3.7496000e-03   1.4778325e-02
   4.1664000e-03   3.4482759e-02
   4.5832000e-03   4.6798030e-02
   5.0000000e-03   6.6502463e-02
   5.4168000e-03   7.6354680e-02
   5.8336000e-03   8.8669951e-02
   6.2504000e-03   1.0591133e-01
   6.6664000e-03   1.1822660e-01
   7.0832000e-03   1.2561576e-01
   7.5000000e-03   1.6009852e-01
   7.9168000e-03   1.7980296e-01
   8.3336000e-03   2.0443350e-01
   8.7496000e-03   2.2660099e-01
   9.1664000e-03   2.3891626e-01
   9.5832000e-03   2.4876847e-01
   1.0000000e-02   2.7339901e-01
   1.0416800e-02   2.8571429e-01
   1.0833600e-02   3.0541872e-01
   1.1250400e-02   3.1527094e-01
   1.1666400e-02   3.2266010e-01
   1.2083200e-02   3.3251232e-01
   1.2500000e-02   3.4482759e-01
   1.2916800e-02   3.6453202e-01
   1.3333600e-02   3.7931034e-01
   1.3750400e-02   4.0147783e-01
   1.4166400e-02   4.2364532e-01
   1.4583200e-02   4.3103448e-01
   1.5000000e-02   4.5320197e-01
   1.5416800e-02   4.5566502e-01
   1.5833600e-02   4.6798030e-01
   1.6250400e-02   4.7290640e-01
   1.6666400e-02   4.8522167e-01
   1.7083200e-02   4.9261084e-01
   1.7500000e-02   5.0000000e-01
   1.7916800e-02   5.0246305e-01
   1.8333600e-02   5.0985222e-01
   1.8750400e-02   5.2955665e-01
   1.9166400e-02   5.4433498e-01
   1.9583200e-02   5.4926108e-01
   2.0000000e-02   5.5665025e-01
   2.0416800e-02   5.6403941e-01
   2.0833600e-02   5.7389163e-01
   2.1249600e-02   5.9852217e-01
   2.1666400e-02   6.0591133e-01
   2.2083200e-02   6.1083744e-01
   2.2500000e-02   6.2315271e-01
   2.2916800e-02   6.2807882e-01
   2.3333600e-02   6.3054187e-01
   2.3749600e-02   6.4039409e-01
   2.4166400e-02   6.4532020e-01
   2.4583200e-02   6.4778325e-01
   2.5000000e-02   6.5270936e-01
   2.5833600e-02   6.5763547e-01
   2.6250400e-02   6.6009852e-01
   2.6666400e-02   6.6502463e-01
   2.7083200e-02   6.6748768e-01
   2.7500000e-02   6.7733990e-01
   2.7916800e-02   6.8719212e-01
   2.8749600e-02   6.9950739e-01
   2.9166400e-02   7.0197044e-01
   2.9583200e-02   7.0443350e-01
   3.0000000e-02   7.0935961e-01
   3.0416800e-02   7.1428571e-01
   3.1250400e-02   7.1674877e-01
   3.1666400e-02   7.1921182e-01
   3.2500000e-02   7.2413793e-01
   3.3333600e-02   7.2660099e-01
   3.3750400e-02   7.3152709e-01
   3.4583200e-02   7.3399015e-01
   3.5000000e-02   7.3891626e-01
   3.5416800e-02   7.4137931e-01
   3.5833600e-02   7.4630542e-01
   3.6249600e-02   7.4876847e-01
   3.6666400e-02   7.5123153e-01
   3.7083200e-02   7.5369458e-01
   3.7500000e-02   7.5615764e-01
   3.8333600e-02   7.6354680e-01
   3.9166400e-02   7.6847291e-01
   3.9583200e-02   7.7093596e-01
   4.0416800e-02   7.7586207e-01
   4.0833600e-02   7.8078818e-01
   4.1666400e-02   7.8817734e-01
   4.2083200e-02   7.9064039e-01
   4.2500000e-02   7.9556650e-01
   4.2916800e-02   8.0049261e-01
   4.3750400e-02   8.1773399e-01
   4.4166400e-02   8.2019704e-01
   4.5000000e-02   8.2512315e-01
   4.5416800e-02   8.3004926e-01
   4.5833600e-02   8.3743842e-01
   4.6250400e-02   8.4975369e-01
   4.6666400e-02   8.5467980e-01
   4.8333600e-02   8.5714286e-01
   4.9166400e-02   8.5960591e-01
   5.0000000e-02   8.6453202e-01
   5.0416800e-02   8.6699507e-01
   5.0833600e-02   8.6945813e-01
   5.2083200e-02   8.7438424e-01
   5.2500000e-02   8.7931034e-01
   5.2916800e-02   8.8177340e-01
   5.3749600e-02   8.8423645e-01
   5.4166400e-02   8.8669951e-01
   5.4583200e-02   8.8916256e-01
   5.5000000e-02   8.9162562e-01
   5.8333600e-02   8.9408867e-01
   5.8750400e-02   8.9901478e-01
   5.9583200e-02   9.0147783e-01
   6.0833600e-02   9.0394089e-01
   6.1250400e-02   9.1133005e-01
   6.2916800e-02   9.1379310e-01
   6.3333600e-02   9.1625616e-01
   6.3749600e-02   9.2118227e-01
   6.5416800e-02   9.2364532e-01
   6.8333600e-02   9.2610837e-01
   6.8750400e-02   9.2857143e-01
   7.0833600e-02   9.3103448e-01
   7.1250400e-02   9.3349754e-01
   7.1666400e-02   9.3596059e-01
   7.2916800e-02   9.3842365e-01
   7.3333600e-02   9.4088670e-01
   7.5000000e-02   9.4334975e-01
   8.0000000e-02   9.4581281e-01
   8.1666400e-02   9.4827586e-01
   8.2083200e-02   9.5073892e-01
   8.2500000e-02   9.5320197e-01
   8.6250400e-02   9.5566502e-01
   8.7083200e-02   9.5812808e-01
   8.8333600e-02   9.6059113e-01
   8.8749600e-02   9.6305419e-01
   8.9583200e-02   9.6551724e-01
   9.2500000e-02   9.7044335e-01
   9.7916800e-02   9.7290640e-01
   9.8750400e-02   9.7536946e-01
   1.0041680e-01   9.7783251e-01
   1.0500000e-01   9.8029557e-01
   1.0666640e-01   9.8275862e-01
   1.1416640e-01   9.8522167e-01
   1.1791680e-01   9.8768473e-01
   1.1958320e-01   9.9014778e-01
   1.2750000e-01   9.9261084e-01
   1.3916640e-01   9.9507389e-01
   1.4375040e-01   9.9753695e-01
   1.6958320e-01   1.0000000e+00
