   6.7658147e-03   0.0000000e+00
   6.7658147e-03   1.8348624e-03
   7.2237029e-03   3.6697248e-03
   8.0977137e-03   5.5045872e-03
   8.2539472e-03   9.1743119e-03
   8.3744478e-03   1.1009174e-02
   8.5769243e-03   1.2844037e-02
   8.8173377e-03   1.4678899e-02
   9.2590272e-03   1.6513761e-02
   9.2781234e-03   1.8348624e-02
   9.2972755e-03   2.0183486e-02
   9.3905461e-03   2.2018349e-02
   9.6981132e-03   2.3853211e-02
   9.9736983e-03   2.9357798e-02
   9.9822577e-03   3.1192661e-02
   1.0208616e-02   3.3027523e-02
   1.0257947e-02   3.4862385e-02
   1.0327155e-02   3.6697248e-02
   1.0689278e-02   3.8532110e-02
   1.0689517e-02   4.0366972e-02
   1.0737776e-02   4.2201835e-02
   1.0834732e-02   4.5871560e-02
   1.0920930e-02   5.3211009e-02
   1.0971176e-02   5.5045872e-02
   1.1039689e-02   5.6880734e-02
   1.1066856e-02   6.0550459e-02
   1.1141447e-02   6.2385321e-02
   1.1167036e-02   6.4220183e-02
   1.1261381e-02   6.6055046e-02
   1.1397637e-02   6.7889908e-02
   1.1398511e-02   6.9724771e-02
   1.1426886e-02   7.1559633e-02
   1.1435557e-02   7.3394495e-02
   1.1556778e-02   7.5229358e-02
   1.1752330e-02   7.8899083e-02
   1.1763759e-02   8.2568807e-02
   1.1818922e-02   8.4403670e-02
   1.2108427e-02   8.9908257e-02
   1.2146110e-02   9.1743119e-02
   1.2179701e-02   9.3577982e-02
   1.2279435e-02   9.7247706e-02
   1.2348484e-02   9.9082569e-02
   1.2585510e-02   1.0091743e-01
   1.2600792e-02   1.0458716e-01
   1.2706056e-02   1.0642202e-01
   1.2820387e-02   1.0825688e-01
   1.2839643e-02   1.1009174e-01
   1.2839865e-02   1.1192661e-01
   1.2865472e-02   1.1743119e-01
   1.3002092e-02   1.1926606e-01
   1.3182238e-02   1.2110092e-01
   1.3298459e-02   1.2293578e-01
   1.3307359e-02   1.2477064e-01
   1.3319071e-02   1.2660550e-01
   1.3364829e-02   1.2844037e-01
   1.3427821e-02   1.3211009e-01
   1.3544816e-02   1.3394495e-01
   1.3558072e-02   1.3577982e-01
   1.3723622e-02   1.3944954e-01
   1.3781352e-02   1.4311927e-01
   1.3888460e-02   1.4495413e-01
   1.4007876e-02   1.4678899e-01
   1.4037799e-02   1.5045872e-01
   1.4199872e-02   1.5229358e-01
   1.4306304e-02   1.5779817e-01
   1.4343383e-02   1.5963303e-01
   1.4488796e-02   1.6146789e-01
   1.4562736e-02   1.6330275e-01
   1.4584298e-02   1.6697248e-01
   1.4665697e-02   1.7064220e-01
   1.4719566e-02   1.7614679e-01
   1.4756253e-02   1.7798165e-01
   1.4762937e-02   1.7981651e-01
   1.4872177e-02   1.8348624e-01
   1.4961320e-02   1.8715596e-01
   1.4995018e-02   1.8899083e-01
   1.5065189e-02   1.9082569e-01
   1.5168935e-02   1.9266055e-01
   1.5198014e-02   1.9449541e-01
   1.5213534e-02   1.9633028e-01
   1.5670415e-02   1.9816514e-01
   1.5676914e-02   2.0183486e-01
   1.5718411e-02   2.0366972e-01
   1.5912635e-02   2.0550459e-01
   1.6106952e-02   2.0917431e-01
   1.6168270e-02   2.1100917e-01
   1.6467905e-02   2.1467890e-01
   1.6507894e-02   2.2018349e-01
   1.6613122e-02   2.2201835e-01
   1.6768359e-02   2.2568807e-01
   1.6827508e-02   2.2752294e-01
   1.6859133e-02   2.3119266e-01
   1.6917896e-02   2.3302752e-01
   1.6957003e-02   2.3486239e-01
   1.7038481e-02   2.3669725e-01
   1.7097962e-02   2.3853211e-01
   1.7107959e-02   2.4220183e-01
   1.7153849e-02   2.4403670e-01
   1.7470295e-02   2.4587156e-01
   1.7485964e-02   2.4770642e-01
   1.7535365e-02   2.4954128e-01
   1.7548764e-02   2.5137615e-01
   1.7574175e-02   2.5321101e-01
   1.7760365e-02   2.5504587e-01
   1.7909303e-02   2.5688073e-01
   1.7968527e-02   2.5871560e-01
   1.8043771e-02   2.6055046e-01
   1.8086365e-02   2.6422018e-01
   1.8192376e-02   2.6605505e-01
   1.8289140e-02   2.6788991e-01
   1.8482883e-02   2.7155963e-01
   1.8518659e-02   2.7339450e-01
   1.8542285e-02   2.7889908e-01
   1.8557865e-02   2.8073394e-01
   1.8630725e-02   2.8623853e-01
   1.8780481e-02   2.9174312e-01
   1.8885056e-02   2.9357798e-01
   1.8990466e-02   2.9541284e-01
   1.9230721e-02   2.9724771e-01
   1.9259718e-02   2.9908257e-01
   1.9260305e-02   3.0091743e-01
   1.9351599e-02   3.0275229e-01
   1.9395096e-02   3.0642202e-01
   1.9472305e-02   3.0825688e-01
   1.9601027e-02   3.1009174e-01
   1.9643338e-02   3.1376147e-01
   1.9707140e-02   3.1559633e-01
   1.9806845e-02   3.1743119e-01
   2.0012062e-02   3.1926606e-01
   2.0034787e-02   3.2110092e-01
   2.0073196e-02   3.2293578e-01
   2.0184881e-02   3.2477064e-01
   2.0186365e-02   3.2660550e-01
   2.0224668e-02   3.2844037e-01
   2.0243824e-02   3.3027523e-01
   2.0298572e-02   3.3211009e-01
   2.0357741e-02   3.3394495e-01
   2.0433650e-02   3.3761468e-01
   2.0437923e-02   3.4128440e-01
   2.0455784e-02   3.4311927e-01
   2.0528787e-02   3.4678899e-01
   2.0696182e-02   3.4862385e-01
   2.0696935e-02   3.5412844e-01
   2.0902041e-02   3.5596330e-01
   2.0963126e-02   3.5779817e-01
   2.1011946e-02   3.5963303e-01
   2.1055099e-02   3.6146789e-01
   2.1079971e-02   3.6330275e-01
   2.1082536e-02   3.6697248e-01
   2.1155372e-02   3.6880734e-01
   2.1365376e-02   3.7064220e-01
   2.1371923e-02   3.7431193e-01
   2.1414356e-02   3.7614679e-01
   2.1415105e-02   3.7798165e-01
   2.1560619e-02   3.7981651e-01
   2.1682797e-02   3.8165138e-01
   2.1723654e-02   3.8348624e-01
   2.1801602e-02   3.8532110e-01
   2.1973370e-02   3.8715596e-01
   2.2093864e-02   3.8899083e-01
   2.2094176e-02   3.9266055e-01
   2.2134582e-02   3.9633028e-01
   2.2144229e-02   4.0000000e-01
   2.2403094e-02   4.0183486e-01
   2.2469505e-02   4.0550459e-01
   2.2523887e-02   4.1284404e-01
   2.2590157e-02   4.1651376e-01
   2.2597805e-02   4.2018349e-01
   2.2639943e-02   4.2201835e-01
   2.2695332e-02   4.2568807e-01
   2.2759909e-02   4.2752294e-01
   2.2795393e-02   4.2935780e-01
   2.2810447e-02   4.3119266e-01
   2.2815924e-02   4.3669725e-01
   2.2821304e-02   4.3853211e-01
   2.2852526e-02   4.4036697e-01
   2.2959127e-02   4.4220183e-01
   2.3004598e-02   4.4403670e-01
   2.3096164e-02   4.4587156e-01
   2.3242346e-02   4.4770642e-01
   2.3398653e-02   4.4954128e-01
   2.3417903e-02   4.5137615e-01
   2.3527616e-02   4.5321101e-01
   2.3640200e-02   4.5504587e-01
   2.3843467e-02   4.5871560e-01
   2.3867605e-02   4.6055046e-01
   2.3898401e-02   4.6238532e-01
   2.3906430e-02   4.6788991e-01
   2.3962372e-02   4.6972477e-01
   2.4215462e-02   4.7155963e-01
   2.4219219e-02   4.7339450e-01
   2.4245110e-02   4.7522936e-01
   2.4401848e-02   4.7706422e-01
   2.4448724e-02   4.7889908e-01
   2.4571282e-02   4.8256881e-01
   2.4624705e-02   4.8440367e-01
   2.4689747e-02   4.8623853e-01
   2.4745392e-02   4.8807339e-01
   2.4837523e-02   4.8990826e-01
   2.4840966e-02   4.9357798e-01
   2.4861929e-02   4.9541284e-01
   2.4928793e-02   4.9724771e-01
   2.4946879e-02   4.9908257e-01
   2.4961771e-02   5.0091743e-01
   2.5011505e-02   5.0458716e-01
   2.5012863e-02   5.0642202e-01
   2.5080886e-02   5.0825688e-01
   2.5167510e-02   5.1009174e-01
   2.5170486e-02   5.1192661e-01
   2.5202694e-02   5.1376147e-01
   2.5343178e-02   5.1559633e-01
   2.5412546e-02   5.1743119e-01
   2.5464027e-02   5.1926606e-01
   2.5483843e-02   5.2110092e-01
   2.5490491e-02   5.2293578e-01
   2.5561830e-02   5.2477064e-01
   2.5584514e-02   5.2660550e-01
   2.5640367e-02   5.2844037e-01
   2.5649166e-02   5.3027523e-01
   2.5705114e-02   5.3211009e-01
   2.5730167e-02   5.3394495e-01
   2.5730774e-02   5.3577982e-01
   2.5801826e-02   5.3944954e-01
   2.5892861e-02   5.4128440e-01
   2.5923532e-02   5.4311927e-01
   2.6004778e-02   5.4495413e-01
   2.6034555e-02   5.4678899e-01
   2.6133370e-02   5.4862385e-01
   2.6307102e-02   5.5045872e-01
   2.6365011e-02   5.5229358e-01
   2.6430181e-02   5.5412844e-01
   2.6566790e-02   5.5596330e-01
   2.6615251e-02   5.5779817e-01
   2.6638142e-02   5.6146789e-01
   2.6737798e-02   5.6330275e-01
   2.7067440e-02   5.6513761e-01
   2.7116145e-02   5.6697248e-01
   2.7231950e-02   5.6880734e-01
   2.7244501e-02   5.7064220e-01
   2.7336526e-02   5.7431193e-01
   2.7454248e-02   5.7614679e-01
   2.7539927e-02   5.7798165e-01
   2.8058943e-02   5.7981651e-01
   2.8142573e-02   5.8165138e-01
   2.8448477e-02   5.8348624e-01
   2.8495776e-02   5.8532110e-01
   2.8513477e-02   5.8715596e-01
   2.8589219e-02   5.8899083e-01
   2.8593750e-02   5.9266055e-01
   2.8610719e-02   5.9449541e-01
   2.8755768e-02   5.9633028e-01
   2.8781372e-02   5.9816514e-01
   2.8824724e-02   6.0000000e-01
   2.8888187e-02   6.0366972e-01
   2.9093209e-02   6.0550459e-01
   2.9408592e-02   6.0733945e-01
   2.9503214e-02   6.0917431e-01
   2.9536950e-02   6.1100917e-01
   2.9607918e-02   6.1284404e-01
   2.9608864e-02   6.1651376e-01
   2.9627554e-02   6.1834862e-01
   2.9728472e-02   6.2018349e-01
   2.9733952e-02   6.2201835e-01
   2.9740435e-02   6.2385321e-01
   2.9889777e-02   6.2568807e-01
   3.0038957e-02   6.2752294e-01
   3.0052967e-02   6.2935780e-01
   3.0151604e-02   6.3119266e-01
   3.0171870e-02   6.3302752e-01
   3.0175753e-02   6.3669725e-01
   3.0280584e-02   6.3853211e-01
   3.0392231e-02   6.4036697e-01
   3.0499943e-02   6.4220183e-01
   3.0624985e-02   6.4403670e-01
   3.1006527e-02   6.4770642e-01
   3.1098756e-02   6.4954128e-01
   3.1210661e-02   6.5137615e-01
   3.1362448e-02   6.5321101e-01
   3.1395354e-02   6.5504587e-01
   3.1483048e-02   6.5688073e-01
   3.1954241e-02   6.5871560e-01
   3.2050583e-02   6.6055046e-01
   3.2389279e-02   6.6422018e-01
   3.2439638e-02   6.6605505e-01
   3.2579585e-02   6.6788991e-01
   3.2612653e-02   6.6972477e-01
   3.2786464e-02   6.7155963e-01
   3.2817659e-02   6.7339450e-01
   3.2868730e-02   6.7522936e-01
   3.2935167e-02   6.7706422e-01
   3.3005016e-02   6.7889908e-01
   3.3063607e-02   6.8073394e-01
   3.3113007e-02   6.8256881e-01
   3.3200555e-02   6.8440367e-01
   3.3214088e-02   6.8623853e-01
   3.3423747e-02   6.8807339e-01
   3.3485954e-02   6.8990826e-01
   3.3529159e-02   6.9174312e-01
   3.3536139e-02   6.9357798e-01
   3.3551103e-02   6.9541284e-01
   3.3655860e-02   6.9908257e-01
   3.3756073e-02   7.0091743e-01
   3.3880329e-02   7.0275229e-01
   3.3968351e-02   7.0458716e-01
   3.4219667e-02   7.0642202e-01
   3.4251775e-02   7.0825688e-01
   3.4433149e-02   7.1009174e-01
   3.4453517e-02   7.1376147e-01
   3.4548266e-02   7.1559633e-01
   3.4670946e-02   7.1743119e-01
   3.4676832e-02   7.1926606e-01
   3.4776457e-02   7.2293578e-01
   3.4922273e-02   7.2477064e-01
   3.4941712e-02   7.2660550e-01
   3.4973059e-02   7.2844037e-01
   3.4999304e-02   7.3027523e-01
   3.5094384e-02   7.3211009e-01
   3.5181320e-02   7.3394495e-01
   3.5309698e-02   7.3577982e-01
   3.5357892e-02   7.3944954e-01
   3.5521352e-02   7.4128440e-01
   3.5639325e-02   7.4311927e-01
   3.5649826e-02   7.4495413e-01
   3.5818318e-02   7.4678899e-01
   3.6366827e-02   7.4862385e-01
   3.6384751e-02   7.5045872e-01
   3.6837789e-02   7.5229358e-01
   3.6861472e-02   7.5412844e-01
   3.6890835e-02   7.5596330e-01
   3.6941162e-02   7.5963303e-01
   3.7158050e-02   7.6146789e-01
   3.7395801e-02   7.6330275e-01
   3.7662449e-02   7.6513761e-01
   3.7755996e-02   7.6697248e-01
   3.7828371e-02   7.6880734e-01
   3.7877605e-02   7.7064220e-01
   3.8169148e-02   7.7247706e-01
   3.8236375e-02   7.7431193e-01
   3.8782737e-02   7.7614679e-01
   3.9005149e-02   7.7798165e-01
   3.9048137e-02   7.7981651e-01
   3.9191181e-02   7.8165138e-01
   3.9348222e-02   7.8348624e-01
   3.9404903e-02   7.8532110e-01
   3.9413798e-02   7.8715596e-01
   3.9586311e-02   7.8899083e-01
   3.9727289e-02   7.9082569e-01
   3.9956188e-02   7.9266055e-01
   4.0294291e-02   7.9449541e-01
   4.0477201e-02   7.9633028e-01
   4.0603971e-02   7.9816514e-01
   4.0675801e-02   8.0000000e-01
   4.0715976e-02   8.0183486e-01
   4.0788257e-02   8.0366972e-01
   4.0939556e-02   8.0550459e-01
   4.0956301e-02   8.0733945e-01
   4.0958846e-02   8.0917431e-01
   4.1376320e-02   8.1100917e-01
   4.2055590e-02   8.1284404e-01
   4.2088116e-02   8.1467890e-01
   4.2949902e-02   8.1651376e-01
   4.3089774e-02   8.1834862e-01
   4.3158104e-02   8.2018349e-01
   4.3452241e-02   8.2201835e-01
   4.3463666e-02   8.2385321e-01
   4.3803004e-02   8.2568807e-01
   4.4005398e-02   8.2752294e-01
   4.4324986e-02   8.2935780e-01
   4.4351841e-02   8.3119266e-01
   4.4602606e-02   8.3302752e-01
   4.4759160e-02   8.3486239e-01
   4.4784149e-02   8.3669725e-01
   4.4987845e-02   8.3853211e-01
   4.5181423e-02   8.4036697e-01
   4.5438135e-02   8.4220183e-01
   4.5799751e-02   8.4403670e-01
   4.5848566e-02   8.4587156e-01
   4.6063547e-02   8.4770642e-01
   4.6303396e-02   8.4954128e-01
   4.6606351e-02   8.5137615e-01
   4.6968025e-02   8.5321101e-01
   4.7392645e-02   8.5504587e-01
   4.7557854e-02   8.5688073e-01
   4.8089892e-02   8.5871560e-01
   4.8227111e-02   8.6055046e-01
   4.8519961e-02   8.6238532e-01
   4.8806764e-02   8.6422018e-01
   4.9242982e-02   8.6605505e-01
   4.9490333e-02   8.6788991e-01
   4.9867960e-02   8.6972477e-01
   5.1669032e-02   8.7155963e-01
   5.2199377e-02   8.7339450e-01
   5.2371104e-02   8.7522936e-01
   5.2507576e-02   8.7706422e-01
   5.2970774e-02   8.7889908e-01
   5.2971715e-02   8.8073394e-01
   5.3425261e-02   8.8256881e-01
   5.3448671e-02   8.8440367e-01
   5.3619820e-02   8.8623853e-01
   5.3622868e-02   8.8990826e-01
   5.3854774e-02   8.9174312e-01
   5.3855030e-02   8.9357798e-01
   5.3874233e-02   8.9541284e-01
   5.4161306e-02   8.9724771e-01
   5.4382616e-02   8.9908257e-01
   5.4655422e-02   9.0091743e-01
   5.4772048e-02   9.0275229e-01
   5.4984359e-02   9.0458716e-01
   5.5013430e-02   9.0642202e-01
   5.5126061e-02   9.0825688e-01
   5.5334711e-02   9.1009174e-01
   5.5587490e-02   9.1192661e-01
   5.6511565e-02   9.1376147e-01
   5.7617141e-02   9.1559633e-01
   5.8930005e-02   9.1743119e-01
   5.9132143e-02   9.1926606e-01
   5.9781597e-02   9.2110092e-01
   5.9827989e-02   9.2293578e-01
   5.9844855e-02   9.2477064e-01
   5.9930062e-02   9.2660550e-01
   5.9933716e-02   9.2844037e-01
   6.2682833e-02   9.3027523e-01
   6.3053396e-02   9.3211009e-01
   6.3528129e-02   9.3394495e-01
   6.3756639e-02   9.3577982e-01
   6.5197474e-02   9.3761468e-01
   6.5704020e-02   9.3944954e-01
   6.5892894e-02   9.4128440e-01
   6.6593084e-02   9.4311927e-01
   6.6846404e-02   9.4495413e-01
   6.7229760e-02   9.4678899e-01
   6.7429341e-02   9.4862385e-01
   6.9032859e-02   9.5045872e-01
   7.0154973e-02   9.5229358e-01
   7.0644176e-02   9.5412844e-01
   7.0675206e-02   9.5596330e-01
   7.0841467e-02   9.5779817e-01
   7.5619966e-02   9.5963303e-01
   7.9554844e-02   9.6146789e-01
   7.9877519e-02   9.6330275e-01
   8.2805881e-02   9.6513761e-01
   8.6894384e-02   9.6697248e-01
   8.8156617e-02   9.6880734e-01
   8.9906061e-02   9.7064220e-01
   9.0961374e-02   9.7247706e-01
   9.0978123e-02   9.7431193e-01
   9.5956418e-02   9.7614679e-01
   9.8000251e-02   9.7798165e-01
   9.8643971e-02   9.7981651e-01
   1.0568805e-01   9.8165138e-01
   1.0914424e-01   9.8348624e-01
   1.1767175e-01   9.8532110e-01
   1.1834976e-01   9.8715596e-01
   1.2588275e-01   9.8899083e-01
   1.3214677e-01   9.9082569e-01
   1.3534500e-01   9.9266055e-01
   1.3639523e-01   9.9449541e-01
   1.4557822e-01   9.9633028e-01
   1.6897996e-01   9.9816514e-01
   1.9580125e-01   1.0000000e+00
