   4.2592000e-03   0.0000000e+00
   4.2592000e-03   1.1363636e-02
   5.0336000e-03   2.2727273e-02
   5.8080000e-03   3.4090909e-02
   6.1952000e-03   5.6818182e-02
   6.5824000e-03   7.9545455e-02
   6.9696000e-03   1.1363636e-01
   7.3576000e-03   1.2500000e-01
   7.7448000e-03   1.3636364e-01
   8.1320000e-03   1.9318182e-01
   8.5192000e-03   2.1590909e-01
   8.9064000e-03   2.3863636e-01
   9.2936000e-03   2.6136364e-01
   9.6808000e-03   2.7272727e-01
   1.0068000e-02   3.0681818e-01
   1.0455200e-02   3.1818182e-01
   1.0842400e-02   3.2954545e-01
   1.1229600e-02   3.6363636e-01
   1.2004000e-02   3.7500000e-01
   1.2391200e-02   3.9772727e-01
   1.2778400e-02   4.2045455e-01
   1.3165600e-02   4.3181818e-01
   1.3552800e-02   4.7727273e-01
   1.3940000e-02   5.0000000e-01
   1.4714400e-02   5.2272727e-01
   1.5101600e-02   5.5681818e-01
   1.5876000e-02   5.6818182e-01
   1.6263200e-02   6.2500000e-01
   1.6650400e-02   6.4772727e-01
   1.7812000e-02   6.5909091e-01
   1.8199200e-02   6.8181818e-01
   1.9360800e-02   7.0454545e-01
   1.9748000e-02   7.3863636e-01
   2.0135200e-02   7.5000000e-01
   2.0522400e-02   7.6136364e-01
   2.0910400e-02   7.9545455e-01
   2.1296800e-02   8.1818182e-01
   2.2459200e-02   8.2954545e-01
   2.2846400e-02   8.4090909e-01
   2.3233600e-02   8.6363636e-01
   2.5169600e-02   8.8636364e-01
   2.5944000e-02   8.9772727e-01
   2.6331200e-02   9.0909091e-01
   2.7492800e-02   9.2045455e-01
   3.0203200e-02   9.3181818e-01
   3.0977600e-02   9.4318182e-01
   3.5624800e-02   9.5454545e-01
   4.1045600e-02   9.6590909e-01
   4.3368800e-02   9.7727273e-01
   4.9176800e-02   9.8863636e-01
   8.8673600e-02   1.0000000e+00
