   4.8377291e-03   0.0000000e+00
   4.8377291e-03   2.5316456e-03
   5.5824567e-03   5.0632911e-03
   6.4806187e-03   7.5949367e-03
   7.1229525e-03   1.0126582e-02
   7.3794421e-03   1.5189873e-02
   7.5078466e-03   1.7721519e-02
   7.5508981e-03   2.0253165e-02
   7.6663514e-03   2.2784810e-02
   7.7013610e-03   2.5316456e-02
   7.7861071e-03   2.7848101e-02
   7.9150092e-03   3.0379747e-02
   7.9771470e-03   3.2911392e-02
   8.0339590e-03   3.5443038e-02
   8.2865727e-03   3.7974684e-02
   8.2933204e-03   4.0506329e-02
   8.3771001e-03   4.3037975e-02
   8.5014522e-03   4.5569620e-02
   8.5601764e-03   4.8101266e-02
   8.5631455e-03   5.3164557e-02
   8.6261504e-03   5.5696203e-02
   8.7290161e-03   5.8227848e-02
   8.8391977e-03   6.5822785e-02
   8.8424765e-03   7.3417722e-02
   8.8634167e-03   7.5949367e-02
   8.8858747e-03   8.3544304e-02
   8.9682991e-03   8.6075949e-02
   9.1304409e-03   8.8607595e-02
   9.1553645e-03   9.1139241e-02
   9.1961209e-03   9.3670886e-02
   9.3180970e-03   9.6202532e-02
   9.4784290e-03   1.0126582e-01
   9.6256275e-03   1.0379747e-01
   9.7203628e-03   1.0632911e-01
   9.7291814e-03   1.1139241e-01
   9.9342779e-03   1.1392405e-01
   9.9695899e-03   1.1645570e-01
   1.0040339e-02   1.1898734e-01
   1.0098019e-02   1.2151899e-01
   1.0191119e-02   1.2658228e-01
   1.0298585e-02   1.2911392e-01
   1.0310587e-02   1.3164557e-01
   1.0315267e-02   1.3417722e-01
   1.0426586e-02   1.3924051e-01
   1.0498506e-02   1.4430380e-01
   1.0616249e-02   1.4683544e-01
   1.0626206e-02   1.4936709e-01
   1.0852566e-02   1.5189873e-01
   1.0900514e-02   1.5443038e-01
   1.0902052e-02   1.5949367e-01
   1.0931659e-02   1.6202532e-01
   1.1088451e-02   1.6708861e-01
   1.1191360e-02   1.6962025e-01
   1.1213373e-02   1.7215190e-01
   1.1255497e-02   1.7468354e-01
   1.1333267e-02   1.7721519e-01
   1.1365191e-02   1.7974684e-01
   1.1441822e-02   1.8227848e-01
   1.1517631e-02   1.8481013e-01
   1.1576134e-02   1.8734177e-01
   1.1579719e-02   1.8987342e-01
   1.1586447e-02   1.9493671e-01
   1.1664484e-02   1.9746835e-01
   1.1759857e-02   2.0000000e-01
   1.1780978e-02   2.0506329e-01
   1.1799693e-02   2.0759494e-01
   1.1843288e-02   2.1012658e-01
   1.1950417e-02   2.1265823e-01
   1.1994618e-02   2.1518987e-01
   1.2031403e-02   2.2025316e-01
   1.2082073e-02   2.2278481e-01
   1.2153659e-02   2.2784810e-01
   1.2178825e-02   2.3037975e-01
   1.2254251e-02   2.3291139e-01
   1.2270187e-02   2.4050633e-01
   1.2370684e-02   2.4303797e-01
   1.2390966e-02   2.4556962e-01
   1.2414023e-02   2.5316456e-01
   1.2667220e-02   2.5569620e-01
   1.2708170e-02   2.5822785e-01
   1.2771219e-02   2.6075949e-01
   1.2807090e-02   2.6329114e-01
   1.2902638e-02   2.6582278e-01
   1.3032565e-02   2.7088608e-01
   1.3035911e-02   2.7341772e-01
   1.3054428e-02   2.7594937e-01
   1.3300568e-02   2.7848101e-01
   1.3338080e-02   2.8101266e-01
   1.3451887e-02   2.8354430e-01
   1.3477084e-02   2.8607595e-01
   1.3700255e-02   2.8860759e-01
   1.3739498e-02   2.9113924e-01
   1.3815137e-02   2.9367089e-01
   1.3854988e-02   2.9620253e-01
   1.3892395e-02   2.9873418e-01
   1.3893347e-02   3.0379747e-01
   1.4074778e-02   3.0632911e-01
   1.4139331e-02   3.0886076e-01
   1.4157155e-02   3.1139241e-01
   1.4162790e-02   3.1645570e-01
   1.4166272e-02   3.1898734e-01
   1.4211412e-02   3.2151899e-01
   1.4217079e-02   3.2405063e-01
   1.4332043e-02   3.2658228e-01
   1.4390894e-02   3.2911392e-01
   1.4474936e-02   3.3164557e-01
   1.4484818e-02   3.3670886e-01
   1.4533961e-02   3.3924051e-01
   1.4629611e-02   3.4177215e-01
   1.4727401e-02   3.4430380e-01
   1.4859443e-02   3.4683544e-01
   1.4999602e-02   3.4936709e-01
   1.5027824e-02   3.5189873e-01
   1.5076666e-02   3.5443038e-01
   1.5188276e-02   3.5696203e-01
   1.5208066e-02   3.5949367e-01
   1.5297479e-02   3.6202532e-01
   1.5356094e-02   3.6455696e-01
   1.5610405e-02   3.6708861e-01
   1.5622111e-02   3.6962025e-01
   1.5628284e-02   3.7215190e-01
   1.5829578e-02   3.7468354e-01
   1.5923158e-02   3.7721519e-01
   1.5969424e-02   3.7974684e-01
   1.6162660e-02   3.8227848e-01
   1.6760140e-02   3.8481013e-01
   1.6867489e-02   3.8734177e-01
   1.7126291e-02   3.8987342e-01
   1.7164555e-02   3.9240506e-01
   1.7220745e-02   3.9493671e-01
   1.7327475e-02   3.9746835e-01
   1.7362175e-02   4.0000000e-01
   1.7693381e-02   4.0253165e-01
   1.7843401e-02   4.0506329e-01
   1.7908023e-02   4.0759494e-01
   1.7935475e-02   4.1012658e-01
   1.7981349e-02   4.1265823e-01
   1.8046545e-02   4.1518987e-01
   1.8126760e-02   4.1772152e-01
   1.8142433e-02   4.2025316e-01
   1.8268094e-02   4.2278481e-01
   1.8310729e-02   4.2531646e-01
   1.8489333e-02   4.2784810e-01
   1.8561469e-02   4.3037975e-01
   1.8630794e-02   4.3291139e-01
   1.8648652e-02   4.3544304e-01
   1.8695991e-02   4.3797468e-01
   1.8763343e-02   4.4050633e-01
   1.8797264e-02   4.4303797e-01
   1.8873387e-02   4.4556962e-01
   1.8908684e-02   4.4810127e-01
   1.8969669e-02   4.5063291e-01
   1.9440726e-02   4.5316456e-01
   1.9448739e-02   4.5569620e-01
   1.9548817e-02   4.5822785e-01
   1.9653287e-02   4.6075949e-01
   1.9751754e-02   4.6329114e-01
   2.0028807e-02   4.6582278e-01
   2.0077194e-02   4.6835443e-01
   2.0086955e-02   4.7088608e-01
   2.0333415e-02   4.7341772e-01
   2.0350971e-02   4.7594937e-01
   2.0550637e-02   4.7848101e-01
   2.0620626e-02   4.8101266e-01
   2.0678676e-02   4.8354430e-01
   2.0733331e-02   4.8607595e-01
   2.0804726e-02   4.8860759e-01
   2.0819560e-02   4.9113924e-01
   2.1244748e-02   4.9367089e-01
   2.1503010e-02   4.9620253e-01
   2.1592643e-02   4.9873418e-01
   2.1824152e-02   5.0126582e-01
   2.1855230e-02   5.0379747e-01
   2.1863363e-02   5.0632911e-01
   2.2391666e-02   5.0886076e-01
   2.2510399e-02   5.1139241e-01
   2.2523919e-02   5.1392405e-01
   2.2553393e-02   5.1645570e-01
   2.3123859e-02   5.1898734e-01
   2.3565107e-02   5.2151899e-01
   2.3565578e-02   5.2405063e-01
   2.3856313e-02   5.2658228e-01
   2.3860332e-02   5.2911392e-01
   2.4275685e-02   5.3164557e-01
   2.4756395e-02   5.3417722e-01
   2.4781931e-02   5.3670886e-01
   2.4949432e-02   5.3924051e-01
   2.5054671e-02   5.4177215e-01
   2.5145010e-02   5.4430380e-01
   2.5166608e-02   5.4683544e-01
   2.5255782e-02   5.4936709e-01
   2.5847448e-02   5.5189873e-01
   2.6510351e-02   5.5696203e-01
   2.7265283e-02   5.5949367e-01
   2.7628000e-02   5.6202532e-01
   2.7719256e-02   5.6455696e-01
   2.7994923e-02   5.6708861e-01
   2.8054613e-02   5.6962025e-01
   2.8300778e-02   5.7215190e-01
   2.8439212e-02   5.7468354e-01
   2.8866719e-02   5.7721519e-01
   2.9516198e-02   5.7974684e-01
   2.9614895e-02   5.8227848e-01
   3.0335346e-02   5.8481013e-01
   3.0628957e-02   5.8734177e-01
   3.0801686e-02   5.8987342e-01
   3.0912596e-02   5.9240506e-01
   3.1446662e-02   5.9493671e-01
   3.1734989e-02   5.9746835e-01
   3.1816930e-02   6.0000000e-01
   3.1960690e-02   6.0253165e-01
   3.2348405e-02   6.0506329e-01
   3.2541119e-02   6.0759494e-01
   3.2649154e-02   6.1012658e-01
   3.3236751e-02   6.1265823e-01
   3.4529419e-02   6.1518987e-01
   3.4540067e-02   6.1772152e-01
   3.4778689e-02   6.2025316e-01
   3.4880022e-02   6.2278481e-01
   3.5182109e-02   6.2531646e-01
   3.5280806e-02   6.2784810e-01
   3.5419765e-02   6.3037975e-01
   3.5442610e-02   6.3291139e-01
   3.6709238e-02   6.3544304e-01
   3.7272555e-02   6.3797468e-01
   3.7609239e-02   6.4050633e-01
   3.8307977e-02   6.4303797e-01
   3.8650735e-02   6.4556962e-01
   3.8689752e-02   6.4810127e-01
   3.8704948e-02   6.5063291e-01
   3.8806282e-02   6.5316456e-01
   3.9280274e-02   6.5569620e-01
   3.9751123e-02   6.5822785e-01
   3.9954893e-02   6.6075949e-01
   4.0117591e-02   6.6329114e-01
   4.0245494e-02   6.6582278e-01
   4.0847637e-02   6.6835443e-01
   4.1133148e-02   6.7088608e-01
   4.1233718e-02   6.7341772e-01
   4.1241253e-02   6.7594937e-01
   4.1678317e-02   6.7848101e-01
   4.1816373e-02   6.8101266e-01
   4.2182443e-02   6.8354430e-01
   4.2523783e-02   6.8607595e-01
   4.2718859e-02   6.8860759e-01
   4.2895032e-02   6.9113924e-01
   4.2944780e-02   6.9367089e-01
   4.4348221e-02   6.9620253e-01
   4.4546646e-02   6.9873418e-01
   4.4590965e-02   7.0126582e-01
   4.5670047e-02   7.0379747e-01
   4.6613127e-02   7.0632911e-01
   4.6884385e-02   7.0886076e-01
   4.7707178e-02   7.1139241e-01
   4.8203343e-02   7.1392405e-01
   4.8890591e-02   7.1645570e-01
   4.9251980e-02   7.1898734e-01
   4.9771519e-02   7.2151899e-01
   5.0573993e-02   7.2405063e-01
   5.1477421e-02   7.2658228e-01
   5.1589421e-02   7.2911392e-01
   5.1653847e-02   7.3164557e-01
   5.1753943e-02   7.3417722e-01
   5.1853631e-02   7.3670886e-01
   5.3201653e-02   7.3924051e-01
   5.3972413e-02   7.4177215e-01
   5.4034937e-02   7.4430380e-01
   5.4116305e-02   7.4683544e-01
   5.4491247e-02   7.4936709e-01
   5.5053093e-02   7.5189873e-01
   5.6666453e-02   7.5696203e-01
   5.7421646e-02   7.5949367e-01
   5.7821274e-02   7.6202532e-01
   5.8320950e-02   7.6455696e-01
   5.8689911e-02   7.6708861e-01
   5.9166242e-02   7.6962025e-01
   5.9230445e-02   7.7215190e-01
   5.9375077e-02   7.7468354e-01
   5.9395360e-02   7.7721519e-01
   5.9715943e-02   7.7974684e-01
   5.9777064e-02   7.8227848e-01
   6.0082118e-02   7.8481013e-01
   6.0458742e-02   7.8734177e-01
   6.1001304e-02   7.8987342e-01
   6.1046187e-02   7.9240506e-01
   6.2052761e-02   7.9493671e-01
   6.2212471e-02   7.9746835e-01
   6.2755184e-02   8.0000000e-01
   6.3222204e-02   8.0253165e-01
   6.3913074e-02   8.0506329e-01
   6.4523376e-02   8.0759494e-01
   6.6225113e-02   8.1012658e-01
   6.8726484e-02   8.1265823e-01
   6.9376305e-02   8.1518987e-01
   6.9557935e-02   8.1772152e-01
   7.0541951e-02   8.2025316e-01
   7.1316538e-02   8.2278481e-01
   7.1511147e-02   8.2531646e-01
   7.3227100e-02   8.2784810e-01
   7.3338894e-02   8.3037975e-01
   7.4380373e-02   8.3291139e-01
   7.5441644e-02   8.3544304e-01
   7.6825387e-02   8.3797468e-01
   7.6870495e-02   8.4050633e-01
   7.8144633e-02   8.4303797e-01
   7.9836403e-02   8.4556962e-01
   8.2266722e-02   8.4810127e-01
   8.2890991e-02   8.5063291e-01
   8.3321857e-02   8.5316456e-01
   8.4000049e-02   8.5569620e-01
   8.5412708e-02   8.5822785e-01
   8.5469958e-02   8.6075949e-01
   8.6118160e-02   8.6329114e-01
   8.6170844e-02   8.6582278e-01
   8.6278270e-02   8.6835443e-01
   8.6286125e-02   8.7088608e-01
   8.9142577e-02   8.7341772e-01
   9.0254580e-02   8.7594937e-01
   9.0534777e-02   8.7848101e-01
   9.0772809e-02   8.8101266e-01
   9.1557325e-02   8.8354430e-01
   9.1625442e-02   8.8607595e-01
   9.2657459e-02   8.8860759e-01
   9.3432745e-02   8.9113924e-01
   9.3713973e-02   8.9367089e-01
   9.4371540e-02   8.9620253e-01
   9.5901310e-02   8.9873418e-01
   9.6654941e-02   9.0126582e-01
   9.7127357e-02   9.0379747e-01
   9.7942367e-02   9.0632911e-01
   9.8659933e-02   9.0886076e-01
   1.0079095e-01   9.1139241e-01
   1.0131516e-01   9.1392405e-01
   1.0225749e-01   9.1645570e-01
   1.0301776e-01   9.1898734e-01
   1.0370246e-01   9.2151899e-01
   1.0424734e-01   9.2405063e-01
   1.0546454e-01   9.2658228e-01
   1.0691877e-01   9.2911392e-01
   1.1132933e-01   9.3164557e-01
   1.1146219e-01   9.3417722e-01
   1.1486348e-01   9.3670886e-01
   1.1890543e-01   9.3924051e-01
   1.2011928e-01   9.4177215e-01
   1.2191006e-01   9.4430380e-01
   1.3052019e-01   9.4683544e-01
   1.3076198e-01   9.4936709e-01
   1.3310073e-01   9.5189873e-01
   1.4089291e-01   9.5443038e-01
   1.4215824e-01   9.5696203e-01
   1.4220662e-01   9.5949367e-01
   1.4407268e-01   9.6202532e-01
   1.4916470e-01   9.6455696e-01
   1.5151354e-01   9.6708861e-01
   1.5195359e-01   9.6962025e-01
   1.5343594e-01   9.7215190e-01
   1.6102263e-01   9.7468354e-01
   1.6217274e-01   9.7721519e-01
   1.6587127e-01   9.7974684e-01
   1.6740397e-01   9.8227848e-01
   1.6771618e-01   9.8481013e-01
   1.7497849e-01   9.8734177e-01
   1.8109304e-01   9.8987342e-01
   2.0065680e-01   9.9240506e-01
   2.0803931e-01   9.9493671e-01
   2.1266981e-01   9.9746835e-01
   2.5478031e-01   1.0000000e+00
