   4.4136000e-03   0.0000000e+00
   4.4136000e-03   6.0331825e-03
   4.9656000e-03   1.0558069e-02
   5.5176000e-03   1.8099548e-02
   6.0688000e-03   2.8657617e-02
   6.6208000e-03   5.2790347e-02
   7.1728000e-03   7.5414781e-02
   7.7240000e-03   9.8039216e-02
   8.2760000e-03   1.1463047e-01
   8.8272000e-03   1.3273002e-01
   9.3792000e-03   1.5837104e-01
   9.9312000e-03   1.7647059e-01
   1.0482400e-02   2.0965309e-01
   1.1034400e-02   2.2171946e-01
   1.1586400e-02   2.5339367e-01
   1.2137600e-02   2.7752640e-01
   1.2689600e-02   3.0467572e-01
   1.3241600e-02   3.3182504e-01
   1.3792800e-02   3.4690799e-01
   1.4344800e-02   3.7254902e-01
   1.4896800e-02   4.0271493e-01
   1.5448000e-02   4.2684766e-01
   1.6000000e-02   4.4042232e-01
   1.6552000e-02   4.6907994e-01
   1.7103200e-02   5.0377074e-01
   1.7655200e-02   5.2639517e-01
   1.8207200e-02   5.4298643e-01
   1.8758400e-02   5.6410256e-01
   1.9310400e-02   5.7616893e-01
   1.9862400e-02   5.9577677e-01
   2.0413600e-02   6.1538462e-01
   2.0965600e-02   6.3197587e-01
   2.1517600e-02   6.5007541e-01
   2.2068800e-02   6.6515837e-01
   2.2620800e-02   6.7269985e-01
   2.3172800e-02   6.8627451e-01
   2.3724000e-02   7.0286576e-01
   2.4276000e-02   7.1191554e-01
   2.4827200e-02   7.2850679e-01
   2.5379200e-02   7.3604827e-01
   2.5931200e-02   7.5414781e-01
   2.6482400e-02   7.6772247e-01
   2.7034400e-02   7.9034691e-01
   2.7586400e-02   7.9939668e-01
   2.8137600e-02   8.0995475e-01
   2.8689600e-02   8.1900452e-01
   2.9241600e-02   8.2503771e-01
   2.9792800e-02   8.3107089e-01
   3.0344800e-02   8.4012066e-01
   3.0896800e-02   8.4464555e-01
   3.1448000e-02   8.4615385e-01
   3.2000000e-02   8.5369532e-01
   3.2552000e-02   8.5822021e-01
   3.3103200e-02   8.6123680e-01
   3.3655200e-02   8.6726998e-01
   3.4207200e-02   8.6877828e-01
   3.4758400e-02   8.7028658e-01
   3.5310400e-02   8.7481146e-01
   3.5862400e-02   8.7631976e-01
   3.6413600e-02   8.7933635e-01
   3.6965600e-02   8.8386124e-01
   3.7517600e-02   8.8687783e-01
   3.8068800e-02   8.8989442e-01
   3.8620800e-02   8.9291101e-01
   3.9172800e-02   8.9441931e-01
   3.9724000e-02   8.9592760e-01
   4.0276000e-02   9.0045249e-01
   4.0827200e-02   9.0346908e-01
   4.1379200e-02   9.1101056e-01
   4.1931200e-02   9.1251885e-01
   4.2482400e-02   9.1553544e-01
   4.3586400e-02   9.2307692e-01
   4.4689600e-02   9.2609351e-01
   4.5792800e-02   9.2911011e-01
   4.6344800e-02   9.3212670e-01
   4.6896800e-02   9.3665158e-01
   4.7448000e-02   9.3966817e-01
   4.8000000e-02   9.4117647e-01
   4.8552000e-02   9.4268477e-01
   4.9103200e-02   9.4570136e-01
   5.0758400e-02   9.4720965e-01
   5.2413600e-02   9.4871795e-01
   5.3517600e-02   9.5173454e-01
   5.5172000e-02   9.5475113e-01
   5.6276000e-02   9.5625943e-01
   5.6828000e-02   9.5776772e-01
   5.8483200e-02   9.5927602e-01
   5.9034400e-02   9.6229261e-01
   6.0689600e-02   9.6380090e-01
   6.1241600e-02   9.6530920e-01
   6.1792800e-02   9.6681750e-01
   6.2344800e-02   9.6832579e-01
   6.2896800e-02   9.6983409e-01
   6.5103200e-02   9.7285068e-01
   7.0068800e-02   9.7435897e-01
   7.2276000e-02   9.7586727e-01
   7.3931200e-02   9.7888386e-01
   7.4482400e-02   9.8039216e-01
   7.5034400e-02   9.8190045e-01
   8.0000000e-02   9.8340875e-01
   8.1103200e-02   9.8491704e-01
   8.2758400e-02   9.8642534e-01
   8.6068800e-02   9.8793363e-01
   9.2137600e-02   9.8944193e-01
   9.4896800e-02   9.9095023e-01
   9.9310400e-02   9.9245852e-01
   1.0041360e-01   9.9396682e-01
   1.0372400e-01   9.9547511e-01
   1.2744800e-01   9.9698341e-01
   1.2965520e-01   9.9849170e-01
   1.7820720e-01   1.0000000e+00
