   4.6472000e-03   0.0000000e+00
   4.6472000e-03   5.6338028e-03
   4.9792000e-03   8.4507042e-03
   5.3112000e-03   1.9718310e-02
   5.6432000e-03   3.6619718e-02
   5.9752000e-03   5.0704225e-02
   6.3072000e-03   6.1971831e-02
   6.6392000e-03   7.6056338e-02
   6.9712000e-03   7.8873239e-02
   7.6352000e-03   1.0422535e-01
   7.9672000e-03   1.0704225e-01
   8.2984000e-03   1.2676056e-01
   8.6304000e-03   1.3239437e-01
   8.9624000e-03   1.5774648e-01
   9.2944000e-03   1.6338028e-01
   9.6264000e-03   1.9718310e-01
   9.9584000e-03   2.0281690e-01
   1.0290400e-02   2.4225352e-01
   1.0622400e-02   2.4788732e-01
   1.0954400e-02   2.5915493e-01
   1.1286400e-02   2.7605634e-01
   1.1618400e-02   3.0704225e-01
   1.1950400e-02   3.1830986e-01
   1.2282400e-02   3.4647887e-01
   1.2614400e-02   3.5492958e-01
   1.2946400e-02   3.7464789e-01
   1.3278400e-02   3.8591549e-01
   1.3609600e-02   4.0281690e-01
   1.3941600e-02   4.1690141e-01
   1.4273600e-02   4.2535211e-01
   1.4605600e-02   4.3661972e-01
   1.4937600e-02   4.5352113e-01
   1.5269600e-02   4.7042254e-01
   1.5601600e-02   4.8732394e-01
   1.5933600e-02   5.0704225e-01
   1.6265600e-02   5.1830986e-01
   1.6597600e-02   5.3239437e-01
   1.6929600e-02   5.3802817e-01
   1.7261600e-02   5.6619718e-01
   1.7593600e-02   5.7464789e-01
   1.7925600e-02   6.0281690e-01
   1.8257600e-02   6.0845070e-01
   1.8589600e-02   6.2535211e-01
   1.8920800e-02   6.3098592e-01
   1.9252800e-02   6.4225352e-01
   1.9916800e-02   6.6197183e-01
   2.0580800e-02   6.6760563e-01
   2.0912800e-02   6.7323944e-01
   2.1244800e-02   6.7605634e-01
   2.1576800e-02   6.8169014e-01
   2.1908800e-02   7.0140845e-01
   2.2240800e-02   7.0985915e-01
   2.2904800e-02   7.1549296e-01
   2.3236800e-02   7.2676056e-01
   2.3568800e-02   7.3239437e-01
   2.3900000e-02   7.4084507e-01
   2.4232800e-02   7.4929577e-01
   2.4564000e-02   7.5492958e-01
   2.5228000e-02   7.6056338e-01
   2.5560000e-02   7.6901408e-01
   2.5892000e-02   7.7183099e-01
   2.6224000e-02   7.7464789e-01
   2.6556000e-02   7.8309859e-01
   2.6888000e-02   7.9436620e-01
   2.7552000e-02   8.0281690e-01
   2.8548000e-02   8.0563380e-01
   2.8880000e-02   8.0845070e-01
   2.9543200e-02   8.1408451e-01
   2.9875200e-02   8.2253521e-01
   3.0207200e-02   8.2816901e-01
   3.0539200e-02   8.3098592e-01
   3.0871200e-02   8.3380282e-01
   3.1203200e-02   8.3661972e-01
   3.1535200e-02   8.4788732e-01
   3.1867200e-02   8.5070423e-01
   3.3527200e-02   8.5352113e-01
   3.3859200e-02   8.5915493e-01
   3.4855200e-02   8.6197183e-01
   3.5186400e-02   8.6478873e-01
   3.5518400e-02   8.6760563e-01
   3.5850400e-02   8.7887324e-01
   3.6182400e-02   8.8450704e-01
   3.7178400e-02   8.8732394e-01
   3.7510400e-02   8.9577465e-01
   3.8506400e-02   8.9859155e-01
   3.9170400e-02   9.0422535e-01
   3.9502400e-02   9.0704225e-01
   4.0497600e-02   9.0985915e-01
   4.1161600e-02   9.1267606e-01
   4.1825600e-02   9.2394366e-01
   4.2157600e-02   9.2676056e-01
   4.2489600e-02   9.3521127e-01
   4.3817600e-02   9.4084507e-01
   4.5145600e-02   9.4366197e-01
   4.6140800e-02   9.5211268e-01
   4.7800800e-02   9.5492958e-01
   4.9792800e-02   9.5774648e-01
   5.2116000e-02   9.6056338e-01
   5.2780000e-02   9.6338028e-01
   5.5767200e-02   9.6901408e-01
   5.6431200e-02   9.7183099e-01
   6.0415200e-02   9.7746479e-01
   6.2738400e-02   9.8028169e-01
   6.3734400e-02   9.8309859e-01
   7.1369600e-02   9.8591549e-01
   7.1701600e-02   9.8873239e-01
   8.0996000e-02   9.9154930e-01
   8.2987200e-02   9.9436620e-01
   9.3941600e-02   9.9718310e-01
   1.0622400e-01   1.0000000e+00
