   5.1560673e-03   0.0000000e+00
   5.1560673e-03   2.6315789e-03
   5.2021935e-03   5.2631579e-03
   5.4356748e-03   7.8947368e-03
   6.0138577e-03   1.0526316e-02
   6.2286737e-03   1.3157895e-02
   6.6245666e-03   1.5789474e-02
   6.6997360e-03   2.3684211e-02
   6.7432952e-03   2.6315789e-02
   6.8233653e-03   2.8947368e-02
   6.9698166e-03   3.1578947e-02
   7.2174757e-03   3.6842105e-02
   7.2474021e-03   3.9473684e-02
   7.3179383e-03   4.2105263e-02
   7.3333111e-03   4.4736842e-02
   7.4688578e-03   4.7368421e-02
   7.4904126e-03   5.0000000e-02
   7.5323070e-03   5.2631579e-02
   7.5471920e-03   5.7894737e-02
   7.6384104e-03   6.0526316e-02
   7.7285399e-03   6.5789474e-02
   7.7647311e-03   6.8421053e-02
   7.9840251e-03   7.3684211e-02
   7.9963205e-03   7.8947368e-02
   8.0411362e-03   8.1578947e-02
   8.0601016e-03   8.9473684e-02
   8.1180564e-03   9.2105263e-02
   8.2270849e-03   9.4736842e-02
   8.2702739e-03   9.7368421e-02
   8.4183344e-03   1.0263158e-01
   8.5095098e-03   1.0526316e-01
   8.5384456e-03   1.1052632e-01
   8.5503411e-03   1.1315789e-01
   8.6218495e-03   1.1578947e-01
   8.7228711e-03   1.2105263e-01
   8.7580164e-03   1.2368421e-01
   8.7643839e-03   1.2631579e-01
   8.7819507e-03   1.2894737e-01
   8.8359406e-03   1.3421053e-01
   8.9194403e-03   1.3947368e-01
   8.9626689e-03   1.4210526e-01
   9.0229570e-03   1.4473684e-01
   9.0312358e-03   1.4736842e-01
   9.0365400e-03   1.5000000e-01
   9.0866440e-03   1.5263158e-01
   9.0867839e-03   1.5526316e-01
   9.2726272e-03   1.5789474e-01
   9.2738540e-03   1.6315789e-01
   9.2940447e-03   1.6578947e-01
   9.3156027e-03   1.6842105e-01
   9.3438910e-03   1.7105263e-01
   9.3791155e-03   1.7631579e-01
   9.5366204e-03   1.7894737e-01
   9.5517926e-03   1.8421053e-01
   9.5707572e-03   2.0000000e-01
   9.6323953e-03   2.0263158e-01
   9.7873265e-03   2.1052632e-01
   9.8064905e-03   2.1315789e-01
   9.8358767e-03   2.1578947e-01
   9.9095022e-03   2.1842105e-01
   9.9803578e-03   2.2105263e-01
   9.9959099e-03   2.2368421e-01
   1.0024072e-02   2.2631579e-01
   1.0050467e-02   2.3157895e-01
   1.0081765e-02   2.3684211e-01
   1.0114833e-02   2.3947368e-01
   1.0139205e-02   2.4210526e-01
   1.0222346e-02   2.4473684e-01
   1.0287692e-02   2.4736842e-01
   1.0302101e-02   2.6052632e-01
   1.0310738e-02   2.6578947e-01
   1.0330567e-02   2.7105263e-01
   1.0362015e-02   2.7368421e-01
   1.0430122e-02   2.7894737e-01
   1.0467697e-02   2.8157895e-01
   1.0490349e-02   2.8421053e-01
   1.0560845e-02   2.8684211e-01
   1.0618668e-02   2.8947368e-01
   1.0640197e-02   2.9473684e-01
   1.0725019e-02   2.9736842e-01
   1.0795983e-02   3.0263158e-01
   1.0826190e-02   3.0526316e-01
   1.0832238e-02   3.0789474e-01
   1.0871980e-02   3.1315789e-01
   1.0914442e-02   3.1578947e-01
   1.0918544e-02   3.2105263e-01
   1.0943423e-02   3.2368421e-01
   1.1023575e-02   3.2631579e-01
   1.1098251e-02   3.3157895e-01
   1.1105014e-02   3.3421053e-01
   1.1105668e-02   3.3684211e-01
   1.1155201e-02   3.4736842e-01
   1.1228850e-02   3.5000000e-01
   1.1267831e-02   3.5263158e-01
   1.1270117e-02   3.5526316e-01
   1.1345462e-02   3.6052632e-01
   1.1375423e-02   3.6842105e-01
   1.1382439e-02   3.7368421e-01
   1.1554007e-02   3.7894737e-01
   1.1592862e-02   3.8157895e-01
   1.1630539e-02   3.8421053e-01
   1.1657877e-02   3.9210526e-01
   1.1670619e-02   3.9473684e-01
   1.1825282e-02   4.0000000e-01
   1.1857670e-02   4.0526316e-01
   1.1858879e-02   4.1052632e-01
   1.1879960e-02   4.1315789e-01
   1.1945237e-02   4.1842105e-01
   1.1949933e-02   4.2105263e-01
   1.2120171e-02   4.2368421e-01
   1.2128245e-02   4.2631579e-01
   1.2129559e-02   4.3157895e-01
   1.2207503e-02   4.3421053e-01
   1.2226975e-02   4.3684211e-01
   1.2237159e-02   4.3947368e-01
   1.2239304e-02   4.4210526e-01
   1.2239417e-02   4.4473684e-01
   1.2362317e-02   4.4736842e-01
   1.2372995e-02   4.5000000e-01
   1.2404596e-02   4.5263158e-01
   1.2430264e-02   4.5526316e-01
   1.2434064e-02   4.5789474e-01
   1.2457989e-02   4.6315789e-01
   1.2458844e-02   4.6578947e-01
   1.2557477e-02   4.6842105e-01
   1.2644237e-02   4.7105263e-01
   1.2683707e-02   4.8157895e-01
   1.2709607e-02   4.8421053e-01
   1.2730189e-02   4.8684211e-01
   1.2833437e-02   4.8947368e-01
   1.2877341e-02   4.9210526e-01
   1.2916703e-02   5.0000000e-01
   1.3053470e-02   5.0526316e-01
   1.3136731e-02   5.0789474e-01
   1.3137229e-02   5.1315789e-01
   1.3138056e-02   5.1578947e-01
   1.3159585e-02   5.1842105e-01
   1.3331782e-02   5.2105263e-01
   1.3392397e-02   5.2631579e-01
   1.3400602e-02   5.2894737e-01
   1.3429784e-02   5.3157895e-01
   1.3445113e-02   5.3421053e-01
   1.3542944e-02   5.3684211e-01
   1.3651327e-02   5.3947368e-01
   1.3668692e-02   5.4210526e-01
   1.3715820e-02   5.4473684e-01
   1.3761400e-02   5.4736842e-01
   1.3835903e-02   5.5000000e-01
   1.3907483e-02   5.5263158e-01
   1.3953122e-02   5.5526316e-01
   1.4041534e-02   5.5789474e-01
   1.4049804e-02   5.6052632e-01
   1.4069795e-02   5.6578947e-01
   1.4168777e-02   5.7368421e-01
   1.4289776e-02   5.7631579e-01
   1.4341286e-02   5.7894737e-01
   1.4385159e-02   5.8157895e-01
   1.4430446e-02   5.8421053e-01
   1.4434928e-02   5.8947368e-01
   1.4635661e-02   5.9210526e-01
   1.4684147e-02   5.9473684e-01
   1.4695340e-02   5.9736842e-01
   1.4705673e-02   6.0000000e-01
   1.4950379e-02   6.0263158e-01
   1.4965757e-02   6.0526316e-01
   1.4981359e-02   6.0789474e-01
   1.4995633e-02   6.1052632e-01
   1.5006331e-02   6.1315789e-01
   1.5123153e-02   6.1578947e-01
   1.5139892e-02   6.2105263e-01
   1.5177596e-02   6.2368421e-01
   1.5199522e-02   6.2631579e-01
   1.5208879e-02   6.2894737e-01
   1.5353246e-02   6.3157895e-01
   1.5478549e-02   6.3421053e-01
   1.5543664e-02   6.3684211e-01
   1.5644855e-02   6.3947368e-01
   1.5674496e-02   6.4210526e-01
   1.5688426e-02   6.4473684e-01
   1.5722544e-02   6.4736842e-01
   1.5751685e-02   6.5000000e-01
   1.5968622e-02   6.5263158e-01
   1.6028109e-02   6.5526316e-01
   1.6093851e-02   6.5789474e-01
   1.6235885e-02   6.6052632e-01
   1.6263861e-02   6.6315789e-01
   1.6337113e-02   6.6578947e-01
   1.6404770e-02   6.7105263e-01
   1.6414256e-02   6.7368421e-01
   1.6443435e-02   6.7631579e-01
   1.6590163e-02   6.7894737e-01
   1.6656708e-02   6.8157895e-01
   1.6738868e-02   6.8421053e-01
   1.6740557e-02   6.8684211e-01
   1.6858128e-02   6.8947368e-01
   1.6875487e-02   6.9473684e-01
   1.7010581e-02   7.0000000e-01
   1.7042087e-02   7.0263158e-01
   1.7099560e-02   7.0526316e-01
   1.7220517e-02   7.0789474e-01
   1.7328723e-02   7.1315789e-01
   1.7514248e-02   7.1842105e-01
   1.7618144e-02   7.2368421e-01
   1.7638788e-02   7.2631579e-01
   1.7670763e-02   7.2894737e-01
   1.7770430e-02   7.3157895e-01
   1.7820676e-02   7.3421053e-01
   1.7886186e-02   7.3947368e-01
   1.8043665e-02   7.4210526e-01
   1.8127729e-02   7.4473684e-01
   1.8464961e-02   7.4736842e-01
   1.8911717e-02   7.5000000e-01
   1.9055849e-02   7.5263158e-01
   1.9059349e-02   7.5526316e-01
   1.9099842e-02   7.5789474e-01
   1.9321402e-02   7.6052632e-01
   1.9323242e-02   7.6315789e-01
   1.9374492e-02   7.6578947e-01
   1.9886343e-02   7.6842105e-01
   1.9990053e-02   7.7105263e-01
   2.0005112e-02   7.7368421e-01
   2.0441959e-02   7.7631579e-01
   2.0650163e-02   7.7894737e-01
   2.0864582e-02   7.8157895e-01
   2.0888553e-02   7.8421053e-01
   2.1365135e-02   7.8684211e-01
   2.1652403e-02   7.8947368e-01
   2.1801238e-02   7.9210526e-01
   2.2157160e-02   7.9473684e-01
   2.2650196e-02   7.9736842e-01
   2.2721470e-02   8.0000000e-01
   2.2936653e-02   8.0263158e-01
   2.3204219e-02   8.0526316e-01
   2.3233459e-02   8.0789474e-01
   2.3468666e-02   8.1052632e-01
   2.3564860e-02   8.1315789e-01
   2.3987833e-02   8.1578947e-01
   2.4467278e-02   8.1842105e-01
   2.4473828e-02   8.2105263e-01
   2.4755285e-02   8.2368421e-01
   2.4768975e-02   8.2631579e-01
   2.5711281e-02   8.2894737e-01
   2.5776593e-02   8.3157895e-01
   2.6078081e-02   8.3421053e-01
   2.6527752e-02   8.3684211e-01
   2.6834525e-02   8.4210526e-01
   2.6903754e-02   8.4473684e-01
   2.7302673e-02   8.4736842e-01
   2.7385942e-02   8.5000000e-01
   2.7593194e-02   8.5263158e-01
   2.7775092e-02   8.5526316e-01
   2.7829175e-02   8.5789474e-01
   2.8337553e-02   8.6052632e-01
   2.8515650e-02   8.6315789e-01
   2.8616689e-02   8.6578947e-01
   2.8861325e-02   8.6842105e-01
   2.9092315e-02   8.7105263e-01
   2.9105540e-02   8.7368421e-01
   2.9123053e-02   8.7631579e-01
   2.9458492e-02   8.7894737e-01
   2.9502171e-02   8.8157895e-01
   2.9633959e-02   8.8421053e-01
   2.9636976e-02   8.8684211e-01
   3.0416787e-02   8.8947368e-01
   3.1162732e-02   8.9210526e-01
   3.1473440e-02   8.9473684e-01
   3.1935930e-02   8.9736842e-01
   3.2347108e-02   9.0000000e-01
   3.3716256e-02   9.0263158e-01
   3.4021810e-02   9.0526316e-01
   3.4640069e-02   9.0789474e-01
   3.6058968e-02   9.1052632e-01
   3.6862370e-02   9.1315789e-01
   3.7030627e-02   9.1578947e-01
   3.7866988e-02   9.1842105e-01
   3.8115856e-02   9.2105263e-01
   3.8479131e-02   9.2368421e-01
   3.9413602e-02   9.2631579e-01
   3.9616484e-02   9.2894737e-01
   4.0048564e-02   9.3157895e-01
   4.0266075e-02   9.3421053e-01
   4.1396419e-02   9.3684211e-01
   4.3107025e-02   9.3947368e-01
   4.4420592e-02   9.4210526e-01
   4.4739566e-02   9.4473684e-01
   4.5907624e-02   9.4736842e-01
   4.6032315e-02   9.5000000e-01
   4.6058493e-02   9.5263158e-01
   4.6339507e-02   9.5526316e-01
   4.8528942e-02   9.5789474e-01
   5.3155615e-02   9.6052632e-01
   5.3469770e-02   9.6315789e-01
   5.4572365e-02   9.6578947e-01
   5.8141195e-02   9.6842105e-01
   5.8609491e-02   9.7105263e-01
   6.4150492e-02   9.7368421e-01
   6.5001622e-02   9.7631579e-01
   6.7803698e-02   9.7894737e-01
   7.2556356e-02   9.8157895e-01
   7.2590148e-02   9.8421053e-01
   8.3839321e-02   9.8684211e-01
   8.4788121e-02   9.8947368e-01
   9.8164135e-02   9.9210526e-01
   1.0560934e-01   9.9473684e-01
   1.5659007e-01   9.9736842e-01
   1.6838484e-01   1.0000000e+00
