   8.9488000e-03   0.0000000e+00
   8.9488000e-03   7.8740157e-03
   9.3960000e-03   2.3622047e-02
   1.0290400e-02   3.1496063e-02
   1.1185600e-02   4.7244094e-02
   1.1632800e-02   5.5118110e-02
   1.2080800e-02   6.2992126e-02
   1.2975200e-02   7.0866142e-02
   1.3870400e-02   8.6614173e-02
   1.4317600e-02   9.4488189e-02
   1.5660000e-02   1.1023622e-01
   1.6107200e-02   1.3385827e-01
   1.6555200e-02   1.4173228e-01
   1.7449600e-02   1.4960630e-01
   1.7896800e-02   1.5748031e-01
   1.8344800e-02   1.7322835e-01
   1.9239200e-02   1.8110236e-01
   1.9686400e-02   1.8897638e-01
   2.0581600e-02   1.9685039e-01
   2.1028800e-02   2.1259843e-01
   2.1476800e-02   2.2047244e-01
   2.2371200e-02   2.3622047e-01
   2.2819200e-02   2.5196850e-01
   2.3266400e-02   2.7559055e-01
   2.3713600e-02   2.8346457e-01
   2.4160800e-02   2.9133858e-01
   2.5056000e-02   2.9921260e-01
   2.7292800e-02   3.0708661e-01
   2.8188000e-02   3.1496063e-01
   2.8635200e-02   3.2283465e-01
   2.9082400e-02   3.3070866e-01
   3.0424800e-02   3.5433071e-01
   3.0872800e-02   3.7007874e-01
   3.1320000e-02   4.0157480e-01
   3.1767200e-02   4.0944882e-01
   3.2214400e-02   4.1732283e-01
   3.2662400e-02   4.2519685e-01
   3.3556800e-02   4.4094488e-01
   3.4004800e-02   4.5669291e-01
   3.4899200e-02   4.6456693e-01
   3.5794400e-02   4.7244094e-01
   3.6241600e-02   4.8818898e-01
   3.6688800e-02   4.9606299e-01
   3.7136800e-02   5.1181102e-01
   3.7584000e-02   5.1968504e-01
   3.8478400e-02   5.3543307e-01
   3.8926400e-02   5.5118110e-01
   3.9373600e-02   5.6692913e-01
   3.9820800e-02   5.7480315e-01
   4.0716000e-02   5.8267717e-01
   4.2058400e-02   5.9842520e-01
   4.2505600e-02   6.2992126e-01
   4.2952800e-02   6.3779528e-01
   4.3400800e-02   6.4566929e-01
   4.3848000e-02   6.6141732e-01
   4.4742400e-02   6.6929134e-01
   4.6084800e-02   6.7716535e-01
   4.6980000e-02   6.8503937e-01
   4.8322400e-02   6.9291339e-01
   4.9216800e-02   7.0866142e-01
   5.0559200e-02   7.2440945e-01
   5.1006400e-02   7.3228346e-01
   5.1454400e-02   7.4015748e-01
   5.1901600e-02   7.4803150e-01
   5.5033600e-02   7.7952756e-01
   5.5480800e-02   7.9527559e-01
   5.8165600e-02   8.0314961e-01
   5.8612800e-02   8.1889764e-01
   5.9508000e-02   8.2677165e-01
   5.9955200e-02   8.3464567e-01
   6.1744800e-02   8.5826772e-01
   6.2192800e-02   8.7401575e-01
   6.5772000e-02   8.8188976e-01
   6.7114400e-02   8.8976378e-01
   6.7561600e-02   8.9763780e-01
   6.8008800e-02   9.0551181e-01
   7.0246400e-02   9.1338583e-01
   7.6510400e-02   9.2125984e-01
   7.8747200e-02   9.2913386e-01
   8.0089600e-02   9.3700787e-01
   8.2326400e-02   9.4488189e-01
   9.1722400e-02   9.5275591e-01
   9.2617600e-02   9.6062992e-01
   9.5749600e-02   9.6850394e-01
   9.7092000e-02   9.7637795e-01
   1.1498880e-01   9.8425197e-01
   1.2885920e-01   9.9212598e-01
   1.4138720e-01   1.0000000e+00
