   9.1902772e-03   0.0000000e+00
   9.1902772e-03   1.6393443e-02
   9.5716340e-03   4.9180328e-02
   1.0561752e-02   6.5573770e-02
   1.1641593e-02   8.1967213e-02
   1.1892420e-02   9.8360656e-02
   1.1955880e-02   1.1475410e-01
   1.2409307e-02   1.3114754e-01
   1.2562401e-02   1.4754098e-01
   1.3908811e-02   1.6393443e-01
   1.4523615e-02   1.8032787e-01
   1.4948326e-02   1.9672131e-01
   1.5272805e-02   2.1311475e-01
   1.5410013e-02   2.2950820e-01
   1.6487091e-02   2.4590164e-01
   1.6599004e-02   2.6229508e-01
   1.7707288e-02   2.7868852e-01
   1.7835434e-02   2.9508197e-01
   1.8153315e-02   3.1147541e-01
   1.8263725e-02   3.2786885e-01
   1.8452720e-02   3.4426230e-01
   1.9802934e-02   3.6065574e-01
   1.9933167e-02   3.7704918e-01
   1.9989130e-02   3.9344262e-01
   2.0090437e-02   4.0983607e-01
   2.0373003e-02   4.2622951e-01
   2.1212807e-02   4.4262295e-01
   2.1440378e-02   4.5901639e-01
   2.1511541e-02   4.7540984e-01
   2.1737382e-02   4.9180328e-01
   2.2407399e-02   5.0819672e-01
   2.3061529e-02   5.2459016e-01
   2.3614505e-02   5.4098361e-01
   2.4761704e-02   5.5737705e-01
   2.4773978e-02   5.7377049e-01
   2.4809395e-02   5.9016393e-01
   2.5752869e-02   6.0655738e-01
   2.5955449e-02   6.2295082e-01
   2.6122056e-02   6.3934426e-01
   2.7364673e-02   6.5573770e-01
   2.7540257e-02   6.7213115e-01
   3.0155293e-02   6.8852459e-01
   3.2575325e-02   7.0491803e-01
   3.4005603e-02   7.2131148e-01
   3.4640249e-02   7.3770492e-01
   3.6170238e-02   7.5409836e-01
   4.6191597e-02   7.7049180e-01
   4.6583621e-02   7.8688525e-01
   4.8516910e-02   8.0327869e-01
   5.0640659e-02   8.1967213e-01
   5.0916675e-02   8.3606557e-01
   5.8219464e-02   8.5245902e-01
   5.9718136e-02   8.6885246e-01
   6.0036875e-02   8.8524590e-01
   6.6810074e-02   9.0163934e-01
   6.7302993e-02   9.1803279e-01
   7.0246779e-02   9.3442623e-01
   8.5490483e-02   9.5081967e-01
   1.9371171e-01   9.6721311e-01
   2.0763790e-01   9.8360656e-01
   2.3949311e-01   1.0000000e+00
