   3.5480000e-03   0.0000000e+00
   3.5480000e-03   8.5470085e-03
   3.9912000e-03   1.1396011e-02
   4.4344000e-03   2.2792023e-02
   4.8784000e-03   4.5584046e-02
   5.3216000e-03   6.2678063e-02
   5.7648000e-03   9.9715100e-02
   6.2088000e-03   1.1965812e-01
   6.6520000e-03   1.3105413e-01
   7.0952000e-03   1.7378917e-01
   7.5384000e-03   1.8803419e-01
   7.9824000e-03   2.2507123e-01
   8.4256000e-03   2.7350427e-01
   8.8688000e-03   2.8774929e-01
   9.3128000e-03   3.1054131e-01
   9.7560000e-03   3.2478632e-01
   1.0199200e-02   3.5327635e-01
   1.0643200e-02   3.8461538e-01
   1.1086400e-02   3.9601140e-01
   1.1529600e-02   4.0455840e-01
   1.1973600e-02   4.2450142e-01
   1.2416800e-02   4.4729345e-01
   1.2860000e-02   4.5299145e-01
   1.3304000e-02   4.6723647e-01
   1.3747200e-02   4.8148148e-01
   1.4190400e-02   4.9857550e-01
   1.4634400e-02   5.0712251e-01
   1.5077600e-02   5.1851852e-01
   1.5520800e-02   5.4415954e-01
   1.5964800e-02   5.5555556e-01
   1.6408000e-02   5.6125356e-01
   1.6851200e-02   5.7264957e-01
   1.7295200e-02   5.8119658e-01
   1.7738400e-02   5.9259259e-01
   1.8181600e-02   5.9544160e-01
   1.8625600e-02   6.0398860e-01
   1.9068800e-02   6.1538462e-01
   1.9512000e-02   6.1823362e-01
   1.9956000e-02   6.2108262e-01
   2.0399200e-02   6.3532764e-01
   2.1285600e-02   6.3817664e-01
   2.1729600e-02   6.4672365e-01
   2.3060000e-02   6.5811966e-01
   2.3946400e-02   6.6666667e-01
   2.4833600e-02   6.6951567e-01
   2.5276800e-02   6.7521368e-01
   2.5720800e-02   6.8376068e-01
   2.6164000e-02   6.9230769e-01
   2.6607200e-02   6.9800570e-01
   2.7051200e-02   7.0085470e-01
   2.7494400e-02   7.1509972e-01
   2.8824800e-02   7.1794872e-01
   2.9268000e-02   7.3219373e-01
   2.9712000e-02   7.3504274e-01
   3.0155200e-02   7.3789174e-01
   3.1042400e-02   7.4643875e-01
   3.2372800e-02   7.4928775e-01
   3.2816000e-02   7.5498575e-01
   3.3703200e-02   7.5783476e-01
   3.4589600e-02   7.6353276e-01
   3.5033600e-02   7.6638177e-01
   3.5920000e-02   7.7207977e-01
   3.7250400e-02   7.7492877e-01
   3.7693600e-02   7.7777778e-01
   3.9468000e-02   7.8347578e-01
   3.9911200e-02   7.9202279e-01
   4.0355200e-02   7.9772080e-01
   4.1684800e-02   8.0056980e-01
   4.2128800e-02   8.0341880e-01
   4.2572000e-02   8.0626781e-01
   4.3015200e-02   8.0911681e-01
   4.3902400e-02   8.1196581e-01
   4.4345600e-02   8.2621083e-01
   4.5232800e-02   8.2905983e-01
   4.5676000e-02   8.3190883e-01
   4.6120000e-02   8.3475783e-01
   4.7006400e-02   8.4045584e-01
   4.7450400e-02   8.4330484e-01
   4.7893600e-02   8.4615385e-01
   4.8336800e-02   8.4900285e-01
   4.8780800e-02   8.5185185e-01
   4.9224000e-02   8.5470085e-01
   5.0997600e-02   8.5754986e-01
   5.1441600e-02   8.6609687e-01
   5.2328000e-02   8.6894587e-01
   5.2771200e-02   8.7464387e-01
   5.3215200e-02   8.8034188e-01
   5.3658400e-02   8.8319088e-01
   5.4101600e-02   8.8603989e-01
   5.4545600e-02   8.8888889e-01
   5.5432800e-02   8.9743590e-01
   5.8536800e-02   9.0028490e-01
   6.0753600e-02   9.0313390e-01
   6.3858400e-02   9.0598291e-01
   6.6962400e-02   9.0883191e-01
   6.7848800e-02   9.1168091e-01
   6.8292800e-02   9.1452991e-01
   7.1396800e-02   9.1737892e-01
   7.2284000e-02   9.2022792e-01
   7.3170400e-02   9.2307692e-01
   7.4500800e-02   9.2592593e-01
   7.4944800e-02   9.3162393e-01
   7.5388000e-02   9.3447293e-01
   7.7161600e-02   9.3732194e-01
   7.9822400e-02   9.4017094e-01
   8.0709600e-02   9.4586895e-01
   8.2040000e-02   9.4871795e-01
   8.2483200e-02   9.5156695e-01
   8.2927200e-02   9.5441595e-01
   8.3813600e-02   9.6011396e-01
   8.4257600e-02   9.6296296e-01
   8.4700800e-02   9.6581197e-01
   8.8248000e-02   9.6866097e-01
   8.9135200e-02   9.7435897e-01
   9.0465600e-02   9.7720798e-01
   9.3126400e-02   9.8005698e-01
   9.8004800e-02   9.8290598e-01
   1.2328160e-01   9.8575499e-01
   1.2461200e-01   9.8860399e-01
   1.2682960e-01   9.9145299e-01
   1.2816000e-01   9.9430199e-01
   1.3569840e-01   9.9715100e-01
   1.5565440e-01   1.0000000e+00
