   2.2920000e-03   0.0000000e+00
   2.2920000e-03   1.2547051e-03
   2.6744000e-03   3.7641154e-03
   3.0560000e-03   7.5282309e-03
   3.4384000e-03   1.5056462e-02
   3.8208000e-03   2.3212045e-02
   4.2024000e-03   3.7641154e-02
   4.5848000e-03   5.3324969e-02
   4.9664000e-03   6.9008783e-02
   5.3488000e-03   9.7867001e-02
   5.7304000e-03   1.1543287e-01
   6.1128000e-03   1.3864492e-01
   6.4944000e-03   1.6122961e-01
   6.8768000e-03   1.9887077e-01
   7.2592000e-03   2.4027604e-01
   7.6408000e-03   2.8983689e-01
   8.0232000e-03   3.3249686e-01
   8.4048000e-03   3.7139272e-01
   8.7872000e-03   4.0903388e-01
   9.1688000e-03   4.3726474e-01
   9.5512000e-03   4.7051443e-01
   9.9328000e-03   4.9874529e-01
   1.0315200e-02   5.2007528e-01
   1.0696800e-02   5.5269762e-01
   1.1079200e-02   5.7716437e-01
   1.1461600e-02   6.0225847e-01
   1.1843200e-02   6.2986198e-01
   1.2225600e-02   6.5056462e-01
   1.2607200e-02   6.7440402e-01
   1.2989600e-02   6.8757842e-01
   1.3371200e-02   7.0765370e-01
   1.3753600e-02   7.2145546e-01
   1.4136000e-02   7.3462986e-01
   1.4517600e-02   7.5156838e-01
   1.4900000e-02   7.6286073e-01
   1.5281600e-02   7.7728984e-01
   1.5664000e-02   7.8293601e-01
   1.6045600e-02   7.9611041e-01
   1.6428000e-02   8.0803011e-01
   1.6809600e-02   8.1932246e-01
   1.7192000e-02   8.3061481e-01
   1.7574400e-02   8.3563363e-01
   1.7956000e-02   8.4316186e-01
   1.8338400e-02   8.5006274e-01
   1.8720000e-02   8.5821832e-01
   1.9102400e-02   8.6198243e-01
   1.9484000e-02   8.6888331e-01
   1.9866400e-02   8.7703890e-01
   2.0248000e-02   8.7954831e-01
   2.0630400e-02   8.8582183e-01
   2.1012800e-02   8.8958595e-01
   2.1394400e-02   8.9460477e-01
   2.1776800e-02   8.9585947e-01
   2.2158400e-02   8.9899624e-01
   2.2540800e-02   9.0715182e-01
   2.2922400e-02   9.1154329e-01
   2.3304800e-02   9.1342535e-01
   2.3686400e-02   9.1468005e-01
   2.4068800e-02   9.1907152e-01
   2.4451200e-02   9.2032622e-01
   2.4832800e-02   9.2158093e-01
   2.5215200e-02   9.2409034e-01
   2.5596800e-02   9.2722710e-01
   2.5979200e-02   9.2910916e-01
   2.6360800e-02   9.3099122e-01
   2.6743200e-02   9.3161857e-01
   2.7124800e-02   9.3287327e-01
   2.7507200e-02   9.3538269e-01
   2.7888800e-02   9.3726474e-01
   2.8271200e-02   9.3851945e-01
   2.8653600e-02   9.3977415e-01
   2.9035200e-02   9.4291092e-01
   2.9417600e-02   9.4479297e-01
   2.9799200e-02   9.4542033e-01
   3.0181600e-02   9.4667503e-01
   3.0563200e-02   9.4730238e-01
   3.0945600e-02   9.4792974e-01
   3.1327200e-02   9.4981179e-01
   3.1709600e-02   9.5043915e-01
   3.2092000e-02   9.5357591e-01
   3.2473600e-02   9.5420326e-01
   3.3237600e-02   9.5483061e-01
   3.3620000e-02   9.5545797e-01
   3.4001600e-02   9.5734003e-01
   3.4384000e-02   9.5922208e-01
   3.4766400e-02   9.6173149e-01
   3.5148000e-02   9.6235885e-01
   3.5912000e-02   9.6424090e-01
   3.6294400e-02   9.6612296e-01
   3.6676000e-02   9.6863237e-01
   3.7058400e-02   9.7114178e-01
   3.7440000e-02   9.7427854e-01
   3.7822400e-02   9.7616060e-01
   3.8204000e-02   9.7678795e-01
   3.8968800e-02   9.7741531e-01
   3.9350400e-02   9.7804266e-01
   4.0114400e-02   9.7867001e-01
   4.0496800e-02   9.7929737e-01
   4.1260800e-02   9.8055207e-01
   4.2024800e-02   9.8180678e-01
   4.2788800e-02   9.8243413e-01
   4.3935200e-02   9.8306148e-01
   4.5463200e-02   9.8431619e-01
   4.5845600e-02   9.8494354e-01
   4.6609600e-02   9.8619824e-01
   4.6991200e-02   9.8682560e-01
   4.7373600e-02   9.8745295e-01
   4.8137600e-02   9.8808030e-01
   4.8901600e-02   9.8870765e-01
   5.1576000e-02   9.8933501e-01
   5.3868000e-02   9.8996236e-01
   5.4250400e-02   9.9058971e-01
   5.5778400e-02   9.9121706e-01
   5.6542400e-02   9.9247177e-01
   5.9599200e-02   9.9309912e-01
   6.2655200e-02   9.9372647e-01
   6.3419200e-02   9.9435383e-01
   6.4565600e-02   9.9498118e-01
   6.5329600e-02   9.9560853e-01
   7.2970400e-02   9.9623588e-01
   7.4116800e-02   9.9686324e-01
   7.5262400e-02   9.9749059e-01
   7.7555200e-02   9.9811794e-01
   9.4747200e-02   9.9874529e-01
   1.0276960e-01   9.9937265e-01
   1.7115600e-01   1.0000000e+00
