   4.1392000e-03   0.0000000e+00
   4.1392000e-03   2.7397260e-02
   5.6448000e-03   5.4794521e-02
   6.0208000e-03   8.2191781e-02
   6.3968000e-03   1.2328767e-01
   7.5256000e-03   1.5068493e-01
   7.9024000e-03   1.9178082e-01
   8.2784000e-03   2.0547945e-01
   8.6544000e-03   2.3287671e-01
   9.4072000e-03   2.4657534e-01
   9.7840000e-03   2.6027397e-01
   1.0160000e-02   2.7397260e-01
   1.0536000e-02   2.8767123e-01
   1.0912800e-02   3.1506849e-01
   1.1288800e-02   3.6986301e-01
   1.2041600e-02   3.8356164e-01
   1.2417600e-02   4.1095890e-01
   1.3170400e-02   4.6575342e-01
   1.3546400e-02   4.7945205e-01
   1.3923200e-02   5.2054795e-01
   1.4299200e-02   5.4794521e-01
   1.4675200e-02   5.6164384e-01
   1.5052000e-02   5.7534247e-01
   1.5428000e-02   5.8904110e-01
   1.6180800e-02   6.1643836e-01
   1.7685600e-02   6.7123288e-01
   1.8438400e-02   6.8493151e-01
   1.8814400e-02   6.9863014e-01
   1.9191200e-02   7.2602740e-01
   1.9567200e-02   7.3972603e-01
   1.9943200e-02   7.5342466e-01
   2.2201600e-02   7.6712329e-01
   2.2953600e-02   7.8082192e-01
   2.3330400e-02   7.9452055e-01
   2.3706400e-02   8.0821918e-01
   2.4459200e-02   8.2191781e-01
   2.5588000e-02   8.3561644e-01
   2.7469600e-02   8.4931507e-01
   3.2737600e-02   8.6301370e-01
   3.3866400e-02   8.7671233e-01
   3.5371200e-02   8.9041096e-01
   3.8381600e-02   9.0410959e-01
   4.0263200e-02   9.1780822e-01
   4.1016000e-02   9.3150685e-01
   4.2520800e-02   9.4520548e-01
   4.8541600e-02   9.5890411e-01
   1.1251200e-01   9.7260274e-01
   1.4035760e-01   9.8630137e-01
   1.4938880e-01   1.0000000e+00
