   4.7336000e-03   0.0000000e+00
   4.7336000e-03   1.4388489e-02
   6.3120000e-03   2.1582734e-02
   7.4952000e-03   2.8776978e-02
   7.8896000e-03   3.5971223e-02
   8.2840000e-03   5.0359712e-02
   8.6784000e-03   6.4748201e-02
   9.0728000e-03   7.1942446e-02
   9.8616000e-03   9.3525180e-02
   1.0256800e-02   1.0071942e-01
   1.0651200e-02   1.2949640e-01
   1.1440000e-02   1.3669065e-01
   1.1834400e-02   1.7266187e-01
   1.2623200e-02   1.9424460e-01
   1.3017600e-02   2.0863309e-01
   1.3806400e-02   2.2302158e-01
   1.4200800e-02   2.3021583e-01
   1.4990400e-02   2.7338129e-01
   1.5384800e-02   2.8057554e-01
   1.5779200e-02   3.0215827e-01
   1.6173600e-02   3.2374101e-01
   1.6568000e-02   3.4532374e-01
   1.6962400e-02   3.7410072e-01
   1.7356800e-02   3.8129496e-01
   1.7751200e-02   3.8848921e-01
   1.8145600e-02   4.1007194e-01
   1.8540800e-02   4.3165468e-01
   1.8935200e-02   4.3884892e-01
   1.9329600e-02   4.5323741e-01
   2.0118400e-02   4.6762590e-01
   2.0907200e-02   4.7482014e-01
   2.1301600e-02   4.8201439e-01
   2.1696000e-02   4.8920863e-01
   2.2090400e-02   4.9640288e-01
   2.2484800e-02   5.1079137e-01
   2.2880000e-02   5.1798561e-01
   2.3668800e-02   5.3237410e-01
   2.4063200e-02   5.4676259e-01
   2.4457600e-02   5.5395683e-01
   2.4852000e-02   5.7553957e-01
   2.5640800e-02   5.8273381e-01
   2.6429600e-02   5.8992806e-01
   2.7219200e-02   5.9712230e-01
   2.7613600e-02   6.1151079e-01
   2.8008000e-02   6.1870504e-01
   2.8402400e-02   6.2589928e-01
   2.8796800e-02   6.3309353e-01
   3.1164000e-02   6.4748201e-01
   3.1952800e-02   6.5467626e-01
   3.2347200e-02   6.6906475e-01
   3.3136000e-02   6.7625899e-01
   3.3530400e-02   6.8345324e-01
   3.3924800e-02   6.9064748e-01
   3.4714400e-02   7.1942446e-01
   3.5503200e-02   7.2661871e-01
   3.5897600e-02   7.3381295e-01
   3.6292000e-02   7.4100719e-01
   3.7080800e-02   7.4820144e-01
   3.7869600e-02   7.5539568e-01
   3.8264000e-02   7.6258993e-01
   3.8658400e-02   7.6978417e-01
   3.9448000e-02   7.8417266e-01
   4.0631200e-02   7.9136691e-01
   4.1420000e-02   7.9856115e-01
   4.1814400e-02   8.0575540e-01
   4.2208800e-02   8.1294964e-01
   4.3392800e-02   8.2733813e-01
   4.3787200e-02   8.4172662e-01
   4.4181600e-02   8.5611511e-01
   4.6153600e-02   8.6330935e-01
   4.8126400e-02   8.7769784e-01
   4.9704000e-02   8.8489209e-01
   5.0492800e-02   8.9208633e-01
   5.2860000e-02   8.9928058e-01
   5.4437600e-02   9.0647482e-01
   5.5621600e-02   9.2086331e-01
   5.6016000e-02   9.3525180e-01
   5.7988000e-02   9.4244604e-01
   5.9172000e-02   9.4964029e-01
   6.4300000e-02   9.5683453e-01
   6.7060800e-02   9.6402878e-01
   6.9033600e-02   9.7122302e-01
   7.3372800e-02   9.7841727e-01
   9.1913600e-02   9.8561151e-01
   1.0729760e-01   1.0000000e+00
