   4.7029684e-03   0.0000000e+00
   4.7029684e-03   2.8571429e-03
   5.7189686e-03   5.7142857e-03
   6.5414976e-03   8.5714286e-03
   6.6983858e-03   1.1428571e-02
   7.3904499e-03   1.7142857e-02
   7.7069384e-03   2.2857143e-02
   7.7112007e-03   2.5714286e-02
   7.8723272e-03   2.8571429e-02
   7.8955165e-03   3.1428571e-02
   8.0362582e-03   3.4285714e-02
   8.1442326e-03   3.7142857e-02
   8.1519529e-03   4.0000000e-02
   8.2553727e-03   4.2857143e-02
   8.3779837e-03   4.5714286e-02
   8.4312445e-03   4.8571429e-02
   8.7017153e-03   5.1428571e-02
   8.8140876e-03   5.4285714e-02
   8.9430832e-03   5.7142857e-02
   9.0449336e-03   6.0000000e-02
   9.0498832e-03   6.5714286e-02
   9.0909236e-03   6.8571429e-02
   9.1034437e-03   7.1428571e-02
   9.2063504e-03   7.4285714e-02
   9.3942005e-03   7.7142857e-02
   9.5148303e-03   8.0000000e-02
   9.7209029e-03   8.2857143e-02
   9.7749986e-03   8.5714286e-02
   9.7770910e-03   8.8571429e-02
   1.0046698e-02   9.1428571e-02
   1.0077931e-02   9.4285714e-02
   1.0219245e-02   9.7142857e-02
   1.0273958e-02   1.0285714e-01
   1.0414870e-02   1.0571429e-01
   1.0430080e-02   1.0857143e-01
   1.0446692e-02   1.1142857e-01
   1.0608259e-02   1.1428571e-01
   1.0716741e-02   1.1714286e-01
   1.0726182e-02   1.2000000e-01
   1.0940510e-02   1.2285714e-01
   1.1050780e-02   1.2571429e-01
   1.1118348e-02   1.2857143e-01
   1.1146522e-02   1.3142857e-01
   1.1388082e-02   1.3428571e-01
   1.1495609e-02   1.3714286e-01
   1.1720137e-02   1.4571429e-01
   1.1735949e-02   1.4857143e-01
   1.1742877e-02   1.5142857e-01
   1.1802690e-02   1.5428571e-01
   1.1803778e-02   1.5714286e-01
   1.1964055e-02   1.6000000e-01
   1.2060839e-02   1.6571429e-01
   1.2414724e-02   1.6857143e-01
   1.2419472e-02   1.7142857e-01
   1.2461242e-02   1.7714286e-01
   1.2541128e-02   1.8000000e-01
   1.2598035e-02   1.8285714e-01
   1.2762593e-02   1.8857143e-01
   1.2833046e-02   1.9142857e-01
   1.3073939e-02   1.9428571e-01
   1.3082995e-02   2.0000000e-01
   1.3396241e-02   2.0857143e-01
   1.3437995e-02   2.1142857e-01
   1.3496352e-02   2.1428571e-01
   1.3508202e-02   2.1714286e-01
   1.3611746e-02   2.2000000e-01
   1.3678572e-02   2.2285714e-01
   1.3804845e-02   2.2571429e-01
   1.3862116e-02   2.2857143e-01
   1.4090932e-02   2.3142857e-01
   1.4238489e-02   2.3428571e-01
   1.4407395e-02   2.4000000e-01
   1.4573804e-02   2.4285714e-01
   1.4780900e-02   2.4571429e-01
   1.5069466e-02   2.4857143e-01
   1.5077804e-02   2.5142857e-01
   1.5270721e-02   2.5428571e-01
   1.5413309e-02   2.6285714e-01
   1.5453482e-02   2.6571429e-01
   1.5470589e-02   2.6857143e-01
   1.5484553e-02   2.7142857e-01
   1.5677031e-02   2.7428571e-01
   1.5765686e-02   2.7714286e-01
   1.5775324e-02   2.8000000e-01
   1.5901646e-02   2.8285714e-01
   1.6085280e-02   2.8571429e-01
   1.6124935e-02   2.8857143e-01
   1.6132784e-02   2.9142857e-01
   1.6352259e-02   2.9428571e-01
   1.6410745e-02   2.9714286e-01
   1.6437545e-02   3.0000000e-01
   1.6523686e-02   3.0285714e-01
   1.6577750e-02   3.0571429e-01
   1.6796929e-02   3.1142857e-01
   1.6814362e-02   3.1428571e-01
   1.6862489e-02   3.1714286e-01
   1.6863827e-02   3.2000000e-01
   1.6958236e-02   3.2571429e-01
   1.7077469e-02   3.3142857e-01
   1.7080070e-02   3.3428571e-01
   1.7162985e-02   3.3714286e-01
   1.7219540e-02   3.4000000e-01
   1.7243216e-02   3.4285714e-01
   1.7479526e-02   3.4571429e-01
   1.7535903e-02   3.4857143e-01
   1.7770920e-02   3.5142857e-01
   1.7818285e-02   3.5428571e-01
   1.7914085e-02   3.5714286e-01
   1.8297768e-02   3.6000000e-01
   1.8452654e-02   3.6285714e-01
   1.8812416e-02   3.6571429e-01
   1.8842676e-02   3.7142857e-01
   1.9391364e-02   3.7428571e-01
   1.9453715e-02   3.8000000e-01
   1.9672639e-02   3.8285714e-01
   1.9770641e-02   3.8857143e-01
   1.9979619e-02   3.9142857e-01
   2.0180449e-02   3.9428571e-01
   2.0281711e-02   3.9714286e-01
   2.0451901e-02   4.0000000e-01
   2.0472108e-02   4.0285714e-01
   2.0763409e-02   4.0571429e-01
   2.0839512e-02   4.0857143e-01
   2.0943234e-02   4.1142857e-01
   2.0953185e-02   4.1428571e-01
   2.1193882e-02   4.1714286e-01
   2.1564424e-02   4.2000000e-01
   2.1566164e-02   4.2285714e-01
   2.1773184e-02   4.2571429e-01
   2.1802366e-02   4.2857143e-01
   2.1851550e-02   4.3142857e-01
   2.2019887e-02   4.3428571e-01
   2.2034723e-02   4.3714286e-01
   2.2101502e-02   4.4000000e-01
   2.2153153e-02   4.4285714e-01
   2.2156191e-02   4.4571429e-01
   2.2171892e-02   4.4857143e-01
   2.2320426e-02   4.5142857e-01
   2.2467547e-02   4.5714286e-01
   2.2514291e-02   4.6000000e-01
   2.2611201e-02   4.6285714e-01
   2.3134217e-02   4.6571429e-01
   2.3389465e-02   4.6857143e-01
   2.3537158e-02   4.7142857e-01
   2.3594504e-02   4.7428571e-01
   2.3775301e-02   4.7714286e-01
   2.3953381e-02   4.8000000e-01
   2.4020105e-02   4.8285714e-01
   2.4154638e-02   4.8571429e-01
   2.4314585e-02   4.8857143e-01
   2.4926216e-02   4.9142857e-01
   2.5028726e-02   4.9428571e-01
   2.5218689e-02   4.9714286e-01
   2.5296305e-02   5.0000000e-01
   2.5488531e-02   5.0285714e-01
   2.5618664e-02   5.0571429e-01
   2.5800581e-02   5.0857143e-01
   2.5967765e-02   5.1142857e-01
   2.6017465e-02   5.1428571e-01
   2.6191074e-02   5.1714286e-01
   2.6219320e-02   5.2000000e-01
   2.6272577e-02   5.2285714e-01
   2.6422981e-02   5.2571429e-01
   2.6514181e-02   5.3142857e-01
   2.6547073e-02   5.3428571e-01
   2.7310851e-02   5.3714286e-01
   2.7468510e-02   5.4000000e-01
   2.7547443e-02   5.4285714e-01
   2.7687571e-02   5.4571429e-01
   2.8206283e-02   5.4857143e-01
   2.8280952e-02   5.5142857e-01
   2.8468507e-02   5.5428571e-01
   2.8496424e-02   5.6000000e-01
   2.8537139e-02   5.6285714e-01
   2.8753276e-02   5.6571429e-01
   2.8824744e-02   5.6857143e-01
   2.8954980e-02   5.7142857e-01
   2.9201470e-02   5.7428571e-01
   2.9493347e-02   5.7714286e-01
   2.9515802e-02   5.8000000e-01
   2.9562930e-02   5.8285714e-01
   2.9597511e-02   5.8571429e-01
   3.0137591e-02   5.8857143e-01
   3.0262855e-02   5.9142857e-01
   3.0469781e-02   5.9428571e-01
   3.0807024e-02   5.9714286e-01
   3.0823550e-02   6.0000000e-01
   3.1086966e-02   6.0285714e-01
   3.1141479e-02   6.0571429e-01
   3.2128455e-02   6.0857143e-01
   3.2341147e-02   6.1142857e-01
   3.2520416e-02   6.1428571e-01
   3.2609409e-02   6.1714286e-01
   3.2744228e-02   6.2000000e-01
   3.3286343e-02   6.2285714e-01
   3.3434938e-02   6.2571429e-01
   3.3442592e-02   6.2857143e-01
   3.3491466e-02   6.3142857e-01
   3.3651753e-02   6.3428571e-01
   3.3728782e-02   6.3714286e-01
   3.3915842e-02   6.4000000e-01
   3.4919248e-02   6.4285714e-01
   3.5490485e-02   6.4571429e-01
   3.5890026e-02   6.4857143e-01
   3.7264085e-02   6.5142857e-01
   3.7322039e-02   6.5428571e-01
   3.7425786e-02   6.5714286e-01
   3.7540720e-02   6.6000000e-01
   3.7551851e-02   6.6285714e-01
   3.8496842e-02   6.6571429e-01
   3.8874572e-02   6.6857143e-01
   3.8884174e-02   6.7142857e-01
   3.8891181e-02   6.7428571e-01
   3.8892749e-02   6.7714286e-01
   3.9912844e-02   6.8000000e-01
   3.9971086e-02   6.8285714e-01
   4.0443358e-02   6.8571429e-01
   4.0550994e-02   6.8857143e-01
   4.0935646e-02   6.9142857e-01
   4.0944095e-02   6.9428571e-01
   4.1149385e-02   6.9714286e-01
   4.1543043e-02   7.0000000e-01
   4.1543722e-02   7.0285714e-01
   4.1866439e-02   7.0571429e-01
   4.4112187e-02   7.0857143e-01
   4.4308562e-02   7.1142857e-01
   4.5095823e-02   7.1428571e-01
   4.5409098e-02   7.1714286e-01
   4.6418288e-02   7.2000000e-01
   4.7458867e-02   7.2285714e-01
   4.7636061e-02   7.2571429e-01
   4.8585852e-02   7.2857143e-01
   4.8738515e-02   7.3142857e-01
   4.9271608e-02   7.3428571e-01
   4.9411268e-02   7.3714286e-01
   4.9557608e-02   7.4000000e-01
   5.0771579e-02   7.4285714e-01
   5.1232948e-02   7.4571429e-01
   5.1796428e-02   7.4857143e-01
   5.1953933e-02   7.5142857e-01
   5.2615293e-02   7.5428571e-01
   5.3259930e-02   7.5714286e-01
   5.3384348e-02   7.6000000e-01
   5.3399061e-02   7.6285714e-01
   5.4247273e-02   7.6571429e-01
   5.4313967e-02   7.6857143e-01
   5.4438149e-02   7.7142857e-01
   5.5585860e-02   7.7428571e-01
   5.5586833e-02   7.7714286e-01
   5.6315225e-02   7.8000000e-01
   5.6345399e-02   7.8285714e-01
   5.6684968e-02   7.8571429e-01
   5.6729897e-02   7.8857143e-01
   5.7157963e-02   7.9142857e-01
   5.7370457e-02   7.9428571e-01
   5.7790718e-02   7.9714286e-01
   5.7884139e-02   8.0000000e-01
   5.8730981e-02   8.0285714e-01
   5.9032159e-02   8.0571429e-01
   5.9555498e-02   8.0857143e-01
   5.9796724e-02   8.1142857e-01
   6.0312208e-02   8.1428571e-01
   6.0469307e-02   8.1714286e-01
   6.0611303e-02   8.2000000e-01
   6.0771823e-02   8.2285714e-01
   6.2128549e-02   8.2571429e-01
   6.4531278e-02   8.2857143e-01
   6.4956969e-02   8.3142857e-01
   6.5528063e-02   8.3428571e-01
   6.6708432e-02   8.3714286e-01
   6.7457564e-02   8.4000000e-01
   6.8980770e-02   8.4285714e-01
   7.0051717e-02   8.4571429e-01
   7.0511709e-02   8.4857143e-01
   7.1325404e-02   8.5142857e-01
   7.1756938e-02   8.5428571e-01
   7.3475901e-02   8.5714286e-01
   7.4720755e-02   8.6000000e-01
   7.6051813e-02   8.6285714e-01
   7.6575958e-02   8.6571429e-01
   7.6918444e-02   8.6857143e-01
   7.7096171e-02   8.7142857e-01
   7.7322731e-02   8.7428571e-01
   7.7739631e-02   8.7714286e-01
   7.7785611e-02   8.8000000e-01
   7.8497744e-02   8.8285714e-01
   7.8558400e-02   8.8571429e-01
   7.8871147e-02   8.8857143e-01
   7.9500242e-02   8.9142857e-01
   7.9999528e-02   8.9428571e-01
   8.0744602e-02   8.9714286e-01
   8.3109937e-02   9.0000000e-01
   8.3316085e-02   9.0285714e-01
   8.4894614e-02   9.0571429e-01
   8.5064913e-02   9.0857143e-01
   8.5762243e-02   9.1142857e-01
   8.6793188e-02   9.1428571e-01
   8.6825670e-02   9.1714286e-01
   8.6991585e-02   9.2000000e-01
   8.7298440e-02   9.2285714e-01
   8.8839765e-02   9.2571429e-01
   9.0418537e-02   9.2857143e-01
   9.1799076e-02   9.3142857e-01
   9.1870146e-02   9.3428571e-01
   9.2525338e-02   9.3714286e-01
   9.5354827e-02   9.4000000e-01
   9.8824556e-02   9.4285714e-01
   9.9147496e-02   9.4571429e-01
   1.0028373e-01   9.4857143e-01
   1.0347118e-01   9.5142857e-01
   1.0682456e-01   9.5428571e-01
   1.1328685e-01   9.5714286e-01
   1.1421963e-01   9.6000000e-01
   1.1570502e-01   9.6285714e-01
   1.1719984e-01   9.6571429e-01
   1.1928230e-01   9.6857143e-01
   1.2693207e-01   9.7142857e-01
   1.2722065e-01   9.7428571e-01
   1.3821658e-01   9.7714286e-01
   1.4485245e-01   9.8000000e-01
   1.6231275e-01   9.8285714e-01
   1.6693860e-01   9.8571429e-01
   2.0846097e-01   9.8857143e-01
   2.4615879e-01   9.9142857e-01
   2.4799424e-01   9.9428571e-01
   2.5166174e-01   9.9714286e-01
   2.5314741e-01   1.0000000e+00
