   4.1416063e-03   0.0000000e+00
   4.1416063e-03   3.1347962e-03
   6.6055591e-03   6.2695925e-03
   6.8778335e-03   9.4043887e-03
   7.1573630e-03   1.2539185e-02
   7.2117756e-03   1.5673981e-02
   7.4467175e-03   1.8808777e-02
   7.7094008e-03   2.1943574e-02
   7.7528076e-03   2.5078370e-02
   7.8352469e-03   2.8213166e-02
   8.0435673e-03   3.1347962e-02
   8.0806540e-03   3.4482759e-02
   8.1326900e-03   3.7617555e-02
   8.2616605e-03   4.0752351e-02
   8.3504313e-03   4.3887147e-02
   8.4524198e-03   4.7021944e-02
   8.5378498e-03   5.3291536e-02
   8.8146445e-03   5.6426332e-02
   8.8275482e-03   5.9561129e-02
   8.8857024e-03   6.2695925e-02
   9.1229579e-03   6.5830721e-02
   9.3534692e-03   7.2100313e-02
   9.3672014e-03   7.5235110e-02
   9.3959276e-03   7.8369906e-02
   9.4141176e-03   8.1504702e-02
   9.5060149e-03   8.4639498e-02
   9.6635558e-03   8.7774295e-02
   9.7281536e-03   9.0909091e-02
   9.9620530e-03   9.4043887e-02
   1.0184193e-02   9.7178683e-02
   1.0289666e-02   1.0031348e-01
   1.0453716e-02   1.0344828e-01
   1.0599218e-02   1.0658307e-01
   1.0668073e-02   1.0971787e-01
   1.0704136e-02   1.1285266e-01
   1.0729697e-02   1.1598746e-01
   1.0736022e-02   1.1912226e-01
   1.1011115e-02   1.2225705e-01
   1.1045138e-02   1.2539185e-01
   1.1152039e-02   1.2852665e-01
   1.1297563e-02   1.3793103e-01
   1.1451536e-02   1.4106583e-01
   1.1476809e-02   1.4420063e-01
   1.1512518e-02   1.4733542e-01
   1.1636594e-02   1.5047022e-01
   1.1644385e-02   1.5360502e-01
   1.1717237e-02   1.5673981e-01
   1.1949147e-02   1.5987461e-01
   1.2028965e-02   1.6300940e-01
   1.2107466e-02   1.6614420e-01
   1.2182855e-02   1.6927900e-01
   1.2183124e-02   1.7241379e-01
   1.2258055e-02   1.7554859e-01
   1.2358348e-02   1.7868339e-01
   1.2393056e-02   1.8495298e-01
   1.2425938e-02   1.8808777e-01
   1.2431683e-02   1.9122257e-01
   1.2481487e-02   1.9435737e-01
   1.2658995e-02   1.9749216e-01
   1.2677361e-02   2.0062696e-01
   1.2987082e-02   2.0376176e-01
   1.3364655e-02   2.0689655e-01
   1.3461505e-02   2.1003135e-01
   1.3513278e-02   2.1316614e-01
   1.3523034e-02   2.1630094e-01
   1.3539136e-02   2.1943574e-01
   1.3729978e-02   2.2257053e-01
   1.3890948e-02   2.2570533e-01
   1.3946121e-02   2.2884013e-01
   1.3983252e-02   2.3197492e-01
   1.4033947e-02   2.3824451e-01
   1.4104056e-02   2.4137931e-01
   1.4129853e-02   2.4451411e-01
   1.4266375e-02   2.4764890e-01
   1.4314703e-02   2.5078370e-01
   1.4316896e-02   2.5391850e-01
   1.4349851e-02   2.5705329e-01
   1.4368681e-02   2.6018809e-01
   1.4479060e-02   2.6332288e-01
   1.4498294e-02   2.6645768e-01
   1.4565756e-02   2.6959248e-01
   1.4707438e-02   2.7272727e-01
   1.4893435e-02   2.7586207e-01
   1.4951533e-02   2.7899687e-01
   1.5131962e-02   2.8213166e-01
   1.5157021e-02   2.8526646e-01
   1.5411790e-02   2.8840125e-01
   1.5420354e-02   2.9467085e-01
   1.5484221e-02   2.9780564e-01
   1.5497719e-02   3.0094044e-01
   1.5537092e-02   3.0407524e-01
   1.5671448e-02   3.0721003e-01
   1.5866986e-02   3.1034483e-01
   1.6184350e-02   3.1347962e-01
   1.6263199e-02   3.1661442e-01
   1.6478690e-02   3.1974922e-01
   1.6516238e-02   3.2288401e-01
   1.6529057e-02   3.2601881e-01
   1.6603565e-02   3.3228840e-01
   1.6613376e-02   3.3542320e-01
   1.6789163e-02   3.3855799e-01
   1.6865059e-02   3.4169279e-01
   1.7038249e-02   3.4482759e-01
   1.7047048e-02   3.4796238e-01
   1.7103048e-02   3.5109718e-01
   1.7166925e-02   3.5423197e-01
   1.7227193e-02   3.5736677e-01
   1.7234889e-02   3.6050157e-01
   1.7328129e-02   3.6363636e-01
   1.7338402e-02   3.6677116e-01
   1.7369009e-02   3.6990596e-01
   1.7414085e-02   3.7304075e-01
   1.7466373e-02   3.7931034e-01
   1.7551672e-02   3.8557994e-01
   1.7607389e-02   3.8871473e-01
   1.7609363e-02   3.9184953e-01
   1.7622304e-02   3.9498433e-01
   1.7629289e-02   3.9811912e-01
   1.7666003e-02   4.0125392e-01
   1.7858410e-02   4.0438871e-01
   1.7908676e-02   4.0752351e-01
   1.7968162e-02   4.1065831e-01
   1.8041731e-02   4.1379310e-01
   1.8072410e-02   4.1692790e-01
   1.8156776e-02   4.2006270e-01
   1.8180886e-02   4.2319749e-01
   1.8210499e-02   4.2633229e-01
   1.8219885e-02   4.2946708e-01
   1.8308098e-02   4.3260188e-01
   1.8483433e-02   4.3573668e-01
   1.8491363e-02   4.4514107e-01
   1.8722061e-02   4.4827586e-01
   1.8748022e-02   4.5141066e-01
   1.8751245e-02   4.5454545e-01
   1.8800010e-02   4.5768025e-01
   1.8899364e-02   4.6081505e-01
   1.9012447e-02   4.6394984e-01
   1.9088985e-02   4.6708464e-01
   1.9138375e-02   4.7021944e-01
   1.9206482e-02   4.7335423e-01
   1.9582203e-02   4.7648903e-01
   1.9757098e-02   4.7962382e-01
   1.9770763e-02   4.8275862e-01
   1.9826414e-02   4.8589342e-01
   1.9863715e-02   4.9216301e-01
   1.9964735e-02   4.9529781e-01
   2.0071073e-02   4.9843260e-01
   2.0102404e-02   5.0470219e-01
   2.0124411e-02   5.0783699e-01
   2.0189452e-02   5.1097179e-01
   2.0225948e-02   5.1410658e-01
   2.0490078e-02   5.1724138e-01
   2.0608397e-02   5.2037618e-01
   2.0636389e-02   5.2351097e-01
   2.0764980e-02   5.2664577e-01
   2.0927670e-02   5.2978056e-01
   2.1130198e-02   5.3291536e-01
   2.1191871e-02   5.3605016e-01
   2.1194452e-02   5.3918495e-01
   2.1546283e-02   5.4231975e-01
   2.1597241e-02   5.4545455e-01
   2.1677963e-02   5.4858934e-01
   2.1739518e-02   5.5172414e-01
   2.1763324e-02   5.5485893e-01
   2.2009310e-02   5.5799373e-01
   2.2052656e-02   5.6112853e-01
   2.2095129e-02   5.6426332e-01
   2.2101980e-02   5.6739812e-01
   2.2288371e-02   5.7366771e-01
   2.2290945e-02   5.7680251e-01
   2.2398002e-02   5.8307210e-01
   2.2537044e-02   5.8620690e-01
   2.2558429e-02   5.8934169e-01
   2.2595125e-02   5.9247649e-01
   2.2750517e-02   5.9561129e-01
   2.2842508e-02   5.9874608e-01
   2.2856453e-02   6.0188088e-01
   2.2952496e-02   6.0501567e-01
   2.3111744e-02   6.0815047e-01
   2.3140030e-02   6.1128527e-01
   2.3363779e-02   6.1442006e-01
   2.3463048e-02   6.1755486e-01
   2.3767530e-02   6.2068966e-01
   2.3791712e-02   6.2382445e-01
   2.3974894e-02   6.2695925e-01
   2.4151497e-02   6.3009404e-01
   2.4256876e-02   6.3322884e-01
   2.4435853e-02   6.3636364e-01
   2.4591217e-02   6.3949843e-01
   2.4876602e-02   6.4263323e-01
   2.5489915e-02   6.4576803e-01
   2.5679306e-02   6.4890282e-01
   2.5875272e-02   6.5203762e-01
   2.5890900e-02   6.5517241e-01
   2.5937871e-02   6.5830721e-01
   2.6134758e-02   6.6144201e-01
   2.6275559e-02   6.6457680e-01
   2.6317443e-02   6.6771160e-01
   2.6326966e-02   6.7084639e-01
   2.6351662e-02   6.7398119e-01
   2.6509883e-02   6.7711599e-01
   2.6516738e-02   6.8025078e-01
   2.6964801e-02   6.8338558e-01
   2.6992894e-02   6.8652038e-01
   2.7259574e-02   6.8965517e-01
   2.7308000e-02   6.9278997e-01
   2.7571675e-02   6.9592476e-01
   2.7709870e-02   6.9905956e-01
   2.8156545e-02   7.0219436e-01
   2.8242353e-02   7.0532915e-01
   2.8259706e-02   7.0846395e-01
   2.8623656e-02   7.1159875e-01
   2.8689440e-02   7.1473354e-01
   2.9245153e-02   7.1786834e-01
   2.9378560e-02   7.2100313e-01
   3.0027420e-02   7.2413793e-01
   3.0107083e-02   7.2727273e-01
   3.0286054e-02   7.3040752e-01
   3.0750515e-02   7.3354232e-01
   3.1561884e-02   7.3667712e-01
   3.1595447e-02   7.3981191e-01
   3.1636551e-02   7.4294671e-01
   3.1797260e-02   7.4608150e-01
   3.1966360e-02   7.4921630e-01
   3.2060673e-02   7.5235110e-01
   3.2119948e-02   7.5548589e-01
   3.2906347e-02   7.5862069e-01
   3.2919277e-02   7.6175549e-01
   3.3126703e-02   7.6489028e-01
   3.3338683e-02   7.6802508e-01
   3.3578905e-02   7.7115987e-01
   3.3789036e-02   7.7429467e-01
   3.4090036e-02   7.7742947e-01
   3.4174657e-02   7.8056426e-01
   3.4221495e-02   7.8369906e-01
   3.4868533e-02   7.8683386e-01
   3.4997887e-02   7.8996865e-01
   3.5034395e-02   7.9310345e-01
   3.5309660e-02   7.9623824e-01
   3.5408702e-02   7.9937304e-01
   3.5441611e-02   8.0250784e-01
   3.5537278e-02   8.0564263e-01
   3.6548118e-02   8.0877743e-01
   3.7118430e-02   8.1191223e-01
   3.7189758e-02   8.1504702e-01
   3.7483068e-02   8.1818182e-01
   3.7582832e-02   8.2131661e-01
   3.7849347e-02   8.2445141e-01
   3.8789357e-02   8.2758621e-01
   4.1059977e-02   8.3072100e-01
   4.1436633e-02   8.3385580e-01
   4.1574096e-02   8.3699060e-01
   4.2434846e-02   8.4012539e-01
   4.2950181e-02   8.4326019e-01
   4.3814523e-02   8.4639498e-01
   4.3889494e-02   8.4952978e-01
   4.3990476e-02   8.5266458e-01
   4.4015475e-02   8.5579937e-01
   4.4027902e-02   8.5893417e-01
   4.4105832e-02   8.6206897e-01
   4.5629987e-02   8.6520376e-01
   4.5688217e-02   8.6833856e-01
   4.5845823e-02   8.7147335e-01
   4.6649114e-02   8.7460815e-01
   4.6910924e-02   8.7774295e-01
   4.7053753e-02   8.8087774e-01
   4.7162373e-02   8.8401254e-01
   4.8471969e-02   8.8714734e-01
   4.9531966e-02   8.9028213e-01
   5.2499131e-02   8.9341693e-01
   5.2626463e-02   8.9655172e-01
   5.4804630e-02   8.9968652e-01
   5.4968930e-02   9.0282132e-01
   5.5879459e-02   9.0595611e-01
   5.6236717e-02   9.0909091e-01
   5.6658164e-02   9.1222571e-01
   5.6948985e-02   9.1536050e-01
   5.7190585e-02   9.1849530e-01
   5.8369440e-02   9.2163009e-01
   5.9895039e-02   9.2476489e-01
   6.4122366e-02   9.2789969e-01
   6.5519495e-02   9.3103448e-01
   6.7398849e-02   9.3416928e-01
   6.7405824e-02   9.3730408e-01
   6.7562694e-02   9.4043887e-01
   7.2313107e-02   9.4357367e-01
   7.2658745e-02   9.4670846e-01
   7.3471724e-02   9.4984326e-01
   7.3639812e-02   9.5297806e-01
   7.6925515e-02   9.5611285e-01
   8.1827463e-02   9.5924765e-01
   8.4725160e-02   9.6238245e-01
   8.7682066e-02   9.6551724e-01
   9.2237263e-02   9.6865204e-01
   9.5003388e-02   9.7178683e-01
   9.6333146e-02   9.7492163e-01
   9.8082462e-02   9.7805643e-01
   1.0258018e-01   9.8119122e-01
   1.0849494e-01   9.8432602e-01
   1.1811752e-01   9.8746082e-01
   1.2356494e-01   9.9059561e-01
   1.2649539e-01   9.9373041e-01
   2.2032576e-01   9.9686520e-01
   2.4680784e-01   1.0000000e+00
