   2.6288000e-03   0.0000000e+00
   2.6288000e-03   2.9940120e-03
   3.3800000e-03   5.9880240e-03
   3.7560000e-03   2.3952096e-02
   4.1312000e-03   3.2934132e-02
   4.5072000e-03   5.0898204e-02
   4.8824000e-03   8.3832335e-02
   5.2584000e-03   1.1077844e-01
   5.6336000e-03   1.6167665e-01
   6.0096000e-03   1.8263473e-01
   6.3848000e-03   2.3652695e-01
   6.7608000e-03   2.7844311e-01
   7.1360000e-03   3.0838323e-01
   7.5120000e-03   3.6526946e-01
   7.8872000e-03   3.8023952e-01
   8.2632000e-03   4.0119760e-01
   8.6384000e-03   4.2215569e-01
   9.0144000e-03   4.4011976e-01
   9.3896000e-03   4.7305389e-01
   9.7656000e-03   4.9700599e-01
   1.0140800e-02   5.1497006e-01
   1.0516000e-02   5.1796407e-01
   1.0892000e-02   5.2994012e-01
   1.1267200e-02   5.6886228e-01
   1.1643200e-02   5.8083832e-01
   1.2019200e-02   6.0778443e-01
   1.2394400e-02   6.2874251e-01
   1.2769600e-02   6.3473054e-01
   1.3145600e-02   6.4670659e-01
   1.3520800e-02   6.4970060e-01
   1.3896800e-02   6.5868263e-01
   1.4272000e-02   6.7664671e-01
   1.4648000e-02   6.8562874e-01
   1.5023200e-02   7.0059880e-01
   1.5399200e-02   7.0359281e-01
   1.5774400e-02   7.1257485e-01
   1.6150400e-02   7.2455090e-01
   1.6525600e-02   7.3652695e-01
   1.6901600e-02   7.4850299e-01
   1.7276800e-02   7.5449102e-01
   1.7652800e-02   7.5748503e-01
   1.8028000e-02   7.6347305e-01
   1.8404000e-02   7.6946108e-01
   1.8779200e-02   7.7844311e-01
   1.9155200e-02   7.8143713e-01
   1.9530400e-02   7.9341317e-01
   2.0281600e-02   7.9940120e-01
   2.0657600e-02   8.1437126e-01
   2.1408800e-02   8.2634731e-01
   2.2535200e-02   8.3233533e-01
   2.2911200e-02   8.3532934e-01
   2.3661600e-02   8.4131737e-01
   2.4788800e-02   8.4431138e-01
   2.6291200e-02   8.4730539e-01
   2.6666400e-02   8.5029940e-01
   2.7042400e-02   8.5329341e-01
   2.8544800e-02   8.5928144e-01
   2.8920000e-02   8.6526946e-01
   2.9671200e-02   8.6826347e-01
   3.0047200e-02   8.7125749e-01
   3.3052000e-02   8.8023952e-01
   3.5304800e-02   8.8323353e-01
   3.6432000e-02   8.8622754e-01
   3.6807200e-02   8.8922156e-01
   3.9436800e-02   8.9221557e-01
   4.0939200e-02   8.9520958e-01
   4.3568000e-02   8.9820359e-01
   4.6196800e-02   9.0119760e-01
   5.0704000e-02   9.0419162e-01
   5.2582400e-02   9.0718563e-01
   5.5587200e-02   9.1017964e-01
   6.3098400e-02   9.1317365e-01
   6.4976800e-02   9.1616766e-01
   6.7605600e-02   9.1916168e-01
   6.8732800e-02   9.2215569e-01
   7.2112800e-02   9.2514970e-01
   7.3615200e-02   9.2814371e-01
   7.5868800e-02   9.3113772e-01
   7.6244000e-02   9.3413174e-01
   7.7371200e-02   9.4011976e-01
   7.9624000e-02   9.4311377e-01
   8.1126400e-02   9.4910180e-01
   8.6384800e-02   9.5209581e-01
   8.7512000e-02   9.5508982e-01
   8.9389600e-02   9.5808383e-01
   9.3520800e-02   9.6107784e-01
   9.4648000e-02   9.6407186e-01
   1.0140880e-01   9.6706587e-01
   1.0516400e-01   9.7005988e-01
   1.1042240e-01   9.7305389e-01
   1.2544640e-01   9.7604790e-01
   1.4422560e-01   9.7904192e-01
   1.4948320e-01   9.8203593e-01
   1.5962480e-01   9.8502994e-01
   1.6338000e-01   9.8802395e-01
   1.6450720e-01   9.9101796e-01
   1.7164320e-01   9.9401198e-01
   1.8478880e-01   9.9700599e-01
   2.3887360e-01   1.0000000e+00
