   4.5224000e-03   0.0000000e+00
   4.5224000e-03   3.1545741e-03
   5.0248000e-03   4.7318612e-03
   5.5280000e-03   7.8864353e-03
   6.0304000e-03   2.0504732e-02
   6.5328000e-03   2.3659306e-02
   7.0352000e-03   4.2586751e-02
   7.5376000e-03   6.9400631e-02
   8.0400000e-03   9.3059937e-02
   8.5424000e-03   1.0252366e-01
   9.0456000e-03   1.2933754e-01
   9.5480000e-03   1.5772871e-01
   1.0050400e-02   1.7192429e-01
   1.0552800e-02   1.8927445e-01
   1.1055200e-02   2.0977918e-01
   1.1557600e-02   2.2712934e-01
   1.2060000e-02   2.4605678e-01
   1.2562400e-02   2.6971609e-01
   1.3065600e-02   2.9337539e-01
   1.3568000e-02   3.0914826e-01
   1.4070400e-02   3.2807571e-01
   1.4572800e-02   3.4069401e-01
   1.5075200e-02   3.6435331e-01
   1.5577600e-02   3.8012618e-01
   1.6080800e-02   3.8958991e-01
   1.6583200e-02   4.0536278e-01
   1.7085600e-02   4.1955836e-01
   1.7588000e-02   4.3375394e-01
   1.8090400e-02   4.4952681e-01
   1.8592800e-02   4.6845426e-01
   1.9095200e-02   4.8107256e-01
   1.9597600e-02   4.8895899e-01
   2.0100800e-02   5.0473186e-01
   2.0603200e-02   5.1419558e-01
   2.1105600e-02   5.2681388e-01
   2.1608000e-02   5.4258675e-01
   2.2110400e-02   5.4731861e-01
   2.2612800e-02   5.6782334e-01
   2.3116000e-02   5.8201893e-01
   2.3618400e-02   5.9148265e-01
   2.4120800e-02   6.0094637e-01
   2.4623200e-02   6.1041009e-01
   2.5125600e-02   6.2776025e-01
   2.5628000e-02   6.4037855e-01
   2.6130400e-02   6.5299685e-01
   2.6633600e-02   6.5930599e-01
   2.7136000e-02   6.6561514e-01
   2.7638400e-02   6.7981073e-01
   2.8140800e-02   6.9400631e-01
   2.8643200e-02   7.0189274e-01
   2.9145600e-02   7.2082019e-01
   2.9648000e-02   7.2555205e-01
   3.0150400e-02   7.3501577e-01
   3.0653600e-02   7.3659306e-01
   3.1156000e-02   7.4763407e-01
   3.1658400e-02   7.5078864e-01
   3.2160800e-02   7.6025237e-01
   3.2663200e-02   7.6656151e-01
   3.3165600e-02   7.7602524e-01
   3.4171200e-02   7.8548896e-01
   3.4673600e-02   7.9022082e-01
   3.5176000e-02   7.9337539e-01
   3.5678400e-02   7.9652997e-01
   3.6683200e-02   7.9968454e-01
   3.7185600e-02   8.0441640e-01
   3.7688800e-02   8.0914826e-01
   3.8191200e-02   8.1072555e-01
   3.8693600e-02   8.2018927e-01
   3.9196000e-02   8.2176656e-01
   4.0200800e-02   8.2334385e-01
   4.0703200e-02   8.2649842e-01
   4.1205600e-02   8.3280757e-01
   4.1708800e-02   8.3596215e-01
   4.2211200e-02   8.3911672e-01
   4.2713600e-02   8.4384858e-01
   4.3216000e-02   8.4700315e-01
   4.3718400e-02   8.5646688e-01
   4.4220800e-02   8.5804416e-01
   4.4724000e-02   8.6119874e-01
   4.6231200e-02   8.6593060e-01
   4.6733600e-02   8.7223975e-01
   4.7236000e-02   8.7381703e-01
   4.7738400e-02   8.7854890e-01
   4.8744000e-02   8.8485804e-01
   4.9246400e-02   8.8801262e-01
   4.9748800e-02   8.8958991e-01
   5.0251200e-02   8.9116719e-01
   5.0753600e-02   8.9274448e-01
   5.1256000e-02   8.9589905e-01
   5.2261600e-02   8.9747634e-01
   5.2764000e-02   9.0220820e-01
   5.3266400e-02   9.0378549e-01
   5.4271200e-02   9.0694006e-01
   5.4773600e-02   9.1167192e-01
   5.5779200e-02   9.1324921e-01
   5.6281600e-02   9.1482650e-01
   5.7286400e-02   9.1798107e-01
   5.7788800e-02   9.1955836e-01
   5.8291200e-02   9.2113565e-01
   5.8794400e-02   9.2271293e-01
   5.9296800e-02   9.2744479e-01
   6.0301600e-02   9.3217666e-01
   6.0804000e-02   9.3375394e-01
   6.2311200e-02   9.3690852e-01
   6.3316800e-02   9.3848580e-01
   6.4321600e-02   9.4006309e-01
   6.4824000e-02   9.4164038e-01
   6.5326400e-02   9.4321767e-01
   6.5828800e-02   9.4479495e-01
   6.6834400e-02   9.4637224e-01
   6.7839200e-02   9.4952681e-01
   6.9346400e-02   9.5110410e-01
   7.0352000e-02   9.5268139e-01
   7.0854400e-02   9.5425868e-01
   7.1859200e-02   9.5583596e-01
   7.2361600e-02   9.5741325e-01
   7.3869600e-02   9.5899054e-01
   7.5376800e-02   9.6056782e-01
   7.5879200e-02   9.6529968e-01
   7.6884000e-02   9.6687697e-01
   7.7387200e-02   9.6845426e-01
   7.9899200e-02   9.7160883e-01
   8.0904800e-02   9.7318612e-01
   8.1909600e-02   9.7476341e-01
   8.2914400e-02   9.7634069e-01
   8.3416800e-02   9.7791798e-01
   8.8442400e-02   9.7949527e-01
   8.8944800e-02   9.8107256e-01
   8.9447200e-02   9.8264984e-01
   8.9949600e-02   9.8422713e-01
   9.0954400e-02   9.8580442e-01
   9.1457600e-02   9.8738170e-01
   9.1960000e-02   9.8895899e-01
   9.5980000e-02   9.9053628e-01
   9.8995200e-02   9.9369085e-01
   1.0050240e-01   9.9526814e-01
   1.0251280e-01   9.9684543e-01
   1.0703520e-01   9.9842271e-01
   1.3618080e-01   1.0000000e+00
