   2.3912000e-03   0.0000000e+00
   2.3912000e-03   1.9880716e-03
   3.7576000e-03   9.9403579e-03
   4.0992000e-03   1.1928429e-02
   4.4408000e-03   1.3916501e-02
   4.7824000e-03   1.7892644e-02
   5.1240000e-03   2.5844930e-02
   5.4656000e-03   3.3797217e-02
   5.8072000e-03   4.1749503e-02
   6.1488000e-03   5.3677932e-02
   6.4904000e-03   6.9582505e-02
   6.8320000e-03   8.3499006e-02
   7.1736000e-03   9.7415507e-02
   7.5152000e-03   1.0735586e-01
   7.8568000e-03   1.2127237e-01
   8.1984000e-03   1.3916501e-01
   8.5400000e-03   1.5308151e-01
   8.8816000e-03   1.7097416e-01
   9.2232000e-03   1.8687873e-01
   9.5648000e-03   1.9085487e-01
   9.9064000e-03   2.0675944e-01
   1.0248000e-02   2.1669980e-01
   1.0589600e-02   2.4254473e-01
   1.0931200e-02   2.5447316e-01
   1.1272800e-02   2.8429423e-01
   1.1613600e-02   2.9025845e-01
   1.1955200e-02   3.3200795e-01
   1.2296800e-02   3.5785288e-01
   1.2639200e-02   3.8966203e-01
   1.2980000e-02   4.0357853e-01
   1.3321600e-02   4.3339960e-01
   1.3663200e-02   4.4333996e-01
   1.4004800e-02   4.6322068e-01
   1.4346400e-02   4.8508946e-01
   1.4688000e-02   4.9502982e-01
   1.5029600e-02   5.1292247e-01
   1.5371200e-02   5.2683897e-01
   1.5712800e-02   5.4274354e-01
   1.6054400e-02   5.5268390e-01
   1.6396000e-02   5.7057654e-01
   1.6737600e-02   5.7852883e-01
   1.7079200e-02   5.9244533e-01
   1.7420800e-02   6.0238569e-01
   1.7762400e-02   6.0437376e-01
   1.8104000e-02   6.0834990e-01
   1.8445600e-02   6.2027833e-01
   1.8787200e-02   6.3419483e-01
   1.9128800e-02   6.4214712e-01
   1.9470400e-02   6.5009940e-01
   1.9812000e-02   6.6401590e-01
   2.0153600e-02   6.6998012e-01
   2.0495200e-02   6.8389662e-01
   2.0836800e-02   6.8787276e-01
   2.1178400e-02   7.0377734e-01
   2.1520000e-02   7.0775348e-01
   2.1861600e-02   7.2166998e-01
   2.2203200e-02   7.2564612e-01
   2.2544800e-02   7.3757455e-01
   2.2886400e-02   7.4353877e-01
   2.3228000e-02   7.6143141e-01
   2.3569600e-02   7.6739563e-01
   2.3911200e-02   7.7932406e-01
   2.4252800e-02   7.8330020e-01
   2.4594400e-02   7.9522863e-01
   2.4936000e-02   8.0119284e-01
   2.5277600e-02   8.0914513e-01
   2.5619200e-02   8.1709742e-01
   2.5960800e-02   8.2107356e-01
   2.6644000e-02   8.3499006e-01
   2.6985600e-02   8.4095427e-01
   2.7327200e-02   8.4294235e-01
   2.7668800e-02   8.5288270e-01
   2.8010400e-02   8.5487078e-01
   2.8693600e-02   8.6083499e-01
   2.9035200e-02   8.6679920e-01
   2.9376800e-02   8.7077535e-01
   2.9718400e-02   8.7276342e-01
   3.0060000e-02   8.7475149e-01
   3.0401600e-02   8.7872763e-01
   3.0743200e-02   8.8270378e-01
   3.1084800e-02   8.9065606e-01
   3.2109600e-02   8.9463221e-01
   3.2451200e-02   8.9662028e-01
   3.2792800e-02   8.9860835e-01
   3.3134400e-02   9.0059642e-01
   3.3476000e-02   9.0258449e-01
   3.3817600e-02   9.0457256e-01
   3.4159200e-02   9.0656064e-01
   3.4500000e-02   9.1252485e-01
   3.5183200e-02   9.1451292e-01
   3.5866400e-02   9.1650099e-01
   3.6208800e-02   9.1848907e-01
   3.6549600e-02   9.2047714e-01
   3.6891200e-02   9.2246521e-01
   3.7232800e-02   9.2445328e-01
   3.7916000e-02   9.2842942e-01
   3.8599200e-02   9.3240557e-01
   3.9282400e-02   9.3638171e-01
   3.9965600e-02   9.4234592e-01
   4.0307200e-02   9.4433400e-01
   4.0990400e-02   9.4632207e-01
   4.2015200e-02   9.5029821e-01
   4.2356800e-02   9.5427435e-01
   4.3723200e-02   9.5626243e-01
   4.5089600e-02   9.5825050e-01
   4.7139200e-02   9.6023857e-01
   4.7822400e-02   9.6421471e-01
   4.8164000e-02   9.6620278e-01
   5.1580000e-02   9.7017893e-01
   5.2946400e-02   9.7216700e-01
   5.4654400e-02   9.7415507e-01
   5.7728800e-02   9.7614314e-01
   6.0119200e-02   9.7813121e-01
   6.1144000e-02   9.8011928e-01
   6.2510400e-02   9.8210736e-01
   6.4901600e-02   9.8409543e-01
   6.6268000e-02   9.8608350e-01
   7.5149600e-02   9.8807157e-01
   7.5491200e-02   9.9005964e-01
   7.5832800e-02   9.9204771e-01
   7.8224000e-02   9.9403579e-01
   8.3347200e-02   9.9602386e-01
   8.5396800e-02   9.9801193e-01
   1.0657520e-01   1.0000000e+00
