   6.3120000e-03   0.0000000e+00
   6.3120000e-03   1.0638298e-02
   7.4952000e-03   2.1276596e-02
   8.6784000e-03   3.1914894e-02
   9.8616000e-03   6.3829787e-02
   1.0651200e-02   8.5106383e-02
   1.1834400e-02   1.1702128e-01
   1.2623200e-02   1.2765957e-01
   1.3806400e-02   1.3829787e-01
   1.4200800e-02   1.4893617e-01
   1.4990400e-02   1.7021277e-01
   1.5384800e-02   1.8085106e-01
   1.5779200e-02   2.1276596e-01
   1.6173600e-02   2.3404255e-01
   1.6568000e-02   2.5531915e-01
   1.6962400e-02   2.9787234e-01
   1.7751200e-02   3.0851064e-01
   1.8145600e-02   3.2978723e-01
   1.8540800e-02   3.6170213e-01
   1.8935200e-02   3.7234043e-01
   1.9329600e-02   3.8297872e-01
   2.0118400e-02   4.0425532e-01
   2.1301600e-02   4.1489362e-01
   2.1696000e-02   4.2553191e-01
   2.2484800e-02   4.3617021e-01
   2.2880000e-02   4.4680851e-01
   2.3668800e-02   4.6808511e-01
   2.4063200e-02   4.7872340e-01
   2.4457600e-02   4.8936170e-01
   2.4852000e-02   5.0000000e-01
   2.5640800e-02   5.1063830e-01
   2.6429600e-02   5.2127660e-01
   2.7219200e-02   5.3191489e-01
   2.7613600e-02   5.4255319e-01
   2.8402400e-02   5.5319149e-01
   2.8796800e-02   5.6382979e-01
   3.1164000e-02   5.8510638e-01
   3.1952800e-02   5.9574468e-01
   3.2347200e-02   6.0638298e-01
   3.3136000e-02   6.1702128e-01
   3.3530400e-02   6.2765957e-01
   3.4714400e-02   6.5957447e-01
   3.5503200e-02   6.7021277e-01
   3.5897600e-02   6.8085106e-01
   3.6292000e-02   6.9148936e-01
   3.7080800e-02   7.0212766e-01
   3.7869600e-02   7.1276596e-01
   3.9448000e-02   7.3404255e-01
   4.0631200e-02   7.4468085e-01
   4.1420000e-02   7.5531915e-01
   4.1814400e-02   7.6595745e-01
   4.3392800e-02   7.7659574e-01
   4.3787200e-02   7.8723404e-01
   4.4181600e-02   8.0851064e-01
   4.6153600e-02   8.1914894e-01
   4.8126400e-02   8.4042553e-01
   4.9704000e-02   8.5106383e-01
   5.0492800e-02   8.6170213e-01
   5.2860000e-02   8.7234043e-01
   5.4437600e-02   8.8297872e-01
   5.5621600e-02   8.9361702e-01
   5.6016000e-02   9.1489362e-01
   5.7988000e-02   9.2553191e-01
   5.9172000e-02   9.3617021e-01
   6.4300000e-02   9.4680851e-01
   6.7060800e-02   9.5744681e-01
   6.9033600e-02   9.6808511e-01
   7.3372800e-02   9.7872340e-01
   9.1913600e-02   9.8936170e-01
   1.0729760e-01   1.0000000e+00
