   4.2808377e-03   0.0000000e+00
   4.2808377e-03   6.6666667e-03
   5.5881913e-03   1.3333333e-02
   5.8977947e-03   2.0000000e-02
   6.5684492e-03   2.6666667e-02
   6.8799515e-03   3.3333333e-02
   7.2205755e-03   4.0000000e-02
   7.5338372e-03   4.6666667e-02
   7.5515746e-03   5.3333333e-02
   7.6252816e-03   7.3333333e-02
   7.7543528e-03   8.0000000e-02
   8.3547789e-03   8.6666667e-02
   8.3959078e-03   9.3333333e-02
   8.5262799e-03   1.0000000e-01
   8.5838571e-03   1.0666667e-01
   8.6535673e-03   1.1333333e-01
   8.8435881e-03   1.2000000e-01
   8.8742974e-03   1.2666667e-01
   9.1795837e-03   1.3333333e-01
   9.2150434e-03   1.5333333e-01
   9.3305115e-03   1.6000000e-01
   9.4740726e-03   1.6666667e-01
   9.5787144e-03   1.7333333e-01
   9.7149393e-03   1.8000000e-01
   9.8290948e-03   1.8666667e-01
   1.0072428e-02   1.9333333e-01
   1.0104778e-02   2.0000000e-01
   1.0153612e-02   2.1333333e-01
   1.0170833e-02   2.2000000e-01
   1.0352637e-02   2.2666667e-01
   1.0484779e-02   2.4000000e-01
   1.0615493e-02   2.4666667e-01
   1.0718583e-02   2.5333333e-01
   1.0830907e-02   2.6000000e-01
   1.0882324e-02   2.6666667e-01
   1.0892261e-02   2.7333333e-01
   1.0900775e-02   2.8000000e-01
   1.0978452e-02   2.9333333e-01
   1.1112435e-02   3.0000000e-01
   1.1141961e-02   3.0666667e-01
   1.1181907e-02   3.1333333e-01
   1.1250871e-02   3.2666667e-01
   1.1260542e-02   3.3333333e-01
   1.1282537e-02   3.4000000e-01
   1.1363300e-02   3.4666667e-01
   1.1487948e-02   3.5333333e-01
   1.1596326e-02   3.6000000e-01
   1.1795016e-02   3.6666667e-01
   1.1928540e-02   3.7333333e-01
   1.2009144e-02   3.8000000e-01
   1.2135879e-02   3.8666667e-01
   1.2450142e-02   3.9333333e-01
   1.2773586e-02   4.0000000e-01
   1.2790787e-02   4.0666667e-01
   1.2839204e-02   4.1333333e-01
   1.2902020e-02   4.2000000e-01
   1.3046466e-02   4.2666667e-01
   1.3104442e-02   4.3333333e-01
   1.3184050e-02   4.4000000e-01
   1.3189598e-02   4.4666667e-01
   1.3296517e-02   4.5333333e-01
   1.3442679e-02   4.6000000e-01
   1.3446261e-02   4.6666667e-01
   1.3489324e-02   4.7333333e-01
   1.3758772e-02   4.8000000e-01
   1.3794282e-02   4.8666667e-01
   1.3939993e-02   4.9333333e-01
   1.3984144e-02   5.0000000e-01
   1.4060499e-02   5.0666667e-01
   1.4083432e-02   5.1333333e-01
   1.4139789e-02   5.2000000e-01
   1.4213611e-02   5.2666667e-01
   1.4230132e-02   5.3333333e-01
   1.4416079e-02   5.4000000e-01
   1.4448718e-02   5.4666667e-01
   1.4449385e-02   5.5333333e-01
   1.4750290e-02   5.6000000e-01
   1.4981183e-02   5.6666667e-01
   1.5162865e-02   5.7333333e-01
   1.5237221e-02   5.8000000e-01
   1.5393917e-02   5.8666667e-01
   1.5404596e-02   5.9333333e-01
   1.5442516e-02   6.0000000e-01
   1.5456122e-02   6.0666667e-01
   1.5723324e-02   6.1333333e-01
   1.5944975e-02   6.2000000e-01
   1.6094679e-02   6.2666667e-01
   1.6792251e-02   6.3333333e-01
   1.6805560e-02   6.4000000e-01
   1.7045281e-02   6.4666667e-01
   1.7168834e-02   6.5333333e-01
   1.7291171e-02   6.6000000e-01
   1.7398061e-02   6.6666667e-01
   1.7435325e-02   6.7333333e-01
   1.7776140e-02   6.8000000e-01
   1.8282763e-02   6.8666667e-01
   1.8406382e-02   6.9333333e-01
   1.8464874e-02   7.0000000e-01
   1.8470682e-02   7.0666667e-01
   1.8790903e-02   7.1333333e-01
   1.8828838e-02   7.2000000e-01
   1.9944324e-02   7.2666667e-01
   2.0124517e-02   7.3333333e-01
   2.0663125e-02   7.4000000e-01
   2.0829081e-02   7.4666667e-01
   2.0964519e-02   7.5333333e-01
   2.0968985e-02   7.6000000e-01
   2.1316228e-02   7.7333333e-01
   2.2226941e-02   7.8000000e-01
   2.2353207e-02   7.8666667e-01
   2.2600845e-02   7.9333333e-01
   2.3581933e-02   8.0000000e-01
   2.3661894e-02   8.0666667e-01
   2.4236804e-02   8.1333333e-01
   2.4926255e-02   8.2000000e-01
   2.5389288e-02   8.2666667e-01
   2.5852031e-02   8.3333333e-01
   2.5980290e-02   8.4000000e-01
   2.6074616e-02   8.4666667e-01
   2.6766195e-02   8.5333333e-01
   2.6866780e-02   8.6000000e-01
   2.7118454e-02   8.6666667e-01
   2.9153228e-02   8.7333333e-01
   2.9162413e-02   8.8000000e-01
   2.9237643e-02   8.8666667e-01
   3.1031925e-02   8.9333333e-01
   3.3456106e-02   9.0000000e-01
   3.3973255e-02   9.0666667e-01
   3.6938669e-02   9.1333333e-01
   4.1932065e-02   9.2000000e-01
   4.2760984e-02   9.2666667e-01
   4.4543321e-02   9.3333333e-01
   4.5151446e-02   9.4000000e-01
   4.7017244e-02   9.4666667e-01
   5.3388387e-02   9.5333333e-01
   5.4824724e-02   9.6000000e-01
   5.5715980e-02   9.6666667e-01
   6.1027047e-02   9.7333333e-01
   6.9542812e-02   9.8000000e-01
   1.0546784e-01   9.8666667e-01
   1.6790192e-01   9.9333333e-01
   1.6981242e-01   1.0000000e+00
