   4.5382897e-03   0.0000000e+00
   4.5382897e-03   3.3333333e-04
   4.9313268e-03   6.6666667e-04
   5.1666139e-03   1.3333333e-03
   5.3694635e-03   2.0000000e-03
   5.4258907e-03   3.0000000e-03
   5.5546249e-03   3.6666667e-03
   5.6414276e-03   4.0000000e-03
   5.6842118e-03   4.3333333e-03
   5.7965721e-03   5.3333333e-03
   6.0026806e-03   5.6666667e-03
   6.0591259e-03   6.3333333e-03
   6.0893993e-03   6.6666667e-03
   6.1804737e-03   7.3333333e-03
   6.3142806e-03   7.6666667e-03
   6.3397266e-03   8.3333333e-03
   6.3529054e-03   9.0000000e-03
   6.4273644e-03   1.1333333e-02
   6.4543264e-03   1.2000000e-02
   6.5752802e-03   1.3333333e-02
   6.6012404e-03   1.3666667e-02
   6.6355179e-03   1.4666667e-02
   6.6393763e-03   1.5333333e-02
   6.6925436e-03   1.7333333e-02
   6.7035030e-03   1.7666667e-02
   6.8078681e-03   2.1666667e-02
   6.9455940e-03   2.4333333e-02
   6.9733854e-03   2.7666667e-02
   6.9755905e-03   2.8000000e-02
   6.9784440e-03   2.9000000e-02
   7.0347549e-03   2.9333333e-02
   7.0587672e-03   3.2000000e-02
   7.0626387e-03   3.2333333e-02
   7.1980163e-03   3.5000000e-02
   7.2016451e-03   3.5333333e-02
   7.2676558e-03   3.7333333e-02
   7.2690633e-03   4.2333333e-02
   7.3213917e-03   4.3333333e-02
   7.3255825e-03   4.6666667e-02
   7.3898635e-03   4.7333333e-02
   7.4357626e-03   5.0333333e-02
   7.5773892e-03   5.4000000e-02
   7.5975549e-03   5.6333333e-02
   7.6001799e-03   5.7333333e-02
   7.6075841e-03   6.4000000e-02
   7.6297537e-03   6.4666667e-02
   7.6748153e-03   6.5333333e-02
   7.6895078e-03   6.8000000e-02
   7.8010797e-03   6.8666667e-02
   7.8076585e-03   6.9666667e-02
   7.8231686e-03   7.0666667e-02
   7.8968817e-03   7.4666667e-02
   7.9027136e-03   7.8333333e-02
   7.9412058e-03   8.2000000e-02
   7.9586247e-03   8.8333333e-02
   8.0045168e-03   9.1000000e-02
   8.0360908e-03   9.2666667e-02
   8.0622974e-03   9.3000000e-02
   8.0647338e-03   9.6333333e-02
   8.1791917e-03   9.6666667e-02
   8.2095551e-03   1.0333333e-01
   8.2189669e-03   1.0500000e-01
   8.2256158e-03   1.0900000e-01
   8.2308583e-03   1.0933333e-01
   8.2411925e-03   1.1433333e-01
   8.2908814e-03   1.1666667e-01
   8.3217251e-03   1.2333333e-01
   8.4036354e-03   1.2433333e-01
   8.4178256e-03   1.2633333e-01
   8.4492237e-03   1.2933333e-01
   8.5262424e-03   1.3766667e-01
   8.5358753e-03   1.4800000e-01
   8.5620020e-03   1.4833333e-01
   8.5636861e-03   1.5300000e-01
   8.5923603e-03   1.6233333e-01
   8.6220017e-03   1.6333333e-01
   8.6476035e-03   1.6733333e-01
   8.6586705e-03   1.6766667e-01
   8.6882708e-03   1.6800000e-01
   8.6948582e-03   1.7833333e-01
   8.7766616e-03   1.7933333e-01
   8.8365906e-03   1.8000000e-01
   8.8408812e-03   1.9233333e-01
   8.8417690e-03   1.9600000e-01
   8.8528399e-03   2.0466667e-01
   8.8753912e-03   2.1200000e-01
   8.9094923e-03   2.1466667e-01
   8.9542227e-03   2.2133333e-01
   9.0105353e-03   2.2400000e-01
   9.0313044e-03   2.2533333e-01
   9.0767867e-03   2.3133333e-01
   9.0897027e-03   2.3266667e-01
   9.1537890e-03   2.3466667e-01
   9.1562626e-03   2.4600000e-01
   9.1691102e-03   2.5500000e-01
   9.1877694e-03   2.6133333e-01
   9.2261594e-03   2.6966667e-01
   9.2413432e-03   2.7100000e-01
   9.2593441e-03   2.7200000e-01
   9.2621679e-03   2.7466667e-01
   9.3255349e-03   2.8033333e-01
   9.3386666e-03   2.8133333e-01
   9.3782627e-03   2.8433333e-01
   9.4453470e-03   2.8500000e-01
   9.4664461e-03   2.8733333e-01
   9.4735710e-03   2.9766667e-01
   9.4804788e-03   3.1000000e-01
   9.5090500e-03   3.1966667e-01
   9.5301526e-03   3.2733333e-01
   9.5358589e-03   3.2766667e-01
   9.5869451e-03   3.3633333e-01
   9.6202815e-03   3.4033333e-01
   9.6463747e-03   3.4233333e-01
   9.6869162e-03   3.4266667e-01
   9.7052124e-03   3.4566667e-01
   9.7515415e-03   3.4700000e-01
   9.7872815e-03   3.5700000e-01
   9.8029586e-03   3.6800000e-01
   9.8126540e-03   3.7800000e-01
   9.8594893e-03   3.8600000e-01
   9.8622371e-03   3.9000000e-01
   9.8648605e-03   3.9066667e-01
   9.8785561e-03   3.9766667e-01
   9.9216795e-03   3.9800000e-01
   9.9566591e-03   4.0366667e-01
   9.9845165e-03   4.0633333e-01
   1.0057506e-02   4.0800000e-01
   1.0091643e-02   4.1233333e-01
   1.0106450e-02   4.2300000e-01
   1.0109381e-02   4.3166667e-01
   1.0129150e-02   4.3266667e-01
   1.0143249e-02   4.4233333e-01
   1.0151367e-02   4.5200000e-01
   1.0219348e-02   4.5700000e-01
   1.0233603e-02   4.5866667e-01
   1.0264727e-02   4.6000000e-01
   1.0288557e-02   4.6066667e-01
   1.0310830e-02   4.6100000e-01
   1.0333692e-02   4.6466667e-01
   1.0353632e-02   4.6800000e-01
   1.0418687e-02   4.7566667e-01
   1.0436849e-02   4.8300000e-01
   1.0438469e-02   4.9166667e-01
   1.0473413e-02   4.9200000e-01
   1.0485331e-02   4.9500000e-01
   1.0493381e-02   5.0166667e-01
   1.0497190e-02   5.0566667e-01
   1.0510622e-02   5.0633333e-01
   1.0587030e-02   5.1200000e-01
   1.0594043e-02   5.1400000e-01
   1.0672561e-02   5.1600000e-01
   1.0702211e-02   5.1633333e-01
   1.0718492e-02   5.2166667e-01
   1.0727123e-02   5.2300000e-01
   1.0738300e-02   5.2900000e-01
   1.0739485e-02   5.3833333e-01
   1.0775082e-02   5.4266667e-01
   1.0776935e-02   5.4300000e-01
   1.0777447e-02   5.4666667e-01
   1.0848876e-02   5.5466667e-01
   1.0851781e-02   5.5866667e-01
   1.0884902e-02   5.6066667e-01
   1.0893547e-02   5.6200000e-01
   1.0894828e-02   5.6300000e-01
   1.0959344e-02   5.6533333e-01
   1.0962942e-02   5.6933333e-01
   1.0989418e-02   5.7000000e-01
   1.1049823e-02   5.7733333e-01
   1.1065796e-02   5.8200000e-01
   1.1070776e-02   5.8600000e-01
   1.1085150e-02   5.8666667e-01
   1.1103841e-02   5.8733333e-01
   1.1109681e-02   5.9033333e-01
   1.1117982e-02   5.9433333e-01
   1.1126702e-02   5.9800000e-01
   1.1205874e-02   5.9933333e-01
   1.1218826e-02   6.0333333e-01
   1.1289734e-02   6.0533333e-01
   1.1317438e-02   6.0566667e-01
   1.1328343e-02   6.0833333e-01
   1.1345705e-02   6.1100000e-01
   1.1368348e-02   6.1600000e-01
   1.1372077e-02   6.1800000e-01
   1.1399955e-02   6.2066667e-01
   1.1411056e-02   6.2400000e-01
   1.1428175e-02   6.2433333e-01
   1.1466604e-02   6.2800000e-01
   1.1484809e-02   6.2933333e-01
   1.1484963e-02   6.3433333e-01
   1.1501982e-02   6.3566667e-01
   1.1506607e-02   6.3600000e-01
   1.1567010e-02   6.3800000e-01
   1.1579391e-02   6.3833333e-01
   1.1593144e-02   6.4033333e-01
   1.1673677e-02   6.4066667e-01
   1.1681819e-02   6.4233333e-01
   1.1693864e-02   6.4733333e-01
   1.1699279e-02   6.4800000e-01
   1.1702003e-02   6.4866667e-01
   1.1703600e-02   6.5100000e-01
   1.1734650e-02   6.5600000e-01
   1.1740207e-02   6.5900000e-01
   1.1743946e-02   6.5933333e-01
   1.1760658e-02   6.6366667e-01
   1.1819777e-02   6.6633333e-01
   1.1850879e-02   6.6866667e-01
   1.1868982e-02   6.6900000e-01
   1.1908696e-02   6.7233333e-01
   1.1921889e-02   6.7300000e-01
   1.1933200e-02   6.7633333e-01
   1.1974055e-02   6.7800000e-01
   1.1998834e-02   6.8233333e-01
   1.2004791e-02   6.8766667e-01
   1.2015519e-02   6.8800000e-01
   1.2025804e-02   6.9166667e-01
   1.2044715e-02   6.9666667e-01
   1.2079271e-02   6.9700000e-01
   1.2085386e-02   6.9766667e-01
   1.2112349e-02   6.9833333e-01
   1.2118252e-02   7.0033333e-01
   1.2129182e-02   7.0366667e-01
   1.2141553e-02   7.0400000e-01
   1.2178368e-02   7.0466667e-01
   1.2223760e-02   7.0666667e-01
   1.2256060e-02   7.0700000e-01
   1.2303380e-02   7.0900000e-01
   1.2313494e-02   7.1133333e-01
   1.2314744e-02   7.1200000e-01
   1.2322560e-02   7.1366667e-01
   1.2337581e-02   7.1600000e-01
   1.2345924e-02   7.1666667e-01
   1.2360947e-02   7.1866667e-01
   1.2363012e-02   7.2233333e-01
   1.2394115e-02   7.2433333e-01
   1.2436322e-02   7.2566667e-01
   1.2459818e-02   7.2633333e-01
   1.2461909e-02   7.2666667e-01
   1.2483149e-02   7.2833333e-01
   1.2528085e-02   7.2966667e-01
   1.2529939e-02   7.3066667e-01
   1.2541314e-02   7.3100000e-01
   1.2602990e-02   7.3466667e-01
   1.2607105e-02   7.3500000e-01
   1.2629157e-02   7.3733333e-01
   1.2638157e-02   7.4066667e-01
   1.2651862e-02   7.4200000e-01
   1.2678913e-02   7.4466667e-01
   1.2706282e-02   7.4600000e-01
   1.2725694e-02   7.4666667e-01
   1.2751121e-02   7.4833333e-01
   1.2752603e-02   7.5000000e-01
   1.2791951e-02   7.5133333e-01
   1.2842633e-02   7.5200000e-01
   1.2854729e-02   7.5433333e-01
   1.2894480e-02   7.5466667e-01
   1.2908247e-02   7.5566667e-01
   1.2932258e-02   7.5733333e-01
   1.2945907e-02   7.6000000e-01
   1.2950665e-02   7.6166667e-01
   1.2958562e-02   7.6200000e-01
   1.2971583e-02   7.6233333e-01
   1.2987500e-02   7.6300000e-01
   1.3028117e-02   7.6533333e-01
   1.3053643e-02   7.6566667e-01
   1.3054559e-02   7.6666667e-01
   1.3115110e-02   7.6833333e-01
   1.3140461e-02   7.6933333e-01
   1.3149877e-02   7.7100000e-01
   1.3151893e-02   7.7233333e-01
   1.3228891e-02   7.7266667e-01
   1.3231777e-02   7.7533333e-01
   1.3259737e-02   7.7833333e-01
   1.3271603e-02   7.7966667e-01
   1.3278140e-02   7.8033333e-01
   1.3278753e-02   7.8133333e-01
   1.3313112e-02   7.8300000e-01
   1.3328430e-02   7.8400000e-01
   1.3375137e-02   7.8500000e-01
   1.3377653e-02   7.8700000e-01
   1.3384576e-02   7.8866667e-01
   1.3407453e-02   7.8966667e-01
   1.3551668e-02   7.9000000e-01
   1.3577907e-02   7.9233333e-01
   1.3580359e-02   7.9366667e-01
   1.3605603e-02   7.9433333e-01
   1.3612391e-02   7.9533333e-01
   1.3615076e-02   7.9700000e-01
   1.3617645e-02   7.9733333e-01
   1.3652081e-02   7.9766667e-01
   1.3662137e-02   8.0000000e-01
   1.3674258e-02   8.0066667e-01
   1.3747099e-02   8.0100000e-01
   1.3763936e-02   8.0200000e-01
   1.3772801e-02   8.0233333e-01
   1.3816824e-02   8.0300000e-01
   1.3861182e-02   8.0366667e-01
   1.3882679e-02   8.0466667e-01
   1.3891188e-02   8.0533333e-01
   1.3904551e-02   8.0600000e-01
   1.3906763e-02   8.0833333e-01
   1.3918754e-02   8.0866667e-01
   1.3947311e-02   8.0966667e-01
   1.3951181e-02   8.1166667e-01
   1.3957585e-02   8.1233333e-01
   1.3980083e-02   8.1266667e-01
   1.4003526e-02   8.1366667e-01
   1.4017484e-02   8.1466667e-01
   1.4023961e-02   8.1533333e-01
   1.4116413e-02   8.1666667e-01
   1.4125023e-02   8.1700000e-01
   1.4168371e-02   8.1733333e-01
   1.4210454e-02   8.1766667e-01
   1.4210633e-02   8.1866667e-01
   1.4225808e-02   8.1900000e-01
   1.4238551e-02   8.1933333e-01
   1.4239087e-02   8.2033333e-01
   1.4242921e-02   8.2166667e-01
   1.4253613e-02   8.2200000e-01
   1.4294111e-02   8.2233333e-01
   1.4295571e-02   8.2333333e-01
   1.4367279e-02   8.2366667e-01
   1.4378519e-02   8.2466667e-01
   1.4379855e-02   8.2500000e-01
   1.4396709e-02   8.2600000e-01
   1.4491430e-02   8.2700000e-01
   1.4522878e-02   8.2800000e-01
   1.4535312e-02   8.2866667e-01
   1.4538127e-02   8.3000000e-01
   1.4574721e-02   8.3166667e-01
   1.4576043e-02   8.3233333e-01
   1.4580379e-02   8.3333333e-01
   1.4586444e-02   8.3366667e-01
   1.4589582e-02   8.3400000e-01
   1.4627663e-02   8.3433333e-01
   1.4629671e-02   8.3500000e-01
   1.4642129e-02   8.3566667e-01
   1.4662889e-02   8.3600000e-01
   1.4736978e-02   8.3633333e-01
   1.4748175e-02   8.3733333e-01
   1.4779727e-02   8.3800000e-01
   1.4794247e-02   8.3833333e-01
   1.4830517e-02   8.3866667e-01
   1.4840899e-02   8.3966667e-01
   1.4843485e-02   8.4033333e-01
   1.4864772e-02   8.4066667e-01
   1.4871719e-02   8.4133333e-01
   1.4872558e-02   8.4266667e-01
   1.4916194e-02   8.4333333e-01
   1.4929094e-02   8.4400000e-01
   1.4979686e-02   8.4433333e-01
   1.4982745e-02   8.4466667e-01
   1.4994287e-02   8.4500000e-01
   1.5008139e-02   8.4533333e-01
   1.5012733e-02   8.4600000e-01
   1.5021046e-02   8.4666667e-01
   1.5096961e-02   8.4700000e-01
   1.5099059e-02   8.4766667e-01
   1.5122009e-02   8.4833333e-01
   1.5154778e-02   8.4866667e-01
   1.5163721e-02   8.4933333e-01
   1.5171187e-02   8.4966667e-01
   1.5195110e-02   8.5100000e-01
   1.5199729e-02   8.5133333e-01
   1.5214578e-02   8.5266667e-01
   1.5228402e-02   8.5366667e-01
   1.5256886e-02   8.5466667e-01
   1.5262029e-02   8.5600000e-01
   1.5350300e-02   8.5633333e-01
   1.5416012e-02   8.5666667e-01
   1.5434191e-02   8.5700000e-01
   1.5471053e-02   8.5733333e-01
   1.5475890e-02   8.5800000e-01
   1.5492216e-02   8.5933333e-01
   1.5500957e-02   8.6000000e-01
   1.5506621e-02   8.6066667e-01
   1.5539256e-02   8.6133333e-01
   1.5563156e-02   8.6233333e-01
   1.5600360e-02   8.6300000e-01
   1.5611937e-02   8.6333333e-01
   1.5615317e-02   8.6366667e-01
   1.5645215e-02   8.6433333e-01
   1.5645900e-02   8.6533333e-01
   1.5709230e-02   8.6566667e-01
   1.5752878e-02   8.6666667e-01
   1.5785732e-02   8.6866667e-01
   1.5793157e-02   8.6900000e-01
   1.5804859e-02   8.6933333e-01
   1.5815603e-02   8.6966667e-01
   1.5848777e-02   8.7033333e-01
   1.5883058e-02   8.7133333e-01
   1.5883995e-02   8.7300000e-01
   1.5917861e-02   8.7366667e-01
   1.5979388e-02   8.7400000e-01
   1.6009034e-02   8.7433333e-01
   1.6011786e-02   8.7500000e-01
   1.6037272e-02   8.7533333e-01
   1.6101542e-02   8.7666667e-01
   1.6108374e-02   8.7733333e-01
   1.6129934e-02   8.7833333e-01
   1.6140694e-02   8.7900000e-01
   1.6163184e-02   8.7966667e-01
   1.6197228e-02   8.8033333e-01
   1.6230211e-02   8.8100000e-01
   1.6272098e-02   8.8133333e-01
   1.6278293e-02   8.8233333e-01
   1.6322252e-02   8.8300000e-01
   1.6382884e-02   8.8333333e-01
   1.6422435e-02   8.8400000e-01
   1.6437517e-02   8.8433333e-01
   1.6451856e-02   8.8500000e-01
   1.6482975e-02   8.8533333e-01
   1.6504446e-02   8.8600000e-01
   1.6512258e-02   8.8666667e-01
   1.6551578e-02   8.8700000e-01
   1.6581763e-02   8.8733333e-01
   1.6643450e-02   8.8766667e-01
   1.6644232e-02   8.8833333e-01
   1.6664306e-02   8.8900000e-01
   1.6718837e-02   8.8933333e-01
   1.6748117e-02   8.9066667e-01
   1.6759438e-02   8.9166667e-01
   1.6787250e-02   8.9200000e-01
   1.6807271e-02   8.9233333e-01
   1.6831310e-02   8.9266667e-01
   1.6850277e-02   8.9333333e-01
   1.6910835e-02   8.9400000e-01
   1.6924283e-02   8.9433333e-01
   1.6954895e-02   8.9466667e-01
   1.7014238e-02   8.9533333e-01
   1.7035293e-02   8.9566667e-01
   1.7050372e-02   8.9666667e-01
   1.7060336e-02   8.9700000e-01
   1.7071759e-02   8.9766667e-01
   1.7077694e-02   8.9833333e-01
   1.7116634e-02   8.9900000e-01
   1.7123634e-02   8.9933333e-01
   1.7127372e-02   8.9966667e-01
   1.7130329e-02   9.0000000e-01
   1.7140499e-02   9.0066667e-01
   1.7184721e-02   9.0133333e-01
   1.7243607e-02   9.0166667e-01
   1.7289550e-02   9.0233333e-01
   1.7357114e-02   9.0266667e-01
   1.7364281e-02   9.0300000e-01
   1.7374742e-02   9.0333333e-01
   1.7376364e-02   9.0400000e-01
   1.7389716e-02   9.0466667e-01
   1.7413198e-02   9.0566667e-01
   1.7471358e-02   9.0633333e-01
   1.7544073e-02   9.0800000e-01
   1.7586822e-02   9.0833333e-01
   1.7650760e-02   9.0900000e-01
   1.7682377e-02   9.0933333e-01
   1.7682893e-02   9.1000000e-01
   1.7705172e-02   9.1033333e-01
   1.7705541e-02   9.1066667e-01
   1.7747458e-02   9.1100000e-01
   1.7750242e-02   9.1166667e-01
   1.7750612e-02   9.1200000e-01
   1.7769587e-02   9.1300000e-01
   1.7817987e-02   9.1400000e-01
   1.7897423e-02   9.1433333e-01
   1.7908445e-02   9.1500000e-01
   1.7909087e-02   9.1533333e-01
   1.7995359e-02   9.1566667e-01
   1.8005598e-02   9.1666667e-01
   1.8020387e-02   9.1700000e-01
   1.8038143e-02   9.1766667e-01
   1.8041835e-02   9.1800000e-01
   1.8094842e-02   9.1833333e-01
   1.8098370e-02   9.1866667e-01
   1.8153573e-02   9.1933333e-01
   1.8160573e-02   9.1966667e-01
   1.8308288e-02   9.2000000e-01
   1.8313057e-02   9.2033333e-01
   1.8333113e-02   9.2066667e-01
   1.8338780e-02   9.2166667e-01
   1.8375050e-02   9.2200000e-01
   1.8384441e-02   9.2266667e-01
   1.8387512e-02   9.2300000e-01
   1.8399025e-02   9.2333333e-01
   1.8451800e-02   9.2366667e-01
   1.8523671e-02   9.2400000e-01
   1.8627200e-02   9.2433333e-01
   1.8640254e-02   9.2466667e-01
   1.8651070e-02   9.2500000e-01
   1.8675940e-02   9.2533333e-01
   1.8677078e-02   9.2566667e-01
   1.8732474e-02   9.2666667e-01
   1.8781147e-02   9.2700000e-01
   1.8810233e-02   9.2766667e-01
   1.8870090e-02   9.2800000e-01
   1.8886681e-02   9.2833333e-01
   1.8900222e-02   9.2866667e-01
   1.8908955e-02   9.2966667e-01
   1.8932220e-02   9.3000000e-01
   1.8947142e-02   9.3033333e-01
   1.8961471e-02   9.3200000e-01
   1.8972057e-02   9.3300000e-01
   1.9088706e-02   9.3333333e-01
   1.9103163e-02   9.3366667e-01
   1.9139710e-02   9.3400000e-01
   1.9173390e-02   9.3433333e-01
   1.9291749e-02   9.3466667e-01
   1.9308739e-02   9.3500000e-01
   1.9338590e-02   9.3533333e-01
   1.9406671e-02   9.3566667e-01
   1.9443652e-02   9.3666667e-01
   1.9502167e-02   9.3700000e-01
   1.9579978e-02   9.3733333e-01
   1.9590205e-02   9.3766667e-01
   1.9604190e-02   9.3800000e-01
   1.9625176e-02   9.3833333e-01
   1.9652299e-02   9.3866667e-01
   1.9663732e-02   9.3900000e-01
   1.9681141e-02   9.3933333e-01
   1.9795114e-02   9.3966667e-01
   1.9843359e-02   9.4000000e-01
   1.9894666e-02   9.4033333e-01
   1.9907121e-02   9.4066667e-01
   1.9912198e-02   9.4100000e-01
   1.9943619e-02   9.4166667e-01
   1.9951284e-02   9.4200000e-01
   2.0026981e-02   9.4266667e-01
   2.0115387e-02   9.4300000e-01
   2.0172564e-02   9.4333333e-01
   2.0205881e-02   9.4433333e-01
   2.0212900e-02   9.4466667e-01
   2.0218152e-02   9.4500000e-01
   2.0239798e-02   9.4533333e-01
   2.0251379e-02   9.4600000e-01
   2.0286497e-02   9.4700000e-01
   2.0303853e-02   9.4800000e-01
   2.0337507e-02   9.4833333e-01
   2.0375941e-02   9.4866667e-01
   2.0430947e-02   9.4900000e-01
   2.0438576e-02   9.4933333e-01
   2.0524462e-02   9.5066667e-01
   2.0540625e-02   9.5100000e-01
   2.0543606e-02   9.5133333e-01
   2.0546045e-02   9.5166667e-01
   2.0577395e-02   9.5200000e-01
   2.0577742e-02   9.5233333e-01
   2.0633694e-02   9.5300000e-01
   2.0709505e-02   9.5333333e-01
   2.0727203e-02   9.5366667e-01
   2.0804874e-02   9.5400000e-01
   2.0816427e-02   9.5433333e-01
   2.0832623e-02   9.5466667e-01
   2.0845899e-02   9.5500000e-01
   2.0877562e-02   9.5566667e-01
   2.0927254e-02   9.5600000e-01
   2.0970661e-02   9.5666667e-01
   2.1071094e-02   9.5700000e-01
   2.1081936e-02   9.5733333e-01
   2.1115420e-02   9.5766667e-01
   2.1154845e-02   9.5800000e-01
   2.1174335e-02   9.5833333e-01
   2.1175180e-02   9.5866667e-01
   2.1211286e-02   9.5900000e-01
   2.1267821e-02   9.5966667e-01
   2.1405158e-02   9.6000000e-01
   2.1615250e-02   9.6033333e-01
   2.1623118e-02   9.6066667e-01
   2.1787330e-02   9.6100000e-01
   2.1799294e-02   9.6133333e-01
   2.1802967e-02   9.6166667e-01
   2.1845417e-02   9.6200000e-01
   2.1891566e-02   9.6233333e-01
   2.1926351e-02   9.6266667e-01
   2.2100235e-02   9.6300000e-01
   2.2174772e-02   9.6333333e-01
   2.2188503e-02   9.6366667e-01
   2.2286244e-02   9.6400000e-01
   2.2307482e-02   9.6433333e-01
   2.2390746e-02   9.6466667e-01
   2.2416944e-02   9.6500000e-01
   2.2479004e-02   9.6533333e-01
   2.2536085e-02   9.6566667e-01
   2.2614505e-02   9.6600000e-01
   2.2668928e-02   9.6633333e-01
   2.2736697e-02   9.6666667e-01
   2.2955869e-02   9.6700000e-01
   2.3113142e-02   9.6733333e-01
   2.3186288e-02   9.6800000e-01
   2.3408332e-02   9.6833333e-01
   2.3425534e-02   9.6866667e-01
   2.3520793e-02   9.6900000e-01
   2.3565630e-02   9.6933333e-01
   2.3634813e-02   9.6966667e-01
   2.3640219e-02   9.7000000e-01
   2.3746701e-02   9.7033333e-01
   2.3762484e-02   9.7066667e-01
   2.3966800e-02   9.7100000e-01
   2.4034408e-02   9.7133333e-01
   2.4050981e-02   9.7200000e-01
   2.4089969e-02   9.7233333e-01
   2.4258108e-02   9.7266667e-01
   2.4356737e-02   9.7300000e-01
   2.4510197e-02   9.7333333e-01
   2.4599155e-02   9.7400000e-01
   2.4621577e-02   9.7433333e-01
   2.4627907e-02   9.7466667e-01
   2.4724168e-02   9.7500000e-01
   2.4824587e-02   9.7533333e-01
   2.4872861e-02   9.7566667e-01
   2.5014445e-02   9.7600000e-01
   2.5039054e-02   9.7633333e-01
   2.5059879e-02   9.7666667e-01
   2.5276315e-02   9.7700000e-01
   2.5309159e-02   9.7733333e-01
   2.5330182e-02   9.7766667e-01
   2.5422752e-02   9.7800000e-01
   2.5454718e-02   9.7833333e-01
   2.5502135e-02   9.7866667e-01
   2.5512518e-02   9.7900000e-01
   2.5572155e-02   9.7933333e-01
   2.5588960e-02   9.7966667e-01
   2.5708338e-02   9.8000000e-01
   2.5843607e-02   9.8033333e-01
   2.5931071e-02   9.8066667e-01
   2.6088262e-02   9.8100000e-01
   2.6272259e-02   9.8133333e-01
   2.6478377e-02   9.8166667e-01
   2.6542639e-02   9.8200000e-01
   2.6555781e-02   9.8233333e-01
   2.6558012e-02   9.8266667e-01
   2.6598946e-02   9.8300000e-01
   2.6602271e-02   9.8333333e-01
   2.6656383e-02   9.8366667e-01
   2.6856728e-02   9.8400000e-01
   2.6990380e-02   9.8433333e-01
   2.7347400e-02   9.8466667e-01
   2.7402043e-02   9.8500000e-01
   2.7622232e-02   9.8533333e-01
   2.7763221e-02   9.8566667e-01
   2.7844108e-02   9.8600000e-01
   2.7893491e-02   9.8633333e-01
   2.8048128e-02   9.8666667e-01
   2.8100196e-02   9.8700000e-01
   2.8126922e-02   9.8733333e-01
   2.8352995e-02   9.8766667e-01
   2.8476478e-02   9.8800000e-01
   2.8606473e-02   9.8833333e-01
   2.8633032e-02   9.8866667e-01
   2.8792313e-02   9.8900000e-01
   2.8864535e-02   9.8933333e-01
   2.8871840e-02   9.8966667e-01
   2.8874791e-02   9.9000000e-01
   2.9029033e-02   9.9033333e-01
   2.9070011e-02   9.9066667e-01
   2.9499071e-02   9.9100000e-01
   3.0086857e-02   9.9133333e-01
   3.0942170e-02   9.9166667e-01
   3.1760381e-02   9.9200000e-01
   3.2044049e-02   9.9233333e-01
   3.2545256e-02   9.9266667e-01
   3.2850447e-02   9.9300000e-01
   3.3025076e-02   9.9333333e-01
   3.3027935e-02   9.9366667e-01
   3.3189108e-02   9.9400000e-01
   3.3286901e-02   9.9433333e-01
   3.3589755e-02   9.9466667e-01
   3.3953690e-02   9.9500000e-01
   3.4233218e-02   9.9533333e-01
   3.4478523e-02   9.9566667e-01
   3.4482275e-02   9.9600000e-01
   3.5203263e-02   9.9633333e-01
   3.5360540e-02   9.9666667e-01
   3.5552636e-02   9.9700000e-01
   3.6354247e-02   9.9733333e-01
   3.6677561e-02   9.9766667e-01
   3.9301241e-02   9.9800000e-01
   4.0098426e-02   9.9833333e-01
   4.2961893e-02   9.9866667e-01
   4.4012980e-02   9.9900000e-01
   4.7887919e-02   9.9933333e-01
   5.1357703e-02   9.9966667e-01
   5.5056654e-02   1.0000000e+00
