   2.8744000e-03   0.0000000e+00
   2.8744000e-03   1.6000000e-03
   3.8320000e-03   9.6000000e-03
   4.3112000e-03   1.6000000e-02
   4.7904000e-03   3.2000000e-02
   5.2696000e-03   5.7600000e-02
   5.7488000e-03   9.4400000e-02
   6.2272000e-03   1.3120000e-01
   6.7064000e-03   1.8080000e-01
   7.1856000e-03   2.2240000e-01
   7.6648000e-03   2.7040000e-01
   8.1440000e-03   3.0560000e-01
   8.6224000e-03   3.3440000e-01
   9.1016000e-03   3.6480000e-01
   9.5808000e-03   3.8080000e-01
   1.0060000e-02   4.0800000e-01
   1.0539200e-02   4.2240000e-01
   1.1018400e-02   4.2880000e-01
   1.1496800e-02   4.3520000e-01
   1.1976000e-02   4.5920000e-01
   1.2455200e-02   4.8160000e-01
   1.2934400e-02   5.0400000e-01
   1.3413600e-02   5.1680000e-01
   1.3892000e-02   5.4400000e-01
   1.4371200e-02   5.6320000e-01
   1.4850400e-02   5.8560000e-01
   1.5329600e-02   6.1440000e-01
   1.5808800e-02   6.2720000e-01
   1.6287200e-02   6.4320000e-01
   1.6766400e-02   6.5600000e-01
   1.7245600e-02   6.6400000e-01
   1.7724800e-02   6.6880000e-01
   1.8204000e-02   6.8320000e-01
   1.8682400e-02   6.9120000e-01
   1.9161600e-02   6.9600000e-01
   1.9640800e-02   7.0880000e-01
   2.0120000e-02   7.1520000e-01
   2.0599200e-02   7.2160000e-01
   2.1077600e-02   7.2960000e-01
   2.1556800e-02   7.4240000e-01
   2.2515200e-02   7.5200000e-01
   2.2994400e-02   7.6000000e-01
   2.3472800e-02   7.6320000e-01
   2.3952000e-02   7.6960000e-01
   2.4431200e-02   7.7920000e-01
   2.4910400e-02   7.8400000e-01
   2.5389600e-02   7.9200000e-01
   2.5868000e-02   7.9840000e-01
   2.6347200e-02   8.0480000e-01
   2.6826400e-02   8.1440000e-01
   2.7305600e-02   8.1760000e-01
   2.7784000e-02   8.2560000e-01
   2.8263200e-02   8.3360000e-01
   2.8742400e-02   8.4000000e-01
   2.9221600e-02   8.4640000e-01
   2.9700800e-02   8.4960000e-01
   3.0180000e-02   8.5440000e-01
   3.0658400e-02   8.5760000e-01
   3.1137600e-02   8.6720000e-01
   3.1616800e-02   8.7200000e-01
   3.2096000e-02   8.7520000e-01
   3.2575200e-02   8.8000000e-01
   3.3053600e-02   8.8320000e-01
   3.3532800e-02   8.8480000e-01
   3.4491200e-02   8.8640000e-01
   3.4970400e-02   8.9120000e-01
   3.5928000e-02   8.9440000e-01
   3.6407200e-02   8.9920000e-01
   3.6886400e-02   9.0400000e-01
   3.7365600e-02   9.0560000e-01
   3.7844000e-02   9.0720000e-01
   3.8323200e-02   9.1040000e-01
   3.8802400e-02   9.1200000e-01
   3.9281600e-02   9.1360000e-01
   3.9760800e-02   9.1680000e-01
   4.0718400e-02   9.2000000e-01
   4.3113600e-02   9.2480000e-01
   4.3592800e-02   9.2800000e-01
   4.4072000e-02   9.3120000e-01
   4.4551200e-02   9.3280000e-01
   4.5029600e-02   9.3440000e-01
   4.5508800e-02   9.3600000e-01
   4.6467200e-02   9.4080000e-01
   4.6946400e-02   9.4400000e-01
   4.7904000e-02   9.4560000e-01
   4.8862400e-02   9.4720000e-01
   5.0778400e-02   9.4880000e-01
   5.3652800e-02   9.5040000e-01
   5.7006400e-02   9.5200000e-01
   5.7484800e-02   9.5360000e-01
   5.7964000e-02   9.5680000e-01
   5.9400800e-02   9.5840000e-01
   6.2754400e-02   9.6000000e-01
   6.3233600e-02   9.6160000e-01
   6.3712800e-02   9.6320000e-01
   6.4670400e-02   9.6480000e-01
   6.5149600e-02   9.6640000e-01
   6.5628800e-02   9.6800000e-01
   7.1856000e-02   9.6960000e-01
   7.4251200e-02   9.7120000e-01
   7.4730400e-02   9.7280000e-01
   7.5209600e-02   9.7440000e-01
   7.5688800e-02   9.7600000e-01
   7.8084000e-02   9.7760000e-01
   7.8563200e-02   9.7920000e-01
   8.1916000e-02   9.8080000e-01
   8.2395200e-02   9.8400000e-01
   8.5269600e-02   9.8560000e-01
   8.6227200e-02   9.8720000e-01
   9.2455200e-02   9.8880000e-01
   9.4850400e-02   9.9040000e-01
   1.0538960e-01   9.9200000e-01
   1.0586800e-01   9.9360000e-01
   1.8059920e-01   9.9520000e-01
   2.2754480e-01   9.9680000e-01
   2.4670640e-01   9.9840000e-01
   2.6155680e-01   1.0000000e+00
