   7.0891615e-03   0.0000000e+00
   7.0891615e-03   1.6155089e-03
   7.5649044e-03   3.2310178e-03
   8.0704318e-03   4.8465267e-03
   8.1698413e-03   6.4620355e-03
   8.6402157e-03   8.0775444e-03
   8.6484362e-03   9.6930533e-03
   8.7772273e-03   1.1308562e-02
   8.9091523e-03   1.2924071e-02
   8.9416633e-03   1.4539580e-02
   9.1824239e-03   1.6155089e-02
   9.2477410e-03   1.7770598e-02
   9.2536105e-03   2.4232633e-02
   9.5745308e-03   2.5848142e-02
   9.7618076e-03   2.7463651e-02
   9.8167806e-03   2.9079160e-02
   9.9750449e-03   3.0694669e-02
   1.0026337e-02   3.2310178e-02
   1.0066540e-02   3.3925687e-02
   1.0239258e-02   3.7156704e-02
   1.0301123e-02   3.8772213e-02
   1.0323263e-02   4.0387722e-02
   1.0547918e-02   4.2003231e-02
   1.0582209e-02   4.3618740e-02
   1.0585862e-02   4.5234249e-02
   1.0637693e-02   4.6849758e-02
   1.0855019e-02   4.8465267e-02
   1.0883957e-02   5.1696284e-02
   1.1264159e-02   5.4927302e-02
   1.1687066e-02   5.6542811e-02
   1.1705868e-02   5.8158320e-02
   1.1753423e-02   5.9773829e-02
   1.1827050e-02   6.1389338e-02
   1.1972869e-02   6.4620355e-02
   1.2008056e-02   6.6235864e-02
   1.2098647e-02   6.7851373e-02
   1.2276548e-02   6.9466882e-02
   1.2316051e-02   7.1082391e-02
   1.2316230e-02   7.2697900e-02
   1.2330987e-02   7.4313409e-02
   1.2489064e-02   7.5928918e-02
   1.2613149e-02   7.7544426e-02
   1.2828962e-02   7.9159935e-02
   1.2963928e-02   8.0775444e-02
   1.3042848e-02   8.2390953e-02
   1.3051943e-02   8.5621971e-02
   1.3131922e-02   8.7237480e-02
   1.3356911e-02   8.8852989e-02
   1.3568611e-02   9.0468498e-02
   1.3639667e-02   9.2084006e-02
   1.3653049e-02   9.3699515e-02
   1.3693664e-02   9.5315024e-02
   1.3735479e-02   9.6930533e-02
   1.3844584e-02   9.8546042e-02
   1.3877269e-02   1.0016155e-01
   1.4010261e-02   1.0177706e-01
   1.4177827e-02   1.0339257e-01
   1.4211382e-02   1.0500808e-01
   1.4217795e-02   1.0662359e-01
   1.4256066e-02   1.0823910e-01
   1.4468568e-02   1.1147011e-01
   1.4512100e-02   1.1308562e-01
   1.4515403e-02   1.1470113e-01
   1.4566541e-02   1.1631664e-01
   1.4567337e-02   1.1793215e-01
   1.4597453e-02   1.1954766e-01
   1.4748773e-02   1.2277868e-01
   1.4768485e-02   1.2439418e-01
   1.5024993e-02   1.2600969e-01
   1.5038920e-02   1.2762520e-01
   1.5060943e-02   1.2924071e-01
   1.5183204e-02   1.3085622e-01
   1.5205392e-02   1.3247173e-01
   1.5320101e-02   1.3408724e-01
   1.5330913e-02   1.3570275e-01
   1.5586199e-02   1.3731826e-01
   1.5598970e-02   1.3893376e-01
   1.5610824e-02   1.4054927e-01
   1.5871553e-02   1.4216478e-01
   1.5904674e-02   1.4378029e-01
   1.5910853e-02   1.4539580e-01
   1.6097227e-02   1.4701131e-01
   1.6260094e-02   1.4862682e-01
   1.6332610e-02   1.5024233e-01
   1.6416436e-02   1.5185784e-01
   1.6456234e-02   1.5347334e-01
   1.6505230e-02   1.5670436e-01
   1.6660048e-02   1.5831987e-01
   1.6696114e-02   1.6155089e-01
   1.6712799e-02   1.6316640e-01
   1.6896022e-02   1.6639742e-01
   1.6995872e-02   1.6962843e-01
   1.7002758e-02   1.7124394e-01
   1.7004308e-02   1.7285945e-01
   1.7017691e-02   1.7447496e-01
   1.7029774e-02   1.7609047e-01
   1.7045644e-02   1.7770598e-01
   1.7105762e-02   1.7932149e-01
   1.7136580e-02   1.8093700e-01
   1.7174155e-02   1.8255250e-01
   1.7284602e-02   1.8416801e-01
   1.7458826e-02   1.8578352e-01
   1.7500417e-02   1.8739903e-01
   1.7545797e-02   1.8901454e-01
   1.7554455e-02   1.9063005e-01
   1.7579273e-02   1.9224556e-01
   1.7762002e-02   1.9386107e-01
   1.7807025e-02   1.9547658e-01
   1.7817680e-02   1.9709208e-01
   1.7883901e-02   1.9870759e-01
   1.7891241e-02   2.0032310e-01
   1.7944074e-02   2.0193861e-01
   1.8011381e-02   2.0355412e-01
   1.8022238e-02   2.0516963e-01
   1.8087577e-02   2.0678514e-01
   1.8105828e-02   2.0840065e-01
   1.8117594e-02   2.1163166e-01
   1.8133189e-02   2.1324717e-01
   1.8192519e-02   2.1486268e-01
   1.8192914e-02   2.1647819e-01
   1.8303132e-02   2.1809370e-01
   1.8373817e-02   2.1970921e-01
   1.8437452e-02   2.2132472e-01
   1.8645720e-02   2.2294023e-01
   1.8657246e-02   2.2455574e-01
   1.8658649e-02   2.2617124e-01
   1.8680749e-02   2.2778675e-01
   1.8708822e-02   2.2940226e-01
   1.9008088e-02   2.3101777e-01
   1.9149062e-02   2.3263328e-01
   1.9238082e-02   2.3424879e-01
   1.9238132e-02   2.3586430e-01
   1.9282787e-02   2.3747981e-01
   1.9318615e-02   2.3909532e-01
   1.9408302e-02   2.4071082e-01
   1.9476159e-02   2.4232633e-01
   1.9480541e-02   2.4394184e-01
   1.9492265e-02   2.4555735e-01
   1.9570003e-02   2.4717286e-01
   1.9755358e-02   2.4878837e-01
   1.9788440e-02   2.5040388e-01
   1.9958912e-02   2.5201939e-01
   2.0035528e-02   2.5363489e-01
   2.0136326e-02   2.5525040e-01
   2.0141077e-02   2.5686591e-01
   2.0189963e-02   2.5848142e-01
   2.0318025e-02   2.6009693e-01
   2.0321355e-02   2.6171244e-01
   2.0339513e-02   2.6494346e-01
   2.0443895e-02   2.6655897e-01
   2.0479151e-02   2.6978998e-01
   2.0579798e-02   2.7140549e-01
   2.0590540e-02   2.7302100e-01
   2.0640953e-02   2.7463651e-01
   2.0645958e-02   2.7625202e-01
   2.0697955e-02   2.7786753e-01
   2.0820534e-02   2.7948304e-01
   2.0838169e-02   2.8109855e-01
   2.0880582e-02   2.8271405e-01
   2.0894788e-02   2.8432956e-01
   2.0907578e-02   2.8594507e-01
   2.1095484e-02   2.8756058e-01
   2.1165111e-02   2.8917609e-01
   2.1172306e-02   2.9079160e-01
   2.1266988e-02   2.9240711e-01
   2.1322037e-02   2.9402262e-01
   2.1382083e-02   2.9563813e-01
   2.1401581e-02   2.9725363e-01
   2.1426238e-02   2.9886914e-01
   2.1440028e-02   3.0048465e-01
   2.1511322e-02   3.0533118e-01
   2.1518819e-02   3.0694669e-01
   2.1569238e-02   3.0856220e-01
   2.1603768e-02   3.1017771e-01
   2.1618358e-02   3.1179321e-01
   2.1709771e-02   3.1340872e-01
   2.1710631e-02   3.1663974e-01
   2.1728476e-02   3.2148627e-01
   2.1768386e-02   3.2310178e-01
   2.1819790e-02   3.2471729e-01
   2.1828855e-02   3.2633279e-01
   2.1982167e-02   3.2794830e-01
   2.2012100e-02   3.2956381e-01
   2.2165965e-02   3.3117932e-01
   2.2174507e-02   3.3279483e-01
   2.2283311e-02   3.3441034e-01
   2.2422884e-02   3.3602585e-01
   2.2558380e-02   3.3764136e-01
   2.2570444e-02   3.3925687e-01
   2.2695255e-02   3.4087237e-01
   2.2720288e-02   3.4248788e-01
   2.2767804e-02   3.4410339e-01
   2.2811618e-02   3.4571890e-01
   2.2854599e-02   3.4894992e-01
   2.2892369e-02   3.5056543e-01
   2.2910090e-02   3.5218094e-01
   2.3091209e-02   3.5379645e-01
   2.3099249e-02   3.5541195e-01
   2.3102682e-02   3.5702746e-01
   2.3119190e-02   3.5864297e-01
   2.3184696e-02   3.6025848e-01
   2.3198267e-02   3.6187399e-01
   2.3258985e-02   3.6348950e-01
   2.3291440e-02   3.6510501e-01
   2.3373605e-02   3.6672052e-01
   2.3388455e-02   3.6833603e-01
   2.3388481e-02   3.6995153e-01
   2.3410617e-02   3.7318255e-01
   2.3413512e-02   3.7641357e-01
   2.3453751e-02   3.7802908e-01
   2.3630303e-02   3.7964459e-01
   2.3650456e-02   3.8126010e-01
   2.3657034e-02   3.8287561e-01
   2.3657804e-02   3.8449111e-01
   2.3676500e-02   3.8610662e-01
   2.3894546e-02   3.8933764e-01
   2.3931367e-02   3.9095315e-01
   2.3941823e-02   3.9256866e-01
   2.3966660e-02   3.9579968e-01
   2.4045826e-02   3.9741519e-01
   2.4069638e-02   3.9903069e-01
   2.4080390e-02   4.0064620e-01
   2.4137648e-02   4.0387722e-01
   2.4238881e-02   4.0549273e-01
   2.4489387e-02   4.0710824e-01
   2.4544106e-02   4.0872375e-01
   2.4602729e-02   4.1033926e-01
   2.4661308e-02   4.1195477e-01
   2.4665317e-02   4.1357027e-01
   2.4734814e-02   4.1518578e-01
   2.4755267e-02   4.1680129e-01
   2.4807372e-02   4.1841680e-01
   2.4835305e-02   4.2003231e-01
   2.4871266e-02   4.2164782e-01
   2.4901438e-02   4.2326333e-01
   2.5107484e-02   4.2487884e-01
   2.5135639e-02   4.2649435e-01
   2.5317811e-02   4.2810985e-01
   2.5322102e-02   4.3134087e-01
   2.5334220e-02   4.3295638e-01
   2.5397016e-02   4.3618740e-01
   2.5437137e-02   4.3780291e-01
   2.5494682e-02   4.3941842e-01
   2.5508891e-02   4.4264943e-01
   2.5620858e-02   4.4588045e-01
   2.5625257e-02   4.4749596e-01
   2.5650723e-02   4.4911147e-01
   2.5658403e-02   4.5072698e-01
   2.5747815e-02   4.5234249e-01
   2.5920093e-02   4.5395800e-01
   2.5958801e-02   4.5557351e-01
   2.5969132e-02   4.5718901e-01
   2.5983156e-02   4.5880452e-01
   2.6048898e-02   4.6042003e-01
   2.6079129e-02   4.6365105e-01
   2.6218600e-02   4.6526656e-01
   2.6240430e-02   4.6688207e-01
   2.6244923e-02   4.6849758e-01
   2.6348459e-02   4.7011309e-01
   2.6432896e-02   4.7172859e-01
   2.6437570e-02   4.7334410e-01
   2.6442376e-02   4.7495961e-01
   2.6461756e-02   4.7657512e-01
   2.6487637e-02   4.7819063e-01
   2.6493894e-02   4.7980614e-01
   2.6562579e-02   4.8303716e-01
   2.6571700e-02   4.8465267e-01
   2.6600492e-02   4.8626817e-01
   2.6635133e-02   4.8788368e-01
   2.6637339e-02   4.8949919e-01
   2.6710303e-02   4.9111470e-01
   2.6751805e-02   4.9273021e-01
   2.6796497e-02   4.9434572e-01
   2.6883405e-02   4.9596123e-01
   2.6969181e-02   4.9757674e-01
   2.6995584e-02   4.9919225e-01
   2.6995800e-02   5.0080775e-01
   2.7001457e-02   5.0403877e-01
   2.7033357e-02   5.0565428e-01
   2.7125871e-02   5.0726979e-01
   2.7134353e-02   5.0888530e-01
   2.7137409e-02   5.1050081e-01
   2.7198273e-02   5.1211632e-01
   2.7257421e-02   5.1373183e-01
   2.7338365e-02   5.1534733e-01
   2.7515598e-02   5.1696284e-01
   2.7525352e-02   5.1857835e-01
   2.7601759e-02   5.2019386e-01
   2.7643422e-02   5.2180937e-01
   2.7824891e-02   5.2342488e-01
   2.7886141e-02   5.2504039e-01
   2.7901959e-02   5.2665590e-01
   2.7929300e-02   5.2827141e-01
   2.8078896e-02   5.2988691e-01
   2.8103173e-02   5.3150242e-01
   2.8355026e-02   5.3311793e-01
   2.8379214e-02   5.3473344e-01
   2.8571141e-02   5.3634895e-01
   2.8692036e-02   5.3796446e-01
   2.8766978e-02   5.3957997e-01
   2.8815901e-02   5.4119548e-01
   2.8937224e-02   5.4442649e-01
   2.9003920e-02   5.4604200e-01
   2.9073693e-02   5.4765751e-01
   2.9195327e-02   5.4927302e-01
   2.9284852e-02   5.5250404e-01
   2.9384122e-02   5.5411955e-01
   2.9501818e-02   5.5573506e-01
   2.9547201e-02   5.5735057e-01
   2.9619242e-02   5.5896607e-01
   2.9641271e-02   5.6058158e-01
   2.9697138e-02   5.6219709e-01
   2.9710034e-02   5.6381260e-01
   2.9717123e-02   5.6542811e-01
   2.9743773e-02   5.6704362e-01
   2.9788413e-02   5.6865913e-01
   2.9846235e-02   5.7027464e-01
   2.9926232e-02   5.7189015e-01
   3.0012400e-02   5.7350565e-01
   3.0036327e-02   5.7512116e-01
   3.0328363e-02   5.7673667e-01
   3.0380401e-02   5.7835218e-01
   3.0410785e-02   5.7996769e-01
   3.0453540e-02   5.8158320e-01
   3.0468877e-02   5.8319871e-01
   3.0481167e-02   5.8481422e-01
   3.0575596e-02   5.8642973e-01
   3.0662920e-02   5.8804523e-01
   3.0760994e-02   5.9127625e-01
   3.0840259e-02   5.9289176e-01
   3.0890132e-02   5.9450727e-01
   3.1037068e-02   5.9612278e-01
   3.1067909e-02   5.9773829e-01
   3.1113150e-02   5.9935380e-01
   3.1176288e-02   6.0096931e-01
   3.1271661e-02   6.0258481e-01
   3.1431218e-02   6.0420032e-01
   3.1457913e-02   6.0581583e-01
   3.1492933e-02   6.0743134e-01
   3.1529685e-02   6.0904685e-01
   3.1603682e-02   6.1227787e-01
   3.1621579e-02   6.1389338e-01
   3.1702012e-02   6.1550889e-01
   3.1727415e-02   6.1712439e-01
   3.1746624e-02   6.1873990e-01
   3.1886266e-02   6.2035541e-01
   3.1958728e-02   6.2197092e-01
   3.1964255e-02   6.2520194e-01
   3.2020964e-02   6.2681745e-01
   3.2179980e-02   6.2843296e-01
   3.2183461e-02   6.3166397e-01
   3.2193944e-02   6.3327948e-01
   3.2357119e-02   6.3489499e-01
   3.2665740e-02   6.3651050e-01
   3.2701748e-02   6.3812601e-01
   3.2957257e-02   6.3974152e-01
   3.3111093e-02   6.4135703e-01
   3.3175005e-02   6.4297254e-01
   3.3215932e-02   6.4458805e-01
   3.3262100e-02   6.4620355e-01
   3.3307657e-02   6.4781906e-01
   3.3320606e-02   6.4943457e-01
   3.3424966e-02   6.5105008e-01
   3.3457977e-02   6.5266559e-01
   3.3626178e-02   6.5428110e-01
   3.3628612e-02   6.5589661e-01
   3.3636845e-02   6.5751212e-01
   3.3736050e-02   6.5912763e-01
   3.3793870e-02   6.6074313e-01
   3.3885303e-02   6.6397415e-01
   3.4081014e-02   6.6558966e-01
   3.4318884e-02   6.6720517e-01
   3.4448245e-02   6.6882068e-01
   3.4474265e-02   6.7043619e-01
   3.4546908e-02   6.7205170e-01
   3.4573112e-02   6.7366721e-01
   3.4596934e-02   6.7528271e-01
   3.4796544e-02   6.7689822e-01
   3.4835900e-02   6.7851373e-01
   3.5039349e-02   6.8012924e-01
   3.5065990e-02   6.8174475e-01
   3.5079693e-02   6.8336026e-01
   3.5096224e-02   6.8497577e-01
   3.5335563e-02   6.8659128e-01
   3.5339059e-02   6.8820679e-01
   3.5349985e-02   6.8982229e-01
   3.5619864e-02   6.9143780e-01
   3.5650347e-02   6.9305331e-01
   3.5672044e-02   6.9466882e-01
   3.5680887e-02   6.9628433e-01
   3.5888739e-02   6.9789984e-01
   3.5962583e-02   6.9951535e-01
   3.5979836e-02   7.0113086e-01
   3.6023235e-02   7.0274637e-01
   3.6240351e-02   7.0436187e-01
   3.6240788e-02   7.0597738e-01
   3.6284452e-02   7.0759289e-01
   3.6409830e-02   7.0920840e-01
   3.6451630e-02   7.1082391e-01
   3.6652137e-02   7.1243942e-01
   3.7229263e-02   7.1405493e-01
   3.7243767e-02   7.1567044e-01
   3.7262261e-02   7.1728595e-01
   3.7468315e-02   7.1890145e-01
   3.7523713e-02   7.2051696e-01
   3.7592486e-02   7.2213247e-01
   3.7602122e-02   7.2374798e-01
   3.7628000e-02   7.2536349e-01
   3.7850905e-02   7.2697900e-01
   3.8140230e-02   7.2859451e-01
   3.8144353e-02   7.3021002e-01
   3.8258122e-02   7.3182553e-01
   3.8678258e-02   7.3344103e-01
   3.8688859e-02   7.3505654e-01
   3.8794974e-02   7.3667205e-01
   3.8887712e-02   7.3828756e-01
   3.9021435e-02   7.3990307e-01
   3.9243211e-02   7.4151858e-01
   3.9347953e-02   7.4313409e-01
   3.9423819e-02   7.4474960e-01
   3.9510716e-02   7.4636511e-01
   3.9534778e-02   7.4798061e-01
   3.9607463e-02   7.4959612e-01
   3.9741178e-02   7.5121163e-01
   3.9744290e-02   7.5282714e-01
   3.9844487e-02   7.5444265e-01
   3.9847042e-02   7.5605816e-01
   3.9892490e-02   7.5767367e-01
   4.0100198e-02   7.5928918e-01
   4.0104723e-02   7.6090468e-01
   4.0219833e-02   7.6252019e-01
   4.0407160e-02   7.6413570e-01
   4.0468580e-02   7.6575121e-01
   4.0932258e-02   7.6736672e-01
   4.1201880e-02   7.6898223e-01
   4.1231243e-02   7.7059774e-01
   4.1463798e-02   7.7221325e-01
   4.1567976e-02   7.7382876e-01
   4.2082389e-02   7.7544426e-01
   4.2329014e-02   7.7705977e-01
   4.2348043e-02   7.7867528e-01
   4.2603819e-02   7.8029079e-01
   4.2812799e-02   7.8190630e-01
   4.2856089e-02   7.8352181e-01
   4.3023217e-02   7.8513732e-01
   4.3224055e-02   7.8675283e-01
   4.3429611e-02   7.8836834e-01
   4.3743848e-02   7.8998384e-01
   4.3933943e-02   7.9159935e-01
   4.4305456e-02   7.9321486e-01
   4.4359560e-02   7.9483037e-01
   4.4617838e-02   7.9644588e-01
   4.4671859e-02   7.9806139e-01
   4.4749082e-02   7.9967690e-01
   4.4793121e-02   8.0129241e-01
   4.4844654e-02   8.0290792e-01
   4.4883916e-02   8.0452342e-01
   4.5117891e-02   8.0613893e-01
   4.5242899e-02   8.0775444e-01
   4.5326559e-02   8.0936995e-01
   4.5447283e-02   8.1098546e-01
   4.5796960e-02   8.1260097e-01
   4.6237362e-02   8.1421648e-01
   4.6239459e-02   8.1583199e-01
   4.6345533e-02   8.1744750e-01
   4.6932645e-02   8.1906300e-01
   4.7148247e-02   8.2067851e-01
   4.7266786e-02   8.2229402e-01
   4.7882521e-02   8.2390953e-01
   4.8034076e-02   8.2552504e-01
   4.8057486e-02   8.2714055e-01
   4.8058542e-02   8.2875606e-01
   4.8073764e-02   8.3037157e-01
   4.8161406e-02   8.3198708e-01
   4.8451651e-02   8.3360258e-01
   4.8496294e-02   8.3521809e-01
   4.8720981e-02   8.3683360e-01
   4.8765739e-02   8.3844911e-01
   4.8767188e-02   8.4006462e-01
   4.9973805e-02   8.4168013e-01
   5.0085513e-02   8.4329564e-01
   5.0431883e-02   8.4491115e-01
   5.0717823e-02   8.4652666e-01
   5.0884874e-02   8.4814216e-01
   5.1018372e-02   8.4975767e-01
   5.1053636e-02   8.5137318e-01
   5.1138048e-02   8.5298869e-01
   5.1341035e-02   8.5460420e-01
   5.1495631e-02   8.5621971e-01
   5.1542834e-02   8.5783522e-01
   5.2060587e-02   8.5945073e-01
   5.2581352e-02   8.6106624e-01
   5.2664834e-02   8.6268174e-01
   5.2884264e-02   8.6429725e-01
   5.3179529e-02   8.6591276e-01
   5.3203888e-02   8.6752827e-01
   5.3342514e-02   8.6914378e-01
   5.4166289e-02   8.7075929e-01
   5.5100894e-02   8.7237480e-01
   5.5204091e-02   8.7399031e-01
   5.5326459e-02   8.7560582e-01
   5.5756949e-02   8.7722132e-01
   5.5828108e-02   8.7883683e-01
   5.6027545e-02   8.8045234e-01
   5.7067625e-02   8.8206785e-01
   5.7122231e-02   8.8368336e-01
   5.7596570e-02   8.8529887e-01
   5.7867888e-02   8.8691438e-01
   5.7876973e-02   8.8852989e-01
   5.8168406e-02   8.9014540e-01
   5.8204073e-02   8.9176090e-01
   5.8409880e-02   8.9337641e-01
   5.8457415e-02   8.9499192e-01
   5.8572880e-02   8.9660743e-01
   5.9087375e-02   8.9822294e-01
   5.9173075e-02   8.9983845e-01
   5.9275280e-02   9.0145396e-01
   5.9462202e-02   9.0306947e-01
   5.9544497e-02   9.0468498e-01
   6.0446369e-02   9.0630048e-01
   6.0703376e-02   9.0791599e-01
   6.0867654e-02   9.0953150e-01
   6.0985671e-02   9.1114701e-01
   6.1215100e-02   9.1276252e-01
   6.1468215e-02   9.1437803e-01
   6.1497242e-02   9.1599354e-01
   6.1523756e-02   9.1760905e-01
   6.1903075e-02   9.1922456e-01
   6.2032519e-02   9.2084006e-01
   6.2171380e-02   9.2245557e-01
   6.2197875e-02   9.2407108e-01
   6.2254295e-02   9.2568659e-01
   6.2620124e-02   9.2730210e-01
   6.2915203e-02   9.2891761e-01
   6.3235450e-02   9.3053312e-01
   6.3278520e-02   9.3214863e-01
   6.6448937e-02   9.3376414e-01
   6.6508334e-02   9.3537964e-01
   6.6688795e-02   9.3699515e-01
   6.7038230e-02   9.3861066e-01
   6.7518973e-02   9.4022617e-01
   6.7709041e-02   9.4184168e-01
   6.8485818e-02   9.4345719e-01
   7.0348903e-02   9.4507270e-01
   7.1230354e-02   9.4668821e-01
   7.1461740e-02   9.4830372e-01
   7.2857235e-02   9.4991922e-01
   7.2869001e-02   9.5153473e-01
   7.3462246e-02   9.5315024e-01
   7.3784151e-02   9.5476575e-01
   7.4385795e-02   9.5638126e-01
   7.5533864e-02   9.5799677e-01
   7.6539651e-02   9.5961228e-01
   7.6962613e-02   9.6122779e-01
   7.8200529e-02   9.6284330e-01
   7.8334700e-02   9.6445880e-01
   7.9500322e-02   9.6607431e-01
   8.0074817e-02   9.6768982e-01
   8.0784746e-02   9.6930533e-01
   8.2838421e-02   9.7092084e-01
   8.2885360e-02   9.7253635e-01
   8.2983294e-02   9.7415186e-01
   8.4276728e-02   9.7576737e-01
   8.5087751e-02   9.7738288e-01
   8.9220590e-02   9.7899838e-01
   9.1099568e-02   9.8061389e-01
   9.1709000e-02   9.8222940e-01
   9.2690362e-02   9.8384491e-01
   9.2761398e-02   9.8546042e-01
   9.4376978e-02   9.8707593e-01
   9.5996175e-02   9.8869144e-01
   9.8005225e-02   9.9030695e-01
   9.9988903e-02   9.9192246e-01
   1.1337534e-01   9.9353796e-01
   1.3070693e-01   9.9515347e-01
   1.5199770e-01   9.9676898e-01
   1.6137749e-01   9.9838449e-01
   1.6800264e-01   1.0000000e+00
