   4.4709424e-03   0.0000000e+00
   4.4709424e-03   1.2453300e-03
   4.6734841e-03   2.4906600e-03
   4.8688430e-03   3.7359900e-03
   5.0939309e-03   4.9813200e-03
   5.2178113e-03   6.2266501e-03
   5.4247189e-03   7.4719801e-03
   5.5710520e-03   8.7173101e-03
   5.5886695e-03   9.9626401e-03
   5.6500690e-03   1.1207970e-02
   5.7652963e-03   1.2453300e-02
   5.8917459e-03   1.4943960e-02
   5.9305014e-03   1.6189290e-02
   5.9501845e-03   1.7434620e-02
   6.1133352e-03   2.2415940e-02
   6.1394673e-03   2.3661270e-02
   6.1478243e-03   2.4906600e-02
   6.3141565e-03   2.7397260e-02
   6.4165802e-03   2.8642590e-02
   6.5313063e-03   3.3623910e-02
   6.6589965e-03   3.4869240e-02
   6.6964875e-03   3.8605230e-02
   6.7632119e-03   4.1095890e-02
   6.8302134e-03   4.3586550e-02
   6.8652475e-03   4.6077210e-02
   6.9752427e-03   5.2303861e-02
   6.9862058e-03   5.3549191e-02
   7.0084088e-03   5.4794521e-02
   7.0105292e-03   5.6039851e-02
   7.0416931e-03   5.7285181e-02
   7.1410768e-03   5.8530511e-02
   7.1957145e-03   6.1021171e-02
   7.2067267e-03   6.4757161e-02
   7.2655514e-03   6.8493151e-02
   7.3206186e-03   7.0983811e-02
   7.4175456e-03   7.2229141e-02
   7.5334165e-03   7.3474471e-02
   7.5540321e-03   7.4719801e-02
   7.5671592e-03   7.5965131e-02
   7.5905454e-03   7.7210461e-02
   7.6417761e-03   7.9701121e-02
   7.8109011e-03   8.2191781e-02
   7.8175483e-03   8.3437111e-02
   7.8247061e-03   8.4682441e-02
   7.8782729e-03   8.7173101e-02
   7.9076724e-03   9.0909091e-02
   7.9401319e-03   9.2154421e-02
   7.9701464e-03   9.4645081e-02
   8.0075579e-03   9.7135741e-02
   8.0922085e-03   9.9626401e-02
   8.0957643e-03   1.0087173e-01
   8.0970163e-03   1.0585305e-01
   8.1002690e-03   1.0709838e-01
   8.1971749e-03   1.0834371e-01
   8.2662439e-03   1.1083437e-01
   8.3060891e-03   1.1207970e-01
   8.3687116e-03   1.1457036e-01
   8.3838609e-03   1.1581569e-01
   8.3908792e-03   1.1706102e-01
   8.4355085e-03   1.1830635e-01
   8.4506723e-03   1.1955168e-01
   8.6481571e-03   1.2079701e-01
   8.6510473e-03   1.2453300e-01
   8.6763914e-03   1.2577833e-01
   8.6842165e-03   1.2702366e-01
   8.6917040e-03   1.3200498e-01
   8.7536099e-03   1.3325031e-01
   8.8578250e-03   1.3449564e-01
   8.8746386e-03   1.3823163e-01
   8.9424332e-03   1.4196762e-01
   8.9935253e-03   1.4445828e-01
   8.9950902e-03   1.4570361e-01
   8.9987926e-03   1.5068493e-01
   9.0788320e-03   1.5193026e-01
   9.1648634e-03   1.5317559e-01
   9.1967289e-03   1.5566625e-01
   9.2075583e-03   1.5691158e-01
   9.2100307e-03   1.5815691e-01
   9.2431052e-03   1.6189290e-01
   9.2440213e-03   1.6562889e-01
   9.3103707e-03   1.6936488e-01
   9.3594766e-03   1.7061021e-01
   9.4122365e-03   1.7185554e-01
   9.4842585e-03   1.7310087e-01
   9.5003798e-03   1.7683686e-01
   9.5415891e-03   1.7808219e-01
   9.6293521e-03   1.8057285e-01
   9.6333671e-03   1.8181818e-01
   9.7038758e-03   1.8306351e-01
   9.7373712e-03   1.8430884e-01
   9.7664583e-03   1.8679950e-01
   9.7971144e-03   1.8929016e-01
   9.8020243e-03   1.9178082e-01
   9.8589088e-03   1.9302615e-01
   9.8667754e-03   1.9427148e-01
   9.8836188e-03   1.9551681e-01
   9.8977208e-03   1.9676214e-01
   1.0055344e-02   1.9800747e-01
   1.0060743e-02   1.9925280e-01
   1.0099672e-02   2.0049813e-01
   1.0109324e-02   2.0174346e-01
   1.0173406e-02   2.0298879e-01
   1.0226743e-02   2.0423412e-01
   1.0277705e-02   2.0921544e-01
   1.0298426e-02   2.1046077e-01
   1.0323654e-02   2.1295143e-01
   1.0327202e-02   2.1544209e-01
   1.0350356e-02   2.1668742e-01
   1.0360372e-02   2.1793275e-01
   1.0406896e-02   2.2042341e-01
   1.0424037e-02   2.2291407e-01
   1.0436034e-02   2.2415940e-01
   1.0479971e-02   2.2540473e-01
   1.0572621e-02   2.2665006e-01
   1.0602028e-02   2.2789539e-01
   1.0608090e-02   2.2914072e-01
   1.0667680e-02   2.3038605e-01
   1.0719616e-02   2.3163138e-01
   1.0744965e-02   2.3287671e-01
   1.0881050e-02   2.3661270e-01
   1.0919339e-02   2.3785803e-01
   1.0941920e-02   2.3910336e-01
   1.0956124e-02   2.4283935e-01
   1.0981490e-02   2.4533001e-01
   1.0982938e-02   2.4657534e-01
   1.1094103e-02   2.4782067e-01
   1.1144473e-02   2.5031133e-01
   1.1158674e-02   2.5280199e-01
   1.1178470e-02   2.5404732e-01
   1.1202881e-02   2.5529265e-01
   1.1226116e-02   2.5653798e-01
   1.1358018e-02   2.5778331e-01
   1.1458797e-02   2.5902864e-01
   1.1475496e-02   2.6027397e-01
   1.1478324e-02   2.6276463e-01
   1.1530340e-02   2.6400996e-01
   1.1581496e-02   2.6525529e-01
   1.1618724e-02   2.6650062e-01
   1.1625854e-02   2.6774595e-01
   1.1716579e-02   2.6899128e-01
   1.1722747e-02   2.7148194e-01
   1.1737625e-02   2.7397260e-01
   1.1756037e-02   2.7770859e-01
   1.1784012e-02   2.7895392e-01
   1.1857193e-02   2.8019925e-01
   1.1900369e-02   2.8144458e-01
   1.1955450e-02   2.8393524e-01
   1.1961181e-02   2.8518057e-01
   1.1995203e-02   2.8642590e-01
   1.2013457e-02   2.8767123e-01
   1.2036729e-02   2.8891656e-01
   1.2040212e-02   2.9140722e-01
   1.2058128e-02   2.9265255e-01
   1.2096250e-02   2.9389788e-01
   1.2127929e-02   2.9514321e-01
   1.2275122e-02   2.9763387e-01
   1.2342576e-02   2.9887920e-01
   1.2342966e-02   3.0136986e-01
   1.2413363e-02   3.0386052e-01
   1.2488670e-02   3.0510585e-01
   1.2561435e-02   3.0635118e-01
   1.2568982e-02   3.0884184e-01
   1.2595209e-02   3.1133250e-01
   1.2653106e-02   3.1382316e-01
   1.2653517e-02   3.1631382e-01
   1.2677444e-02   3.1755915e-01
   1.2854803e-02   3.1880448e-01
   1.2863399e-02   3.2004981e-01
   1.2878046e-02   3.2129514e-01
   1.2938158e-02   3.2254047e-01
   1.2970367e-02   3.2378580e-01
   1.2971771e-02   3.2752179e-01
   1.3124066e-02   3.2876712e-01
   1.3124814e-02   3.3125778e-01
   1.3153642e-02   3.3374844e-01
   1.3173113e-02   3.3623910e-01
   1.3211000e-02   3.3748443e-01
   1.3223518e-02   3.3872976e-01
   1.3308323e-02   3.4122042e-01
   1.3391802e-02   3.4246575e-01
   1.3392975e-02   3.4371108e-01
   1.3527050e-02   3.4495641e-01
   1.3678914e-02   3.4620174e-01
   1.3680394e-02   3.4744707e-01
   1.3712679e-02   3.4993773e-01
   1.3730942e-02   3.5118306e-01
   1.3772884e-02   3.5242839e-01
   1.3852534e-02   3.5367372e-01
   1.3882094e-02   3.5491905e-01
   1.3948429e-02   3.5616438e-01
   1.4017348e-02   3.5740971e-01
   1.4025152e-02   3.5865504e-01
   1.4236734e-02   3.5990037e-01
   1.4271725e-02   3.6114570e-01
   1.4282977e-02   3.6239103e-01
   1.4376680e-02   3.6363636e-01
   1.4413201e-02   3.6488169e-01
   1.4507134e-02   3.6986301e-01
   1.4508644e-02   3.7110834e-01
   1.4612441e-02   3.7235367e-01
   1.4641237e-02   3.7484433e-01
   1.4727872e-02   3.7608966e-01
   1.4749247e-02   3.7733499e-01
   1.4784311e-02   3.7858032e-01
   1.4830187e-02   3.7982565e-01
   1.4884887e-02   3.8107098e-01
   1.4906464e-02   3.8356164e-01
   1.4945049e-02   3.8480697e-01
   1.4960300e-02   3.8605230e-01
   1.5067395e-02   3.8729763e-01
   1.5082711e-02   3.8854296e-01
   1.5134318e-02   3.9227895e-01
   1.5171281e-02   3.9352428e-01
   1.5198836e-02   3.9476961e-01
   1.5260997e-02   3.9601494e-01
   1.5279727e-02   3.9726027e-01
   1.5342593e-02   4.0099626e-01
   1.5376746e-02   4.0224159e-01
   1.5387476e-02   4.0348692e-01
   1.5389250e-02   4.0473225e-01
   1.5424715e-02   4.0597758e-01
   1.5610086e-02   4.0722291e-01
   1.5622344e-02   4.0971357e-01
   1.5638518e-02   4.1095890e-01
   1.5674634e-02   4.1220423e-01
   1.5693112e-02   4.1469489e-01
   1.5723022e-02   4.1594022e-01
   1.5755926e-02   4.1718555e-01
   1.5805866e-02   4.1843088e-01
   1.5824405e-02   4.1967621e-01
   1.5900384e-02   4.2092154e-01
   1.5901090e-02   4.2216687e-01
   1.5931512e-02   4.2341220e-01
   1.5940946e-02   4.2465753e-01
   1.6014833e-02   4.2590286e-01
   1.6061212e-02   4.2714819e-01
   1.6194555e-02   4.2839352e-01
   1.6208567e-02   4.2963885e-01
   1.6228265e-02   4.3088418e-01
   1.6274609e-02   4.3212951e-01
   1.6458782e-02   4.3337484e-01
   1.6473619e-02   4.3462017e-01
   1.6527945e-02   4.3711083e-01
   1.6612178e-02   4.3835616e-01
   1.6630603e-02   4.3960149e-01
   1.6641154e-02   4.4084682e-01
   1.6668412e-02   4.4209215e-01
   1.6679444e-02   4.4333748e-01
   1.6719589e-02   4.4458281e-01
   1.6743245e-02   4.4582814e-01
   1.7032120e-02   4.4707347e-01
   1.7080801e-02   4.4831880e-01
   1.7183651e-02   4.4956413e-01
   1.7213442e-02   4.5080946e-01
   1.7295364e-02   4.5330012e-01
   1.7335465e-02   4.5454545e-01
   1.7531037e-02   4.5703611e-01
   1.7591200e-02   4.5828144e-01
   1.7596349e-02   4.5952677e-01
   1.7633557e-02   4.6077210e-01
   1.7688849e-02   4.6201743e-01
   1.7714988e-02   4.6450809e-01
   1.7744620e-02   4.6575342e-01
   1.7830758e-02   4.6824408e-01
   1.7852250e-02   4.6948941e-01
   1.7927313e-02   4.7073474e-01
   1.7934881e-02   4.7198007e-01
   1.8032915e-02   4.7322540e-01
   1.8183465e-02   4.7447073e-01
   1.8234312e-02   4.7696139e-01
   1.8239279e-02   4.7820672e-01
   1.8394561e-02   4.7945205e-01
   1.8444021e-02   4.8069738e-01
   1.8509067e-02   4.8194271e-01
   1.8546598e-02   4.8443337e-01
   1.8691293e-02   4.8567870e-01
   1.8708241e-02   4.8692403e-01
   1.8712079e-02   4.8816936e-01
   1.8737067e-02   4.8941469e-01
   1.8742558e-02   4.9315068e-01
   1.8939451e-02   4.9564134e-01
   1.8975828e-02   4.9688667e-01
   1.8977053e-02   4.9813200e-01
   1.9045123e-02   4.9937733e-01
   1.9096810e-02   5.0062267e-01
   1.9245909e-02   5.0186800e-01
   1.9258475e-02   5.0435866e-01
   1.9263784e-02   5.0560399e-01
   1.9282123e-02   5.0809465e-01
   1.9342515e-02   5.0933998e-01
   1.9362801e-02   5.1058531e-01
   1.9555010e-02   5.1307597e-01
   1.9629733e-02   5.1432130e-01
   1.9647526e-02   5.1556663e-01
   1.9781690e-02   5.1681196e-01
   1.9802353e-02   5.1805729e-01
   1.9820126e-02   5.1930262e-01
   1.9822250e-02   5.2054795e-01
   1.9826429e-02   5.2179328e-01
   1.9894274e-02   5.2303861e-01
   2.0018957e-02   5.2428394e-01
   2.0045314e-02   5.2552927e-01
   2.0084399e-02   5.2677460e-01
   2.0089462e-02   5.2801993e-01
   2.0120355e-02   5.2926526e-01
   2.0146699e-02   5.3051059e-01
   2.0149730e-02   5.3175592e-01
   2.0161858e-02   5.3300125e-01
   2.0178497e-02   5.3424658e-01
   2.0198223e-02   5.3673724e-01
   2.0218745e-02   5.3798257e-01
   2.0363891e-02   5.3922790e-01
   2.0384953e-02   5.4047323e-01
   2.0404129e-02   5.4171856e-01
   2.0504827e-02   5.4296389e-01
   2.0524522e-02   5.4420922e-01
   2.0646713e-02   5.4669988e-01
   2.0700593e-02   5.4919054e-01
   2.0713881e-02   5.5043587e-01
   2.0776467e-02   5.5168120e-01
   2.0885987e-02   5.5292653e-01
   2.0925168e-02   5.5417186e-01
   2.0986846e-02   5.5541719e-01
   2.1025830e-02   5.5666252e-01
   2.1072272e-02   5.5790785e-01
   2.1148130e-02   5.5915318e-01
   2.1167025e-02   5.6039851e-01
   2.1200504e-02   5.6164384e-01
   2.1212224e-02   5.6288917e-01
   2.1334844e-02   5.6413450e-01
   2.1479147e-02   5.6537983e-01
   2.1486257e-02   5.6662516e-01
   2.1536353e-02   5.6787049e-01
   2.1552653e-02   5.6911582e-01
   2.1647106e-02   5.7160648e-01
   2.1758896e-02   5.7285181e-01
   2.1767803e-02   5.7409714e-01
   2.1777929e-02   5.7534247e-01
   2.1797237e-02   5.7658780e-01
   2.1919229e-02   5.7907846e-01
   2.2037141e-02   5.8156912e-01
   2.2106233e-02   5.8281445e-01
   2.2333674e-02   5.8405978e-01
   2.2393387e-02   5.8530511e-01
   2.2416792e-02   5.8655044e-01
   2.2601398e-02   5.8904110e-01
   2.2701478e-02   5.9028643e-01
   2.2715605e-02   5.9153176e-01
   2.2762608e-02   5.9277709e-01
   2.2788944e-02   5.9402242e-01
   2.2826092e-02   5.9526775e-01
   2.2847541e-02   5.9651308e-01
   2.2895441e-02   5.9775841e-01
   2.2937002e-02   5.9900374e-01
   2.3081578e-02   6.0024907e-01
   2.3139686e-02   6.0149440e-01
   2.3180093e-02   6.0273973e-01
   2.3213103e-02   6.0398506e-01
   2.3320746e-02   6.0523039e-01
   2.3357554e-02   6.0647572e-01
   2.3393810e-02   6.0772105e-01
   2.3446623e-02   6.0896638e-01
   2.3564677e-02   6.1021171e-01
   2.3713895e-02   6.1145704e-01
   2.3736019e-02   6.1270237e-01
   2.3817195e-02   6.1394770e-01
   2.3878318e-02   6.1519303e-01
   2.4027429e-02   6.1643836e-01
   2.4080424e-02   6.1768369e-01
   2.4244856e-02   6.1892902e-01
   2.4265675e-02   6.2017435e-01
   2.4276625e-02   6.2141968e-01
   2.4367208e-02   6.2266501e-01
   2.4431697e-02   6.2391034e-01
   2.4464887e-02   6.2515567e-01
   2.4490403e-02   6.2640100e-01
   2.4550262e-02   6.2889166e-01
   2.4686320e-02   6.3013699e-01
   2.4820950e-02   6.3138232e-01
   2.4847178e-02   6.3262765e-01
   2.4972325e-02   6.3387298e-01
   2.5038714e-02   6.3511831e-01
   2.5115810e-02   6.3636364e-01
   2.5148473e-02   6.3760897e-01
   2.5172521e-02   6.3885430e-01
   2.5192243e-02   6.4009963e-01
   2.5195172e-02   6.4134496e-01
   2.5403520e-02   6.4259029e-01
   2.5684935e-02   6.4383562e-01
   2.5865110e-02   6.4508095e-01
   2.5886990e-02   6.4632628e-01
   2.5967228e-02   6.4757161e-01
   2.6007529e-02   6.5006227e-01
   2.6072910e-02   6.5130760e-01
   2.6093225e-02   6.5255293e-01
   2.6110866e-02   6.5379826e-01
   2.6359238e-02   6.5504359e-01
   2.6422511e-02   6.5628892e-01
   2.6602017e-02   6.5753425e-01
   2.6687153e-02   6.5877958e-01
   2.6754672e-02   6.6002491e-01
   2.6957583e-02   6.6127024e-01
   2.7069188e-02   6.6251557e-01
   2.7295025e-02   6.6376090e-01
   2.7343493e-02   6.6500623e-01
   2.7373623e-02   6.6625156e-01
   2.7476659e-02   6.6749689e-01
   2.7616877e-02   6.6874222e-01
   2.7894585e-02   6.6998755e-01
   2.7945061e-02   6.7123288e-01
   2.8124592e-02   6.7247821e-01
   2.8251955e-02   6.7372354e-01
   2.9003507e-02   6.7496887e-01
   2.9171662e-02   6.7621420e-01
   2.9282474e-02   6.7745953e-01
   2.9304236e-02   6.7870486e-01
   2.9404943e-02   6.8119552e-01
   2.9518915e-02   6.8244085e-01
   2.9524643e-02   6.8368618e-01
   2.9747124e-02   6.8493151e-01
   2.9856436e-02   6.8617684e-01
   2.9885936e-02   6.8742217e-01
   3.0152488e-02   6.8866750e-01
   3.0159180e-02   6.8991283e-01
   3.0181097e-02   6.9115816e-01
   3.0686998e-02   6.9240349e-01
   3.0733744e-02   6.9364882e-01
   3.0917509e-02   6.9489415e-01
   3.0960197e-02   6.9613948e-01
   3.1022770e-02   6.9738481e-01
   3.1110096e-02   6.9863014e-01
   3.1220172e-02   6.9987547e-01
   3.1251786e-02   7.0112080e-01
   3.1266937e-02   7.0236613e-01
   3.1354343e-02   7.0361146e-01
   3.1521335e-02   7.0485679e-01
   3.1604109e-02   7.0610212e-01
   3.1828379e-02   7.0734745e-01
   3.1829099e-02   7.0859278e-01
   3.2071851e-02   7.0983811e-01
   3.2169287e-02   7.1108344e-01
   3.2181678e-02   7.1232877e-01
   3.2313641e-02   7.1357410e-01
   3.2474797e-02   7.1481943e-01
   3.2504479e-02   7.1606476e-01
   3.2667652e-02   7.1731009e-01
   3.3080892e-02   7.1855542e-01
   3.3113671e-02   7.1980075e-01
   3.3273340e-02   7.2104608e-01
   3.3517227e-02   7.2229141e-01
   3.3620342e-02   7.2353674e-01
   3.3790657e-02   7.2478207e-01
   3.3874218e-02   7.2602740e-01
   3.3902024e-02   7.2727273e-01
   3.4226556e-02   7.2851806e-01
   3.4235094e-02   7.2976339e-01
   3.4509972e-02   7.3100872e-01
   3.4622587e-02   7.3225405e-01
   3.4672056e-02   7.3349938e-01
   3.4693544e-02   7.3474471e-01
   3.4782472e-02   7.3599004e-01
   3.4931830e-02   7.3723537e-01
   3.4938845e-02   7.3848070e-01
   3.5043776e-02   7.3972603e-01
   3.5607810e-02   7.4097136e-01
   3.5711181e-02   7.4221669e-01
   3.5729967e-02   7.4346202e-01
   3.6122337e-02   7.4470735e-01
   3.6532205e-02   7.4595268e-01
   3.6567418e-02   7.4719801e-01
   3.6772698e-02   7.4844334e-01
   3.7089726e-02   7.4968867e-01
   3.7245693e-02   7.5093400e-01
   3.7396333e-02   7.5217933e-01
   3.7958927e-02   7.5342466e-01
   3.7971957e-02   7.5466999e-01
   3.8306734e-02   7.5591532e-01
   3.8500613e-02   7.5716065e-01
   3.8501824e-02   7.5840598e-01
   3.8778857e-02   7.5965131e-01
   3.8819625e-02   7.6089664e-01
   3.8837715e-02   7.6214197e-01
   3.8863115e-02   7.6338730e-01
   3.9094318e-02   7.6463263e-01
   3.9110019e-02   7.6587796e-01
   3.9186708e-02   7.6836862e-01
   3.9373922e-02   7.6961395e-01
   3.9387210e-02   7.7210461e-01
   3.9665556e-02   7.7334994e-01
   3.9908428e-02   7.7459527e-01
   4.0108568e-02   7.7584060e-01
   4.0169377e-02   7.7708593e-01
   4.0437394e-02   7.7833126e-01
   4.0727783e-02   7.7957659e-01
   4.0748087e-02   7.8082192e-01
   4.0784258e-02   7.8206725e-01
   4.0888568e-02   7.8331258e-01
   4.0979754e-02   7.8455791e-01
   4.0996581e-02   7.8580324e-01
   4.1318651e-02   7.8704857e-01
   4.1331494e-02   7.8829390e-01
   4.1536935e-02   7.8953923e-01
   4.1658027e-02   7.9078456e-01
   4.2016901e-02   7.9202989e-01
   4.2295341e-02   7.9327522e-01
   4.2398106e-02   7.9452055e-01
   4.2407592e-02   7.9576588e-01
   4.2965375e-02   7.9701121e-01
   4.3237030e-02   7.9825654e-01
   4.3585275e-02   7.9950187e-01
   4.3852430e-02   8.0074720e-01
   4.4079447e-02   8.0199253e-01
   4.4201980e-02   8.0323786e-01
   4.4935484e-02   8.0448319e-01
   4.5057305e-02   8.0572852e-01
   4.5112212e-02   8.0697385e-01
   4.5568674e-02   8.0821918e-01
   4.5615827e-02   8.0946451e-01
   4.5830510e-02   8.1070984e-01
   4.5991333e-02   8.1195517e-01
   4.6027569e-02   8.1320050e-01
   4.6327155e-02   8.1444583e-01
   4.6427264e-02   8.1569116e-01
   4.6521225e-02   8.1693649e-01
   4.6725151e-02   8.1818182e-01
   4.7192452e-02   8.1942715e-01
   4.8055049e-02   8.2067248e-01
   4.8293593e-02   8.2191781e-01
   4.8330042e-02   8.2316314e-01
   4.8625119e-02   8.2440847e-01
   4.8820654e-02   8.2565380e-01
   4.8824938e-02   8.2689913e-01
   4.8832166e-02   8.2814446e-01
   4.9097473e-02   8.2938979e-01
   4.9198783e-02   8.3063512e-01
   5.0083007e-02   8.3188045e-01
   5.0322341e-02   8.3312578e-01
   5.0603359e-02   8.3437111e-01
   5.0991814e-02   8.3561644e-01
   5.1105038e-02   8.3686177e-01
   5.1387537e-02   8.3810710e-01
   5.2442954e-02   8.3935243e-01
   5.2574228e-02   8.4059776e-01
   5.3156450e-02   8.4184309e-01
   5.3820354e-02   8.4308842e-01
   5.4047479e-02   8.4433375e-01
   5.4158843e-02   8.4557908e-01
   5.4308461e-02   8.4682441e-01
   5.4475127e-02   8.4806974e-01
   5.4518459e-02   8.4931507e-01
   5.4910695e-02   8.5056040e-01
   5.5076243e-02   8.5180573e-01
   5.5779402e-02   8.5305106e-01
   5.5955285e-02   8.5429639e-01
   5.5983515e-02   8.5554172e-01
   5.6014716e-02   8.5678705e-01
   5.6178905e-02   8.5803238e-01
   5.6633693e-02   8.5927771e-01
   5.6880541e-02   8.6052304e-01
   5.7075480e-02   8.6176837e-01
   5.7123110e-02   8.6301370e-01
   5.7174161e-02   8.6425903e-01
   5.7253514e-02   8.6550436e-01
   5.7653309e-02   8.6674969e-01
   5.8415222e-02   8.6799502e-01
   5.9479269e-02   8.6924035e-01
   5.9493128e-02   8.7048568e-01
   5.9507810e-02   8.7173101e-01
   5.9772449e-02   8.7297634e-01
   5.9985043e-02   8.7422167e-01
   6.0534993e-02   8.7546700e-01
   6.0844417e-02   8.7671233e-01
   6.2274718e-02   8.7795766e-01
   6.2718396e-02   8.7920299e-01
   6.2937551e-02   8.8044832e-01
   6.2954166e-02   8.8169365e-01
   6.3911909e-02   8.8293898e-01
   6.4442949e-02   8.8418431e-01
   6.4571597e-02   8.8542964e-01
   6.4804111e-02   8.8667497e-01
   6.5167848e-02   8.8792030e-01
   6.6720317e-02   8.8916563e-01
   6.6788664e-02   8.9041096e-01
   6.7104686e-02   8.9165629e-01
   6.7268208e-02   8.9290162e-01
   6.7643682e-02   8.9414695e-01
   6.7730230e-02   8.9539228e-01
   6.7803415e-02   8.9663761e-01
   6.8648809e-02   8.9788294e-01
   6.8980048e-02   8.9912827e-01
   6.9494025e-02   9.0037360e-01
   6.9794720e-02   9.0161893e-01
   6.9990673e-02   9.0286426e-01
   7.0097697e-02   9.0410959e-01
   7.0542915e-02   9.0535492e-01
   7.0607424e-02   9.0660025e-01
   7.1133442e-02   9.0784558e-01
   7.1853088e-02   9.0909091e-01
   7.1881500e-02   9.1033624e-01
   7.1991568e-02   9.1158157e-01
   7.2019919e-02   9.1282690e-01
   7.2135167e-02   9.1407223e-01
   7.2171769e-02   9.1531756e-01
   7.2271057e-02   9.1656289e-01
   7.2396966e-02   9.1780822e-01
   7.2879494e-02   9.1905355e-01
   7.3997008e-02   9.2029888e-01
   7.4276137e-02   9.2154421e-01
   7.4442020e-02   9.2278954e-01
   7.4490932e-02   9.2403487e-01
   7.4822663e-02   9.2528020e-01
   7.7033461e-02   9.2652553e-01
   7.7629541e-02   9.2777086e-01
   7.8282823e-02   9.2901619e-01
   7.9394372e-02   9.3026152e-01
   7.9809660e-02   9.3150685e-01
   8.0074368e-02   9.3275218e-01
   8.1329458e-02   9.3399751e-01
   8.1714433e-02   9.3524284e-01
   8.2825355e-02   9.3648817e-01
   8.3445868e-02   9.3773350e-01
   8.4760585e-02   9.3897883e-01
   8.6489367e-02   9.4022416e-01
   8.7791843e-02   9.4146949e-01
   8.7896289e-02   9.4271482e-01
   8.8424382e-02   9.4396015e-01
   8.9204493e-02   9.4520548e-01
   9.0190645e-02   9.4645081e-01
   9.0470565e-02   9.4769614e-01
   9.0995300e-02   9.4894147e-01
   9.1239238e-02   9.5018680e-01
   9.1335196e-02   9.5143213e-01
   9.1900173e-02   9.5267746e-01
   9.3212977e-02   9.5392279e-01
   9.3520899e-02   9.5516812e-01
   9.3996255e-02   9.5641345e-01
   9.4121782e-02   9.5765878e-01
   9.4780042e-02   9.5890411e-01
   9.4829161e-02   9.6014944e-01
   9.6767352e-02   9.6139477e-01
   9.7475261e-02   9.6264010e-01
   9.8612336e-02   9.6388543e-01
   9.9327748e-02   9.6513076e-01
   9.9466937e-02   9.6637609e-01
   1.0198599e-01   9.6762142e-01
   1.0249826e-01   9.6886675e-01
   1.0763228e-01   9.7011208e-01
   1.0949977e-01   9.7135741e-01
   1.1188073e-01   9.7260274e-01
   1.1274473e-01   9.7384807e-01
   1.1390476e-01   9.7509340e-01
   1.1519967e-01   9.7633873e-01
   1.2293467e-01   9.7758406e-01
   1.2750126e-01   9.7882939e-01
   1.2774941e-01   9.8007472e-01
   1.3138573e-01   9.8132005e-01
   1.4054919e-01   9.8256538e-01
   1.4226688e-01   9.8381071e-01
   1.4330586e-01   9.8505604e-01
   1.4673951e-01   9.8630137e-01
   1.4718359e-01   9.8754670e-01
   1.5330593e-01   9.8879203e-01
   1.6214810e-01   9.9003736e-01
   1.6523264e-01   9.9128269e-01
   1.7080356e-01   9.9252802e-01
   1.7824140e-01   9.9377335e-01
   2.1479637e-01   9.9501868e-01
   2.1700289e-01   9.9626401e-01
   2.6268741e-01   9.9750934e-01
   2.7766268e-01   9.9875467e-01
   2.9256410e-01   1.0000000e+00
