   5.1163753e-03   0.0000000e+00
   5.1163753e-03   2.4630542e-03
   5.4874729e-03   4.9261084e-03
   5.7879183e-03   9.8522167e-03
   6.0948201e-03   1.2315271e-02
   6.0994285e-03   1.4778325e-02
   6.3093736e-03   1.7241379e-02
   6.7027827e-03   1.9704433e-02
   6.7169748e-03   2.2167488e-02
   6.7863241e-03   2.7093596e-02
   6.8974794e-03   2.9556650e-02
   6.9091700e-03   3.2019704e-02
   7.0079974e-03   3.4482759e-02
   7.0498956e-03   3.6945813e-02
   7.3044406e-03   3.9408867e-02
   7.3277081e-03   4.1871921e-02
   7.6600999e-03   4.6798030e-02
   7.7506917e-03   4.9261084e-02
   7.8870793e-03   5.1724138e-02
   7.9384414e-03   5.4187192e-02
   8.1149770e-03   5.6650246e-02
   8.2284883e-03   5.9113300e-02
   8.2318167e-03   6.1576355e-02
   8.2709868e-03   6.4039409e-02
   8.3068327e-03   6.6502463e-02
   8.5290463e-03   6.8965517e-02
   8.5497596e-03   7.1428571e-02
   8.6579973e-03   7.3891626e-02
   8.7192492e-03   7.6354680e-02
   8.8394005e-03   7.8817734e-02
   8.8778844e-03   8.1280788e-02
   8.8813298e-03   8.3743842e-02
   9.4466514e-03   8.6206897e-02
   9.4492338e-03   8.8669951e-02
   9.4645283e-03   9.1133005e-02
   9.4829916e-03   9.3596059e-02
   9.5588194e-03   9.6059113e-02
   9.5725084e-03   9.8522167e-02
   9.6911825e-03   1.0344828e-01
   9.7630682e-03   1.0837438e-01
   9.8320663e-03   1.1083744e-01
   9.8374976e-03   1.1330049e-01
   9.9301654e-03   1.1576355e-01
   1.0059673e-02   1.1822660e-01
   1.0155098e-02   1.2068966e-01
   1.0180609e-02   1.2315271e-01
   1.0357379e-02   1.2561576e-01
   1.0369323e-02   1.3054187e-01
   1.0417120e-02   1.3546798e-01
   1.0663068e-02   1.3793103e-01
   1.0670147e-02   1.4039409e-01
   1.0690932e-02   1.4285714e-01
   1.0848964e-02   1.4532020e-01
   1.0992147e-02   1.5517241e-01
   1.1018286e-02   1.5763547e-01
   1.1021063e-02   1.6009852e-01
   1.1050920e-02   1.6256158e-01
   1.1094611e-02   1.6502463e-01
   1.1142906e-02   1.6995074e-01
   1.1267736e-02   1.7241379e-01
   1.1280648e-02   1.7487685e-01
   1.1295167e-02   1.7733990e-01
   1.1576968e-02   1.7980296e-01
   1.1792688e-02   1.8472906e-01
   1.1870329e-02   1.8719212e-01
   1.1879932e-02   1.9211823e-01
   1.1894491e-02   1.9458128e-01
   1.2006014e-02   1.9704433e-01
   1.2213614e-02   2.0197044e-01
   1.2332314e-02   2.0443350e-01
   1.2357744e-02   2.0689655e-01
   1.2507373e-02   2.0935961e-01
   1.2715417e-02   2.1428571e-01
   1.2796342e-02   2.1674877e-01
   1.2823801e-02   2.2413793e-01
   1.2828768e-02   2.2906404e-01
   1.3153681e-02   2.3152709e-01
   1.3183118e-02   2.3399015e-01
   1.3321940e-02   2.3645320e-01
   1.3385364e-02   2.3891626e-01
   1.3573771e-02   2.4384236e-01
   1.3679554e-02   2.4630542e-01
   1.4016555e-02   2.4876847e-01
   1.4100399e-02   2.5123153e-01
   1.4316897e-02   2.5369458e-01
   1.4656001e-02   2.5615764e-01
   1.4710581e-02   2.5862069e-01
   1.4920859e-02   2.6108374e-01
   1.4985441e-02   2.6354680e-01
   1.5266734e-02   2.6600985e-01
   1.5293727e-02   2.6847291e-01
   1.5398928e-02   2.7093596e-01
   1.5536083e-02   2.7339901e-01
   1.5554110e-02   2.7586207e-01
   1.5625120e-02   2.7832512e-01
   1.5661714e-02   2.8078818e-01
   1.5931070e-02   2.8325123e-01
   1.5960517e-02   2.8571429e-01
   1.6149368e-02   2.8817734e-01
   1.6226754e-02   2.9064039e-01
   1.6488201e-02   2.9310345e-01
   1.6541369e-02   2.9802956e-01
   1.6757490e-02   3.0049261e-01
   1.6987680e-02   3.0295567e-01
   1.7074058e-02   3.0541872e-01
   1.7238060e-02   3.0788177e-01
   1.7364886e-02   3.1034483e-01
   1.7667286e-02   3.1527094e-01
   1.7709798e-02   3.1773399e-01
   1.7928894e-02   3.2019704e-01
   1.7950531e-02   3.2266010e-01
   1.7974264e-02   3.2512315e-01
   1.8034698e-02   3.2758621e-01
   1.8177633e-02   3.3004926e-01
   1.8276621e-02   3.3251232e-01
   1.8285589e-02   3.3497537e-01
   1.8288056e-02   3.3743842e-01
   1.8316846e-02   3.3990148e-01
   1.8319855e-02   3.4236453e-01
   1.8401013e-02   3.4482759e-01
   1.8409062e-02   3.4729064e-01
   1.8444057e-02   3.4975369e-01
   1.8582882e-02   3.5221675e-01
   1.8600434e-02   3.5467980e-01
   1.8886047e-02   3.5714286e-01
   1.8900428e-02   3.5960591e-01
   1.8919804e-02   3.6206897e-01
   1.8966473e-02   3.6453202e-01
   1.9096304e-02   3.6699507e-01
   1.9151846e-02   3.6945813e-01
   1.9194806e-02   3.7192118e-01
   1.9242902e-02   3.7438424e-01
   1.9259338e-02   3.7684729e-01
   1.9320503e-02   3.7931034e-01
   1.9400710e-02   3.8177340e-01
   1.9494973e-02   3.8669951e-01
   1.9617721e-02   3.8916256e-01
   1.9804301e-02   3.9162562e-01
   1.9869995e-02   3.9408867e-01
   1.9930568e-02   3.9901478e-01
   2.0108881e-02   4.0394089e-01
   2.0203186e-02   4.0640394e-01
   2.0480657e-02   4.0886700e-01
   2.0505826e-02   4.1133005e-01
   2.0540673e-02   4.1379310e-01
   2.0729244e-02   4.1625616e-01
   2.0738129e-02   4.1871921e-01
   2.0813646e-02   4.2118227e-01
   2.0907534e-02   4.2364532e-01
   2.1024553e-02   4.2857143e-01
   2.1192587e-02   4.3103448e-01
   2.1325601e-02   4.3349754e-01
   2.1339724e-02   4.3842365e-01
   2.1491966e-02   4.4088670e-01
   2.1983709e-02   4.4334975e-01
   2.2083532e-02   4.4581281e-01
   2.2236441e-02   4.4827586e-01
   2.2244116e-02   4.5320197e-01
   2.2249897e-02   4.5566502e-01
   2.2445688e-02   4.5812808e-01
   2.2855174e-02   4.6059113e-01
   2.3042235e-02   4.6305419e-01
   2.3129206e-02   4.6551724e-01
   2.3243518e-02   4.6798030e-01
   2.3464867e-02   4.7044335e-01
   2.3600367e-02   4.7290640e-01
   2.3612707e-02   4.7536946e-01
   2.3709386e-02   4.7783251e-01
   2.3797980e-02   4.8029557e-01
   2.4002270e-02   4.8275862e-01
   2.4170876e-02   4.8522167e-01
   2.4202052e-02   4.8768473e-01
   2.4213067e-02   4.9014778e-01
   2.4417469e-02   4.9261084e-01
   2.4695363e-02   4.9507389e-01
   2.4754905e-02   4.9753695e-01
   2.4808544e-02   5.0000000e-01
   2.4840125e-02   5.0246305e-01
   2.4977954e-02   5.0492611e-01
   2.5012684e-02   5.0738916e-01
   2.5301818e-02   5.0985222e-01
   2.5471552e-02   5.1231527e-01
   2.5587097e-02   5.1477833e-01
   2.5648148e-02   5.1724138e-01
   2.5892910e-02   5.1970443e-01
   2.6296139e-02   5.2216749e-01
   2.6398318e-02   5.2463054e-01
   2.6502591e-02   5.2709360e-01
   2.6642861e-02   5.2955665e-01
   2.6914245e-02   5.3201970e-01
   2.7057288e-02   5.3448276e-01
   2.7414914e-02   5.3694581e-01
   2.8328878e-02   5.3940887e-01
   2.8339425e-02   5.4187192e-01
   2.8361366e-02   5.4433498e-01
   2.8636199e-02   5.4679803e-01
   2.8682820e-02   5.4926108e-01
   2.8701269e-02   5.5172414e-01
   2.9312002e-02   5.5418719e-01
   2.9679036e-02   5.5665025e-01
   2.9720085e-02   5.5911330e-01
   2.9745244e-02   5.6157635e-01
   3.0047965e-02   5.6403941e-01
   3.0151771e-02   5.6650246e-01
   3.0156177e-02   5.6896552e-01
   3.0540704e-02   5.7142857e-01
   3.0587859e-02   5.7389163e-01
   3.0765421e-02   5.7635468e-01
   3.0785930e-02   5.7881773e-01
   3.0818814e-02   5.8128079e-01
   3.0861314e-02   5.8374384e-01
   3.1604971e-02   5.8620690e-01
   3.1857027e-02   5.8866995e-01
   3.1991148e-02   5.9113300e-01
   3.2311411e-02   5.9359606e-01
   3.2828383e-02   5.9605911e-01
   3.3074981e-02   5.9852217e-01
   3.3288875e-02   6.0098522e-01
   3.3677961e-02   6.0344828e-01
   3.3802099e-02   6.0591133e-01
   3.3967179e-02   6.0837438e-01
   3.4209507e-02   6.1083744e-01
   3.4302873e-02   6.1330049e-01
   3.4577692e-02   6.1576355e-01
   3.4686049e-02   6.1822660e-01
   3.4814136e-02   6.2068966e-01
   3.4819460e-02   6.2315271e-01
   3.4894689e-02   6.2561576e-01
   3.4916548e-02   6.2807882e-01
   3.5073231e-02   6.3054187e-01
   3.5149370e-02   6.3300493e-01
   3.5150060e-02   6.3546798e-01
   3.5151346e-02   6.3793103e-01
   3.5743553e-02   6.4039409e-01
   3.6268813e-02   6.4285714e-01
   3.6471048e-02   6.4532020e-01
   3.6583890e-02   6.4778325e-01
   3.6673169e-02   6.5024631e-01
   3.7150768e-02   6.5270936e-01
   3.7844033e-02   6.5517241e-01
   3.8372660e-02   6.5763547e-01
   3.8465768e-02   6.6009852e-01
   3.8471910e-02   6.6256158e-01
   3.8915687e-02   6.6502463e-01
   3.9942575e-02   6.6748768e-01
   4.0529620e-02   6.6995074e-01
   4.0848018e-02   6.7241379e-01
   4.1125121e-02   6.7487685e-01
   4.1812870e-02   6.7733990e-01
   4.2290022e-02   6.7980296e-01
   4.2305457e-02   6.8226601e-01
   4.2545599e-02   6.8472906e-01
   4.3765923e-02   6.8719212e-01
   4.4011507e-02   6.8965517e-01
   4.4074055e-02   6.9211823e-01
   4.4115522e-02   6.9458128e-01
   4.4580344e-02   6.9704433e-01
   4.5672822e-02   6.9950739e-01
   4.5693836e-02   7.0197044e-01
   4.5786142e-02   7.0443350e-01
   4.6025341e-02   7.0689655e-01
   4.6323938e-02   7.0935961e-01
   4.6750377e-02   7.1182266e-01
   4.7225598e-02   7.1428571e-01
   4.9006991e-02   7.1674877e-01
   5.0133651e-02   7.1921182e-01
   5.0389458e-02   7.2167488e-01
   5.0476052e-02   7.2413793e-01
   5.1372395e-02   7.2660099e-01
   5.1696415e-02   7.2906404e-01
   5.2089315e-02   7.3152709e-01
   5.2156337e-02   7.3399015e-01
   5.2423641e-02   7.3645320e-01
   5.2565146e-02   7.3891626e-01
   5.2689409e-02   7.4137931e-01
   5.2761641e-02   7.4384236e-01
   5.2997448e-02   7.4630542e-01
   5.3306757e-02   7.4876847e-01
   5.3456487e-02   7.5123153e-01
   5.3931839e-02   7.5369458e-01
   5.4147179e-02   7.5615764e-01
   5.4248514e-02   7.5862069e-01
   5.4363710e-02   7.6108374e-01
   5.5169669e-02   7.6354680e-01
   5.5473475e-02   7.6600985e-01
   5.5639481e-02   7.6847291e-01
   5.5692793e-02   7.7093596e-01
   5.6181032e-02   7.7339901e-01
   5.6462362e-02   7.7586207e-01
   5.6785811e-02   7.7832512e-01
   5.7941598e-02   7.8078818e-01
   5.8035569e-02   7.8325123e-01
   5.8339824e-02   7.8571429e-01
   5.8756963e-02   7.8817734e-01
   6.0324866e-02   7.9064039e-01
   6.0408784e-02   7.9310345e-01
   6.0472684e-02   7.9556650e-01
   6.0667613e-02   7.9802956e-01
   6.1449704e-02   8.0049261e-01
   6.1854207e-02   8.0295567e-01
   6.1871862e-02   8.0541872e-01
   6.2134640e-02   8.0788177e-01
   6.3486021e-02   8.1034483e-01
   6.4281528e-02   8.1280788e-01
   6.4404621e-02   8.1527094e-01
   6.5105498e-02   8.1773399e-01
   6.5149664e-02   8.2019704e-01
   6.5240726e-02   8.2266010e-01
   6.5571399e-02   8.2512315e-01
   6.6304511e-02   8.2758621e-01
   6.7783912e-02   8.3004926e-01
   6.8536737e-02   8.3251232e-01
   6.8542792e-02   8.3497537e-01
   6.8889272e-02   8.3743842e-01
   6.9512579e-02   8.3990148e-01
   7.0070993e-02   8.4236453e-01
   7.0232181e-02   8.4482759e-01
   7.0640548e-02   8.4729064e-01
   7.1818253e-02   8.4975369e-01
   7.3598134e-02   8.5221675e-01
   7.4330344e-02   8.5467980e-01
   7.6480057e-02   8.5714286e-01
   7.6829740e-02   8.5960591e-01
   7.7024312e-02   8.6206897e-01
   7.7286480e-02   8.6453202e-01
   7.7982901e-02   8.6699507e-01
   7.9248034e-02   8.6945813e-01
   7.9920732e-02   8.7192118e-01
   8.0910663e-02   8.7438424e-01
   8.1375126e-02   8.7684729e-01
   8.2983467e-02   8.7931034e-01
   8.4044638e-02   8.8177340e-01
   8.5567589e-02   8.8423645e-01
   8.6858777e-02   8.8669951e-01
   8.6860250e-02   8.8916256e-01
   8.8326505e-02   8.9162562e-01
   8.8413873e-02   8.9408867e-01
   8.8793299e-02   8.9655172e-01
   8.9151732e-02   8.9901478e-01
   8.9209401e-02   9.0147783e-01
   8.9589401e-02   9.0394089e-01
   8.9756085e-02   9.0640394e-01
   9.1000839e-02   9.0886700e-01
   9.1572792e-02   9.1133005e-01
   9.1795666e-02   9.1379310e-01
   9.2519754e-02   9.1625616e-01
   9.3321227e-02   9.1871921e-01
   9.3483838e-02   9.2118227e-01
   9.3489940e-02   9.2364532e-01
   9.6009203e-02   9.2610837e-01
   9.6620426e-02   9.2857143e-01
   9.6657430e-02   9.3103448e-01
   1.0212344e-01   9.3349754e-01
   1.0318231e-01   9.3596059e-01
   1.0664517e-01   9.3842365e-01
   1.0771319e-01   9.4088670e-01
   1.1444949e-01   9.4334975e-01
   1.1710632e-01   9.4581281e-01
   1.1774593e-01   9.4827586e-01
   1.1797245e-01   9.5073892e-01
   1.2677511e-01   9.5320197e-01
   1.2767983e-01   9.5566502e-01
   1.3461745e-01   9.5812808e-01
   1.3824721e-01   9.6059113e-01
   1.4244376e-01   9.6305419e-01
   1.4514601e-01   9.6551724e-01
   1.4697449e-01   9.6798030e-01
   1.4702873e-01   9.7044335e-01
   1.4801015e-01   9.7290640e-01
   1.4877030e-01   9.7536946e-01
   1.5476136e-01   9.7783251e-01
   1.5783631e-01   9.8029557e-01
   1.7054665e-01   9.8275862e-01
   1.7189137e-01   9.8522167e-01
   1.7837521e-01   9.8768473e-01
   1.8660112e-01   9.9014778e-01
   1.9044067e-01   9.9261084e-01
   1.9857198e-01   9.9507389e-01
   2.5729490e-01   9.9753695e-01
   2.6085899e-01   1.0000000e+00
