   3.1920000e-03   0.0000000e+00
   3.1920000e-03   1.3157895e-02
   8.6192000e-03   2.6315789e-02
   1.2450400e-02   3.9473684e-02
   1.3727200e-02   5.2631579e-02
   1.5004000e-02   6.5789474e-02
   1.5961600e-02   7.8947368e-02
   1.6280800e-02   9.2105263e-02
   1.6600000e-02   1.0526316e-01
   1.7238400e-02   1.1842105e-01
   1.8196000e-02   1.3157895e-01
   2.0112000e-02   1.4473684e-01
   2.2665600e-02   1.5789474e-01
   2.2984800e-02   1.7105263e-01
   2.3623200e-02   1.8421053e-01
   2.4261600e-02   1.9736842e-01
   2.5538400e-02   2.1052632e-01
   2.5857600e-02   2.2368421e-01
   2.6496000e-02   2.3684211e-01
   2.6816000e-02   2.5000000e-01
   2.8412000e-02   2.6315789e-01
   2.8731200e-02   2.7631579e-01
   2.9050400e-02   2.8947368e-01
   3.0965600e-02   3.0263158e-01
   3.1923200e-02   3.1578947e-01
   3.2561600e-02   3.2894737e-01
   3.3839200e-02   3.4210526e-01
   3.4796800e-02   3.5526316e-01
   3.5116000e-02   3.6842105e-01
   3.7031200e-02   3.8157895e-01
   3.7669600e-02   3.9473684e-01
   3.8627200e-02   4.0789474e-01
   3.9265600e-02   4.2105263e-01
   3.9904000e-02   4.3421053e-01
   4.1181600e-02   4.6052632e-01
   4.3096800e-02   4.7368421e-01
   4.5012000e-02   4.8684211e-01
   4.6288800e-02   5.0000000e-01
   4.6927200e-02   5.2631579e-01
   4.7565600e-02   5.5263158e-01
   4.9162400e-02   5.6578947e-01
   5.0439200e-02   5.7894737e-01
   5.2035200e-02   5.9210526e-01
   5.2354400e-02   6.0526316e-01
   5.3950400e-02   6.1842105e-01
   5.4269600e-02   6.4473684e-01
   5.5546400e-02   6.5789474e-01
   5.8100800e-02   6.7105263e-01
   6.0654400e-02   6.8421053e-01
   6.0973600e-02   7.1052632e-01
   6.2569600e-02   7.3684211e-01
   6.3847200e-02   7.5000000e-01
   6.7677600e-02   7.6315789e-01
   6.9273600e-02   7.7631579e-01
   6.9912000e-02   7.8947368e-01
   7.2466400e-02   8.0263158e-01
   7.3743200e-02   8.1578947e-01
   8.2043200e-02   8.2894737e-01
   8.3000800e-02   8.4210526e-01
   9.0343200e-02   8.5526316e-01
   9.0981600e-02   8.6842105e-01
   9.4493600e-02   8.8157895e-01
   9.7685600e-02   8.9473684e-01
   1.0758160e-01   9.0789474e-01
   1.1141280e-01   9.2105263e-01
   1.1492400e-01   9.3421053e-01
   1.1715920e-01   9.4736842e-01
   1.2258560e-01   9.6052632e-01
   1.2386240e-01   9.7368421e-01
   1.3248240e-01   9.8684211e-01
   1.5610560e-01   1.0000000e+00
