   2.7432000e-03   0.0000000e+00
   2.7432000e-03   6.6666667e-03
   3.6568000e-03   2.0000000e-02
   4.1144000e-03   3.3333333e-02
   4.5712000e-03   6.0000000e-02
   5.0288000e-03   9.3333333e-02
   5.4856000e-03   1.1333333e-01
   5.9432000e-03   1.5333333e-01
   6.4000000e-03   1.8666667e-01
   6.8568000e-03   2.5333333e-01
   7.3144000e-03   2.8666667e-01
   7.7712000e-03   2.9333333e-01
   8.2288000e-03   3.3333333e-01
   8.6856000e-03   3.8666667e-01
   9.1432000e-03   4.2666667e-01
   9.6000000e-03   4.6666667e-01
   1.0056800e-02   5.1333333e-01
   1.0514400e-02   5.2666667e-01
   1.0971200e-02   5.6000000e-01
   1.1428800e-02   6.0000000e-01
   1.1885600e-02   6.2000000e-01
   1.2343200e-02   6.5333333e-01
   1.2800000e-02   6.6000000e-01
   1.3256800e-02   6.8666667e-01
   1.3714400e-02   7.1333333e-01
   1.4628800e-02   7.3333333e-01
   1.5085600e-02   7.6666667e-01
   1.5543200e-02   7.9333333e-01
   1.6000000e-02   8.2000000e-01
   1.6456800e-02   8.2666667e-01
   1.6914400e-02   8.3333333e-01
   1.7371200e-02   8.4666667e-01
   1.8743200e-02   8.6000000e-01
   2.0114400e-02   8.6666667e-01
   2.0571200e-02   8.7333333e-01
   2.1485600e-02   8.9333333e-01
   2.1943200e-02   9.0000000e-01
   2.5600000e-02   9.0666667e-01
   2.6971200e-02   9.1333333e-01
   2.7885600e-02   9.2000000e-01
   3.2000000e-02   9.2666667e-01
   3.5656800e-02   9.4000000e-01
   3.6571200e-02   9.4666667e-01
   3.7943200e-02   9.6000000e-01
   4.6171200e-02   9.6666667e-01
   4.9371200e-02   9.7333333e-01
   5.7600000e-02   9.8000000e-01
   6.9485600e-02   9.8666667e-01
   7.4971200e-02   9.9333333e-01
   1.0148560e-01   1.0000000e+00
