   2.3256000e-03   0.0000000e+00
   2.3256000e-03   1.9193858e-03
   3.1008000e-03   5.7581574e-03
   3.4880000e-03   1.1516315e-02
   3.8760000e-03   1.3435701e-02
   4.2632000e-03   2.4952015e-02
   4.6512000e-03   3.4548944e-02
   5.0384000e-03   4.9904031e-02
   5.4264000e-03   5.5662188e-02
   5.8136000e-03   6.3339731e-02
   6.2016000e-03   9.9808061e-02
   6.5888000e-03   1.1324376e-01
   6.9768000e-03   1.4779271e-01
   7.3640000e-03   1.6506718e-01
   7.7520000e-03   1.7850288e-01
   8.1392000e-03   1.9961612e-01
   8.5272000e-03   2.0921305e-01
   8.9144000e-03   2.3416507e-01
   9.3024000e-03   2.5143954e-01
   9.6896000e-03   2.6679463e-01
   1.0077600e-02   2.9174664e-01
   1.0464800e-02   3.1285988e-01
   1.0852800e-02   3.2245681e-01
   1.1240000e-02   3.4357006e-01
   1.1628000e-02   3.4932821e-01
   1.2015200e-02   3.5508637e-01
   1.2403200e-02   3.7428023e-01
   1.2790400e-02   3.9155470e-01
   1.3178400e-02   4.0690979e-01
   1.3565600e-02   4.3570058e-01
   1.3953600e-02   4.4145873e-01
   1.4340800e-02   4.6257198e-01
   1.4728800e-02   4.7984645e-01
   1.5116000e-02   5.0671785e-01
   1.5504000e-02   5.1823417e-01
   1.5891200e-02   5.3166987e-01
   1.6279200e-02   5.5086372e-01
   1.6666400e-02   5.6429942e-01
   1.7054400e-02   5.7389635e-01
   1.7441600e-02   5.9309021e-01
   1.7829600e-02   5.9692898e-01
   1.8216800e-02   6.0268714e-01
   1.8604800e-02   6.1036468e-01
   1.8992000e-02   6.1612284e-01
   1.9380000e-02   6.2763916e-01
   1.9767200e-02   6.3147793e-01
   2.0155200e-02   6.5067179e-01
   2.0542400e-02   6.5642994e-01
   2.0930400e-02   6.6218810e-01
   2.1317600e-02   6.7562380e-01
   2.1705600e-02   6.7946257e-01
   2.2092800e-02   6.8714012e-01
   2.2480800e-02   6.9673704e-01
   2.2868000e-02   7.0249520e-01
   2.3256000e-02   7.0825336e-01
   2.3643200e-02   7.1785029e-01
   2.4031200e-02   7.2168906e-01
   2.4418400e-02   7.2552783e-01
   2.4806400e-02   7.2936660e-01
   2.5193600e-02   7.3320537e-01
   2.5581600e-02   7.4088292e-01
   2.6356800e-02   7.4280230e-01
   2.7519200e-02   7.4856046e-01
   2.7907200e-02   7.5623800e-01
   2.8294400e-02   7.6007678e-01
   2.8682400e-02   7.7159309e-01
   2.9069600e-02   7.7351248e-01
   2.9457600e-02   7.7735125e-01
   2.9844800e-02   7.8886756e-01
   3.0620000e-02   7.9462572e-01
   3.1008000e-02   7.9654511e-01
   3.1395200e-02   7.9846449e-01
   3.1783200e-02   8.0422265e-01
   3.2170400e-02   8.0614203e-01
   3.2945600e-02   8.0806142e-01
   3.3333600e-02   8.1190019e-01
   3.3720800e-02   8.1381958e-01
   3.4108800e-02   8.1573896e-01
   3.4496000e-02   8.2149712e-01
   3.4884000e-02   8.2725528e-01
   3.5271200e-02   8.3493282e-01
   3.5659200e-02   8.4069098e-01
   3.6046400e-02   8.4452975e-01
   3.6434400e-02   8.5220729e-01
   3.6821600e-02   8.5988484e-01
   3.7209600e-02   8.6372361e-01
   3.7596800e-02   8.6756238e-01
   3.8372000e-02   8.6948177e-01
   3.8760000e-02   8.7907869e-01
   3.9535200e-02   8.8291747e-01
   3.9922400e-02   8.8483685e-01
   4.0310400e-02   8.8675624e-01
   4.1085600e-02   8.9059501e-01
   4.1860800e-02   8.9251440e-01
   4.2248000e-02   8.9635317e-01
   4.3023200e-02   8.9827255e-01
   4.3798400e-02   9.0019194e-01
   4.6124000e-02   9.0403071e-01
   4.6511200e-02   9.0786948e-01
   4.7674400e-02   9.1170825e-01
   4.8061600e-02   9.1362764e-01
   4.8449600e-02   9.1554702e-01
   4.8836800e-02   9.1938580e-01
   4.9612800e-02   9.2130518e-01
   5.0000000e-02   9.2322457e-01
   5.0387200e-02   9.2514395e-01
   5.0775200e-02   9.2898273e-01
   5.1162400e-02   9.3090211e-01
   5.2325600e-02   9.3282150e-01
   5.2713600e-02   9.3474088e-01
   5.4264000e-02   9.3666027e-01
   5.5426400e-02   9.3857965e-01
   5.6976800e-02   9.4241843e-01
   5.7364000e-02   9.4433781e-01
   5.8139200e-02   9.4625720e-01
   6.0464800e-02   9.5009597e-01
   6.1240000e-02   9.5201536e-01
   6.1628000e-02   9.5393474e-01
   6.2403200e-02   9.5777351e-01
   6.2790400e-02   9.5969290e-01
   6.7054400e-02   9.6161228e-01
   6.8604800e-02   9.6353167e-01
   7.1317600e-02   9.6545106e-01
   7.2480800e-02   9.6737044e-01
   7.7132000e-02   9.6928983e-01
   7.8682400e-02   9.7120921e-01
   7.9844800e-02   9.7312860e-01
   8.2170400e-02   9.7504798e-01
   8.3333600e-02   9.7696737e-01
   8.7596800e-02   9.7888676e-01
   9.1860800e-02   9.8080614e-01
   9.4961600e-02   9.8272553e-01
   9.7287200e-02   9.8464491e-01
   1.0000000e-01   9.8656430e-01
   1.0232560e-01   9.8848369e-01
   1.0271280e-01   9.9040307e-01
   1.1317840e-01   9.9232246e-01
   1.1589120e-01   9.9424184e-01
   1.3255840e-01   9.9616123e-01
   1.4302320e-01   9.9808061e-01
   1.5000000e-01   1.0000000e+00
