   3.6888000e-03   0.0000000e+00
   3.6888000e-03   4.1493776e-03
   5.3280000e-03   8.2987552e-03
   6.1472000e-03   2.0746888e-02
   6.5576000e-03   2.9045643e-02
   6.9672000e-03   3.3195021e-02
   7.3768000e-03   4.1493776e-02
   7.7872000e-03   4.5643154e-02
   8.1968000e-03   4.9792531e-02
   8.6064000e-03   5.3941909e-02
   9.0160000e-03   6.2240664e-02
   9.4264000e-03   6.6390041e-02
   9.8360000e-03   7.4688797e-02
   1.0245600e-02   8.7136929e-02
   1.0656000e-02   1.1203320e-01
   1.1065600e-02   1.1618257e-01
   1.1475200e-02   1.2863071e-01
   1.1885600e-02   1.4937759e-01
   1.2295200e-02   1.5767635e-01
   1.2704800e-02   1.7012448e-01
   1.3114400e-02   1.9502075e-01
   1.3524800e-02   2.0746888e-01
   1.3934400e-02   2.1991701e-01
   1.4344000e-02   2.4066390e-01
   1.4754400e-02   2.5311203e-01
   1.5164000e-02   2.6141079e-01
   1.5573600e-02   2.7800830e-01
   1.5984000e-02   2.8630705e-01
   1.6393600e-02   3.0290456e-01
   1.6803200e-02   3.2780083e-01
   1.7212800e-02   3.4024896e-01
   1.7623200e-02   3.4854772e-01
   1.8032800e-02   3.6099585e-01
   1.8442400e-02   3.7344398e-01
   1.8852800e-02   3.8174274e-01
   1.9262400e-02   4.0248963e-01
   1.9672000e-02   4.1493776e-01
   2.0081600e-02   4.3568465e-01
   2.0492000e-02   4.4398340e-01
   2.0901600e-02   4.4813278e-01
   2.1311200e-02   4.6473029e-01
   2.1721600e-02   4.7302905e-01
   2.2131200e-02   4.8547718e-01
   2.2540800e-02   5.0207469e-01
   2.2950400e-02   5.2282158e-01
   2.3360800e-02   5.3112033e-01
   2.3770400e-02   5.4771784e-01
   2.4180000e-02   5.5186722e-01
   2.4590400e-02   5.6016598e-01
   2.5000000e-02   5.7676349e-01
   2.5409600e-02   5.8091286e-01
   2.5820000e-02   5.8506224e-01
   2.6229600e-02   5.8921162e-01
   2.7049600e-02   5.9336100e-01
   2.7459200e-02   6.1410788e-01
   2.7868800e-02   6.1825726e-01
   2.8278400e-02   6.2655602e-01
   2.8688800e-02   6.4315353e-01
   2.9098400e-02   6.4730290e-01
   2.9508000e-02   6.5560166e-01
   2.9918400e-02   6.6804979e-01
   3.0737600e-02   6.7634855e-01
   3.1557600e-02   6.8464730e-01
   3.1967200e-02   7.0124481e-01
   3.2376800e-02   7.1369295e-01
   3.2787200e-02   7.2199170e-01
   3.3196800e-02   7.3029046e-01
   3.3606400e-02   7.4273859e-01
   3.4016800e-02   7.5103734e-01
   3.4836000e-02   7.5933610e-01
   3.5245600e-02   7.7178423e-01
   3.5656000e-02   7.8838174e-01
   3.6065600e-02   8.0082988e-01
   3.6475200e-02   8.1327801e-01
   3.6885600e-02   8.2157676e-01
   3.8114400e-02   8.2987552e-01
   3.8934400e-02   8.3817427e-01
   3.9344000e-02   8.4647303e-01
   3.9754400e-02   8.5892116e-01
   4.0573600e-02   8.7136929e-01
   4.0983200e-02   8.7551867e-01
   4.2623200e-02   8.8381743e-01
   4.3032800e-02   8.9211618e-01
   4.5081600e-02   9.0456432e-01
   4.6311200e-02   9.0871369e-01
   4.6721600e-02   9.1286307e-01
   4.7131200e-02   9.1701245e-01
   4.7540800e-02   9.2116183e-01
   4.8770400e-02   9.2946058e-01
   4.9180000e-02   9.3360996e-01
   5.2459200e-02   9.3775934e-01
   5.4098400e-02   9.4190871e-01
   5.4918400e-02   9.5020747e-01
   5.7376800e-02   9.5435685e-01
   6.0245600e-02   9.5850622e-01
   6.2704800e-02   9.6265560e-01
   6.5164000e-02   9.6680498e-01
   7.0901600e-02   9.7095436e-01
   7.2540800e-02   9.7510373e-01
   7.5409600e-02   9.7925311e-01
   7.6639200e-02   9.8340249e-01
   8.1967200e-02   9.8755187e-01
   9.3032800e-02   9.9170124e-01
   9.9590400e-02   9.9585062e-01
   1.2295120e-01   1.0000000e+00
