   7.1827979e-03   0.0000000e+00
   7.1827979e-03   1.3888889e-02
   7.7148873e-03   2.7777778e-02
   8.1040495e-03   4.1666667e-02
   9.0530829e-03   5.5555556e-02
   9.0604530e-03   8.3333333e-02
   9.4704952e-03   9.7222222e-02
   9.6236427e-03   1.1111111e-01
   1.0399253e-02   1.2500000e-01
   1.0429871e-02   1.3888889e-01
   1.0449225e-02   1.5277778e-01
   1.0470340e-02   1.6666667e-01
   1.0911861e-02   1.8055556e-01
   1.1309072e-02   1.9444444e-01
   1.1939834e-02   2.0833333e-01
   1.2210836e-02   2.2222222e-01
   1.2228937e-02   2.3611111e-01
   1.2638325e-02   2.5000000e-01
   1.2792892e-02   2.6388889e-01
   1.3172165e-02   2.7777778e-01
   1.3347120e-02   2.9166667e-01
   1.5525720e-02   3.0555556e-01
   1.6427672e-02   3.1944444e-01
   1.6553764e-02   3.3333333e-01
   1.6770013e-02   3.4722222e-01
   1.7057430e-02   3.6111111e-01
   1.7562839e-02   3.7500000e-01
   1.7606716e-02   3.8888889e-01
   1.9201232e-02   4.0277778e-01
   1.9450755e-02   4.1666667e-01
   2.0218264e-02   4.3055556e-01
   2.0631765e-02   4.4444444e-01
   2.1068034e-02   4.5833333e-01
   2.1668949e-02   4.7222222e-01
   2.2681557e-02   4.8611111e-01
   2.3409631e-02   5.0000000e-01
   2.3416505e-02   5.1388889e-01
   2.3467644e-02   5.4166667e-01
   2.3746673e-02   5.5555556e-01
   2.3947165e-02   5.6944444e-01
   2.4252290e-02   5.8333333e-01
   2.5402888e-02   5.9722222e-01
   2.6938916e-02   6.1111111e-01
   2.7988717e-02   6.2500000e-01
   2.9012298e-02   6.3888889e-01
   3.0040028e-02   6.5277778e-01
   3.0069573e-02   6.6666667e-01
   3.9777753e-02   6.8055556e-01
   4.3456511e-02   6.9444444e-01
   4.7136915e-02   7.0833333e-01
   5.5613740e-02   7.2222222e-01
   5.6547180e-02   7.3611111e-01
   6.8884630e-02   7.5000000e-01
   6.9195804e-02   7.6388889e-01
   8.2408648e-02   7.7777778e-01
   9.4641283e-02   7.9166667e-01
   9.8189879e-02   8.0555556e-01
   1.0818208e-01   8.1944444e-01
   1.1357594e-01   8.3333333e-01
   1.1762905e-01   8.4722222e-01
   1.2983805e-01   8.6111111e-01
   1.4646479e-01   8.7500000e-01
   1.7449527e-01   8.8888889e-01
   1.7895754e-01   9.0277778e-01
   1.9247324e-01   9.1666667e-01
   1.9504237e-01   9.3055556e-01
   2.2723531e-01   9.4444444e-01
   2.3336515e-01   9.5833333e-01
   2.3897775e-01   9.7222222e-01
   2.4340589e-01   9.8611111e-01
   3.8624196e-01   1.0000000e+00
