   8.6864000e-03   0.0000000e+00
   8.6864000e-03   1.8518519e-02
   1.0755200e-02   3.7037037e-02
   1.2409600e-02   7.4074074e-02
   1.4891200e-02   9.2592593e-02
   1.5718400e-02   1.1111111e-01
   1.6132000e-02   1.2962963e-01
   1.8614400e-02   1.4814815e-01
   1.9028000e-02   1.6666667e-01
   1.9441600e-02   1.8518519e-01
   2.1509600e-02   2.2222222e-01
   2.4405600e-02   2.4074074e-01
   2.4819200e-02   2.5925926e-01
   2.5232800e-02   2.7777778e-01
   2.6887200e-02   2.9629630e-01
   2.7714400e-02   3.1481481e-01
   2.8128000e-02   3.3333333e-01
   2.9369600e-02   3.5185185e-01
   3.0610400e-02   3.7037037e-01
   3.1851200e-02   3.8888889e-01
   3.2678400e-02   4.0740741e-01
   3.4332800e-02   4.2592593e-01
   3.4746400e-02   4.4444444e-01
   3.5573600e-02   4.6296296e-01
   3.7228800e-02   4.8148148e-01
   3.7642400e-02   5.0000000e-01
   3.8883200e-02   5.1851852e-01
   4.3433600e-02   5.3703704e-01
   4.5915200e-02   5.5555556e-01
   4.7156000e-02   5.9259259e-01
   4.8810400e-02   6.1111111e-01
   4.9638400e-02   6.2962963e-01
   5.0052000e-02   6.4814815e-01
   5.0879200e-02   6.6666667e-01
   5.2120000e-02   6.8518519e-01
   5.9152000e-02   7.0370370e-01
   6.1633600e-02   7.2222222e-01
   6.9907200e-02   7.4074074e-01
   7.1975200e-02   7.5925926e-01
   7.4456800e-02   7.7777778e-01
   7.9007200e-02   7.9629630e-01
   9.2244000e-02   8.1481481e-01
   9.4312000e-02   8.3333333e-01
   9.9689600e-02   8.5185185e-01
   1.0175840e-01   8.7037037e-01
   1.1127200e-01   8.8888889e-01
   1.5760080e-01   9.0740741e-01
   1.6256480e-01   9.2592593e-01
   1.7001040e-01   9.6296296e-01
   2.1261600e-01   9.8148148e-01
   2.2750800e-01   1.0000000e+00
