   2.6200000e-03   0.0000000e+00
   2.6200000e-03   2.1881838e-03
   3.4936000e-03   8.7527352e-03
   3.9304000e-03   1.3129103e-02
   4.3672000e-03   1.5317287e-02
   4.8032000e-03   1.9693654e-02
   5.2400000e-03   3.0634573e-02
   5.6768000e-03   3.9387309e-02
   6.1136000e-03   5.0328228e-02
   6.5504000e-03   5.9080963e-02
   6.9872000e-03   7.6586433e-02
   7.4232000e-03   1.0065646e-01
   7.8600000e-03   1.1159737e-01
   8.2968000e-03   1.2472648e-01
   8.7336000e-03   1.6192560e-01
   9.1704000e-03   1.7286652e-01
   9.6072000e-03   1.7724289e-01
   1.0044000e-02   2.1225383e-01
   1.0480000e-02   2.2538293e-01
   1.0916800e-02   2.3632385e-01
   1.1353600e-02   2.5382932e-01
   1.1790400e-02   2.6039387e-01
   1.2227200e-02   2.7133479e-01
   1.2664000e-02   2.8008753e-01
   1.3100800e-02   2.9978118e-01
   1.3536800e-02   3.1072210e-01
   1.3973600e-02   3.2166302e-01
   1.4410400e-02   3.4135667e-01
   1.4847200e-02   3.5448578e-01
   1.5284000e-02   3.6980306e-01
   1.5720800e-02   3.8512035e-01
   1.6156800e-02   4.0262582e-01
   1.6593600e-02   4.1794311e-01
   1.7030400e-02   4.2669584e-01
   1.7467200e-02   4.3544858e-01
   1.7904000e-02   4.5076586e-01
   1.8340800e-02   4.6170678e-01
   1.8777600e-02   4.7483589e-01
   1.9214400e-02   4.8577681e-01
   1.9650400e-02   5.0109409e-01
   2.0087200e-02   5.2516411e-01
   2.0524000e-02   5.4923414e-01
   2.0960800e-02   5.6236324e-01
   2.1397600e-02   5.7549234e-01
   2.1834400e-02   6.0175055e-01
   2.2270400e-02   6.0831510e-01
   2.2707200e-02   6.1706783e-01
   2.3144000e-02   6.3019694e-01
   2.3580800e-02   6.3894967e-01
   2.4017600e-02   6.4332604e-01
   2.4454400e-02   6.5426696e-01
   2.4890400e-02   6.6520788e-01
   2.5327200e-02   6.7177243e-01
   2.5764000e-02   6.7396061e-01
   2.6200800e-02   6.9146608e-01
   2.6637600e-02   6.9803063e-01
   2.7074400e-02   7.0678337e-01
   2.7511200e-02   7.2428884e-01
   2.7948000e-02   7.2647702e-01
   2.8384000e-02   7.3304158e-01
   2.8820800e-02   7.4835886e-01
   2.9257600e-02   7.5273523e-01
   2.9694400e-02   7.5711160e-01
   3.0131200e-02   7.6805252e-01
   3.0568000e-02   7.7461707e-01
   3.1004000e-02   7.7680525e-01
   3.1440800e-02   7.8336980e-01
   3.1877600e-02   7.9868709e-01
   3.2314400e-02   8.0306346e-01
   3.2751200e-02   8.0962801e-01
   3.3188000e-02   8.1400438e-01
   3.3624800e-02   8.2275711e-01
   3.4497600e-02   8.2713348e-01
   3.4934400e-02   8.4026258e-01
   3.5371200e-02   8.4245077e-01
   3.6244800e-02   8.4682713e-01
   3.6681600e-02   8.4901532e-01
   3.7554400e-02   8.5120350e-01
   3.7991200e-02   8.5339168e-01
   3.8428000e-02   8.6433260e-01
   3.8864800e-02   8.7089716e-01
   3.9301600e-02   8.7308534e-01
   3.9738400e-02   8.8402626e-01
   4.0174400e-02   8.8840263e-01
   4.0611200e-02   8.9277899e-01
   4.1048000e-02   8.9934354e-01
   4.1921600e-02   9.0590810e-01
   4.2358400e-02   9.0809628e-01
   4.2794400e-02   9.1247265e-01
   4.3231200e-02   9.1903720e-01
   4.4104800e-02   9.2341357e-01
   4.4541600e-02   9.2560175e-01
   4.5415200e-02   9.2778993e-01
   4.5851200e-02   9.2997812e-01
   4.6288000e-02   9.3435449e-01
   4.7161600e-02   9.3654267e-01
   4.8035200e-02   9.3873085e-01
   4.8471200e-02   9.4091904e-01
   4.9344800e-02   9.4310722e-01
   5.0655200e-02   9.4967177e-01
   5.1528000e-02   9.5185996e-01
   5.2401600e-02   9.5404814e-01
   5.3712000e-02   9.6498906e-01
   5.5021600e-02   9.6717724e-01
   5.6332000e-02   9.7374179e-01
   5.9825600e-02   9.7811816e-01
   6.0698400e-02   9.8030635e-01
   6.1572000e-02   9.8249453e-01
   6.2008800e-02   9.8468271e-01
   6.2882400e-02   9.8687090e-01
   6.3755200e-02   9.8905908e-01
   6.5065600e-02   9.9343545e-01
   6.9868800e-02   9.9562363e-01
   7.4672800e-02   9.9781182e-01
   8.2532800e-02   1.0000000e+00
