   3.6408000e-03   0.0000000e+00
   3.6408000e-03   8.0000000e-03
   4.6816000e-03   2.4000000e-02
   5.2016000e-03   3.2000000e-02
   5.7216000e-03   4.8000000e-02
   6.2416000e-03   8.0000000e-02
   6.7624000e-03   1.1200000e-01
   7.2824000e-03   1.3600000e-01
   7.8024000e-03   1.5200000e-01
   8.3224000e-03   1.6800000e-01
   8.8424000e-03   1.7600000e-01
   9.3632000e-03   1.9200000e-01
   9.8832000e-03   2.3200000e-01
   1.0403200e-02   2.4000000e-01
   1.0923200e-02   2.5600000e-01
   1.1443200e-02   2.6400000e-01
   1.1964000e-02   2.8000000e-01
   1.2484000e-02   2.9600000e-01
   1.3004000e-02   3.2000000e-01
   1.3524000e-02   3.4400000e-01
   1.4044000e-02   3.5200000e-01
   1.4564000e-02   3.6800000e-01
   1.5084800e-02   3.7600000e-01
   1.6124800e-02   3.9200000e-01
   1.6644800e-02   4.0800000e-01
   1.7164800e-02   4.1600000e-01
   1.8725600e-02   4.2400000e-01
   1.9765600e-02   4.4000000e-01
   2.1326400e-02   4.7200000e-01
   2.1846400e-02   4.8000000e-01
   2.2366400e-02   4.8800000e-01
   2.2887200e-02   4.9600000e-01
   2.3927200e-02   5.0400000e-01
   2.4447200e-02   5.1200000e-01
   2.5488000e-02   5.2800000e-01
   2.6008000e-02   5.5200000e-01
   2.7048000e-02   5.6000000e-01
   2.7568000e-02   5.6800000e-01
   2.8088800e-02   5.7600000e-01
   2.8608800e-02   5.8400000e-01
   3.1209600e-02   5.9200000e-01
   3.1729600e-02   6.0000000e-01
   3.2249600e-02   6.0800000e-01
   3.2769600e-02   6.2400000e-01
   3.4330400e-02   6.3200000e-01
   3.4850400e-02   6.4000000e-01
   3.6411200e-02   6.5600000e-01
   3.8491200e-02   6.6400000e-01
   3.9012000e-02   6.7200000e-01
   4.1092000e-02   6.8000000e-01
   4.3172800e-02   6.9600000e-01
   4.3692800e-02   7.0400000e-01
   4.5253600e-02   7.2000000e-01
   4.6293600e-02   7.2800000e-01
   4.6814400e-02   7.3600000e-01
   4.8894400e-02   7.5200000e-01
   4.9935200e-02   7.6000000e-01
   5.0455200e-02   7.7600000e-01
   5.2015200e-02   7.8400000e-01
   5.3056000e-02   8.0800000e-01
   5.3576000e-02   8.1600000e-01
   5.5136800e-02   8.2400000e-01
   5.5656800e-02   8.3200000e-01
   5.6176800e-02   8.4000000e-01
   5.7737600e-02   8.4800000e-01
   5.8257600e-02   8.5600000e-01
   5.8777600e-02   8.7200000e-01
   6.1378400e-02   8.8000000e-01
   6.5019200e-02   8.8800000e-01
   6.5540000e-02   8.9600000e-01
   6.6060000e-02   9.0400000e-01
   6.6580000e-02   9.1200000e-01
   7.0220800e-02   9.2000000e-01
   7.2301600e-02   9.3600000e-01
   7.2821600e-02   9.4400000e-01
   8.5305600e-02   9.5200000e-01
   8.8946400e-02   9.6000000e-01
   8.9467200e-02   9.6800000e-01
   9.0507200e-02   9.7600000e-01
   9.4668800e-02   9.8400000e-01
   1.3055920e-01   9.9200000e-01
   2.8348480e-01   1.0000000e+00
