   4.2664000e-03   0.0000000e+00
   4.2664000e-03   2.3640662e-03
   4.8000000e-03   7.0921986e-03
   5.3336000e-03   9.4562648e-03
   5.8664000e-03   1.8912530e-02
   6.4000000e-03   2.1276596e-02
   6.9336000e-03   3.3096927e-02
   7.4664000e-03   5.6737589e-02
   8.0000000e-03   6.8557920e-02
   8.5336000e-03   7.3286052e-02
   9.0664000e-03   9.2198582e-02
   9.6000000e-03   1.0638298e-01
   1.0133600e-02   1.1820331e-01
   1.0666400e-02   1.3002364e-01
   1.1200000e-02   1.4657210e-01
   1.1733600e-02   1.5366430e-01
   1.2266400e-02   1.6548463e-01
   1.2800000e-02   1.7257683e-01
   1.3333600e-02   1.8203310e-01
   1.3866400e-02   2.0094563e-01
   1.4400000e-02   2.1749409e-01
   1.4933600e-02   2.2458629e-01
   1.5466400e-02   2.3404255e-01
   1.6000000e-02   2.4349882e-01
   1.6533600e-02   2.5059102e-01
   1.7066400e-02   2.5768322e-01
   1.7600000e-02   2.7895981e-01
   1.8133600e-02   2.9078014e-01
   1.8666400e-02   3.0496454e-01
   1.9200000e-02   3.2387707e-01
   1.9733600e-02   3.3806147e-01
   2.0266400e-02   3.5697400e-01
   2.0800000e-02   3.8534279e-01
   2.1333600e-02   3.9716312e-01
   2.1866400e-02   4.0898345e-01
   2.2400000e-02   4.1371158e-01
   2.2933600e-02   4.2553191e-01
   2.3466400e-02   4.3971631e-01
   2.4000000e-02   4.5153664e-01
   2.4533600e-02   4.6099291e-01
   2.5066400e-02   4.7990544e-01
   2.5600000e-02   4.9645390e-01
   2.6133600e-02   5.1063830e-01
   2.6666400e-02   5.2955083e-01
   2.7200000e-02   5.4137116e-01
   2.7733600e-02   5.5082742e-01
   2.8266400e-02   5.6264775e-01
   2.8800000e-02   5.8392435e-01
   2.9333600e-02   5.9338061e-01
   2.9866400e-02   5.9574468e-01
   3.0400000e-02   6.0283688e-01
   3.0933600e-02   6.1938534e-01
   3.1466400e-02   6.2884161e-01
   3.2000000e-02   6.3356974e-01
   3.2533600e-02   6.5011820e-01
   3.3066400e-02   6.6666667e-01
   3.3600000e-02   6.7375887e-01
   3.4133600e-02   6.7848700e-01
   3.4666400e-02   6.9030733e-01
   3.5200000e-02   6.9267139e-01
   3.5733600e-02   6.9976359e-01
   3.6266400e-02   7.0685579e-01
   3.6800000e-02   7.1394799e-01
   3.7333600e-02   7.1867612e-01
   3.8400000e-02   7.2340426e-01
   3.8933600e-02   7.2813239e-01
   3.9466400e-02   7.3286052e-01
   4.0000000e-02   7.3995272e-01
   4.0533600e-02   7.4468085e-01
   4.1066400e-02   7.5177305e-01
   4.1600000e-02   7.5650118e-01
   4.2133600e-02   7.6359338e-01
   4.2666400e-02   7.6595745e-01
   4.3200000e-02   7.7304965e-01
   4.3733600e-02   7.7777778e-01
   4.4266400e-02   7.8723404e-01
   4.4800000e-02   7.9432624e-01
   4.5333600e-02   8.0141844e-01
   4.5866400e-02   8.1087470e-01
   4.6400000e-02   8.1323877e-01
   4.7466400e-02   8.1796690e-01
   4.8000000e-02   8.2033097e-01
   4.8533600e-02   8.3215130e-01
   4.9066400e-02   8.3451537e-01
   4.9600000e-02   8.3924350e-01
   5.0666400e-02   8.4633570e-01
   5.1200000e-02   8.5106383e-01
   5.1733600e-02   8.5342790e-01
   5.2266400e-02   8.5815603e-01
   5.3333600e-02   8.6052009e-01
   5.4400000e-02   8.6524823e-01
   5.5466400e-02   8.6997636e-01
   5.6000000e-02   8.7234043e-01
   5.6533600e-02   8.7706856e-01
   5.7066400e-02   8.7943262e-01
   5.7600000e-02   8.8179669e-01
   5.9733600e-02   8.8652482e-01
   6.0800000e-02   8.8888889e-01
   6.1333600e-02   8.9125296e-01
   6.1866400e-02   8.9361702e-01
   6.3466400e-02   8.9834515e-01
   6.5600000e-02   9.0070922e-01
   6.6133600e-02   9.0543735e-01
   6.6666400e-02   9.1016548e-01
   6.7733600e-02   9.1489362e-01
   6.8266400e-02   9.1725768e-01
   6.9333600e-02   9.1962175e-01
   6.9866400e-02   9.2198582e-01
   7.1466400e-02   9.2671395e-01
   7.2000000e-02   9.3144208e-01
   7.4133600e-02   9.3380615e-01
   7.4666400e-02   9.3617021e-01
   7.5200000e-02   9.3853428e-01
   7.5733600e-02   9.4089835e-01
   7.8400000e-02   9.4326241e-01
   7.9466400e-02   9.4562648e-01
   8.0000000e-02   9.4799054e-01
   8.0533600e-02   9.5035461e-01
   8.5866400e-02   9.5271868e-01
   8.7466400e-02   9.5508274e-01
   8.8000000e-02   9.5981087e-01
   8.9600000e-02   9.6217494e-01
   9.0133600e-02   9.6453901e-01
   9.1733600e-02   9.6690307e-01
   9.2800000e-02   9.6926714e-01
   9.4400000e-02   9.7163121e-01
   9.4933600e-02   9.7399527e-01
   9.6000000e-02   9.7635934e-01
   9.6533600e-02   9.7872340e-01
   1.0026640e-01   9.8108747e-01
   1.0400000e-01   9.8345154e-01
   1.0773360e-01   9.8581560e-01
   1.0986640e-01   9.9054374e-01
   1.1733360e-01   9.9290780e-01
   1.4986640e-01   9.9527187e-01
   1.6640000e-01   9.9763593e-01
   1.7760000e-01   1.0000000e+00
