   7.1328340e-03   0.0000000e+00
   7.1328340e-03   2.2271715e-03
   8.6195109e-03   4.4543430e-03
   8.8550457e-03   6.6815145e-03
   8.8561141e-03   1.1135857e-02
   8.9990478e-03   1.5590200e-02
   9.0855172e-03   1.7817372e-02
   9.1010012e-03   2.0044543e-02
   9.1890527e-03   2.2271715e-02
   9.2790155e-03   2.6726058e-02
   9.3875548e-03   3.1180401e-02
   9.4648309e-03   3.3407572e-02
   9.8067384e-03   3.5634744e-02
   1.0017587e-02   4.0089087e-02
   1.0064673e-02   4.2316258e-02
   1.0251898e-02   4.4543430e-02
   1.0637607e-02   4.6770601e-02
   1.0787167e-02   4.8997773e-02
   1.0907040e-02   5.1224944e-02
   1.1029108e-02   5.3452116e-02
   1.1094967e-02   5.5679287e-02
   1.1209402e-02   6.2360802e-02
   1.1312413e-02   6.4587973e-02
   1.1652570e-02   6.6815145e-02
   1.1663812e-02   6.9042316e-02
   1.1697555e-02   7.1269488e-02
   1.1894605e-02   7.3496659e-02
   1.1925550e-02   7.7951002e-02
   1.2114952e-02   8.2405345e-02
   1.2159981e-02   8.4632517e-02
   1.2276319e-02   8.6859688e-02
   1.2584902e-02   9.1314031e-02
   1.2586436e-02   9.3541203e-02
   1.2593359e-02   9.5768374e-02
   1.2815371e-02   9.7995546e-02
   1.2966421e-02   1.0022272e-01
   1.3046088e-02   1.0244989e-01
   1.3088354e-02   1.0467706e-01
   1.3309818e-02   1.0690423e-01
   1.3321887e-02   1.0913140e-01
   1.3412687e-02   1.1135857e-01
   1.3541174e-02   1.1358575e-01
   1.3575311e-02   1.1804009e-01
   1.3726217e-02   1.2249443e-01
   1.3745649e-02   1.2472160e-01
   1.3767005e-02   1.2917595e-01
   1.3851148e-02   1.3363029e-01
   1.4013947e-02   1.3585746e-01
   1.4091671e-02   1.3808463e-01
   1.4158678e-02   1.4031180e-01
   1.4214291e-02   1.4253898e-01
   1.4453594e-02   1.4476615e-01
   1.4640154e-02   1.4699332e-01
   1.4696178e-02   1.4922049e-01
   1.4833521e-02   1.5144766e-01
   1.4941885e-02   1.5367483e-01
   1.5160382e-02   1.5590200e-01
   1.5160625e-02   1.5812918e-01
   1.5190563e-02   1.6258352e-01
   1.5234428e-02   1.6481069e-01
   1.5281598e-02   1.6703786e-01
   1.5375675e-02   1.6926503e-01
   1.5451007e-02   1.7149220e-01
   1.5453714e-02   1.7371938e-01
   1.5483993e-02   1.7594655e-01
   1.5511415e-02   1.7817372e-01
   1.5609531e-02   1.8040089e-01
   1.5622835e-02   1.8262806e-01
   1.5650020e-02   1.8485523e-01
   1.5690501e-02   1.8708241e-01
   1.5752764e-02   1.8930958e-01
   1.5988643e-02   1.9153675e-01
   1.6117882e-02   1.9376392e-01
   1.6313706e-02   1.9821826e-01
   1.6474395e-02   2.0044543e-01
   1.6512586e-02   2.0267261e-01
   1.6543402e-02   2.0489978e-01
   1.6555093e-02   2.0712695e-01
   1.6738143e-02   2.0935412e-01
   1.6779722e-02   2.1158129e-01
   1.6779880e-02   2.1380846e-01
   1.6905133e-02   2.1603563e-01
   1.7020645e-02   2.1826281e-01
   1.7085438e-02   2.2048998e-01
   1.7088310e-02   2.2271715e-01
   1.7136151e-02   2.2494432e-01
   1.7245481e-02   2.2717149e-01
   1.7275652e-02   2.2939866e-01
   1.7290604e-02   2.3162584e-01
   1.7337795e-02   2.3385301e-01
   1.7467500e-02   2.3608018e-01
   1.7474026e-02   2.3830735e-01
   1.7738029e-02   2.4276169e-01
   1.7813987e-02   2.4721604e-01
   1.7938955e-02   2.4944321e-01
   1.7940157e-02   2.5167038e-01
   1.8008632e-02   2.5389755e-01
   1.8125775e-02   2.5612472e-01
   1.8171048e-02   2.6057906e-01
   1.8391367e-02   2.6280624e-01
   1.8404774e-02   2.6726058e-01
   1.8415064e-02   2.6948775e-01
   1.8444105e-02   2.7171492e-01
   1.8480393e-02   2.7394209e-01
   1.8574658e-02   2.7839644e-01
   1.8637066e-02   2.8062361e-01
   1.8643987e-02   2.8285078e-01
   1.8723600e-02   2.8730512e-01
   1.8724609e-02   2.8953229e-01
   1.8979336e-02   2.9175947e-01
   1.9024407e-02   2.9398664e-01
   1.9122519e-02   2.9621381e-01
   1.9129152e-02   2.9844098e-01
   1.9154779e-02   3.0066815e-01
   1.9337993e-02   3.0289532e-01
   1.9495040e-02   3.0512249e-01
   1.9568564e-02   3.0734967e-01
   1.9817454e-02   3.0957684e-01
   1.9825677e-02   3.1180401e-01
   1.9922305e-02   3.1403118e-01
   2.0051919e-02   3.1625835e-01
   2.0077048e-02   3.1848552e-01
   2.0396515e-02   3.2071269e-01
   2.0419114e-02   3.2293987e-01
   2.0620884e-02   3.2516704e-01
   2.0767613e-02   3.2739421e-01
   2.0772943e-02   3.2962138e-01
   2.0826462e-02   3.3184855e-01
   2.0874504e-02   3.3407572e-01
   2.0972029e-02   3.3630290e-01
   2.1038825e-02   3.3853007e-01
   2.1106317e-02   3.4075724e-01
   2.1329683e-02   3.4298441e-01
   2.1344537e-02   3.4521158e-01
   2.1434651e-02   3.4743875e-01
   2.1865221e-02   3.4966592e-01
   2.1896107e-02   3.5189310e-01
   2.1900964e-02   3.5412027e-01
   2.1924881e-02   3.5634744e-01
   2.1951947e-02   3.5857461e-01
   2.2057579e-02   3.6080178e-01
   2.2150247e-02   3.6302895e-01
   2.2203571e-02   3.6525612e-01
   2.2359174e-02   3.6748330e-01
   2.2363812e-02   3.6971047e-01
   2.2418804e-02   3.7193764e-01
   2.2469156e-02   3.7416481e-01
   2.2508215e-02   3.7861915e-01
   2.2600983e-02   3.8084633e-01
   2.2724331e-02   3.8307350e-01
   2.2737756e-02   3.8530067e-01
   2.2777960e-02   3.8752784e-01
   2.2830968e-02   3.8975501e-01
   2.3037218e-02   3.9198218e-01
   2.3080442e-02   3.9420935e-01
   2.3108560e-02   3.9643653e-01
   2.3263572e-02   3.9866370e-01
   2.3297713e-02   4.0089087e-01
   2.3354135e-02   4.0311804e-01
   2.3356751e-02   4.0534521e-01
   2.3529191e-02   4.0757238e-01
   2.3534339e-02   4.0979955e-01
   2.3568538e-02   4.1202673e-01
   2.3639983e-02   4.1425390e-01
   2.3763119e-02   4.1648107e-01
   2.3773047e-02   4.1870824e-01
   2.3814424e-02   4.2093541e-01
   2.3859380e-02   4.2316258e-01
   2.3896213e-02   4.2538976e-01
   2.3982789e-02   4.2761693e-01
   2.4034519e-02   4.2984410e-01
   2.4072908e-02   4.3207127e-01
   2.4351464e-02   4.3429844e-01
   2.4406833e-02   4.3652561e-01
   2.4466148e-02   4.3875278e-01
   2.4501658e-02   4.4097996e-01
   2.4553295e-02   4.4320713e-01
   2.4679545e-02   4.4543430e-01
   2.4720774e-02   4.4766147e-01
   2.4747246e-02   4.4988864e-01
   2.4898370e-02   4.5211581e-01
   2.4985321e-02   4.5434298e-01
   2.4994976e-02   4.5657016e-01
   2.5213105e-02   4.5879733e-01
   2.5262058e-02   4.6102450e-01
   2.5397307e-02   4.6325167e-01
   2.5862587e-02   4.6547884e-01
   2.5903127e-02   4.6770601e-01
   2.5924502e-02   4.6993318e-01
   2.5932842e-02   4.7216036e-01
   2.6008736e-02   4.7438753e-01
   2.6066817e-02   4.7661470e-01
   2.6193081e-02   4.7884187e-01
   2.6280150e-02   4.8106904e-01
   2.6451064e-02   4.8329621e-01
   2.6565181e-02   4.8552339e-01
   2.6734883e-02   4.8775056e-01
   2.6829912e-02   4.9220490e-01
   2.6994856e-02   4.9443207e-01
   2.7056303e-02   4.9665924e-01
   2.7076596e-02   4.9888641e-01
   2.7124982e-02   5.0111359e-01
   2.7256452e-02   5.0334076e-01
   2.7361661e-02   5.0556793e-01
   2.7393491e-02   5.0779510e-01
   2.7443927e-02   5.1002227e-01
   2.7478568e-02   5.1224944e-01
   2.7517364e-02   5.1447661e-01
   2.8007836e-02   5.1893096e-01
   2.8110254e-02   5.2115813e-01
   2.8112338e-02   5.2338530e-01
   2.8114869e-02   5.2561247e-01
   2.8123002e-02   5.2783964e-01
   2.8366273e-02   5.3006682e-01
   2.8421923e-02   5.3229399e-01
   2.8564574e-02   5.3452116e-01
   2.8573185e-02   5.3674833e-01
   2.8708605e-02   5.3897550e-01
   2.8721895e-02   5.4120267e-01
   2.9125970e-02   5.4342984e-01
   2.9131919e-02   5.4565702e-01
   2.9355165e-02   5.4788419e-01
   2.9400433e-02   5.5011136e-01
   2.9421419e-02   5.5233853e-01
   2.9830956e-02   5.5456570e-01
   2.9864394e-02   5.5679287e-01
   2.9986461e-02   5.5902004e-01
   3.0026892e-02   5.6124722e-01
   3.0049341e-02   5.6347439e-01
   3.0062280e-02   5.6570156e-01
   3.0078411e-02   5.6792873e-01
   3.0244348e-02   5.7015590e-01
   3.0503098e-02   5.7238307e-01
   3.0504087e-02   5.7461024e-01
   3.0518805e-02   5.7683742e-01
   3.0565698e-02   5.7906459e-01
   3.0619117e-02   5.8129176e-01
   3.0811587e-02   5.8351893e-01
   3.0844724e-02   5.8574610e-01
   3.0902013e-02   5.8797327e-01
   3.1100674e-02   5.9020045e-01
   3.1137804e-02   5.9242762e-01
   3.1144354e-02   5.9465479e-01
   3.1448272e-02   5.9688196e-01
   3.1963603e-02   5.9910913e-01
   3.2178741e-02   6.0133630e-01
   3.2271817e-02   6.0356347e-01
   3.2436161e-02   6.0579065e-01
   3.2775175e-02   6.0801782e-01
   3.2881069e-02   6.1024499e-01
   3.3314592e-02   6.1247216e-01
   3.3501961e-02   6.1469933e-01
   3.3551314e-02   6.1692650e-01
   3.3626814e-02   6.1915367e-01
   3.3634088e-02   6.2138085e-01
   3.4012064e-02   6.2360802e-01
   3.4024305e-02   6.2583519e-01
   3.4025918e-02   6.2806236e-01
   3.4093398e-02   6.3028953e-01
   3.4189842e-02   6.3251670e-01
   3.4220158e-02   6.3474388e-01
   3.4253140e-02   6.3697105e-01
   3.4284972e-02   6.3919822e-01
   3.4481925e-02   6.4142539e-01
   3.4527040e-02   6.4365256e-01
   3.4719694e-02   6.4587973e-01
   3.4771917e-02   6.4810690e-01
   3.4932459e-02   6.5033408e-01
   3.5009826e-02   6.5256125e-01
   3.5116195e-02   6.5478842e-01
   3.5128842e-02   6.5701559e-01
   3.5198208e-02   6.5924276e-01
   3.5209402e-02   6.6146993e-01
   3.5260046e-02   6.6369710e-01
   3.5273973e-02   6.6592428e-01
   3.5291202e-02   6.6815145e-01
   3.5311878e-02   6.7037862e-01
   3.5365029e-02   6.7260579e-01
   3.5625211e-02   6.7483296e-01
   3.5869876e-02   6.7706013e-01
   3.5979401e-02   6.7928731e-01
   3.6060105e-02   6.8151448e-01
   3.6377045e-02   6.8374165e-01
   3.6809656e-02   6.8596882e-01
   3.6943543e-02   6.8819599e-01
   3.7254905e-02   6.9042316e-01
   3.7349288e-02   6.9265033e-01
   3.7479716e-02   6.9487751e-01
   3.7537125e-02   6.9710468e-01
   3.7870066e-02   6.9933185e-01
   3.7974264e-02   7.0155902e-01
   3.8207096e-02   7.0378619e-01
   3.8567086e-02   7.0601336e-01
   3.8731355e-02   7.0824053e-01
   3.9005419e-02   7.1046771e-01
   3.9137700e-02   7.1269488e-01
   3.9187600e-02   7.1492205e-01
   3.9380990e-02   7.1714922e-01
   3.9639116e-02   7.1937639e-01
   3.9710760e-02   7.2160356e-01
   3.9848902e-02   7.2383073e-01
   4.0039870e-02   7.2605791e-01
   4.0180381e-02   7.2828508e-01
   4.0252719e-02   7.3051225e-01
   4.0500449e-02   7.3273942e-01
   4.0631525e-02   7.3496659e-01
   4.1183078e-02   7.3719376e-01
   4.1294355e-02   7.3942094e-01
   4.1415544e-02   7.4164811e-01
   4.1465660e-02   7.4387528e-01
   4.1678461e-02   7.4610245e-01
   4.1836102e-02   7.4832962e-01
   4.1916986e-02   7.5055679e-01
   4.1938426e-02   7.5278396e-01
   4.1949684e-02   7.5501114e-01
   4.2137617e-02   7.5723831e-01
   4.2190071e-02   7.5946548e-01
   4.2259721e-02   7.6169265e-01
   4.2405104e-02   7.6391982e-01
   4.2533077e-02   7.6614699e-01
   4.3010010e-02   7.6837416e-01
   4.3092089e-02   7.7060134e-01
   4.3566920e-02   7.7282851e-01
   4.4181586e-02   7.7505568e-01
   4.4837012e-02   7.7728285e-01
   4.4865182e-02   7.7951002e-01
   4.4996425e-02   7.8173719e-01
   4.5238535e-02   7.8396437e-01
   4.5375889e-02   7.8619154e-01
   4.5520099e-02   7.8841871e-01
   4.5588995e-02   7.9064588e-01
   4.6035274e-02   7.9287305e-01
   4.6054454e-02   7.9510022e-01
   4.6150649e-02   7.9732739e-01
   4.6218917e-02   7.9955457e-01
   4.6360403e-02   8.0178174e-01
   4.6560603e-02   8.0400891e-01
   4.6650409e-02   8.0623608e-01
   4.7175642e-02   8.0846325e-01
   4.7277096e-02   8.1069042e-01
   4.7341069e-02   8.1291759e-01
   4.7734163e-02   8.1737194e-01
   4.7900667e-02   8.1959911e-01
   4.7989755e-02   8.2182628e-01
   4.8886769e-02   8.2405345e-01
   4.8967388e-02   8.2628062e-01
   4.9145539e-02   8.2850780e-01
   4.9379565e-02   8.3073497e-01
   4.9719013e-02   8.3296214e-01
   4.9778461e-02   8.3518931e-01
   5.0100045e-02   8.3741648e-01
   5.1251658e-02   8.3964365e-01
   5.1545978e-02   8.4187082e-01
   5.2311763e-02   8.4409800e-01
   5.2582141e-02   8.4632517e-01
   5.2901046e-02   8.4855234e-01
   5.2918423e-02   8.5077951e-01
   5.2947958e-02   8.5300668e-01
   5.3694392e-02   8.5523385e-01
   5.4168333e-02   8.5746102e-01
   5.4641535e-02   8.5968820e-01
   5.4683708e-02   8.6191537e-01
   5.5216065e-02   8.6414254e-01
   5.5219608e-02   8.6636971e-01
   5.5797633e-02   8.6859688e-01
   5.5986149e-02   8.7082405e-01
   5.6041520e-02   8.7305122e-01
   5.6460981e-02   8.7527840e-01
   5.7030160e-02   8.7750557e-01
   5.7962062e-02   8.7973274e-01
   5.8155522e-02   8.8195991e-01
   5.8160645e-02   8.8418708e-01
   5.8602901e-02   8.8641425e-01
   5.9667170e-02   8.8864143e-01
   6.0066429e-02   8.9086860e-01
   6.0282715e-02   8.9309577e-01
   6.0384043e-02   8.9532294e-01
   6.0570434e-02   8.9755011e-01
   6.0804742e-02   8.9977728e-01
   6.1108094e-02   9.0200445e-01
   6.1504725e-02   9.0423163e-01
   6.1791373e-02   9.0645880e-01
   6.2115603e-02   9.0868597e-01
   6.2799077e-02   9.1091314e-01
   6.2924526e-02   9.1314031e-01
   6.3123134e-02   9.1536748e-01
   6.3619349e-02   9.1759465e-01
   6.4519440e-02   9.1982183e-01
   6.5712315e-02   9.2204900e-01
   6.5753659e-02   9.2427617e-01
   6.6279282e-02   9.2650334e-01
   6.6632152e-02   9.2873051e-01
   6.6689377e-02   9.3095768e-01
   6.7106741e-02   9.3318486e-01
   6.7433541e-02   9.3541203e-01
   6.7947849e-02   9.3763920e-01
   6.8024686e-02   9.3986637e-01
   6.8846089e-02   9.4209354e-01
   7.0828028e-02   9.4432071e-01
   7.2352465e-02   9.4654788e-01
   7.4097954e-02   9.4877506e-01
   7.4531344e-02   9.5100223e-01
   7.5651912e-02   9.5322940e-01
   7.7320453e-02   9.5545657e-01
   7.9257353e-02   9.5768374e-01
   7.9484003e-02   9.5991091e-01
   7.9981126e-02   9.6213808e-01
   8.0024935e-02   9.6436526e-01
   8.5045585e-02   9.6659243e-01
   8.6859676e-02   9.6881960e-01
   9.0308703e-02   9.7104677e-01
   9.2319507e-02   9.7327394e-01
   9.5079813e-02   9.7550111e-01
   9.6533194e-02   9.7772829e-01
   9.7878211e-02   9.7995546e-01
   9.8065672e-02   9.8218263e-01
   1.0203780e-01   9.8440980e-01
   1.0312341e-01   9.8663697e-01
   1.1177550e-01   9.8886414e-01
   1.1388368e-01   9.9109131e-01
   1.1903427e-01   9.9331849e-01
   1.3605371e-01   9.9554566e-01
   1.5103329e-01   9.9777283e-01
   1.5201287e-01   1.0000000e+00
