   6.9833893e-03   0.0000000e+00
   6.9833893e-03   2.8818444e-03
   7.2194516e-03   5.7636888e-03
   7.9866072e-03   8.6455331e-03
   9.2056783e-03   1.1527378e-02
   9.4335621e-03   1.4409222e-02
   9.5486893e-03   1.7291066e-02
   1.0051716e-02   2.0172911e-02
   1.0134206e-02   2.5936599e-02
   1.0285484e-02   2.8818444e-02
   1.0463573e-02   3.1700288e-02
   1.0554139e-02   3.4582133e-02
   1.0997576e-02   3.7463977e-02
   1.1275398e-02   4.0345821e-02
   1.1367046e-02   4.6109510e-02
   1.1551838e-02   4.8991354e-02
   1.1865263e-02   5.1873199e-02
   1.2002083e-02   5.4755043e-02
   1.2007344e-02   5.7636888e-02
   1.2051430e-02   6.0518732e-02
   1.2280624e-02   6.3400576e-02
   1.2441615e-02   6.6282421e-02
   1.2503728e-02   6.9164265e-02
   1.2661391e-02   7.4927954e-02
   1.2697393e-02   7.7809798e-02
   1.2773637e-02   8.0691643e-02
   1.2827551e-02   8.3573487e-02
   1.2853781e-02   8.6455331e-02
   1.2863339e-02   8.9337176e-02
   1.3051916e-02   9.2219020e-02
   1.3066937e-02   9.5100865e-02
   1.3175343e-02   9.7982709e-02
   1.3187161e-02   1.0374640e-01
   1.3285347e-02   1.0662824e-01
   1.3355595e-02   1.0951009e-01
   1.3362462e-02   1.1239193e-01
   1.3569360e-02   1.1527378e-01
   1.3649307e-02   1.1815562e-01
   1.3662516e-02   1.2103746e-01
   1.3676469e-02   1.2680115e-01
   1.3701511e-02   1.2968300e-01
   1.3933112e-02   1.3256484e-01
   1.3941166e-02   1.3544669e-01
   1.3943089e-02   1.3832853e-01
   1.3976840e-02   1.4121037e-01
   1.4201610e-02   1.4697406e-01
   1.4440830e-02   1.4985591e-01
   1.4488457e-02   1.5273775e-01
   1.4501721e-02   1.5561960e-01
   1.4674290e-02   1.5850144e-01
   1.4702539e-02   1.6426513e-01
   1.4735082e-02   1.6714697e-01
   1.4792988e-02   1.7002882e-01
   1.4940097e-02   1.7291066e-01
   1.4964114e-02   1.7867435e-01
   1.5049016e-02   1.8155620e-01
   1.5077233e-02   1.8443804e-01
   1.5177242e-02   1.8731988e-01
   1.5295347e-02   1.9020173e-01
   1.5361946e-02   1.9596542e-01
   1.5487924e-02   1.9884726e-01
   1.5658416e-02   2.0172911e-01
   1.5683972e-02   2.0461095e-01
   1.5704044e-02   2.1037464e-01
   1.5940836e-02   2.1325648e-01
   1.5941520e-02   2.1613833e-01
   1.6125892e-02   2.1902017e-01
   1.6178972e-02   2.2190202e-01
   1.6245131e-02   2.2478386e-01
   1.6422266e-02   2.3342939e-01
   1.6521819e-02   2.3631124e-01
   1.6556915e-02   2.3919308e-01
   1.6657132e-02   2.4207493e-01
   1.6670143e-02   2.4495677e-01
   1.6672223e-02   2.5072046e-01
   1.6693712e-02   2.5360231e-01
   1.6955129e-02   2.5648415e-01
   1.6966571e-02   2.5936599e-01
   1.7058580e-02   2.6224784e-01
   1.7168181e-02   2.6512968e-01
   1.7180831e-02   2.6801153e-01
   1.7187439e-02   2.7089337e-01
   1.7207617e-02   2.7377522e-01
   1.7249583e-02   2.7665706e-01
   1.7375728e-02   2.7953890e-01
   1.7424434e-02   2.8242075e-01
   1.7442682e-02   2.9106628e-01
   1.7536877e-02   2.9394813e-01
   1.7666404e-02   2.9682997e-01
   1.7667907e-02   2.9971182e-01
   1.7709348e-02   3.0259366e-01
   1.7753003e-02   3.0547550e-01
   1.7759063e-02   3.0835735e-01
   1.7763561e-02   3.1123919e-01
   1.7979516e-02   3.1412104e-01
   1.8023168e-02   3.1700288e-01
   1.8093057e-02   3.2276657e-01
   1.8163475e-02   3.2564841e-01
   1.8170128e-02   3.2853026e-01
   1.8253564e-02   3.3141210e-01
   1.8353379e-02   3.3429395e-01
   1.8531908e-02   3.3717579e-01
   1.8613102e-02   3.4005764e-01
   1.8619737e-02   3.4293948e-01
   1.8660358e-02   3.4582133e-01
   1.8664187e-02   3.4870317e-01
   1.8672978e-02   3.5158501e-01
   1.8681013e-02   3.5446686e-01
   1.8911825e-02   3.5734870e-01
   1.8920237e-02   3.6023055e-01
   1.8956325e-02   3.6311239e-01
   1.9098507e-02   3.6599424e-01
   1.9213247e-02   3.6887608e-01
   1.9220236e-02   3.7175793e-01
   1.9408065e-02   3.7463977e-01
   1.9469406e-02   3.7752161e-01
   1.9536475e-02   3.8040346e-01
   1.9748734e-02   3.8328530e-01
   1.9793533e-02   3.8616715e-01
   1.9899206e-02   3.8904899e-01
   1.9972081e-02   3.9193084e-01
   2.0066974e-02   3.9481268e-01
   2.0216695e-02   3.9769452e-01
   2.0369476e-02   4.0057637e-01
   2.0405631e-02   4.0634006e-01
   2.0474151e-02   4.0922190e-01
   2.0541025e-02   4.1210375e-01
   2.0554450e-02   4.1498559e-01
   2.0605855e-02   4.1786744e-01
   2.0667538e-02   4.2074928e-01
   2.0920767e-02   4.2363112e-01
   2.0926023e-02   4.2651297e-01
   2.1149840e-02   4.2939481e-01
   2.1160963e-02   4.3227666e-01
   2.1219761e-02   4.3515850e-01
   2.1272703e-02   4.3804035e-01
   2.1325813e-02   4.4092219e-01
   2.1396063e-02   4.4668588e-01
   2.1419537e-02   4.4956772e-01
   2.1451363e-02   4.5244957e-01
   2.1612343e-02   4.5533141e-01
   2.1684930e-02   4.5821326e-01
   2.1687275e-02   4.6397695e-01
   2.1980576e-02   4.6685879e-01
   2.2048493e-02   4.6974063e-01
   2.2073864e-02   4.7262248e-01
   2.2113728e-02   4.7550432e-01
   2.2160482e-02   4.8414986e-01
   2.2177528e-02   4.8991354e-01
   2.2223004e-02   4.9279539e-01
   2.2271479e-02   4.9567723e-01
   2.2277098e-02   5.0144092e-01
   2.2331198e-02   5.0432277e-01
   2.2422492e-02   5.0720461e-01
   2.2432486e-02   5.1008646e-01
   2.2515314e-02   5.1296830e-01
   2.2645238e-02   5.1585014e-01
   2.2648309e-02   5.1873199e-01
   2.2848588e-02   5.2161383e-01
   2.2851561e-02   5.2449568e-01
   2.2856806e-02   5.2737752e-01
   2.2925072e-02   5.3025937e-01
   2.2984753e-02   5.3314121e-01
   2.2985470e-02   5.3602305e-01
   2.3022829e-02   5.3890490e-01
   2.3138620e-02   5.4178674e-01
   2.3159770e-02   5.4466859e-01
   2.3226948e-02   5.4755043e-01
   2.3292615e-02   5.5043228e-01
   2.3387767e-02   5.5331412e-01
   2.3423591e-02   5.5619597e-01
   2.3534901e-02   5.5907781e-01
   2.3602552e-02   5.6195965e-01
   2.3643634e-02   5.6484150e-01
   2.3740930e-02   5.6772334e-01
   2.3924816e-02   5.7060519e-01
   2.4058387e-02   5.7348703e-01
   2.4123499e-02   5.7925072e-01
   2.4134011e-02   5.8213256e-01
   2.4148516e-02   5.8789625e-01
   2.4205292e-02   5.9077810e-01
   2.4280801e-02   5.9365994e-01
   2.4285527e-02   5.9654179e-01
   2.4582949e-02   6.0230548e-01
   2.4626526e-02   6.0518732e-01
   2.4632835e-02   6.0806916e-01
   2.4661705e-02   6.1095101e-01
   2.4793897e-02   6.1383285e-01
   2.4843854e-02   6.1671470e-01
   2.4926353e-02   6.1959654e-01
   2.4994276e-02   6.2247839e-01
   2.5037164e-02   6.2536023e-01
   2.5103148e-02   6.2824207e-01
   2.5204114e-02   6.3112392e-01
   2.5384304e-02   6.3400576e-01
   2.5427226e-02   6.3688761e-01
   2.5485048e-02   6.3976945e-01
   2.5634494e-02   6.4265130e-01
   2.5652211e-02   6.4553314e-01
   2.5707050e-02   6.4841499e-01
   2.5795394e-02   6.5129683e-01
   2.5886448e-02   6.5417867e-01
   2.5901156e-02   6.5994236e-01
   2.5919509e-02   6.6282421e-01
   2.5965431e-02   6.6570605e-01
   2.6011795e-02   6.6858790e-01
   2.6128172e-02   6.7146974e-01
   2.6209375e-02   6.7435159e-01
   2.6388034e-02   6.7723343e-01
   2.6497133e-02   6.8011527e-01
   2.6603519e-02   6.8299712e-01
   2.6626070e-02   6.8587896e-01
   2.6636821e-02   6.8876081e-01
   2.6645683e-02   6.9164265e-01
   2.6853532e-02   6.9452450e-01
   2.6855385e-02   6.9740634e-01
   2.6970452e-02   7.0028818e-01
   2.7092839e-02   7.0317003e-01
   2.7135114e-02   7.0605187e-01
   2.7214649e-02   7.0893372e-01
   2.7224431e-02   7.1181556e-01
   2.7228806e-02   7.1469741e-01
   2.7297315e-02   7.1757925e-01
   2.7680071e-02   7.2046110e-01
   2.7692370e-02   7.2334294e-01
   2.7801201e-02   7.2622478e-01
   2.7811651e-02   7.2910663e-01
   2.7995361e-02   7.3198847e-01
   2.8078323e-02   7.3487032e-01
   2.8167790e-02   7.3775216e-01
   2.8202730e-02   7.4063401e-01
   2.8403850e-02   7.4639769e-01
   2.8629278e-02   7.4927954e-01
   2.8704799e-02   7.5216138e-01
   2.8792884e-02   7.5504323e-01
   2.8940329e-02   7.5792507e-01
   2.9117385e-02   7.6080692e-01
   2.9202680e-02   7.6368876e-01
   2.9224720e-02   7.6657061e-01
   2.9276113e-02   7.7233429e-01
   2.9477970e-02   7.7521614e-01
   2.9528313e-02   7.7809798e-01
   2.9621999e-02   7.8097983e-01
   2.9670588e-02   7.8386167e-01
   2.9857089e-02   7.8674352e-01
   2.9866475e-02   7.8962536e-01
   3.0229416e-02   7.9250720e-01
   3.0297663e-02   7.9538905e-01
   3.0303454e-02   7.9827089e-01
   3.0621638e-02   8.0115274e-01
   3.0709282e-02   8.0403458e-01
   3.0945435e-02   8.0979827e-01
   3.1023665e-02   8.1268012e-01
   3.1034837e-02   8.1556196e-01
   3.1102204e-02   8.1844380e-01
   3.1159808e-02   8.2132565e-01
   3.1307626e-02   8.2420749e-01
   3.1571589e-02   8.2708934e-01
   3.1739890e-02   8.2997118e-01
   3.1887215e-02   8.3285303e-01
   3.2381882e-02   8.3573487e-01
   3.2541980e-02   8.3861671e-01
   3.2599931e-02   8.4149856e-01
   3.2726756e-02   8.4438040e-01
   3.2766471e-02   8.4726225e-01
   3.3118699e-02   8.5014409e-01
   3.3469838e-02   8.5302594e-01
   3.3615474e-02   8.5878963e-01
   3.4110003e-02   8.6167147e-01
   3.4116558e-02   8.6455331e-01
   3.4148677e-02   8.6743516e-01
   3.4273549e-02   8.7031700e-01
   3.4534678e-02   8.7319885e-01
   3.4727069e-02   8.7608069e-01
   3.5043304e-02   8.7896254e-01
   3.5154827e-02   8.8184438e-01
   3.5333908e-02   8.8472622e-01
   3.5365075e-02   8.8760807e-01
   3.5414239e-02   8.9048991e-01
   3.5547241e-02   8.9337176e-01
   3.5616307e-02   8.9625360e-01
   3.5925994e-02   8.9913545e-01
   3.6011068e-02   9.0201729e-01
   3.6026957e-02   9.0489914e-01
   3.6326951e-02   9.0778098e-01
   3.6339950e-02   9.1066282e-01
   3.6575624e-02   9.1354467e-01
   3.6673124e-02   9.1642651e-01
   3.6692209e-02   9.1930836e-01
   3.6829059e-02   9.2219020e-01
   3.7045681e-02   9.2507205e-01
   3.7103209e-02   9.2795389e-01
   3.7526029e-02   9.3083573e-01
   3.8038908e-02   9.3371758e-01
   3.8265952e-02   9.3659942e-01
   3.8485790e-02   9.3948127e-01
   3.8565064e-02   9.4236311e-01
   3.9149067e-02   9.4524496e-01
   3.9636626e-02   9.4812680e-01
   4.1755177e-02   9.5100865e-01
   4.2001211e-02   9.5389049e-01
   4.2162101e-02   9.5677233e-01
   4.2941121e-02   9.5965418e-01
   4.3425428e-02   9.6253602e-01
   4.3793996e-02   9.6541787e-01
   4.4239264e-02   9.6829971e-01
   4.4546546e-02   9.7118156e-01
   4.5652632e-02   9.7406340e-01
   4.6427839e-02   9.7694524e-01
   4.6578023e-02   9.7982709e-01
   4.7619608e-02   9.8270893e-01
   5.1643465e-02   9.8559078e-01
   5.3348977e-02   9.8847262e-01
   6.0841690e-02   9.9135447e-01
   6.7112368e-02   9.9423631e-01
   7.5639765e-02   9.9711816e-01
   8.4085009e-02   1.0000000e+00
