   4.3688000e-03   0.0000000e+00
   4.3688000e-03   1.7857143e-03
   4.8544000e-03   1.0714286e-02
   5.3400000e-03   1.6071429e-02
   5.8256000e-03   3.2142857e-02
   6.3104000e-03   6.6071429e-02
   6.7960000e-03   9.4642857e-02
   7.2816000e-03   1.1607143e-01
   7.7672000e-03   1.4464286e-01
   8.2528000e-03   1.6071429e-01
   8.7376000e-03   1.9285714e-01
   9.2232000e-03   2.1964286e-01
   9.7088000e-03   2.3392857e-01
   1.0194400e-02   2.5714286e-01
   1.0680000e-02   2.7857143e-01
   1.1164800e-02   2.8928571e-01
   1.1650400e-02   3.0178571e-01
   1.2136000e-02   3.2321429e-01
   1.2621600e-02   3.3571429e-01
   1.3106400e-02   3.5357143e-01
   1.3592000e-02   3.7678571e-01
   1.4077600e-02   3.8750000e-01
   1.4563200e-02   4.0892857e-01
   1.5048800e-02   4.3214286e-01
   1.5534400e-02   4.3928571e-01
   1.6019200e-02   4.6071429e-01
   1.6504800e-02   4.8928571e-01
   1.6990400e-02   5.0892857e-01
   1.7476000e-02   5.1428571e-01
   1.7960800e-02   5.2678571e-01
   1.8446400e-02   5.3571429e-01
   1.8932000e-02   5.4642857e-01
   1.9417600e-02   5.6250000e-01
   1.9903200e-02   5.7321429e-01
   2.0388000e-02   5.8750000e-01
   2.0873600e-02   5.9464286e-01
   2.1359200e-02   6.0535714e-01
   2.1844800e-02   6.1428571e-01
   2.2330400e-02   6.2142857e-01
   2.2815200e-02   6.3214286e-01
   2.3300800e-02   6.3392857e-01
   2.3786400e-02   6.4285714e-01
   2.4272000e-02   6.4821429e-01
   2.4757600e-02   6.5714286e-01
   2.5242400e-02   6.6785714e-01
   2.5728000e-02   6.7857143e-01
   2.6213600e-02   6.8214286e-01
   2.6699200e-02   6.8750000e-01
   2.7184800e-02   7.0178571e-01
   2.7669600e-02   7.0535714e-01
   2.8155200e-02   7.1428571e-01
   2.8640800e-02   7.1785714e-01
   2.9126400e-02   7.2142857e-01
   2.9612000e-02   7.2678571e-01
   3.0096800e-02   7.3392857e-01
   3.0582400e-02   7.3571429e-01
   3.1068000e-02   7.4285714e-01
   3.1553600e-02   7.4821429e-01
   3.2039200e-02   7.5178571e-01
   3.2524000e-02   7.5357143e-01
   3.3009600e-02   7.5714286e-01
   3.3495200e-02   7.6250000e-01
   3.3980800e-02   7.6607143e-01
   3.4466400e-02   7.6785714e-01
   3.4951200e-02   7.7142857e-01
   3.5436800e-02   7.7321429e-01
   3.5922400e-02   7.7678571e-01
   3.6408000e-02   7.7857143e-01
   3.6892800e-02   7.8571429e-01
   3.7378400e-02   7.8928571e-01
   3.7864000e-02   7.9107143e-01
   3.8349600e-02   7.9285714e-01
   3.8835200e-02   7.9464286e-01
   3.9320000e-02   8.0357143e-01
   3.9805600e-02   8.0535714e-01
   4.0291200e-02   8.1071429e-01
   4.0776800e-02   8.1250000e-01
   4.1262400e-02   8.1428571e-01
   4.1748000e-02   8.1964286e-01
   4.2232800e-02   8.2142857e-01
   4.2718400e-02   8.2678571e-01
   4.3204000e-02   8.2857143e-01
   4.4174400e-02   8.3035714e-01
   4.4660000e-02   8.3214286e-01
   4.5145600e-02   8.3392857e-01
   4.5631200e-02   8.4107143e-01
   4.6601600e-02   8.4642857e-01
   4.7087200e-02   8.4821429e-01
   4.7572800e-02   8.5535714e-01
   4.8544000e-02   8.6071429e-01
   4.9028800e-02   8.6250000e-01
   4.9514400e-02   8.6964286e-01
   5.0485600e-02   8.7142857e-01
   5.2427200e-02   8.8214286e-01
   5.2912800e-02   8.8750000e-01
   5.3398400e-02   8.8928571e-01
   5.4368800e-02   8.9285714e-01
   5.4854400e-02   8.9821429e-01
   5.5340000e-02   9.0000000e-01
   5.5825600e-02   9.0535714e-01
   5.6796000e-02   9.0714286e-01
   5.7281600e-02   9.1071429e-01
   5.7767200e-02   9.1250000e-01
   5.8252800e-02   9.1428571e-01
   5.8737600e-02   9.1607143e-01
   6.0194400e-02   9.1964286e-01
   6.0680000e-02   9.2142857e-01
   6.2136000e-02   9.2321429e-01
   6.2621600e-02   9.2857143e-01
   6.3106400e-02   9.3035714e-01
   6.4077600e-02   9.3392857e-01
   6.4563200e-02   9.3571429e-01
   6.7960800e-02   9.3750000e-01
   6.8446400e-02   9.3928571e-01
   6.8932000e-02   9.4107143e-01
   7.0873600e-02   9.4285714e-01
   7.1359200e-02   9.4642857e-01
   7.2330400e-02   9.4821429e-01
   7.3300800e-02   9.5000000e-01
   7.3786400e-02   9.5178571e-01
   7.5242400e-02   9.5357143e-01
   7.5728000e-02   9.5535714e-01
   7.7669600e-02   9.5714286e-01
   7.8640800e-02   9.6071429e-01
   7.9126400e-02   9.6250000e-01
   8.0096800e-02   9.6428571e-01
   8.5922400e-02   9.6607143e-01
   9.2232800e-02   9.6785714e-01
   9.4660000e-02   9.6964286e-01
   9.5145600e-02   9.7142857e-01
   1.0097120e-01   9.7321429e-01
   1.0339840e-01   9.7500000e-01
   1.0485440e-01   9.7678571e-01
   1.0679600e-01   9.8035714e-01
   1.1650480e-01   9.8214286e-01
   1.2427200e-01   9.8392857e-01
   1.2475760e-01   9.8571429e-01
   1.3446640e-01   9.8750000e-01
   1.3543680e-01   9.8928571e-01
   1.3640800e-01   9.9107143e-01
   1.3883520e-01   9.9285714e-01
   1.4902880e-01   9.9464286e-01
   1.5485440e-01   9.9642857e-01
   1.6553360e-01   9.9821429e-01
   1.8834960e-01   1.0000000e+00
