   3.5400659e-03   0.0000000e+00
   3.5400659e-03   5.2826202e-04
   4.1985428e-03   1.0565240e-03
   4.6400189e-03   1.5847861e-03
   4.6637478e-03   2.1130481e-03
   5.2198798e-03   2.6413101e-03
   5.3228091e-03   3.1695721e-03
   5.5595746e-03   4.7543582e-03
   5.6671604e-03   5.2826202e-03
   5.8162615e-03   5.8108822e-03
   5.8306964e-03   6.3391442e-03
   5.8410244e-03   6.8674062e-03
   5.8901002e-03   7.3956683e-03
   6.0903515e-03   7.9239303e-03
   6.1329690e-03   8.9804543e-03
   6.1705686e-03   1.0036978e-02
   6.1999578e-03   1.0565240e-02
   6.3796017e-03   1.1093502e-02
   6.3934960e-03   1.2678288e-02
   6.4189003e-03   1.4263074e-02
   6.4596239e-03   1.4791337e-02
   6.5092570e-03   1.5319599e-02
   6.6696123e-03   1.6904385e-02
   6.6826394e-03   1.7960909e-02
   6.7074752e-03   1.8489171e-02
   6.7451310e-03   2.0073957e-02
   6.7947919e-03   2.0602219e-02
   6.8562666e-03   2.1130481e-02
   6.9296931e-03   2.2187005e-02
   6.9600344e-03   2.4300053e-02
   6.9711664e-03   2.6413101e-02
   6.9965834e-03   2.7469625e-02
   7.0137343e-03   2.7997887e-02
   7.0308378e-03   2.9054411e-02
   7.0805901e-03   3.0110935e-02
   7.1102011e-03   3.0639197e-02
   7.1372737e-03   3.1695721e-02
   7.2495181e-03   3.2223983e-02
   7.2619962e-03   3.6450079e-02
   7.2828303e-03   3.8563127e-02
   7.2891380e-03   3.9091389e-02
   7.3623473e-03   3.9619651e-02
   7.4867591e-03   4.0676175e-02
   7.5398954e-03   4.1732699e-02
   7.5496999e-03   4.3845747e-02
   7.5706463e-03   4.5430534e-02
   7.5745993e-03   4.8071844e-02
   7.6033608e-03   5.0184892e-02
   7.6532061e-03   5.1241416e-02
   7.7016261e-03   5.2297940e-02
   7.7579425e-03   5.2826202e-02
   7.8289513e-03   5.4410988e-02
   7.8414276e-03   5.5995774e-02
   7.8593541e-03   5.9693608e-02
   7.8965799e-03   6.0750132e-02
   7.9323377e-03   6.1278394e-02
   7.9361839e-03   6.2334918e-02
   7.9935247e-03   6.3919704e-02
   8.0464413e-03   6.4447966e-02
   8.1197563e-03   6.7089276e-02
   8.1279737e-03   6.7617538e-02
   8.1307674e-03   6.8674062e-02
   8.1528772e-03   7.2371896e-02
   8.1780397e-03   7.6069731e-02
   8.2268371e-03   7.9239303e-02
   8.2675362e-03   7.9767565e-02
   8.3063107e-03   8.0824089e-02
   8.3405495e-03   8.3465399e-02
   8.3966906e-03   8.4521923e-02
   8.4084435e-03   8.8219757e-02
   8.4209181e-03   9.1389329e-02
   8.4365184e-03   9.2974115e-02
   8.4731506e-03   9.5087163e-02
   8.4924180e-03   9.5615425e-02
   8.5035584e-03   9.7200211e-02
   8.5632440e-03   9.8256735e-02
   8.5644134e-03   1.0195457e-01
   8.6087949e-03   1.0512414e-01
   8.6811657e-03   1.0565240e-01
   8.6934775e-03   1.0618067e-01
   8.6996173e-03   1.0882198e-01
   8.7070551e-03   1.1251981e-01
   8.7313651e-03   1.1516112e-01
   8.7524291e-03   1.1621764e-01
   8.8012846e-03   1.1727417e-01
   8.8357060e-03   1.1885895e-01
   8.8594019e-03   1.2097200e-01
   8.9084769e-03   1.2255679e-01
   8.9300834e-03   1.2308505e-01
   8.9554212e-03   1.2361331e-01
   8.9885609e-03   1.2678288e-01
   9.0004564e-03   1.3048072e-01
   9.0134888e-03   1.3365029e-01
   9.0501417e-03   1.3946117e-01
   9.0523141e-03   1.4051770e-01
   9.0754731e-03   1.4157422e-01
   9.1364322e-03   1.4474379e-01
   9.1737626e-03   1.4632858e-01
   9.2297540e-03   1.4738510e-01
   9.2589848e-03   1.5108294e-01
   9.2800378e-03   1.5213946e-01
   9.2857095e-03   1.5583730e-01
   9.3100238e-03   1.5900687e-01
   9.3274957e-03   1.6006339e-01
   9.3763985e-03   1.6428949e-01
   9.4049152e-03   1.6693080e-01
   9.4150808e-03   1.6798732e-01
   9.4385440e-03   1.6851558e-01
   9.4785143e-03   1.7274168e-01
   9.5170983e-03   1.7326994e-01
   9.5681385e-03   1.7802430e-01
   9.5805757e-03   1.8277866e-01
   9.5908079e-03   1.8489171e-01
   9.6037060e-03   1.8541997e-01
   9.6139563e-03   1.9017433e-01
   9.6274777e-03   1.9968304e-01
   9.6483363e-03   2.0179609e-01
   9.6730522e-03   2.0232435e-01
   9.7100303e-03   2.0707871e-01
   9.7401063e-03   2.0866350e-01
   9.8229868e-03   2.0919176e-01
   9.8255580e-03   2.1183307e-01
   9.8598987e-03   2.1764395e-01
   9.8645056e-03   2.1817221e-01
   9.8651621e-03   2.1870048e-01
   9.8893485e-03   2.2292657e-01
   9.9031214e-03   2.2503962e-01
   9.9526965e-03   2.3032224e-01
   9.9735133e-03   2.3243529e-01
   1.0021894e-02   2.3296355e-01
   1.0049082e-02   2.3771791e-01
   1.0080473e-02   2.3824617e-01
   1.0147748e-02   2.4194400e-01
   1.0152479e-02   2.4300053e-01
   1.0160186e-02   2.4511358e-01
   1.0168416e-02   2.4881141e-01
   1.0177642e-02   2.4986793e-01
   1.0206226e-02   2.5356577e-01
   1.0209590e-02   2.5409403e-01
   1.0217471e-02   2.5726360e-01
   1.0283750e-02   2.5937665e-01
   1.0307953e-02   2.6201796e-01
   1.0337177e-02   2.6360275e-01
   1.0384732e-02   2.6465927e-01
   1.0393597e-02   2.6835711e-01
   1.0439760e-02   2.7205494e-01
   1.0443420e-02   2.7680930e-01
   1.0468869e-02   2.7786582e-01
   1.0479214e-02   2.7945061e-01
   1.0529312e-02   2.8156366e-01
   1.0534262e-02   2.8209192e-01
   1.0546816e-02   2.8367670e-01
   1.0573600e-02   2.8473323e-01
   1.0620656e-02   2.8790280e-01
   1.0645618e-02   2.8895932e-01
   1.0704530e-02   2.8948759e-01
   1.0727386e-02   2.9107237e-01
   1.0740411e-02   2.9160063e-01
   1.0743050e-02   2.9477021e-01
   1.0746267e-02   2.9899630e-01
   1.0784089e-02   3.0322240e-01
   1.0796305e-02   3.0375066e-01
   1.0858601e-02   3.0692023e-01
   1.0877068e-02   3.0744849e-01
   1.0894971e-02   3.0903328e-01
   1.0903014e-02   3.0956154e-01
   1.0962874e-02   3.1061807e-01
   1.0986837e-02   3.1114633e-01
   1.0987879e-02   3.1167459e-01
   1.1020192e-02   3.1431590e-01
   1.1022434e-02   3.1854200e-01
   1.1047886e-02   3.2012678e-01
   1.1075203e-02   3.2065504e-01
   1.1096974e-02   3.2276809e-01
   1.1105827e-02   3.2593767e-01
   1.1119149e-02   3.2699419e-01
   1.1119279e-02   3.2752245e-01
   1.1128206e-02   3.2857898e-01
   1.1193547e-02   3.3016376e-01
   1.1212266e-02   3.3122029e-01
   1.1259377e-02   3.3227681e-01
   1.1295871e-02   3.3280507e-01
   1.1307603e-02   3.3808769e-01
   1.1309921e-02   3.4020074e-01
   1.1320071e-02   3.4178553e-01
   1.1324324e-02   3.4284205e-01
   1.1334321e-02   3.4337031e-01
   1.1362156e-02   3.4759641e-01
   1.1371183e-02   3.5129424e-01
   1.1433532e-02   3.5446381e-01
   1.1447261e-02   3.5552034e-01
   1.1448876e-02   3.5604860e-01
   1.1454956e-02   3.5763339e-01
   1.1484390e-02   3.5816165e-01
   1.1515828e-02   3.5974643e-01
   1.1533655e-02   3.6133122e-01
   1.1551980e-02   3.6238774e-01
   1.1571397e-02   3.6291601e-01
   1.1600053e-02   3.6555732e-01
   1.1602075e-02   3.6714210e-01
   1.1626986e-02   3.6978341e-01
   1.1627132e-02   3.7031167e-01
   1.1632523e-02   3.7189646e-01
   1.1661368e-02   3.7400951e-01
   1.1664891e-02   3.7453777e-01
   1.1682673e-02   3.7559429e-01
   1.1684570e-02   3.7665082e-01
   1.1692225e-02   3.7876387e-01
   1.1766706e-02   3.8087691e-01
   1.1780200e-02   3.8193344e-01
   1.1816626e-02   3.8510301e-01
   1.1878484e-02   3.8563127e-01
   1.1887283e-02   3.8721606e-01
   1.1899750e-02   3.8880085e-01
   1.1903085e-02   3.9249868e-01
   1.1940397e-02   3.9461173e-01
   1.1946543e-02   3.9566825e-01
   1.1998647e-02   3.9672478e-01
   1.2008937e-02   4.0200740e-01
   1.2016827e-02   4.0306392e-01
   1.2018380e-02   4.0464871e-01
   1.2104898e-02   4.0570523e-01
   1.2117569e-02   4.0676175e-01
   1.2179914e-02   4.0834654e-01
   1.2181247e-02   4.1098785e-01
   1.2204847e-02   4.1204437e-01
   1.2206159e-02   4.1415742e-01
   1.2210149e-02   4.1574221e-01
   1.2259804e-02   4.1679873e-01
   1.2265938e-02   4.1838352e-01
   1.2340492e-02   4.2155309e-01
   1.2349243e-02   4.2419440e-01
   1.2376649e-02   4.2472266e-01
   1.2447698e-02   4.2577919e-01
   1.2459684e-02   4.2630745e-01
   1.2466980e-02   4.2894876e-01
   1.2479446e-02   4.2947702e-01
   1.2481470e-02   4.3053354e-01
   1.2518787e-02   4.3264659e-01
   1.2522822e-02   4.3370312e-01
   1.2581428e-02   4.3475964e-01
   1.2584751e-02   4.3581616e-01
   1.2590297e-02   4.3687269e-01
   1.2595233e-02   4.3792921e-01
   1.2676923e-02   4.3951400e-01
   1.2739139e-02   4.4057052e-01
   1.2748309e-02   4.4109878e-01
   1.2755726e-02   4.4162705e-01
   1.2759775e-02   4.4321183e-01
   1.2760482e-02   4.4532488e-01
   1.2773221e-02   4.4585314e-01
   1.2785394e-02   4.4743793e-01
   1.2787511e-02   4.4902272e-01
   1.2795410e-02   4.5007924e-01
   1.2837181e-02   4.5377707e-01
   1.2919901e-02   4.5430534e-01
   1.2921371e-02   4.5589012e-01
   1.2938182e-02   4.5747491e-01
   1.3018514e-02   4.5905969e-01
   1.3024327e-02   4.6011622e-01
   1.3046692e-02   4.6064448e-01
   1.3059157e-02   4.6328579e-01
   1.3059986e-02   4.6381405e-01
   1.3097308e-02   4.6434231e-01
   1.3098961e-02   4.6539884e-01
   1.3104706e-02   4.6592710e-01
   1.3126709e-02   4.6698362e-01
   1.3153511e-02   4.6751189e-01
   1.3160921e-02   4.6804015e-01
   1.3164030e-02   4.6856841e-01
   1.3250280e-02   4.7068146e-01
   1.3253109e-02   4.7173798e-01
   1.3294847e-02   4.7279451e-01
   1.3298278e-02   4.7332277e-01
   1.3339636e-02   4.7490755e-01
   1.3339772e-02   4.7596408e-01
   1.3363604e-02   4.7702060e-01
   1.3364683e-02   4.7913365e-01
   1.3365089e-02   4.8071844e-01
   1.3367243e-02   4.8124670e-01
   1.3414772e-02   4.8283148e-01
   1.3416074e-02   4.8441627e-01
   1.3473100e-02   4.8494453e-01
   1.3483166e-02   4.8547279e-01
   1.3490262e-02   4.8652932e-01
   1.3491209e-02   4.8864237e-01
   1.3500903e-02   4.9022715e-01
   1.3589486e-02   4.9128368e-01
   1.3626416e-02   4.9181194e-01
   1.3638616e-02   4.9234020e-01
   1.3666645e-02   4.9286846e-01
   1.3675942e-02   4.9498151e-01
   1.3676032e-02   4.9656630e-01
   1.3681920e-02   4.9709456e-01
   1.3712533e-02   4.9867934e-01
   1.3713580e-02   4.9920761e-01
   1.3738029e-02   5.0026413e-01
   1.3740802e-02   5.0079239e-01
   1.3823580e-02   5.0132066e-01
   1.3844096e-02   5.0184892e-01
   1.3858769e-02   5.0237718e-01
   1.3919108e-02   5.0449023e-01
   1.3919497e-02   5.0554675e-01
   1.3931046e-02   5.0660328e-01
   1.3932759e-02   5.0818806e-01
   1.3943461e-02   5.0924459e-01
   1.3991244e-02   5.1082937e-01
   1.3993167e-02   5.1347068e-01
   1.4062793e-02   5.1399894e-01
   1.4063086e-02   5.1452721e-01
   1.4065016e-02   5.1505547e-01
   1.4157750e-02   5.1664025e-01
   1.4217490e-02   5.1769678e-01
   1.4217941e-02   5.1928156e-01
   1.4218616e-02   5.1980983e-01
   1.4252760e-02   5.2033809e-01
   1.4255281e-02   5.2192287e-01
   1.4279807e-02   5.2403592e-01
   1.4311009e-02   5.2614897e-01
   1.4392403e-02   5.2667723e-01
   1.4397406e-02   5.2773376e-01
   1.4415531e-02   5.2826202e-01
   1.4420792e-02   5.2931854e-01
   1.4428687e-02   5.3037507e-01
   1.4499069e-02   5.3143159e-01
   1.4499358e-02   5.3248811e-01
   1.4502763e-02   5.3354464e-01
   1.4521394e-02   5.3565769e-01
   1.4523992e-02   5.3671421e-01
   1.4566785e-02   5.3777073e-01
   1.4571109e-02   5.3829900e-01
   1.4583486e-02   5.3935552e-01
   1.4622562e-02   5.3988378e-01
   1.4635029e-02   5.4041204e-01
   1.4641058e-02   5.4094031e-01
   1.4733513e-02   5.4199683e-01
   1.4770704e-02   5.4252509e-01
   1.4779623e-02   5.4305335e-01
   1.4786468e-02   5.4463814e-01
   1.4796758e-02   5.4516640e-01
   1.4798943e-02   5.4675119e-01
   1.4829732e-02   5.4833597e-01
   1.4885239e-02   5.5097728e-01
   1.4891772e-02   5.5203381e-01
   1.4971696e-02   5.5309033e-01
   1.5047937e-02   5.5361859e-01
   1.5062752e-02   5.5414686e-01
   1.5080350e-02   5.5784469e-01
   1.5103407e-02   5.5890122e-01
   1.5128413e-02   5.5942948e-01
   1.5129438e-02   5.5995774e-01
   1.5142657e-02   5.6048600e-01
   1.5149199e-02   5.6207079e-01
   1.5183982e-02   5.6259905e-01
   1.5194830e-02   5.6312731e-01
   1.5196800e-02   5.6365557e-01
   1.5216964e-02   5.6524036e-01
   1.5294748e-02   5.6576862e-01
   1.5306412e-02   5.6629688e-01
   1.5325817e-02   5.6682515e-01
   1.5341022e-02   5.6788167e-01
   1.5366783e-02   5.6946646e-01
   1.5375655e-02   5.6999472e-01
   1.5379245e-02   5.7210777e-01
   1.5406921e-02   5.7263603e-01
   1.5413000e-02   5.7474908e-01
   1.5417165e-02   5.7527734e-01
   1.5459889e-02   5.7580560e-01
   1.5468980e-02   5.7633386e-01
   1.5546400e-02   5.7686212e-01
   1.5658483e-02   5.7950343e-01
   1.5660211e-02   5.8003170e-01
   1.5671653e-02   5.8055996e-01
   1.5677686e-02   5.8214474e-01
   1.5683393e-02   5.8425779e-01
   1.5690615e-02   5.8531432e-01
   1.5700697e-02   5.8584258e-01
   1.5718821e-02   5.8689910e-01
   1.5727418e-02   5.8795563e-01
   1.5746360e-02   5.8848389e-01
   1.5764215e-02   5.8901215e-01
   1.5781169e-02   5.9006867e-01
   1.5793160e-02   5.9112520e-01
   1.5851468e-02   5.9165346e-01
   1.5864481e-02   5.9218172e-01
   1.5873078e-02   5.9270998e-01
   1.5903746e-02   5.9323825e-01
   1.5946545e-02   5.9535129e-01
   1.5955162e-02   5.9640782e-01
   1.5959006e-02   5.9746434e-01
   1.5968427e-02   5.9799260e-01
   1.5984304e-02   5.9904913e-01
   1.5987049e-02   6.0010565e-01
   1.6046378e-02   6.0116218e-01
   1.6063711e-02   6.0169044e-01
   1.6063870e-02   6.0221870e-01
   1.6106256e-02   6.0327522e-01
   1.6114447e-02   6.0380349e-01
   1.6121474e-02   6.0433175e-01
   1.6198053e-02   6.0486001e-01
   1.6237961e-02   6.0591653e-01
   1.6240072e-02   6.0697306e-01
   1.6242140e-02   6.0855784e-01
   1.6256546e-02   6.0961437e-01
   1.6262228e-02   6.1014263e-01
   1.6262871e-02   6.1067089e-01
   1.6273097e-02   6.1119915e-01
   1.6295248e-02   6.1172742e-01
   1.6306272e-02   6.1331220e-01
   1.6332504e-02   6.1384046e-01
   1.6354958e-02   6.1436873e-01
   1.6369614e-02   6.1648177e-01
   1.6434922e-02   6.1753830e-01
   1.6453674e-02   6.1806656e-01
   1.6468343e-02   6.1965135e-01
   1.6526314e-02   6.2017961e-01
   1.6534192e-02   6.2176440e-01
   1.6534846e-02   6.2334918e-01
   1.6538774e-02   6.2493397e-01
   1.6562380e-02   6.2599049e-01
   1.6571528e-02   6.2757528e-01
   1.6610276e-02   6.2863180e-01
   1.6624456e-02   6.3074485e-01
   1.6655054e-02   6.3127311e-01
   1.6681775e-02   6.3180137e-01
   1.6696878e-02   6.3232964e-01
   1.6766957e-02   6.3338616e-01
   1.6782028e-02   6.3391442e-01
   1.6789530e-02   6.3444268e-01
   1.6795573e-02   6.3549921e-01
   1.6816161e-02   6.3602747e-01
   1.6817466e-02   6.3708399e-01
   1.6819933e-02   6.3919704e-01
   1.6834983e-02   6.3972530e-01
   1.6842376e-02   6.4025357e-01
   1.6875340e-02   6.4078183e-01
   1.6884714e-02   6.4131009e-01
   1.6946799e-02   6.4183835e-01
   1.7002168e-02   6.4236661e-01
   1.7006000e-02   6.4289488e-01
   1.7027938e-02   6.4395140e-01
   1.7033324e-02   6.4553619e-01
   1.7102830e-02   6.4606445e-01
   1.7113278e-02   6.4712097e-01
   1.7129485e-02   6.4764923e-01
   1.7147677e-02   6.4817750e-01
   1.7150616e-02   6.4923402e-01
   1.7251686e-02   6.5029054e-01
   1.7337243e-02   6.5081881e-01
   1.7350733e-02   6.5134707e-01
   1.7351820e-02   6.5187533e-01
   1.7363226e-02   6.5293185e-01
   1.7396994e-02   6.5346012e-01
   1.7421904e-02   6.5504490e-01
   1.7463251e-02   6.5610143e-01
   1.7504228e-02   6.5715795e-01
   1.7525687e-02   6.5768621e-01
   1.7536065e-02   6.5821447e-01
   1.7603689e-02   6.5979926e-01
   1.7698329e-02   6.6191231e-01
   1.7701246e-02   6.6296883e-01
   1.7717947e-02   6.6402536e-01
   1.7729755e-02   6.6508188e-01
   1.7744562e-02   6.6561014e-01
   1.7780046e-02   6.6613840e-01
   1.7817624e-02   6.6719493e-01
   1.7849675e-02   6.6877971e-01
   1.7907527e-02   6.6930798e-01
   1.7976544e-02   6.7036450e-01
   1.7979655e-02   6.7142102e-01
   1.7992130e-02   6.7247755e-01
   1.8007632e-02   6.7300581e-01
   1.8026365e-02   6.7511886e-01
   1.8042452e-02   6.7564712e-01
   1.8058144e-02   6.7617538e-01
   1.8063825e-02   6.7670365e-01
   1.8079772e-02   6.7723191e-01
   1.8101408e-02   6.7987322e-01
   1.8150946e-02   6.8040148e-01
   1.8166098e-02   6.8092974e-01
   1.8178653e-02   6.8145800e-01
   1.8265655e-02   6.8251453e-01
   1.8271599e-02   6.8304279e-01
   1.8273024e-02   6.8357105e-01
   1.8278115e-02   6.8515584e-01
   1.8284137e-02   6.8568410e-01
   1.8295928e-02   6.8674062e-01
   1.8307284e-02   6.8779715e-01
   1.8308939e-02   6.8885367e-01
   1.8312495e-02   6.8938193e-01
   1.8339188e-02   6.8991020e-01
   1.8347091e-02   6.9043846e-01
   1.8358651e-02   6.9096672e-01
   1.8386666e-02   6.9255151e-01
   1.8400028e-02   6.9360803e-01
   1.8425892e-02   6.9413629e-01
   1.8471940e-02   6.9466455e-01
   1.8478874e-02   6.9624934e-01
   1.8517289e-02   6.9677760e-01
   1.8556113e-02   6.9730586e-01
   1.8559516e-02   6.9783413e-01
   1.8570825e-02   6.9836239e-01
   1.8581023e-02   6.9941891e-01
   1.8584423e-02   6.9994717e-01
   1.8613912e-02   7.0153196e-01
   1.8621176e-02   7.0206022e-01
   1.8654991e-02   7.0311675e-01
   1.8678667e-02   7.0417327e-01
   1.8689188e-02   7.0470153e-01
   1.8753918e-02   7.0575806e-01
   1.8829457e-02   7.0681458e-01
   1.8845446e-02   7.0787110e-01
   1.8846718e-02   7.0945589e-01
   1.8850824e-02   7.0998415e-01
   1.8857905e-02   7.1051241e-01
   1.8888762e-02   7.1209720e-01
   1.8915597e-02   7.1262546e-01
   1.8974210e-02   7.1315372e-01
   1.9002330e-02   7.1368199e-01
   1.9083466e-02   7.1421025e-01
   1.9085305e-02   7.1526677e-01
   1.9135700e-02   7.1632330e-01
   1.9161198e-02   7.1685156e-01
   1.9185454e-02   7.1737982e-01
   1.9227223e-02   7.1843634e-01
   1.9230490e-02   7.1896461e-01
   1.9253606e-02   7.1949287e-01
   1.9256081e-02   7.2002113e-01
   1.9302511e-02   7.2054939e-01
   1.9419275e-02   7.2107765e-01
   1.9419880e-02   7.2160592e-01
   1.9425240e-02   7.2266244e-01
   1.9435752e-02   7.2319070e-01
   1.9452825e-02   7.2371896e-01
   1.9492211e-02   7.2477549e-01
   1.9495299e-02   7.2530375e-01
   1.9514963e-02   7.2636027e-01
   1.9585692e-02   7.2688854e-01
   1.9650870e-02   7.2847332e-01
   1.9715880e-02   7.2900158e-01
   1.9719810e-02   7.3058637e-01
   1.9759158e-02   7.3217116e-01
   1.9833638e-02   7.3269942e-01
   1.9870145e-02   7.3375594e-01
   1.9905249e-02   7.3428420e-01
   1.9942076e-02   7.3481247e-01
   1.9947027e-02   7.3534073e-01
   1.9993427e-02   7.3586899e-01
   2.0009968e-02   7.3692552e-01
   2.0031121e-02   7.3745378e-01
   2.0081231e-02   7.3798204e-01
   2.0093267e-02   7.3956683e-01
   2.0097956e-02   7.4009509e-01
   2.0123549e-02   7.4062335e-01
   2.0155795e-02   7.4167987e-01
   2.0160946e-02   7.4273640e-01
   2.0182671e-02   7.4326466e-01
   2.0194595e-02   7.4379292e-01
   2.0218580e-02   7.4432118e-01
   2.0234754e-02   7.4484945e-01
   2.0296052e-02   7.4537771e-01
   2.0300230e-02   7.4590597e-01
   2.0307898e-02   7.4643423e-01
   2.0357666e-02   7.4749076e-01
   2.0385484e-02   7.4801902e-01
   2.0411326e-02   7.4854728e-01
   2.0441161e-02   7.4907554e-01
   2.0507243e-02   7.5013207e-01
   2.0567329e-02   7.5066033e-01
   2.0589844e-02   7.5171685e-01
   2.0598430e-02   7.5330164e-01
   2.0609505e-02   7.5382990e-01
   2.0626652e-02   7.5647121e-01
   2.0671658e-02   7.5805600e-01
   2.0698653e-02   7.5911252e-01
   2.0711236e-02   7.5964078e-01
   2.0809906e-02   7.6069731e-01
   2.0852019e-02   7.6122557e-01
   2.0875684e-02   7.6175383e-01
   2.0880091e-02   7.6333862e-01
   2.0900591e-02   7.6545166e-01
   2.0902829e-02   7.6597993e-01
   2.0914628e-02   7.6650819e-01
   2.0920715e-02   7.6703645e-01
   2.0936610e-02   7.6756471e-01
   2.0952366e-02   7.6809297e-01
   2.0958428e-02   7.6914950e-01
   2.0989134e-02   7.6967776e-01
   2.1057501e-02   7.7020602e-01
   2.1068201e-02   7.7073428e-01
   2.1068924e-02   7.7126255e-01
   2.1135903e-02   7.7179081e-01
   2.1141556e-02   7.7284733e-01
   2.1165777e-02   7.7390386e-01
   2.1188501e-02   7.7443212e-01
   2.1241770e-02   7.7496038e-01
   2.1250128e-02   7.7548864e-01
   2.1262867e-02   7.7601690e-01
   2.1309940e-02   7.7654517e-01
   2.1345600e-02   7.7707343e-01
   2.1356626e-02   7.7760169e-01
   2.1422589e-02   7.7812995e-01
   2.1428655e-02   7.7865821e-01
   2.1455327e-02   7.7918648e-01
   2.1459952e-02   7.7971474e-01
   2.1466371e-02   7.8024300e-01
   2.1473062e-02   7.8077126e-01
   2.1476730e-02   7.8129952e-01
   2.1480235e-02   7.8182779e-01
   2.1486523e-02   7.8235605e-01
   2.1506297e-02   7.8288431e-01
   2.1516131e-02   7.8341257e-01
   2.1534824e-02   7.8394083e-01
   2.1550220e-02   7.8446910e-01
   2.1567052e-02   7.8499736e-01
   2.1596531e-02   7.8552562e-01
   2.1631188e-02   7.8605388e-01
   2.1633926e-02   7.8658214e-01
   2.1681316e-02   7.8711041e-01
   2.1724597e-02   7.8763867e-01
   2.1745586e-02   7.8816693e-01
   2.1748587e-02   7.8869519e-01
   2.1758042e-02   7.8975172e-01
   2.1760427e-02   7.9027998e-01
   2.1767041e-02   7.9080824e-01
   2.1800908e-02   7.9186476e-01
   2.1814004e-02   7.9239303e-01
   2.1829193e-02   7.9292129e-01
   2.1849616e-02   7.9344955e-01
   2.1857538e-02   7.9397781e-01
   2.1871793e-02   7.9450608e-01
   2.1887233e-02   7.9503434e-01
   2.1926191e-02   7.9556260e-01
   2.2034983e-02   7.9609086e-01
   2.2050327e-02   7.9661912e-01
   2.2095171e-02   7.9767565e-01
   2.2153894e-02   7.9820391e-01
   2.2211157e-02   7.9873217e-01
   2.2272081e-02   7.9926043e-01
   2.2325396e-02   7.9978870e-01
   2.2327997e-02   8.0031696e-01
   2.2365342e-02   8.0137348e-01
   2.2378318e-02   8.0190174e-01
   2.2404657e-02   8.0243001e-01
   2.2407807e-02   8.0295827e-01
   2.2408196e-02   8.0348653e-01
   2.2412724e-02   8.0401479e-01
   2.2425198e-02   8.0454305e-01
   2.2487927e-02   8.0507132e-01
   2.2519835e-02   8.0559958e-01
   2.2524088e-02   8.0612784e-01
   2.2537442e-02   8.0771263e-01
   2.2540136e-02   8.0824089e-01
   2.2565151e-02   8.0876915e-01
   2.2619674e-02   8.0929741e-01
   2.2624488e-02   8.0982567e-01
   2.2674253e-02   8.1088220e-01
   2.2688658e-02   8.1193872e-01
   2.2724312e-02   8.1246698e-01
   2.2841057e-02   8.1299525e-01
   2.2895174e-02   8.1405177e-01
   2.2917666e-02   8.1458003e-01
   2.2944775e-02   8.1510829e-01
   2.2955852e-02   8.1563656e-01
   2.2969487e-02   8.1616482e-01
   2.2987089e-02   8.1669308e-01
   2.3043332e-02   8.1722134e-01
   2.3062565e-02   8.1774960e-01
   2.3066861e-02   8.1933439e-01
   2.3076529e-02   8.1986265e-01
   2.3113990e-02   8.2039091e-01
   2.3114782e-02   8.2091918e-01
   2.3137717e-02   8.2144744e-01
   2.3195526e-02   8.2197570e-01
   2.3198454e-02   8.2250396e-01
   2.3219230e-02   8.2356049e-01
   2.3323835e-02   8.2408875e-01
   2.3472438e-02   8.2461701e-01
   2.3486884e-02   8.2514527e-01
   2.3497482e-02   8.2567353e-01
   2.3532944e-02   8.2620180e-01
   2.3533501e-02   8.2778658e-01
   2.3572524e-02   8.2831484e-01
   2.3625408e-02   8.2884311e-01
   2.3637626e-02   8.2937137e-01
   2.3678334e-02   8.2989963e-01
   2.3710497e-02   8.3042789e-01
   2.3782762e-02   8.3095615e-01
   2.3792328e-02   8.3148442e-01
   2.3799500e-02   8.3201268e-01
   2.3842604e-02   8.3254094e-01
   2.3880793e-02   8.3306920e-01
   2.3942411e-02   8.3412573e-01
   2.3981238e-02   8.3518225e-01
   2.4017875e-02   8.3571051e-01
   2.4037876e-02   8.3623877e-01
   2.4066357e-02   8.3676704e-01
   2.4077878e-02   8.3729530e-01
   2.4104294e-02   8.3835182e-01
   2.4123474e-02   8.3888008e-01
   2.4144611e-02   8.3993661e-01
   2.4155181e-02   8.4204966e-01
   2.4242654e-02   8.4257792e-01
   2.4348161e-02   8.4310618e-01
   2.4361950e-02   8.4363444e-01
   2.4364392e-02   8.4416270e-01
   2.4379192e-02   8.4469097e-01
   2.4398143e-02   8.4521923e-01
   2.4414074e-02   8.4574749e-01
   2.4420393e-02   8.4627575e-01
   2.4443812e-02   8.4680401e-01
   2.4459149e-02   8.4733228e-01
   2.4487582e-02   8.4786054e-01
   2.4593594e-02   8.4891706e-01
   2.4660672e-02   8.4944532e-01
   2.4699600e-02   8.4997359e-01
   2.4778660e-02   8.5050185e-01
   2.4787242e-02   8.5103011e-01
   2.4789519e-02   8.5155837e-01
   2.4807691e-02   8.5261490e-01
   2.4856162e-02   8.5314316e-01
   2.4923779e-02   8.5367142e-01
   2.5096927e-02   8.5419968e-01
   2.5237519e-02   8.5472795e-01
   2.5262979e-02   8.5525621e-01
   2.5354500e-02   8.5578447e-01
   2.5354581e-02   8.5684099e-01
   2.5362395e-02   8.5789752e-01
   2.5373397e-02   8.5842578e-01
   2.5477957e-02   8.5895404e-01
   2.5509558e-02   8.5948230e-01
   2.5513669e-02   8.6001057e-01
   2.5589715e-02   8.6053883e-01
   2.5602530e-02   8.6106709e-01
   2.5621815e-02   8.6212361e-01
   2.5694353e-02   8.6265188e-01
   2.5746221e-02   8.6318014e-01
   2.5842818e-02   8.6423666e-01
   2.5873305e-02   8.6476492e-01
   2.5874792e-02   8.6529319e-01
   2.5881264e-02   8.6582145e-01
   2.5997440e-02   8.6634971e-01
   2.6074384e-02   8.6687797e-01
   2.6118314e-02   8.6740623e-01
   2.6120569e-02   8.6793450e-01
   2.6150065e-02   8.6846276e-01
   2.6266029e-02   8.6899102e-01
   2.6380454e-02   8.6951928e-01
   2.6385552e-02   8.7004754e-01
   2.6398578e-02   8.7057581e-01
   2.6404974e-02   8.7163233e-01
   2.6574434e-02   8.7216059e-01
   2.6576947e-02   8.7268885e-01
   2.6577495e-02   8.7321712e-01
   2.6595467e-02   8.7374538e-01
   2.6607147e-02   8.7427364e-01
   2.6679832e-02   8.7480190e-01
   2.6773830e-02   8.7585843e-01
   2.6795785e-02   8.7638669e-01
   2.6838056e-02   8.7691495e-01
   2.6965093e-02   8.7744321e-01
   2.7080416e-02   8.7797147e-01
   2.7151550e-02   8.7849974e-01
   2.7166266e-02   8.7902800e-01
   2.7178313e-02   8.7955626e-01
   2.7225300e-02   8.8008452e-01
   2.7352490e-02   8.8061278e-01
   2.7358471e-02   8.8114105e-01
   2.7410639e-02   8.8166931e-01
   2.7512676e-02   8.8219757e-01
   2.7582606e-02   8.8272583e-01
   2.7617068e-02   8.8378236e-01
   2.7665476e-02   8.8431062e-01
   2.7667812e-02   8.8483888e-01
   2.7889170e-02   8.8536714e-01
   2.8077344e-02   8.8589540e-01
   2.8135701e-02   8.8642367e-01
   2.8194390e-02   8.8695193e-01
   2.8198491e-02   8.8748019e-01
   2.8241553e-02   8.8800845e-01
   2.8264101e-02   8.8853671e-01
   2.8321705e-02   8.8959324e-01
   2.8422264e-02   8.9012150e-01
   2.8427297e-02   8.9117802e-01
   2.8438362e-02   8.9223455e-01
   2.8556032e-02   8.9276281e-01
   2.8714808e-02   8.9329107e-01
   2.8717613e-02   8.9381933e-01
   2.8741773e-02   8.9434760e-01
   2.8777600e-02   8.9487586e-01
   2.8780576e-02   8.9540412e-01
   2.8802126e-02   8.9593238e-01
   2.8817782e-02   8.9646064e-01
   2.8945009e-02   8.9698891e-01
   2.8993178e-02   8.9751717e-01
   2.9084659e-02   8.9804543e-01
   2.9281482e-02   8.9857369e-01
   2.9399771e-02   8.9910195e-01
   2.9530480e-02   8.9963022e-01
   2.9703395e-02   9.0015848e-01
   2.9873654e-02   9.0121500e-01
   2.9907490e-02   9.0174326e-01
   3.0044020e-02   9.0227153e-01
   3.0152678e-02   9.0279979e-01
   3.0247006e-02   9.0332805e-01
   3.0277123e-02   9.0385631e-01
   3.0355111e-02   9.0438457e-01
   3.0361204e-02   9.0491284e-01
   3.0378116e-02   9.0649762e-01
   3.0434419e-02   9.0702588e-01
   3.0637879e-02   9.0755415e-01
   3.0682736e-02   9.0808241e-01
   3.0684795e-02   9.0861067e-01
   3.0715044e-02   9.0913893e-01
   3.0732434e-02   9.0966719e-01
   3.0757359e-02   9.1019546e-01
   3.0901217e-02   9.1072372e-01
   3.0929601e-02   9.1125198e-01
   3.1148194e-02   9.1178024e-01
   3.1159042e-02   9.1230851e-01
   3.1177031e-02   9.1283677e-01
   3.1186110e-02   9.1336503e-01
   3.1330799e-02   9.1389329e-01
   3.1391697e-02   9.1442155e-01
   3.1603185e-02   9.1494982e-01
   3.1750124e-02   9.1547808e-01
   3.1918169e-02   9.1600634e-01
   3.1969126e-02   9.1653460e-01
   3.2220102e-02   9.1706286e-01
   3.2279015e-02   9.1759113e-01
   3.2351141e-02   9.1811939e-01
   3.2563482e-02   9.1864765e-01
   3.2670792e-02   9.1917591e-01
   3.2685299e-02   9.1970417e-01
   3.2817320e-02   9.2023244e-01
   3.3037260e-02   9.2076070e-01
   3.3066006e-02   9.2128896e-01
   3.3147644e-02   9.2181722e-01
   3.3150083e-02   9.2234548e-01
   3.3701915e-02   9.2287375e-01
   3.3804267e-02   9.2340201e-01
   3.3893726e-02   9.2393027e-01
   3.3922251e-02   9.2445853e-01
   3.3924804e-02   9.2551506e-01
   3.3991864e-02   9.2604332e-01
   3.4091987e-02   9.2657158e-01
   3.4153108e-02   9.2709984e-01
   3.4226014e-02   9.2762810e-01
   3.4247941e-02   9.2815637e-01
   3.4542473e-02   9.2868463e-01
   3.4571206e-02   9.2921289e-01
   3.4584634e-02   9.2974115e-01
   3.4612798e-02   9.3026941e-01
   3.4719446e-02   9.3079768e-01
   3.4793988e-02   9.3132594e-01
   3.4816877e-02   9.3185420e-01
   3.4964735e-02   9.3238246e-01
   3.5063463e-02   9.3291072e-01
   3.5131573e-02   9.3343899e-01
   3.5299650e-02   9.3396725e-01
   3.5302459e-02   9.3449551e-01
   3.5384831e-02   9.3502377e-01
   3.5460109e-02   9.3555203e-01
   3.5743378e-02   9.3660856e-01
   3.5997444e-02   9.3713682e-01
   3.6477829e-02   9.3766508e-01
   3.6551615e-02   9.3819334e-01
   3.6602011e-02   9.3872161e-01
   3.6663364e-02   9.3924987e-01
   3.6716689e-02   9.3977813e-01
   3.6866047e-02   9.4030639e-01
   3.7199846e-02   9.4083465e-01
   3.7241747e-02   9.4136292e-01
   3.7263084e-02   9.4189118e-01
   3.7382811e-02   9.4241944e-01
   3.7469242e-02   9.4294770e-01
   3.7491053e-02   9.4347596e-01
   3.7692971e-02   9.4400423e-01
   3.7699465e-02   9.4453249e-01
   3.7816964e-02   9.4506075e-01
   3.7830577e-02   9.4558901e-01
   3.8251755e-02   9.4611727e-01
   3.8279885e-02   9.4664554e-01
   3.8297027e-02   9.4717380e-01
   3.8384451e-02   9.4770206e-01
   3.8393036e-02   9.4823032e-01
   3.8451694e-02   9.4875858e-01
   3.8483328e-02   9.4928685e-01
   3.8745104e-02   9.4981511e-01
   3.8838550e-02   9.5034337e-01
   3.9078390e-02   9.5087163e-01
   3.9234647e-02   9.5139989e-01
   3.9249478e-02   9.5192816e-01
   3.9301986e-02   9.5245642e-01
   3.9313780e-02   9.5298468e-01
   3.9517708e-02   9.5351294e-01
   3.9625144e-02   9.5404120e-01
   3.9787684e-02   9.5456947e-01
   3.9894560e-02   9.5509773e-01
   3.9900940e-02   9.5562599e-01
   4.0238103e-02   9.5615425e-01
   4.0304317e-02   9.5668251e-01
   4.0453689e-02   9.5721078e-01
   4.0616505e-02   9.5773904e-01
   4.0815814e-02   9.5826730e-01
   4.1136496e-02   9.5879556e-01
   4.1400432e-02   9.5932382e-01
   4.1464472e-02   9.5985209e-01
   4.1797986e-02   9.6038035e-01
   4.2043315e-02   9.6090861e-01
   4.2115631e-02   9.6143687e-01
   4.2290900e-02   9.6196513e-01
   4.2296811e-02   9.6249340e-01
   4.2446747e-02   9.6302166e-01
   4.2617582e-02   9.6354992e-01
   4.2621853e-02   9.6407818e-01
   4.3099347e-02   9.6460644e-01
   4.3468760e-02   9.6513471e-01
   4.4275500e-02   9.6566297e-01
   4.4295587e-02   9.6619123e-01
   4.4422184e-02   9.6671949e-01
   4.5223836e-02   9.6724775e-01
   4.5403812e-02   9.6830428e-01
   4.5460057e-02   9.6883254e-01
   4.5547991e-02   9.6936080e-01
   4.5576349e-02   9.6988906e-01
   4.5660000e-02   9.7041733e-01
   4.6181648e-02   9.7094559e-01
   4.7167215e-02   9.7147385e-01
   4.7240008e-02   9.7200211e-01
   4.7305227e-02   9.7253038e-01
   4.7419876e-02   9.7305864e-01
   4.7802680e-02   9.7358690e-01
   4.8484624e-02   9.7411516e-01
   4.8910361e-02   9.7464342e-01
   4.9044821e-02   9.7517169e-01
   4.9417447e-02   9.7569995e-01
   4.9615774e-02   9.7622821e-01
   4.9651669e-02   9.7675647e-01
   5.1349054e-02   9.7728473e-01
   5.1412726e-02   9.7781300e-01
   5.1753701e-02   9.7834126e-01
   5.1915192e-02   9.7886952e-01
   5.2215062e-02   9.7939778e-01
   5.3359104e-02   9.7992604e-01
   5.5412487e-02   9.8045431e-01
   5.5914454e-02   9.8098257e-01
   5.6018968e-02   9.8151083e-01
   5.7447085e-02   9.8203909e-01
   5.7456465e-02   9.8256735e-01
   5.7478499e-02   9.8309562e-01
   5.8173271e-02   9.8362388e-01
   5.9052760e-02   9.8415214e-01
   6.0040238e-02   9.8468040e-01
   6.1493249e-02   9.8520866e-01
   6.1779270e-02   9.8573693e-01
   6.2568045e-02   9.8626519e-01
   6.4076528e-02   9.8679345e-01
   6.4176619e-02   9.8732171e-01
   6.4786144e-02   9.8784997e-01
   6.5245762e-02   9.8837824e-01
   6.5273575e-02   9.8890650e-01
   6.6353209e-02   9.8943476e-01
   6.6437285e-02   9.8996302e-01
   6.8715176e-02   9.9049128e-01
   7.0883683e-02   9.9101955e-01
   7.1990427e-02   9.9154781e-01
   7.3998089e-02   9.9207607e-01
   7.5382914e-02   9.9260433e-01
   7.6690514e-02   9.9313259e-01
   8.0022705e-02   9.9366086e-01
   8.2506360e-02   9.9418912e-01
   8.7080286e-02   9.9471738e-01
   9.0697681e-02   9.9524564e-01
   9.1645726e-02   9.9577390e-01
   9.5927015e-02   9.9630217e-01
   9.8612499e-02   9.9683043e-01
   1.0213095e-01   9.9735869e-01
   1.0558434e-01   9.9788695e-01
   1.0732054e-01   9.9841521e-01
   1.2090028e-01   9.9894348e-01
   1.2322558e-01   9.9947174e-01
   1.7181148e-01   1.0000000e+00
