   3.7128000e-03   0.0000000e+00
   3.7128000e-03   1.1904762e-02
   4.0504000e-03   2.3809524e-02
   4.3880000e-03   4.4642857e-02
   4.7256000e-03   6.8452381e-02
   5.0632000e-03   1.0416667e-01
   5.4008000e-03   1.6071429e-01
   5.7384000e-03   2.0535714e-01
   6.0760000e-03   2.5297619e-01
   6.4136000e-03   3.0059524e-01
   6.7512000e-03   3.5714286e-01
   7.0888000e-03   3.7797619e-01
   7.4264000e-03   4.3154762e-01
   7.7640000e-03   4.5238095e-01
   8.1016000e-03   4.6726190e-01
   8.4392000e-03   4.7321429e-01
   8.7760000e-03   4.9107143e-01
   9.1136000e-03   5.1488095e-01
   9.4512000e-03   5.4464286e-01
   9.7888000e-03   5.5654762e-01
   1.0126400e-02   5.7142857e-01
   1.0464000e-02   5.7738095e-01
   1.0801600e-02   5.8333333e-01
   1.1139200e-02   5.9226190e-01
   1.1476800e-02   6.0119048e-01
   1.1814400e-02   6.0714286e-01
   1.2489600e-02   6.1011905e-01
   1.2827200e-02   6.1904762e-01
   1.3502400e-02   6.3690476e-01
   1.3840000e-02   6.4285714e-01
   1.4177600e-02   6.5476190e-01
   1.4514400e-02   6.5773810e-01
   1.4852000e-02   6.7559524e-01
   1.5189600e-02   6.7857143e-01
   1.5527200e-02   6.8452381e-01
   1.5864800e-02   6.8750000e-01
   1.6202400e-02   7.0238095e-01
   1.6877600e-02   7.0833333e-01
   1.7552800e-02   7.1130952e-01
   1.7890400e-02   7.1428571e-01
   1.8565600e-02   7.2023810e-01
   1.8903200e-02   7.2619048e-01
   1.9578400e-02   7.3511905e-01
   2.0252800e-02   7.4107143e-01
   2.0928000e-02   7.4404762e-01
   2.1603200e-02   7.5297619e-01
   2.2278400e-02   7.5892857e-01
   2.2616000e-02   7.6190476e-01
   2.2953600e-02   7.6488095e-01
   2.3291200e-02   7.6785714e-01
   2.3628800e-02   7.7083333e-01
   2.3966400e-02   7.7678571e-01
   2.4304000e-02   7.7976190e-01
   2.4979200e-02   7.8273810e-01
   2.6328800e-02   7.8869048e-01
   2.7341600e-02   7.9166667e-01
   2.8354400e-02   7.9761905e-01
   3.0380000e-02   8.0357143e-01
   3.0717600e-02   8.0952381e-01
   3.1055200e-02   8.1250000e-01
   3.1729600e-02   8.1845238e-01
   3.2067200e-02   8.2440476e-01
   3.2742400e-02   8.2738095e-01
   3.3080000e-02   8.3035714e-01
   3.3755200e-02   8.3630952e-01
   3.4092800e-02   8.4226190e-01
   3.5105600e-02   8.4821429e-01
   3.5443200e-02   8.5119048e-01
   3.6793600e-02   8.5416667e-01
   3.7131200e-02   8.6011905e-01
   4.0506400e-02   8.6607143e-01
   4.1856800e-02   8.6904762e-01
   4.2869600e-02   8.7202381e-01
   4.4556800e-02   8.7500000e-01
   4.5232000e-02   8.7797619e-01
   4.6582400e-02   8.8392857e-01
   4.9282400e-02   8.8988095e-01
   4.9620000e-02   8.9285714e-01
   4.9957600e-02   8.9583333e-01
   5.0632800e-02   8.9880952e-01
   5.4008800e-02   9.0178571e-01
   5.6033600e-02   9.0476190e-01
   5.6708800e-02   9.0773810e-01
   5.8059200e-02   9.1071429e-01
   5.8734400e-02   9.1369048e-01
   6.1434400e-02   9.1666667e-01
   7.1223200e-02   9.1964286e-01
   7.1898400e-02   9.2261905e-01
   7.3586400e-02   9.2559524e-01
   8.0000000e-02   9.2857143e-01
   8.1012800e-02   9.3154762e-01
   8.2025600e-02   9.3452381e-01
   8.3037600e-02   9.3750000e-01
   8.9113600e-02   9.4345238e-01
   9.4514400e-02   9.4642857e-01
   9.6540000e-02   9.4940476e-01
   9.8903200e-02   9.5238095e-01
   1.0497920e-01   9.5535714e-01
   1.0531680e-01   9.5833333e-01
   1.1240480e-01   9.6130952e-01
   1.1341760e-01   9.6428571e-01
   1.1780560e-01   9.6726190e-01
   1.2219440e-01   9.7023810e-01
   1.3434560e-01   9.7321429e-01
   1.4852320e-01   9.7619048e-01
   1.5696240e-01   9.7916667e-01
   1.6675120e-01   9.8214286e-01
   1.8734160e-01   9.8511905e-01
   1.9105520e-01   9.8809524e-01
   2.1164560e-01   9.9107143e-01
   2.2683520e-01   9.9404762e-01
   2.2751040e-01   9.9702381e-01
   2.7611840e-01   1.0000000e+00
