   4.1624000e-03   0.0000000e+00
   4.1624000e-03   3.0959752e-03
   5.2984000e-03   6.1919505e-03
   5.6768000e-03   9.2879257e-03
   6.0552000e-03   1.8575851e-02
   6.8120000e-03   2.7863777e-02
   7.1904000e-03   3.7151703e-02
   7.5688000e-03   5.5727554e-02
   7.9472000e-03   6.5015480e-02
   8.3256000e-03   8.3591331e-02
   8.7040000e-03   8.9783282e-02
   9.0824000e-03   1.1455108e-01
   9.4608000e-03   1.2383901e-01
   9.8392000e-03   1.2693498e-01
   1.0217600e-02   1.6718266e-01
   1.0596000e-02   1.9504644e-01
   1.0974400e-02   2.2291022e-01
   1.1352800e-02   2.4148607e-01
   1.1731200e-02   2.6934985e-01
   1.2109600e-02   2.8792570e-01
   1.2488000e-02   3.3126935e-01
   1.2866400e-02   3.4365325e-01
   1.3244800e-02   3.5913313e-01
   1.3623200e-02   3.7770898e-01
   1.4001600e-02   4.0866873e-01
   1.4380000e-02   4.3343653e-01
   1.4758400e-02   4.5510836e-01
   1.5137600e-02   4.8916409e-01
   1.5515200e-02   4.9535604e-01
   1.5894400e-02   5.2631579e-01
   1.6272800e-02   5.4179567e-01
   1.6651200e-02   5.6965944e-01
   1.7029600e-02   5.7894737e-01
   1.7408000e-02   5.8823529e-01
   1.7786400e-02   6.1300310e-01
   1.8164800e-02   6.2538700e-01
   1.8543200e-02   6.4086687e-01
   1.8921600e-02   6.6563467e-01
   1.9300000e-02   6.8111455e-01
   1.9678400e-02   7.0588235e-01
   2.0056800e-02   7.2445820e-01
   2.0435200e-02   7.3993808e-01
   2.0813600e-02   7.5541796e-01
   2.1192000e-02   7.6160991e-01
   2.1570400e-02   7.7399381e-01
   2.1948800e-02   7.8947368e-01
   2.2327200e-02   7.9566563e-01
   2.2705600e-02   8.1424149e-01
   2.3084000e-02   8.2352941e-01
   2.3462400e-02   8.3281734e-01
   2.3840800e-02   8.3900929e-01
   2.4219200e-02   8.4829721e-01
   2.4597600e-02   8.5448916e-01
   2.4976000e-02   8.6687307e-01
   2.5733600e-02   8.8544892e-01
   2.6112000e-02   8.8854489e-01
   2.6490400e-02   8.9473684e-01
   2.6868800e-02   8.9783282e-01
   2.7247200e-02   9.0712074e-01
   2.7625600e-02   9.1331269e-01
   2.8004000e-02   9.1950464e-01
   2.8382400e-02   9.2260062e-01
   2.8760800e-02   9.2569659e-01
   2.9139200e-02   9.4427245e-01
   2.9517600e-02   9.4736842e-01
   3.1031200e-02   9.5046440e-01
   3.1409600e-02   9.5665635e-01
   3.2544800e-02   9.6594427e-01
   3.3301600e-02   9.6904025e-01
   3.4058400e-02   9.7213622e-01
   3.4815200e-02   9.7523220e-01
   3.5572000e-02   9.8142415e-01
   3.6708000e-02   9.8452012e-01
   4.3140800e-02   9.9071207e-01
   4.3519200e-02   9.9380805e-01
   6.5089600e-02   9.9690402e-01
   6.8117600e-02   1.0000000e+00
