   3.9216000e-03   0.0000000e+00
   3.9216000e-03   2.4154589e-03
   4.2480000e-03   7.2463768e-03
   4.9016000e-03   1.6908213e-02
   5.2288000e-03   2.6570048e-02
   5.5552000e-03   4.3478261e-02
   5.8824000e-03   5.3140097e-02
   6.2088000e-03   6.5217391e-02
   6.5360000e-03   8.6956522e-02
   6.8624000e-03   1.1835749e-01
   7.1896000e-03   1.3526570e-01
   7.5160000e-03   1.4492754e-01
   7.8432000e-03   1.5700483e-01
   8.1696000e-03   1.7874396e-01
   8.4968000e-03   1.8840580e-01
   8.8232000e-03   2.1980676e-01
   9.1504000e-03   2.3429952e-01
   9.4768000e-03   2.6086957e-01
   9.8040000e-03   2.7053140e-01
   1.0130400e-02   2.9951691e-01
   1.0457600e-02   3.0193237e-01
   1.0784000e-02   3.2608696e-01
   1.1111200e-02   3.3091787e-01
   1.1437600e-02   3.5748792e-01
   1.1764800e-02   3.6473430e-01
   1.2091200e-02   3.8888889e-01
   1.2418400e-02   3.9855072e-01
   1.2744800e-02   4.3236715e-01
   1.3072000e-02   4.3719807e-01
   1.3398400e-02   4.7101449e-01
   1.3725600e-02   4.7584541e-01
   1.4052000e-02   4.9275362e-01
   1.4379200e-02   5.0000000e-01
   1.4705600e-02   5.0724638e-01
   1.5032800e-02   5.1932367e-01
   1.5359200e-02   5.3623188e-01
   1.5686400e-02   5.4589372e-01
   1.6012800e-02   5.5314010e-01
   1.6340000e-02   5.5797101e-01
   1.6666400e-02   5.7487923e-01
   1.6993600e-02   5.9420290e-01
   1.7647200e-02   6.0144928e-01
   1.7973600e-02   6.0869565e-01
   1.8300800e-02   6.2318841e-01
   1.8954400e-02   6.3285024e-01
   1.9280800e-02   6.3526570e-01
   1.9608000e-02   6.5458937e-01
   1.9934400e-02   6.5700483e-01
   2.0261600e-02   6.6908213e-01
   2.0588000e-02   6.7149758e-01
   2.0915200e-02   6.7874396e-01
   2.1241600e-02   6.8115942e-01
   2.1568800e-02   6.9565217e-01
   2.2222400e-02   7.0289855e-01
   2.2548800e-02   7.0772947e-01
   2.2876000e-02   7.1739130e-01
   2.3202400e-02   7.2705314e-01
   2.3529600e-02   7.2946860e-01
   2.3856000e-02   7.3188406e-01
   2.4183200e-02   7.4396135e-01
   2.4509600e-02   7.4879227e-01
   2.4836800e-02   7.5120773e-01
   2.5490400e-02   7.5362319e-01
   2.5816800e-02   7.5603865e-01
   2.6144000e-02   7.6086957e-01
   2.6797600e-02   7.6328502e-01
   2.7124000e-02   7.7294686e-01
   2.7451200e-02   7.7536232e-01
   2.7777600e-02   7.8019324e-01
   2.8104800e-02   7.8260870e-01
   2.8431200e-02   7.8743961e-01
   2.9084800e-02   7.9468599e-01
   2.9412000e-02   7.9951691e-01
   3.0392000e-02   8.0193237e-01
   3.0719200e-02   8.0676329e-01
   3.1045600e-02   8.1400966e-01
   3.1699200e-02   8.1642512e-01
   3.3006400e-02   8.2125604e-01
   3.3660000e-02   8.2608696e-01
   3.4313600e-02   8.3091787e-01
   3.4967200e-02   8.3574879e-01
   3.5620800e-02   8.4057971e-01
   3.6274400e-02   8.4541063e-01
   3.6601600e-02   8.4782609e-01
   3.7908800e-02   8.5507246e-01
   3.8235200e-02   8.6231884e-01
   3.8562400e-02   8.6473430e-01
   3.9216000e-02   8.6956522e-01
   3.9542400e-02   8.7198068e-01
   3.9869600e-02   8.7439614e-01
   4.1503200e-02   8.7681159e-01
   4.1830400e-02   8.7922705e-01
   4.2484000e-02   8.8164251e-01
   4.2810400e-02   8.8405797e-01
   4.3137600e-02   8.8647343e-01
   4.5097600e-02   8.8888889e-01
   4.5751200e-02   8.9371981e-01
   4.6732000e-02   8.9613527e-01
   4.7059200e-02   9.0096618e-01
   4.7712000e-02   9.0579710e-01
   4.8039200e-02   9.0821256e-01
   4.9020000e-02   9.1062802e-01
   4.9346400e-02   9.1304348e-01
   4.9673600e-02   9.1545894e-01
   5.0000000e-02   9.1787440e-01
   5.0327200e-02   9.2028986e-01
   5.2614400e-02   9.2270531e-01
   5.3268000e-02   9.2753623e-01
   5.3921600e-02   9.2995169e-01
   5.6536000e-02   9.3478261e-01
   5.7189600e-02   9.3719807e-01
   5.7843200e-02   9.4202899e-01
   6.0457600e-02   9.4444444e-01
   6.1111200e-02   9.4685990e-01
   6.4052000e-02   9.4927536e-01
   6.5032800e-02   9.5169082e-01
   6.5359200e-02   9.5410628e-01
   6.6993600e-02   9.5652174e-01
   6.7320000e-02   9.5893720e-01
   7.0261600e-02   9.6135266e-01
   7.2222400e-02   9.6618357e-01
   7.6797600e-02   9.6859903e-01
   7.8104800e-02   9.7101449e-01
   7.9412000e-02   9.7342995e-01
   7.9738400e-02   9.7584541e-01
   8.0065600e-02   9.7826087e-01
   8.1045600e-02   9.8067633e-01
   8.4313600e-02   9.8309179e-01
   8.6928000e-02   9.8550725e-01
   8.8888800e-02   9.8792271e-01
   9.0523200e-02   9.9033816e-01
   1.0326800e-01   9.9275362e-01
   1.0718960e-01   9.9516908e-01
   1.3562080e-01   9.9758454e-01
   1.9509840e-01   1.0000000e+00
