   3.3192000e-03   0.0000000e+00
   3.3192000e-03   4.7169811e-03
   3.9832000e-03   9.4339623e-03
   4.6472000e-03   2.1226415e-02
   4.9792000e-03   2.5943396e-02
   5.3112000e-03   4.0094340e-02
   5.6432000e-03   6.1320755e-02
   5.9752000e-03   7.5471698e-02
   6.3072000e-03   9.4339623e-02
   6.6392000e-03   1.0849057e-01
   6.9712000e-03   1.1084906e-01
   7.3032000e-03   1.1320755e-01
   7.6352000e-03   1.3679245e-01
   7.9672000e-03   1.3915094e-01
   8.2984000e-03   1.6037736e-01
   8.6304000e-03   1.6745283e-01
   8.9624000e-03   1.9103774e-01
   9.2944000e-03   1.9811321e-01
   9.6264000e-03   2.3113208e-01
   9.9584000e-03   2.4056604e-01
   1.0290400e-02   2.7594340e-01
   1.0622400e-02   2.8301887e-01
   1.0954400e-02   2.9716981e-01
   1.1286400e-02   3.1367925e-01
   1.1618400e-02   3.4198113e-01
   1.1950400e-02   3.5141509e-01
   1.2282400e-02   3.7500000e-01
   1.2614400e-02   3.8915094e-01
   1.2946400e-02   4.0801887e-01
   1.3278400e-02   4.1745283e-01
   1.3609600e-02   4.3632075e-01
   1.3941600e-02   4.5283019e-01
   1.4273600e-02   4.6698113e-01
   1.4605600e-02   4.7641509e-01
   1.4937600e-02   4.9056604e-01
   1.5269600e-02   5.0707547e-01
   1.5601600e-02   5.2122642e-01
   1.5933600e-02   5.4245283e-01
   1.6265600e-02   5.5188679e-01
   1.6597600e-02   5.6839623e-01
   1.6929600e-02   5.7311321e-01
   1.7261600e-02   5.9669811e-01
   1.7593600e-02   6.0377358e-01
   1.7925600e-02   6.2735849e-01
   1.8257600e-02   6.3443396e-01
   1.8589600e-02   6.4858491e-01
   1.8920800e-02   6.5330189e-01
   1.9252800e-02   6.6273585e-01
   1.9916800e-02   6.7924528e-01
   2.0580800e-02   6.8867925e-01
   2.0912800e-02   6.9339623e-01
   2.1244800e-02   6.9575472e-01
   2.1576800e-02   7.0047170e-01
   2.1908800e-02   7.1698113e-01
   2.2240800e-02   7.2405660e-01
   2.2904800e-02   7.2877358e-01
   2.3236800e-02   7.3820755e-01
   2.3568800e-02   7.4764151e-01
   2.3900000e-02   7.5471698e-01
   2.4232800e-02   7.6179245e-01
   2.4564000e-02   7.6650943e-01
   2.5228000e-02   7.7122642e-01
   2.5560000e-02   7.7830189e-01
   2.5892000e-02   7.8066038e-01
   2.6224000e-02   7.8537736e-01
   2.6556000e-02   7.9245283e-01
   2.6888000e-02   8.0424528e-01
   2.7552000e-02   8.1132075e-01
   2.8216000e-02   8.1367925e-01
   2.8548000e-02   8.1839623e-01
   2.8880000e-02   8.2311321e-01
   2.9543200e-02   8.2783019e-01
   2.9875200e-02   8.3490566e-01
   3.0207200e-02   8.3962264e-01
   3.0539200e-02   8.4198113e-01
   3.0871200e-02   8.4433962e-01
   3.1203200e-02   8.4669811e-01
   3.1535200e-02   8.5613208e-01
   3.1867200e-02   8.5849057e-01
   3.3527200e-02   8.6084906e-01
   3.3859200e-02   8.6556604e-01
   3.4522400e-02   8.6792453e-01
   3.4855200e-02   8.7028302e-01
   3.5186400e-02   8.7264151e-01
   3.5518400e-02   8.7500000e-01
   3.5850400e-02   8.8443396e-01
   3.6182400e-02   8.8915094e-01
   3.7178400e-02   8.9150943e-01
   3.7510400e-02   8.9858491e-01
   3.8506400e-02   9.0094340e-01
   3.9170400e-02   9.0566038e-01
   3.9502400e-02   9.0801887e-01
   4.0497600e-02   9.1273585e-01
   4.1161600e-02   9.1509434e-01
   4.1825600e-02   9.2452830e-01
   4.2157600e-02   9.2924528e-01
   4.2489600e-02   9.3867925e-01
   4.3817600e-02   9.4339623e-01
   4.5145600e-02   9.4575472e-01
   4.6140800e-02   9.5283019e-01
   4.7800800e-02   9.5518868e-01
   4.9792800e-02   9.5754717e-01
   5.2116000e-02   9.5990566e-01
   5.2780000e-02   9.6462264e-01
   5.5767200e-02   9.6933962e-01
   5.6431200e-02   9.7169811e-01
   5.7095200e-02   9.7405660e-01
   6.0415200e-02   9.7877358e-01
   6.1410400e-02   9.8113208e-01
   6.2738400e-02   9.8349057e-01
   6.3734400e-02   9.8584906e-01
   7.1369600e-02   9.8820755e-01
   7.1701600e-02   9.9056604e-01
   8.0996000e-02   9.9292453e-01
   8.2987200e-02   9.9528302e-01
   9.3941600e-02   9.9764151e-01
   1.0622400e-01   1.0000000e+00
