   4.5029629e-03   0.0000000e+00
   4.5029629e-03   7.8554595e-04
   4.8628380e-03   1.5710919e-03
   5.3493342e-03   2.3566379e-03
   5.9018965e-03   3.1421838e-03
   6.0441794e-03   4.7132757e-03
   6.1967711e-03   5.4988217e-03
   6.2381955e-03   6.2843676e-03
   6.2837136e-03   7.8554595e-03
   6.4080751e-03   8.6410055e-03
   6.4096809e-03   9.4265515e-03
   6.5027380e-03   1.0212097e-02
   6.5382804e-03   1.0997643e-02
   6.6360351e-03   1.1783189e-02
   6.7857290e-03   1.2568735e-02
   6.8056374e-03   1.3354281e-02
   6.8775734e-03   1.4139827e-02
   6.9988971e-03   1.6496465e-02
   7.0853602e-03   1.7282011e-02
   7.1322231e-03   1.8067557e-02
   7.1676288e-03   1.8853103e-02
   7.2283203e-03   2.0424195e-02
   7.3707431e-03   2.1995287e-02
   7.3755719e-03   2.2780833e-02
   7.3996105e-03   2.5923016e-02
   7.4698738e-03   2.6708562e-02
   7.4710244e-03   2.8279654e-02
   7.5580797e-03   2.9065200e-02
   7.5859861e-03   2.9850746e-02
   7.5889333e-03   3.1421838e-02
   7.6744665e-03   3.2207384e-02
   7.6779533e-03   3.2992930e-02
   7.7266962e-03   3.6920660e-02
   7.7509690e-03   3.8491752e-02
   7.8204539e-03   4.0062844e-02
   7.9536131e-03   4.2419482e-02
   7.9587420e-03   4.5561665e-02
   7.9655095e-03   4.6347211e-02
   7.9822141e-03   4.7918303e-02
   7.9936578e-03   4.8703849e-02
   8.0650560e-03   5.3417125e-02
   8.1371318e-03   5.5773763e-02
   8.1460164e-03   5.6559309e-02
   8.1798022e-03   5.7344855e-02
   8.2624239e-03   5.8915947e-02
   8.2702443e-03   6.0487038e-02
   8.2966519e-03   6.2843676e-02
   8.3211693e-03   6.3629222e-02
   8.3352845e-03   6.6771406e-02
   8.3541037e-03   6.7556952e-02
   8.3736552e-03   6.9128044e-02
   8.4139642e-03   7.2270228e-02
   8.5290094e-03   7.3055774e-02
   8.5466109e-03   7.5412412e-02
   8.5565909e-03   7.8554595e-02
   8.5665826e-03   7.9340141e-02
   8.5872135e-03   8.0125687e-02
   8.6597647e-03   8.1696779e-02
   8.7102861e-03   8.2482325e-02
   8.7182599e-03   8.4053417e-02
   8.7709855e-03   8.5624509e-02
   8.8407037e-03   8.6410055e-02
   8.8506461e-03   8.7195601e-02
   8.8633256e-03   9.0337785e-02
   8.9157109e-03   9.1123331e-02
   8.9205182e-03   9.2694423e-02
   8.9456859e-03   9.5051060e-02
   9.0070483e-03   9.7407698e-02
   9.1357142e-03   9.8978790e-02
   9.1475259e-03   9.9764336e-02
   9.1528038e-03   1.0054988e-01
   9.1819500e-03   1.0212097e-01
   9.1965864e-03   1.0447761e-01
   9.2533937e-03   1.0683425e-01
   9.3006681e-03   1.0761980e-01
   9.3270176e-03   1.0840534e-01
   9.3625854e-03   1.0919089e-01
   9.4401859e-03   1.1311862e-01
   9.4617546e-03   1.1861744e-01
   9.5003848e-03   1.1940299e-01
   9.5072633e-03   1.2097408e-01
   9.5101840e-03   1.3040063e-01
   9.5198044e-03   1.3197172e-01
   9.5998115e-03   1.3511390e-01
   9.6149533e-03   1.3668500e-01
   9.6863255e-03   1.3825609e-01
   9.7254711e-03   1.3904163e-01
   9.7399577e-03   1.3982718e-01
   9.7400253e-03   1.4061273e-01
   9.7447886e-03   1.4139827e-01
   9.7755966e-03   1.4611155e-01
   9.7762096e-03   1.4768264e-01
   9.8475727e-03   1.5082482e-01
   9.8488188e-03   1.5161037e-01
   9.8848637e-03   1.5396701e-01
   9.9540526e-03   1.5632364e-01
   9.9557579e-03   1.5710919e-01
   1.0030840e-02   1.6182247e-01
   1.0049984e-02   1.6496465e-01
   1.0076858e-02   1.6575020e-01
   1.0094913e-02   1.6732129e-01
   1.0096872e-02   1.6810683e-01
   1.0097279e-02   1.6889238e-01
   1.0193207e-02   1.7203456e-01
   1.0267848e-02   1.7439120e-01
   1.0315311e-02   1.7517675e-01
   1.0327983e-02   1.7674784e-01
   1.0332142e-02   1.8460330e-01
   1.0358095e-02   1.8617439e-01
   1.0421930e-02   1.8774548e-01
   1.0441272e-02   1.8853103e-01
   1.0470216e-02   1.8931658e-01
   1.0472435e-02   1.9010212e-01
   1.0475200e-02   1.9088767e-01
   1.0546276e-02   1.9560094e-01
   1.0620858e-02   1.9638649e-01
   1.0643507e-02   2.0109976e-01
   1.0656337e-02   2.0188531e-01
   1.0682875e-02   2.0424195e-01
   1.0786224e-02   2.0502749e-01
   1.0861325e-02   2.0659859e-01
   1.0906059e-02   2.0895522e-01
   1.0916739e-02   2.1288295e-01
   1.0923997e-02   2.1366850e-01
   1.0941187e-02   2.1523959e-01
   1.0964079e-02   2.2073841e-01
   1.0997911e-02   2.2230951e-01
   1.1035511e-02   2.2388060e-01
   1.1048429e-02   2.2466614e-01
   1.1056791e-02   2.2545169e-01
   1.1086748e-02   2.2623723e-01
   1.1138259e-02   2.2859387e-01
   1.1211881e-02   2.2937942e-01
   1.1218065e-02   2.3409269e-01
   1.1236748e-02   2.3644933e-01
   1.1256274e-02   2.3802042e-01
   1.1272574e-02   2.3959152e-01
   1.1293073e-02   2.4351925e-01
   1.1325161e-02   2.4430479e-01
   1.1355345e-02   2.4509034e-01
   1.1424384e-02   2.4587588e-01
   1.1435160e-02   2.4666143e-01
   1.1505480e-02   2.4744698e-01
   1.1516642e-02   2.4980361e-01
   1.1525585e-02   2.5058916e-01
   1.1554037e-02   2.5137471e-01
   1.1557810e-02   2.5373134e-01
   1.1576223e-02   2.5451689e-01
   1.1629775e-02   2.5844462e-01
   1.1643934e-02   2.6237235e-01
   1.1711736e-02   2.6315789e-01
   1.1731560e-02   2.6394344e-01
   1.1766196e-02   2.6472899e-01
   1.1802662e-02   2.6630008e-01
   1.1818158e-02   2.6708562e-01
   1.1830280e-02   2.7179890e-01
   1.1838257e-02   2.7258445e-01
   1.1843792e-02   2.7336999e-01
   1.1861698e-02   2.7415554e-01
   1.1974159e-02   2.7965436e-01
   1.2019656e-02   2.8122545e-01
   1.2108894e-02   2.8436764e-01
   1.2110157e-02   2.8515318e-01
   1.2110963e-02   2.8593873e-01
   1.2152107e-02   2.8672427e-01
   1.2155037e-02   2.8829537e-01
   1.2205348e-02   2.8986646e-01
   1.2228505e-02   2.9065200e-01
   1.2231347e-02   2.9143755e-01
   1.2324397e-02   2.9536528e-01
   1.2394331e-02   2.9693637e-01
   1.2401162e-02   2.9772192e-01
   1.2416501e-02   2.9850746e-01
   1.2420789e-02   3.0243519e-01
   1.2423505e-02   3.0322074e-01
   1.2432724e-02   3.0400628e-01
   1.2451736e-02   3.0479183e-01
   1.2476847e-02   3.0557738e-01
   1.2482088e-02   3.0871956e-01
   1.2596343e-02   3.0950511e-01
   1.2605852e-02   3.1107620e-01
   1.2614457e-02   3.1186174e-01
   1.2632026e-02   3.1264729e-01
   1.2680564e-02   3.1657502e-01
   1.2696566e-02   3.1893166e-01
   1.2735887e-02   3.2128830e-01
   1.2746462e-02   3.2521603e-01
   1.2795479e-02   3.2600157e-01
   1.2802055e-02   3.2678712e-01
   1.2818455e-02   3.2835821e-01
   1.2819805e-02   3.2914375e-01
   1.2895953e-02   3.2992930e-01
   1.2981728e-02   3.3150039e-01
   1.2986256e-02   3.3228594e-01
   1.2990801e-02   3.3307148e-01
   1.3004983e-02   3.3385703e-01
   1.3015968e-02   3.3464258e-01
   1.3017927e-02   3.3699921e-01
   1.3042177e-02   3.3778476e-01
   1.3060389e-02   3.3857031e-01
   1.3076030e-02   3.4171249e-01
   1.3161259e-02   3.4249804e-01
   1.3192602e-02   3.4328358e-01
   1.3220079e-02   3.4406913e-01
   1.3234995e-02   3.4485467e-01
   1.3275670e-02   3.4564022e-01
   1.3295551e-02   3.4642577e-01
   1.3317300e-02   3.4799686e-01
   1.3340791e-02   3.4956795e-01
   1.3408793e-02   3.5113904e-01
   1.3412253e-02   3.5271013e-01
   1.3464787e-02   3.5349568e-01
   1.3510011e-02   3.5506677e-01
   1.3567873e-02   3.5820896e-01
   1.3570933e-02   3.5899450e-01
   1.3578374e-02   3.5978005e-01
   1.3611831e-02   3.6135114e-01
   1.3634473e-02   3.6292223e-01
   1.3670503e-02   3.6370778e-01
   1.3705166e-02   3.6527887e-01
   1.3742420e-02   3.6606441e-01
   1.3754643e-02   3.6763551e-01
   1.3755212e-02   3.6842105e-01
   1.3870513e-02   3.6999214e-01
   1.3888215e-02   3.7077769e-01
   1.3921128e-02   3.7156324e-01
   1.3935132e-02   3.7234878e-01
   1.3955585e-02   3.7313433e-01
   1.3997794e-02   3.7391987e-01
   1.4006581e-02   3.7470542e-01
   1.4033406e-02   3.7549097e-01
   1.4102749e-02   3.7627651e-01
   1.4156155e-02   3.7863315e-01
   1.4160506e-02   3.8177533e-01
   1.4160885e-02   3.8256088e-01
   1.4170720e-02   3.8334643e-01
   1.4175313e-02   3.8413197e-01
   1.4205227e-02   3.8491752e-01
   1.4223600e-02   3.8648861e-01
   1.4233042e-02   3.8727416e-01
   1.4279707e-02   3.8805970e-01
   1.4297422e-02   3.8884525e-01
   1.4348577e-02   3.9041634e-01
   1.4361517e-02   3.9120189e-01
   1.4368236e-02   3.9198743e-01
   1.4368866e-02   3.9277298e-01
   1.4457877e-02   3.9591516e-01
   1.4459195e-02   3.9670071e-01
   1.4484440e-02   3.9748625e-01
   1.4528941e-02   3.9827180e-01
   1.4533840e-02   3.9905734e-01
   1.4535538e-02   4.0141398e-01
   1.4588309e-02   4.0219953e-01
   1.4598335e-02   4.0298507e-01
   1.4750545e-02   4.0377062e-01
   1.4762378e-02   4.0455617e-01
   1.4762661e-02   4.0691280e-01
   1.4776214e-02   4.0769835e-01
   1.4825918e-02   4.0848390e-01
   1.4856431e-02   4.0926944e-01
   1.4858919e-02   4.1162608e-01
   1.4934804e-02   4.1241163e-01
   1.4938643e-02   4.1319717e-01
   1.4942555e-02   4.1398272e-01
   1.5006119e-02   4.1476826e-01
   1.5047859e-02   4.1555381e-01
   1.5049342e-02   4.1791045e-01
   1.5049404e-02   4.1948154e-01
   1.5119927e-02   4.2026709e-01
   1.5123303e-02   4.2105263e-01
   1.5178066e-02   4.2262372e-01
   1.5181750e-02   4.2419482e-01
   1.5194753e-02   4.2498036e-01
   1.5273038e-02   4.2576591e-01
   1.5304877e-02   4.2890809e-01
   1.5380525e-02   4.2969364e-01
   1.5392699e-02   4.3047918e-01
   1.5433850e-02   4.3126473e-01
   1.5453392e-02   4.3205027e-01
   1.5501453e-02   4.3283582e-01
   1.5536682e-02   4.3440691e-01
   1.5636359e-02   4.3519246e-01
   1.5641154e-02   4.3597800e-01
   1.5642029e-02   4.3676355e-01
   1.5694984e-02   4.3833464e-01
   1.5705454e-02   4.3912019e-01
   1.5789721e-02   4.3990573e-01
   1.5883124e-02   4.4147683e-01
   1.5907583e-02   4.4226237e-01
   1.5948136e-02   4.4304792e-01
   1.5949364e-02   4.4383346e-01
   1.5963796e-02   4.4540456e-01
   1.5986764e-02   4.4697565e-01
   1.5998559e-02   4.4854674e-01
   1.6047934e-02   4.4933229e-01
   1.6063686e-02   4.5011783e-01
   1.6084778e-02   4.5090338e-01
   1.6087330e-02   4.5247447e-01
   1.6134596e-02   4.5326002e-01
   1.6139258e-02   4.5404556e-01
   1.6232520e-02   4.5483111e-01
   1.6261491e-02   4.5640220e-01
   1.6277144e-02   4.5718775e-01
   1.6291203e-02   4.5797329e-01
   1.6312099e-02   4.5875884e-01
   1.6335510e-02   4.5954438e-01
   1.6359414e-02   4.6111548e-01
   1.6468886e-02   4.6190102e-01
   1.6476689e-02   4.6268657e-01
   1.6540489e-02   4.6425766e-01
   1.6548456e-02   4.6504321e-01
   1.6581303e-02   4.6582875e-01
   1.6581437e-02   4.6661430e-01
   1.6593950e-02   4.6818539e-01
   1.6636224e-02   4.6897093e-01
   1.6670153e-02   4.7054203e-01
   1.6708547e-02   4.7132757e-01
   1.6724299e-02   4.7211312e-01
   1.6724314e-02   4.7289866e-01
   1.6746885e-02   4.7368421e-01
   1.6800973e-02   4.7446976e-01
   1.6815105e-02   4.7525530e-01
   1.6827294e-02   4.7604085e-01
   1.6855139e-02   4.7682639e-01
   1.6860164e-02   4.7839749e-01
   1.6879767e-02   4.7918303e-01
   1.6950022e-02   4.7996858e-01
   1.6977943e-02   4.8153967e-01
   1.7051637e-02   4.8232522e-01
   1.7058019e-02   4.8311076e-01
   1.7093664e-02   4.8389631e-01
   1.7130053e-02   4.8468185e-01
   1.7134083e-02   4.8625295e-01
   1.7161663e-02   4.8703849e-01
   1.7182260e-02   4.8782404e-01
   1.7196510e-02   4.8939513e-01
   1.7236509e-02   4.9018068e-01
   1.7279533e-02   4.9175177e-01
   1.7318403e-02   4.9332286e-01
   1.7318585e-02   4.9489395e-01
   1.7416911e-02   4.9567950e-01
   1.7436122e-02   4.9646504e-01
   1.7443324e-02   4.9725059e-01
   1.7448838e-02   4.9882168e-01
   1.7492948e-02   4.9960723e-01
   1.7500335e-02   5.0117832e-01
   1.7541971e-02   5.0274941e-01
   1.7562564e-02   5.0353496e-01
   1.7572324e-02   5.0432050e-01
   1.7651259e-02   5.0510605e-01
   1.7663502e-02   5.0589159e-01
   1.7667135e-02   5.0667714e-01
   1.7704559e-02   5.0746269e-01
   1.7719111e-02   5.0824823e-01
   1.7726644e-02   5.0981932e-01
   1.7756826e-02   5.1060487e-01
   1.7774747e-02   5.1217596e-01
   1.7823413e-02   5.1296151e-01
   1.7830823e-02   5.1453260e-01
   1.7890702e-02   5.1610369e-01
   1.7904890e-02   5.1767478e-01
   1.7912532e-02   5.1846033e-01
   1.7925674e-02   5.1924588e-01
   1.8013606e-02   5.2003142e-01
   1.8018551e-02   5.2081697e-01
   1.8027818e-02   5.2160251e-01
   1.8029301e-02   5.2317361e-01
   1.8042028e-02   5.2553024e-01
   1.8045527e-02   5.2631579e-01
   1.8053207e-02   5.2710134e-01
   1.8073497e-02   5.2867243e-01
   1.8137894e-02   5.2945797e-01
   1.8186801e-02   5.3024352e-01
   1.8220138e-02   5.3102907e-01
   1.8257861e-02   5.3181461e-01
   1.8305608e-02   5.3260016e-01
   1.8362769e-02   5.3338570e-01
   1.8367208e-02   5.3495679e-01
   1.8425296e-02   5.3574234e-01
   1.8586368e-02   5.3652789e-01
   1.8601912e-02   5.3731343e-01
   1.8612944e-02   5.3809898e-01
   1.8641374e-02   5.3967007e-01
   1.8664897e-02   5.4045562e-01
   1.8688593e-02   5.4124116e-01
   1.8792730e-02   5.4202671e-01
   1.8795705e-02   5.4281225e-01
   1.8804931e-02   5.4359780e-01
   1.8860586e-02   5.4438335e-01
   1.8887401e-02   5.4673998e-01
   1.8891497e-02   5.4752553e-01
   1.8922876e-02   5.4831108e-01
   1.8959796e-02   5.5145326e-01
   1.9014527e-02   5.5223881e-01
   1.9019838e-02   5.5302435e-01
   1.9085861e-02   5.5380990e-01
   1.9100957e-02   5.5459544e-01
   1.9125758e-02   5.5538099e-01
   1.9194021e-02   5.5695208e-01
   1.9198521e-02   5.5852317e-01
   1.9199623e-02   5.5930872e-01
   1.9229485e-02   5.6009427e-01
   1.9229662e-02   5.6087981e-01
   1.9283590e-02   5.6323645e-01
   1.9292591e-02   5.6480754e-01
   1.9458197e-02   5.6559309e-01
   1.9470892e-02   5.6716418e-01
   1.9479367e-02   5.6794973e-01
   1.9489924e-02   5.6873527e-01
   1.9505965e-02   5.6952082e-01
   1.9568913e-02   5.7109191e-01
   1.9616157e-02   5.7187745e-01
   1.9694633e-02   5.7266300e-01
   1.9770412e-02   5.7344855e-01
   1.9792986e-02   5.7423409e-01
   1.9819310e-02   5.7501964e-01
   1.9949466e-02   5.7580518e-01
   1.9977239e-02   5.7737628e-01
   2.0031908e-02   5.7816182e-01
   2.0038320e-02   5.8208955e-01
   2.0060551e-02   5.8287510e-01
   2.0145414e-02   5.8444619e-01
   2.0193745e-02   5.8523174e-01
   2.0197701e-02   5.8601728e-01
   2.0288837e-02   5.8680283e-01
   2.0355080e-02   5.8758837e-01
   2.0380262e-02   5.8915947e-01
   2.0408281e-02   5.8994501e-01
   2.0500264e-02   5.9073056e-01
   2.0543872e-02   5.9308720e-01
   2.0545159e-02   5.9387274e-01
   2.0548986e-02   5.9465829e-01
   2.0631277e-02   5.9544383e-01
   2.0632216e-02   5.9622938e-01
   2.0655449e-02   5.9701493e-01
   2.0663704e-02   5.9780047e-01
   2.0677539e-02   5.9858602e-01
   2.0732753e-02   5.9937156e-01
   2.0739649e-02   6.0015711e-01
   2.0772095e-02   6.0094266e-01
   2.0802727e-02   6.0172820e-01
   2.0883057e-02   6.0329929e-01
   2.0905321e-02   6.0408484e-01
   2.0923046e-02   6.0487038e-01
   2.0940691e-02   6.0565593e-01
   2.1004652e-02   6.0644148e-01
   2.1032477e-02   6.0722702e-01
   2.1066294e-02   6.0801257e-01
   2.1092716e-02   6.0958366e-01
   2.1118588e-02   6.1036921e-01
   2.1241716e-02   6.1115475e-01
   2.1244043e-02   6.1194030e-01
   2.1286451e-02   6.1429694e-01
   2.1330853e-02   6.1508248e-01
   2.1333897e-02   6.1586803e-01
   2.1397200e-02   6.1665357e-01
   2.1411314e-02   6.1743912e-01
   2.1450917e-02   6.1822467e-01
   2.1476777e-02   6.1901021e-01
   2.1536018e-02   6.1979576e-01
   2.1565736e-02   6.2058130e-01
   2.1587144e-02   6.2136685e-01
   2.1604831e-02   6.2215240e-01
   2.1738314e-02   6.2293794e-01
   2.1820215e-02   6.2450903e-01
   2.1832645e-02   6.2686567e-01
   2.1847994e-02   6.2843676e-01
   2.1849364e-02   6.3000786e-01
   2.1880053e-02   6.3079340e-01
   2.1891620e-02   6.3236449e-01
   2.1904997e-02   6.3315004e-01
   2.1923919e-02   6.3393559e-01
   2.1991673e-02   6.3472113e-01
   2.2042672e-02   6.3629222e-01
   2.2086000e-02   6.3707777e-01
   2.2126117e-02   6.3786332e-01
   2.2158307e-02   6.3864886e-01
   2.2166664e-02   6.3943441e-01
   2.2195713e-02   6.4021995e-01
   2.2254600e-02   6.4179104e-01
   2.2408517e-02   6.4257659e-01
   2.2436747e-02   6.4414768e-01
   2.2440591e-02   6.4571877e-01
   2.2490085e-02   6.4650432e-01
   2.2491892e-02   6.4728987e-01
   2.2516569e-02   6.4886096e-01
   2.2586214e-02   6.4964650e-01
   2.2634569e-02   6.5043205e-01
   2.2715848e-02   6.5121760e-01
   2.2742430e-02   6.5200314e-01
   2.2767000e-02   6.5278869e-01
   2.2848769e-02   6.5357423e-01
   2.2869772e-02   6.5435978e-01
   2.2897765e-02   6.5514533e-01
   2.2914092e-02   6.5593087e-01
   2.3008208e-02   6.5671642e-01
   2.3011562e-02   6.5750196e-01
   2.3066830e-02   6.5907306e-01
   2.3109777e-02   6.5985860e-01
   2.3116205e-02   6.6221524e-01
   2.3151332e-02   6.6378633e-01
   2.3226123e-02   6.6535742e-01
   2.3252218e-02   6.6692852e-01
   2.3287435e-02   6.6928515e-01
   2.3317737e-02   6.7085625e-01
   2.3328539e-02   6.7164179e-01
   2.3353976e-02   6.7242734e-01
   2.3386930e-02   6.7399843e-01
   2.3463191e-02   6.7478397e-01
   2.3473561e-02   6.7556952e-01
   2.3585478e-02   6.7714061e-01
   2.3601732e-02   6.7792616e-01
   2.3611031e-02   6.7871170e-01
   2.3632505e-02   6.7949725e-01
   2.3644655e-02   6.8106834e-01
   2.3663628e-02   6.8185389e-01
   2.3710498e-02   6.8263943e-01
   2.3730421e-02   6.8342498e-01
   2.3818272e-02   6.8421053e-01
   2.3896529e-02   6.8499607e-01
   2.3938125e-02   6.8578162e-01
   2.3981000e-02   6.8656716e-01
   2.3992157e-02   6.8813826e-01
   2.4037941e-02   6.8892380e-01
   2.4055280e-02   6.8970935e-01
   2.4198996e-02   6.9128044e-01
   2.4221301e-02   6.9206599e-01
   2.4222518e-02   6.9285153e-01
   2.4295885e-02   6.9363708e-01
   2.4304799e-02   6.9442262e-01
   2.4447698e-02   6.9520817e-01
   2.4501575e-02   6.9599372e-01
   2.4502266e-02   6.9677926e-01
   2.4574538e-02   6.9756481e-01
   2.4615589e-02   6.9913590e-01
   2.4789351e-02   6.9992145e-01
   2.4848142e-02   7.0070699e-01
   2.5041994e-02   7.0149254e-01
   2.5051009e-02   7.0227808e-01
   2.5066331e-02   7.0306363e-01
   2.5076397e-02   7.0384918e-01
   2.5094702e-02   7.0463472e-01
   2.5185947e-02   7.0542027e-01
   2.5226272e-02   7.0620581e-01
   2.5241258e-02   7.0699136e-01
   2.5298263e-02   7.0856245e-01
   2.5384059e-02   7.0934800e-01
   2.5385716e-02   7.1013354e-01
   2.5404310e-02   7.1091909e-01
   2.5423498e-02   7.1170463e-01
   2.5466078e-02   7.1249018e-01
   2.5590004e-02   7.1406127e-01
   2.5639609e-02   7.1484682e-01
   2.5720971e-02   7.1563236e-01
   2.5820709e-02   7.1641791e-01
   2.5833791e-02   7.1720346e-01
   2.5854764e-02   7.1798900e-01
   2.5859930e-02   7.1877455e-01
   2.5873885e-02   7.1956009e-01
   2.5952579e-02   7.2034564e-01
   2.5967861e-02   7.2113119e-01
   2.5997393e-02   7.2191673e-01
   2.6009967e-02   7.2270228e-01
   2.6035280e-02   7.2348782e-01
   2.6076317e-02   7.2427337e-01
   2.6086663e-02   7.2584446e-01
   2.6129762e-02   7.2663001e-01
   2.6152591e-02   7.2741555e-01
   2.6261114e-02   7.2820110e-01
   2.6279273e-02   7.2977219e-01
   2.6286222e-02   7.3055774e-01
   2.6322518e-02   7.3134328e-01
   2.6370145e-02   7.3212883e-01
   2.6385878e-02   7.3291438e-01
   2.6439098e-02   7.3369992e-01
   2.6487206e-02   7.3448547e-01
   2.6527348e-02   7.3527101e-01
   2.6551877e-02   7.3605656e-01
   2.6600018e-02   7.3684211e-01
   2.6746452e-02   7.3762765e-01
   2.6761979e-02   7.3841320e-01
   2.6817802e-02   7.3998429e-01
   2.6852053e-02   7.4076984e-01
   2.6852831e-02   7.4155538e-01
   2.6903313e-02   7.4234093e-01
   2.6904432e-02   7.4312647e-01
   2.6915889e-02   7.4469756e-01
   2.6936088e-02   7.4626866e-01
   2.6951099e-02   7.4705420e-01
   2.7010073e-02   7.4783975e-01
   2.7075725e-02   7.4862529e-01
   2.7081116e-02   7.4941084e-01
   2.7136282e-02   7.5019639e-01
   2.7156197e-02   7.5098193e-01
   2.7187929e-02   7.5176748e-01
   2.7333266e-02   7.5255302e-01
   2.7351231e-02   7.5333857e-01
   2.7458917e-02   7.5412412e-01
   2.7589108e-02   7.5490966e-01
   2.7604086e-02   7.5569521e-01
   2.7629791e-02   7.5648075e-01
   2.7733847e-02   7.5726630e-01
   2.7742152e-02   7.5805185e-01
   2.7748497e-02   7.5962294e-01
   2.7869721e-02   7.6040848e-01
   2.8013163e-02   7.6119403e-01
   2.8148117e-02   7.6197958e-01
   2.8323717e-02   7.6276512e-01
   2.8330578e-02   7.6355067e-01
   2.8353732e-02   7.6433621e-01
   2.8385120e-02   7.6512176e-01
   2.8450281e-02   7.6590731e-01
   2.8464070e-02   7.6669285e-01
   2.8479611e-02   7.6747840e-01
   2.8489102e-02   7.6826394e-01
   2.8535911e-02   7.6904949e-01
   2.8560075e-02   7.6983504e-01
   2.8594844e-02   7.7062058e-01
   2.8616531e-02   7.7140613e-01
   2.8631154e-02   7.7219167e-01
   2.8685396e-02   7.7297722e-01
   2.8689654e-02   7.7376277e-01
   2.8732549e-02   7.7454831e-01
   2.8735803e-02   7.7533386e-01
   2.8810772e-02   7.7690495e-01
   2.8913442e-02   7.7847604e-01
   2.8937528e-02   7.7926159e-01
   2.9060065e-02   7.8004713e-01
   2.9201934e-02   7.8083268e-01
   2.9291742e-02   7.8161822e-01
   2.9326756e-02   7.8318932e-01
   2.9401042e-02   7.8633150e-01
   2.9506419e-02   7.8711705e-01
   2.9524542e-02   7.8790259e-01
   2.9525899e-02   7.8868814e-01
   2.9542206e-02   7.9025923e-01
   2.9555938e-02   7.9104478e-01
   2.9595083e-02   7.9183032e-01
   2.9652242e-02   7.9261587e-01
   2.9798128e-02   7.9418696e-01
   2.9885223e-02   7.9497251e-01
   2.9920973e-02   7.9575805e-01
   2.9991919e-02   7.9654360e-01
   3.0071229e-02   7.9732914e-01
   3.0113541e-02   7.9811469e-01
   3.0230893e-02   7.9890024e-01
   3.0247194e-02   7.9968578e-01
   3.0332024e-02   8.0047133e-01
   3.0356589e-02   8.0282797e-01
   3.0389170e-02   8.0361351e-01
   3.0466083e-02   8.0439906e-01
   3.0501871e-02   8.0518460e-01
   3.0722734e-02   8.0597015e-01
   3.0841021e-02   8.0675570e-01
   3.0907384e-02   8.0754124e-01
   3.0984473e-02   8.0911233e-01
   3.1020737e-02   8.0989788e-01
   3.1172603e-02   8.1068342e-01
   3.1271873e-02   8.1146897e-01
   3.1283574e-02   8.1225452e-01
   3.1303436e-02   8.1304006e-01
   3.1324329e-02   8.1382561e-01
   3.1353655e-02   8.1461115e-01
   3.1388948e-02   8.1539670e-01
   3.1537195e-02   8.1618225e-01
   3.1653733e-02   8.1696779e-01
   3.1766248e-02   8.1775334e-01
   3.1862632e-02   8.1853888e-01
   3.1876360e-02   8.1932443e-01
   3.1929958e-02   8.2010998e-01
   3.2012382e-02   8.2089552e-01
   3.2099469e-02   8.2168107e-01
   3.2173579e-02   8.2246661e-01
   3.2202882e-02   8.2325216e-01
   3.2269193e-02   8.2403771e-01
   3.2270002e-02   8.2482325e-01
   3.2503850e-02   8.2560880e-01
   3.2522989e-02   8.2639434e-01
   3.2623608e-02   8.2796544e-01
   3.2744313e-02   8.2875098e-01
   3.2772569e-02   8.2953653e-01
   3.2847359e-02   8.3032207e-01
   3.2855022e-02   8.3110762e-01
   3.3025160e-02   8.3189317e-01
   3.3090242e-02   8.3267871e-01
   3.3144578e-02   8.3346426e-01
   3.3169696e-02   8.3424980e-01
   3.3227831e-02   8.3503535e-01
   3.3251569e-02   8.3582090e-01
   3.3302858e-02   8.3660644e-01
   3.3313924e-02   8.3739199e-01
   3.3351047e-02   8.3817753e-01
   3.3362030e-02   8.3896308e-01
   3.3449107e-02   8.3974863e-01
   3.3547612e-02   8.4131972e-01
   3.3710270e-02   8.4210526e-01
   3.3755858e-02   8.4289081e-01
   3.3768349e-02   8.4367636e-01
   3.3900694e-02   8.4524745e-01
   3.3927216e-02   8.4603299e-01
   3.4009136e-02   8.4681854e-01
   3.4080276e-02   8.4838963e-01
   3.4213530e-02   8.4917518e-01
   3.4295152e-02   8.4996072e-01
   3.4349902e-02   8.5074627e-01
   3.4393414e-02   8.5153181e-01
   3.4491939e-02   8.5231736e-01
   3.4549352e-02   8.5310291e-01
   3.4636806e-02   8.5388845e-01
   3.4666795e-02   8.5467400e-01
   3.4833849e-02   8.5545954e-01
   3.4890286e-02   8.5624509e-01
   3.4907404e-02   8.5703064e-01
   3.4956972e-02   8.5781618e-01
   3.4968784e-02   8.5860173e-01
   3.5001210e-02   8.5938727e-01
   3.5330439e-02   8.6017282e-01
   3.5549332e-02   8.6095837e-01
   3.5855522e-02   8.6174391e-01
   3.5872557e-02   8.6252946e-01
   3.5906617e-02   8.6331500e-01
   3.5951505e-02   8.6410055e-01
   3.6000151e-02   8.6488610e-01
   3.6037103e-02   8.6567164e-01
   3.6078079e-02   8.6645719e-01
   3.6141762e-02   8.6724273e-01
   3.6265837e-02   8.6802828e-01
   3.6361377e-02   8.6881383e-01
   3.6519982e-02   8.6959937e-01
   3.6852661e-02   8.7038492e-01
   3.6880188e-02   8.7117046e-01
   3.6993815e-02   8.7195601e-01
   3.7215197e-02   8.7274156e-01
   3.7326974e-02   8.7352710e-01
   3.7554035e-02   8.7431265e-01
   3.7592097e-02   8.7509819e-01
   3.7683165e-02   8.7588374e-01
   3.7870768e-02   8.7666929e-01
   3.7918910e-02   8.7745483e-01
   3.8013594e-02   8.7824038e-01
   3.8050257e-02   8.7981147e-01
   3.8090318e-02   8.8059701e-01
   3.8331111e-02   8.8138256e-01
   3.8357431e-02   8.8216811e-01
   3.8585285e-02   8.8295365e-01
   3.8632651e-02   8.8373920e-01
   3.8699818e-02   8.8452474e-01
   3.9014950e-02   8.8531029e-01
   3.9023295e-02   8.8609584e-01
   3.9082148e-02   8.8688138e-01
   3.9237368e-02   8.8766693e-01
   3.9422983e-02   8.8845247e-01
   3.9459698e-02   8.8923802e-01
   3.9551363e-02   8.9002357e-01
   3.9589964e-02   8.9080911e-01
   3.9591915e-02   8.9159466e-01
   3.9857914e-02   8.9238020e-01
   3.9916985e-02   8.9316575e-01
   4.0240441e-02   8.9473684e-01
   4.0290792e-02   8.9552239e-01
   4.0342360e-02   8.9630793e-01
   4.0417037e-02   8.9709348e-01
   4.0447706e-02   8.9787903e-01
   4.0478716e-02   8.9866457e-01
   4.0537249e-02   8.9945012e-01
   4.0596343e-02   9.0023566e-01
   4.0723172e-02   9.0102121e-01
   4.0967584e-02   9.0180676e-01
   4.1096906e-02   9.0259230e-01
   4.1627659e-02   9.0337785e-01
   4.1750083e-02   9.0416339e-01
   4.1802549e-02   9.0494894e-01
   4.1899927e-02   9.0573449e-01
   4.1919203e-02   9.0730558e-01
   4.1944784e-02   9.0809112e-01
   4.1959438e-02   9.0887667e-01
   4.2189694e-02   9.0966222e-01
   4.2237579e-02   9.1044776e-01
   4.2257947e-02   9.1123331e-01
   4.2622386e-02   9.1201885e-01
   4.2661072e-02   9.1280440e-01
   4.2868857e-02   9.1358995e-01
   4.2889391e-02   9.1437549e-01
   4.3023300e-02   9.1516104e-01
   4.3394685e-02   9.1594658e-01
   4.3531366e-02   9.1673213e-01
   4.3640316e-02   9.1751767e-01
   4.3661546e-02   9.1830322e-01
   4.3741710e-02   9.1908877e-01
   4.3985873e-02   9.1987431e-01
   4.4005721e-02   9.2065986e-01
   4.4200249e-02   9.2144540e-01
   4.4288561e-02   9.2223095e-01
   4.4557193e-02   9.2301650e-01
   4.4971999e-02   9.2380204e-01
   4.5370497e-02   9.2458759e-01
   4.5757789e-02   9.2537313e-01
   4.5817841e-02   9.2615868e-01
   4.5964323e-02   9.2694423e-01
   4.6096858e-02   9.2772977e-01
   4.6320090e-02   9.2851532e-01
   4.6433282e-02   9.2930086e-01
   4.6462721e-02   9.3008641e-01
   4.6501669e-02   9.3087196e-01
   4.6688178e-02   9.3165750e-01
   4.6777064e-02   9.3244305e-01
   4.7085761e-02   9.3322859e-01
   4.7368643e-02   9.3401414e-01
   4.7496657e-02   9.3479969e-01
   4.7536990e-02   9.3558523e-01
   4.8463980e-02   9.3637078e-01
   4.8946302e-02   9.3715632e-01
   4.9342032e-02   9.3794187e-01
   4.9630821e-02   9.3872742e-01
   4.9935255e-02   9.3951296e-01
   4.9990610e-02   9.4029851e-01
   5.0249351e-02   9.4108405e-01
   5.0622957e-02   9.4186960e-01
   5.0685054e-02   9.4265515e-01
   5.0718911e-02   9.4344069e-01
   5.0768965e-02   9.4422624e-01
   5.0883393e-02   9.4501178e-01
   5.1340626e-02   9.4579733e-01
   5.2114172e-02   9.4658288e-01
   5.2422525e-02   9.4736842e-01
   5.2501544e-02   9.4815397e-01
   5.3266530e-02   9.4893951e-01
   5.4127201e-02   9.4972506e-01
   5.4313526e-02   9.5051060e-01
   5.4421842e-02   9.5129615e-01
   5.4933178e-02   9.5208170e-01
   5.5891869e-02   9.5286724e-01
   5.6026936e-02   9.5365279e-01
   5.7160497e-02   9.5443833e-01
   5.8490730e-02   9.5522388e-01
   5.8681466e-02   9.5600943e-01
   5.8706451e-02   9.5679497e-01
   5.9133933e-02   9.5758052e-01
   6.0031878e-02   9.5836606e-01
   6.1395838e-02   9.5915161e-01
   6.3528397e-02   9.5993716e-01
   6.3988819e-02   9.6072270e-01
   6.4129658e-02   9.6150825e-01
   6.4539047e-02   9.6229379e-01
   6.4826725e-02   9.6307934e-01
   6.5261147e-02   9.6386489e-01
   6.5975087e-02   9.6465043e-01
   6.7088919e-02   9.6543598e-01
   6.7471266e-02   9.6622152e-01
   6.8383464e-02   9.6700707e-01
   6.8961223e-02   9.6779262e-01
   7.0233628e-02   9.6857816e-01
   7.2854794e-02   9.6936371e-01
   7.3845720e-02   9.7014925e-01
   7.4433746e-02   9.7093480e-01
   7.4444625e-02   9.7172035e-01
   7.5617149e-02   9.7250589e-01
   7.6085427e-02   9.7329144e-01
   7.7109666e-02   9.7407698e-01
   7.7942763e-02   9.7486253e-01
   7.9427307e-02   9.7564808e-01
   7.9674407e-02   9.7643362e-01
   7.9675540e-02   9.7721917e-01
   7.9935554e-02   9.7800471e-01
   8.0561652e-02   9.7879026e-01
   8.0852165e-02   9.7957581e-01
   8.5404918e-02   9.8036135e-01
   8.6399289e-02   9.8114690e-01
   8.6813210e-02   9.8193244e-01
   8.6949936e-02   9.8271799e-01
   8.8322333e-02   9.8350353e-01
   9.3897642e-02   9.8428908e-01
   9.6468487e-02   9.8507463e-01
   1.0143723e-01   9.8586017e-01
   1.0285763e-01   9.8664572e-01
   1.0289356e-01   9.8743126e-01
   1.0560376e-01   9.8821681e-01
   1.0647312e-01   9.8900236e-01
   1.0824742e-01   9.8978790e-01
   1.1334239e-01   9.9057345e-01
   1.1582800e-01   9.9135899e-01
   1.2503214e-01   9.9214454e-01
   1.3035558e-01   9.9293009e-01
   1.3290966e-01   9.9371563e-01
   1.3524406e-01   9.9450118e-01
   1.5400500e-01   9.9528672e-01
   1.5896704e-01   9.9607227e-01
   1.6345181e-01   9.9685782e-01
   1.7532934e-01   9.9764336e-01
   2.0041891e-01   9.9842891e-01
   2.3201432e-01   9.9921445e-01
   2.8615979e-01   1.0000000e+00
