   8.9190796e-03   0.0000000e+00
   8.9190796e-03   2.9411765e-02
   1.0649118e-02   5.8823529e-02
   1.3252835e-02   8.8235294e-02
   1.3912061e-02   1.1764706e-01
   1.7512371e-02   1.4705882e-01
   1.9356283e-02   1.7647059e-01
   2.7340884e-02   2.0588235e-01
   2.8940589e-02   2.3529412e-01
   3.0699960e-02   2.6470588e-01
   3.3200387e-02   2.9411765e-01
   3.4195063e-02   3.2352941e-01
   3.9688018e-02   3.5294118e-01
   4.0090081e-02   3.8235294e-01
   4.0607630e-02   4.1176471e-01
   4.3052229e-02   4.4117647e-01
   4.7502652e-02   4.7058824e-01
   4.8631931e-02   5.0000000e-01
   5.4486171e-02   5.2941176e-01
   5.5615192e-02   5.5882353e-01
   5.5891178e-02   5.8823529e-01
   6.2756411e-02   6.1764706e-01
   6.6393077e-02   6.4705882e-01
   6.6868644e-02   6.7647059e-01
   6.7448585e-02   7.0588235e-01
   7.1787461e-02   7.3529412e-01
   7.3718317e-02   7.6470588e-01
   7.6236028e-02   7.9411765e-01
   8.2514180e-02   8.2352941e-01
   9.6120153e-02   8.5294118e-01
   1.0304711e-01   8.8235294e-01
   1.0994110e-01   9.1176471e-01
   1.7176861e-01   9.4117647e-01
   1.8565624e-01   9.7058824e-01
   2.5572103e-01   1.0000000e+00
