   9.6176724e-03   0.0000000e+00
   9.6176724e-03   1.2820513e-02
   9.8491479e-03   2.5641026e-02
   1.0365032e-02   3.8461538e-02
   1.0810840e-02   5.1282051e-02
   1.1120111e-02   6.4102564e-02
   1.1263246e-02   7.6923077e-02
   1.1433120e-02   8.9743590e-02
   1.1984790e-02   1.0256410e-01
   1.2399731e-02   1.1538462e-01
   1.3404482e-02   1.2820513e-01
   1.3684149e-02   1.4102564e-01
   1.3939703e-02   1.5384615e-01
   1.4219669e-02   1.6666667e-01
   1.4680786e-02   1.7948718e-01
   1.5572498e-02   1.9230769e-01
   1.6071781e-02   2.0512821e-01
   1.6864551e-02   2.1794872e-01
   1.7191124e-02   2.3076923e-01
   1.7763437e-02   2.4358974e-01
   1.7822779e-02   2.5641026e-01
   1.7918915e-02   2.8205128e-01
   1.8460474e-02   2.9487179e-01
   1.8790561e-02   3.0769231e-01
   1.9104958e-02   3.2051282e-01
   1.9193548e-02   3.3333333e-01
   1.9587371e-02   3.4615385e-01
   1.9705545e-02   3.5897436e-01
   2.0331552e-02   3.7179487e-01
   2.1138924e-02   3.8461538e-01
   2.1141581e-02   3.9743590e-01
   2.1448897e-02   4.1025641e-01
   2.1948307e-02   4.2307692e-01
   2.2278026e-02   4.3589744e-01
   2.2439042e-02   4.4871795e-01
   2.2974566e-02   4.6153846e-01
   2.3128486e-02   4.7435897e-01
   2.3310681e-02   4.8717949e-01
   2.3498708e-02   5.0000000e-01
   2.3661793e-02   5.1282051e-01
   2.3869892e-02   5.2564103e-01
   2.3926741e-02   5.3846154e-01
   2.4551628e-02   5.5128205e-01
   2.6571288e-02   5.6410256e-01
   2.6804679e-02   5.7692308e-01
   2.7257248e-02   5.8974359e-01
   2.7377723e-02   6.0256410e-01
   2.7753562e-02   6.1538462e-01
   2.8339295e-02   6.2820513e-01
   2.9031165e-02   6.4102564e-01
   2.9449081e-02   6.5384615e-01
   2.9582048e-02   6.6666667e-01
   2.9890129e-02   6.7948718e-01
   3.0048246e-02   6.9230769e-01
   3.0741095e-02   7.0512821e-01
   3.4098700e-02   7.1794872e-01
   3.6742958e-02   7.3076923e-01
   3.7003359e-02   7.4358974e-01
   3.7332915e-02   7.5641026e-01
   3.9502169e-02   7.6923077e-01
   4.3980801e-02   7.8205128e-01
   4.4985677e-02   7.9487179e-01
   4.5175139e-02   8.0769231e-01
   4.5474335e-02   8.2051282e-01
   4.7242421e-02   8.3333333e-01
   4.7308525e-02   8.4615385e-01
   4.8223095e-02   8.5897436e-01
   5.0596794e-02   8.7179487e-01
   5.1357205e-02   8.8461538e-01
   5.4977191e-02   8.9743590e-01
   6.0689923e-02   9.1025641e-01
   6.3890702e-02   9.2307692e-01
   6.9207434e-02   9.3589744e-01
   7.5380911e-02   9.4871795e-01
   9.7172776e-02   9.6153846e-01
   1.1854414e-01   9.7435897e-01
   1.4324290e-01   9.8717949e-01
   1.9912531e-01   1.0000000e+00
