   3.9648000e-03   0.0000000e+00
   3.9648000e-03   7.5949367e-03
   4.4056000e-03   1.0126582e-02
   4.8456000e-03   2.0253165e-02
   5.2864000e-03   3.5443038e-02
   5.7272000e-03   5.3164557e-02
   6.1672000e-03   9.3670886e-02
   6.6080000e-03   1.3164557e-01
   7.0488000e-03   1.7215190e-01
   7.4888000e-03   1.8987342e-01
   7.9296000e-03   2.0506329e-01
   8.3704000e-03   2.4810127e-01
   8.8104000e-03   2.8101266e-01
   9.2512000e-03   2.9367089e-01
   9.6920000e-03   3.2658228e-01
   1.0132000e-02   3.4177215e-01
   1.0572800e-02   3.5949367e-01
   1.1012800e-02   3.7721519e-01
   1.1453600e-02   3.9240506e-01
   1.1894400e-02   4.0759494e-01
   1.2334400e-02   4.1265823e-01
   1.2775200e-02   4.2784810e-01
   1.3216000e-02   4.4556962e-01
   1.3656000e-02   4.5316456e-01
   1.4096800e-02   4.7341772e-01
   1.4537600e-02   4.8354430e-01
   1.4977600e-02   4.9113924e-01
   1.5418400e-02   5.1139241e-01
   1.5859200e-02   5.3924051e-01
   1.6299200e-02   5.4430380e-01
   1.6740000e-02   5.5443038e-01
   1.7180800e-02   5.5696203e-01
   1.7620800e-02   5.6202532e-01
   1.8061600e-02   5.7721519e-01
   1.8942400e-02   5.8734177e-01
   1.9383200e-02   5.8987342e-01
   1.9824000e-02   5.9746835e-01
   2.0264000e-02   6.1012658e-01
   2.0704800e-02   6.2025316e-01
   2.1145600e-02   6.2531646e-01
   2.2467200e-02   6.3291139e-01
   2.2907200e-02   6.3797468e-01
   2.3348000e-02   6.4303797e-01
   2.3788800e-02   6.4556962e-01
   2.4228800e-02   6.5822785e-01
   2.4669600e-02   6.6329114e-01
   2.5110400e-02   6.7088608e-01
   2.5550400e-02   6.7341772e-01
   2.6432000e-02   6.7594937e-01
   2.7312800e-02   6.8354430e-01
   2.7753600e-02   6.9113924e-01
   2.8193600e-02   6.9367089e-01
   2.8634400e-02   7.0126582e-01
   2.9075200e-02   7.0379747e-01
   2.9515200e-02   7.0886076e-01
   2.9956000e-02   7.1139241e-01
   3.0396800e-02   7.1392405e-01
   3.0836800e-02   7.1898734e-01
   3.1277600e-02   7.2658228e-01
   3.2158400e-02   7.2911392e-01
   3.2599200e-02   7.3164557e-01
   3.3480000e-02   7.3417722e-01
   3.4360800e-02   7.3670886e-01
   3.4801600e-02   7.4177215e-01
   3.5682400e-02   7.4683544e-01
   3.6123200e-02   7.5189873e-01
   3.6564000e-02   7.5696203e-01
   3.7004000e-02   7.6708861e-01
   3.7444800e-02   7.6962025e-01
   3.7885600e-02   7.7215190e-01
   3.8325600e-02   7.7468354e-01
   3.8766400e-02   7.7974684e-01
   3.9207200e-02   7.8227848e-01
   3.9647200e-02   7.8481013e-01
   4.0088000e-02   7.8734177e-01
   4.0528800e-02   7.8987342e-01
   4.2290400e-02   7.9493671e-01
   4.3172000e-02   8.0000000e-01
   4.3612000e-02   8.0253165e-01
   4.4052800e-02   8.1265823e-01
   4.4493600e-02   8.1518987e-01
   4.4933600e-02   8.2278481e-01
   4.5815200e-02   8.2531646e-01
   4.8458400e-02   8.3037975e-01
   5.0220000e-02   8.3291139e-01
   5.1101600e-02   8.3544304e-01
   5.1541600e-02   8.3797468e-01
   5.1982400e-02   8.4556962e-01
   5.3304000e-02   8.4810127e-01
   5.3744800e-02   8.5063291e-01
   5.4184800e-02   8.5569620e-01
   5.5947200e-02   8.5822785e-01
   5.6388000e-02   8.6075949e-01
   5.7268800e-02   8.6329114e-01
   5.8149600e-02   8.6582278e-01
   5.8590400e-02   8.6835443e-01
   5.9471200e-02   8.7341772e-01
   6.1673600e-02   8.7594937e-01
   6.2995200e-02   8.8101266e-01
   6.3876800e-02   8.8860759e-01
   6.5198400e-02   8.9113924e-01
   6.6960000e-02   8.9367089e-01
   6.7400800e-02   8.9873418e-01
   6.7841600e-02   9.0126582e-01
   6.8722400e-02   9.0379747e-01
   6.9603200e-02   9.0632911e-01
   7.0044000e-02   9.0886076e-01
   7.0484800e-02   9.1139241e-01
   7.0924800e-02   9.1645570e-01
   7.4008800e-02   9.2151899e-01
   7.6652000e-02   9.2405063e-01
   7.7092800e-02   9.2911392e-01
   8.1497600e-02   9.3164557e-01
   8.4581600e-02   9.3417722e-01
   8.5022400e-02   9.3924051e-01
   8.5903200e-02   9.4177215e-01
   8.8546400e-02   9.4430380e-01
   8.9868000e-02   9.4683544e-01
   9.0748800e-02   9.4936709e-01
   1.0088080e-01   9.5189873e-01
   1.0132160e-01   9.5443038e-01
   1.0264320e-01   9.5696203e-01
   1.0352400e-01   9.6202532e-01
   1.0440560e-01   9.6455696e-01
   1.0748880e-01   9.6708861e-01
   1.0881040e-01   9.6962025e-01
   1.1233440e-01   9.7215190e-01
   1.1409680e-01   9.7721519e-01
   1.1585920e-01   9.7974684e-01
   1.2026400e-01   9.8227848e-01
   1.2466960e-01   9.8481013e-01
   1.2951520e-01   9.8734177e-01
   1.3612320e-01   9.8987342e-01
   1.4449360e-01   9.9240506e-01
   1.4933920e-01   9.9493671e-01
   1.5066080e-01   9.9746835e-01
   1.7577120e-01   1.0000000e+00
