   5.6873372e-03   0.0000000e+00
   5.6873372e-03   6.0975610e-03
   6.6822820e-03   1.2195122e-02
   6.7685553e-03   1.8292683e-02
   6.8862195e-03   2.4390244e-02
   7.0796030e-03   3.0487805e-02
   7.1497164e-03   3.6585366e-02
   7.3178559e-03   4.2682927e-02
   7.3213225e-03   4.8780488e-02
   7.3408935e-03   5.4878049e-02
   7.5701695e-03   7.3170732e-02
   7.6181764e-03   7.9268293e-02
   8.0722168e-03   8.5365854e-02
   8.5126275e-03   9.1463415e-02
   8.5443512e-03   9.7560976e-02
   8.6024720e-03   1.0365854e-01
   8.7366189e-03   1.0975610e-01
   8.9678731e-03   1.1585366e-01
   8.9773907e-03   1.2195122e-01
   9.0105057e-03   1.2804878e-01
   9.0248649e-03   1.3414634e-01
   9.1282387e-03   1.4024390e-01
   9.2088039e-03   1.4634146e-01
   9.4479939e-03   1.5243902e-01
   9.4554804e-03   1.5853659e-01
   9.7074644e-03   1.6463415e-01
   9.9493893e-03   1.7073171e-01
   9.9782297e-03   1.7682927e-01
   1.0193512e-02   1.8292683e-01
   1.0225149e-02   1.8902439e-01
   1.0329329e-02   1.9512195e-01
   1.0384361e-02   2.0121951e-01
   1.0391040e-02   2.0731707e-01
   1.0666631e-02   2.1341463e-01
   1.0735141e-02   2.1951220e-01
   1.0760257e-02   2.2560976e-01
   1.0862928e-02   2.3170732e-01
   1.1004907e-02   2.3780488e-01
   1.1092535e-02   2.5000000e-01
   1.1278042e-02   2.5609756e-01
   1.1374674e-02   2.6219512e-01
   1.1871083e-02   2.6829268e-01
   1.2040503e-02   2.7439024e-01
   1.2206500e-02   2.8048780e-01
   1.2434363e-02   2.8658537e-01
   1.2443089e-02   2.9268293e-01
   1.2658349e-02   2.9878049e-01
   1.2755534e-02   3.0487805e-01
   1.3025102e-02   3.1097561e-01
   1.4105168e-02   3.1707317e-01
   1.4147755e-02   3.2317073e-01
   1.4408147e-02   3.2926829e-01
   1.4419850e-02   3.3536585e-01
   1.4799062e-02   3.4146341e-01
   1.4890335e-02   3.4756098e-01
   1.5579374e-02   3.5365854e-01
   1.6173055e-02   3.5975610e-01
   1.6316971e-02   3.6585366e-01
   1.6523671e-02   3.7195122e-01
   1.7361248e-02   3.7804878e-01
   1.7703450e-02   3.8414634e-01
   1.8652515e-02   3.9634146e-01
   1.8662904e-02   4.0243902e-01
   1.8677836e-02   4.0853659e-01
   1.8896527e-02   4.1463415e-01
   1.9003513e-02   4.2073171e-01
   1.9670026e-02   4.2682927e-01
   2.0063324e-02   4.3292683e-01
   2.0156202e-02   4.3902439e-01
   2.1543706e-02   4.4512195e-01
   2.1857973e-02   4.5121951e-01
   2.2184164e-02   4.5731707e-01
   2.2197229e-02   4.6341463e-01
   2.2894986e-02   4.6951220e-01
   2.3428442e-02   4.7560976e-01
   2.3666042e-02   4.8170732e-01
   2.3920936e-02   4.8780488e-01
   2.4406892e-02   4.9390244e-01
   2.5728419e-02   5.0000000e-01
   2.6809541e-02   5.0609756e-01
   2.8423593e-02   5.1219512e-01
   2.8585818e-02   5.1829268e-01
   2.9067137e-02   5.2439024e-01
   2.9425410e-02   5.3048780e-01
   3.0004092e-02   5.3658537e-01
   3.0312637e-02   5.4268293e-01
   3.1151951e-02   5.4878049e-01
   3.1560660e-02   5.5487805e-01
   3.2085857e-02   5.6097561e-01
   3.3357944e-02   5.6707317e-01
   3.5166034e-02   5.7317073e-01
   3.7090450e-02   5.7926829e-01
   3.7453439e-02   5.8536585e-01
   3.7955263e-02   5.9146341e-01
   3.8692094e-02   5.9756098e-01
   4.0699442e-02   6.0365854e-01
   4.1183395e-02   6.0975610e-01
   4.2408644e-02   6.1585366e-01
   4.2744265e-02   6.2195122e-01
   4.4046640e-02   6.2804878e-01
   4.4614061e-02   6.3414634e-01
   4.5476746e-02   6.4024390e-01
   4.7512749e-02   6.4634146e-01
   5.1742893e-02   6.5243902e-01
   5.2125873e-02   6.5853659e-01
   5.4013249e-02   6.6463415e-01
   5.4130002e-02   6.7073171e-01
   5.5490228e-02   6.7682927e-01
   5.5612658e-02   6.8292683e-01
   5.6269275e-02   6.8902439e-01
   5.8039712e-02   6.9512195e-01
   5.8696371e-02   7.0121951e-01
   5.9716271e-02   7.0731707e-01
   6.0952159e-02   7.1341463e-01
   6.3552286e-02   7.1951220e-01
   6.5415956e-02   7.2560976e-01
   6.7030274e-02   7.3170732e-01
   6.7251765e-02   7.3780488e-01
   6.7626022e-02   7.4390244e-01
   6.8338601e-02   7.5000000e-01
   6.9994613e-02   7.5609756e-01
   7.1049266e-02   7.6219512e-01
   7.2483617e-02   7.6829268e-01
   7.4965345e-02   7.7439024e-01
   8.2897316e-02   7.8048780e-01
   8.3651375e-02   7.8658537e-01
   9.2484866e-02   7.9268293e-01
   1.0175333e-01   7.9878049e-01
   1.0261801e-01   8.0487805e-01
   1.1179646e-01   8.1097561e-01
   1.1198708e-01   8.1707317e-01
   1.1841759e-01   8.2317073e-01
   1.3122785e-01   8.2926829e-01
   1.4074285e-01   8.3536585e-01
   1.4157029e-01   8.4146341e-01
   1.4157678e-01   8.4756098e-01
   1.4667814e-01   8.5365854e-01
   1.4881639e-01   8.5975610e-01
   1.5780710e-01   8.6585366e-01
   1.6031690e-01   8.7195122e-01
   1.6346092e-01   8.7804878e-01
   1.7096255e-01   8.8414634e-01
   1.7687205e-01   8.9024390e-01
   1.7810505e-01   8.9634146e-01
   1.8464426e-01   9.0243902e-01
   1.9193523e-01   9.0853659e-01
   1.9311523e-01   9.1463415e-01
   1.9633847e-01   9.2073171e-01
   2.0386133e-01   9.2682927e-01
   2.1005124e-01   9.3292683e-01
   2.1141324e-01   9.3902439e-01
   2.1565377e-01   9.4512195e-01
   2.3419554e-01   9.5121951e-01
   2.4080812e-01   9.5731707e-01
   2.4472975e-01   9.6341463e-01
   2.4810108e-01   9.6951220e-01
   2.5298650e-01   9.7560976e-01
   2.5914528e-01   9.8170732e-01
   2.7380734e-01   9.8780488e-01
   3.2980628e-01   9.9390244e-01
   4.1429117e-01   1.0000000e+00
