   5.7933411e-03   0.0000000e+00
   5.7933411e-03   2.4154589e-03
   6.2361693e-03   4.8309179e-03
   6.8946750e-03   7.2463768e-03
   7.4340507e-03   9.6618357e-03
   7.7775515e-03   1.4492754e-02
   7.8190467e-03   1.6908213e-02
   8.0006378e-03   1.9323671e-02
   8.0674692e-03   2.1739130e-02
   8.1621583e-03   2.4154589e-02
   8.3219083e-03   2.6570048e-02
   8.6306555e-03   2.8985507e-02
   8.7129601e-03   3.1400966e-02
   8.9126635e-03   3.3816425e-02
   8.9136184e-03   3.6231884e-02
   9.0233840e-03   3.8647343e-02
   9.2787321e-03   4.1062802e-02
   9.3340517e-03   4.3478261e-02
   9.3591148e-03   4.5893720e-02
   9.3944677e-03   4.8309179e-02
   9.4033848e-03   5.0724638e-02
   9.5625738e-03   5.3140097e-02
   9.5915799e-03   5.5555556e-02
   9.6580135e-03   5.7971014e-02
   9.8893289e-03   6.0386473e-02
   9.9252878e-03   6.5217391e-02
   9.9993077e-03   6.7632850e-02
   1.0005752e-02   7.2463768e-02
   1.0013275e-02   7.4879227e-02
   1.0030872e-02   7.7294686e-02
   1.0141601e-02   7.9710145e-02
   1.0221952e-02   8.2125604e-02
   1.0293526e-02   8.6956522e-02
   1.0396595e-02   8.9371981e-02
   1.0444430e-02   9.1787440e-02
   1.0471766e-02   9.6618357e-02
   1.0575045e-02   9.9033816e-02
   1.0654115e-02   1.0144928e-01
   1.0671740e-02   1.0628019e-01
   1.0678535e-02   1.0869565e-01
   1.0704305e-02   1.1111111e-01
   1.0878849e-02   1.1352657e-01
   1.0912578e-02   1.1594203e-01
   1.1116878e-02   1.1835749e-01
   1.1141730e-02   1.2318841e-01
   1.1145865e-02   1.2560386e-01
   1.1196839e-02   1.2801932e-01
   1.1231022e-02   1.3043478e-01
   1.1249135e-02   1.3285024e-01
   1.1284518e-02   1.3526570e-01
   1.1349518e-02   1.3768116e-01
   1.1354263e-02   1.4009662e-01
   1.1443733e-02   1.4251208e-01
   1.1562048e-02   1.4734300e-01
   1.1587269e-02   1.4975845e-01
   1.1633239e-02   1.5458937e-01
   1.1684237e-02   1.5700483e-01
   1.1770692e-02   1.5942029e-01
   1.1778548e-02   1.6183575e-01
   1.1945851e-02   1.6425121e-01
   1.1963507e-02   1.6666667e-01
   1.2032765e-02   1.7149758e-01
   1.2128171e-02   1.7874396e-01
   1.2132828e-02   1.8115942e-01
   1.2222614e-02   1.8357488e-01
   1.2296354e-02   1.8599034e-01
   1.2316264e-02   1.8840580e-01
   1.2323917e-02   1.9082126e-01
   1.2478848e-02   1.9323671e-01
   1.2509607e-02   1.9565217e-01
   1.2519917e-02   2.0048309e-01
   1.2521787e-02   2.0289855e-01
   1.2632824e-02   2.0531401e-01
   1.2649932e-02   2.1256039e-01
   1.2887536e-02   2.1980676e-01
   1.3007239e-02   2.2222222e-01
   1.3021658e-02   2.2463768e-01
   1.3166144e-02   2.2705314e-01
   1.3355293e-02   2.2946860e-01
   1.3410964e-02   2.3429952e-01
   1.3554052e-02   2.3671498e-01
   1.3564836e-02   2.3913043e-01
   1.3590119e-02   2.4154589e-01
   1.3666276e-02   2.4396135e-01
   1.3719128e-02   2.4637681e-01
   1.3777146e-02   2.4879227e-01
   1.3929312e-02   2.5120773e-01
   1.4067855e-02   2.5362319e-01
   1.4109952e-02   2.5845411e-01
   1.4222319e-02   2.6086957e-01
   1.4223412e-02   2.6328502e-01
   1.4234641e-02   2.6570048e-01
   1.4238390e-02   2.6811594e-01
   1.4241156e-02   2.7053140e-01
   1.4383004e-02   2.7294686e-01
   1.4423857e-02   2.7536232e-01
   1.4443481e-02   2.7777778e-01
   1.4506850e-02   2.8019324e-01
   1.4546905e-02   2.8260870e-01
   1.4617523e-02   2.8502415e-01
   1.4706959e-02   2.8985507e-01
   1.4800622e-02   2.9468599e-01
   1.4913402e-02   2.9710145e-01
   1.4946719e-02   2.9951691e-01
   1.5144917e-02   3.0193237e-01
   1.5187594e-02   3.0434783e-01
   1.5238262e-02   3.0917874e-01
   1.5245024e-02   3.1159420e-01
   1.5386453e-02   3.1400966e-01
   1.5415987e-02   3.1642512e-01
   1.5425926e-02   3.1884058e-01
   1.5543047e-02   3.2125604e-01
   1.5571011e-02   3.2367150e-01
   1.5655026e-02   3.2608696e-01
   1.5690670e-02   3.2850242e-01
   1.5810772e-02   3.3091787e-01
   1.5896688e-02   3.3333333e-01
   1.5994283e-02   3.3574879e-01
   1.6016480e-02   3.3816425e-01
   1.6030620e-02   3.4057971e-01
   1.6044078e-02   3.4299517e-01
   1.6083931e-02   3.4541063e-01
   1.6259205e-02   3.4782609e-01
   1.6451457e-02   3.5024155e-01
   1.6539197e-02   3.5265700e-01
   1.6573704e-02   3.5507246e-01
   1.6580882e-02   3.5748792e-01
   1.6675884e-02   3.5990338e-01
   1.6779683e-02   3.6231884e-01
   1.6887110e-02   3.6473430e-01
   1.6894981e-02   3.6714976e-01
   1.6901865e-02   3.6956522e-01
   1.6935657e-02   3.7198068e-01
   1.6974654e-02   3.7681159e-01
   1.7041705e-02   3.7922705e-01
   1.7338109e-02   3.8164251e-01
   1.7605523e-02   3.8405797e-01
   1.7798475e-02   3.8647343e-01
   1.8225242e-02   3.8888889e-01
   1.8327712e-02   3.9130435e-01
   1.8351608e-02   3.9371981e-01
   1.8444913e-02   3.9613527e-01
   1.8479685e-02   3.9855072e-01
   1.8513451e-02   4.0096618e-01
   1.8682695e-02   4.0338164e-01
   1.8689795e-02   4.0579710e-01
   1.8860568e-02   4.0821256e-01
   1.8902434e-02   4.1062802e-01
   1.8910056e-02   4.1304348e-01
   1.9016150e-02   4.1545894e-01
   1.9117516e-02   4.1787440e-01
   1.9148994e-02   4.2028986e-01
   1.9163769e-02   4.2270531e-01
   1.9281098e-02   4.2512077e-01
   1.9371205e-02   4.2753623e-01
   1.9420141e-02   4.2995169e-01
   1.9436278e-02   4.3236715e-01
   1.9503689e-02   4.3478261e-01
   1.9792928e-02   4.3719807e-01
   1.9798707e-02   4.4202899e-01
   1.9824135e-02   4.4444444e-01
   1.9851034e-02   4.4685990e-01
   1.9964949e-02   4.4927536e-01
   2.0000100e-02   4.5169082e-01
   2.0031929e-02   4.5410628e-01
   2.0141905e-02   4.5652174e-01
   2.0225627e-02   4.5893720e-01
   2.0257560e-02   4.6135266e-01
   2.0339369e-02   4.6376812e-01
   2.0392510e-02   4.6618357e-01
   2.0539409e-02   4.6859903e-01
   2.0699203e-02   4.7101449e-01
   2.0741514e-02   4.7342995e-01
   2.0888280e-02   4.7584541e-01
   2.0892540e-02   4.7826087e-01
   2.0969847e-02   4.8067633e-01
   2.0980916e-02   4.8309179e-01
   2.1129883e-02   4.8550725e-01
   2.1153711e-02   4.8792271e-01
   2.1222565e-02   4.9033816e-01
   2.1282808e-02   4.9275362e-01
   2.1343475e-02   4.9516908e-01
   2.1434773e-02   4.9758454e-01
   2.1534419e-02   5.0000000e-01
   2.1662955e-02   5.0483092e-01
   2.1679102e-02   5.0724638e-01
   2.1776225e-02   5.0966184e-01
   2.1785175e-02   5.1207729e-01
   2.1808760e-02   5.1449275e-01
   2.1825660e-02   5.1690821e-01
   2.1837963e-02   5.1932367e-01
   2.1904177e-02   5.2173913e-01
   2.1922930e-02   5.2415459e-01
   2.2012049e-02   5.2657005e-01
   2.2119563e-02   5.2898551e-01
   2.2121107e-02   5.3140097e-01
   2.2342402e-02   5.3381643e-01
   2.2523937e-02   5.3623188e-01
   2.2587222e-02   5.4106280e-01
   2.2700166e-02   5.4347826e-01
   2.2774779e-02   5.4589372e-01
   2.2916598e-02   5.4830918e-01
   2.3004795e-02   5.5072464e-01
   2.3384295e-02   5.5314010e-01
   2.3456492e-02   5.5555556e-01
   2.3542833e-02   5.5797101e-01
   2.3571781e-02   5.6038647e-01
   2.3591432e-02   5.6280193e-01
   2.3767377e-02   5.6521739e-01
   2.3800748e-02   5.6763285e-01
   2.3802339e-02   5.7004831e-01
   2.3891857e-02   5.7246377e-01
   2.4061879e-02   5.7487923e-01
   2.4066661e-02   5.7729469e-01
   2.4416103e-02   5.7971014e-01
   2.4482463e-02   5.8212560e-01
   2.4718771e-02   5.8454106e-01
   2.4944733e-02   5.8695652e-01
   2.4966220e-02   5.8937198e-01
   2.5109167e-02   5.9178744e-01
   2.5215216e-02   5.9420290e-01
   2.5288925e-02   5.9661836e-01
   2.5333207e-02   5.9903382e-01
   2.5440845e-02   6.0144928e-01
   2.5776202e-02   6.0386473e-01
   2.6177940e-02   6.0628019e-01
   2.6218368e-02   6.0869565e-01
   2.6463078e-02   6.1111111e-01
   2.6556093e-02   6.1352657e-01
   2.6822532e-02   6.1594203e-01
   2.6893996e-02   6.1835749e-01
   2.7166159e-02   6.2077295e-01
   2.7416898e-02   6.2318841e-01
   2.7786637e-02   6.2560386e-01
   2.7964327e-02   6.2801932e-01
   2.8196131e-02   6.3043478e-01
   2.8444637e-02   6.3526570e-01
   2.8497368e-02   6.3768116e-01
   2.8766916e-02   6.4009662e-01
   2.8804289e-02   6.4251208e-01
   2.9100241e-02   6.4492754e-01
   2.9414505e-02   6.4734300e-01
   2.9416298e-02   6.4975845e-01
   2.9543095e-02   6.5217391e-01
   2.9545258e-02   6.5458937e-01
   2.9560357e-02   6.5700483e-01
   2.9641964e-02   6.5942029e-01
   2.9775410e-02   6.6183575e-01
   2.9805763e-02   6.6425121e-01
   3.0103746e-02   6.6666667e-01
   3.0306085e-02   6.6908213e-01
   3.0465012e-02   6.7149758e-01
   3.0696819e-02   6.7391304e-01
   3.0895678e-02   6.7632850e-01
   3.0944450e-02   6.7874396e-01
   3.1217781e-02   6.8115942e-01
   3.1252714e-02   6.8357488e-01
   3.1561148e-02   6.8599034e-01
   3.2413151e-02   6.8840580e-01
   3.2442188e-02   6.9082126e-01
   3.2908738e-02   6.9323671e-01
   3.2956062e-02   6.9565217e-01
   3.3096149e-02   6.9806763e-01
   3.3099404e-02   7.0048309e-01
   3.3221756e-02   7.0289855e-01
   3.3338216e-02   7.0531401e-01
   3.3415728e-02   7.0772947e-01
   3.4006025e-02   7.1014493e-01
   3.4062170e-02   7.1256039e-01
   3.4218916e-02   7.1497585e-01
   3.4413895e-02   7.1739130e-01
   3.4892931e-02   7.1980676e-01
   3.4942054e-02   7.2222222e-01
   3.5009269e-02   7.2463768e-01
   3.5190846e-02   7.2705314e-01
   3.5203429e-02   7.2946860e-01
   3.5364823e-02   7.3188406e-01
   3.5552672e-02   7.3429952e-01
   3.5775491e-02   7.3671498e-01
   3.6177748e-02   7.3913043e-01
   3.6277430e-02   7.4154589e-01
   3.6277977e-02   7.4396135e-01
   3.6605205e-02   7.4637681e-01
   3.7098853e-02   7.4879227e-01
   3.7180519e-02   7.5120773e-01
   3.7387935e-02   7.5362319e-01
   3.7597555e-02   7.5603865e-01
   3.8219287e-02   7.5845411e-01
   3.8328124e-02   7.6086957e-01
   3.8390239e-02   7.6328502e-01
   3.8393601e-02   7.6570048e-01
   3.8608934e-02   7.6811594e-01
   3.8867369e-02   7.7053140e-01
   3.9085447e-02   7.7294686e-01
   3.9114115e-02   7.7536232e-01
   3.9479832e-02   7.7777778e-01
   3.9599071e-02   7.8019324e-01
   4.1136644e-02   7.8260870e-01
   4.1427137e-02   7.8502415e-01
   4.2041137e-02   7.8743961e-01
   4.2432527e-02   7.8985507e-01
   4.2755279e-02   7.9227053e-01
   4.3123647e-02   7.9468599e-01
   4.4036430e-02   7.9710145e-01
   4.4350969e-02   7.9951691e-01
   4.4673679e-02   8.0193237e-01
   4.4931530e-02   8.0434783e-01
   4.5128376e-02   8.0676329e-01
   4.5365757e-02   8.0917874e-01
   4.6373620e-02   8.1159420e-01
   4.6606771e-02   8.1400966e-01
   4.6898146e-02   8.1642512e-01
   4.7005219e-02   8.1884058e-01
   4.7141980e-02   8.2125604e-01
   4.7159887e-02   8.2367150e-01
   4.7277010e-02   8.2608696e-01
   4.7602623e-02   8.2850242e-01
   4.7898218e-02   8.3091787e-01
   4.8218558e-02   8.3333333e-01
   4.8698325e-02   8.3574879e-01
   4.8733220e-02   8.3816425e-01
   4.9165887e-02   8.4057971e-01
   4.9360333e-02   8.4299517e-01
   4.9699336e-02   8.4541063e-01
   5.0935627e-02   8.4782609e-01
   5.1617815e-02   8.5024155e-01
   5.1862934e-02   8.5265700e-01
   5.2392439e-02   8.5507246e-01
   5.2439691e-02   8.5748792e-01
   5.2446791e-02   8.5990338e-01
   5.3110235e-02   8.6231884e-01
   5.3647202e-02   8.6473430e-01
   5.3805739e-02   8.6714976e-01
   5.4054799e-02   8.6956522e-01
   5.4166502e-02   8.7198068e-01
   5.4312526e-02   8.7439614e-01
   5.4328491e-02   8.7681159e-01
   5.5107810e-02   8.7922705e-01
   5.5452998e-02   8.8164251e-01
   5.5511473e-02   8.8405797e-01
   5.6665533e-02   8.8647343e-01
   5.6895793e-02   8.8888889e-01
   5.9023482e-02   8.9130435e-01
   6.0250355e-02   8.9371981e-01
   6.0901484e-02   8.9613527e-01
   6.1042817e-02   8.9855072e-01
   6.4496669e-02   9.0096618e-01
   6.8163165e-02   9.0338164e-01
   6.8626167e-02   9.0579710e-01
   6.8990321e-02   9.0821256e-01
   6.9329278e-02   9.1062802e-01
   7.1192660e-02   9.1304348e-01
   7.1602881e-02   9.1545894e-01
   7.2644391e-02   9.1787440e-01
   7.3033095e-02   9.2028986e-01
   7.3554671e-02   9.2270531e-01
   7.5118661e-02   9.2512077e-01
   7.5446124e-02   9.2753623e-01
   7.5877052e-02   9.2995169e-01
   7.6079294e-02   9.3236715e-01
   7.7076080e-02   9.3478261e-01
   7.8361995e-02   9.3719807e-01
   8.1151994e-02   9.3961353e-01
   8.1631283e-02   9.4202899e-01
   8.4801929e-02   9.4444444e-01
   8.5823198e-02   9.4685990e-01
   8.6452615e-02   9.4927536e-01
   8.9773615e-02   9.5169082e-01
   9.0033669e-02   9.5410628e-01
   9.0589882e-02   9.5652174e-01
   9.1979670e-02   9.5893720e-01
   9.2306773e-02   9.6135266e-01
   9.2461588e-02   9.6376812e-01
   1.0108261e-01   9.6618357e-01
   1.0112871e-01   9.6859903e-01
   1.0513475e-01   9.7101449e-01
   1.0668735e-01   9.7342995e-01
   1.0804360e-01   9.7584541e-01
   1.1106223e-01   9.7826087e-01
   1.2105218e-01   9.8067633e-01
   1.2153100e-01   9.8309179e-01
   1.2437747e-01   9.8550725e-01
   1.3052468e-01   9.8792271e-01
   1.3332153e-01   9.9033816e-01
   1.5761220e-01   9.9275362e-01
   1.6971080e-01   9.9516908e-01
   1.8211063e-01   9.9758454e-01
   2.3837797e-01   1.0000000e+00
