   5.8431599e-03   0.0000000e+00
   5.8431599e-03   6.3291139e-03
   6.9845218e-03   1.2658228e-02
   7.7469760e-03   1.8987342e-02
   9.0670487e-03   2.5316456e-02
   9.1207495e-03   3.1645570e-02
   9.4582085e-03   3.7974684e-02
   1.0021661e-02   4.4303797e-02
   1.0119346e-02   5.0632911e-02
   1.0577174e-02   5.6962025e-02
   1.0737118e-02   6.3291139e-02
   1.1064501e-02   6.9620253e-02
   1.1235115e-02   7.5949367e-02
   1.1588742e-02   8.2278481e-02
   1.2444478e-02   8.8607595e-02
   1.2746657e-02   9.4936709e-02
   1.3055504e-02   1.0126582e-01
   1.3363190e-02   1.0759494e-01
   1.3662325e-02   1.1392405e-01
   1.3960058e-02   1.2025316e-01
   1.4037965e-02   1.2658228e-01
   1.4063254e-02   1.3291139e-01
   1.4422865e-02   1.3924051e-01
   1.4576031e-02   1.4556962e-01
   1.4670123e-02   1.5189873e-01
   1.4904441e-02   1.5822785e-01
   1.5482888e-02   1.6455696e-01
   1.5784379e-02   1.7088608e-01
   1.5897171e-02   1.7721519e-01
   1.6210959e-02   1.8354430e-01
   1.6218799e-02   1.8987342e-01
   1.6332631e-02   1.9620253e-01
   1.6769944e-02   2.0253165e-01
   1.7442236e-02   2.0886076e-01
   1.7608775e-02   2.1518987e-01
   1.7644756e-02   2.2151899e-01
   1.7906200e-02   2.2784810e-01
   1.7979323e-02   2.3417722e-01
   1.8257228e-02   2.4050633e-01
   1.8311246e-02   2.4683544e-01
   1.8359865e-02   2.5316456e-01
   1.8479834e-02   2.5949367e-01
   1.8821500e-02   2.6582278e-01
   1.9223835e-02   2.7215190e-01
   1.9250949e-02   2.7848101e-01
   1.9520136e-02   2.8481013e-01
   1.9726909e-02   2.9113924e-01
   2.0074536e-02   2.9746835e-01
   2.0395787e-02   3.0379747e-01
   2.0614796e-02   3.1012658e-01
   2.0650026e-02   3.1645570e-01
   2.0985595e-02   3.2278481e-01
   2.1256747e-02   3.2911392e-01
   2.1530485e-02   3.3544304e-01
   2.1969635e-02   3.4177215e-01
   2.2179059e-02   3.4810127e-01
   2.2765168e-02   3.5443038e-01
   2.2928262e-02   3.6075949e-01
   2.3963512e-02   3.6708861e-01
   2.4316961e-02   3.7341772e-01
   2.4674576e-02   3.7974684e-01
   2.4789883e-02   3.8607595e-01
   2.5211179e-02   3.9240506e-01
   2.5920173e-02   3.9873418e-01
   2.6166126e-02   4.0506329e-01
   2.6329173e-02   4.1139241e-01
   2.6402573e-02   4.1772152e-01
   2.6474715e-02   4.2405063e-01
   2.6629329e-02   4.3037975e-01
   2.6977264e-02   4.3670886e-01
   2.7316229e-02   4.4303797e-01
   2.8399231e-02   4.4936709e-01
   2.8523066e-02   4.5569620e-01
   2.9919056e-02   4.6202532e-01
   3.0079893e-02   4.6835443e-01
   3.0673418e-02   4.7468354e-01
   3.0721285e-02   4.8101266e-01
   3.1439191e-02   4.8734177e-01
   3.1632479e-02   4.9367089e-01
   3.2005366e-02   5.0000000e-01
   3.2134625e-02   5.0632911e-01
   3.2475733e-02   5.1265823e-01
   3.4019475e-02   5.1898734e-01
   3.4544861e-02   5.2531646e-01
   3.4846662e-02   5.3164557e-01
   3.5435749e-02   5.3797468e-01
   3.5685703e-02   5.4430380e-01
   3.6526612e-02   5.5063291e-01
   3.6538902e-02   5.5696203e-01
   3.6973644e-02   5.6329114e-01
   3.7456209e-02   5.6962025e-01
   3.8099951e-02   5.7594937e-01
   3.8337578e-02   5.8227848e-01
   3.8447047e-02   5.8860759e-01
   3.9454739e-02   5.9493671e-01
   4.1182669e-02   6.0126582e-01
   4.1929089e-02   6.0759494e-01
   4.2279864e-02   6.1392405e-01
   4.2367177e-02   6.2025316e-01
   4.2687426e-02   6.2658228e-01
   4.2794114e-02   6.3291139e-01
   4.3398665e-02   6.3924051e-01
   4.6194655e-02   6.4556962e-01
   4.6530885e-02   6.5189873e-01
   4.6531234e-02   6.5822785e-01
   4.7136290e-02   6.6455696e-01
   4.7179926e-02   6.7088608e-01
   4.7317263e-02   6.7721519e-01
   4.7796015e-02   6.8354430e-01
   5.0861578e-02   6.8987342e-01
   5.1378111e-02   7.0253165e-01
   5.1608892e-02   7.0886076e-01
   5.1686547e-02   7.1518987e-01
   5.1925550e-02   7.2151899e-01
   5.1978185e-02   7.2784810e-01
   5.2728891e-02   7.3417722e-01
   5.4204920e-02   7.4050633e-01
   5.4351538e-02   7.4683544e-01
   5.5935864e-02   7.5316456e-01
   5.7906492e-02   7.5949367e-01
   5.8040123e-02   7.6582278e-01
   5.8285655e-02   7.7215190e-01
   5.8730323e-02   7.7848101e-01
   5.9830922e-02   7.8481013e-01
   6.0372457e-02   7.9113924e-01
   6.1021269e-02   7.9746835e-01
   6.1512131e-02   8.0379747e-01
   6.2200337e-02   8.1012658e-01
   6.2381202e-02   8.1645570e-01
   6.2443956e-02   8.2278481e-01
   6.3882870e-02   8.2911392e-01
   6.4580685e-02   8.3544304e-01
   6.5330572e-02   8.4177215e-01
   6.6090989e-02   8.4810127e-01
   6.7025093e-02   8.5443038e-01
   7.0261944e-02   8.6075949e-01
   7.1447955e-02   8.6708861e-01
   7.1937666e-02   8.7341772e-01
   7.4144390e-02   8.7974684e-01
   7.5287681e-02   8.8607595e-01
   7.6786469e-02   8.9240506e-01
   7.8040720e-02   8.9873418e-01
   7.8694737e-02   9.0506329e-01
   8.0750939e-02   9.1139241e-01
   8.2320020e-02   9.1772152e-01
   8.2765752e-02   9.2405063e-01
   1.0594721e-01   9.3037975e-01
   1.0651581e-01   9.3670886e-01
   1.0880926e-01   9.4303797e-01
   1.1200562e-01   9.4936709e-01
   1.1441622e-01   9.5569620e-01
   1.1818075e-01   9.6202532e-01
   1.2268409e-01   9.6835443e-01
   1.5093306e-01   9.7468354e-01
   1.5835587e-01   9.8101266e-01
   2.1056401e-01   9.8734177e-01
   2.3892972e-01   9.9367089e-01
   4.0946819e-01   1.0000000e+00
