   6.0024000e-03   0.0000000e+00
   6.0024000e-03   4.1666667e-02
   7.2880000e-03   8.3333333e-02
   8.1456000e-03   1.2500000e-01
   9.8608000e-03   1.6666667e-01
   1.0718400e-02   2.0833333e-01
   1.1575200e-02   2.5000000e-01
   1.2004000e-02   3.3333333e-01
   1.2861600e-02   3.7500000e-01
   1.3290400e-02   4.1666667e-01
   1.3719200e-02   4.5833333e-01
   1.5862400e-02   5.4166667e-01
   1.7148800e-02   5.8333333e-01
   1.8435200e-02   6.2500000e-01
   2.1007200e-02   6.6666667e-01
   2.2722400e-02   7.0833333e-01
   2.7867200e-02   7.5000000e-01
   3.3440800e-02   7.9166667e-01
   3.9013600e-02   8.3333333e-01
   3.9442400e-02   8.7500000e-01
   4.2872800e-02   9.1666667e-01
   5.9164000e-02   9.5833333e-01
   7.3312000e-02   1.0000000e+00
