   6.4520000e-03   0.0000000e+00
   6.4520000e-03   1.8518519e-02
   1.4285600e-02   3.7037037e-02
   1.5207200e-02   5.5555556e-02
   1.6128800e-02   7.4074074e-02
   1.8893600e-02   9.2592593e-02
   2.0737600e-02   1.1111111e-01
   2.3041600e-02   1.4814815e-01
   2.5345600e-02   1.6666667e-01
   2.6728000e-02   1.8518519e-01
   2.8571200e-02   2.0370370e-01
   2.9492800e-02   2.2222222e-01
   2.9953600e-02   2.5925926e-01
   3.1796800e-02   2.7777778e-01
   3.5023200e-02   2.9629630e-01
   3.5484000e-02   3.3333333e-01
   3.9631200e-02   3.5185185e-01
   4.0092000e-02   3.7037037e-01
   4.0552800e-02   4.0740741e-01
   4.1013600e-02   4.2592593e-01
   4.1474400e-02   4.6296296e-01
   4.1935200e-02   4.8148148e-01
   4.3779200e-02   5.0000000e-01
   4.4240000e-02   5.3703704e-01
   4.6083200e-02   5.5555556e-01
   5.1612800e-02   5.7407407e-01
   5.4838400e-02   5.9259259e-01
   5.6221600e-02   6.1111111e-01
   5.6681600e-02   6.2962963e-01
   5.7604000e-02   6.4814815e-01
   5.8986400e-02   6.6666667e-01
   5.9447200e-02   6.8518519e-01
   5.9908000e-02   7.0370370e-01
   6.0368800e-02   7.2222222e-01
   6.6820000e-02   7.4074074e-01
   6.9124000e-02   7.5925926e-01
   8.3410400e-02   7.7777778e-01
   8.7096800e-02   7.9629630e-01
   8.8018400e-02   8.1481481e-01
   1.1198160e-01   8.3333333e-01
   1.2949280e-01   8.5185185e-01
   1.4377920e-01   8.7037037e-01
   1.6267280e-01   8.8888889e-01
   1.8617520e-01   9.0740741e-01
   1.9170480e-01   9.2592593e-01
   2.0552960e-01   9.4444444e-01
   2.0599040e-01   9.6296296e-01
   2.3686640e-01   9.8148148e-01
   2.6175120e-01   1.0000000e+00
