   2.8232000e-03   0.0000000e+00
   2.8232000e-03   4.0983607e-03
   3.7648000e-03   1.6393443e-02
   4.7056000e-03   2.4590164e-02
   5.0200000e-03   3.6885246e-02
   5.3336000e-03   4.5081967e-02
   5.6472000e-03   5.7377049e-02
   6.2744000e-03   7.7868852e-02
   6.5880000e-03   9.4262295e-02
   6.9016000e-03   1.2295082e-01
   7.5296000e-03   1.7622951e-01
   8.1568000e-03   2.0081967e-01
   8.7840000e-03   2.2540984e-01
   9.0984000e-03   2.4180328e-01
   9.4120000e-03   2.7049180e-01
   9.7256000e-03   2.7459016e-01
   1.0039200e-02   2.9098361e-01
   1.0666400e-02   3.0737705e-01
   1.0980000e-02   3.1147541e-01
   1.1294400e-02   3.3196721e-01
   1.1608000e-02   3.3606557e-01
   1.1921600e-02   3.6885246e-01
   1.2235200e-02   3.8114754e-01
   1.2548800e-02   4.0983607e-01
   1.2862400e-02   4.1803279e-01
   1.3176800e-02   4.3032787e-01
   1.3490400e-02   4.4262295e-01
   1.3804000e-02   4.7540984e-01
   1.4117600e-02   4.8770492e-01
   1.4431200e-02   5.2049180e-01
   1.4744800e-02   5.2868852e-01
   1.5058400e-02   5.5737705e-01
   1.5372800e-02   5.6967213e-01
   1.5686400e-02   5.7786885e-01
   1.6000000e-02   5.8606557e-01
   1.6313600e-02   5.9836066e-01
   1.6627200e-02   6.1065574e-01
   1.6941600e-02   6.1885246e-01
   1.7568800e-02   6.3114754e-01
   1.7882400e-02   6.3524590e-01
   1.8196000e-02   6.6393443e-01
   1.8509600e-02   6.7213115e-01
   1.8823200e-02   6.8852459e-01
   1.9451200e-02   6.9672131e-01
   1.9764800e-02   7.0081967e-01
   2.0078400e-02   7.1721311e-01
   2.0392000e-02   7.2131148e-01
   2.1960800e-02   7.3770492e-01
   2.2588000e-02   7.4590164e-01
   2.2902400e-02   7.5409836e-01
   2.3216000e-02   7.6229508e-01
   2.3843200e-02   7.6639344e-01
   2.4470400e-02   7.7868852e-01
   2.5412000e-02   7.8278689e-01
   2.5725600e-02   7.9098361e-01
   2.6352800e-02   7.9508197e-01
   2.7921600e-02   7.9918033e-01
   2.8235200e-02   8.0327869e-01
   2.8548800e-02   8.0737705e-01
   2.9176800e-02   8.1147541e-01
   2.9490400e-02   8.1557377e-01
   3.0744800e-02   8.1967213e-01
   3.2313600e-02   8.2377049e-01
   3.2627200e-02   8.3196721e-01
   3.3882400e-02   8.4426230e-01
   3.4509600e-02   8.4836066e-01
   3.4823200e-02   8.5245902e-01
   3.5764800e-02   8.5655738e-01
   3.6078400e-02   8.6885246e-01
   3.6392000e-02   8.7704918e-01
   3.6705600e-02   8.8114754e-01
   3.7333600e-02   8.8524590e-01
   3.7647200e-02   8.8934426e-01
   3.8588000e-02   9.0163934e-01
   3.8901600e-02   9.0573770e-01
   4.0470400e-02   9.0983607e-01
   4.1098400e-02   9.1393443e-01
   4.1412000e-02   9.1803279e-01
   4.2666400e-02   9.2622951e-01
   4.3294400e-02   9.3032787e-01
   4.3921600e-02   9.3442623e-01
   4.4235200e-02   9.4672131e-01
   4.5804000e-02   9.5081967e-01
   4.7372800e-02   9.5901639e-01
   4.8627200e-02   9.6311475e-01
   4.9255200e-02   9.6721311e-01
   4.9882400e-02   9.7131148e-01
   5.2078400e-02   9.7540984e-01
   6.2744800e-02   9.7950820e-01
   6.4940800e-02   9.8360656e-01
   7.3412000e-02   9.8770492e-01
   7.6862400e-02   9.9180328e-01
   8.0940800e-02   9.9590164e-01
   1.6721600e-01   1.0000000e+00
