   2.9944000e-03   0.0000000e+00
   2.9944000e-03   1.4316392e-03
   3.4224000e-03   2.1474588e-03
   3.8504000e-03   5.0107373e-03
   4.2784000e-03   1.1453114e-02
   4.7056000e-03   2.3622047e-02
   5.1336000e-03   4.1517538e-02
   5.5616000e-03   6.4423765e-02
   5.9896000e-03   8.9477452e-02
   6.4168000e-03   1.2312097e-01
   6.8448000e-03   1.6105941e-01
   7.2728000e-03   1.9255548e-01
   7.7008000e-03   2.4051539e-01
   8.1280000e-03   2.8561203e-01
   8.5560000e-03   3.1925555e-01
   8.9840000e-03   3.6148890e-01
   9.4120000e-03   3.9441661e-01
   9.8392000e-03   4.2304939e-01
   1.0267200e-02   4.4667144e-01
   1.0695200e-02   4.7816750e-01
   1.1123200e-02   5.1109520e-01
   1.1550400e-02   5.3829635e-01
   1.1978400e-02   5.6549749e-01
   1.2406400e-02   5.9914102e-01
   1.2834400e-02   6.1846815e-01
   1.3261600e-02   6.3994273e-01
   1.3689600e-02   6.6356478e-01
   1.4117600e-02   6.7573372e-01
   1.4545600e-02   6.9219757e-01
   1.4973600e-02   7.2154617e-01
   1.5400800e-02   7.3228346e-01
   1.5828800e-02   7.4230494e-01
   1.6256800e-02   7.6592699e-01
   1.6684800e-02   7.7666428e-01
   1.7112000e-02   7.8811739e-01
   1.7540000e-02   8.0601288e-01
   1.7968000e-02   8.1317108e-01
   1.8396000e-02   8.2319256e-01
   1.8823200e-02   8.3464567e-01
   1.9251200e-02   8.3750895e-01
   1.9679200e-02   8.3965641e-01
   2.0107200e-02   8.5612026e-01
   2.0534400e-02   8.6614173e-01
   2.0962400e-02   8.7186829e-01
   2.1390400e-02   8.7902649e-01
   2.1818400e-02   8.8260558e-01
   2.2245600e-02   8.9119542e-01
   2.2673600e-02   8.9692198e-01
   2.3101600e-02   9.0336435e-01
   2.3529600e-02   9.0765927e-01
   2.3957600e-02   9.0980673e-01
   2.4384800e-02   9.1267001e-01
   2.4812800e-02   9.1553329e-01
   2.5240800e-02   9.1839656e-01
   2.5668800e-02   9.1982820e-01
   2.6096000e-02   9.2269148e-01
   2.6524000e-02   9.2627058e-01
   2.6952000e-02   9.2984968e-01
   2.7380000e-02   9.3342878e-01
   2.7807200e-02   9.3629205e-01
   2.8235200e-02   9.3700787e-01
   2.8663200e-02   9.4058697e-01
   2.9091200e-02   9.4273443e-01
   2.9518400e-02   9.4559771e-01
   2.9946400e-02   9.4631353e-01
   3.0374400e-02   9.4774517e-01
   3.0802400e-02   9.4917681e-01
   3.1229600e-02   9.5204009e-01
   3.1657600e-02   9.5275591e-01
   3.2085600e-02   9.5418754e-01
   3.2513600e-02   9.5919828e-01
   3.2940800e-02   9.6062992e-01
   3.3368800e-02   9.6206156e-01
   3.3796800e-02   9.6420902e-01
   3.4224800e-02   9.6564066e-01
   3.4652000e-02   9.6707230e-01
   3.5080000e-02   9.6993558e-01
   3.5508000e-02   9.7351467e-01
   3.5936000e-02   9.7494631e-01
   3.6364000e-02   9.7780959e-01
   3.6791200e-02   9.7852541e-01
   3.7647200e-02   9.7924123e-01
   3.8930400e-02   9.7995705e-01
   3.9786400e-02   9.8067287e-01
   4.0641600e-02   9.8138869e-01
   4.1069600e-02   9.8282033e-01
   4.2352800e-02   9.8353615e-01
   4.2780800e-02   9.8496779e-01
   4.3208800e-02   9.8568361e-01
   4.6203200e-02   9.8639943e-01
   4.6631200e-02   9.8711525e-01
   4.7486400e-02   9.8854689e-01
   4.8342400e-02   9.8926271e-01
   4.8770400e-02   9.8997853e-01
   5.0053600e-02   9.9141016e-01
   5.1764800e-02   9.9212598e-01
   5.2192800e-02   9.9355762e-01
   5.8181600e-02   9.9427344e-01
   5.8609600e-02   9.9498926e-01
   6.0320800e-02   9.9570508e-01
   6.3743200e-02   9.9642090e-01
   6.5026400e-02   9.9713672e-01
   6.5882400e-02   9.9785254e-01
   6.7593600e-02   9.9856836e-01
   7.6149600e-02   9.9928418e-01
   1.0951840e-01   1.0000000e+00
