   5.0177378e-03   0.0000000e+00
   5.0177378e-03   1.5197568e-03
   5.2367881e-03   3.0395137e-03
   5.3103451e-03   4.5592705e-03
   5.5886697e-03   6.0790274e-03
   5.6594129e-03   7.5987842e-03
   5.8965165e-03   9.1185410e-03
   5.9917851e-03   1.0638298e-02
   6.1371479e-03   1.2158055e-02
   6.2162240e-03   1.3677812e-02
   6.3762337e-03   1.5197568e-02
   6.4163927e-03   1.8237082e-02
   6.4547280e-03   1.9756839e-02
   6.6862376e-03   2.1276596e-02
   6.8838862e-03   2.2796353e-02
   7.0135475e-03   2.4316109e-02
   7.0169550e-03   2.5835866e-02
   7.2655143e-03   2.7355623e-02
   7.4336511e-03   3.0395137e-02
   7.5263451e-03   3.1914894e-02
   7.5713113e-03   3.4954407e-02
   7.6556745e-03   3.6474164e-02
   7.7789274e-03   3.7993921e-02
   7.8009782e-03   3.9513678e-02
   7.8871542e-03   4.1033435e-02
   8.0818607e-03   4.4072948e-02
   8.0865517e-03   4.8632219e-02
   8.1297378e-03   5.0151976e-02
   8.1872252e-03   5.1671733e-02
   8.2113644e-03   5.3191489e-02
   8.2355163e-03   5.4711246e-02
   8.3029401e-03   5.6231003e-02
   8.3297548e-03   5.7750760e-02
   8.3830045e-03   5.9270517e-02
   8.4204033e-03   6.2310030e-02
   8.4446397e-03   6.3829787e-02
   8.4829763e-03   6.5349544e-02
   8.5105073e-03   6.6869301e-02
   8.5429892e-03   6.8389058e-02
   8.6280854e-03   7.1428571e-02
   8.6378614e-03   7.4468085e-02
   8.6449972e-03   7.9027356e-02
   8.6667515e-03   8.2066869e-02
   8.6762798e-03   8.3586626e-02
   8.6887322e-03   8.5106383e-02
   8.7674454e-03   8.9665653e-02
   8.8811981e-03   9.1185410e-02
   8.9417716e-03   9.4224924e-02
   8.9686764e-03   9.8784195e-02
   9.0472134e-03   1.0030395e-01
   9.0973136e-03   1.0182371e-01
   9.1941333e-03   1.1398176e-01
   9.2040426e-03   1.1550152e-01
   9.2181459e-03   1.1702128e-01
   9.2252670e-03   1.1854103e-01
   9.2472396e-03   1.2158055e-01
   9.3243361e-03   1.2310030e-01
   9.3676263e-03   1.2613982e-01
   9.3840984e-03   1.2917933e-01
   9.4140966e-03   1.3069909e-01
   9.4335034e-03   1.3221884e-01
   9.4737210e-03   1.3677812e-01
   9.5010820e-03   1.3981763e-01
   9.5183254e-03   1.4285714e-01
   9.5605677e-03   1.4437690e-01
   9.5738786e-03   1.4589666e-01
   9.5896722e-03   1.5045593e-01
   9.6922835e-03   1.5197568e-01
   9.7506904e-03   1.5501520e-01
   9.7625585e-03   1.5653495e-01
   9.7714362e-03   1.6109422e-01
   9.7746911e-03   1.6261398e-01
   9.8263581e-03   1.6717325e-01
   9.8810084e-03   1.7021277e-01
   9.9070556e-03   1.7477204e-01
   9.9278437e-03   1.7629179e-01
   9.9863264e-03   1.7933131e-01
   1.0034952e-02   1.8389058e-01
   1.0035023e-02   1.8541033e-01
   1.0059849e-02   1.8693009e-01
   1.0068829e-02   1.8844985e-01
   1.0118965e-02   1.9148936e-01
   1.0207249e-02   1.9604863e-01
   1.0229332e-02   2.0060790e-01
   1.0286003e-02   2.0212766e-01
   1.0308076e-02   2.0820669e-01
   1.0321102e-02   2.1124620e-01
   1.0324758e-02   2.1276596e-01
   1.0326163e-02   2.1428571e-01
   1.0353432e-02   2.1580547e-01
   1.0364865e-02   2.1732523e-01
   1.0371560e-02   2.2340426e-01
   1.0437770e-02   2.2492401e-01
   1.0473170e-02   2.2644377e-01
   1.0539965e-02   2.2948328e-01
   1.0554760e-02   2.3252280e-01
   1.0590063e-02   2.3556231e-01
   1.0590410e-02   2.4012158e-01
   1.0620196e-02   2.4164134e-01
   1.0647934e-02   2.4316109e-01
   1.0670962e-02   2.4772036e-01
   1.0676331e-02   2.4924012e-01
   1.0679829e-02   2.5075988e-01
   1.0686034e-02   2.5227964e-01
   1.0689249e-02   2.5379939e-01
   1.0694728e-02   2.5531915e-01
   1.0763363e-02   2.5683891e-01
   1.0767544e-02   2.5835866e-01
   1.0877989e-02   2.5987842e-01
   1.0878636e-02   2.6139818e-01
   1.0884366e-02   2.6443769e-01
   1.0921449e-02   2.6595745e-01
   1.0922848e-02   2.6899696e-01
   1.0994861e-02   2.7355623e-01
   1.1013265e-02   2.7507599e-01
   1.1090829e-02   2.7811550e-01
   1.1146198e-02   2.8115502e-01
   1.1148079e-02   2.8267477e-01
   1.1172923e-02   2.8419453e-01
   1.1177339e-02   2.8571429e-01
   1.1226832e-02   2.8723404e-01
   1.1234391e-02   2.8875380e-01
   1.1308799e-02   2.9027356e-01
   1.1433601e-02   2.9483283e-01
   1.1481979e-02   2.9635258e-01
   1.1537254e-02   2.9787234e-01
   1.1551095e-02   2.9939210e-01
   1.1552113e-02   3.0091185e-01
   1.1649180e-02   3.0547112e-01
   1.1702867e-02   3.1003040e-01
   1.1725653e-02   3.1155015e-01
   1.1730725e-02   3.1458967e-01
   1.1736106e-02   3.1610942e-01
   1.1771996e-02   3.1762918e-01
   1.1775585e-02   3.1914894e-01
   1.1793033e-02   3.2066869e-01
   1.1851065e-02   3.2370821e-01
   1.1889814e-02   3.2522796e-01
   1.1984026e-02   3.2978723e-01
   1.1988361e-02   3.3282675e-01
   1.1996838e-02   3.3434650e-01
   1.2023203e-02   3.3738602e-01
   1.2040597e-02   3.3890578e-01
   1.2079103e-02   3.4042553e-01
   1.2204158e-02   3.4194529e-01
   1.2222168e-02   3.4346505e-01
   1.2264323e-02   3.4498480e-01
   1.2273601e-02   3.4802432e-01
   1.2279548e-02   3.4954407e-01
   1.2294874e-02   3.5106383e-01
   1.2323443e-02   3.5258359e-01
   1.2324646e-02   3.5410334e-01
   1.2351219e-02   3.5866261e-01
   1.2394796e-02   3.6018237e-01
   1.2432448e-02   3.6322188e-01
   1.2454054e-02   3.6474164e-01
   1.2488252e-02   3.6626140e-01
   1.2490255e-02   3.6778116e-01
   1.2501847e-02   3.6930091e-01
   1.2537039e-02   3.7082067e-01
   1.2537616e-02   3.7234043e-01
   1.2543560e-02   3.7537994e-01
   1.2574847e-02   3.7841945e-01
   1.2599228e-02   3.7993921e-01
   1.2751393e-02   3.8145897e-01
   1.2759942e-02   3.8297872e-01
   1.2818885e-02   3.8449848e-01
   1.2854184e-02   3.8601824e-01
   1.2940466e-02   3.9057751e-01
   1.3013869e-02   3.9209726e-01
   1.3095175e-02   3.9361702e-01
   1.3126593e-02   3.9513678e-01
   1.3158402e-02   3.9817629e-01
   1.3189422e-02   3.9969605e-01
   1.3225143e-02   4.0121581e-01
   1.3364919e-02   4.0425532e-01
   1.3381339e-02   4.0729483e-01
   1.3386948e-02   4.0881459e-01
   1.3425316e-02   4.1033435e-01
   1.3486600e-02   4.1185410e-01
   1.3534445e-02   4.1337386e-01
   1.3545278e-02   4.1489362e-01
   1.3560783e-02   4.1641337e-01
   1.3570149e-02   4.1793313e-01
   1.3652829e-02   4.1945289e-01
   1.3654676e-02   4.2401216e-01
   1.3679987e-02   4.2705167e-01
   1.3778059e-02   4.2857143e-01
   1.3797783e-02   4.3009119e-01
   1.3870759e-02   4.3313070e-01
   1.3890493e-02   4.3465046e-01
   1.3933604e-02   4.3617021e-01
   1.3939628e-02   4.3920973e-01
   1.3942089e-02   4.4224924e-01
   1.3972261e-02   4.4376900e-01
   1.4033261e-02   4.4528875e-01
   1.4112961e-02   4.4832827e-01
   1.4139896e-02   4.4984802e-01
   1.4213093e-02   4.5136778e-01
   1.4264527e-02   4.5288754e-01
   1.4313261e-02   4.5440729e-01
   1.4343265e-02   4.5744681e-01
   1.4427325e-02   4.5896657e-01
   1.4486959e-02   4.6200608e-01
   1.4496942e-02   4.6352584e-01
   1.4528425e-02   4.6656535e-01
   1.4539114e-02   4.6808511e-01
   1.4584843e-02   4.6960486e-01
   1.4627805e-02   4.7112462e-01
   1.4756180e-02   4.7416413e-01
   1.4837704e-02   4.7568389e-01
   1.4898923e-02   4.8024316e-01
   1.4972285e-02   4.8176292e-01
   1.5044108e-02   4.8480243e-01
   1.5056310e-02   4.8936170e-01
   1.5081400e-02   4.9088146e-01
   1.5089030e-02   4.9240122e-01
   1.5089208e-02   4.9392097e-01
   1.5143229e-02   4.9544073e-01
   1.5201061e-02   4.9696049e-01
   1.5326295e-02   4.9848024e-01
   1.5338779e-02   5.0000000e-01
   1.5393001e-02   5.0151976e-01
   1.5424957e-02   5.0303951e-01
   1.5437358e-02   5.0455927e-01
   1.5521032e-02   5.0759878e-01
   1.5634204e-02   5.1063830e-01
   1.5648519e-02   5.1215805e-01
   1.5680838e-02   5.1367781e-01
   1.5746556e-02   5.1519757e-01
   1.5827995e-02   5.1823708e-01
   1.5865113e-02   5.1975684e-01
   1.5905683e-02   5.2127660e-01
   1.5908457e-02   5.2279635e-01
   1.5931170e-02   5.2583587e-01
   1.5952218e-02   5.2887538e-01
   1.5985327e-02   5.3039514e-01
   1.6014855e-02   5.3191489e-01
   1.6029051e-02   5.3343465e-01
   1.6108390e-02   5.3495441e-01
   1.6173108e-02   5.3647416e-01
   1.6188036e-02   5.3799392e-01
   1.6260604e-02   5.3951368e-01
   1.6272146e-02   5.4103343e-01
   1.6316983e-02   5.4255319e-01
   1.6442819e-02   5.4711246e-01
   1.6450613e-02   5.4863222e-01
   1.6454816e-02   5.5015198e-01
   1.6467136e-02   5.5319149e-01
   1.6592206e-02   5.5471125e-01
   1.6889783e-02   5.5623100e-01
   1.6917583e-02   5.5775076e-01
   1.7000871e-02   5.5927052e-01
   1.7026373e-02   5.6382979e-01
   1.7035088e-02   5.6534954e-01
   1.7210713e-02   5.6686930e-01
   1.7324776e-02   5.6838906e-01
   1.7333011e-02   5.7142857e-01
   1.7351459e-02   5.7294833e-01
   1.7397278e-02   5.7446809e-01
   1.7535376e-02   5.7750760e-01
   1.7584484e-02   5.7902736e-01
   1.7589095e-02   5.8054711e-01
   1.7640163e-02   5.8206687e-01
   1.7697019e-02   5.8510638e-01
   1.7849032e-02   5.8662614e-01
   1.7874969e-02   5.8814590e-01
   1.8005074e-02   5.8966565e-01
   1.8116679e-02   5.9118541e-01
   1.8117117e-02   5.9270517e-01
   1.8194445e-02   5.9422492e-01
   1.8226134e-02   5.9574468e-01
   1.8249870e-02   5.9726444e-01
   1.8264964e-02   5.9878419e-01
   1.8301070e-02   6.0030395e-01
   1.8324855e-02   6.0182371e-01
   1.8442854e-02   6.0486322e-01
   1.8454091e-02   6.0638298e-01
   1.8672263e-02   6.0790274e-01
   1.8947442e-02   6.1094225e-01
   1.9118916e-02   6.1246201e-01
   1.9178899e-02   6.1398176e-01
   1.9222667e-02   6.1550152e-01
   1.9228102e-02   6.1702128e-01
   1.9261131e-02   6.1854103e-01
   1.9304126e-02   6.2006079e-01
   1.9304901e-02   6.2158055e-01
   1.9315244e-02   6.2310030e-01
   1.9346574e-02   6.2462006e-01
   1.9364091e-02   6.2613982e-01
   1.9419661e-02   6.2765957e-01
   1.9495186e-02   6.2917933e-01
   1.9514124e-02   6.3069909e-01
   1.9587406e-02   6.3373860e-01
   1.9611477e-02   6.3525836e-01
   1.9780567e-02   6.3677812e-01
   1.9859771e-02   6.3829787e-01
   1.9922366e-02   6.3981763e-01
   1.9997155e-02   6.4133739e-01
   2.0046830e-02   6.4285714e-01
   2.0311400e-02   6.4589666e-01
   2.0351147e-02   6.4741641e-01
   2.0439595e-02   6.4893617e-01
   2.0503401e-02   6.5045593e-01
   2.0575553e-02   6.5197568e-01
   2.0581550e-02   6.5349544e-01
   2.0615563e-02   6.5501520e-01
   2.0649515e-02   6.5653495e-01
   2.0651885e-02   6.5805471e-01
   2.0688826e-02   6.5957447e-01
   2.0794763e-02   6.6109422e-01
   2.0875675e-02   6.6261398e-01
   2.0897932e-02   6.6413374e-01
   2.0905133e-02   6.6565350e-01
   2.0912828e-02   6.6869301e-01
   2.0943604e-02   6.7021277e-01
   2.0980995e-02   6.7173252e-01
   2.1021692e-02   6.7325228e-01
   2.1079929e-02   6.7629179e-01
   2.1341497e-02   6.7781155e-01
   2.1496495e-02   6.7933131e-01
   2.1737565e-02   6.8085106e-01
   2.1757195e-02   6.8237082e-01
   2.1795956e-02   6.8389058e-01
   2.1857881e-02   6.8541033e-01
   2.1915712e-02   6.8693009e-01
   2.2016615e-02   6.8844985e-01
   2.2026103e-02   6.8996960e-01
   2.2098979e-02   6.9148936e-01
   2.2295599e-02   6.9300912e-01
   2.2299962e-02   6.9452888e-01
   2.2308771e-02   6.9604863e-01
   2.2312754e-02   6.9756839e-01
   2.2405423e-02   7.0060790e-01
   2.2528839e-02   7.0212766e-01
   2.2614483e-02   7.0364742e-01
   2.2785530e-02   7.0516717e-01
   2.2967191e-02   7.0668693e-01
   2.2992641e-02   7.0820669e-01
   2.3027408e-02   7.0972644e-01
   2.3077576e-02   7.1124620e-01
   2.3104726e-02   7.1276596e-01
   2.3173205e-02   7.1428571e-01
   2.3246080e-02   7.1580547e-01
   2.3309794e-02   7.1732523e-01
   2.3405201e-02   7.1884498e-01
   2.3435646e-02   7.2036474e-01
   2.3467012e-02   7.2188450e-01
   2.3662087e-02   7.2340426e-01
   2.3674553e-02   7.2492401e-01
   2.3752832e-02   7.2644377e-01
   2.3905533e-02   7.2796353e-01
   2.3959738e-02   7.2948328e-01
   2.3991405e-02   7.3100304e-01
   2.4144239e-02   7.3252280e-01
   2.4345641e-02   7.3404255e-01
   2.4362533e-02   7.3556231e-01
   2.4385054e-02   7.3708207e-01
   2.4459476e-02   7.3860182e-01
   2.4641194e-02   7.4012158e-01
   2.4646220e-02   7.4164134e-01
   2.4799962e-02   7.4316109e-01
   2.4960786e-02   7.4468085e-01
   2.5351137e-02   7.4620061e-01
   2.5569342e-02   7.4772036e-01
   2.5628968e-02   7.4924012e-01
   2.5642389e-02   7.5075988e-01
   2.5999762e-02   7.5227964e-01
   2.6183103e-02   7.5379939e-01
   2.6762111e-02   7.5531915e-01
   2.6972737e-02   7.5683891e-01
   2.7007864e-02   7.5835866e-01
   2.7027264e-02   7.6139818e-01
   2.7103262e-02   7.6291793e-01
   2.7128014e-02   7.6443769e-01
   2.7329229e-02   7.6595745e-01
   2.7459451e-02   7.6747720e-01
   2.7687293e-02   7.6899696e-01
   2.7714858e-02   7.7051672e-01
   2.7824343e-02   7.7203647e-01
   2.7863378e-02   7.7355623e-01
   2.7907868e-02   7.7507599e-01
   2.7970167e-02   7.7659574e-01
   2.8300772e-02   7.7811550e-01
   2.8594430e-02   7.7963526e-01
   2.8919552e-02   7.8115502e-01
   2.8923921e-02   7.8267477e-01
   2.8981553e-02   7.8419453e-01
   2.9233030e-02   7.8571429e-01
   2.9235211e-02   7.8723404e-01
   2.9834019e-02   7.8875380e-01
   2.9843595e-02   7.9027356e-01
   2.9976335e-02   7.9179331e-01
   3.0168692e-02   7.9331307e-01
   3.0262910e-02   7.9483283e-01
   3.0267041e-02   7.9635258e-01
   3.0286459e-02   7.9787234e-01
   3.0326689e-02   7.9939210e-01
   3.0374292e-02   8.0091185e-01
   3.0501141e-02   8.0243161e-01
   3.0895708e-02   8.0395137e-01
   3.0974273e-02   8.0547112e-01
   3.1079998e-02   8.0699088e-01
   3.1296494e-02   8.0851064e-01
   3.1345217e-02   8.1003040e-01
   3.1771229e-02   8.1155015e-01
   3.1903903e-02   8.1306991e-01
   3.2520080e-02   8.1458967e-01
   3.2901135e-02   8.1610942e-01
   3.2949806e-02   8.1762918e-01
   3.3222742e-02   8.1914894e-01
   3.3318144e-02   8.2066869e-01
   3.3461678e-02   8.2218845e-01
   3.3492929e-02   8.2370821e-01
   3.3505218e-02   8.2522796e-01
   3.3597183e-02   8.2674772e-01
   3.4266764e-02   8.2826748e-01
   3.4289462e-02   8.2978723e-01
   3.4467133e-02   8.3130699e-01
   3.4566165e-02   8.3282675e-01
   3.4824618e-02   8.3434650e-01
   3.5105656e-02   8.3586626e-01
   3.5108052e-02   8.3738602e-01
   3.5314443e-02   8.3890578e-01
   3.5381388e-02   8.4042553e-01
   3.5392923e-02   8.4194529e-01
   3.5468414e-02   8.4346505e-01
   3.5965714e-02   8.4498480e-01
   3.6309291e-02   8.4650456e-01
   3.6972037e-02   8.4802432e-01
   3.7337095e-02   8.4954407e-01
   3.7582114e-02   8.5106383e-01
   3.7615778e-02   8.5258359e-01
   3.7979814e-02   8.5410334e-01
   3.8105328e-02   8.5562310e-01
   3.8185923e-02   8.5714286e-01
   3.8261753e-02   8.5866261e-01
   3.8294104e-02   8.6018237e-01
   3.8416176e-02   8.6170213e-01
   3.8643392e-02   8.6322188e-01
   3.8728275e-02   8.6474164e-01
   3.8966363e-02   8.6626140e-01
   3.9791342e-02   8.6778116e-01
   4.0487645e-02   8.6930091e-01
   4.0725841e-02   8.7082067e-01
   4.1194375e-02   8.7234043e-01
   4.1707660e-02   8.7386018e-01
   4.1828226e-02   8.7537994e-01
   4.1856426e-02   8.7689970e-01
   4.2174072e-02   8.7841945e-01
   4.4101116e-02   8.7993921e-01
   4.4810246e-02   8.8145897e-01
   4.5277235e-02   8.8297872e-01
   4.5620855e-02   8.8449848e-01
   4.5668471e-02   8.8601824e-01
   4.5697663e-02   8.8753799e-01
   4.5838273e-02   8.8905775e-01
   4.6535431e-02   8.9057751e-01
   4.7081632e-02   8.9209726e-01
   4.7166695e-02   8.9361702e-01
   4.8176926e-02   8.9513678e-01
   4.8665789e-02   8.9665653e-01
   4.8758569e-02   8.9817629e-01
   4.9033755e-02   8.9969605e-01
   4.9650312e-02   9.0121581e-01
   4.9666210e-02   9.0273556e-01
   5.0056051e-02   9.0425532e-01
   5.0208666e-02   9.0577508e-01
   5.0298396e-02   9.0729483e-01
   5.0592571e-02   9.0881459e-01
   5.0830071e-02   9.1033435e-01
   5.1955098e-02   9.1185410e-01
   5.2656654e-02   9.1337386e-01
   5.2940280e-02   9.1489362e-01
   5.3034548e-02   9.1641337e-01
   5.3621892e-02   9.1793313e-01
   5.3909979e-02   9.1945289e-01
   5.4328481e-02   9.2097264e-01
   5.4815306e-02   9.2249240e-01
   5.5279524e-02   9.2401216e-01
   5.5985409e-02   9.2553191e-01
   5.6007421e-02   9.2705167e-01
   5.6048587e-02   9.2857143e-01
   5.6322482e-02   9.3009119e-01
   5.6733404e-02   9.3161094e-01
   5.8044010e-02   9.3313070e-01
   5.8148468e-02   9.3465046e-01
   5.8651031e-02   9.3617021e-01
   5.9905891e-02   9.3768997e-01
   6.1368043e-02   9.3920973e-01
   6.2485139e-02   9.4072948e-01
   6.3028590e-02   9.4224924e-01
   6.3453590e-02   9.4376900e-01
   6.4235934e-02   9.4528875e-01
   6.4375955e-02   9.4680851e-01
   6.5534650e-02   9.4832827e-01
   6.6936481e-02   9.4984802e-01
   6.9865958e-02   9.5136778e-01
   7.1624049e-02   9.5288754e-01
   7.7730099e-02   9.5440729e-01
   7.9201000e-02   9.5592705e-01
   8.0625168e-02   9.5744681e-01
   8.2712643e-02   9.5896657e-01
   8.3117820e-02   9.6048632e-01
   8.3900243e-02   9.6200608e-01
   8.4991139e-02   9.6352584e-01
   8.7527985e-02   9.6504559e-01
   8.9377282e-02   9.6656535e-01
   9.5265424e-02   9.6808511e-01
   9.6183724e-02   9.6960486e-01
   9.9194371e-02   9.7112462e-01
   9.9509970e-02   9.7264438e-01
   1.0156478e-01   9.7416413e-01
   1.0191263e-01   9.7568389e-01
   1.0224670e-01   9.7720365e-01
   1.0417887e-01   9.7872340e-01
   1.0620823e-01   9.8024316e-01
   1.1032956e-01   9.8176292e-01
   1.1228760e-01   9.8328267e-01
   1.1680968e-01   9.8480243e-01
   1.2045816e-01   9.8632219e-01
   1.2120269e-01   9.8784195e-01
   1.2356619e-01   9.8936170e-01
   1.2510580e-01   9.9088146e-01
   1.2729566e-01   9.9240122e-01
   1.4898098e-01   9.9392097e-01
   1.5969007e-01   9.9544073e-01
   1.6979682e-01   9.9696049e-01
   1.7195006e-01   9.9848024e-01
   2.0962285e-01   1.0000000e+00
