   6.9872000e-03   0.0000000e+00
   6.9872000e-03   9.3457944e-03
   7.3360000e-03   1.8691589e-02
   9.4320000e-03   2.8037383e-02
   1.0829600e-02   4.6728972e-02
   1.2576000e-02   6.5420561e-02
   1.2925600e-02   7.4766355e-02
   1.3275200e-02   8.4112150e-02
   1.3624800e-02   1.1214953e-01
   1.4323200e-02   1.2149533e-01
   1.4672800e-02   1.3084112e-01
   1.6069600e-02   1.4953271e-01
   1.7117600e-02   1.6822430e-01
   1.7467200e-02   1.7757009e-01
   1.8515200e-02   1.9626168e-01
   1.9214400e-02   2.0560748e-01
   2.1310400e-02   2.1495327e-01
   2.1659200e-02   2.3364486e-01
   2.2358400e-02   2.4299065e-01
   2.2707200e-02   2.5233645e-01
   2.3755200e-02   2.6168224e-01
   2.4104800e-02   2.7102804e-01
   2.5152800e-02   2.8971963e-01
   2.5851200e-02   2.9906542e-01
   2.6200800e-02   3.0841121e-01
   2.6550400e-02   3.1775701e-01
   2.7248800e-02   3.3644860e-01
   2.7948000e-02   3.4579439e-01
   2.8646400e-02   3.6448598e-01
   2.9344800e-02   3.7383178e-01
   2.9694400e-02   3.8317757e-01
   3.1092000e-02   4.0186916e-01
   3.1440800e-02   4.2990654e-01
   3.1790400e-02   4.3925234e-01
   3.2140000e-02   4.4859813e-01
   3.3188000e-02   4.7663551e-01
   3.4584800e-02   4.8598131e-01
   3.4934400e-02   4.9532710e-01
   3.5632800e-02   5.0467290e-01
   3.6681600e-02   5.1401869e-01
   3.7030400e-02   5.2336449e-01
   3.9476000e-02   5.3271028e-01
   3.9825600e-02   5.4205607e-01
   4.0873600e-02   5.5140187e-01
   4.1921600e-02   5.6074766e-01
   4.2270400e-02   5.7009346e-01
   4.2620000e-02   5.7943925e-01
   4.2969600e-02   5.9813084e-01
   4.4367200e-02   6.0747664e-01
   4.5065600e-02   6.1682243e-01
   4.5415200e-02   6.2616822e-01
   4.5764000e-02   6.3551402e-01
   4.6463200e-02   6.4485981e-01
   4.6812000e-02   6.5420561e-01
   4.7860000e-02   6.6355140e-01
   4.9257600e-02   6.7289720e-01
   4.9607200e-02   6.9158879e-01
   5.0305600e-02   7.0093458e-01
   5.2401600e-02   7.1028037e-01
   5.2751200e-02   7.1962617e-01
   5.3100800e-02   7.2897196e-01
   5.4847200e-02   7.3831776e-01
   5.5895200e-02   7.5700935e-01
   5.6244800e-02   7.6635514e-01
   5.8689600e-02   7.7570093e-01
   6.0087200e-02   7.9439252e-01
   6.0436800e-02   8.0373832e-01
   6.1484800e-02   8.1308411e-01
   6.1834400e-02   8.2242991e-01
   6.6724800e-02   8.3177570e-01
   6.7772800e-02   8.4112150e-01
   6.8471200e-02   8.5046729e-01
   7.0916800e-02   8.5981308e-01
   7.1964800e-02   8.6915888e-01
   7.2664000e-02   8.7850467e-01
   7.9301600e-02   8.8785047e-01
   8.0698400e-02   8.9719626e-01
   8.1048000e-02   9.0654206e-01
   8.1746400e-02   9.1588785e-01
   8.7685600e-02   9.2523364e-01
   8.8733600e-02   9.3457944e-01
   9.1528000e-02   9.4392523e-01
   1.1004400e-01   9.5327103e-01
   1.2995600e-01   9.6261682e-01
   1.3310080e-01   9.7196262e-01
   1.7257680e-01   9.8130841e-01
   1.7641920e-01   9.9065421e-01
   1.8061120e-01   1.0000000e+00
