   1.4164175e-02   0.0000000e+00
   1.4164175e-02   8.6956522e-03
   1.8593216e-02   1.7391304e-02
   1.8744666e-02   2.6086957e-02
   2.0505829e-02   3.4782609e-02
   2.1747805e-02   4.3478261e-02
   2.1988172e-02   5.2173913e-02
   2.3511620e-02   6.0869565e-02
   2.4293233e-02   6.9565217e-02
   2.4597109e-02   7.8260870e-02
   2.4635069e-02   8.6956522e-02
   2.6521149e-02   9.5652174e-02
   2.6631726e-02   1.0434783e-01
   2.6889075e-02   1.1304348e-01
   2.7031441e-02   1.2173913e-01
   2.7097024e-02   1.3043478e-01
   2.7175806e-02   1.3913043e-01
   2.8179358e-02   1.4782609e-01
   2.8886905e-02   1.5652174e-01
   2.9187218e-02   1.6521739e-01
   2.9906526e-02   1.7391304e-01
   3.0082245e-02   1.8260870e-01
   3.0126374e-02   1.9130435e-01
   3.0605983e-02   2.0000000e-01
   3.0633774e-02   2.0869565e-01
   3.0657993e-02   2.1739130e-01
   3.0810505e-02   2.2608696e-01
   3.1786981e-02   2.3478261e-01
   3.1971802e-02   2.4347826e-01
   3.2608146e-02   2.5217391e-01
   3.3500103e-02   2.6086957e-01
   3.3689160e-02   2.6956522e-01
   3.3692559e-02   2.7826087e-01
   3.3890868e-02   2.8695652e-01
   3.4015964e-02   2.9565217e-01
   3.5908478e-02   3.1304348e-01
   3.6053330e-02   3.2173913e-01
   3.6157074e-02   3.3043478e-01
   3.6537984e-02   3.3913043e-01
   3.7475134e-02   3.4782609e-01
   3.7771061e-02   3.5652174e-01
   3.7881108e-02   3.6521739e-01
   3.8186912e-02   3.7391304e-01
   3.8610674e-02   3.8260870e-01
   3.8768254e-02   3.9130435e-01
   3.9560430e-02   4.0000000e-01
   3.9797355e-02   4.0869565e-01
   4.0337484e-02   4.1739130e-01
   4.0947531e-02   4.2608696e-01
   4.1116023e-02   4.3478261e-01
   4.1259914e-02   4.4347826e-01
   4.2087784e-02   4.5217391e-01
   4.2335152e-02   4.6086957e-01
   4.3173149e-02   4.6956522e-01
   4.3821515e-02   4.7826087e-01
   4.5691673e-02   4.8695652e-01
   4.6338918e-02   4.9565217e-01
   4.7765016e-02   5.0434783e-01
   4.8201243e-02   5.1304348e-01
   4.8295653e-02   5.2173913e-01
   4.8752515e-02   5.3043478e-01
   4.9227930e-02   5.3913043e-01
   5.0922857e-02   5.4782609e-01
   5.1359468e-02   5.5652174e-01
   5.2446158e-02   5.6521739e-01
   5.2671984e-02   5.7391304e-01
   5.2922408e-02   5.8260870e-01
   5.3228086e-02   5.9130435e-01
   5.3558316e-02   6.0000000e-01
   5.4502433e-02   6.0869565e-01
   5.4581992e-02   6.1739130e-01
   5.4800123e-02   6.2608696e-01
   5.4883541e-02   6.3478261e-01
   5.4961797e-02   6.4347826e-01
   5.5821655e-02   6.5217391e-01
   5.6934091e-02   6.6086957e-01
   5.8072557e-02   6.6956522e-01
   5.8141968e-02   6.7826087e-01
   5.8410416e-02   6.8695652e-01
   5.8673982e-02   6.9565217e-01
   5.8932570e-02   7.0434783e-01
   5.9048804e-02   7.1304348e-01
   5.9383703e-02   7.2173913e-01
   5.9849476e-02   7.3043478e-01
   6.1395607e-02   7.3913043e-01
   6.2200520e-02   7.4782609e-01
   6.3779793e-02   7.5652174e-01
   6.3810484e-02   7.6521739e-01
   6.4336017e-02   7.7391304e-01
   6.5725638e-02   7.8260870e-01
   6.5854294e-02   7.9130435e-01
   6.5885313e-02   8.0000000e-01
   6.6117416e-02   8.0869565e-01
   6.8679905e-02   8.1739130e-01
   6.9448698e-02   8.2608696e-01
   7.0834906e-02   8.3478261e-01
   7.2193772e-02   8.4347826e-01
   7.6214730e-02   8.5217391e-01
   7.8015212e-02   8.6086957e-01
   8.2340803e-02   8.6956522e-01
   8.2949402e-02   8.7826087e-01
   8.4093967e-02   8.8695652e-01
   8.4638145e-02   8.9565217e-01
   8.5015533e-02   9.0434783e-01
   8.6331126e-02   9.1304348e-01
   9.0503217e-02   9.2173913e-01
   1.0818672e-01   9.3043478e-01
   1.1197373e-01   9.3913043e-01
   1.2322899e-01   9.4782609e-01
   1.2420476e-01   9.5652174e-01
   1.2584846e-01   9.6521739e-01
   1.2660770e-01   9.7391304e-01
   1.2761277e-01   9.8260870e-01
   1.3316972e-01   9.9130435e-01
   1.9902145e-01   1.0000000e+00
