   3.6120000e-03   0.0000000e+00
   3.6120000e-03   1.4749263e-03
   4.0632000e-03   2.9498525e-03
   4.9664000e-03   1.1799410e-02
   5.4176000e-03   2.9498525e-02
   5.8688000e-03   4.1297935e-02
   6.3208000e-03   5.3097345e-02
   6.7720000e-03   7.8171091e-02
   7.2232000e-03   9.2920354e-02
   7.6752000e-03   1.1799410e-01
   8.1264000e-03   1.4011799e-01
   8.5776000e-03   1.5486726e-01
   9.0296000e-03   1.7256637e-01
   9.4808000e-03   1.9911504e-01
   9.9320000e-03   2.1533923e-01
   1.0384000e-02   2.4631268e-01
   1.0835200e-02   2.5663717e-01
   1.1286400e-02   2.6991150e-01
   1.1738400e-02   2.8613569e-01
   1.2189600e-02   3.0383481e-01
   1.2640800e-02   3.2595870e-01
   1.3092800e-02   3.4218289e-01
   1.3544000e-02   3.5840708e-01
   1.3995200e-02   3.7610619e-01
   1.4447200e-02   3.9233038e-01
   1.4898400e-02   4.1740413e-01
   1.5349600e-02   4.2920354e-01
   1.5801600e-02   4.4690265e-01
   1.6252800e-02   4.6755162e-01
   1.6704000e-02   4.8377581e-01
   1.7156000e-02   4.9557522e-01
   1.7607200e-02   5.0442478e-01
   1.8058400e-02   5.2212389e-01
   1.8510400e-02   5.3097345e-01
   1.8961600e-02   5.4572271e-01
   1.9412800e-02   5.5899705e-01
   1.9864800e-02   5.6784661e-01
   2.0316000e-02   5.7669617e-01
   2.0767200e-02   5.9734513e-01
   2.1219200e-02   6.0176991e-01
   2.1670400e-02   6.1061947e-01
   2.2121600e-02   6.1651917e-01
   2.2573600e-02   6.2241888e-01
   2.3024800e-02   6.2831858e-01
   2.3476000e-02   6.3421829e-01
   2.3928000e-02   6.4011799e-01
   2.4379200e-02   6.4454277e-01
   2.4830400e-02   6.6076696e-01
   2.5282400e-02   6.6961652e-01
   2.5733600e-02   6.7109145e-01
   2.6184800e-02   6.8289086e-01
   2.6636800e-02   6.9174041e-01
   2.7088000e-02   6.9764012e-01
   2.7539200e-02   7.0353982e-01
   2.7991200e-02   7.1238938e-01
   2.8442400e-02   7.1681416e-01
   2.8893600e-02   7.2713864e-01
   2.9345600e-02   7.3303835e-01
   2.9796800e-02   7.3598820e-01
   3.0248000e-02   7.4188791e-01
   3.0700000e-02   7.4336283e-01
   3.1151200e-02   7.5073746e-01
   3.1602400e-02   7.5368732e-01
   3.2054400e-02   7.5663717e-01
   3.2505600e-02   7.6106195e-01
   3.2956800e-02   7.6401180e-01
   3.3860000e-02   7.7581121e-01
   3.4311200e-02   7.8023599e-01
   3.4763200e-02   7.8613569e-01
   3.5214400e-02   7.9351032e-01
   3.5665600e-02   7.9498525e-01
   3.6117600e-02   7.9941003e-01
   3.6568800e-02   8.0235988e-01
   3.7020000e-02   8.0530973e-01
   3.7472000e-02   8.1268437e-01
   3.7923200e-02   8.1563422e-01
   3.8374400e-02   8.2448378e-01
   3.8826400e-02   8.2890855e-01
   3.9277600e-02   8.3628319e-01
   3.9728800e-02   8.3923304e-01
   4.0180800e-02   8.4070796e-01
   4.0632000e-02   8.4513274e-01
   4.1986400e-02   8.4808260e-01
   4.2889600e-02   8.5250737e-01
   4.3340800e-02   8.5840708e-01
   4.3792000e-02   8.6135693e-01
   4.4244000e-02   8.6578171e-01
   4.5146400e-02   8.6725664e-01
   4.5598400e-02   8.7020649e-01
   4.6952800e-02   8.7463127e-01
   4.7404000e-02   8.7610619e-01
   4.7855200e-02   8.8053097e-01
   4.8758400e-02   8.8643068e-01
   4.9661600e-02   8.8790560e-01
   5.0112800e-02   8.8938053e-01
   5.1016000e-02   8.9085546e-01
   5.2821600e-02   8.9675516e-01
   5.3724800e-02   8.9970501e-01
   5.4627200e-02   9.0412979e-01
   5.5079200e-02   9.0560472e-01
   5.5530400e-02   9.0855457e-01
   5.5981600e-02   9.1002950e-01
   5.6884800e-02   9.1150442e-01
   5.7336000e-02   9.1592920e-01
   5.8690400e-02   9.1740413e-01
   5.9142400e-02   9.2182891e-01
   5.9593600e-02   9.2330383e-01
   6.1399200e-02   9.2625369e-01
   6.2753600e-02   9.2920354e-01
   6.3205600e-02   9.3067847e-01
   6.3656800e-02   9.3362832e-01
   6.4108000e-02   9.3510324e-01
   6.5011200e-02   9.3657817e-01
   6.6365600e-02   9.4100295e-01
   6.8171200e-02   9.4247788e-01
   6.9074400e-02   9.4542773e-01
   6.9977600e-02   9.4690265e-01
   7.4040800e-02   9.4837758e-01
   7.5395200e-02   9.4985251e-01
   7.5846400e-02   9.5280236e-01
   7.9458400e-02   9.5427729e-01
   7.9909600e-02   9.5722714e-01
   8.0812800e-02   9.6017699e-01
   8.3069600e-02   9.6165192e-01
   8.3521600e-02   9.6312684e-01
   8.4424000e-02   9.6460177e-01
   8.6230400e-02   9.6607670e-01
   8.6681600e-02   9.6755162e-01
   8.8036000e-02   9.6902655e-01
   8.8487200e-02   9.7050147e-01
   8.9841600e-02   9.7345133e-01
   9.1648000e-02   9.7492625e-01
   9.3453600e-02   9.7640118e-01
   9.5711200e-02   9.7787611e-01
   9.7516800e-02   9.7935103e-01
   9.8871200e-02   9.8082596e-01
   1.0158000e-01   9.8377581e-01
   1.0203200e-01   9.8525074e-01
   1.0338640e-01   9.8672566e-01
   1.0474080e-01   9.8820059e-01
   1.0564320e-01   9.8967552e-01
   1.0609520e-01   9.9115044e-01
   1.0835200e-01   9.9262537e-01
   1.0880400e-01   9.9410029e-01
   1.1241520e-01   9.9557522e-01
   1.1467280e-01   9.9705015e-01
   1.3047440e-01   9.9852507e-01
   1.4492080e-01   1.0000000e+00
