   2.6376000e-03   0.0000000e+00
   2.6376000e-03   1.2523482e-03
   3.5168000e-03   3.1308704e-03
   3.9560000e-03   1.5028178e-02
   4.3960000e-03   2.1289919e-02
   4.8352000e-03   3.7570445e-02
   5.2744000e-03   6.3243582e-02
   5.7144000e-03   8.7038197e-02
   6.1536000e-03   1.2523482e-01
   6.5936000e-03   1.6155291e-01
   7.0328000e-03   2.1289919e-01
   7.4728000e-03   2.5673137e-01
   7.9120000e-03   2.8553538e-01
   8.3520000e-03   3.4251722e-01
   8.7912000e-03   3.6568566e-01
   9.2312000e-03   3.9135880e-01
   9.6704000e-03   4.3519098e-01
   1.0109600e-02   4.4959299e-01
   1.0549600e-02   4.6775204e-01
   1.0988800e-02   4.9405135e-01
   1.1428800e-02   5.1346274e-01
   1.1868000e-02   5.3537884e-01
   1.2308000e-02   5.6167815e-01
   1.2747200e-02   5.7858485e-01
   1.3187200e-02   5.9737007e-01
   1.3626400e-02   6.1803381e-01
   1.4065600e-02   6.3368817e-01
   1.4505600e-02   6.5685661e-01
   1.4944800e-02   6.7752035e-01
   1.5384800e-02   7.0068879e-01
   1.5824000e-02   7.1634314e-01
   1.6264000e-02   7.3199750e-01
   1.6703200e-02   7.4953037e-01
   1.7143200e-02   7.6894177e-01
   1.7582400e-02   7.8459612e-01
   1.8021600e-02   8.0150282e-01
   1.8461600e-02   8.1465247e-01
   1.8900800e-02   8.2154039e-01
   1.9340800e-02   8.3406387e-01
   1.9780000e-02   8.4032561e-01
   2.0220000e-02   8.4596118e-01
   2.0659200e-02   8.5785848e-01
   2.1099200e-02   8.6599875e-01
   2.1538400e-02   8.6975579e-01
   2.1978400e-02   8.7914840e-01
   2.2417600e-02   8.8227927e-01
   2.2856800e-02   8.8728867e-01
   2.3296800e-02   8.9542893e-01
   2.3736000e-02   9.0106450e-01
   2.4176000e-02   9.0857858e-01
   2.4615200e-02   9.1546650e-01
   2.5055200e-02   9.1797120e-01
   2.5494400e-02   9.2423294e-01
   2.5934400e-02   9.2861616e-01
   2.6373600e-02   9.3425172e-01
   2.6812800e-02   9.3613024e-01
   2.7252800e-02   9.3738259e-01
   2.7692000e-02   9.4176581e-01
   2.8132000e-02   9.4427051e-01
   2.8571200e-02   9.4552286e-01
   2.9011200e-02   9.4865373e-01
   2.9890400e-02   9.5053225e-01
   3.0329600e-02   9.5241077e-01
   3.0769600e-02   9.5303694e-01
   3.1208800e-02   9.5366312e-01
   3.1648000e-02   9.5554164e-01
   3.2527200e-02   9.5616781e-01
   3.2967200e-02   9.5742016e-01
   3.3846400e-02   9.5804634e-01
   3.4725600e-02   9.5867251e-01
   3.5164800e-02   9.5929869e-01
   3.6044000e-02   9.5992486e-01
   3.6923200e-02   9.6055103e-01
   3.7362400e-02   9.6117721e-01
   3.7802400e-02   9.6242956e-01
   3.8241600e-02   9.6305573e-01
   3.8681600e-02   9.6368190e-01
   3.9120800e-02   9.6430808e-01
   3.9560800e-02   9.6493425e-01
   4.0000000e-02   9.6556043e-01
   4.0879200e-02   9.6681277e-01
   4.1318400e-02   9.6869130e-01
   4.1758400e-02   9.7119599e-01
   4.2197600e-02   9.7307451e-01
   4.3076800e-02   9.7370069e-01
   4.3956000e-02   9.7432686e-01
   4.6153600e-02   9.7620539e-01
   4.7032800e-02   9.7683156e-01
   4.7472800e-02   9.7745773e-01
   4.7912000e-02   9.7808391e-01
   4.8791200e-02   9.7871008e-01
   5.0109600e-02   9.7933626e-01
   5.0549600e-02   9.7996243e-01
   5.1868000e-02   9.8058860e-01
   5.2747200e-02   9.8246713e-01
   5.3187200e-02   9.8309330e-01
   5.4065600e-02   9.8371947e-01
   5.4505600e-02   9.8434565e-01
   5.8021600e-02   9.8622417e-01
   5.9340800e-02   9.8685034e-01
   6.1977600e-02   9.8747652e-01
   6.4176000e-02   9.8810269e-01
   6.4615200e-02   9.8872887e-01
   6.5494400e-02   9.8935504e-01
   6.7252800e-02   9.8998121e-01
   6.8571200e-02   9.9060739e-01
   7.0329600e-02   9.9123356e-01
   7.4285600e-02   9.9248591e-01
   7.6923200e-02   9.9311209e-01
   7.7802400e-02   9.9373826e-01
   7.8681600e-02   9.9436443e-01
   8.9670400e-02   9.9499061e-01
   9.0109600e-02   9.9561678e-01
   1.0285680e-01   9.9624296e-01
   1.0593440e-01   9.9686913e-01
   1.4329680e-01   9.9749530e-01
   1.5032960e-01   9.9812148e-01
   1.5296720e-01   9.9874765e-01
   1.9604400e-01   9.9937383e-01
   2.0043920e-01   1.0000000e+00
