   8.6192000e-03   0.0000000e+00
   8.6192000e-03   1.5151515e-02
   1.2450400e-02   3.0303030e-02
   1.3727200e-02   4.5454545e-02
   1.5004000e-02   6.0606061e-02
   1.5961600e-02   7.5757576e-02
   1.6600000e-02   9.0909091e-02
   1.7238400e-02   1.0606061e-01
   1.8196000e-02   1.2121212e-01
   2.0112000e-02   1.3636364e-01
   2.2665600e-02   1.5151515e-01
   2.2984800e-02   1.6666667e-01
   2.4261600e-02   1.8181818e-01
   2.5538400e-02   1.9696970e-01
   2.5857600e-02   2.1212121e-01
   2.6496000e-02   2.2727273e-01
   2.6816000e-02   2.4242424e-01
   2.8412000e-02   2.5757576e-01
   2.8731200e-02   2.7272727e-01
   2.9050400e-02   2.8787879e-01
   3.1923200e-02   3.0303030e-01
   3.3839200e-02   3.1818182e-01
   3.4796800e-02   3.3333333e-01
   3.7031200e-02   3.4848485e-01
   3.7669600e-02   3.6363636e-01
   3.8627200e-02   3.7878788e-01
   3.9265600e-02   3.9393939e-01
   3.9904000e-02   4.0909091e-01
   4.1181600e-02   4.2424242e-01
   4.3096800e-02   4.3939394e-01
   4.5012000e-02   4.5454545e-01
   4.6288800e-02   4.6969697e-01
   4.6927200e-02   5.0000000e-01
   4.7565600e-02   5.3030303e-01
   4.9162400e-02   5.4545455e-01
   5.0439200e-02   5.6060606e-01
   5.2035200e-02   5.7575758e-01
   5.2354400e-02   5.9090909e-01
   5.3950400e-02   6.0606061e-01
   5.4269600e-02   6.2121212e-01
   5.5546400e-02   6.3636364e-01
   5.8100800e-02   6.5151515e-01
   6.0654400e-02   6.6666667e-01
   6.0973600e-02   6.9696970e-01
   6.2569600e-02   7.2727273e-01
   6.3847200e-02   7.4242424e-01
   6.7677600e-02   7.5757576e-01
   6.9912000e-02   7.7272727e-01
   7.3743200e-02   7.8787879e-01
   8.2043200e-02   8.0303030e-01
   8.3000800e-02   8.1818182e-01
   9.0343200e-02   8.3333333e-01
   9.0981600e-02   8.4848485e-01
   9.4493600e-02   8.6363636e-01
   9.7685600e-02   8.7878788e-01
   1.0758160e-01   8.9393939e-01
   1.1141280e-01   9.0909091e-01
   1.1492400e-01   9.2424242e-01
   1.1715920e-01   9.3939394e-01
   1.2258560e-01   9.5454545e-01
   1.2386240e-01   9.6969697e-01
   1.3248240e-01   9.8484848e-01
   1.5610560e-01   1.0000000e+00
