   5.3688000e-03   0.0000000e+00
   5.3688000e-03   8.4033613e-03
   5.8168000e-03   1.6806723e-02
   6.2640000e-03   2.5210084e-02
   6.7112000e-03   4.2016807e-02
   7.1592000e-03   5.0420168e-02
   7.6064000e-03   5.8823529e-02
   8.0536000e-03   6.7226891e-02
   8.5008000e-03   8.4033613e-02
   9.3960000e-03   9.2436975e-02
   9.8432000e-03   1.0084034e-01
   1.1185600e-02   1.2605042e-01
   1.1632800e-02   1.4285714e-01
   1.2080800e-02   1.5966387e-01
   1.2528000e-02   1.6806723e-01
   1.2975200e-02   2.0168067e-01
   1.3422400e-02   2.1008403e-01
   1.4317600e-02   2.2689076e-01
   1.4764800e-02   2.6050420e-01
   1.6107200e-02   2.6890756e-01
   1.6555200e-02   2.7731092e-01
   1.7002400e-02   2.8571429e-01
   1.7449600e-02   2.9411765e-01
   1.7896800e-02   3.1932773e-01
   1.8344800e-02   3.2773109e-01
   1.9239200e-02   3.3613445e-01
   1.9686400e-02   3.5294118e-01
   2.0134400e-02   3.6134454e-01
   2.1028800e-02   3.6974790e-01
   2.1476800e-02   3.7815126e-01
   2.2819200e-02   3.9495798e-01
   2.3713600e-02   4.0336134e-01
   2.4608800e-02   4.1176471e-01
   2.6398400e-02   4.2857143e-01
   2.7740800e-02   4.3697479e-01
   2.8188000e-02   4.4537815e-01
   2.9082400e-02   4.5378151e-01
   3.0424800e-02   4.7058824e-01
   3.0872800e-02   4.8739496e-01
   3.2214400e-02   5.1260504e-01
   3.2662400e-02   5.2100840e-01
   3.3109600e-02   5.2941176e-01
   3.3556800e-02   5.4621849e-01
   3.4004800e-02   5.5462185e-01
   3.7584000e-02   5.6302521e-01
   3.8031200e-02   5.7142857e-01
   4.2058400e-02   5.7983193e-01
   4.2505600e-02   5.8823529e-01
   4.2952800e-02   5.9663866e-01
   4.3848000e-02   6.0504202e-01
   4.5190400e-02   6.1344538e-01
   4.6532800e-02   6.2184874e-01
   4.7427200e-02   6.3865546e-01
   5.2348800e-02   6.5546218e-01
   5.3691200e-02   6.6386555e-01
   5.4138400e-02   6.7226891e-01
   5.4586400e-02   6.8067227e-01
   5.5033600e-02   6.8907563e-01
   6.0850400e-02   6.9747899e-01
   6.4429600e-02   7.0588235e-01
   6.6666400e-02   7.1428571e-01
   6.8008800e-02   7.2268908e-01
   6.8456000e-02   7.3109244e-01
   6.8904000e-02   7.3949580e-01
   7.0693600e-02   7.4789916e-01
   7.3825600e-02   7.5630252e-01
   7.4272800e-02   7.6470588e-01
   7.4720000e-02   7.7310924e-01
   7.7852000e-02   7.9831933e-01
   8.0089600e-02   8.0672269e-01
   8.0984000e-02   8.1512605e-01
   8.2774400e-02   8.2352941e-01
   8.4116000e-02   8.3193277e-01
   8.9485600e-02   8.4033613e-01
   8.9932800e-02   8.4873950e-01
   9.2170400e-02   8.5714286e-01
   9.5302400e-02   8.6554622e-01
   9.6644000e-02   8.7394958e-01
   9.7986400e-02   8.8235294e-01
   9.8434400e-02   8.9915966e-01
   9.9328800e-02   9.0756303e-01
   1.0201360e-01   9.1596639e-01
   1.0648800e-01   9.2436975e-01
   1.0827760e-01   9.3277311e-01
   1.1767360e-01   9.4117647e-01
   1.2080560e-01   9.4957983e-01
   1.2617440e-01   9.5798319e-01
   1.5391520e-01   9.6638655e-01
   1.7046960e-01   9.7478992e-01
   1.7628640e-01   9.8319328e-01
   1.9821040e-01   9.9159664e-01
   2.0223680e-01   1.0000000e+00
