   2.9632000e-03   0.0000000e+00
   2.9632000e-03   7.1428571e-03
   3.3864000e-03   1.4285714e-02
   4.2328000e-03   2.1428571e-02
   4.6560000e-03   5.7142857e-02
   5.0792000e-03   9.2857143e-02
   5.5024000e-03   1.1428571e-01
   5.9256000e-03   1.5000000e-01
   6.3496000e-03   1.9285714e-01
   6.7728000e-03   2.7857143e-01
   7.1960000e-03   3.2857143e-01
   7.6192000e-03   3.3571429e-01
   8.0424000e-03   3.5714286e-01
   8.4656000e-03   3.7142857e-01
   8.8888000e-03   4.0000000e-01
   9.3120000e-03   4.2857143e-01
   9.7352000e-03   4.6428571e-01
   1.0158400e-02   4.8571429e-01
   1.0581600e-02   4.9285714e-01
   1.1005600e-02   5.2857143e-01
   1.1428800e-02   5.5000000e-01
   1.1852000e-02   5.6428571e-01
   1.2275200e-02   5.7857143e-01
   1.2698400e-02   5.8571429e-01
   1.3121600e-02   5.9285714e-01
   1.3544800e-02   6.2142857e-01
   1.3968000e-02   6.5714286e-01
   1.4391200e-02   6.6428571e-01
   1.4815200e-02   6.9285714e-01
   1.5238400e-02   7.0000000e-01
   1.5661600e-02   7.2857143e-01
   1.6084800e-02   7.3571429e-01
   1.6508000e-02   7.7142857e-01
   1.6931200e-02   7.7857143e-01
   1.7354400e-02   7.8571429e-01
   1.7777600e-02   8.0000000e-01
   1.8624000e-02   8.1428571e-01
   1.9048000e-02   8.2142857e-01
   1.9894400e-02   8.2857143e-01
   2.0317600e-02   8.3571429e-01
   2.1164000e-02   8.4285714e-01
   2.1587200e-02   8.5000000e-01
   2.2433600e-02   8.5714286e-01
   2.3280800e-02   8.6428571e-01
   2.3704000e-02   8.7142857e-01
   2.4127200e-02   8.7857143e-01
   2.4973600e-02   8.9285714e-01
   2.7512800e-02   9.0000000e-01
   2.7936800e-02   9.0714286e-01
   2.9206400e-02   9.1428571e-01
   3.1322400e-02   9.2142857e-01
   3.2169600e-02   9.2857143e-01
   3.2592800e-02   9.3571429e-01
   3.6402400e-02   9.4285714e-01
   4.1481600e-02   9.5000000e-01
   4.1904800e-02   9.5714286e-01
   4.4020800e-02   9.6428571e-01
   4.6560800e-02   9.7142857e-01
   4.8254400e-02   9.7857143e-01
   5.2910400e-02   9.8571429e-01
   5.7143200e-02   9.9285714e-01
   2.0994720e-01   1.0000000e+00
