   3.0400000e-03   0.0000000e+00
   3.0400000e-03   1.6260163e-03
   3.4744000e-03   8.1300813e-03
   3.9088000e-03   1.9512195e-02
   4.3432000e-03   3.5365854e-02
   4.7776000e-03   6.5447154e-02
   5.2120000e-03   1.2357724e-01
   5.6464000e-03   1.7317073e-01
   6.0800000e-03   2.3983740e-01
   6.5144000e-03   3.0853659e-01
   6.9488000e-03   3.7560976e-01
   7.3832000e-03   4.3008130e-01
   7.8176000e-03   4.7804878e-01
   8.2520000e-03   5.2886179e-01
   8.6864000e-03   5.7154472e-01
   9.1208000e-03   6.1056911e-01
   9.5544000e-03   6.3658537e-01
   9.9888000e-03   6.6585366e-01
   1.0423200e-02   6.9268293e-01
   1.0857600e-02   7.1626016e-01
   1.1292000e-02   7.3943089e-01
   1.1726400e-02   7.6341463e-01
   1.2160800e-02   7.7804878e-01
   1.2595200e-02   8.0040650e-01
   1.3029600e-02   8.1382114e-01
   1.3464000e-02   8.3048780e-01
   1.3897600e-02   8.5000000e-01
   1.4332000e-02   8.5975610e-01
   1.4766400e-02   8.6951220e-01
   1.5200800e-02   8.8211382e-01
   1.5635200e-02   8.8983740e-01
   1.6069600e-02   8.9959350e-01
   1.6504000e-02   9.1056911e-01
   1.6938400e-02   9.1422764e-01
   1.7372000e-02   9.1869919e-01
   1.7806400e-02   9.2682927e-01
   1.8240800e-02   9.2967480e-01
   1.8675200e-02   9.3292683e-01
   1.9109600e-02   9.3821138e-01
   1.9544000e-02   9.4186992e-01
   1.9978400e-02   9.4552846e-01
   2.0412800e-02   9.4878049e-01
   2.0847200e-02   9.4959350e-01
   2.1281600e-02   9.5162602e-01
   2.1715200e-02   9.5691057e-01
   2.2149600e-02   9.5975610e-01
   2.2584000e-02   9.6300813e-01
   2.3018400e-02   9.6544715e-01
   2.3452800e-02   9.6666667e-01
   2.3887200e-02   9.6788618e-01
   2.4321600e-02   9.6991870e-01
   2.4756000e-02   9.7073171e-01
   2.5190400e-02   9.7113821e-01
   2.5624000e-02   9.7154472e-01
   2.6058400e-02   9.7317073e-01
   2.6492800e-02   9.7439024e-01
   2.6927200e-02   9.7642276e-01
   2.7361600e-02   9.7764228e-01
   2.7796000e-02   9.7926829e-01
   2.8230400e-02   9.7967480e-01
   2.8664800e-02   9.8008130e-01
   2.9099200e-02   9.8130081e-01
   2.9532800e-02   9.8292683e-01
   2.9967200e-02   9.8373984e-01
   3.0401600e-02   9.8455285e-01
   3.1270400e-02   9.8495935e-01
   3.1704800e-02   9.8536585e-01
   3.2573600e-02   9.8617886e-01
   3.3007200e-02   9.8658537e-01
   3.3441600e-02   9.8699187e-01
   3.3876000e-02   9.8780488e-01
   3.4310400e-02   9.8861789e-01
   3.5179200e-02   9.8902439e-01
   3.6916000e-02   9.8943089e-01
   3.7350400e-02   9.9024390e-01
   3.8219200e-02   9.9186992e-01
   3.8653600e-02   9.9308943e-01
   4.0391200e-02   9.9390244e-01
   4.0825600e-02   9.9430894e-01
   4.2128000e-02   9.9471545e-01
   4.6036800e-02   9.9512195e-01
   4.7774400e-02   9.9552846e-01
   4.9511200e-02   9.9593496e-01
   5.5592000e-02   9.9634146e-01
   5.9066400e-02   9.9674797e-01
   5.9935200e-02   9.9715447e-01
   6.0369600e-02   9.9796748e-01
   6.2106400e-02   9.9837398e-01
   6.2540800e-02   9.9878049e-01
   6.4712000e-02   9.9918699e-01
   7.8610400e-02   9.9959350e-01
   1.3463600e-01   1.0000000e+00
