   2.3272000e-03   0.0000000e+00
   2.3272000e-03   1.5948963e-03
   2.9928000e-03   3.1897927e-03
   3.6576000e-03   4.7846890e-03
   3.9904000e-03   9.5693780e-03
   4.3224000e-03   1.9138756e-02
   4.6552000e-03   2.5518341e-02
   4.9872000e-03   4.4657097e-02
   5.3200000e-03   5.4226475e-02
   5.6528000e-03   6.8580542e-02
   5.9848000e-03   7.6555024e-02
   6.3176000e-03   1.0207337e-01
   6.6504000e-03   1.1802233e-01
   6.9824000e-03   1.4354067e-01
   7.3152000e-03   1.6427432e-01
   7.6472000e-03   1.8022329e-01
   7.9800000e-03   2.0574163e-01
   8.3128000e-03   2.1850080e-01
   8.6448000e-03   2.4561404e-01
   8.9776000e-03   2.5518341e-01
   9.3104000e-03   2.8389155e-01
   9.6424000e-03   2.8708134e-01
   9.9752000e-03   3.1100478e-01
   1.0308000e-02   3.1897927e-01
   1.0640000e-02   3.3492823e-01
   1.0972800e-02   3.4290271e-01
   1.1304800e-02   3.6363636e-01
   1.1637600e-02   3.7320574e-01
   1.1970400e-02   3.9393939e-01
   1.2302400e-02   4.0829346e-01
   1.2635200e-02   4.2583732e-01
   1.2968000e-02   4.3700159e-01
   1.3300000e-02   4.5135566e-01
   1.3632800e-02   4.6251994e-01
   1.3964800e-02   4.7049442e-01
   1.4297600e-02   4.8325359e-01
   1.4630400e-02   4.8644338e-01
   1.4962400e-02   5.0079745e-01
   1.5295200e-02   5.0558214e-01
   1.5627200e-02   5.1674641e-01
   1.5960000e-02   5.2312600e-01
   1.6292800e-02   5.3429027e-01
   1.6624800e-02   5.4066986e-01
   1.6957600e-02   5.4864434e-01
   1.7290400e-02   5.5342903e-01
   1.7622400e-02   5.5821372e-01
   1.7955200e-02   5.6140351e-01
   1.8288000e-02   5.7256778e-01
   1.8620000e-02   5.8692185e-01
   1.8952800e-02   5.9011164e-01
   1.9284800e-02   5.9808612e-01
   1.9617600e-02   5.9968102e-01
   1.9950400e-02   6.1722488e-01
   2.0282400e-02   6.2041467e-01
   2.0615200e-02   6.2838915e-01
   2.0947200e-02   6.3476874e-01
   2.1280000e-02   6.4114833e-01
   2.1944800e-02   6.4433812e-01
   2.2277600e-02   6.4752791e-01
   2.2610400e-02   6.5709729e-01
   2.2942400e-02   6.6347687e-01
   2.3275200e-02   6.6826156e-01
   2.3608000e-02   6.7304625e-01
   2.3940000e-02   6.7623604e-01
   2.4272800e-02   6.7783094e-01
   2.4604800e-02   6.8261563e-01
   2.4937600e-02   6.8740032e-01
   2.5270400e-02   6.8899522e-01
   2.5602400e-02   6.9696970e-01
   2.5935200e-02   6.9856459e-01
   2.6268000e-02   7.0334928e-01
   2.6600000e-02   7.0494418e-01
   2.6932800e-02   7.0972887e-01
   2.7265600e-02   7.1451356e-01
   2.7597600e-02   7.1929825e-01
   2.7930400e-02   7.2248804e-01
   2.8262400e-02   7.2567783e-01
   2.8595200e-02   7.3046252e-01
   2.8928000e-02   7.3205742e-01
   2.9260000e-02   7.3843700e-01
   2.9592800e-02   7.4162679e-01
   2.9925600e-02   7.4481659e-01
   3.0257600e-02   7.4641148e-01
   3.0590400e-02   7.4800638e-01
   3.0922400e-02   7.4960128e-01
   3.1588000e-02   7.5119617e-01
   3.1920000e-02   7.6076555e-01
   3.2252800e-02   7.6555024e-01
   3.2584800e-02   7.6714514e-01
   3.2917600e-02   7.6874003e-01
   3.3250400e-02   7.7192982e-01
   3.3582400e-02   7.7990431e-01
   3.3915200e-02   7.8309410e-01
   3.4248000e-02   7.8468900e-01
   3.4912800e-02   7.9425837e-01
   3.5244800e-02   7.9904306e-01
   3.5577600e-02   8.0701754e-01
   3.5910400e-02   8.1020734e-01
   3.6242400e-02   8.1977671e-01
   3.6575200e-02   8.2456140e-01
   3.6908000e-02   8.2615630e-01
   3.8237600e-02   8.2934609e-01
   3.8902400e-02   8.3413078e-01
   3.9235200e-02   8.3891547e-01
   3.9568000e-02   8.4051037e-01
   4.0232800e-02   8.4210526e-01
   4.0565600e-02   8.5326954e-01
   4.1230400e-02   8.5486443e-01
   4.1895200e-02   8.5645933e-01
   4.2560000e-02   8.6124402e-01
   4.2892800e-02   8.6283892e-01
   4.3225600e-02   8.6443381e-01
   4.3890400e-02   8.6602871e-01
   4.4223200e-02   8.6762360e-01
   4.4888000e-02   8.6921850e-01
   4.5552800e-02   8.7081340e-01
   4.6217600e-02   8.7240829e-01
   4.6883200e-02   8.7559809e-01
   4.7215200e-02   8.7719298e-01
   4.7548000e-02   8.8197767e-01
   4.8212800e-02   8.8676236e-01
   4.8545600e-02   8.8835726e-01
   4.8877600e-02   8.8995215e-01
   4.9210400e-02   8.9154705e-01
   4.9875200e-02   8.9633174e-01
   5.0540000e-02   9.0111643e-01
   5.1205600e-02   9.0430622e-01
   5.2203200e-02   9.0590112e-01
   5.2535200e-02   9.0749601e-01
   5.2868000e-02   9.0909091e-01
   5.3200000e-02   9.1228070e-01
   5.3532800e-02   9.1706539e-01
   5.3865600e-02   9.1866029e-01
   5.4197600e-02   9.2025518e-01
   5.6857600e-02   9.2185008e-01
   5.7190400e-02   9.2344498e-01
   5.7523200e-02   9.2503987e-01
   5.7855200e-02   9.2663477e-01
   5.8520000e-02   9.2822967e-01
   5.8852800e-02   9.3141946e-01
   5.9185600e-02   9.3301435e-01
   5.9850400e-02   9.3460925e-01
   6.0183200e-02   9.3620415e-01
   6.2177600e-02   9.3779904e-01
   6.5170400e-02   9.3939394e-01
   6.6500800e-02   9.4098884e-01
   6.7165600e-02   9.4258373e-01
   6.9492800e-02   9.4417863e-01
   7.0823200e-02   9.4577352e-01
   7.1155200e-02   9.4736842e-01
   7.1820800e-02   9.5215311e-01
   7.2817600e-02   9.5374801e-01
   7.3150400e-02   9.5534290e-01
   7.3815200e-02   9.5853270e-01
   7.5145600e-02   9.6012759e-01
   7.5810400e-02   9.6172249e-01
   7.6143200e-02   9.6331738e-01
   7.6475200e-02   9.6491228e-01
   7.7472800e-02   9.6650718e-01
   7.8137600e-02   9.6810207e-01
   7.8803200e-02   9.7129187e-01
   7.9800800e-02   9.7288676e-01
   8.1130400e-02   9.7607656e-01
   8.1463200e-02   9.7767145e-01
   8.2128000e-02   9.7926635e-01
   8.4455200e-02   9.8086124e-01
   8.9443200e-02   9.8245614e-01
   9.5095200e-02   9.8564593e-01
   9.6425600e-02   9.8724083e-01
   1.0141280e-01   9.8883573e-01
   1.0507040e-01   9.9043062e-01
   1.2335840e-01   9.9202552e-01
   1.3532800e-01   9.9362041e-01
   1.4197840e-01   9.9521531e-01
   1.4630080e-01   9.9681021e-01
   1.4763120e-01   9.9840510e-01
   1.4796320e-01   1.0000000e+00
