   5.0632000e-03   0.0000000e+00
   5.0632000e-03   4.5454545e-03
   5.4528000e-03   1.3636364e-02
   5.8424000e-03   1.8181818e-02
   6.2320000e-03   5.9090909e-02
   6.6216000e-03   7.2727273e-02
   7.0104000e-03   1.0454545e-01
   7.4000000e-03   1.3636364e-01
   7.7896000e-03   1.4545455e-01
   8.1792000e-03   1.6363636e-01
   8.5688000e-03   1.7272727e-01
   8.9584000e-03   1.9090909e-01
   9.3480000e-03   2.0909091e-01
   9.7368000e-03   2.2727273e-01
   1.0126400e-02   2.5454545e-01
   1.0516000e-02   2.6363636e-01
   1.0905600e-02   2.8636364e-01
   1.1295200e-02   3.0454545e-01
   1.1684800e-02   3.2727273e-01
   1.2074400e-02   3.3181818e-01
   1.2463200e-02   3.5454545e-01
   1.2852800e-02   3.5909091e-01
   1.3242400e-02   3.6818182e-01
   1.3632000e-02   3.8636364e-01
   1.4021600e-02   4.0000000e-01
   1.4411200e-02   4.0909091e-01
   1.4800000e-02   4.2272727e-01
   1.5189600e-02   4.3636364e-01
   1.5968800e-02   4.4545455e-01
   1.6358400e-02   4.7272727e-01
   1.6748000e-02   4.7727273e-01
   1.7137600e-02   4.8636364e-01
   1.7527200e-02   4.9545455e-01
   1.8305600e-02   5.0909091e-01
   1.8695200e-02   5.3181818e-01
   1.9084800e-02   5.4545455e-01
   1.9474400e-02   5.6818182e-01
   1.9864000e-02   5.8181818e-01
   2.0252800e-02   5.8636364e-01
   2.0642400e-02   5.9545455e-01
   2.1032000e-02   6.0909091e-01
   2.1421600e-02   6.2727273e-01
   2.1811200e-02   6.4090909e-01
   2.2200800e-02   6.5909091e-01
   2.2590400e-02   6.6818182e-01
   2.3368800e-02   6.8181818e-01
   2.3758400e-02   6.9090909e-01
   2.4148000e-02   6.9545455e-01
   2.4537600e-02   7.0454545e-01
   2.4927200e-02   7.0909091e-01
   2.5316800e-02   7.1818182e-01
   2.5705600e-02   7.2272727e-01
   2.6095200e-02   7.3181818e-01
   2.6484800e-02   7.3636364e-01
   2.6874400e-02   7.4090909e-01
   2.7264000e-02   7.5000000e-01
   2.7653600e-02   7.5454545e-01
   2.8043200e-02   7.6818182e-01
   2.8821600e-02   7.7727273e-01
   3.0769600e-02   7.8181818e-01
   3.1158400e-02   8.0000000e-01
   3.2327200e-02   8.0454545e-01
   3.2716800e-02   8.1363636e-01
   3.3106400e-02   8.1818182e-01
   3.3884800e-02   8.2727273e-01
   3.4274400e-02   8.3181818e-01
   3.5053600e-02   8.4090909e-01
   3.5443200e-02   8.4545455e-01
   3.5832800e-02   8.5000000e-01
   3.7000800e-02   8.5909091e-01
   3.7780000e-02   8.6363636e-01
   3.8559200e-02   8.6818182e-01
   3.8948000e-02   8.7272727e-01
   3.9337600e-02   8.8181818e-01
   4.0506400e-02   8.8636364e-01
   4.1285600e-02   8.9545455e-01
   4.2064000e-02   9.0000000e-01
   4.2843200e-02   9.0454545e-01
   4.3232800e-02   9.0909091e-01
   4.4012000e-02   9.1363636e-01
   4.4401600e-02   9.1818182e-01
   4.6348800e-02   9.2272727e-01
   4.6738400e-02   9.2727273e-01
   4.7127200e-02   9.3181818e-01
   4.8296000e-02   9.3636364e-01
   4.9075200e-02   9.4090909e-01
   4.9464800e-02   9.4545455e-01
   5.1412000e-02   9.5000000e-01
   6.3096000e-02   9.5909091e-01
   7.2833600e-02   9.6363636e-01
   7.4780800e-02   9.6818182e-01
   7.7507200e-02   9.7272727e-01
   8.4907200e-02   9.7727273e-01
   8.8412800e-02   9.8181818e-01
   9.2696800e-02   9.8636364e-01
   1.0243440e-01   9.9090909e-01
   1.5423600e-01   9.9545455e-01
   2.3291120e-01   1.0000000e+00
