   3.8184000e-03   0.0000000e+00
   3.8184000e-03   4.3731778e-03
   4.2960000e-03   7.2886297e-03
   4.7736000e-03   1.7492711e-02
   5.2504000e-03   3.2069971e-02
   5.7280000e-03   6.4139942e-02
   6.2056000e-03   8.6005831e-02
   6.6824000e-03   1.1807580e-01
   7.1600000e-03   1.5597668e-01
   7.6376000e-03   1.7638484e-01
   8.1144000e-03   2.0408163e-01
   8.5920000e-03   2.4489796e-01
   9.0688000e-03   2.6822157e-01
   9.5464000e-03   2.9154519e-01
   1.0024000e-02   3.1195335e-01
   1.0500800e-02   3.3090379e-01
   1.0978400e-02   3.5568513e-01
   1.1456000e-02   3.7172012e-01
   1.1932800e-02   3.8483965e-01
   1.2410400e-02   4.0962099e-01
   1.2888000e-02   4.3586006e-01
   1.3364800e-02   4.4897959e-01
   1.3842400e-02   4.6647230e-01
   1.4320000e-02   4.7959184e-01
   1.4796800e-02   4.9271137e-01
   1.5274400e-02   5.1020408e-01
   1.5752000e-02   5.2186589e-01
   1.6228800e-02   5.3644315e-01
   1.6706400e-02   5.5539359e-01
   1.7184000e-02   5.6559767e-01
   1.7660800e-02   5.7725948e-01
   1.8138400e-02   5.9037901e-01
   1.8616000e-02   6.0204082e-01
   1.9092800e-02   6.1953353e-01
   1.9570400e-02   6.2536443e-01
   2.0048000e-02   6.3265306e-01
   2.0524800e-02   6.3702624e-01
   2.1002400e-02   6.4577259e-01
   2.1480000e-02   6.4868805e-01
   2.1956800e-02   6.6180758e-01
   2.2434400e-02   6.6763848e-01
   2.2912000e-02   6.7055394e-01
   2.3388800e-02   6.7784257e-01
   2.3866400e-02   6.8658892e-01
   2.4344000e-02   6.9533528e-01
   2.4820800e-02   7.0553936e-01
   2.5298400e-02   7.0845481e-01
   2.5776000e-02   7.2157434e-01
   2.6252800e-02   7.3469388e-01
   2.6730400e-02   7.3906706e-01
   2.7207200e-02   7.4198251e-01
   2.7684800e-02   7.4927114e-01
   2.8162400e-02   7.5218659e-01
   2.8639200e-02   7.5510204e-01
   2.9116800e-02   7.6239067e-01
   2.9594400e-02   7.6967930e-01
   3.0071200e-02   7.7405248e-01
   3.0548800e-02   7.7696793e-01
   3.1026400e-02   7.7988338e-01
   3.1503200e-02   7.8425656e-01
   3.1980800e-02   7.8717201e-01
   3.2458400e-02   7.9008746e-01
   3.2935200e-02   7.9300292e-01
   3.3412800e-02   7.9737609e-01
   3.4367200e-02   8.0029155e-01
   3.4844800e-02   8.0174927e-01
   3.5322400e-02   8.0320700e-01
   3.5799200e-02   8.0903790e-01
   3.6276800e-02   8.1195335e-01
   3.6754400e-02   8.1486880e-01
   3.7231200e-02   8.1778426e-01
   3.7708800e-02   8.2069971e-01
   3.8186400e-02   8.2653061e-01
   3.8663200e-02   8.2798834e-01
   3.9140800e-02   8.2944606e-01
   3.9618400e-02   8.3236152e-01
   4.0095200e-02   8.3673469e-01
   4.0572800e-02   8.3965015e-01
   4.1050400e-02   8.4256560e-01
   4.1527200e-02   8.4985423e-01
   4.2004800e-02   8.5276968e-01
   4.2482400e-02   8.5568513e-01
   4.2959200e-02   8.5714286e-01
   4.3436800e-02   8.5860058e-01
   4.4391200e-02   8.6005831e-01
   4.4868800e-02   8.6151603e-01
   4.5823200e-02   8.6443149e-01
   4.6300800e-02   8.6880466e-01
   4.6778400e-02   8.7026239e-01
   4.7255200e-02   8.7317784e-01
   4.8209600e-02   8.7755102e-01
   4.8687200e-02   8.7900875e-01
   4.9164800e-02   8.8046647e-01
   4.9641600e-02   8.8192420e-01
   5.0119200e-02   8.8483965e-01
   5.0596800e-02   8.8775510e-01
   5.1073600e-02   8.8921283e-01
   5.1551200e-02   8.9358601e-01
   5.2028800e-02   8.9941691e-01
   5.2505600e-02   9.0233236e-01
   5.3460800e-02   9.0379009e-01
   5.3937600e-02   9.0816327e-01
   5.4415200e-02   9.0962099e-01
   5.5369600e-02   9.1107872e-01
   5.5847200e-02   9.1399417e-01
   5.6324800e-02   9.1545190e-01
   5.6801600e-02   9.1836735e-01
   5.7279200e-02   9.1982507e-01
   5.7756800e-02   9.2128280e-01
   5.8233600e-02   9.2419825e-01
   5.9188800e-02   9.2711370e-01
   5.9665600e-02   9.2857143e-01
   6.0143200e-02   9.3002915e-01
   6.0620800e-02   9.3148688e-01
   6.1097600e-02   9.3586006e-01
   6.2052800e-02   9.3731778e-01
   6.2529600e-02   9.3877551e-01
   6.4916800e-02   9.4023324e-01
   6.5393600e-02   9.4169096e-01
   6.6348800e-02   9.4314869e-01
   6.7780000e-02   9.4606414e-01
   6.8735200e-02   9.4752187e-01
   6.9212000e-02   9.5043732e-01
   7.0167200e-02   9.5189504e-01
   7.0644000e-02   9.5335277e-01
   7.1599200e-02   9.5481050e-01
   7.3031200e-02   9.5918367e-01
   7.3508000e-02   9.6064140e-01
   7.7327200e-02   9.6209913e-01
   7.7804000e-02   9.6355685e-01
   8.3532000e-02   9.6501458e-01
   8.4964000e-02   9.6647230e-01
   8.5919200e-02   9.6793003e-01
   8.7351200e-02   9.6938776e-01
   8.8305600e-02   9.7084548e-01
   9.1646400e-02   9.7230321e-01
   9.7852000e-02   9.7376093e-01
   1.0930800e-01   9.7667638e-01
   1.1026240e-01   9.7813411e-01
   1.1360400e-01   9.7959184e-01
   1.1694480e-01   9.8104956e-01
   1.1742240e-01   9.8396501e-01
   1.1933200e-01   9.8542274e-01
   1.2076400e-01   9.8688047e-01
   1.2267280e-01   9.8833819e-01
   1.2887840e-01   9.8979592e-01
   1.3031040e-01   9.9125364e-01
   1.3699280e-01   9.9271137e-01
   1.3890240e-01   9.9416910e-01
   1.4081120e-01   9.9562682e-01
   1.4797120e-01   9.9708455e-01
   1.6467760e-01   9.9854227e-01
   1.9379440e-01   1.0000000e+00
