   2.9408000e-03   0.0000000e+00
   2.9408000e-03   1.8903592e-03
   3.2680000e-03   3.7807183e-03
   3.9216000e-03   9.4517958e-03
   4.2480000e-03   1.8903592e-02
   4.5752000e-03   2.0793951e-02
   4.9016000e-03   3.4026465e-02
   5.2288000e-03   5.2930057e-02
   5.5552000e-03   7.7504726e-02
   5.8824000e-03   9.0737240e-02
   6.2088000e-03   1.0964083e-01
   6.5360000e-03   1.3421550e-01
   6.8624000e-03   1.7391304e-01
   7.1896000e-03   1.8714556e-01
   7.5160000e-03   2.0037807e-01
   7.8432000e-03   2.1361059e-01
   8.1696000e-03   2.3818526e-01
   8.4968000e-03   2.4952741e-01
   8.8232000e-03   2.7788280e-01
   9.1504000e-03   2.9489603e-01
   9.4768000e-03   3.1947070e-01
   9.8040000e-03   3.3270321e-01
   1.0130400e-02   3.5727788e-01
   1.0457600e-02   3.5916824e-01
   1.0784000e-02   3.8374291e-01
   1.1111200e-02   3.8941399e-01
   1.1437600e-02   4.1209830e-01
   1.1764800e-02   4.1965974e-01
   1.2091200e-02   4.4801512e-01
   1.2418400e-02   4.5557656e-01
   1.2744800e-02   4.8393195e-01
   1.3072000e-02   4.9149338e-01
   1.3398400e-02   5.1984877e-01
   1.3725600e-02   5.2362949e-01
   1.4052000e-02   5.3875236e-01
   1.4379200e-02   5.4442344e-01
   1.4705600e-02   5.5387524e-01
   1.5032800e-02   5.6521739e-01
   1.5359200e-02   5.8412098e-01
   1.5686400e-02   5.9357278e-01
   1.6012800e-02   5.9924386e-01
   1.6340000e-02   6.0302457e-01
   1.6666400e-02   6.1625709e-01
   1.6993600e-02   6.3516068e-01
   1.7320000e-02   6.3705104e-01
   1.7647200e-02   6.4272212e-01
   1.7973600e-02   6.5028355e-01
   1.8300800e-02   6.6162571e-01
   1.8954400e-02   6.7296786e-01
   1.9280800e-02   6.7485822e-01
   1.9608000e-02   6.8998110e-01
   1.9934400e-02   6.9376181e-01
   2.0261600e-02   7.0510397e-01
   2.0588000e-02   7.0888469e-01
   2.0915200e-02   7.1833648e-01
   2.1241600e-02   7.2022684e-01
   2.1568800e-02   7.3156900e-01
   2.2222400e-02   7.3724008e-01
   2.2548800e-02   7.4102079e-01
   2.2876000e-02   7.4858223e-01
   2.3202400e-02   7.5614367e-01
   2.3529600e-02   7.5803403e-01
   2.3856000e-02   7.5992439e-01
   2.4183200e-02   7.6937618e-01
   2.4509600e-02   7.7315690e-01
   2.4836800e-02   7.7693762e-01
   2.5490400e-02   7.8071834e-01
   2.5816800e-02   7.8260870e-01
   2.6144000e-02   7.8827977e-01
   2.6797600e-02   7.9206049e-01
   2.7124000e-02   8.0151229e-01
   2.7451200e-02   8.0340265e-01
   2.7777600e-02   8.0718336e-01
   2.8104800e-02   8.0907372e-01
   2.8431200e-02   8.1285444e-01
   2.9084800e-02   8.1852552e-01
   2.9412000e-02   8.2230624e-01
   3.0392000e-02   8.2419660e-01
   3.0719200e-02   8.2797732e-01
   3.1045600e-02   8.3364839e-01
   3.1699200e-02   8.3553875e-01
   3.2352800e-02   8.3931947e-01
   3.2680000e-02   8.4120983e-01
   3.3006400e-02   8.4499055e-01
   3.3660000e-02   8.4877127e-01
   3.4313600e-02   8.5444234e-01
   3.4967200e-02   8.5822306e-01
   3.5620800e-02   8.6389414e-01
   3.6274400e-02   8.6767486e-01
   3.6601600e-02   8.6956522e-01
   3.7255200e-02   8.7334594e-01
   3.7581600e-02   8.7523629e-01
   3.7908800e-02   8.8090737e-01
   3.8235200e-02   8.8657845e-01
   3.8562400e-02   8.8846881e-01
   3.9216000e-02   8.9224953e-01
   3.9542400e-02   8.9413989e-01
   3.9869600e-02   8.9603025e-01
   4.1503200e-02   8.9792060e-01
   4.1830400e-02   8.9981096e-01
   4.2484000e-02   9.0359168e-01
   4.2810400e-02   9.0548204e-01
   4.3137600e-02   9.0737240e-01
   4.5097600e-02   9.0926276e-01
   4.5751200e-02   9.1304348e-01
   4.6732000e-02   9.1493384e-01
   4.7059200e-02   9.1871456e-01
   4.7712000e-02   9.2249527e-01
   4.8039200e-02   9.2627599e-01
   4.9020000e-02   9.2816635e-01
   4.9346400e-02   9.3005671e-01
   4.9673600e-02   9.3194707e-01
   5.0000000e-02   9.3383743e-01
   5.0327200e-02   9.3572779e-01
   5.1307200e-02   9.3761815e-01
   5.2614400e-02   9.3950851e-01
   5.3268000e-02   9.4328922e-01
   5.3921600e-02   9.4517958e-01
   5.6536000e-02   9.4896030e-01
   5.7189600e-02   9.5085066e-01
   5.7843200e-02   9.5463138e-01
   6.0457600e-02   9.5652174e-01
   6.1111200e-02   9.5841210e-01
   6.4052000e-02   9.6030246e-01
   6.5032800e-02   9.6219282e-01
   6.5359200e-02   9.6408318e-01
   6.6993600e-02   9.6597353e-01
   6.7320000e-02   9.6786389e-01
   7.0261600e-02   9.6975425e-01
   7.2222400e-02   9.7353497e-01
   7.6797600e-02   9.7542533e-01
   7.8104800e-02   9.7731569e-01
   7.9412000e-02   9.7920605e-01
   7.9738400e-02   9.8109641e-01
   8.0065600e-02   9.8298677e-01
   8.1045600e-02   9.8487713e-01
   8.4313600e-02   9.8676749e-01
   8.6928000e-02   9.8865784e-01
   8.8888800e-02   9.9054820e-01
   9.0523200e-02   9.9243856e-01
   1.0326800e-01   9.9432892e-01
   1.0718960e-01   9.9621928e-01
   1.3562080e-01   9.9810964e-01
   1.9509840e-01   1.0000000e+00
