   1.1029336e-02   0.0000000e+00
   1.1029336e-02   2.3255814e-02
   1.1878165e-02   4.6511628e-02
   1.4428819e-02   6.9767442e-02
   1.7339527e-02   9.3023256e-02
   1.7526821e-02   1.1627907e-01
   1.7631456e-02   1.3953488e-01
   2.1378518e-02   1.6279070e-01
   2.3488744e-02   1.8604651e-01
   2.4682059e-02   2.0930233e-01
   2.7521162e-02   2.3255814e-01
   2.8950042e-02   2.5581395e-01
   3.0260466e-02   2.7906977e-01
   3.0972024e-02   3.0232558e-01
   3.1501914e-02   3.2558140e-01
   3.2527121e-02   3.4883721e-01
   3.2889641e-02   3.7209302e-01
   3.3637026e-02   3.9534884e-01
   3.3812895e-02   4.1860465e-01
   3.3848027e-02   4.4186047e-01
   3.4679476e-02   4.6511628e-01
   3.5869420e-02   4.8837209e-01
   4.1842577e-02   5.1162791e-01
   4.2296865e-02   5.3488372e-01
   4.3845928e-02   5.5813953e-01
   4.7055674e-02   5.8139535e-01
   5.3944864e-02   6.0465116e-01
   5.8040598e-02   6.2790698e-01
   5.8636509e-02   6.5116279e-01
   6.4112996e-02   6.7441860e-01
   6.4339736e-02   6.9767442e-01
   6.5066435e-02   7.2093023e-01
   6.9570148e-02   7.4418605e-01
   7.3084797e-02   7.6744186e-01
   7.4130019e-02   7.9069767e-01
   7.5583393e-02   8.1395349e-01
   8.0613132e-02   8.3720930e-01
   8.4493897e-02   8.6046512e-01
   8.4640622e-02   8.8372093e-01
   8.5302663e-02   9.0697674e-01
   8.9233561e-02   9.3023256e-01
   1.0082298e-01   9.5348837e-01
   1.4172119e-01   9.7674419e-01
   2.4104018e-01   1.0000000e+00
