   3.4568000e-03   0.0000000e+00
   3.4568000e-03   5.7142857e-03
   3.9504000e-03   8.5714286e-03
   4.4448000e-03   1.4285714e-02
   4.9384000e-03   2.5714286e-02
   5.4320000e-03   5.7142857e-02
   5.9256000e-03   6.2857143e-02
   6.4200000e-03   8.0000000e-02
   6.9136000e-03   9.7142857e-02
   7.4072000e-03   1.2857143e-01
   7.9016000e-03   1.6571429e-01
   8.3952000e-03   1.9142857e-01
   8.8888000e-03   2.0857143e-01
   9.3824000e-03   2.2857143e-01
   9.8768000e-03   2.4285714e-01
   1.0370400e-02   2.6000000e-01
   1.0864000e-02   2.9428571e-01
   1.1358400e-02   3.2571429e-01
   1.1852000e-02   3.3714286e-01
   1.2345600e-02   3.6000000e-01
   1.2839200e-02   3.7714286e-01
   1.3333600e-02   4.0000000e-01
   1.3827200e-02   4.2857143e-01
   1.4320800e-02   4.5142857e-01
   1.4815200e-02   4.6000000e-01
   1.5308800e-02   4.6285714e-01
   1.5802400e-02   4.6571429e-01
   1.6296000e-02   4.8285714e-01
   1.6790400e-02   4.8857143e-01
   1.7284000e-02   5.0857143e-01
   1.7777600e-02   5.1714286e-01
   1.8271200e-02   5.2857143e-01
   1.9259200e-02   5.4000000e-01
   1.9752800e-02   5.5142857e-01
   2.0247200e-02   5.6571429e-01
   2.0740800e-02   5.7428571e-01
   2.1234400e-02   5.9142857e-01
   2.1728800e-02   6.0285714e-01
   2.2222400e-02   6.0857143e-01
   2.2716000e-02   6.2000000e-01
   2.3209600e-02   6.2571429e-01
   2.3704000e-02   6.2857143e-01
   2.4197600e-02   6.3428571e-01
   2.4691200e-02   6.4285714e-01
   2.5185600e-02   6.5142857e-01
   2.5679200e-02   6.6285714e-01
   2.6666400e-02   6.6571429e-01
   2.7160800e-02   6.7428571e-01
   2.7654400e-02   6.7714286e-01
   2.8148000e-02   6.8000000e-01
   2.8642400e-02   6.8571429e-01
   2.9136000e-02   6.9714286e-01
   2.9629600e-02   7.0000000e-01
   3.0123200e-02   7.0571429e-01
   3.0617600e-02   7.0857143e-01
   3.1604800e-02   7.1714286e-01
   3.2098400e-02   7.2000000e-01
   3.2592800e-02   7.2285714e-01
   3.3086400e-02   7.2857143e-01
   3.3580000e-02   7.3142857e-01
   3.4074400e-02   7.3428571e-01
   3.4568000e-02   7.4285714e-01
   3.5061600e-02   7.4571429e-01
   3.5555200e-02   7.5142857e-01
   3.6543200e-02   7.6000000e-01
   3.7036800e-02   7.6285714e-01
   3.7531200e-02   7.6571429e-01
   3.8024800e-02   7.6857143e-01
   3.8518400e-02   7.7428571e-01
   3.9506400e-02   7.8000000e-01
   4.0493600e-02   7.8285714e-01
   4.0988000e-02   7.8571429e-01
   4.2468800e-02   7.9428571e-01
   4.3456800e-02   7.9714286e-01
   4.3950400e-02   8.0000000e-01
   4.4444800e-02   8.0571429e-01
   4.4938400e-02   8.1142857e-01
   4.5925600e-02   8.1428571e-01
   4.6420000e-02   8.2000000e-01
   4.6913600e-02   8.2571429e-01
   4.7407200e-02   8.2857143e-01
   4.7900800e-02   8.3428571e-01
   4.8888800e-02   8.3714286e-01
   4.9876800e-02   8.4000000e-01
   5.0370400e-02   8.5142857e-01
   5.0864000e-02   8.5714286e-01
   5.1358400e-02   8.6571429e-01
   5.4814400e-02   8.7142857e-01
   5.5308800e-02   8.7428571e-01
   5.5802400e-02   8.7714286e-01
   5.6296000e-02   8.8000000e-01
   5.7284000e-02   8.9428571e-01
   5.7777600e-02   8.9714286e-01
   5.8272000e-02   9.0000000e-01
   5.8765600e-02   9.0571429e-01
   5.9259200e-02   9.0857143e-01
   6.0247200e-02   9.1428571e-01
   6.1234400e-02   9.2000000e-01
   6.2222400e-02   9.2285714e-01
   6.4197600e-02   9.2571429e-01
   6.5184800e-02   9.2857143e-01
   6.5679200e-02   9.3142857e-01
   6.7654400e-02   9.3428571e-01
   6.9136000e-02   9.4000000e-01
   6.9629600e-02   9.4571429e-01
   7.0123200e-02   9.4857143e-01
   7.1111200e-02   9.5142857e-01
   7.2098400e-02   9.5428571e-01
   7.4568000e-02   9.5714286e-01
   7.5061600e-02   9.6000000e-01
   7.7036800e-02   9.6285714e-01
   7.9506400e-02   9.6571429e-01
   8.3950400e-02   9.7142857e-01
   9.2839200e-02   9.7428571e-01
   9.5308800e-02   9.7714286e-01
   9.6790400e-02   9.8000000e-01
   9.7777600e-02   9.8285714e-01
   1.1061760e-01   9.8571429e-01
   1.6345680e-01   9.8857143e-01
   1.7135840e-01   9.9142857e-01
   1.7185200e-01   9.9428571e-01
   1.8222240e-01   9.9714286e-01
   2.1481520e-01   1.0000000e+00
