   3.5712000e-03   0.0000000e+00
   3.5712000e-03   7.3891626e-03
   4.0176000e-03   1.7241379e-02
   4.4640000e-03   2.2167488e-02
   4.9104000e-03   3.2019704e-02
   5.3568000e-03   5.1724138e-02
   5.8032000e-03   7.3891626e-02
   6.2504000e-03   1.0837438e-01
   6.6968000e-03   1.3300493e-01
   7.1432000e-03   1.4778325e-01
   7.5896000e-03   1.5763547e-01
   8.0360000e-03   1.9458128e-01
   8.4824000e-03   1.9950739e-01
   8.9288000e-03   2.1428571e-01
   9.3752000e-03   2.3891626e-01
   9.8216000e-03   2.5862069e-01
   1.0268000e-02   2.6847291e-01
   1.0714400e-02   2.9310345e-01
   1.1160800e-02   3.1280788e-01
   1.1607200e-02   3.2512315e-01
   1.2053600e-02   3.5960591e-01
   1.2500000e-02   3.6945813e-01
   1.2946400e-02   3.7684729e-01
   1.3392800e-02   4.1133005e-01
   1.3839200e-02   4.1871921e-01
   1.4285600e-02   4.2857143e-01
   1.4732000e-02   4.4827586e-01
   1.5178400e-02   4.7536946e-01
   1.5624800e-02   4.8029557e-01
   1.6071200e-02   4.9753695e-01
   1.6517600e-02   5.1231527e-01
   1.6964000e-02   5.2216749e-01
   1.7410400e-02   5.3448276e-01
   1.7856800e-02   5.3940887e-01
   1.8304000e-02   5.4926108e-01
   1.8750400e-02   5.5911330e-01
   1.9196000e-02   5.7389163e-01
   1.9643200e-02   5.7635468e-01
   2.0089600e-02   5.8374384e-01
   2.0536000e-02   5.8620690e-01
   2.0982400e-02   6.0098522e-01
   2.1428800e-02   6.0837438e-01
   2.1875200e-02   6.1330049e-01
   2.2321600e-02   6.2068966e-01
   2.2768000e-02   6.2807882e-01
   2.3214400e-02   6.3054187e-01
   2.3660800e-02   6.3793103e-01
   2.4107200e-02   6.4285714e-01
   2.4553600e-02   6.4532020e-01
   2.5000000e-02   6.4778325e-01
   2.5446400e-02   6.5763547e-01
   2.5892800e-02   6.6256158e-01
   2.6785600e-02   6.6502463e-01
   2.7232000e-02   6.7241379e-01
   2.7678400e-02   6.8226601e-01
   2.8124800e-02   6.8719212e-01
   2.8571200e-02   6.9211823e-01
   2.9017600e-02   6.9950739e-01
   2.9464000e-02   7.1182266e-01
   2.9910400e-02   7.1428571e-01
   3.0356800e-02   7.2167488e-01
   3.0803200e-02   7.2413793e-01
   3.1250400e-02   7.2906404e-01
   3.2589600e-02   7.3152709e-01
   3.3482400e-02   7.3399015e-01
   3.4375200e-02   7.3645320e-01
   3.5268000e-02   7.4137931e-01
   3.5714400e-02   7.4384236e-01
   3.6160800e-02   7.4876847e-01
   3.7053600e-02   7.5123153e-01
   3.7500000e-02   7.6108374e-01
   3.7946400e-02   7.6847291e-01
   3.8392800e-02   7.7339901e-01
   3.8839200e-02   7.7586207e-01
   3.9285600e-02   7.7832512e-01
   4.0624800e-02   7.8078818e-01
   4.1071200e-02   7.8817734e-01
   4.1517600e-02   7.9064039e-01
   4.2856800e-02   7.9310345e-01
   4.4643200e-02   7.9556650e-01
   4.5089600e-02   7.9802956e-01
   4.6428800e-02   8.0049261e-01
   4.6875200e-02   8.0788177e-01
   4.7321600e-02   8.1034483e-01
   4.7768000e-02   8.1280788e-01
   4.8214400e-02   8.2266010e-01
   4.8660800e-02   8.2512315e-01
   4.9107200e-02   8.3004926e-01
   4.9553600e-02   8.3497537e-01
   5.0000000e-02   8.4236453e-01
   5.1339200e-02   8.4482759e-01
   5.1785600e-02   8.4729064e-01
   5.2678400e-02   8.4975369e-01
   5.3124800e-02   8.5467980e-01
   5.3571200e-02   8.6206897e-01
   5.4017600e-02   8.6453202e-01
   5.4910400e-02   8.6699507e-01
   5.6250400e-02   8.6945813e-01
   5.7143200e-02   8.7192118e-01
   5.8036000e-02   8.7438424e-01
   6.0268000e-02   8.7684729e-01
   6.1607200e-02   8.7931034e-01
   6.2946400e-02   8.8669951e-01
   6.3392800e-02   8.9655172e-01
   6.4285600e-02   9.0147783e-01
   6.5178400e-02   9.0394089e-01
   6.6071200e-02   9.0640394e-01
   6.7410400e-02   9.0886700e-01
   6.7856800e-02   9.1133005e-01
   6.9196800e-02   9.1379310e-01
   7.0089600e-02   9.1625616e-01
   7.0982400e-02   9.2118227e-01
   7.3660800e-02   9.2364532e-01
   7.5892800e-02   9.2857143e-01
   7.7678400e-02   9.3103448e-01
   8.3036000e-02   9.3349754e-01
   8.3928800e-02   9.3596059e-01
   8.4821600e-02   9.3842365e-01
   8.6160800e-02   9.4088670e-01
   8.6607200e-02   9.4334975e-01
   8.7946400e-02   9.4581281e-01
   9.2410400e-02   9.5073892e-01
   9.3750400e-02   9.5320197e-01
   9.4196800e-02   9.5566502e-01
   1.0089280e-01   9.5812808e-01
   1.0669680e-01   9.6059113e-01
   1.0714320e-01   9.6305419e-01
   1.0758960e-01   9.6551724e-01
   1.0982160e-01   9.6798030e-01
   1.1428560e-01   9.7044335e-01
   1.1651760e-01   9.7536946e-01
   1.1785680e-01   9.7783251e-01
   1.2321440e-01   9.8029557e-01
   1.2678560e-01   9.8275862e-01
   1.3080320e-01   9.8522167e-01
   1.4419680e-01   9.8768473e-01
   1.4821440e-01   9.9014778e-01
   1.5223200e-01   9.9261084e-01
   1.8169680e-01   9.9507389e-01
   1.9821440e-01   9.9753695e-01
   2.1339280e-01   1.0000000e+00
