   2.8720000e-03   0.0000000e+00
   2.8720000e-03   1.5197568e-03
   3.2824000e-03   4.5592705e-03
   3.6920000e-03   7.5987842e-03
   4.1024000e-03   1.8237082e-02
   4.5128000e-03   3.0395137e-02
   4.9232000e-03   4.8632219e-02
   5.3336000e-03   8.8145897e-02
   5.7432000e-03   1.1398176e-01
   6.1536000e-03   1.5349544e-01
   6.5640000e-03   1.9148936e-01
   6.9744000e-03   2.2340426e-01
   7.3848000e-03   2.6747720e-01
   7.7952000e-03   3.0243161e-01
   8.2048000e-03   3.4042553e-01
   8.6152000e-03   3.7082067e-01
   9.0256000e-03   4.0121581e-01
   9.4360000e-03   4.3009119e-01
   9.8464000e-03   4.5896657e-01
   1.0256800e-02   4.8176292e-01
   1.0666400e-02   5.0303951e-01
   1.1076800e-02   5.1671733e-01
   1.1487200e-02   5.4711246e-01
   1.1897600e-02   5.6990881e-01
   1.2308000e-02   5.8814590e-01
   1.2717600e-02   6.0486322e-01
   1.3128000e-02   6.1550152e-01
   1.3538400e-02   6.3677812e-01
   1.3948800e-02   6.5045593e-01
   1.4359200e-02   6.5653495e-01
   1.4768800e-02   6.7173252e-01
   1.5179200e-02   6.7629179e-01
   1.5589600e-02   6.9148936e-01
   1.6000000e-02   7.0364742e-01
   1.6410400e-02   7.1124620e-01
   1.6820800e-02   7.2796353e-01
   1.7230400e-02   7.3860182e-01
   1.7640800e-02   7.4772036e-01
   1.8051200e-02   7.5075988e-01
   1.8461600e-02   7.5683891e-01
   1.8872000e-02   7.6291793e-01
   1.9282400e-02   7.6899696e-01
   1.9692000e-02   7.7203647e-01
   2.0102400e-02   7.7811550e-01
   2.0512800e-02   7.8267477e-01
   2.0923200e-02   7.9179331e-01
   2.1333600e-02   7.9787234e-01
   2.2153600e-02   8.0091185e-01
   2.2564000e-02   8.0395137e-01
   2.2974400e-02   8.1003040e-01
   2.3384800e-02   8.1610942e-01
   2.3795200e-02   8.2370821e-01
   2.4204800e-02   8.3130699e-01
   2.4615200e-02   8.3738602e-01
   2.5025600e-02   8.4194529e-01
   2.5436000e-02   8.4498480e-01
   2.5846400e-02   8.5106383e-01
   2.6666400e-02   8.5258359e-01
   2.7076800e-02   8.6018237e-01
   2.7897600e-02   8.6474164e-01
   2.8308000e-02   8.6778116e-01
   2.9128000e-02   8.7537994e-01
   2.9538400e-02   8.8145897e-01
   2.9948800e-02   8.8449848e-01
   3.0359200e-02   8.8601824e-01
   3.0769600e-02   8.8905775e-01
   3.1179200e-02   8.9057751e-01
   3.2000000e-02   8.9209726e-01
   3.2410400e-02   8.9665653e-01
   3.3640800e-02   9.0425532e-01
   3.4051200e-02   9.0729483e-01
   3.4461600e-02   9.1033435e-01
   3.4872000e-02   9.1185410e-01
   3.6102400e-02   9.1337386e-01
   3.6512800e-02   9.1489362e-01
   3.7333600e-02   9.1641337e-01
   3.7743200e-02   9.1793313e-01
   3.8153600e-02   9.1945289e-01
   3.8974400e-02   9.2249240e-01
   3.9384800e-02   9.2401216e-01
   3.9795200e-02   9.2705167e-01
   4.0615200e-02   9.3009119e-01
   4.1025600e-02   9.3161094e-01
   4.1436000e-02   9.3465046e-01
   4.1846400e-02   9.3617021e-01
   4.3076800e-02   9.3768997e-01
   4.3487200e-02   9.3920973e-01
   4.3897600e-02   9.4072948e-01
   4.4717600e-02   9.4376900e-01
   4.5128000e-02   9.4528875e-01
   4.6768800e-02   9.4680851e-01
   4.8000000e-02   9.4832827e-01
   4.9231200e-02   9.4984802e-01
   5.0051200e-02   9.5288754e-01
   5.0461600e-02   9.5440729e-01
   5.1282400e-02   9.5592705e-01
   5.2102400e-02   9.5744681e-01
   5.3333600e-02   9.5896657e-01
   5.4974400e-02   9.6048632e-01
   5.9076800e-02   9.6200608e-01
   6.0308000e-02   9.6352584e-01
   6.0717600e-02   9.6504559e-01
   6.6051200e-02   9.6656535e-01
   6.8512800e-02   9.6808511e-01
   6.9333600e-02   9.6960486e-01
   6.9743200e-02   9.7112462e-01
   7.0153600e-02   9.7264438e-01
   7.3025600e-02   9.7416413e-01
   7.5897600e-02   9.7720365e-01
   7.6308000e-02   9.7872340e-01
   7.7128000e-02   9.8024316e-01
   7.7538400e-02   9.8176292e-01
   7.9589600e-02   9.8328267e-01
   8.1640800e-02   9.8480243e-01
   8.6564000e-02   9.8632219e-01
   8.8615200e-02   9.8784195e-01
   9.1897600e-02   9.8936170e-01
   9.3128000e-02   9.9088146e-01
   9.7230400e-02   9.9240122e-01
   1.2020480e-01   9.9392097e-01
   1.2389760e-01   9.9544073e-01
   1.3169200e-01   9.9696049e-01
   1.6779520e-01   9.9848024e-01
   1.9569200e-01   1.0000000e+00
