   4.4352330e-03   0.0000000e+00
   4.4352330e-03   2.0040080e-03
   5.9613558e-03   4.0080160e-03
   6.4290538e-03   6.0120240e-03
   6.6298410e-03   1.0020040e-02
   6.8119957e-03   1.6032064e-02
   6.9612297e-03   1.8036072e-02
   7.0600408e-03   2.2044088e-02
   7.2558891e-03   2.4048096e-02
   7.3040190e-03   2.6052104e-02
   7.3244343e-03   3.0060120e-02
   7.4062661e-03   3.2064128e-02
   7.6034709e-03   3.4068136e-02
   7.6070714e-03   3.6072144e-02
   7.6914848e-03   4.2084168e-02
   7.8841546e-03   4.4088176e-02
   7.9576612e-03   4.8096192e-02
   8.0163105e-03   5.0100200e-02
   8.1994175e-03   5.4108216e-02
   8.2104895e-03   5.8116232e-02
   8.4560798e-03   6.2124248e-02
   8.5136767e-03   6.6132265e-02
   8.6334739e-03   6.8136273e-02
   8.6988918e-03   7.0140281e-02
   8.8314377e-03   7.4148297e-02
   8.8372624e-03   7.6152305e-02
   8.8710032e-03   7.8156313e-02
   8.8883879e-03   8.0160321e-02
   9.0832519e-03   8.4168337e-02
   9.1437852e-03   8.8176353e-02
   9.1622564e-03   9.0180361e-02
   9.2243371e-03   9.4188377e-02
   9.2776665e-03   9.6192385e-02
   9.4636915e-03   9.8196393e-02
   9.4649666e-03   1.0020040e-01
   9.5047693e-03   1.0220441e-01
   9.5079332e-03   1.0420842e-01
   9.5876557e-03   1.1222445e-01
   9.7743666e-03   1.1422846e-01
   9.7934874e-03   1.1823647e-01
   9.7956702e-03   1.2024048e-01
   9.8577577e-03   1.2424850e-01
   9.8734280e-03   1.2625251e-01
   9.9545871e-03   1.3026052e-01
   9.9598663e-03   1.3226453e-01
   1.0092821e-02   1.4028056e-01
   1.0096135e-02   1.4829659e-01
   1.0100113e-02   1.5430862e-01
   1.0220136e-02   1.5631263e-01
   1.0339355e-02   1.5831663e-01
   1.0419486e-02   1.6032064e-01
   1.0429127e-02   1.6633267e-01
   1.0472629e-02   1.6833667e-01
   1.0491220e-02   1.7835671e-01
   1.0491638e-02   1.8036072e-01
   1.0496162e-02   1.8236473e-01
   1.0590302e-02   1.8837675e-01
   1.0688307e-02   1.9438878e-01
   1.0721912e-02   2.0040080e-01
   1.0726574e-02   2.0641283e-01
   1.0728163e-02   2.1242485e-01
   1.0753074e-02   2.1643287e-01
   1.0772302e-02   2.2044088e-01
   1.0852143e-02   2.2645291e-01
   1.0875262e-02   2.2845691e-01
   1.1036038e-02   2.3446894e-01
   1.1046371e-02   2.3647295e-01
   1.1062065e-02   2.3847695e-01
   1.1065992e-02   2.4048096e-01
   1.1120143e-02   2.4248497e-01
   1.1124109e-02   2.4849699e-01
   1.1221682e-02   2.5450902e-01
   1.1305169e-02   2.6052104e-01
   1.1351522e-02   2.6252505e-01
   1.1353847e-02   2.6653307e-01
   1.1360895e-02   2.7054108e-01
   1.1404938e-02   2.7655311e-01
   1.1438586e-02   2.7855711e-01
   1.1484901e-02   2.8256513e-01
   1.1667598e-02   2.8456914e-01
   1.1695010e-02   2.8857715e-01
   1.1714732e-02   2.9058116e-01
   1.1745172e-02   2.9458918e-01
   1.1757115e-02   2.9859719e-01
   1.1923804e-02   3.0060120e-01
   1.1981571e-02   3.0260521e-01
   1.1981802e-02   3.0460922e-01
   1.1993172e-02   3.0861723e-01
   1.2002904e-02   3.1062124e-01
   1.2038704e-02   3.1462926e-01
   1.2228670e-02   3.1663327e-01
   1.2298836e-02   3.2064128e-01
   1.2328557e-02   3.2464930e-01
   1.2337724e-02   3.2665331e-01
   1.2390665e-02   3.3266533e-01
   1.2484358e-02   3.3466934e-01
   1.2484677e-02   3.3667335e-01
   1.2611456e-02   3.3867735e-01
   1.2626104e-02   3.4068136e-01
   1.2672470e-02   3.4268537e-01
   1.2677990e-02   3.4468938e-01
   1.2750208e-02   3.4669339e-01
   1.2869102e-02   3.4869739e-01
   1.2930814e-02   3.5671343e-01
   1.2949712e-02   3.6072144e-01
   1.2997768e-02   3.6272545e-01
   1.3024236e-02   3.6472946e-01
   1.3116711e-02   3.6873747e-01
   1.3242193e-02   3.7074148e-01
   1.3259115e-02   3.7274549e-01
   1.3299680e-02   3.7474950e-01
   1.3306236e-02   3.7675351e-01
   1.3389785e-02   3.7875752e-01
   1.3489605e-02   3.8076152e-01
   1.3559782e-02   3.8677355e-01
   1.3568796e-02   3.8877756e-01
   1.3623991e-02   3.9078156e-01
   1.3642508e-02   3.9278557e-01
   1.3657826e-02   3.9679359e-01
   1.3774667e-02   3.9879760e-01
   1.3787277e-02   4.0080160e-01
   1.3873207e-02   4.0280561e-01
   1.3940002e-02   4.0881764e-01
   1.4014843e-02   4.1082164e-01
   1.4016331e-02   4.1282565e-01
   1.4120082e-02   4.1883768e-01
   1.4211914e-02   4.2084168e-01
   1.4251893e-02   4.2284569e-01
   1.4380608e-02   4.2484970e-01
   1.4388910e-02   4.2685371e-01
   1.4504461e-02   4.2885772e-01
   1.4511261e-02   4.3286573e-01
   1.4573768e-02   4.3486974e-01
   1.4827665e-02   4.3687375e-01
   1.4838312e-02   4.3887776e-01
   1.4880293e-02   4.4288577e-01
   1.4884166e-02   4.4488978e-01
   1.5013062e-02   4.4689379e-01
   1.5037251e-02   4.4889780e-01
   1.5127733e-02   4.5290581e-01
   1.5206942e-02   4.5691383e-01
   1.5214143e-02   4.5891784e-01
   1.5226359e-02   4.6092184e-01
   1.5432783e-02   4.6292585e-01
   1.5449758e-02   4.6492986e-01
   1.5460192e-02   4.6693387e-01
   1.5463726e-02   4.6893788e-01
   1.5558077e-02   4.7094188e-01
   1.5659940e-02   4.7294589e-01
   1.5768833e-02   4.7695391e-01
   1.5791197e-02   4.7895792e-01
   1.5834698e-02   4.8096192e-01
   1.5846928e-02   4.8296593e-01
   1.5915322e-02   4.8496994e-01
   1.6032621e-02   4.8697395e-01
   1.6092256e-02   4.8897796e-01
   1.6138350e-02   4.9098196e-01
   1.6152242e-02   4.9298597e-01
   1.6161359e-02   4.9498998e-01
   1.6191719e-02   4.9699399e-01
   1.6191737e-02   4.9899800e-01
   1.6279466e-02   5.0100200e-01
   1.6285753e-02   5.0300601e-01
   1.6388901e-02   5.0901804e-01
   1.6397593e-02   5.1102204e-01
   1.6420860e-02   5.1302605e-01
   1.6424475e-02   5.1703407e-01
   1.6456260e-02   5.2304609e-01
   1.6548611e-02   5.2505010e-01
   1.6646564e-02   5.3106212e-01
   1.6811337e-02   5.3306613e-01
   1.6825370e-02   5.3507014e-01
   1.6911013e-02   5.3707415e-01
   1.7019840e-02   5.4108216e-01
   1.7026754e-02   5.4308617e-01
   1.7030211e-02   5.4509018e-01
   1.7057790e-02   5.4709419e-01
   1.7078719e-02   5.4909820e-01
   1.7123918e-02   5.5110220e-01
   1.7305205e-02   5.5310621e-01
   1.7341079e-02   5.5511022e-01
   1.7357183e-02   5.5711423e-01
   1.7396924e-02   5.5911824e-01
   1.7478662e-02   5.6112224e-01
   1.7650981e-02   5.6513026e-01
   1.7676362e-02   5.6713427e-01
   1.7690579e-02   5.6913828e-01
   1.7815291e-02   5.7314629e-01
   1.7910714e-02   5.7515030e-01
   1.8003855e-02   5.7715431e-01
   1.8030042e-02   5.7915832e-01
   1.8124664e-02   5.8116232e-01
   1.8165842e-02   5.8517034e-01
   1.8294500e-02   5.8917836e-01
   1.8323955e-02   5.9118236e-01
   1.8396325e-02   5.9318637e-01
   1.8505068e-02   5.9519038e-01
   1.8505074e-02   5.9719439e-01
   1.8606053e-02   5.9919840e-01
   1.8622958e-02   6.0120240e-01
   1.8629962e-02   6.0320641e-01
   1.8657670e-02   6.0721443e-01
   1.8663714e-02   6.1122244e-01
   1.8704618e-02   6.1523046e-01
   1.8723982e-02   6.1723447e-01
   1.8725843e-02   6.1923848e-01
   1.8809640e-02   6.2324649e-01
   1.8911641e-02   6.2525050e-01
   1.8913155e-02   6.2725451e-01
   1.8949921e-02   6.2925852e-01
   1.8957358e-02   6.3126253e-01
   1.9081566e-02   6.3326653e-01
   1.9174685e-02   6.3527054e-01
   1.9297392e-02   6.3727455e-01
   1.9343875e-02   6.3927856e-01
   1.9441506e-02   6.4128257e-01
   1.9544791e-02   6.4328657e-01
   1.9638004e-02   6.4529058e-01
   1.9865199e-02   6.4729459e-01
   1.9919091e-02   6.5130261e-01
   2.0059337e-02   6.5330661e-01
   2.0074546e-02   6.5531062e-01
   2.0176070e-02   6.5731463e-01
   2.0224232e-02   6.5931864e-01
   2.0297355e-02   6.6132265e-01
   2.0495159e-02   6.6332665e-01
   2.0546601e-02   6.6533066e-01
   2.0564181e-02   6.6733467e-01
   2.0707631e-02   6.6933868e-01
   2.0824262e-02   6.7535070e-01
   2.0927008e-02   6.7735471e-01
   2.1027536e-02   6.7935872e-01
   2.1130747e-02   6.8136273e-01
   2.1138957e-02   6.8537074e-01
   2.1154571e-02   6.8737475e-01
   2.1404576e-02   6.8937876e-01
   2.1692620e-02   6.9138277e-01
   2.1755744e-02   6.9338677e-01
   2.2077306e-02   6.9539078e-01
   2.2097753e-02   6.9739479e-01
   2.2177239e-02   6.9939880e-01
   2.2394390e-02   7.0140281e-01
   2.2811005e-02   7.0340681e-01
   2.2949207e-02   7.0541082e-01
   2.3023929e-02   7.0741483e-01
   2.3098979e-02   7.0941884e-01
   2.3269221e-02   7.1142285e-01
   2.3495749e-02   7.1342685e-01
   2.3714738e-02   7.1543086e-01
   2.4079853e-02   7.1743487e-01
   2.4658244e-02   7.1943888e-01
   2.4711022e-02   7.2344689e-01
   2.4872933e-02   7.2545090e-01
   2.4963653e-02   7.2745491e-01
   2.5087341e-02   7.2945892e-01
   2.5139573e-02   7.3146293e-01
   2.5500924e-02   7.3346693e-01
   2.5778533e-02   7.3547094e-01
   2.6034538e-02   7.3747495e-01
   2.6171945e-02   7.3947896e-01
   2.6230325e-02   7.4148297e-01
   2.6493735e-02   7.4348697e-01
   2.6802959e-02   7.4549098e-01
   2.7115336e-02   7.4749499e-01
   2.7746414e-02   7.4949900e-01
   2.7904758e-02   7.5150301e-01
   2.7949253e-02   7.5350701e-01
   2.8070334e-02   7.5551102e-01
   2.8390499e-02   7.5751503e-01
   2.8507520e-02   7.5951904e-01
   2.8720895e-02   7.6152305e-01
   2.8999192e-02   7.6352705e-01
   2.9050673e-02   7.6553106e-01
   2.9282531e-02   7.6753507e-01
   2.9626338e-02   7.6953908e-01
   2.9878479e-02   7.7154309e-01
   2.9962153e-02   7.7354709e-01
   3.0358907e-02   7.7555110e-01
   3.0632762e-02   7.7755511e-01
   3.0662655e-02   7.7955912e-01
   3.0885854e-02   7.8156313e-01
   3.1552426e-02   7.8356713e-01
   3.1882599e-02   7.8557114e-01
   3.2031506e-02   7.8757515e-01
   3.2105410e-02   7.8957916e-01
   3.2489728e-02   7.9158317e-01
   3.2512578e-02   7.9358717e-01
   3.2556551e-02   7.9559118e-01
   3.2825241e-02   7.9759519e-01
   3.2901664e-02   7.9959920e-01
   3.4091368e-02   8.0160321e-01
   3.4133127e-02   8.0360721e-01
   3.4414296e-02   8.0561122e-01
   3.4557818e-02   8.0761523e-01
   3.4683288e-02   8.1162325e-01
   3.4793300e-02   8.1362725e-01
   3.5357595e-02   8.1563126e-01
   3.5906015e-02   8.1763527e-01
   3.6352279e-02   8.1963928e-01
   3.7069772e-02   8.2164329e-01
   3.7212105e-02   8.2565130e-01
   3.7397670e-02   8.2765531e-01
   3.7520654e-02   8.2965932e-01
   3.7591901e-02   8.3166333e-01
   3.7626498e-02   8.3366733e-01
   3.9276486e-02   8.3567134e-01
   4.0042698e-02   8.3767535e-01
   4.0050474e-02   8.3967936e-01
   4.1158565e-02   8.4168337e-01
   4.1285034e-02   8.4368737e-01
   4.2250162e-02   8.4569138e-01
   4.2445364e-02   8.4769539e-01
   4.2758406e-02   8.4969940e-01
   4.2835246e-02   8.5170341e-01
   4.2904897e-02   8.5370741e-01
   4.3826496e-02   8.5571142e-01
   4.3902525e-02   8.5771543e-01
   4.4519559e-02   8.5971944e-01
   4.5129520e-02   8.6172345e-01
   4.6471302e-02   8.6372745e-01
   4.6665520e-02   8.6573146e-01
   4.7204890e-02   8.6773547e-01
   4.7481010e-02   8.6973948e-01
   4.7905199e-02   8.7174349e-01
   4.8556495e-02   8.7374749e-01
   4.9213980e-02   8.7575150e-01
   5.0205233e-02   8.7775551e-01
   5.0268771e-02   8.7975952e-01
   5.0553435e-02   8.8176353e-01
   5.2533379e-02   8.8376754e-01
   5.3062267e-02   8.8577154e-01
   5.3116216e-02   8.8777555e-01
   5.4874600e-02   8.8977956e-01
   5.6916678e-02   8.9178357e-01
   5.7366285e-02   8.9378758e-01
   5.7550289e-02   8.9579158e-01
   5.7705936e-02   8.9779559e-01
   5.7951532e-02   8.9979960e-01
   5.8268689e-02   9.0180361e-01
   5.8546478e-02   9.0380762e-01
   5.8800140e-02   9.0581162e-01
   5.8977368e-02   9.0781563e-01
   5.9819119e-02   9.0981964e-01
   6.0863991e-02   9.1182365e-01
   6.1307980e-02   9.1382766e-01
   6.3078388e-02   9.1583166e-01
   6.5564963e-02   9.1783567e-01
   6.6864395e-02   9.1983968e-01
   6.6906283e-02   9.2184369e-01
   6.7033810e-02   9.2384770e-01
   6.8120557e-02   9.2585170e-01
   6.8734383e-02   9.2785571e-01
   6.8797618e-02   9.2985972e-01
   6.9051156e-02   9.3186373e-01
   6.9559896e-02   9.3386774e-01
   7.0316163e-02   9.3587174e-01
   7.1014754e-02   9.3787575e-01
   7.1196930e-02   9.3987976e-01
   7.3206752e-02   9.4188377e-01
   7.3640945e-02   9.4388778e-01
   7.4481963e-02   9.4589178e-01
   7.5858146e-02   9.4789579e-01
   7.6034714e-02   9.4989980e-01
   7.7436931e-02   9.5190381e-01
   7.9433517e-02   9.5390782e-01
   7.9653580e-02   9.5591182e-01
   8.0089361e-02   9.5791583e-01
   8.2626013e-02   9.5991984e-01
   8.4609168e-02   9.6192385e-01
   8.8186865e-02   9.6392786e-01
   8.8964862e-02   9.6593186e-01
   8.9776319e-02   9.6793587e-01
   9.0403582e-02   9.6993988e-01
   9.5044126e-02   9.7194389e-01
   9.7463876e-02   9.7394790e-01
   9.7929799e-02   9.7595190e-01
   1.0183993e-01   9.7795591e-01
   1.0817293e-01   9.7995992e-01
   1.1750838e-01   9.8196393e-01
   1.1935088e-01   9.8396794e-01
   1.2282730e-01   9.8597194e-01
   1.2499682e-01   9.8797595e-01
   1.2608715e-01   9.8997996e-01
   1.3582490e-01   9.9198397e-01
   1.3644529e-01   9.9398798e-01
   1.4682819e-01   9.9599198e-01
   1.4833566e-01   9.9799599e-01
   1.5212131e-01   1.0000000e+00
