   6.8540437e-03   0.0000000e+00
   6.8540437e-03   1.7123288e-03
   7.4368242e-03   3.4246575e-03
   7.4637330e-03   5.1369863e-03
   7.8390913e-03   6.8493151e-03
   8.0842296e-03   8.5616438e-03
   8.1851996e-03   1.0273973e-02
   8.4022647e-03   1.1986301e-02
   8.4609494e-03   1.5410959e-02
   8.5464644e-03   1.7123288e-02
   8.6865562e-03   1.8835616e-02
   8.8076401e-03   2.0547945e-02
   8.9248632e-03   2.2260274e-02
   9.0195266e-03   2.5684932e-02
   9.0544949e-03   2.7397260e-02
   9.0797873e-03   2.9109589e-02
   9.0842497e-03   3.4246575e-02
   9.1752740e-03   3.5958904e-02
   9.3395483e-03   4.4520548e-02
   9.3503855e-03   4.6232877e-02
   9.4368251e-03   4.7945205e-02
   9.4855041e-03   4.9657534e-02
   9.6398470e-03   5.1369863e-02
   9.6538254e-03   5.4794521e-02
   9.7091564e-03   5.6506849e-02
   9.7341785e-03   5.8219178e-02
   9.8041319e-03   6.1643836e-02
   9.9001577e-03   6.3356164e-02
   9.9379848e-03   6.5068493e-02
   9.9534742e-03   6.6780822e-02
   9.9574071e-03   6.8493151e-02
   9.9903692e-03   7.1917808e-02
   9.9998757e-03   7.3630137e-02
   1.0081509e-02   7.5342466e-02
   1.0109899e-02   7.8767123e-02
   1.0179959e-02   8.0479452e-02
   1.0234305e-02   8.2191781e-02
   1.0280905e-02   8.3904110e-02
   1.0316675e-02   8.7328767e-02
   1.0564589e-02   9.0753425e-02
   1.0578567e-02   9.4178082e-02
   1.0681678e-02   9.7602740e-02
   1.0808542e-02   9.9315068e-02
   1.0883618e-02   1.0445205e-01
   1.0896081e-02   1.0616438e-01
   1.0945215e-02   1.0787671e-01
   1.0966342e-02   1.0958904e-01
   1.1061842e-02   1.1301370e-01
   1.1191302e-02   1.1643836e-01
   1.1195344e-02   1.1815068e-01
   1.1324294e-02   1.2157534e-01
   1.1352011e-02   1.2328767e-01
   1.1354375e-02   1.2500000e-01
   1.1436127e-02   1.2671233e-01
   1.1533907e-02   1.3013699e-01
   1.1554717e-02   1.3184932e-01
   1.1595816e-02   1.3698630e-01
   1.1629977e-02   1.3869863e-01
   1.1690180e-02   1.4041096e-01
   1.1738071e-02   1.4212329e-01
   1.1758769e-02   1.4383562e-01
   1.1816141e-02   1.4554795e-01
   1.1818444e-02   1.5068493e-01
   1.1874763e-02   1.5582192e-01
   1.1953394e-02   1.5924658e-01
   1.1966071e-02   1.6095890e-01
   1.2129787e-02   1.6267123e-01
   1.2132187e-02   1.6609589e-01
   1.2166039e-02   1.6780822e-01
   1.2167780e-02   1.6952055e-01
   1.2207475e-02   1.7294521e-01
   1.2387305e-02   1.7465753e-01
   1.2582263e-02   1.7808219e-01
   1.2582579e-02   1.8150685e-01
   1.2751093e-02   1.8321918e-01
   1.2755931e-02   1.8493151e-01
   1.2779094e-02   1.8664384e-01
   1.2832926e-02   1.8835616e-01
   1.2838066e-02   1.9006849e-01
   1.3001077e-02   1.9178082e-01
   1.3045677e-02   1.9349315e-01
   1.3069652e-02   1.9520548e-01
   1.3073151e-02   1.9863014e-01
   1.3110426e-02   2.0034247e-01
   1.3226581e-02   2.0205479e-01
   1.3279107e-02   2.0376712e-01
   1.3378716e-02   2.0547945e-01
   1.3408093e-02   2.0890411e-01
   1.3416064e-02   2.1061644e-01
   1.3423106e-02   2.1232877e-01
   1.3445462e-02   2.1404110e-01
   1.3525746e-02   2.1575342e-01
   1.3615940e-02   2.1746575e-01
   1.3625605e-02   2.1917808e-01
   1.3635320e-02   2.2089041e-01
   1.3688418e-02   2.2260274e-01
   1.3817872e-02   2.2431507e-01
   1.4003788e-02   2.2602740e-01
   1.4028859e-02   2.2773973e-01
   1.4111124e-02   2.2945205e-01
   1.4206109e-02   2.3116438e-01
   1.4306785e-02   2.3287671e-01
   1.4335365e-02   2.3458904e-01
   1.4387971e-02   2.3630137e-01
   1.4437285e-02   2.3801370e-01
   1.4583468e-02   2.3972603e-01
   1.4629795e-02   2.4143836e-01
   1.4671030e-02   2.4315068e-01
   1.4731444e-02   2.4486301e-01
   1.4740155e-02   2.4828767e-01
   1.4835665e-02   2.5171233e-01
   1.4872981e-02   2.5513699e-01
   1.4926954e-02   2.5684932e-01
   1.4941656e-02   2.5856164e-01
   1.4984395e-02   2.6027397e-01
   1.5057922e-02   2.6198630e-01
   1.5074994e-02   2.6369863e-01
   1.5102587e-02   2.6883562e-01
   1.5236824e-02   2.7054795e-01
   1.5277928e-02   2.7226027e-01
   1.5421770e-02   2.7397260e-01
   1.5548250e-02   2.7568493e-01
   1.5584449e-02   2.7739726e-01
   1.5678327e-02   2.7910959e-01
   1.5835559e-02   2.8082192e-01
   1.5859833e-02   2.8253425e-01
   1.5863559e-02   2.8424658e-01
   1.5890262e-02   2.8595890e-01
   1.6093177e-02   2.8767123e-01
   1.6299759e-02   2.8938356e-01
   1.6464291e-02   2.9109589e-01
   1.6483240e-02   2.9280822e-01
   1.6506607e-02   2.9452055e-01
   1.6555118e-02   2.9623288e-01
   1.6627253e-02   2.9965753e-01
   1.6707260e-02   3.0136986e-01
   1.6790986e-02   3.0479452e-01
   1.6838522e-02   3.0650685e-01
   1.6902611e-02   3.0821918e-01
   1.6978805e-02   3.0993151e-01
   1.6981135e-02   3.1164384e-01
   1.7103004e-02   3.1335616e-01
   1.7140671e-02   3.1506849e-01
   1.7183874e-02   3.1849315e-01
   1.7256325e-02   3.2020548e-01
   1.7318645e-02   3.2191781e-01
   1.7327249e-02   3.2363014e-01
   1.7351236e-02   3.2705479e-01
   1.7393754e-02   3.2876712e-01
   1.7428980e-02   3.3047945e-01
   1.7468897e-02   3.3219178e-01
   1.7767729e-02   3.3561644e-01
   1.7812144e-02   3.4075342e-01
   1.7837402e-02   3.4246575e-01
   1.7849726e-02   3.4417808e-01
   1.8000401e-02   3.4589041e-01
   1.8036406e-02   3.4760274e-01
   1.8039053e-02   3.4931507e-01
   1.8055623e-02   3.5102740e-01
   1.8063101e-02   3.5273973e-01
   1.8350548e-02   3.5445205e-01
   1.8357295e-02   3.5616438e-01
   1.8392379e-02   3.5787671e-01
   1.8476818e-02   3.5958904e-01
   1.8609941e-02   3.6130137e-01
   1.8642588e-02   3.6301370e-01
   1.8659730e-02   3.6472603e-01
   1.8679728e-02   3.6643836e-01
   1.8790897e-02   3.6815068e-01
   1.8861463e-02   3.6986301e-01
   1.8874171e-02   3.7157534e-01
   1.8970606e-02   3.7328767e-01
   1.8979272e-02   3.7500000e-01
   1.9038839e-02   3.7671233e-01
   1.9104646e-02   3.7842466e-01
   1.9352836e-02   3.8013699e-01
   1.9386869e-02   3.8184932e-01
   1.9468357e-02   3.8356164e-01
   1.9470269e-02   3.8527397e-01
   1.9595023e-02   3.8698630e-01
   1.9599665e-02   3.9041096e-01
   1.9604681e-02   3.9212329e-01
   1.9641271e-02   3.9383562e-01
   1.9697274e-02   3.9726027e-01
   1.9875970e-02   3.9897260e-01
   1.9900941e-02   4.0068493e-01
   1.9999751e-02   4.0239726e-01
   2.0006553e-02   4.0410959e-01
   2.0038745e-02   4.0582192e-01
   2.0071691e-02   4.0753425e-01
   2.0076645e-02   4.0924658e-01
   2.0115701e-02   4.1095890e-01
   2.0131934e-02   4.1438356e-01
   2.0214786e-02   4.1609589e-01
   2.0394132e-02   4.1780822e-01
   2.0438624e-02   4.1952055e-01
   2.0496658e-02   4.2123288e-01
   2.0609203e-02   4.2294521e-01
   2.0633673e-02   4.2465753e-01
   2.0675464e-02   4.2636986e-01
   2.0836244e-02   4.2808219e-01
   2.0853073e-02   4.2979452e-01
   2.0856876e-02   4.3150685e-01
   2.0865317e-02   4.3321918e-01
   2.0942902e-02   4.3493151e-01
   2.0988467e-02   4.3664384e-01
   2.1030763e-02   4.3835616e-01
   2.1091764e-02   4.4006849e-01
   2.1114527e-02   4.4178082e-01
   2.1151076e-02   4.4349315e-01
   2.1187076e-02   4.4520548e-01
   2.1390219e-02   4.4691781e-01
   2.1425580e-02   4.4863014e-01
   2.1463499e-02   4.5034247e-01
   2.1470105e-02   4.5205479e-01
   2.1482139e-02   4.5376712e-01
   2.1494744e-02   4.5547945e-01
   2.1579965e-02   4.5719178e-01
   2.1659277e-02   4.5890411e-01
   2.1754800e-02   4.6061644e-01
   2.1816355e-02   4.6232877e-01
   2.2067680e-02   4.6404110e-01
   2.2088289e-02   4.6575342e-01
   2.2153540e-02   4.6746575e-01
   2.2288924e-02   4.6917808e-01
   2.2406638e-02   4.7089041e-01
   2.2445484e-02   4.7260274e-01
   2.2709182e-02   4.7431507e-01
   2.2837001e-02   4.7602740e-01
   2.3012957e-02   4.7773973e-01
   2.3321331e-02   4.7945205e-01
   2.3349187e-02   4.8116438e-01
   2.3359160e-02   4.8287671e-01
   2.3406280e-02   4.8458904e-01
   2.3444785e-02   4.8630137e-01
   2.3546568e-02   4.8801370e-01
   2.3906873e-02   4.8972603e-01
   2.4010463e-02   4.9143836e-01
   2.4096763e-02   4.9315068e-01
   2.4296724e-02   4.9486301e-01
   2.4567327e-02   4.9657534e-01
   2.4582223e-02   5.0000000e-01
   2.4583477e-02   5.0171233e-01
   2.4615704e-02   5.0342466e-01
   2.4725474e-02   5.0513699e-01
   2.4760620e-02   5.0684932e-01
   2.4905176e-02   5.0856164e-01
   2.5137009e-02   5.1027397e-01
   2.5257246e-02   5.1198630e-01
   2.5354210e-02   5.1369863e-01
   2.5370754e-02   5.1541096e-01
   2.5615731e-02   5.1712329e-01
   2.5788007e-02   5.1883562e-01
   2.5829068e-02   5.2054795e-01
   2.5965134e-02   5.2397260e-01
   2.6139931e-02   5.2568493e-01
   2.6161606e-02   5.2739726e-01
   2.6219736e-02   5.2910959e-01
   2.6451837e-02   5.3082192e-01
   2.6453608e-02   5.3253425e-01
   2.6462253e-02   5.3424658e-01
   2.6494972e-02   5.3595890e-01
   2.6500807e-02   5.3767123e-01
   2.6684227e-02   5.3938356e-01
   2.6692686e-02   5.4109589e-01
   2.6743446e-02   5.4280822e-01
   2.6787973e-02   5.4452055e-01
   2.6913656e-02   5.4623288e-01
   2.6929780e-02   5.4794521e-01
   2.6964126e-02   5.4965753e-01
   2.7021113e-02   5.5136986e-01
   2.7403133e-02   5.5308219e-01
   2.7416746e-02   5.5479452e-01
   2.7432194e-02   5.5650685e-01
   2.7674509e-02   5.5821918e-01
   2.7677989e-02   5.5993151e-01
   2.7709307e-02   5.6164384e-01
   2.7728935e-02   5.6335616e-01
   2.8222843e-02   5.6506849e-01
   2.8335889e-02   5.6678082e-01
   2.8515915e-02   5.6849315e-01
   2.8561969e-02   5.7020548e-01
   2.8612974e-02   5.7191781e-01
   2.8919940e-02   5.7363014e-01
   2.8962030e-02   5.7534247e-01
   2.9000290e-02   5.7705479e-01
   2.9231631e-02   5.7876712e-01
   2.9234280e-02   5.8047945e-01
   2.9252733e-02   5.8219178e-01
   2.9630688e-02   5.8390411e-01
   2.9721659e-02   5.8561644e-01
   2.9915879e-02   5.8732877e-01
   3.0370324e-02   5.8904110e-01
   3.0383416e-02   5.9075342e-01
   3.0384607e-02   5.9246575e-01
   3.0466874e-02   5.9417808e-01
   3.0538919e-02   5.9589041e-01
   3.1043041e-02   5.9760274e-01
   3.1161150e-02   5.9931507e-01
   3.1371013e-02   6.0102740e-01
   3.1405403e-02   6.0273973e-01
   3.1413815e-02   6.0445205e-01
   3.1467264e-02   6.0616438e-01
   3.1671118e-02   6.0787671e-01
   3.1719595e-02   6.0958904e-01
   3.1749024e-02   6.1130137e-01
   3.1780140e-02   6.1301370e-01
   3.1915720e-02   6.1472603e-01
   3.1996442e-02   6.1643836e-01
   3.2036707e-02   6.1815068e-01
   3.2320854e-02   6.1986301e-01
   3.2940628e-02   6.2157534e-01
   3.2984462e-02   6.2328767e-01
   3.3433291e-02   6.2500000e-01
   3.3444621e-02   6.2671233e-01
   3.3477384e-02   6.2842466e-01
   3.3813854e-02   6.3013699e-01
   3.3831622e-02   6.3184932e-01
   3.3957251e-02   6.3356164e-01
   3.3974659e-02   6.3527397e-01
   3.3998970e-02   6.3698630e-01
   3.4055327e-02   6.3869863e-01
   3.4241639e-02   6.4041096e-01
   3.4336562e-02   6.4212329e-01
   3.4397115e-02   6.4383562e-01
   3.4460037e-02   6.4554795e-01
   3.4521704e-02   6.4726027e-01
   3.4827456e-02   6.4897260e-01
   3.4828765e-02   6.5068493e-01
   3.4889504e-02   6.5239726e-01
   3.4894560e-02   6.5410959e-01
   3.4912641e-02   6.5582192e-01
   3.5063287e-02   6.5753425e-01
   3.5141663e-02   6.5924658e-01
   3.5142963e-02   6.6095890e-01
   3.5342249e-02   6.6267123e-01
   3.5474090e-02   6.6438356e-01
   3.5604917e-02   6.6609589e-01
   3.5700642e-02   6.6780822e-01
   3.5704329e-02   6.6952055e-01
   3.5886200e-02   6.7123288e-01
   3.6148049e-02   6.7294521e-01
   3.6216448e-02   6.7465753e-01
   3.6345593e-02   6.7636986e-01
   3.6445733e-02   6.7808219e-01
   3.6880361e-02   6.7979452e-01
   3.7201024e-02   6.8150685e-01
   3.7401290e-02   6.8321918e-01
   3.7661782e-02   6.8493151e-01
   3.7723864e-02   6.8664384e-01
   3.7958667e-02   6.8835616e-01
   3.8028873e-02   6.9006849e-01
   3.8183780e-02   6.9178082e-01
   3.8328143e-02   6.9349315e-01
   3.8331566e-02   6.9520548e-01
   3.8418037e-02   6.9691781e-01
   3.8789811e-02   6.9863014e-01
   3.8829306e-02   7.0034247e-01
   3.8916069e-02   7.0205479e-01
   3.8951047e-02   7.0376712e-01
   3.9725079e-02   7.0547945e-01
   3.9852768e-02   7.0719178e-01
   4.0066568e-02   7.0890411e-01
   4.0119123e-02   7.1061644e-01
   4.0149150e-02   7.1232877e-01
   4.0429571e-02   7.1404110e-01
   4.0487575e-02   7.1575342e-01
   4.0507870e-02   7.1746575e-01
   4.0796192e-02   7.1917808e-01
   4.0832317e-02   7.2089041e-01
   4.0836636e-02   7.2260274e-01
   4.1122653e-02   7.2431507e-01
   4.1278930e-02   7.2602740e-01
   4.1384289e-02   7.2773973e-01
   4.1666700e-02   7.2945205e-01
   4.1730267e-02   7.3116438e-01
   4.1830288e-02   7.3287671e-01
   4.1860756e-02   7.3458904e-01
   4.1873746e-02   7.3630137e-01
   4.1997442e-02   7.3801370e-01
   4.2299980e-02   7.3972603e-01
   4.2485917e-02   7.4143836e-01
   4.2629127e-02   7.4315068e-01
   4.2679560e-02   7.4486301e-01
   4.2969200e-02   7.4657534e-01
   4.3221768e-02   7.4828767e-01
   4.3532494e-02   7.5000000e-01
   4.3533944e-02   7.5171233e-01
   4.3596773e-02   7.5342466e-01
   4.4497135e-02   7.5513699e-01
   4.4623503e-02   7.5684932e-01
   4.4808117e-02   7.5856164e-01
   4.4818528e-02   7.6027397e-01
   4.5141981e-02   7.6198630e-01
   4.5174205e-02   7.6369863e-01
   4.5198159e-02   7.6541096e-01
   4.5308218e-02   7.6712329e-01
   4.6352082e-02   7.6883562e-01
   4.6544021e-02   7.7054795e-01
   4.6611769e-02   7.7226027e-01
   4.6658188e-02   7.7397260e-01
   4.7214606e-02   7.7568493e-01
   4.7250355e-02   7.7739726e-01
   4.7452406e-02   7.7910959e-01
   4.8415130e-02   7.8082192e-01
   4.8764626e-02   7.8253425e-01
   4.8819249e-02   7.8424658e-01
   4.9730764e-02   7.8595890e-01
   4.9907165e-02   7.8767123e-01
   4.9907810e-02   7.8938356e-01
   5.0021498e-02   7.9109589e-01
   5.0064542e-02   7.9280822e-01
   5.0526558e-02   7.9452055e-01
   5.0747083e-02   7.9623288e-01
   5.1388357e-02   7.9794521e-01
   5.1665350e-02   7.9965753e-01
   5.2008478e-02   8.0136986e-01
   5.2029196e-02   8.0308219e-01
   5.2596940e-02   8.0479452e-01
   5.2897614e-02   8.0650685e-01
   5.2980639e-02   8.0821918e-01
   5.3165175e-02   8.0993151e-01
   5.3286055e-02   8.1164384e-01
   5.3656084e-02   8.1335616e-01
   5.3941499e-02   8.1506849e-01
   5.4013910e-02   8.1678082e-01
   5.4130999e-02   8.1849315e-01
   5.4939595e-02   8.2020548e-01
   5.4998202e-02   8.2191781e-01
   5.5802439e-02   8.2363014e-01
   5.6540128e-02   8.2534247e-01
   5.6949623e-02   8.2705479e-01
   5.7311077e-02   8.2876712e-01
   5.9197226e-02   8.3047945e-01
   5.9372684e-02   8.3219178e-01
   5.9414167e-02   8.3390411e-01
   5.9419636e-02   8.3561644e-01
   5.9551018e-02   8.3732877e-01
   5.9553066e-02   8.3904110e-01
   5.9891023e-02   8.4075342e-01
   6.0384517e-02   8.4246575e-01
   6.0499047e-02   8.4417808e-01
   6.0701837e-02   8.4589041e-01
   6.0761801e-02   8.4760274e-01
   6.1198147e-02   8.4931507e-01
   6.1396729e-02   8.5102740e-01
   6.1662699e-02   8.5273973e-01
   6.1833541e-02   8.5445205e-01
   6.1989541e-02   8.5787671e-01
   6.2252704e-02   8.5958904e-01
   6.2284932e-02   8.6130137e-01
   6.3083261e-02   8.6301370e-01
   6.3945741e-02   8.6472603e-01
   6.4073082e-02   8.6643836e-01
   6.4195719e-02   8.6815068e-01
   6.4281539e-02   8.6986301e-01
   6.4467992e-02   8.7157534e-01
   6.4718601e-02   8.7328767e-01
   6.5336998e-02   8.7500000e-01
   6.7103825e-02   8.7671233e-01
   6.7577886e-02   8.7842466e-01
   6.9107716e-02   8.8013699e-01
   6.9774098e-02   8.8184932e-01
   6.9927848e-02   8.8356164e-01
   7.0127969e-02   8.8527397e-01
   7.0506326e-02   8.8698630e-01
   7.0830542e-02   8.8869863e-01
   7.1469813e-02   8.9041096e-01
   7.2443300e-02   8.9212329e-01
   7.2823468e-02   8.9383562e-01
   7.3178794e-02   8.9554795e-01
   7.3699600e-02   8.9726027e-01
   7.3896375e-02   8.9897260e-01
   7.4029177e-02   9.0068493e-01
   7.4431267e-02   9.0239726e-01
   7.4600193e-02   9.0410959e-01
   7.5353289e-02   9.0582192e-01
   7.6038400e-02   9.0753425e-01
   7.7163895e-02   9.0924658e-01
   7.7172535e-02   9.1095890e-01
   7.7433055e-02   9.1267123e-01
   7.7921009e-02   9.1438356e-01
   7.8056766e-02   9.1609589e-01
   7.8159510e-02   9.1780822e-01
   7.8189015e-02   9.1952055e-01
   8.0055421e-02   9.2123288e-01
   8.0265360e-02   9.2294521e-01
   8.0446786e-02   9.2465753e-01
   8.1824965e-02   9.2636986e-01
   8.1866209e-02   9.2808219e-01
   8.3049731e-02   9.2979452e-01
   8.5498164e-02   9.3150685e-01
   8.6479822e-02   9.3321918e-01
   8.6758399e-02   9.3493151e-01
   8.6978448e-02   9.3664384e-01
   8.7733538e-02   9.3835616e-01
   8.8046741e-02   9.4006849e-01
   8.8102349e-02   9.4178082e-01
   8.8864959e-02   9.4349315e-01
   8.9872749e-02   9.4520548e-01
   9.0642393e-02   9.4691781e-01
   9.2666630e-02   9.4863014e-01
   9.6666217e-02   9.5034247e-01
   9.8204898e-02   9.5205479e-01
   9.9023530e-02   9.5376712e-01
   9.9328211e-02   9.5547945e-01
   1.0093435e-01   9.5719178e-01
   1.0202315e-01   9.5890411e-01
   1.0377380e-01   9.6061644e-01
   1.0416690e-01   9.6232877e-01
   1.0518062e-01   9.6404110e-01
   1.0961825e-01   9.6575342e-01
   1.1354470e-01   9.6746575e-01
   1.2051454e-01   9.6917808e-01
   1.2896744e-01   9.7089041e-01
   1.3638138e-01   9.7260274e-01
   1.4118301e-01   9.7431507e-01
   1.4273363e-01   9.7602740e-01
   1.4367234e-01   9.7773973e-01
   1.4367955e-01   9.7945205e-01
   1.5534456e-01   9.8116438e-01
   1.6003906e-01   9.8287671e-01
   1.6407166e-01   9.8458904e-01
   1.6422729e-01   9.8630137e-01
   1.6854042e-01   9.8801370e-01
   1.6937340e-01   9.8972603e-01
   1.7211741e-01   9.9143836e-01
   1.9160278e-01   9.9315068e-01
   1.9283507e-01   9.9486301e-01
   1.9666664e-01   9.9657534e-01
   2.3410584e-01   9.9828767e-01
   2.4708407e-01   1.0000000e+00
