   5.2503490e-03   0.0000000e+00
   5.2503490e-03   8.1900082e-04
   5.4395311e-03   1.6380016e-03
   5.5036979e-03   2.4570025e-03
   5.6520174e-03   3.2760033e-03
   5.7363308e-03   4.0950041e-03
   5.7769123e-03   4.9140049e-03
   5.8682950e-03   5.7330057e-03
   5.8881089e-03   6.5520066e-03
   6.0591037e-03   7.3710074e-03
   6.0682639e-03   9.8280098e-03
   6.1182431e-03   1.0647011e-02
   6.1442535e-03   1.3923014e-02
   6.2863514e-03   1.5561016e-02
   6.3742509e-03   1.8018018e-02
   6.3945629e-03   1.8837019e-02
   6.4189534e-03   2.0475020e-02
   6.4880808e-03   2.2932023e-02
   6.5268858e-03   2.5389025e-02
   6.6939354e-03   2.7027027e-02
   6.7089649e-03   2.7846028e-02
   6.9179113e-03   2.8665029e-02
   6.9211085e-03   2.9484029e-02
   7.0134091e-03   3.1941032e-02
   7.0243320e-03   3.2760033e-02
   7.0610620e-03   3.3579034e-02
   7.1121039e-03   3.5217035e-02
   7.1660905e-03   3.6855037e-02
   7.1919259e-03   3.7674038e-02
   7.2199268e-03   3.9312039e-02
   7.3255748e-03   4.1769042e-02
   7.3509383e-03   4.6683047e-02
   7.3651560e-03   4.9140049e-02
   7.4269847e-03   4.9959050e-02
   7.4555267e-03   5.3235053e-02
   7.5369175e-03   5.4054054e-02
   7.6530232e-03   5.4873055e-02
   7.6566741e-03   5.6511057e-02
   7.7031031e-03   5.9787060e-02
   7.7138327e-03   6.2244062e-02
   7.7386789e-03   6.3882064e-02
   7.7958982e-03   6.4701065e-02
   7.8052806e-03   6.7158067e-02
   7.9585339e-03   6.8796069e-02
   7.9669973e-03   6.9615070e-02
   7.9687235e-03   7.2072072e-02
   7.9838039e-03   7.2891073e-02
   7.9918876e-03   7.6167076e-02
   7.9926435e-03   7.7805078e-02
   8.0684634e-03   8.1081081e-02
   8.0705689e-03   8.2719083e-02
   8.1598149e-03   8.3538084e-02
   8.2904003e-03   8.5995086e-02
   8.2930422e-03   8.6814087e-02
   8.3374588e-03   8.7633088e-02
   8.3446133e-03   9.0090090e-02
   8.3686134e-03   9.0909091e-02
   8.4330894e-03   9.2547093e-02
   8.4453067e-03   9.4185094e-02
   8.5764861e-03   9.5004095e-02
   8.5865040e-03   9.7461097e-02
   8.5930750e-03   9.9918100e-02
   8.6041991e-03   1.0401310e-01
   8.6334729e-03   1.0647011e-01
   8.6888511e-03   1.0892711e-01
   8.8328158e-03   1.1138411e-01
   8.9254193e-03   1.1466011e-01
   8.9327793e-03   1.1793612e-01
   8.9635105e-03   1.2121212e-01
   8.9866544e-03   1.2203112e-01
   8.9992449e-03   1.2285012e-01
   9.0472972e-03   1.2530713e-01
   9.0857638e-03   1.2612613e-01
   9.2284401e-03   1.3185913e-01
   9.2425870e-03   1.3349713e-01
   9.2545137e-03   1.3841114e-01
   9.2745701e-03   1.4742015e-01
   9.3113895e-03   1.4987715e-01
   9.3517585e-03   1.5233415e-01
   9.4107239e-03   1.5561016e-01
   9.4552311e-03   1.5642916e-01
   9.5607703e-03   1.5888616e-01
   9.5733232e-03   1.5970516e-01
   9.5918443e-03   1.6134316e-01
   9.6287631e-03   1.6380016e-01
   9.6317381e-03   1.6461916e-01
   9.6648906e-03   1.6707617e-01
   9.7355868e-03   1.6789517e-01
   9.8642206e-03   1.6871417e-01
   9.8808619e-03   1.7280917e-01
   9.8876581e-03   1.7854218e-01
   9.8966593e-03   1.7936118e-01
   9.9168516e-03   1.8181818e-01
   9.9347867e-03   1.8263718e-01
   9.9353719e-03   1.8673219e-01
   9.9929250e-03   1.8837019e-01
   1.0041785e-02   1.8918919e-01
   1.0109754e-02   1.9000819e-01
   1.0197494e-02   1.9328419e-01
   1.0214052e-02   1.9574120e-01
   1.0221248e-02   1.9983620e-01
   1.0264985e-02   2.0065520e-01
   1.0270804e-02   2.0311220e-01
   1.0285701e-02   2.0393120e-01
   1.0366524e-02   2.0638821e-01
   1.0388817e-02   2.0884521e-01
   1.0458486e-02   2.0966421e-01
   1.0501152e-02   2.1212121e-01
   1.0520661e-02   2.1867322e-01
   1.0521265e-02   2.2031122e-01
   1.0558046e-02   2.2276822e-01
   1.0562100e-02   2.2440622e-01
   1.0634646e-02   2.2686323e-01
   1.0640912e-02   2.2768223e-01
   1.0748576e-02   2.3341523e-01
   1.0758166e-02   2.3505324e-01
   1.0834780e-02   2.3669124e-01
   1.0852698e-02   2.3832924e-01
   1.0854943e-02   2.4078624e-01
   1.0900306e-02   2.4324324e-01
   1.0908314e-02   2.4651925e-01
   1.0912314e-02   2.4979525e-01
   1.1001802e-02   2.5061425e-01
   1.1007396e-02   2.5143325e-01
   1.1086110e-02   2.5225225e-01
   1.1130890e-02   2.5389025e-01
   1.1138867e-02   2.5716626e-01
   1.1156903e-02   2.5880426e-01
   1.1159656e-02   2.6289926e-01
   1.1189925e-02   2.6699427e-01
   1.1199824e-02   2.7272727e-01
   1.1260637e-02   2.7518428e-01
   1.1275889e-02   2.7764128e-01
   1.1295377e-02   2.7846028e-01
   1.1305733e-02   2.8009828e-01
   1.1472662e-02   2.8091728e-01
   1.1485201e-02   2.8337428e-01
   1.1493050e-02   2.8419328e-01
   1.1495399e-02   2.8583129e-01
   1.1504437e-02   2.8665029e-01
   1.1507994e-02   2.8746929e-01
   1.1533648e-02   2.8828829e-01
   1.1535329e-02   2.8992629e-01
   1.1554355e-02   2.9074529e-01
   1.1648526e-02   2.9320229e-01
   1.1715646e-02   2.9402129e-01
   1.1735870e-02   2.9484029e-01
   1.1736074e-02   2.9729730e-01
   1.1792172e-02   2.9811630e-01
   1.1799501e-02   3.0057330e-01
   1.1820342e-02   3.0303030e-01
   1.1841084e-02   3.0630631e-01
   1.1882072e-02   3.1040131e-01
   1.1918288e-02   3.1285831e-01
   1.1937925e-02   3.1367731e-01
   1.1979054e-02   3.1449631e-01
   1.2028200e-02   3.1613432e-01
   1.2108643e-02   3.1777232e-01
   1.2110392e-02   3.1859132e-01
   1.2118826e-02   3.2268632e-01
   1.2131257e-02   3.2350532e-01
   1.2136528e-02   3.2514333e-01
   1.2160553e-02   3.2841933e-01
   1.2170462e-02   3.2923833e-01
   1.2171479e-02   3.3005733e-01
   1.2196464e-02   3.3251433e-01
   1.2236047e-02   3.3415233e-01
   1.2289631e-02   3.3579034e-01
   1.2346055e-02   3.3742834e-01
   1.2414823e-02   3.3988534e-01
   1.2428685e-02   3.4070434e-01
   1.2438998e-02   3.4398034e-01
   1.2450885e-02   3.4479934e-01
   1.2483500e-02   3.4807535e-01
   1.2484603e-02   3.4889435e-01
   1.2506649e-02   3.4971335e-01
   1.2559585e-02   3.5135135e-01
   1.2572031e-02   3.5217035e-01
   1.2668278e-02   3.5298935e-01
   1.2713285e-02   3.5544636e-01
   1.2749090e-02   3.5872236e-01
   1.2752678e-02   3.5954136e-01
   1.2759882e-02   3.6036036e-01
   1.2777759e-02   3.6199836e-01
   1.2789126e-02   3.6281736e-01
   1.2838505e-02   3.6363636e-01
   1.2856907e-02   3.6691237e-01
   1.2864372e-02   3.6773137e-01
   1.2930329e-02   3.6855037e-01
   1.2955721e-02   3.6936937e-01
   1.2976529e-02   3.7018837e-01
   1.3053594e-02   3.7100737e-01
   1.3065140e-02   3.7182637e-01
   1.3079823e-02   3.7592138e-01
   1.3083119e-02   3.7837838e-01
   1.3124808e-02   3.8001638e-01
   1.3201419e-02   3.8083538e-01
   1.3207134e-02   3.8165438e-01
   1.3211591e-02   3.8411138e-01
   1.3246258e-02   3.8656839e-01
   1.3308060e-02   3.8738739e-01
   1.3322067e-02   3.8820639e-01
   1.3344131e-02   3.8902539e-01
   1.3387871e-02   3.9148239e-01
   1.3388067e-02   3.9230139e-01
   1.3389506e-02   3.9312039e-01
   1.3418339e-02   3.9393939e-01
   1.3419061e-02   3.9557740e-01
   1.3435594e-02   3.9639640e-01
   1.3462008e-02   3.9721540e-01
   1.3480015e-02   3.9885340e-01
   1.3571606e-02   4.0049140e-01
   1.3599346e-02   4.0131040e-01
   1.3631459e-02   4.0212940e-01
   1.3715644e-02   4.0376740e-01
   1.3831788e-02   4.0540541e-01
   1.3842660e-02   4.0704341e-01
   1.3842755e-02   4.0868141e-01
   1.3933563e-02   4.0950041e-01
   1.3949122e-02   4.1031941e-01
   1.4019843e-02   4.1195741e-01
   1.4023600e-02   4.1359541e-01
   1.4024879e-02   4.1441441e-01
   1.4027366e-02   4.1523342e-01
   1.4059873e-02   4.1687142e-01
   1.4082875e-02   4.1850942e-01
   1.4097910e-02   4.2014742e-01
   1.4104065e-02   4.2096642e-01
   1.4122057e-02   4.2424242e-01
   1.4213070e-02   4.2669943e-01
   1.4224208e-02   4.2751843e-01
   1.4244769e-02   4.2833743e-01
   1.4349475e-02   4.2915643e-01
   1.4408092e-02   4.2997543e-01
   1.4439481e-02   4.3079443e-01
   1.4453233e-02   4.3325143e-01
   1.4485234e-02   4.3407043e-01
   1.4547955e-02   4.3488943e-01
   1.4589201e-02   4.3570844e-01
   1.4606691e-02   4.3652744e-01
   1.4651568e-02   4.3734644e-01
   1.4659361e-02   4.3816544e-01
   1.4681082e-02   4.3898444e-01
   1.4701302e-02   4.4144144e-01
   1.4720925e-02   4.4226044e-01
   1.4764165e-02   4.4307944e-01
   1.4807068e-02   4.4553645e-01
   1.4854474e-02   4.4635545e-01
   1.4971272e-02   4.4717445e-01
   1.4984112e-02   4.4963145e-01
   1.4986239e-02   4.5045045e-01
   1.5000403e-02   4.5208845e-01
   1.5016840e-02   4.5372645e-01
   1.5042405e-02   4.5454545e-01
   1.5050508e-02   4.5618346e-01
   1.5283730e-02   4.5700246e-01
   1.5296204e-02   4.5864046e-01
   1.5305494e-02   4.6109746e-01
   1.5321531e-02   4.6191646e-01
   1.5357695e-02   4.6273546e-01
   1.5406206e-02   4.6355446e-01
   1.5427665e-02   4.6437346e-01
   1.5478449e-02   4.6519247e-01
   1.5495425e-02   4.6601147e-01
   1.5513750e-02   4.6683047e-01
   1.5525003e-02   4.6928747e-01
   1.5616815e-02   4.7092547e-01
   1.5641217e-02   4.7174447e-01
   1.5647628e-02   4.7256347e-01
   1.5691877e-02   4.7338247e-01
   1.5702080e-02   4.7420147e-01
   1.5768494e-02   4.7583948e-01
   1.5782673e-02   4.7665848e-01
   1.5870198e-02   4.7829648e-01
   1.5946739e-02   4.7993448e-01
   1.5983775e-02   4.8239148e-01
   1.5985768e-02   4.8402948e-01
   1.5997513e-02   4.8484848e-01
   1.6051020e-02   4.8566749e-01
   1.6106790e-02   4.8648649e-01
   1.6149549e-02   4.8730549e-01
   1.6254523e-02   4.8812449e-01
   1.6278667e-02   4.8894349e-01
   1.6319299e-02   4.8976249e-01
   1.6333257e-02   4.9058149e-01
   1.6355025e-02   4.9140049e-01
   1.6389586e-02   4.9303849e-01
   1.6409882e-02   4.9385749e-01
   1.6571030e-02   4.9631450e-01
   1.6585509e-02   4.9713350e-01
   1.6615503e-02   4.9795250e-01
   1.6674724e-02   4.9877150e-01
   1.6689227e-02   4.9959050e-01
   1.6743925e-02   5.0040950e-01
   1.6744531e-02   5.0204750e-01
   1.6891250e-02   5.0286650e-01
   1.6894746e-02   5.0450450e-01
   1.6911120e-02   5.0614251e-01
   1.6922568e-02   5.0696151e-01
   1.6942681e-02   5.0778051e-01
   1.6955727e-02   5.0859951e-01
   1.6975189e-02   5.1023751e-01
   1.7051278e-02   5.1105651e-01
   1.7117548e-02   5.1187551e-01
   1.7135306e-02   5.1269451e-01
   1.7152257e-02   5.1433251e-01
   1.7208398e-02   5.1515152e-01
   1.7215559e-02   5.1760852e-01
   1.7225756e-02   5.1924652e-01
   1.7245513e-02   5.2006552e-01
   1.7367574e-02   5.2088452e-01
   1.7372570e-02   5.2170352e-01
   1.7419650e-02   5.2334152e-01
   1.7527375e-02   5.2416052e-01
   1.7533487e-02   5.2579853e-01
   1.7544151e-02   5.2661753e-01
   1.7563646e-02   5.2743653e-01
   1.7570334e-02   5.2825553e-01
   1.7693811e-02   5.2907453e-01
   1.7717549e-02   5.2989353e-01
   1.7735078e-02   5.3071253e-01
   1.7780608e-02   5.3235053e-01
   1.7792762e-02   5.3398853e-01
   1.7793672e-02   5.3480753e-01
   1.7820608e-02   5.3644554e-01
   1.7844207e-02   5.3726454e-01
   1.7846655e-02   5.3890254e-01
   1.7850228e-02   5.4054054e-01
   1.7908028e-02   5.4217854e-01
   1.7926550e-02   5.4299754e-01
   1.7973376e-02   5.4381654e-01
   1.8163833e-02   5.4463554e-01
   1.8170893e-02   5.4627355e-01
   1.8173005e-02   5.4709255e-01
   1.8214025e-02   5.4873055e-01
   1.8259124e-02   5.4954955e-01
   1.8304187e-02   5.5036855e-01
   1.8335224e-02   5.5200655e-01
   1.8350214e-02   5.5282555e-01
   1.8353621e-02   5.5446355e-01
   1.8410399e-02   5.5528256e-01
   1.8457108e-02   5.5610156e-01
   1.8484584e-02   5.5692056e-01
   1.8485977e-02   5.5937756e-01
   1.8581518e-02   5.6019656e-01
   1.8615417e-02   5.6101556e-01
   1.8621666e-02   5.6265356e-01
   1.8630656e-02   5.6347256e-01
   1.8702391e-02   5.6429156e-01
   1.8727429e-02   5.6511057e-01
   1.8801233e-02   5.6674857e-01
   1.8811653e-02   5.6838657e-01
   1.8812115e-02   5.6920557e-01
   1.8846008e-02   5.7002457e-01
   1.8900537e-02   5.7248157e-01
   1.8941655e-02   5.7411957e-01
   1.8974355e-02   5.7493857e-01
   1.9040596e-02   5.7575758e-01
   1.9074569e-02   5.7657658e-01
   1.9121541e-02   5.7739558e-01
   1.9141875e-02   5.7821458e-01
   1.9183049e-02   5.7903358e-01
   1.9191410e-02   5.8149058e-01
   1.9256928e-02   5.8230958e-01
   1.9328262e-02   5.8312858e-01
   1.9329344e-02   5.8394758e-01
   1.9333579e-02   5.8476658e-01
   1.9344056e-02   5.8558559e-01
   1.9438342e-02   5.8640459e-01
   1.9452104e-02   5.8804259e-01
   1.9475204e-02   5.8886159e-01
   1.9487229e-02   5.8968059e-01
   1.9523825e-02   5.9049959e-01
   1.9580480e-02   5.9131859e-01
   1.9618589e-02   5.9295659e-01
   1.9665525e-02   5.9377559e-01
   1.9716432e-02   5.9459459e-01
   1.9728441e-02   5.9541360e-01
   1.9812704e-02   5.9623260e-01
   1.9833469e-02   5.9787060e-01
   1.9870744e-02   5.9950860e-01
   1.9892138e-02   6.0032760e-01
   1.9896459e-02   6.0114660e-01
   1.9970932e-02   6.0360360e-01
   2.0083387e-02   6.0442260e-01
   2.0128026e-02   6.0524161e-01
   2.0152932e-02   6.0606061e-01
   2.0183922e-02   6.0851761e-01
   2.0261148e-02   6.0933661e-01
   2.0289563e-02   6.1015561e-01
   2.0304218e-02   6.1097461e-01
   2.0357219e-02   6.1179361e-01
   2.0411891e-02   6.1261261e-01
   2.0473465e-02   6.1343161e-01
   2.0474306e-02   6.1425061e-01
   2.0496998e-02   6.1506962e-01
   2.0530644e-02   6.1588862e-01
   2.0627561e-02   6.1752662e-01
   2.0664820e-02   6.1834562e-01
   2.0711187e-02   6.1916462e-01
   2.0714424e-02   6.1998362e-01
   2.0714504e-02   6.2080262e-01
   2.0717437e-02   6.2162162e-01
   2.0733048e-02   6.2325962e-01
   2.0739129e-02   6.2489762e-01
   2.0768827e-02   6.2571663e-01
   2.0902584e-02   6.2735463e-01
   2.0916273e-02   6.2899263e-01
   2.1002509e-02   6.2981163e-01
   2.1032127e-02   6.3063063e-01
   2.1073627e-02   6.3144963e-01
   2.1116092e-02   6.3226863e-01
   2.1183119e-02   6.3472563e-01
   2.1371697e-02   6.3554464e-01
   2.1389766e-02   6.3636364e-01
   2.1399334e-02   6.3718264e-01
   2.1467917e-02   6.3800164e-01
   2.1544546e-02   6.4127764e-01
   2.1669028e-02   6.4209664e-01
   2.1677962e-02   6.4291564e-01
   2.1709321e-02   6.4373464e-01
   2.1751626e-02   6.4455364e-01
   2.1753969e-02   6.4619165e-01
   2.1757862e-02   6.4782965e-01
   2.1759537e-02   6.4864865e-01
   2.1816628e-02   6.4946765e-01
   2.1962724e-02   6.5028665e-01
   2.1989384e-02   6.5192465e-01
   2.2012594e-02   6.5274365e-01
   2.2035692e-02   6.5438165e-01
   2.2109896e-02   6.5520066e-01
   2.2137327e-02   6.5683866e-01
   2.2167650e-02   6.5765766e-01
   2.2172220e-02   6.5847666e-01
   2.2281459e-02   6.5929566e-01
   2.2312679e-02   6.6011466e-01
   2.2319312e-02   6.6175266e-01
   2.2350312e-02   6.6257166e-01
   2.2399100e-02   6.6339066e-01
   2.2466670e-02   6.6420966e-01
   2.2477198e-02   6.6502867e-01
   2.2520608e-02   6.6584767e-01
   2.2524391e-02   6.6666667e-01
   2.2625548e-02   6.6748567e-01
   2.2776521e-02   6.6830467e-01
   2.2959096e-02   6.6994267e-01
   2.3014910e-02   6.7076167e-01
   2.3034245e-02   6.7239967e-01
   2.3067113e-02   6.7321867e-01
   2.3263135e-02   6.7403767e-01
   2.3303557e-02   6.7485667e-01
   2.3350158e-02   6.7567568e-01
   2.3582951e-02   6.7649468e-01
   2.3584344e-02   6.7731368e-01
   2.3595226e-02   6.7813268e-01
   2.3598425e-02   6.7895168e-01
   2.3603295e-02   6.7977068e-01
   2.3639561e-02   6.8140868e-01
   2.3660942e-02   6.8222768e-01
   2.3682752e-02   6.8304668e-01
   2.3908127e-02   6.8386568e-01
   2.3935092e-02   6.8468468e-01
   2.3946335e-02   6.8550369e-01
   2.4017700e-02   6.8632269e-01
   2.4035366e-02   6.8796069e-01
   2.4039430e-02   6.8877969e-01
   2.4175461e-02   6.8959869e-01
   2.4204883e-02   6.9041769e-01
   2.4237034e-02   6.9123669e-01
   2.4270448e-02   6.9205569e-01
   2.4392330e-02   6.9287469e-01
   2.4449359e-02   6.9369369e-01
   2.4535379e-02   6.9451269e-01
   2.4544163e-02   6.9533170e-01
   2.4546896e-02   6.9615070e-01
   2.4665477e-02   6.9696970e-01
   2.4677358e-02   6.9778870e-01
   2.4696427e-02   6.9860770e-01
   2.4709819e-02   6.9942670e-01
   2.4741656e-02   7.0024570e-01
   2.4871308e-02   7.0106470e-01
   2.4969915e-02   7.0188370e-01
   2.5024637e-02   7.0270270e-01
   2.5144300e-02   7.0434070e-01
   2.5186936e-02   7.0515971e-01
   2.5221082e-02   7.0597871e-01
   2.5238675e-02   7.0679771e-01
   2.5258810e-02   7.0761671e-01
   2.5324457e-02   7.0843571e-01
   2.5372731e-02   7.0925471e-01
   2.5396042e-02   7.1007371e-01
   2.5476485e-02   7.1089271e-01
   2.5498134e-02   7.1171171e-01
   2.5554948e-02   7.1334971e-01
   2.5572331e-02   7.1416871e-01
   2.5596411e-02   7.1498771e-01
   2.5607718e-02   7.1580672e-01
   2.5825974e-02   7.1662572e-01
   2.5859667e-02   7.1744472e-01
   2.5935664e-02   7.1826372e-01
   2.6137080e-02   7.1908272e-01
   2.6140382e-02   7.2072072e-01
   2.6158514e-02   7.2153972e-01
   2.6165613e-02   7.2235872e-01
   2.6249615e-02   7.2317772e-01
   2.6253312e-02   7.2399672e-01
   2.6318521e-02   7.2481572e-01
   2.6326059e-02   7.2563473e-01
   2.6405175e-02   7.2645373e-01
   2.6423417e-02   7.2727273e-01
   2.6440895e-02   7.2809173e-01
   2.6467774e-02   7.2891073e-01
   2.6500161e-02   7.2972973e-01
   2.6542075e-02   7.3054873e-01
   2.6602864e-02   7.3136773e-01
   2.6679494e-02   7.3218673e-01
   2.6775647e-02   7.3300573e-01
   2.6778605e-02   7.3382473e-01
   2.6808935e-02   7.3464373e-01
   2.6891482e-02   7.3546274e-01
   2.6999364e-02   7.3628174e-01
   2.7001339e-02   7.3710074e-01
   2.7043097e-02   7.3873874e-01
   2.7044169e-02   7.4119574e-01
   2.7089200e-02   7.4201474e-01
   2.7102665e-02   7.4365274e-01
   2.7150628e-02   7.4447174e-01
   2.7176332e-02   7.4529075e-01
   2.7244865e-02   7.4610975e-01
   2.7304020e-02   7.4692875e-01
   2.7310699e-02   7.4774775e-01
   2.7411322e-02   7.4856675e-01
   2.7413015e-02   7.5020475e-01
   2.7431792e-02   7.5102375e-01
   2.7467377e-02   7.5184275e-01
   2.7478918e-02   7.5266175e-01
   2.7518622e-02   7.5348075e-01
   2.7527782e-02   7.5429975e-01
   2.7755025e-02   7.5511876e-01
   2.7773660e-02   7.5593776e-01
   2.7777495e-02   7.5675676e-01
   2.8043095e-02   7.5757576e-01
   2.8046679e-02   7.5839476e-01
   2.8118529e-02   7.5921376e-01
   2.8119746e-02   7.6003276e-01
   2.8146103e-02   7.6085176e-01
   2.8159586e-02   7.6167076e-01
   2.8244181e-02   7.6330876e-01
   2.8418527e-02   7.6412776e-01
   2.8465976e-02   7.6494676e-01
   2.8489108e-02   7.6576577e-01
   2.8605031e-02   7.6740377e-01
   2.8681060e-02   7.6822277e-01
   2.8719962e-02   7.6904177e-01
   2.8800100e-02   7.6986077e-01
   2.8834029e-02   7.7067977e-01
   2.8894790e-02   7.7149877e-01
   2.8908366e-02   7.7231777e-01
   2.8919392e-02   7.7313677e-01
   2.9004711e-02   7.7477477e-01
   2.9106615e-02   7.7559378e-01
   2.9170398e-02   7.7641278e-01
   2.9303400e-02   7.7723178e-01
   2.9333531e-02   7.7805078e-01
   2.9336978e-02   7.7886978e-01
   2.9361667e-02   7.7968878e-01
   2.9385774e-02   7.8050778e-01
   2.9458525e-02   7.8132678e-01
   2.9611219e-02   7.8214578e-01
   2.9642795e-02   7.8296478e-01
   2.9643716e-02   7.8378378e-01
   2.9690202e-02   7.8460278e-01
   2.9708443e-02   7.8542179e-01
   2.9812406e-02   7.8624079e-01
   2.9822793e-02   7.8705979e-01
   2.9942544e-02   7.8787879e-01
   2.9956057e-02   7.8869779e-01
   3.0044091e-02   7.8951679e-01
   3.0079689e-02   7.9033579e-01
   3.0082381e-02   7.9197379e-01
   3.0099885e-02   7.9279279e-01
   3.0148022e-02   7.9361179e-01
   3.0328791e-02   7.9443079e-01
   3.0459291e-02   7.9524980e-01
   3.0531108e-02   7.9606880e-01
   3.0582266e-02   7.9688780e-01
   3.0663745e-02   7.9770680e-01
   3.0688127e-02   7.9852580e-01
   3.0770094e-02   7.9934480e-01
   3.0839067e-02   8.0098280e-01
   3.0866973e-02   8.0180180e-01
   3.0895089e-02   8.0262080e-01
   3.0993418e-02   8.0343980e-01
   3.1010343e-02   8.0425880e-01
   3.1058299e-02   8.0507781e-01
   3.1152006e-02   8.0589681e-01
   3.1168554e-02   8.0753481e-01
   3.1234170e-02   8.0835381e-01
   3.1252012e-02   8.0917281e-01
   3.1326545e-02   8.0999181e-01
   3.1356934e-02   8.1081081e-01
   3.1374368e-02   8.1162981e-01
   3.1536469e-02   8.1244881e-01
   3.1564307e-02   8.1326781e-01
   3.1737958e-02   8.1408681e-01
   3.1814589e-02   8.1490581e-01
   3.1922737e-02   8.1572482e-01
   3.1923326e-02   8.1736282e-01
   3.1968105e-02   8.1818182e-01
   3.2215295e-02   8.1900082e-01
   3.2224305e-02   8.1981982e-01
   3.2241540e-02   8.2063882e-01
   3.2379972e-02   8.2145782e-01
   3.2381898e-02   8.2227682e-01
   3.2511780e-02   8.2309582e-01
   3.2526874e-02   8.2391482e-01
   3.2564264e-02   8.2473382e-01
   3.2657292e-02   8.2555283e-01
   3.2760496e-02   8.2637183e-01
   3.2790623e-02   8.2719083e-01
   3.2834187e-02   8.2800983e-01
   3.2874557e-02   8.2882883e-01
   3.3187027e-02   8.2964783e-01
   3.3462286e-02   8.3046683e-01
   3.3478968e-02   8.3128583e-01
   3.3517529e-02   8.3210483e-01
   3.3556543e-02   8.3292383e-01
   3.3664059e-02   8.3374283e-01
   3.3789492e-02   8.3456183e-01
   3.4097264e-02   8.3538084e-01
   3.4099618e-02   8.3619984e-01
   3.4104617e-02   8.3701884e-01
   3.4118731e-02   8.3783784e-01
   3.4241306e-02   8.3947584e-01
   3.4805122e-02   8.4029484e-01
   3.5067558e-02   8.4111384e-01
   3.5241923e-02   8.4193284e-01
   3.5470672e-02   8.4275184e-01
   3.5587794e-02   8.4357084e-01
   3.5754434e-02   8.4520885e-01
   3.5852997e-02   8.4602785e-01
   3.6017940e-02   8.4684685e-01
   3.6084442e-02   8.4766585e-01
   3.6122521e-02   8.4848485e-01
   3.6139160e-02   8.4930385e-01
   3.6230524e-02   8.5012285e-01
   3.6346559e-02   8.5094185e-01
   3.6620866e-02   8.5176085e-01
   3.6949243e-02   8.5257985e-01
   3.7150545e-02   8.5339885e-01
   3.7278319e-02   8.5421785e-01
   3.7422725e-02   8.5503686e-01
   3.7509564e-02   8.5585586e-01
   3.7591257e-02   8.5667486e-01
   3.7608410e-02   8.5749386e-01
   3.7741124e-02   8.5831286e-01
   3.7859872e-02   8.5913186e-01
   3.7984560e-02   8.5995086e-01
   3.8143175e-02   8.6076986e-01
   3.8184938e-02   8.6158886e-01
   3.8213999e-02   8.6240786e-01
   3.8240033e-02   8.6322686e-01
   3.8244209e-02   8.6404586e-01
   3.8293285e-02   8.6486486e-01
   3.8443032e-02   8.6568387e-01
   3.8622068e-02   8.6650287e-01
   3.8688729e-02   8.6732187e-01
   3.8951039e-02   8.6814087e-01
   3.9124654e-02   8.6895987e-01
   3.9203412e-02   8.6977887e-01
   3.9329901e-02   8.7059787e-01
   3.9376046e-02   8.7141687e-01
   3.9727007e-02   8.7223587e-01
   3.9735842e-02   8.7305487e-01
   4.0210958e-02   8.7387387e-01
   4.0306901e-02   8.7469287e-01
   4.0786739e-02   8.7551188e-01
   4.0841125e-02   8.7633088e-01
   4.1218257e-02   8.7714988e-01
   4.1339713e-02   8.7796888e-01
   4.1437224e-02   8.7878788e-01
   4.1464080e-02   8.7960688e-01
   4.1620325e-02   8.8042588e-01
   4.1854148e-02   8.8124488e-01
   4.1965198e-02   8.8206388e-01
   4.2070279e-02   8.8288288e-01
   4.2395002e-02   8.8370188e-01
   4.2936374e-02   8.8452088e-01
   4.2943319e-02   8.8533989e-01
   4.3193297e-02   8.8615889e-01
   4.3359937e-02   8.8697789e-01
   4.3418640e-02   8.8779689e-01
   4.3452163e-02   8.8861589e-01
   4.3665819e-02   8.8943489e-01
   4.4142313e-02   8.9025389e-01
   4.4462915e-02   8.9107289e-01
   4.4625358e-02   8.9189189e-01
   4.4838297e-02   8.9271089e-01
   4.4933938e-02   8.9352989e-01
   4.4958044e-02   8.9434889e-01
   4.5445405e-02   8.9516790e-01
   4.5681140e-02   8.9598690e-01
   4.5906266e-02   8.9680590e-01
   4.5982159e-02   8.9762490e-01
   4.6206461e-02   8.9844390e-01
   4.6480899e-02   8.9926290e-01
   4.6713242e-02   9.0008190e-01
   4.6890471e-02   9.0090090e-01
   4.6943851e-02   9.0171990e-01
   4.7168167e-02   9.0253890e-01
   4.7413298e-02   9.0335790e-01
   4.7657385e-02   9.0417690e-01
   4.7804980e-02   9.0499590e-01
   4.8317526e-02   9.0581491e-01
   4.8455534e-02   9.0663391e-01
   4.8528404e-02   9.0745291e-01
   4.8593435e-02   9.0827191e-01
   4.8889143e-02   9.0909091e-01
   4.9147966e-02   9.0990991e-01
   4.9395493e-02   9.1072891e-01
   4.9612650e-02   9.1154791e-01
   5.0127806e-02   9.1236691e-01
   5.0839847e-02   9.1318591e-01
   5.1622835e-02   9.1400491e-01
   5.1965229e-02   9.1482391e-01
   5.2441935e-02   9.1564292e-01
   5.2465685e-02   9.1646192e-01
   5.2736692e-02   9.1728092e-01
   5.2997070e-02   9.1809992e-01
   5.3083019e-02   9.1891892e-01
   5.3294206e-02   9.1973792e-01
   5.4098612e-02   9.2055692e-01
   5.4230237e-02   9.2137592e-01
   5.4280070e-02   9.2219492e-01
   5.4301638e-02   9.2301392e-01
   5.4642225e-02   9.2383292e-01
   5.4829607e-02   9.2465192e-01
   5.5158452e-02   9.2547093e-01
   5.6558045e-02   9.2628993e-01
   5.6764519e-02   9.2710893e-01
   5.6870499e-02   9.2792793e-01
   5.6880899e-02   9.2874693e-01
   5.7120241e-02   9.2956593e-01
   5.7744276e-02   9.3038493e-01
   5.7757743e-02   9.3120393e-01
   5.8136705e-02   9.3202293e-01
   5.8215384e-02   9.3284193e-01
   5.8336304e-02   9.3366093e-01
   5.8638130e-02   9.3447993e-01
   5.8916507e-02   9.3529894e-01
   5.8953704e-02   9.3611794e-01
   5.9558408e-02   9.3693694e-01
   6.0067658e-02   9.3775594e-01
   6.0230990e-02   9.3857494e-01
   6.0266284e-02   9.3939394e-01
   6.0297119e-02   9.4021294e-01
   6.1506079e-02   9.4103194e-01
   6.1610575e-02   9.4185094e-01
   6.1882682e-02   9.4348894e-01
   6.2226866e-02   9.4430794e-01
   6.2318785e-02   9.4512695e-01
   6.2463991e-02   9.4594595e-01
   6.2787037e-02   9.4676495e-01
   6.3120290e-02   9.4758395e-01
   6.4149916e-02   9.4840295e-01
   6.5511312e-02   9.4922195e-01
   6.5768931e-02   9.5004095e-01
   6.5895820e-02   9.5085995e-01
   6.6669608e-02   9.5167895e-01
   6.6926520e-02   9.5249795e-01
   6.6971721e-02   9.5331695e-01
   6.7013699e-02   9.5413595e-01
   6.7557236e-02   9.5495495e-01
   6.7649261e-02   9.5577396e-01
   6.8782946e-02   9.5659296e-01
   6.9208881e-02   9.5741196e-01
   6.9614048e-02   9.5823096e-01
   7.0050153e-02   9.5904996e-01
   7.0679130e-02   9.5986896e-01
   7.1659311e-02   9.6068796e-01
   7.1768987e-02   9.6150696e-01
   7.1984028e-02   9.6232596e-01
   7.2748090e-02   9.6314496e-01
   7.3293210e-02   9.6396396e-01
   7.3847940e-02   9.6478296e-01
   7.3942775e-02   9.6560197e-01
   7.3978898e-02   9.6642097e-01
   7.4170448e-02   9.6723997e-01
   7.5098195e-02   9.6805897e-01
   7.5413242e-02   9.6887797e-01
   7.5569362e-02   9.6969697e-01
   7.6344869e-02   9.7051597e-01
   7.8003448e-02   9.7133497e-01
   7.9238640e-02   9.7215397e-01
   8.0522182e-02   9.7297297e-01
   8.0737948e-02   9.7379197e-01
   8.1216090e-02   9.7461097e-01
   8.1606215e-02   9.7542998e-01
   8.2014162e-02   9.7624898e-01
   8.2618834e-02   9.7706798e-01
   8.3622174e-02   9.7788698e-01
   8.5452253e-02   9.7870598e-01
   8.7207747e-02   9.7952498e-01
   8.9038510e-02   9.8034398e-01
   9.0306303e-02   9.8116298e-01
   9.2770004e-02   9.8198198e-01
   9.3156798e-02   9.8280098e-01
   9.5454238e-02   9.8361998e-01
   9.6229352e-02   9.8443898e-01
   9.7888342e-02   9.8525799e-01
   1.0015384e-01   9.8607699e-01
   1.0051688e-01   9.8689599e-01
   1.0348926e-01   9.8771499e-01
   1.0588924e-01   9.8853399e-01
   1.0663673e-01   9.8935299e-01
   1.1036028e-01   9.9017199e-01
   1.1159452e-01   9.9099099e-01
   1.1450676e-01   9.9180999e-01
   1.2109349e-01   9.9262899e-01
   1.2465984e-01   9.9344799e-01
   1.3840240e-01   9.9426699e-01
   1.4595631e-01   9.9508600e-01
   1.4645568e-01   9.9590500e-01
   1.5804861e-01   9.9672400e-01
   1.6638635e-01   9.9754300e-01
   1.8364359e-01   9.9836200e-01
   1.9123614e-01   9.9918100e-01
   2.2046707e-01   1.0000000e+00
