   2.8832000e-03   0.0000000e+00
   2.8832000e-03   3.5842294e-03
   3.2432000e-03   7.1684588e-03
   4.6848000e-03   1.4336918e-02
   5.4056000e-03   1.7921147e-02
   5.7656000e-03   2.5089606e-02
   6.1264000e-03   3.2258065e-02
   6.4864000e-03   3.5842294e-02
   6.8472000e-03   3.9426523e-02
   7.2072000e-03   5.0179211e-02
   7.5672000e-03   5.3763441e-02
   7.9280000e-03   5.7347670e-02
   8.2880000e-03   7.1684588e-02
   8.6488000e-03   8.6021505e-02
   9.3696000e-03   9.3189964e-02
   9.7296000e-03   9.6774194e-02
   1.0090400e-02   1.0394265e-01
   1.0450400e-02   1.0752688e-01
   1.0810400e-02   1.1827957e-01
   1.1171200e-02   1.4336918e-01
   1.1531200e-02   1.5412186e-01
   1.1892000e-02   1.6129032e-01
   1.2252000e-02   1.7562724e-01
   1.2612800e-02   1.8637993e-01
   1.2972800e-02   1.8996416e-01
   1.3333600e-02   1.9713262e-01
   1.3693600e-02   2.1505376e-01
   1.4054400e-02   2.2939068e-01
   1.4414400e-02   2.3655914e-01
   1.4774400e-02   2.4372760e-01
   1.5135200e-02   2.6164875e-01
   1.5495200e-02   2.7598566e-01
   1.5856000e-02   2.7956989e-01
   1.6216000e-02   2.9032258e-01
   1.6576800e-02   2.9749104e-01
   1.6936800e-02   3.0824373e-01
   1.7297600e-02   3.2616487e-01
   1.7657600e-02   3.4767025e-01
   1.8018400e-02   3.5842294e-01
   1.8378400e-02   3.6917563e-01
   1.8738400e-02   3.9068100e-01
   1.9459200e-02   3.9784946e-01
   1.9820000e-02   4.0501792e-01
   2.0180000e-02   4.1218638e-01
   2.0540800e-02   4.1935484e-01
   2.0900800e-02   4.2652330e-01
   2.1261600e-02   4.4802867e-01
   2.1621600e-02   4.5878136e-01
   2.1981600e-02   4.6953405e-01
   2.2342400e-02   4.8387097e-01
   2.3063200e-02   4.9462366e-01
   2.3423200e-02   5.0537634e-01
   2.3784000e-02   5.2329749e-01
   2.4144000e-02   5.2688172e-01
   2.4504800e-02   5.3405018e-01
   2.4864800e-02   5.4121864e-01
   2.5585600e-02   5.4480287e-01
   2.5945600e-02   5.4838710e-01
   2.6306400e-02   5.5555556e-01
   2.6666400e-02   5.5913978e-01
   2.7027200e-02   5.6630824e-01
   2.7387200e-02   5.8422939e-01
   2.7748000e-02   5.8781362e-01
   2.8108000e-02   6.0215054e-01
   2.8468800e-02   6.0931900e-01
   2.8828800e-02   6.2007168e-01
   2.9188800e-02   6.3082437e-01
   2.9549600e-02   6.3799283e-01
   2.9909600e-02   6.5591398e-01
   3.0270400e-02   6.5949821e-01
   3.0630400e-02   6.7383513e-01
   3.1351200e-02   6.8100358e-01
   3.1712000e-02   6.8817204e-01
   3.2072000e-02   6.9534050e-01
   3.2792800e-02   7.0609319e-01
   3.3152800e-02   7.0967742e-01
   3.3513600e-02   7.1326165e-01
   3.3873600e-02   7.2401434e-01
   3.4234400e-02   7.3476703e-01
   3.4594400e-02   7.4193548e-01
   3.4955200e-02   7.4551971e-01
   3.6036000e-02   7.4910394e-01
   3.6396800e-02   7.5268817e-01
   3.6756800e-02   7.6344086e-01
   3.7477600e-02   7.6702509e-01
   3.7837600e-02   7.7060932e-01
   3.8198400e-02   7.7777778e-01
   3.8558400e-02   7.8494624e-01
   3.8919200e-02   7.9211470e-01
   3.9279200e-02   7.9928315e-01
   3.9640000e-02   8.0286738e-01
   4.0000000e-02   8.1362007e-01
   4.0720800e-02   8.2795699e-01
   4.1441600e-02   8.3154122e-01
   4.1801600e-02   8.3870968e-01
   4.2522400e-02   8.5304659e-01
   4.3243200e-02   8.5663082e-01
   4.3603200e-02   8.6021505e-01
   4.4684800e-02   8.6379928e-01
   4.5765600e-02   8.6738351e-01
   4.6486400e-02   8.7096774e-01
   4.6847200e-02   8.7455197e-01
   4.7207200e-02   8.7813620e-01
   4.7567200e-02   8.8172043e-01
   4.9008800e-02   8.8530466e-01
   4.9369600e-02   8.8888889e-01
   4.9729600e-02   8.9247312e-01
   5.0090400e-02   8.9605735e-01
   5.1171200e-02   8.9964158e-01
   5.2252000e-02   9.0322581e-01
   5.2612800e-02   9.0681004e-01
   5.2972800e-02   9.1397849e-01
   5.3333600e-02   9.1756272e-01
   5.3693600e-02   9.2114695e-01
   5.6216000e-02   9.2473118e-01
   5.6576800e-02   9.2831541e-01
   5.8738400e-02   9.3189964e-01
   5.9099200e-02   9.3548387e-01
   6.2342400e-02   9.3906810e-01
   6.2702400e-02   9.4265233e-01
   6.3063200e-02   9.4982079e-01
   6.4864800e-02   9.5340502e-01
   6.7027200e-02   9.5698925e-01
   6.7387200e-02   9.6057348e-01
   6.8108000e-02   9.7132616e-01
   7.3513600e-02   9.7491039e-01
   8.5044800e-02   9.7849462e-01
   8.7207200e-02   9.8207885e-01
   8.9729600e-02   9.8566308e-01
   9.4414400e-02   9.8924731e-01
   9.8738400e-02   9.9283154e-01
   1.1135120e-01   9.9641577e-01
   1.1747760e-01   1.0000000e+00
