   2.6200000e-03   0.0000000e+00
   2.6200000e-03   1.4925373e-03
   3.4936000e-03   2.2388060e-03
   3.9304000e-03   8.9552239e-03
   4.3672000e-03   1.3432836e-02
   4.8032000e-03   3.2089552e-02
   5.2400000e-03   6.3432836e-02
   5.6768000e-03   8.3582090e-02
   6.1136000e-03   1.2089552e-01
   6.5504000e-03   1.5671642e-01
   6.9872000e-03   1.8134328e-01
   7.4232000e-03   2.2761194e-01
   7.8600000e-03   2.5746269e-01
   8.2968000e-03   2.9626866e-01
   8.7336000e-03   3.2089552e-01
   9.1704000e-03   3.3582090e-01
   9.6072000e-03   3.7238806e-01
   1.0044000e-02   4.0298507e-01
   1.0480000e-02   4.3208955e-01
   1.0916800e-02   4.6268657e-01
   1.1353600e-02   4.8208955e-01
   1.1790400e-02   4.9925373e-01
   1.2227200e-02   5.2686567e-01
   1.2664000e-02   5.4029851e-01
   1.3100800e-02   5.6567164e-01
   1.3536800e-02   5.8955224e-01
   1.3973600e-02   6.0597015e-01
   1.4410400e-02   6.2537313e-01
   1.4847200e-02   6.3955224e-01
   1.5284000e-02   6.5373134e-01
   1.5720800e-02   6.6716418e-01
   1.6156800e-02   6.8283582e-01
   1.6593600e-02   6.9626866e-01
   1.7030400e-02   7.0970149e-01
   1.7467200e-02   7.1940299e-01
   1.7904000e-02   7.2835821e-01
   1.8340800e-02   7.4029851e-01
   1.8777600e-02   7.4776119e-01
   1.9214400e-02   7.5522388e-01
   1.9650400e-02   7.6791045e-01
   2.0087200e-02   7.7238806e-01
   2.0524000e-02   7.8208955e-01
   2.0960800e-02   7.9104478e-01
   2.1397600e-02   8.0223881e-01
   2.1834400e-02   8.0970149e-01
   2.2270400e-02   8.1417910e-01
   2.2707200e-02   8.1492537e-01
   2.3144000e-02   8.2238806e-01
   2.3580800e-02   8.3208955e-01
   2.4017600e-02   8.3880597e-01
   2.4454400e-02   8.5149254e-01
   2.4890400e-02   8.5597015e-01
   2.5327200e-02   8.6119403e-01
   2.5764000e-02   8.6940299e-01
   2.6200800e-02   8.7238806e-01
   2.6637600e-02   8.7761194e-01
   2.7074400e-02   8.8059701e-01
   2.7511200e-02   8.8358209e-01
   2.7948000e-02   8.8880597e-01
   2.8384000e-02   8.9253731e-01
   2.8820800e-02   8.9552239e-01
   2.9257600e-02   8.9776119e-01
   2.9694400e-02   8.9925373e-01
   3.0131200e-02   9.0223881e-01
   3.0568000e-02   9.0597015e-01
   3.1004000e-02   9.0970149e-01
   3.1440800e-02   9.1119403e-01
   3.1877600e-02   9.1567164e-01
   3.2314400e-02   9.1716418e-01
   3.2751200e-02   9.1791045e-01
   3.3188000e-02   9.2089552e-01
   3.3624800e-02   9.2313433e-01
   3.4060800e-02   9.2537313e-01
   3.4497600e-02   9.2761194e-01
   3.4934400e-02   9.3059701e-01
   3.5371200e-02   9.3208955e-01
   3.5808000e-02   9.3507463e-01
   3.6244800e-02   9.3582090e-01
   3.6681600e-02   9.3656716e-01
   3.7117600e-02   9.3805970e-01
   3.7554400e-02   9.3955224e-01
   3.7991200e-02   9.4253731e-01
   3.9301600e-02   9.4626866e-01
   3.9738400e-02   9.4776119e-01
   4.0174400e-02   9.4850746e-01
   4.0611200e-02   9.4925373e-01
   4.1484800e-02   9.5074627e-01
   4.1921600e-02   9.5223881e-01
   4.2358400e-02   9.5298507e-01
   4.3668000e-02   9.5597015e-01
   4.4978400e-02   9.5746269e-01
   4.5415200e-02   9.5820896e-01
   4.5851200e-02   9.5895522e-01
   4.6288000e-02   9.6119403e-01
   4.8035200e-02   9.6268657e-01
   4.8908000e-02   9.6492537e-01
   4.9344800e-02   9.6567164e-01
   4.9781600e-02   9.6716418e-01
   5.0218400e-02   9.6791045e-01
   5.1528000e-02   9.6865672e-01
   5.2401600e-02   9.6940299e-01
   5.2838400e-02   9.7014925e-01
   5.3712000e-02   9.7089552e-01
   5.4148800e-02   9.7164179e-01
   5.4584800e-02   9.7238806e-01
   5.5895200e-02   9.7313433e-01
   5.7641600e-02   9.7462687e-01
   6.0262400e-02   9.7611940e-01
   6.1135200e-02   9.7686567e-01
   6.1572000e-02   9.7761194e-01
   6.2008800e-02   9.7910448e-01
   6.2882400e-02   9.7985075e-01
   6.3318400e-02   9.8059701e-01
   6.4192000e-02   9.8134328e-01
   6.4628800e-02   9.8208955e-01
   6.5065600e-02   9.8283582e-01
   6.7685600e-02   9.8358209e-01
   6.8122400e-02   9.8432836e-01
   6.8559200e-02   9.8507463e-01
   6.8996000e-02   9.8582090e-01
   6.9868800e-02   9.8656716e-01
   7.4672800e-02   9.8731343e-01
   7.7729600e-02   9.8805970e-01
   7.8165600e-02   9.8880597e-01
   8.4279200e-02   9.8955224e-01
   8.6026400e-02   9.9029851e-01
   8.7772800e-02   9.9179104e-01
   8.8209600e-02   9.9253731e-01
   9.2576800e-02   9.9328358e-01
   9.8253600e-02   9.9402985e-01
   9.8689600e-02   9.9477612e-01
   1.0087360e-01   9.9552239e-01
   1.0829680e-01   9.9626866e-01
   1.1703040e-01   9.9701493e-01
   1.1834080e-01   9.9776119e-01
   1.2096080e-01   9.9850746e-01
   1.3275120e-01   9.9925373e-01
   1.4235840e-01   1.0000000e+00
