   2.5456000e-03   0.0000000e+00
   2.5456000e-03   7.8740157e-03
   2.9088000e-03   1.5748031e-02
   3.2728000e-03   2.3622047e-02
   3.6360000e-03   4.7244094e-02
   4.0000000e-03   5.9055118e-02
   4.3640000e-03   9.0551181e-02
   4.7272000e-03   9.8425197e-02
   5.0912000e-03   1.2598425e-01
   5.4544000e-03   1.3779528e-01
   5.8184000e-03   1.6535433e-01
   6.1816000e-03   2.0078740e-01
   6.5456000e-03   2.1653543e-01
   6.9088000e-03   2.4803150e-01
   7.2728000e-03   2.9527559e-01
   7.6360000e-03   3.2677165e-01
   8.0000000e-03   3.4645669e-01
   8.3640000e-03   3.6220472e-01
   8.7272000e-03   3.9763780e-01
   9.0912000e-03   4.0944882e-01
   9.4544000e-03   4.3307087e-01
   9.8184000e-03   4.6850394e-01
   1.0181600e-02   4.9212598e-01
   1.0545600e-02   5.0000000e-01
   1.0908800e-02   5.0787402e-01
   1.1272800e-02   5.1574803e-01
   1.2000000e-02   5.1968504e-01
   1.2363200e-02   5.3937008e-01
   1.2727200e-02   5.4724409e-01
   1.3091200e-02   5.5511811e-01
   1.3454400e-02   5.5905512e-01
   1.3818400e-02   5.8661417e-01
   1.4181600e-02   5.9055118e-01
   1.4545600e-02   5.9842520e-01
   1.4908800e-02   6.0629921e-01
   1.5272800e-02   6.1023622e-01
   1.5636800e-02   6.2204724e-01
   1.6000000e-02   6.2598425e-01
   1.6364000e-02   6.4173228e-01
   1.7454400e-02   6.5748031e-01
   1.7818400e-02   6.6535433e-01
   1.8181600e-02   6.6929134e-01
   1.8545600e-02   6.8110236e-01
   1.8908800e-02   6.9291339e-01
   1.9272800e-02   7.0078740e-01
   1.9636800e-02   7.0472441e-01
   2.0000000e-02   7.0866142e-01
   2.0364000e-02   7.1259843e-01
   2.0727200e-02   7.1653543e-01
   2.1091200e-02   7.2440945e-01
   2.1818400e-02   7.3228346e-01
   2.2181600e-02   7.3622047e-01
   2.2545600e-02   7.4015748e-01
   2.3272800e-02   7.4803150e-01
   2.4363200e-02   7.5984252e-01
   2.4727200e-02   7.6377953e-01
   2.5818400e-02   7.6771654e-01
   2.6545600e-02   7.7165354e-01
   2.8000000e-02   7.7559055e-01
   2.9818400e-02   7.7952756e-01
   3.0545600e-02   7.8346457e-01
   3.1272800e-02   7.8740157e-01
   3.2363200e-02   7.9921260e-01
   3.2727200e-02   8.0708661e-01
   3.3091200e-02   8.1496063e-01
   3.4181600e-02   8.1889764e-01
   3.4545600e-02   8.2283465e-01
   3.4908800e-02   8.2677165e-01
   3.6000000e-02   8.3070866e-01
   3.6364000e-02   8.3464567e-01
   3.6727200e-02   8.4251969e-01
   3.7454400e-02   8.5039370e-01
   3.7818400e-02   8.5433071e-01
   3.8181600e-02   8.5826772e-01
   3.8545600e-02   8.6220472e-01
   4.0363200e-02   8.7007874e-01
   4.0727200e-02   8.7401575e-01
   4.2181600e-02   8.7795276e-01
   4.4363200e-02   8.8188976e-01
   4.5454400e-02   8.8582677e-01
   4.6181600e-02   8.8976378e-01
   4.6908800e-02   8.9763780e-01
   4.8727200e-02   9.0157480e-01
   5.0181600e-02   9.0551181e-01
   5.2363200e-02   9.0944882e-01
   5.4908800e-02   9.1338583e-01
   5.7454400e-02   9.1732283e-01
   6.1818400e-02   9.2125984e-01
   6.4000000e-02   9.2519685e-01
   6.5454400e-02   9.2913386e-01
   6.5818400e-02   9.3307087e-01
   6.6181600e-02   9.3700787e-01
   6.6908800e-02   9.4094488e-01
   6.9818400e-02   9.4488189e-01
   7.0181600e-02   9.4881890e-01
   7.4545600e-02   9.5275591e-01
   7.4908800e-02   9.5669291e-01
   8.0000000e-02   9.6062992e-01
   8.9454400e-02   9.6456693e-01
   1.0400000e-01   9.6850394e-01
   1.0727280e-01   9.7244094e-01
   1.1854560e-01   9.8031496e-01
   1.1890880e-01   9.8425197e-01
   1.6981840e-01   9.8818898e-01
   1.7963600e-01   9.9212598e-01
   3.0290880e-01   9.9606299e-01
   3.2763600e-01   1.0000000e+00
