   4.3371810e-03   0.0000000e+00
   4.3371810e-03   7.1890726e-04
   4.3624500e-03   1.4378145e-03
   5.7133449e-03   2.1567218e-03
   6.0349538e-03   2.8756290e-03
   6.1401185e-03   3.5945363e-03
   6.2720013e-03   4.3134436e-03
   6.2914318e-03   5.0323508e-03
   6.3282062e-03   6.4701653e-03
   6.3800223e-03   7.9079799e-03
   6.3813832e-03   8.6268871e-03
   6.4526916e-03   9.3457944e-03
   6.4827045e-03   1.0064702e-02
   6.6092486e-03   1.1502516e-02
   6.6339117e-03   1.2221423e-02
   6.6350950e-03   1.2940331e-02
   6.7103716e-03   1.3659238e-02
   6.8334452e-03   1.4378145e-02
   6.9017614e-03   1.5097052e-02
   6.9036554e-03   1.5815960e-02
   6.9533365e-03   1.7253774e-02
   7.0409413e-03   1.8691589e-02
   7.1904534e-03   1.9410496e-02
   7.2043477e-03   2.0129403e-02
   7.2100528e-03   2.0848311e-02
   7.2814424e-03   2.3005032e-02
   7.4753540e-03   2.3723940e-02
   7.4791045e-03   2.5161754e-02
   7.5157909e-03   2.5880661e-02
   7.5269766e-03   2.8037383e-02
   7.5541177e-03   2.9475198e-02
   7.6001477e-03   3.0913012e-02
   7.6174833e-03   3.1631919e-02
   7.7503757e-03   3.2350827e-02
   7.7592087e-03   3.5945363e-02
   7.7759504e-03   3.6664270e-02
   7.7850832e-03   4.0258807e-02
   7.8350349e-03   4.0977714e-02
   7.8525170e-03   4.2415528e-02
   7.9616660e-03   4.5291157e-02
   8.0492116e-03   4.6728972e-02
   8.0545537e-03   4.8885694e-02
   8.0849281e-03   5.3918045e-02
   8.1002573e-03   5.6793674e-02
   8.1611642e-03   5.8950395e-02
   8.1868246e-03   6.1826024e-02
   8.2962147e-03   6.2544932e-02
   8.3124190e-03   6.3982746e-02
   8.3342860e-03   6.6858375e-02
   8.3480816e-03   6.8296190e-02
   8.3595743e-03   7.0452912e-02
   8.4013626e-03   7.4047448e-02
   8.4247398e-03   7.8360891e-02
   8.4305704e-03   7.9079799e-02
   8.4753057e-03   7.9798706e-02
   8.5283224e-03   8.1236520e-02
   8.6232813e-03   8.3393242e-02
   8.6232969e-03   8.4831057e-02
   8.6294247e-03   8.5549964e-02
   8.6549001e-03   8.7706686e-02
   8.6689450e-03   8.9863408e-02
   8.6726551e-03   9.0582315e-02
   8.6743620e-03   9.4895758e-02
   8.7244424e-03   9.6333573e-02
   8.7569645e-03   9.8490295e-02
   8.8310122e-03   1.0208483e-01
   8.8761805e-03   1.0352265e-01
   8.9088511e-03   1.0711718e-01
   8.9206396e-03   1.0855500e-01
   8.9688515e-03   1.1214953e-01
   8.9973742e-03   1.1430625e-01
   9.0298603e-03   1.1574407e-01
   9.0532206e-03   1.1646298e-01
   9.0534561e-03   1.2149533e-01
   9.0960829e-03   1.2221423e-01
   9.1734465e-03   1.2437096e-01
   9.1969810e-03   1.3012221e-01
   9.2048738e-03   1.3803019e-01
   9.2255522e-03   1.4018692e-01
   9.2289950e-03   1.4162473e-01
   9.2486339e-03   1.4378145e-01
   9.2892126e-03   1.4809490e-01
   9.3277564e-03   1.5025162e-01
   9.3877799e-03   1.5240834e-01
   9.3959690e-03   1.5312725e-01
   9.4367776e-03   1.5384615e-01
   9.4406829e-03   1.5528397e-01
   9.4840146e-03   1.6175413e-01
   9.4930217e-03   1.6534867e-01
   9.5098837e-03   1.6678648e-01
   9.5201700e-03   1.6822430e-01
   9.5372945e-03   1.7181884e-01
   9.5703462e-03   1.7253774e-01
   9.5946026e-03   1.7325665e-01
   9.6153427e-03   1.7397556e-01
   9.6640990e-03   1.7757009e-01
   9.7713630e-03   1.8475917e-01
   9.7803230e-03   1.8763480e-01
   9.7914427e-03   1.8835370e-01
   9.7962561e-03   1.9338605e-01
   9.8230436e-03   1.9626168e-01
   9.8552184e-03   1.9985622e-01
   9.8707307e-03   2.0129403e-01
   9.8984492e-03   2.0488857e-01
   9.9466744e-03   2.0632638e-01
   1.0007031e-02   2.0992092e-01
   1.0059211e-02   2.1135873e-01
   1.0066216e-02   2.1710999e-01
   1.0070234e-02   2.1782890e-01
   1.0085089e-02   2.1854781e-01
   1.0106037e-02   2.1926671e-01
   1.0139738e-02   2.2070453e-01
   1.0142976e-02   2.2358016e-01
   1.0178745e-02   2.2573688e-01
   1.0233531e-02   2.2717469e-01
   1.0282705e-02   2.3148814e-01
   1.0317473e-02   2.3436377e-01
   1.0345864e-02   2.4011503e-01
   1.0355319e-02   2.4083393e-01
   1.0355772e-02   2.4370956e-01
   1.0367934e-02   2.5089863e-01
   1.0396960e-02   2.5521208e-01
   1.0421780e-02   2.5808771e-01
   1.0470235e-02   2.5880661e-01
   1.0507255e-02   2.5952552e-01
   1.0507356e-02   2.6024443e-01
   1.0581834e-02   2.6096334e-01
   1.0601386e-02   2.6168224e-01
   1.0621166e-02   2.6240115e-01
   1.0634434e-02   2.6455787e-01
   1.0639654e-02   2.6599569e-01
   1.0659727e-02   2.7390367e-01
   1.0675934e-02   2.7606039e-01
   1.0687336e-02   2.7677930e-01
   1.0708441e-02   2.7893602e-01
   1.0716466e-02   2.8037383e-01
   1.0742960e-02   2.8684400e-01
   1.0774780e-02   2.8756290e-01
   1.0803600e-02   2.8828181e-01
   1.0840590e-02   2.8900072e-01
   1.0870662e-02   2.8971963e-01
   1.0920403e-02   2.9187635e-01
   1.0920464e-02   2.9403307e-01
   1.0930643e-02   2.9906542e-01
   1.0940007e-02   3.0050324e-01
   1.0941728e-02   3.0122214e-01
   1.0971583e-02   3.0553559e-01
   1.0989689e-02   3.0913012e-01
   1.1042400e-02   3.1056794e-01
   1.1061138e-02   3.1128684e-01
   1.1122037e-02   3.1200575e-01
   1.1142525e-02   3.1775701e-01
   1.1178033e-02   3.1847592e-01
   1.1209117e-02   3.2494608e-01
   1.1213298e-02   3.2854062e-01
   1.1234982e-02   3.3069734e-01
   1.1246397e-02   3.3213515e-01
   1.1270496e-02   3.3285406e-01
   1.1290155e-02   3.3572969e-01
   1.1304149e-02   3.3644860e-01
   1.1308719e-02   3.3788641e-01
   1.1314774e-02   3.4004313e-01
   1.1374212e-02   3.4507549e-01
   1.1399784e-02   3.4579439e-01
   1.1485850e-02   3.4723221e-01
   1.1494600e-02   3.5226456e-01
   1.1512417e-02   3.5442128e-01
   1.1519315e-02   3.5729691e-01
   1.1546289e-02   3.6089145e-01
   1.1558343e-02   3.6232926e-01
   1.1614891e-02   3.6448598e-01
   1.1625564e-02   3.6520489e-01
   1.1632590e-02   3.6592380e-01
   1.1661609e-02   3.6664270e-01
   1.1734619e-02   3.6736161e-01
   1.1784383e-02   3.7023724e-01
   1.1786582e-02   3.7742631e-01
   1.1791734e-02   3.8030194e-01
   1.1810255e-02   3.8317757e-01
   1.1817343e-02   3.8389648e-01
   1.1834458e-02   3.8461538e-01
   1.1864015e-02   3.8749101e-01
   1.1875409e-02   3.9036664e-01
   1.1944647e-02   3.9180446e-01
   1.1960909e-02   3.9396118e-01
   1.1984552e-02   3.9683681e-01
   1.2019361e-02   3.9755572e-01
   1.2069356e-02   3.9899353e-01
   1.2073262e-02   4.0043134e-01
   1.2081541e-02   4.0258807e-01
   1.2084592e-02   4.0618260e-01
   1.2121065e-02   4.0905823e-01
   1.2122528e-02   4.0977714e-01
   1.2187032e-02   4.1193386e-01
   1.2187294e-02   4.1265277e-01
   1.2197194e-02   4.1840403e-01
   1.2198213e-02   4.1984184e-01
   1.2200539e-02   4.2056075e-01
   1.2212107e-02   4.2199856e-01
   1.2280237e-02   4.2271747e-01
   1.2293320e-02   4.2415528e-01
   1.2359666e-02   4.2559310e-01
   1.2360551e-02   4.2631201e-01
   1.2376492e-02   4.2703091e-01
   1.2385545e-02   4.3062545e-01
   1.2388196e-02   4.3421999e-01
   1.2415401e-02   4.3493889e-01
   1.2442903e-02   4.3565780e-01
   1.2516125e-02   4.3853343e-01
   1.2530637e-02   4.3997124e-01
   1.2563687e-02   4.4069015e-01
   1.2563760e-02   4.4284687e-01
   1.2620617e-02   4.4572250e-01
   1.2629500e-02   4.4644141e-01
   1.2644176e-02   4.4716032e-01
   1.2656991e-02   4.5291157e-01
   1.2657537e-02   4.5363048e-01
   1.2695299e-02   4.5434939e-01
   1.2696992e-02   4.5866283e-01
   1.2761455e-02   4.5938174e-01
   1.2762766e-02   4.6225737e-01
   1.2850258e-02   4.6728972e-01
   1.2903566e-02   4.6800863e-01
   1.2916700e-02   4.6944644e-01
   1.2930289e-02   4.7016535e-01
   1.2934963e-02   4.7160316e-01
   1.2959917e-02   4.7375988e-01
   1.2960259e-02   4.7447879e-01
   1.2969842e-02   4.7807333e-01
   1.3010610e-02   4.8023005e-01
   1.3011543e-02   4.8238677e-01
   1.3086892e-02   4.8310568e-01
   1.3087952e-02   4.8741912e-01
   1.3104154e-02   4.8885694e-01
   1.3109073e-02   4.8957584e-01
   1.3188062e-02   4.9101366e-01
   1.3188393e-02   4.9245147e-01
   1.3219051e-02   4.9532710e-01
   1.3230700e-02   4.9604601e-01
   1.3231862e-02   4.9748382e-01
   1.3267081e-02   4.9820273e-01
   1.3267322e-02   4.9892164e-01
   1.3270190e-02   5.0179727e-01
   1.3273556e-02   5.0251618e-01
   1.3297979e-02   5.0323508e-01
   1.3312020e-02   5.0467290e-01
   1.3313596e-02   5.0539180e-01
   1.3328710e-02   5.0682962e-01
   1.3333267e-02   5.0826743e-01
   1.3420099e-02   5.0898634e-01
   1.3508868e-02   5.1473760e-01
   1.3509707e-02   5.1545651e-01
   1.3524720e-02   5.1617541e-01
   1.3531955e-02   5.1761323e-01
   1.3585790e-02   5.1905104e-01
   1.3631990e-02   5.1976995e-01
   1.3651632e-02   5.2264558e-01
   1.3658551e-02   5.2408339e-01
   1.3659450e-02   5.2480230e-01
   1.3757411e-02   5.2552121e-01
   1.3793419e-02   5.2624012e-01
   1.3804053e-02   5.2695902e-01
   1.3807311e-02   5.2839684e-01
   1.3814406e-02   5.2911574e-01
   1.3823596e-02   5.2983465e-01
   1.3845127e-02   5.3199137e-01
   1.3865937e-02   5.3342919e-01
   1.3878560e-02   5.3414809e-01
   1.3896507e-02   5.3486700e-01
   1.3906051e-02   5.3558591e-01
   1.3977129e-02   5.3846154e-01
   1.3990993e-02   5.3989935e-01
   1.4082560e-02   5.4061826e-01
   1.4085029e-02   5.4205607e-01
   1.4098928e-02   5.4349389e-01
   1.4104270e-02   5.4636952e-01
   1.4110903e-02   5.4708843e-01
   1.4149377e-02   5.4780733e-01
   1.4159524e-02   5.4996405e-01
   1.4170316e-02   5.5068296e-01
   1.4187933e-02   5.5140187e-01
   1.4202503e-02   5.5212078e-01
   1.4229335e-02   5.5427750e-01
   1.4307560e-02   5.5499641e-01
   1.4326943e-02   5.5643422e-01
   1.4358270e-02   5.5715313e-01
   1.4368382e-02   5.5787203e-01
   1.4373995e-02   5.5859094e-01
   1.4381601e-02   5.5930985e-01
   1.4382760e-02   5.6290439e-01
   1.4409821e-02   5.6362329e-01
   1.4444352e-02   5.6434220e-01
   1.4541394e-02   5.6506111e-01
   1.4555690e-02   5.6578001e-01
   1.4559852e-02   5.6649892e-01
   1.4562245e-02   5.7081237e-01
   1.4583539e-02   5.7153127e-01
   1.4640701e-02   5.7225018e-01
   1.4657044e-02   5.7296909e-01
   1.4660360e-02   5.7440690e-01
   1.4666998e-02   5.7512581e-01
   1.4676915e-02   5.7656362e-01
   1.4685651e-02   5.7800144e-01
   1.4711769e-02   5.7872035e-01
   1.4718561e-02   5.8015816e-01
   1.4762195e-02   5.8159597e-01
   1.4793409e-02   5.8303379e-01
   1.4888467e-02   5.8375270e-01
   1.4896930e-02   5.8519051e-01
   1.4943383e-02   5.8734723e-01
   1.4951304e-02   5.8806614e-01
   1.4957631e-02   5.8878505e-01
   1.4976988e-02   5.8950395e-01
   1.4994521e-02   5.9166068e-01
   1.5032703e-02   5.9309849e-01
   1.5053334e-02   5.9525521e-01
   1.5085369e-02   5.9597412e-01
   1.5106244e-02   5.9669303e-01
   1.5108235e-02   5.9741193e-01
   1.5200527e-02   5.9956866e-01
   1.5232112e-02   6.0388210e-01
   1.5235622e-02   6.0819554e-01
   1.5249084e-02   6.0963336e-01
   1.5260997e-02   6.1035226e-01
   1.5288920e-02   6.1107117e-01
   1.5300587e-02   6.1250899e-01
   1.5308464e-02   6.1322789e-01
   1.5316213e-02   6.1394680e-01
   1.5350115e-02   6.1538462e-01
   1.5377334e-02   6.1610352e-01
   1.5425209e-02   6.1754134e-01
   1.5432045e-02   6.1826024e-01
   1.5452864e-02   6.1897915e-01
   1.5502228e-02   6.1969806e-01
   1.5518434e-02   6.2113587e-01
   1.5533080e-02   6.2257369e-01
   1.5534872e-02   6.2329260e-01
   1.5552514e-02   6.2473041e-01
   1.5569568e-02   6.2544932e-01
   1.5601120e-02   6.2616822e-01
   1.5663693e-02   6.2688713e-01
   1.5669585e-02   6.2760604e-01
   1.5671186e-02   6.2904385e-01
   1.5708431e-02   6.2976276e-01
   1.5761479e-02   6.3048167e-01
   1.5786635e-02   6.3120058e-01
   1.5804087e-02   6.3191948e-01
   1.5805533e-02   6.3263839e-01
   1.5811044e-02   6.3335730e-01
   1.5822656e-02   6.3551402e-01
   1.5836350e-02   6.3767074e-01
   1.5859526e-02   6.3838965e-01
   1.5882504e-02   6.3982746e-01
   1.5917128e-02   6.4126528e-01
   1.5950369e-02   6.4198418e-01
   1.5995696e-02   6.4270309e-01
   1.6062320e-02   6.4414091e-01
   1.6093992e-02   6.4485981e-01
   1.6109082e-02   6.4629763e-01
   1.6124525e-02   6.4773544e-01
   1.6145165e-02   6.4845435e-01
   1.6153151e-02   6.4989216e-01
   1.6170486e-02   6.5061107e-01
   1.6219846e-02   6.5132998e-01
   1.6236723e-02   6.5276779e-01
   1.6272548e-02   6.5348670e-01
   1.6277143e-02   6.5492451e-01
   1.6373649e-02   6.5564342e-01
   1.6380730e-02   6.5636233e-01
   1.6385835e-02   6.5780014e-01
   1.6395270e-02   6.5851905e-01
   1.6396736e-02   6.5923796e-01
   1.6424121e-02   6.5995687e-01
   1.6430470e-02   6.6067577e-01
   1.6457678e-02   6.6211359e-01
   1.6485170e-02   6.6355140e-01
   1.6522947e-02   6.6498922e-01
   1.6608510e-02   6.6570812e-01
   1.6654225e-02   6.6642703e-01
   1.6668586e-02   6.6786485e-01
   1.6672498e-02   6.6858375e-01
   1.6683978e-02   6.6930266e-01
   1.6713459e-02   6.7002157e-01
   1.6720278e-02   6.7217829e-01
   1.6740268e-02   6.7289720e-01
   1.6774573e-02   6.7649173e-01
   1.6804132e-02   6.7721064e-01
   1.6849480e-02   6.7792955e-01
   1.6885856e-02   6.7864845e-01
   1.6899669e-02   6.7936736e-01
   1.6943610e-02   6.8008627e-01
   1.6955401e-02   6.8368081e-01
   1.6961759e-02   6.8439971e-01
   1.6968566e-02   6.8583753e-01
   1.6987077e-02   6.8655643e-01
   1.6987877e-02   6.8799425e-01
   1.7001210e-02   6.9086988e-01
   1.7032288e-02   6.9230769e-01
   1.7048881e-02   6.9302660e-01
   1.7050220e-02   6.9374551e-01
   1.7096301e-02   6.9446441e-01
   1.7108208e-02   6.9518332e-01
   1.7243699e-02   6.9805895e-01
   1.7246613e-02   6.9877786e-01
   1.7259980e-02   7.0021567e-01
   1.7268713e-02   7.0093458e-01
   1.7277961e-02   7.0165349e-01
   1.7281572e-02   7.0237239e-01
   1.7294274e-02   7.0309130e-01
   1.7324227e-02   7.0452912e-01
   1.7337199e-02   7.0524802e-01
   1.7349237e-02   7.0668584e-01
   1.7422021e-02   7.0812365e-01
   1.7530122e-02   7.0884256e-01
   1.7542003e-02   7.1028037e-01
   1.7562405e-02   7.1099928e-01
   1.7572730e-02   7.1171819e-01
   1.7606508e-02   7.1243710e-01
   1.7607612e-02   7.1315600e-01
   1.7622204e-02   7.1459382e-01
   1.7670296e-02   7.1531272e-01
   1.7750877e-02   7.1675054e-01
   1.7796659e-02   7.1746945e-01
   1.7820814e-02   7.1818835e-01
   1.7841363e-02   7.1962617e-01
   1.7850769e-02   7.2034508e-01
   1.7922958e-02   7.2106398e-01
   1.7994615e-02   7.2178289e-01
   1.8103852e-02   7.2250180e-01
   1.8104890e-02   7.2393961e-01
   1.8111929e-02   7.2537743e-01
   1.8144498e-02   7.2609633e-01
   1.8191594e-02   7.2753415e-01
   1.8242786e-02   7.2969087e-01
   1.8316541e-02   7.3112868e-01
   1.8323238e-02   7.3184759e-01
   1.8339059e-02   7.3256650e-01
   1.8340125e-02   7.3328541e-01
   1.8347985e-02   7.3400431e-01
   1.8451220e-02   7.3472322e-01
   1.8497172e-02   7.3544213e-01
   1.8655348e-02   7.3616104e-01
   1.8667321e-02   7.3687994e-01
   1.8669050e-02   7.3831776e-01
   1.8687305e-02   7.3903666e-01
   1.8689248e-02   7.4047448e-01
   1.8693693e-02   7.4119339e-01
   1.8716492e-02   7.4191229e-01
   1.8759973e-02   7.4335011e-01
   1.8761354e-02   7.4478792e-01
   1.8776238e-02   7.4550683e-01
   1.8817020e-02   7.4694464e-01
   1.8823710e-02   7.4766355e-01
   1.8882035e-02   7.4838246e-01
   1.8894843e-02   7.4910137e-01
   1.8948614e-02   7.4982027e-01
   1.8968599e-02   7.5053918e-01
   1.8968899e-02   7.5125809e-01
   1.8985750e-02   7.5197699e-01
   1.8987172e-02   7.5269590e-01
   1.9022302e-02   7.5341481e-01
   1.9041426e-02   7.5413372e-01
   1.9071553e-02   7.5485262e-01
   1.9074734e-02   7.5700935e-01
   1.9102612e-02   7.5772825e-01
   1.9144328e-02   7.5844716e-01
   1.9230825e-02   7.5916607e-01
   1.9253995e-02   7.5988497e-01
   1.9262498e-02   7.6132279e-01
   1.9262686e-02   7.6347951e-01
   1.9287963e-02   7.6491733e-01
   1.9288691e-02   7.6563623e-01
   1.9329313e-02   7.6707405e-01
   1.9330912e-02   7.6851186e-01
   1.9331452e-02   7.6923077e-01
   1.9391202e-02   7.6994968e-01
   1.9467623e-02   7.7066858e-01
   1.9467787e-02   7.7138749e-01
   1.9543312e-02   7.7282531e-01
   1.9553257e-02   7.7354421e-01
   1.9561007e-02   7.7426312e-01
   1.9593638e-02   7.7498203e-01
   1.9670173e-02   7.7570093e-01
   1.9793946e-02   7.7641984e-01
   1.9828877e-02   7.7713875e-01
   1.9836379e-02   7.7785766e-01
   1.9837501e-02   7.7857656e-01
   1.9893586e-02   7.7929547e-01
   1.9897457e-02   7.8001438e-01
   1.9901857e-02   7.8145219e-01
   1.9905812e-02   7.8217110e-01
   2.0040095e-02   7.8360891e-01
   2.0122675e-02   7.8432782e-01
   2.0133033e-02   7.8504673e-01
   2.0136070e-02   7.8576564e-01
   2.0146434e-02   7.8720345e-01
   2.0164698e-02   7.8792236e-01
   2.0220496e-02   7.8864127e-01
   2.0277408e-02   7.9007908e-01
   2.0278754e-02   7.9079799e-01
   2.0357688e-02   7.9151689e-01
   2.0403236e-02   7.9295471e-01
   2.0412889e-02   7.9367362e-01
   2.0438745e-02   7.9439252e-01
   2.0456524e-02   7.9511143e-01
   2.0527516e-02   7.9583034e-01
   2.0538784e-02   7.9654925e-01
   2.0598423e-02   7.9726815e-01
   2.0612104e-02   7.9798706e-01
   2.0685101e-02   7.9870597e-01
   2.0706413e-02   7.9942487e-01
   2.0736481e-02   8.0014378e-01
   2.0787354e-02   8.0158160e-01
   2.0795049e-02   8.0230050e-01
   2.0859891e-02   8.0373832e-01
   2.0951715e-02   8.0445723e-01
   2.0978179e-02   8.0517613e-01
   2.1013813e-02   8.0589504e-01
   2.1014141e-02   8.0661395e-01
   2.1014935e-02   8.0733285e-01
   2.1031707e-02   8.0805176e-01
   2.1149174e-02   8.0877067e-01
   2.1185509e-02   8.0948958e-01
   2.1266341e-02   8.1020848e-01
   2.1268874e-02   8.1092739e-01
   2.1272858e-02   8.1164630e-01
   2.1286968e-02   8.1236520e-01
   2.1369043e-02   8.1380302e-01
   2.1487035e-02   8.1524083e-01
   2.1513035e-02   8.1595974e-01
   2.1557983e-02   8.1667865e-01
   2.1630088e-02   8.1739756e-01
   2.1730711e-02   8.1811646e-01
   2.1757828e-02   8.1883537e-01
   2.1840573e-02   8.1955428e-01
   2.1844114e-02   8.2027318e-01
   2.1862417e-02   8.2242991e-01
   2.1884518e-02   8.2314881e-01
   2.1895241e-02   8.2458663e-01
   2.1922824e-02   8.2530554e-01
   2.1944611e-02   8.2674335e-01
   2.2052077e-02   8.2746226e-01
   2.2128143e-02   8.2818116e-01
   2.2130889e-02   8.2890007e-01
   2.2151162e-02   8.2961898e-01
   2.2234305e-02   8.3105679e-01
   2.2284850e-02   8.3177570e-01
   2.2333144e-02   8.3249461e-01
   2.2356333e-02   8.3321352e-01
   2.2415052e-02   8.3393242e-01
   2.2415627e-02   8.3465133e-01
   2.2470501e-02   8.3537024e-01
   2.2514234e-02   8.3608914e-01
   2.2518376e-02   8.3752696e-01
   2.2657076e-02   8.3824587e-01
   2.2702051e-02   8.3896477e-01
   2.2724280e-02   8.3968368e-01
   2.2739760e-02   8.4040259e-01
   2.2756670e-02   8.4112150e-01
   2.2834935e-02   8.4184040e-01
   2.2865280e-02   8.4255931e-01
   2.2895451e-02   8.4327822e-01
   2.2940801e-02   8.4399712e-01
   2.2986772e-02   8.4543494e-01
   2.2994062e-02   8.4615385e-01
   2.3000435e-02   8.4687275e-01
   2.3024921e-02   8.4759166e-01
   2.3154022e-02   8.4831057e-01
   2.3289304e-02   8.4902948e-01
   2.3319227e-02   8.4974838e-01
   2.3328465e-02   8.5046729e-01
   2.3476739e-02   8.5190510e-01
   2.3574293e-02   8.5334292e-01
   2.3588187e-02   8.5406183e-01
   2.3653678e-02   8.5478073e-01
   2.3685973e-02   8.5621855e-01
   2.3797000e-02   8.5693746e-01
   2.3812944e-02   8.5765636e-01
   2.3852701e-02   8.5837527e-01
   2.3854574e-02   8.5909418e-01
   2.3870852e-02   8.6125090e-01
   2.3889772e-02   8.6196981e-01
   2.3922483e-02   8.6268871e-01
   2.3943816e-02   8.6412653e-01
   2.4144611e-02   8.6484543e-01
   2.4147690e-02   8.6556434e-01
   2.4156335e-02   8.6628325e-01
   2.4206062e-02   8.6700216e-01
   2.4213727e-02   8.6772106e-01
   2.4255414e-02   8.6843997e-01
   2.4427778e-02   8.6915888e-01
   2.4440597e-02   8.6987779e-01
   2.4560940e-02   8.7131560e-01
   2.4625544e-02   8.7203451e-01
   2.4703004e-02   8.7275341e-01
   2.4714097e-02   8.7347232e-01
   2.4721694e-02   8.7419123e-01
   2.4742676e-02   8.7491014e-01
   2.5040812e-02   8.7562904e-01
   2.5196588e-02   8.7634795e-01
   2.5250662e-02   8.7706686e-01
   2.5259680e-02   8.7778577e-01
   2.5274710e-02   8.7922358e-01
   2.5284006e-02   8.7994249e-01
   2.5295763e-02   8.8066139e-01
   2.5315678e-02   8.8138030e-01
   2.5364440e-02   8.8281812e-01
   2.5395108e-02   8.8353702e-01
   2.5550593e-02   8.8425593e-01
   2.5700987e-02   8.8569375e-01
   2.5936730e-02   8.8641265e-01
   2.5964825e-02   8.8713156e-01
   2.6091928e-02   8.8785047e-01
   2.6294619e-02   8.8856937e-01
   2.6416689e-02   8.8928828e-01
   2.6540907e-02   8.9000719e-01
   2.6829946e-02   8.9072610e-01
   2.6846230e-02   8.9144500e-01
   2.6946782e-02   8.9216391e-01
   2.7039725e-02   8.9432063e-01
   2.7086545e-02   8.9503954e-01
   2.7172095e-02   8.9647735e-01
   2.7303074e-02   8.9719626e-01
   2.7319586e-02   8.9791517e-01
   2.7320022e-02   8.9863408e-01
   2.7521432e-02   8.9935298e-01
   2.7564860e-02   9.0007189e-01
   2.7587414e-02   9.0079080e-01
   2.7615174e-02   9.0150971e-01
   2.7647016e-02   9.0294752e-01
   2.7877439e-02   9.0366643e-01
   2.8222191e-02   9.0438533e-01
   2.8249326e-02   9.0510424e-01
   2.8320175e-02   9.0582315e-01
   2.8323156e-02   9.0654206e-01
   2.8360028e-02   9.0797987e-01
   2.8449998e-02   9.0869878e-01
   2.8459020e-02   9.0941769e-01
   2.8529592e-02   9.1013659e-01
   2.8575313e-02   9.1085550e-01
   2.8614894e-02   9.1157441e-01
   2.8740251e-02   9.1229331e-01
   2.8766073e-02   9.1301222e-01
   2.8781130e-02   9.1373113e-01
   2.9181286e-02   9.1445004e-01
   2.9283455e-02   9.1516894e-01
   2.9321928e-02   9.1588785e-01
   2.9389895e-02   9.1660676e-01
   2.9409171e-02   9.1732566e-01
   2.9458493e-02   9.1804457e-01
   2.9523423e-02   9.1876348e-01
   2.9696468e-02   9.1948239e-01
   2.9896055e-02   9.2020129e-01
   3.0107176e-02   9.2092020e-01
   3.0228179e-02   9.2163911e-01
   3.0312242e-02   9.2235802e-01
   3.0617448e-02   9.2379583e-01
   3.0701059e-02   9.2451474e-01
   3.0752854e-02   9.2523364e-01
   3.1002847e-02   9.2595255e-01
   3.1067291e-02   9.2667146e-01
   3.1329138e-02   9.2739037e-01
   3.1368686e-02   9.2810927e-01
   3.1500326e-02   9.2882818e-01
   3.1692120e-02   9.2954709e-01
   3.1760659e-02   9.3026600e-01
   3.1981205e-02   9.3098490e-01
   3.2122679e-02   9.3170381e-01
   3.2178096e-02   9.3242272e-01
   3.2196877e-02   9.3314162e-01
   3.2285207e-02   9.3386053e-01
   3.2289296e-02   9.3457944e-01
   3.2493673e-02   9.3601725e-01
   3.2517666e-02   9.3673616e-01
   3.2723531e-02   9.3745507e-01
   3.2885175e-02   9.3817398e-01
   3.2978921e-02   9.3889288e-01
   3.3363727e-02   9.3961179e-01
   3.3371927e-02   9.4033070e-01
   3.3619713e-02   9.4104960e-01
   3.3854807e-02   9.4176851e-01
   3.3944846e-02   9.4248742e-01
   3.4028907e-02   9.4320633e-01
   3.4360242e-02   9.4392523e-01
   3.5042457e-02   9.4464414e-01
   3.5061396e-02   9.4536305e-01
   3.5340088e-02   9.4608196e-01
   3.5757150e-02   9.4680086e-01
   3.6317098e-02   9.4751977e-01
   3.6363115e-02   9.4823868e-01
   3.6513262e-02   9.4895758e-01
   3.6770733e-02   9.4967649e-01
   3.6792761e-02   9.5039540e-01
   3.6952232e-02   9.5111431e-01
   3.7313348e-02   9.5183321e-01
   3.7898404e-02   9.5255212e-01
   3.8781765e-02   9.5327103e-01
   3.8804006e-02   9.5398994e-01
   4.0150811e-02   9.5470884e-01
   4.0595959e-02   9.5542775e-01
   4.0699605e-02   9.5614666e-01
   4.0900513e-02   9.5758447e-01
   4.1131760e-02   9.5830338e-01
   4.1472349e-02   9.5902229e-01
   4.1905934e-02   9.5974119e-01
   4.2124190e-02   9.6046010e-01
   4.2411603e-02   9.6117901e-01
   4.2627477e-02   9.6189792e-01
   4.2687751e-02   9.6261682e-01
   4.2832814e-02   9.6333573e-01
   4.3423996e-02   9.6405464e-01
   4.3483332e-02   9.6477354e-01
   4.3814796e-02   9.6549245e-01
   4.3950275e-02   9.6621136e-01
   4.4002745e-02   9.6693027e-01
   4.4670040e-02   9.6764917e-01
   4.4776870e-02   9.6836808e-01
   4.6000275e-02   9.6908699e-01
   4.6049842e-02   9.6980590e-01
   4.6214855e-02   9.7052480e-01
   4.6234150e-02   9.7124371e-01
   4.6759825e-02   9.7196262e-01
   4.7135308e-02   9.7268152e-01
   4.7167810e-02   9.7340043e-01
   4.7840810e-02   9.7411934e-01
   4.7982146e-02   9.7483825e-01
   4.9060092e-02   9.7555715e-01
   4.9184226e-02   9.7627606e-01
   4.9186264e-02   9.7699497e-01
   5.0845384e-02   9.7771387e-01
   5.1537092e-02   9.7843278e-01
   5.1593033e-02   9.7915169e-01
   5.2014927e-02   9.7987060e-01
   5.2034878e-02   9.8058950e-01
   5.2330976e-02   9.8130841e-01
   5.2353681e-02   9.8202732e-01
   5.2594188e-02   9.8274623e-01
   5.3081814e-02   9.8418404e-01
   5.3245990e-02   9.8490295e-01
   5.4108366e-02   9.8562185e-01
   5.4231669e-02   9.8634076e-01
   5.4312988e-02   9.8705967e-01
   5.4354995e-02   9.8777858e-01
   5.4384979e-02   9.8849748e-01
   5.5626454e-02   9.8921639e-01
   5.6700750e-02   9.8993530e-01
   5.8320024e-02   9.9065421e-01
   5.9590098e-02   9.9137311e-01
   5.9774685e-02   9.9209202e-01
   6.0128571e-02   9.9281093e-01
   6.0922737e-02   9.9352983e-01
   6.1253661e-02   9.9424874e-01
   6.1621011e-02   9.9496765e-01
   6.2518330e-02   9.9568656e-01
   6.9511215e-02   9.9640546e-01
   7.8131953e-02   9.9712437e-01
   8.0726732e-02   9.9784328e-01
   8.4394068e-02   9.9856219e-01
   1.0231777e-01   9.9928109e-01
   1.2820565e-01   1.0000000e+00
