   1.0052858e-02   0.0000000e+00
   1.0052858e-02   7.1942446e-03
   1.0566491e-02   1.4388489e-02
   1.0574301e-02   2.1582734e-02
   1.0849815e-02   2.8776978e-02
   1.1726463e-02   3.5971223e-02
   1.2098994e-02   4.3165468e-02
   1.3209501e-02   5.0359712e-02
   1.3795852e-02   5.7553957e-02
   1.4907589e-02   6.4748201e-02
   1.5245180e-02   7.1942446e-02
   1.5262758e-02   7.9136691e-02
   1.5366354e-02   8.6330935e-02
   1.5917555e-02   9.3525180e-02
   1.6579515e-02   1.0791367e-01
   1.7297900e-02   1.1510791e-01
   1.7299297e-02   1.2230216e-01
   1.7623294e-02   1.2949640e-01
   1.7686060e-02   1.3669065e-01
   1.9424789e-02   1.4388489e-01
   1.9763703e-02   1.5107914e-01
   1.9936293e-02   1.5827338e-01
   1.9955529e-02   1.6546763e-01
   2.0108948e-02   1.7266187e-01
   2.0299496e-02   1.7985612e-01
   2.0521986e-02   1.8705036e-01
   2.0702042e-02   1.9424460e-01
   2.0840562e-02   2.0863309e-01
   2.1193284e-02   2.1582734e-01
   2.1264210e-02   2.2302158e-01
   2.1293045e-02   2.3021583e-01
   2.1510482e-02   2.3741007e-01
   2.2002886e-02   2.4460432e-01
   2.2183456e-02   2.5179856e-01
   2.2402410e-02   2.5899281e-01
   2.2937721e-02   2.6618705e-01
   2.3162016e-02   2.7338129e-01
   2.3179208e-02   2.8057554e-01
   2.3487327e-02   2.8776978e-01
   2.3794585e-02   2.9496403e-01
   2.4116742e-02   3.0215827e-01
   2.4365665e-02   3.0935252e-01
   2.4924042e-02   3.1654676e-01
   2.6432494e-02   3.2374101e-01
   2.6453221e-02   3.3093525e-01
   2.6906624e-02   3.3812950e-01
   2.7719006e-02   3.4532374e-01
   2.7849560e-02   3.5251799e-01
   2.8109390e-02   3.5971223e-01
   2.8507628e-02   3.6690647e-01
   2.8887860e-02   3.7410072e-01
   2.9088524e-02   3.8129496e-01
   2.9110873e-02   3.8848921e-01
   2.9712959e-02   3.9568345e-01
   2.9714132e-02   4.0287770e-01
   2.9880973e-02   4.1007194e-01
   3.0284379e-02   4.1726619e-01
   3.0521983e-02   4.2446043e-01
   3.0641916e-02   4.3165468e-01
   3.0872150e-02   4.3884892e-01
   3.1235871e-02   4.4604317e-01
   3.1579648e-02   4.5323741e-01
   3.1582008e-02   4.6043165e-01
   3.2162306e-02   4.6762590e-01
   3.2620448e-02   4.7482014e-01
   3.2816969e-02   4.8201439e-01
   3.2905918e-02   4.8920863e-01
   3.3713843e-02   4.9640288e-01
   3.3723967e-02   5.0359712e-01
   3.3725266e-02   5.1079137e-01
   3.4336608e-02   5.1798561e-01
   3.4679653e-02   5.2517986e-01
   3.5463197e-02   5.3237410e-01
   3.5586287e-02   5.3956835e-01
   3.6163978e-02   5.4676259e-01
   3.6272014e-02   5.5395683e-01
   3.8128165e-02   5.6115108e-01
   3.9134371e-02   5.6834532e-01
   3.9728727e-02   5.7553957e-01
   4.0293201e-02   5.8273381e-01
   4.1267870e-02   5.8992806e-01
   4.1492593e-02   5.9712230e-01
   4.1522173e-02   6.0431655e-01
   4.2253814e-02   6.1151079e-01
   4.5422740e-02   6.1870504e-01
   4.5553230e-02   6.2589928e-01
   4.5605611e-02   6.3309353e-01
   4.6925187e-02   6.4028777e-01
   4.7647053e-02   6.4748201e-01
   4.8152594e-02   6.5467626e-01
   4.8951175e-02   6.6187050e-01
   4.9074932e-02   6.6906475e-01
   4.9399476e-02   6.7625899e-01
   4.9889394e-02   6.8345324e-01
   5.1000959e-02   6.9064748e-01
   5.2428494e-02   6.9784173e-01
   5.2820050e-02   7.0503597e-01
   5.2864078e-02   7.1223022e-01
   5.4302637e-02   7.1942446e-01
   5.5427714e-02   7.2661871e-01
   5.6398143e-02   7.3381295e-01
   5.6858191e-02   7.4100719e-01
   5.6891129e-02   7.4820144e-01
   5.7501057e-02   7.5539568e-01
   5.7724531e-02   7.6258993e-01
   5.9086433e-02   7.6978417e-01
   6.2700695e-02   7.7697842e-01
   6.3734095e-02   7.8417266e-01
   6.4418823e-02   7.9136691e-01
   6.8205889e-02   7.9856115e-01
   6.8210221e-02   8.0575540e-01
   6.8730616e-02   8.1294964e-01
   6.9342961e-02   8.2014388e-01
   6.9992753e-02   8.2733813e-01
   7.0215668e-02   8.3453237e-01
   7.3590223e-02   8.4172662e-01
   7.3871911e-02   8.4892086e-01
   7.7705048e-02   8.5611511e-01
   7.7979296e-02   8.6330935e-01
   7.8877439e-02   8.7050360e-01
   7.9573494e-02   8.7769784e-01
   7.9742075e-02   8.8489209e-01
   8.0923609e-02   8.9208633e-01
   8.2934983e-02   8.9928058e-01
   8.4721216e-02   9.0647482e-01
   8.5267367e-02   9.1366906e-01
   9.1295813e-02   9.2086331e-01
   9.2885839e-02   9.2805755e-01
   9.8300862e-02   9.3525180e-01
   1.0022186e-01   9.4244604e-01
   1.0289315e-01   9.4964029e-01
   1.0341637e-01   9.5683453e-01
   1.1166311e-01   9.6402878e-01
   1.1467364e-01   9.7122302e-01
   1.1699729e-01   9.7841727e-01
   1.2196792e-01   9.8561151e-01
   1.2315919e-01   9.9280576e-01
   1.8536240e-01   1.0000000e+00
