   5.1308167e-03   0.0000000e+00
   5.1308167e-03   1.2254902e-03
   5.2508291e-03   2.4509804e-03
   5.5037738e-03   3.6764706e-03
   5.7062136e-03   4.9019608e-03
   6.3804599e-03   6.1274510e-03
   6.4524900e-03   7.3529412e-03
   6.6487823e-03   8.5784314e-03
   6.6702710e-03   9.8039216e-03
   6.9612327e-03   1.1029412e-02
   7.0269651e-03   1.2254902e-02
   7.0896759e-03   1.3480392e-02
   7.2246413e-03   1.4705882e-02
   7.2671012e-03   1.9607843e-02
   7.3531013e-03   2.0833333e-02
   7.4412636e-03   2.2058824e-02
   7.5850191e-03   2.4509804e-02
   7.5936289e-03   2.5735294e-02
   7.6719729e-03   2.6960784e-02
   7.8496555e-03   2.9411765e-02
   7.8504424e-03   3.3088235e-02
   7.9146329e-03   3.4313725e-02
   8.0199352e-03   3.5539216e-02
   8.0228436e-03   3.6764706e-02
   8.1228964e-03   3.7990196e-02
   8.1248593e-03   3.9215686e-02
   8.1622079e-03   4.0441176e-02
   8.1679536e-03   4.2892157e-02
   8.1786943e-03   4.4117647e-02
   8.2438535e-03   4.5343137e-02
   8.3786771e-03   4.6568627e-02
   8.4085195e-03   5.0245098e-02
   8.4810003e-03   5.1470588e-02
   8.6014230e-03   5.3921569e-02
   8.7003098e-03   5.5147059e-02
   8.7070144e-03   5.6372549e-02
   8.7338059e-03   6.1274510e-02
   8.7521141e-03   6.6176471e-02
   8.8356694e-03   6.8627451e-02
   8.9202543e-03   6.9852941e-02
   8.9564082e-03   7.1078431e-02
   8.9891207e-03   7.3529412e-02
   9.0000622e-03   7.5980392e-02
   9.0160613e-03   8.0882353e-02
   9.0485823e-03   8.3333333e-02
   9.0810407e-03   8.5784314e-02
   9.2887865e-03   8.9460784e-02
   9.3037206e-03   9.0686275e-02
   9.3058367e-03   9.5588235e-02
   9.3356929e-03   1.0294118e-01
   9.4678329e-03   1.0416667e-01
   9.5701245e-03   1.0784314e-01
   9.5764031e-03   1.0906863e-01
   9.5993413e-03   1.1519608e-01
   9.6637432e-03   1.2132353e-01
   9.6864972e-03   1.2254902e-01
   9.8718328e-03   1.2377451e-01
   9.9186756e-03   1.2500000e-01
   9.9354725e-03   1.2745098e-01
   1.0000532e-02   1.3235294e-01
   1.0024817e-02   1.3357843e-01
   1.0151382e-02   1.3480392e-01
   1.0189333e-02   1.3602941e-01
   1.0255212e-02   1.3725490e-01
   1.0257617e-02   1.3848039e-01
   1.0344028e-02   1.4215686e-01
   1.0437989e-02   1.4338235e-01
   1.0454653e-02   1.4705882e-01
   1.0473235e-02   1.4828431e-01
   1.0502788e-02   1.5073529e-01
   1.0582585e-02   1.5318627e-01
   1.0584916e-02   1.5441176e-01
   1.0731523e-02   1.5931373e-01
   1.0732921e-02   1.6053922e-01
   1.0765966e-02   1.6176471e-01
   1.0820726e-02   1.6421569e-01
   1.0823555e-02   1.6666667e-01
   1.0830366e-02   1.7401961e-01
   1.0836625e-02   1.7524510e-01
   1.0877426e-02   1.7647059e-01
   1.0915623e-02   1.7892157e-01
   1.1007847e-02   1.8014706e-01
   1.1030443e-02   1.8137255e-01
   1.1050896e-02   1.8627451e-01
   1.1085771e-02   1.8872549e-01
   1.1165860e-02   1.8995098e-01
   1.1250737e-02   1.9240196e-01
   1.1274506e-02   1.9485294e-01
   1.1314639e-02   1.9607843e-01
   1.1335449e-02   1.9852941e-01
   1.1349298e-02   2.0098039e-01
   1.1383013e-02   2.0220588e-01
   1.1413098e-02   2.0710784e-01
   1.1413760e-02   2.1200980e-01
   1.1507398e-02   2.1568627e-01
   1.1588561e-02   2.1691176e-01
   1.1598540e-02   2.1936275e-01
   1.1619351e-02   2.2181373e-01
   1.1629746e-02   2.2303922e-01
   1.1748093e-02   2.2549020e-01
   1.1779563e-02   2.2671569e-01
   1.1888981e-02   2.2794118e-01
   1.1895983e-02   2.2916667e-01
   1.1959559e-02   2.3161765e-01
   1.2089425e-02   2.3284314e-01
   1.2092715e-02   2.3406863e-01
   1.2141731e-02   2.3529412e-01
   1.2150506e-02   2.3651961e-01
   1.2179333e-02   2.3774510e-01
   1.2208850e-02   2.4142157e-01
   1.2230518e-02   2.4264706e-01
   1.2252866e-02   2.4509804e-01
   1.2277895e-02   2.4754902e-01
   1.2331523e-02   2.4877451e-01
   1.2354230e-02   2.5000000e-01
   1.2435976e-02   2.5122549e-01
   1.2467820e-02   2.5245098e-01
   1.2485452e-02   2.5367647e-01
   1.2515503e-02   2.5735294e-01
   1.2526224e-02   2.5857843e-01
   1.2529145e-02   2.5980392e-01
   1.2580509e-02   2.6102941e-01
   1.2600186e-02   2.6225490e-01
   1.2671454e-02   2.6470588e-01
   1.2697899e-02   2.6593137e-01
   1.2782653e-02   2.6715686e-01
   1.2785130e-02   2.6960784e-01
   1.2787893e-02   2.7083333e-01
   1.2790707e-02   2.7205882e-01
   1.2836444e-02   2.7328431e-01
   1.2845134e-02   2.7450980e-01
   1.2913888e-02   2.7696078e-01
   1.2941437e-02   2.7941176e-01
   1.3038470e-02   2.8063725e-01
   1.3048157e-02   2.8186275e-01
   1.3060242e-02   2.8553922e-01
   1.3061028e-02   2.8921569e-01
   1.3096973e-02   2.9044118e-01
   1.3099467e-02   2.9166667e-01
   1.3100388e-02   2.9411765e-01
   1.3163343e-02   2.9534314e-01
   1.3253121e-02   2.9656863e-01
   1.3287848e-02   2.9779412e-01
   1.3297986e-02   2.9901961e-01
   1.3340542e-02   3.0024510e-01
   1.3368112e-02   3.0147059e-01
   1.3371071e-02   3.0269608e-01
   1.3474387e-02   3.0392157e-01
   1.3489199e-02   3.0514706e-01
   1.3496307e-02   3.0759804e-01
   1.3500212e-02   3.0882353e-01
   1.3627687e-02   3.1004902e-01
   1.3637743e-02   3.1127451e-01
   1.3669851e-02   3.1250000e-01
   1.3673135e-02   3.1372549e-01
   1.3682314e-02   3.1495098e-01
   1.3835527e-02   3.1617647e-01
   1.3873079e-02   3.1740196e-01
   1.3923015e-02   3.2230392e-01
   1.3940079e-02   3.2352941e-01
   1.3948080e-02   3.2475490e-01
   1.3984616e-02   3.2720588e-01
   1.4002943e-02   3.2843137e-01
   1.4044663e-02   3.2965686e-01
   1.4055734e-02   3.3088235e-01
   1.4079899e-02   3.3210784e-01
   1.4084551e-02   3.3333333e-01
   1.4134959e-02   3.3455882e-01
   1.4179352e-02   3.3700980e-01
   1.4215118e-02   3.3946078e-01
   1.4224965e-02   3.4068627e-01
   1.4238403e-02   3.4313725e-01
   1.4242543e-02   3.4436275e-01
   1.4303053e-02   3.4558824e-01
   1.4378944e-02   3.4681373e-01
   1.4423517e-02   3.4803922e-01
   1.4448608e-02   3.4926471e-01
   1.4504056e-02   3.5049020e-01
   1.4515263e-02   3.5171569e-01
   1.4533628e-02   3.5294118e-01
   1.4604219e-02   3.5416667e-01
   1.4616269e-02   3.5539216e-01
   1.4619929e-02   3.5784314e-01
   1.4662405e-02   3.5906863e-01
   1.4761577e-02   3.6029412e-01
   1.4804766e-02   3.6151961e-01
   1.4806902e-02   3.6274510e-01
   1.4849170e-02   3.6397059e-01
   1.4942329e-02   3.6519608e-01
   1.5000484e-02   3.6642157e-01
   1.5013912e-02   3.6764706e-01
   1.5085824e-02   3.6887255e-01
   1.5087552e-02   3.7009804e-01
   1.5091553e-02   3.7132353e-01
   1.5116740e-02   3.7254902e-01
   1.5170038e-02   3.7377451e-01
   1.5187258e-02   3.7500000e-01
   1.5239929e-02   3.7622549e-01
   1.5246075e-02   3.7745098e-01
   1.5342824e-02   3.8112745e-01
   1.5368974e-02   3.8235294e-01
   1.5371235e-02   3.8357843e-01
   1.5394876e-02   3.8480392e-01
   1.5432046e-02   3.8602941e-01
   1.5497047e-02   3.8970588e-01
   1.5640435e-02   3.9338235e-01
   1.5656659e-02   3.9460784e-01
   1.5668487e-02   3.9583333e-01
   1.5690365e-02   3.9950980e-01
   1.5753617e-02   4.0073529e-01
   1.5828651e-02   4.0318627e-01
   1.5831700e-02   4.0441176e-01
   1.5966868e-02   4.0686275e-01
   1.6016061e-02   4.0808824e-01
   1.6041533e-02   4.0931373e-01
   1.6074406e-02   4.1053922e-01
   1.6134885e-02   4.1176471e-01
   1.6194741e-02   4.1299020e-01
   1.6271418e-02   4.1666667e-01
   1.6283042e-02   4.1789216e-01
   1.6411870e-02   4.2034314e-01
   1.6506808e-02   4.2156863e-01
   1.6527941e-02   4.2279412e-01
   1.6554851e-02   4.2401961e-01
   1.6598952e-02   4.2647059e-01
   1.6663950e-02   4.2769608e-01
   1.6747916e-02   4.2892157e-01
   1.6831824e-02   4.3014706e-01
   1.6910365e-02   4.3137255e-01
   1.6918299e-02   4.3259804e-01
   1.6920712e-02   4.3504902e-01
   1.6976454e-02   4.3627451e-01
   1.6984404e-02   4.3750000e-01
   1.7047934e-02   4.3872549e-01
   1.7048025e-02   4.3995098e-01
   1.7107500e-02   4.4117647e-01
   1.7112603e-02   4.4240196e-01
   1.7168821e-02   4.4362745e-01
   1.7272633e-02   4.4485294e-01
   1.7401228e-02   4.4607843e-01
   1.7467134e-02   4.4730392e-01
   1.7529057e-02   4.4852941e-01
   1.7610073e-02   4.4975490e-01
   1.7656546e-02   4.5098039e-01
   1.7687033e-02   4.5220588e-01
   1.7704561e-02   4.5343137e-01
   1.7720446e-02   4.5465686e-01
   1.7913533e-02   4.5588235e-01
   1.7978288e-02   4.5833333e-01
   1.7979701e-02   4.5955882e-01
   1.7996332e-02   4.6078431e-01
   1.8044453e-02   4.6323529e-01
   1.8100187e-02   4.6446078e-01
   1.8135241e-02   4.6568627e-01
   1.8253596e-02   4.6691176e-01
   1.8268519e-02   4.6936275e-01
   1.8273615e-02   4.7058824e-01
   1.8275781e-02   4.7181373e-01
   1.8304324e-02   4.7303922e-01
   1.8349377e-02   4.7549020e-01
   1.8413786e-02   4.7671569e-01
   1.8496469e-02   4.7916667e-01
   1.8512008e-02   4.8039216e-01
   1.8559166e-02   4.8161765e-01
   1.8659418e-02   4.8284314e-01
   1.8715788e-02   4.8406863e-01
   1.8744775e-02   4.8651961e-01
   1.8846907e-02   4.8774510e-01
   1.8856985e-02   4.8897059e-01
   1.8882231e-02   4.9019608e-01
   1.8886227e-02   4.9142157e-01
   1.8897284e-02   4.9264706e-01
   1.9079330e-02   4.9387255e-01
   1.9152298e-02   4.9632353e-01
   1.9160587e-02   4.9754902e-01
   1.9178884e-02   4.9877451e-01
   1.9185815e-02   5.0000000e-01
   1.9198654e-02   5.0122549e-01
   1.9254902e-02   5.0245098e-01
   1.9292872e-02   5.0367647e-01
   1.9418467e-02   5.0490196e-01
   1.9468611e-02   5.0612745e-01
   1.9516337e-02   5.0735294e-01
   1.9650106e-02   5.0857843e-01
   1.9705291e-02   5.0980392e-01
   1.9716466e-02   5.1225490e-01
   1.9721438e-02   5.1470588e-01
   1.9729889e-02   5.1593137e-01
   1.9739796e-02   5.1715686e-01
   1.9743102e-02   5.1960784e-01
   1.9747159e-02   5.2083333e-01
   1.9790620e-02   5.2205882e-01
   1.9927063e-02   5.2328431e-01
   2.0020835e-02   5.2450980e-01
   2.0052161e-02   5.2573529e-01
   2.0119729e-02   5.2696078e-01
   2.0121701e-02   5.2818627e-01
   2.0163980e-02   5.2941176e-01
   2.0251078e-02   5.3063725e-01
   2.0302216e-02   5.3186275e-01
   2.0318008e-02   5.3308824e-01
   2.0334680e-02   5.3431373e-01
   2.0342821e-02   5.3553922e-01
   2.0365250e-02   5.3799020e-01
   2.0368155e-02   5.3921569e-01
   2.0421463e-02   5.4044118e-01
   2.0440527e-02   5.4166667e-01
   2.0456411e-02   5.4289216e-01
   2.0494083e-02   5.4411765e-01
   2.0497077e-02   5.4534314e-01
   2.0587683e-02   5.4779412e-01
   2.0588962e-02   5.4901961e-01
   2.0634612e-02   5.5024510e-01
   2.0688056e-02   5.5147059e-01
   2.0747191e-02   5.5392157e-01
   2.0789109e-02   5.5514706e-01
   2.0875978e-02   5.5637255e-01
   2.0945360e-02   5.5759804e-01
   2.1097611e-02   5.6004902e-01
   2.1270148e-02   5.6127451e-01
   2.1325633e-02   5.6250000e-01
   2.1456525e-02   5.6372549e-01
   2.1490976e-02   5.6495098e-01
   2.1523987e-02   5.6617647e-01
   2.1744262e-02   5.6740196e-01
   2.1747164e-02   5.6862745e-01
   2.1767256e-02   5.6985294e-01
   2.1800729e-02   5.7107843e-01
   2.1833716e-02   5.7230392e-01
   2.1837332e-02   5.7352941e-01
   2.1969239e-02   5.7475490e-01
   2.1969676e-02   5.7598039e-01
   2.2040750e-02   5.7843137e-01
   2.2210377e-02   5.7965686e-01
   2.2309028e-02   5.8088235e-01
   2.2326048e-02   5.8210784e-01
   2.2364080e-02   5.8333333e-01
   2.2372427e-02   5.8455882e-01
   2.2433233e-02   5.8578431e-01
   2.2462698e-02   5.8823529e-01
   2.2497712e-02   5.8946078e-01
   2.2577017e-02   5.9068627e-01
   2.2615784e-02   5.9191176e-01
   2.2637385e-02   5.9313725e-01
   2.2656464e-02   5.9436275e-01
   2.2779764e-02   5.9558824e-01
   2.2802347e-02   5.9681373e-01
   2.2931900e-02   5.9926471e-01
   2.3014797e-02   6.0049020e-01
   2.3016758e-02   6.0171569e-01
   2.3158212e-02   6.0294118e-01
   2.3160192e-02   6.0416667e-01
   2.3190812e-02   6.0539216e-01
   2.3238703e-02   6.0906863e-01
   2.3253487e-02   6.1029412e-01
   2.3259289e-02   6.1151961e-01
   2.3260828e-02   6.1397059e-01
   2.3492973e-02   6.1519608e-01
   2.3496187e-02   6.1642157e-01
   2.3584106e-02   6.1764706e-01
   2.3777807e-02   6.1887255e-01
   2.3818946e-02   6.2009804e-01
   2.3837832e-02   6.2132353e-01
   2.3993643e-02   6.2254902e-01
   2.4068921e-02   6.2377451e-01
   2.4079599e-02   6.2500000e-01
   2.4091455e-02   6.2622549e-01
   2.4290929e-02   6.2745098e-01
   2.4350254e-02   6.2867647e-01
   2.4392326e-02   6.2990196e-01
   2.4404418e-02   6.3112745e-01
   2.4504815e-02   6.3235294e-01
   2.4505731e-02   6.3357843e-01
   2.4557244e-02   6.3480392e-01
   2.4699801e-02   6.3602941e-01
   2.4863523e-02   6.3725490e-01
   2.4919892e-02   6.3848039e-01
   2.4930413e-02   6.3970588e-01
   2.4939607e-02   6.4093137e-01
   2.4946455e-02   6.4338235e-01
   2.5007193e-02   6.4460784e-01
   2.5052449e-02   6.4705882e-01
   2.5077534e-02   6.4828431e-01
   2.5166222e-02   6.4950980e-01
   2.5267390e-02   6.5073529e-01
   2.5317463e-02   6.5196078e-01
   2.5414666e-02   6.5318627e-01
   2.5489105e-02   6.5441176e-01
   2.5525678e-02   6.5563725e-01
   2.5629255e-02   6.5686275e-01
   2.5820357e-02   6.5808824e-01
   2.5849499e-02   6.5931373e-01
   2.5861494e-02   6.6176471e-01
   2.5933729e-02   6.6299020e-01
   2.5998138e-02   6.6421569e-01
   2.6074138e-02   6.6544118e-01
   2.6227707e-02   6.6666667e-01
   2.6259657e-02   6.6789216e-01
   2.6268947e-02   6.6911765e-01
   2.6313823e-02   6.7034314e-01
   2.6386326e-02   6.7156863e-01
   2.6680562e-02   6.7279412e-01
   2.6729523e-02   6.7401961e-01
   2.6735652e-02   6.7524510e-01
   2.7014289e-02   6.7647059e-01
   2.7036226e-02   6.7769608e-01
   2.7048184e-02   6.7892157e-01
   2.7346983e-02   6.8014706e-01
   2.7358257e-02   6.8137255e-01
   2.7378879e-02   6.8259804e-01
   2.7684296e-02   6.8382353e-01
   2.7748714e-02   6.8504902e-01
   2.7927582e-02   6.8627451e-01
   2.7948614e-02   6.8750000e-01
   2.8006483e-02   6.8872549e-01
   2.8125514e-02   6.8995098e-01
   2.8129266e-02   6.9117647e-01
   2.8159797e-02   6.9240196e-01
   2.8253400e-02   6.9362745e-01
   2.8423066e-02   6.9485294e-01
   2.8660350e-02   6.9607843e-01
   2.8729318e-02   6.9730392e-01
   2.8757538e-02   6.9852941e-01
   2.9079353e-02   6.9975490e-01
   2.9084389e-02   7.0098039e-01
   2.9109147e-02   7.0220588e-01
   2.9306229e-02   7.0343137e-01
   2.9339795e-02   7.0465686e-01
   2.9418362e-02   7.0588235e-01
   2.9427926e-02   7.0710784e-01
   2.9590398e-02   7.0833333e-01
   2.9606673e-02   7.0955882e-01
   2.9840320e-02   7.1078431e-01
   2.9864978e-02   7.1200980e-01
   2.9908472e-02   7.1323529e-01
   2.9964582e-02   7.1446078e-01
   3.0000969e-02   7.1568627e-01
   3.0088373e-02   7.1691176e-01
   3.0214237e-02   7.1813725e-01
   3.0219306e-02   7.1936275e-01
   3.0340672e-02   7.2058824e-01
   3.0445230e-02   7.2181373e-01
   3.0473711e-02   7.2303922e-01
   3.0505525e-02   7.2426471e-01
   3.0686283e-02   7.2549020e-01
   3.0700382e-02   7.2671569e-01
   3.0980145e-02   7.2794118e-01
   3.1032084e-02   7.2916667e-01
   3.1128153e-02   7.3039216e-01
   3.1313967e-02   7.3161765e-01
   3.1320235e-02   7.3284314e-01
   3.1324441e-02   7.3406863e-01
   3.1380730e-02   7.3529412e-01
   3.1506700e-02   7.3651961e-01
   3.1605378e-02   7.3774510e-01
   3.1637373e-02   7.3897059e-01
   3.1893889e-02   7.4019608e-01
   3.1978702e-02   7.4142157e-01
   3.2240514e-02   7.4264706e-01
   3.2253739e-02   7.4387255e-01
   3.2297866e-02   7.4509804e-01
   3.2301697e-02   7.4632353e-01
   3.2306257e-02   7.4754902e-01
   3.2491099e-02   7.4877451e-01
   3.2645779e-02   7.5000000e-01
   3.2771786e-02   7.5122549e-01
   3.2824252e-02   7.5245098e-01
   3.2892249e-02   7.5367647e-01
   3.2999303e-02   7.5490196e-01
   3.3257845e-02   7.5612745e-01
   3.3431821e-02   7.5735294e-01
   3.3536074e-02   7.5857843e-01
   3.3638152e-02   7.5980392e-01
   3.3936122e-02   7.6102941e-01
   3.4095868e-02   7.6225490e-01
   3.4286458e-02   7.6348039e-01
   3.4310022e-02   7.6470588e-01
   3.4315114e-02   7.6593137e-01
   3.4361473e-02   7.6715686e-01
   3.4452693e-02   7.6838235e-01
   3.4573287e-02   7.6960784e-01
   3.4623087e-02   7.7083333e-01
   3.4636478e-02   7.7205882e-01
   3.4669370e-02   7.7328431e-01
   3.4958212e-02   7.7450980e-01
   3.5450518e-02   7.7573529e-01
   3.5506240e-02   7.7696078e-01
   3.6323036e-02   7.7818627e-01
   3.6334932e-02   7.7941176e-01
   3.6512871e-02   7.8063725e-01
   3.6849625e-02   7.8186275e-01
   3.6878998e-02   7.8308824e-01
   3.7059611e-02   7.8431373e-01
   3.7084028e-02   7.8553922e-01
   3.7183978e-02   7.8676471e-01
   3.7240034e-02   7.8799020e-01
   3.7282209e-02   7.8921569e-01
   3.7415397e-02   7.9044118e-01
   3.7431111e-02   7.9166667e-01
   3.7480073e-02   7.9289216e-01
   3.7696154e-02   7.9411765e-01
   3.7702050e-02   7.9534314e-01
   3.7738712e-02   7.9656863e-01
   3.7844543e-02   7.9779412e-01
   3.7996842e-02   7.9901961e-01
   3.8122383e-02   8.0024510e-01
   3.8125563e-02   8.0147059e-01
   3.8251087e-02   8.0269608e-01
   3.8582603e-02   8.0392157e-01
   3.8741665e-02   8.0514706e-01
   3.8857782e-02   8.0637255e-01
   3.9541817e-02   8.0759804e-01
   3.9613806e-02   8.0882353e-01
   3.9673930e-02   8.1004902e-01
   4.0042227e-02   8.1127451e-01
   4.0323290e-02   8.1250000e-01
   4.0345312e-02   8.1372549e-01
   4.0545552e-02   8.1495098e-01
   4.0637227e-02   8.1617647e-01
   4.0684306e-02   8.1740196e-01
   4.0889584e-02   8.1862745e-01
   4.0999480e-02   8.1985294e-01
   4.1017844e-02   8.2107843e-01
   4.1178529e-02   8.2230392e-01
   4.1897169e-02   8.2352941e-01
   4.2073834e-02   8.2475490e-01
   4.2109085e-02   8.2598039e-01
   4.2165870e-02   8.2720588e-01
   4.2332398e-02   8.2843137e-01
   4.2333081e-02   8.2965686e-01
   4.2349482e-02   8.3088235e-01
   4.2390956e-02   8.3210784e-01
   4.2737570e-02   8.3333333e-01
   4.2915084e-02   8.3455882e-01
   4.2943461e-02   8.3578431e-01
   4.3096284e-02   8.3823529e-01
   4.3120867e-02   8.3946078e-01
   4.3276882e-02   8.4068627e-01
   4.3700034e-02   8.4191176e-01
   4.3795187e-02   8.4313725e-01
   4.3839872e-02   8.4436275e-01
   4.3914959e-02   8.4558824e-01
   4.4284246e-02   8.4681373e-01
   4.4646733e-02   8.4803922e-01
   4.4656425e-02   8.4926471e-01
   4.5396644e-02   8.5049020e-01
   4.5827246e-02   8.5171569e-01
   4.5923689e-02   8.5294118e-01
   4.6080281e-02   8.5416667e-01
   4.6180625e-02   8.5539216e-01
   4.6201639e-02   8.5661765e-01
   4.6382300e-02   8.5784314e-01
   4.6394262e-02   8.5906863e-01
   4.6506974e-02   8.6029412e-01
   4.6956730e-02   8.6151961e-01
   4.7227316e-02   8.6274510e-01
   4.7284469e-02   8.6397059e-01
   4.7565173e-02   8.6519608e-01
   4.8134086e-02   8.6642157e-01
   4.8399633e-02   8.6764706e-01
   4.8447370e-02   8.6887255e-01
   4.8721384e-02   8.7009804e-01
   4.8753040e-02   8.7132353e-01
   4.8933711e-02   8.7254902e-01
   4.9017833e-02   8.7377451e-01
   4.9262922e-02   8.7500000e-01
   4.9271597e-02   8.7622549e-01
   4.9283240e-02   8.7745098e-01
   4.9441007e-02   8.7867647e-01
   4.9534167e-02   8.7990196e-01
   4.9570636e-02   8.8112745e-01
   4.9919584e-02   8.8235294e-01
   5.0482309e-02   8.8357843e-01
   5.0574221e-02   8.8480392e-01
   5.0982909e-02   8.8602941e-01
   5.1181913e-02   8.8725490e-01
   5.1266947e-02   8.8848039e-01
   5.1338629e-02   8.8970588e-01
   5.2241540e-02   8.9093137e-01
   5.2537407e-02   8.9215686e-01
   5.2773898e-02   8.9338235e-01
   5.2888874e-02   8.9460784e-01
   5.3157994e-02   8.9583333e-01
   5.4330400e-02   8.9705882e-01
   5.5000986e-02   8.9828431e-01
   5.5254930e-02   8.9950980e-01
   5.6291940e-02   9.0073529e-01
   5.6633207e-02   9.0196078e-01
   5.7127161e-02   9.0318627e-01
   5.7130939e-02   9.0441176e-01
   5.7213434e-02   9.0563725e-01
   5.7331767e-02   9.0686275e-01
   5.8668215e-02   9.0808824e-01
   5.9045823e-02   9.0931373e-01
   6.0343825e-02   9.1053922e-01
   6.0354391e-02   9.1176471e-01
   6.0542013e-02   9.1299020e-01
   6.0669065e-02   9.1421569e-01
   6.1043791e-02   9.1544118e-01
   6.1140310e-02   9.1666667e-01
   6.1373053e-02   9.1789216e-01
   6.1797666e-02   9.1911765e-01
   6.2484443e-02   9.2034314e-01
   6.2646222e-02   9.2156863e-01
   6.2798417e-02   9.2279412e-01
   6.3536746e-02   9.2401961e-01
   6.3791803e-02   9.2524510e-01
   6.4454779e-02   9.2647059e-01
   6.4524102e-02   9.2769608e-01
   6.4760561e-02   9.2892157e-01
   6.5061256e-02   9.3014706e-01
   6.7493058e-02   9.3137255e-01
   6.7604230e-02   9.3259804e-01
   6.7936082e-02   9.3382353e-01
   6.8253433e-02   9.3504902e-01
   6.9396635e-02   9.3627451e-01
   6.9867504e-02   9.3750000e-01
   7.0541812e-02   9.3872549e-01
   7.0664962e-02   9.3995098e-01
   7.1028347e-02   9.4117647e-01
   7.3348090e-02   9.4240196e-01
   7.3937324e-02   9.4362745e-01
   7.4043763e-02   9.4485294e-01
   7.4610254e-02   9.4607843e-01
   7.4863451e-02   9.4730392e-01
   7.5171862e-02   9.4852941e-01
   7.5254355e-02   9.4975490e-01
   7.5734344e-02   9.5098039e-01
   7.7137881e-02   9.5220588e-01
   7.7814814e-02   9.5343137e-01
   7.7955561e-02   9.5465686e-01
   8.0946385e-02   9.5588235e-01
   8.2268227e-02   9.5710784e-01
   8.2524061e-02   9.5833333e-01
   8.5276608e-02   9.5955882e-01
   8.5606733e-02   9.6078431e-01
   8.5788123e-02   9.6200980e-01
   8.5829971e-02   9.6323529e-01
   8.5946219e-02   9.6446078e-01
   8.6402122e-02   9.6568627e-01
   8.7678976e-02   9.6691176e-01
   8.8170637e-02   9.6813725e-01
   9.5103001e-02   9.6936275e-01
   9.6148426e-02   9.7058824e-01
   9.9290147e-02   9.7181373e-01
   9.9642338e-02   9.7303922e-01
   1.0290440e-01   9.7426471e-01
   1.1772148e-01   9.7549020e-01
   1.1977071e-01   9.7671569e-01
   1.3019600e-01   9.7794118e-01
   1.3091766e-01   9.7916667e-01
   1.3724951e-01   9.8039216e-01
   1.4214664e-01   9.8161765e-01
   1.4376115e-01   9.8284314e-01
   1.4660357e-01   9.8406863e-01
   1.4999539e-01   9.8529412e-01
   1.5370304e-01   9.8651961e-01
   1.6193185e-01   9.8774510e-01
   1.6469759e-01   9.8897059e-01
   1.6630266e-01   9.9019608e-01
   1.7692845e-01   9.9142157e-01
   1.8210007e-01   9.9264706e-01
   1.8295223e-01   9.9387255e-01
   1.8687873e-01   9.9509804e-01
   2.2561940e-01   9.9632353e-01
   2.2892914e-01   9.9754902e-01
   2.2906876e-01   9.9877451e-01
   2.3167224e-01   1.0000000e+00
