   3.7629486e-03   0.0000000e+00
   3.7629486e-03   6.7980965e-04
   4.1974078e-03   2.0394290e-03
   4.3055148e-03   2.7192386e-03
   4.6899794e-03   3.3990483e-03
   4.7622340e-03   4.0788579e-03
   4.8601107e-03   4.7586676e-03
   4.9007988e-03   5.4384772e-03
   4.9034887e-03   6.7980965e-03
   4.9513843e-03   7.4779062e-03
   5.1296635e-03   8.1577158e-03
   5.1540762e-03   8.8375255e-03
   5.2200585e-03   1.0197145e-02
   5.3087089e-03   1.0876954e-02
   5.3664618e-03   1.2236574e-02
   5.3697064e-03   1.2916383e-02
   5.4041630e-03   1.3596193e-02
   5.4126986e-03   1.5635622e-02
   5.4961400e-03   1.6995241e-02
   5.6125392e-03   1.8354861e-02
   5.6160671e-03   1.9714480e-02
   5.6794233e-03   2.1753909e-02
   5.7597696e-03   2.2433719e-02
   5.7773302e-03   2.5152957e-02
   5.8327434e-03   2.5832767e-02
   5.8354106e-03   2.6512576e-02
   5.8667282e-03   2.7192386e-02
   5.8758059e-03   2.7872196e-02
   5.9107527e-03   2.9231815e-02
   5.9519609e-03   3.0591434e-02
   6.0624830e-03   3.3310673e-02
   6.0641843e-03   3.3990483e-02
   6.0777297e-03   3.4670292e-02
   6.0836305e-03   3.5350102e-02
   6.1280193e-03   3.6709721e-02
   6.1396323e-03   4.2148199e-02
   6.2091200e-03   4.2828008e-02
   6.2985398e-03   4.6227056e-02
   6.3303176e-03   4.8266485e-02
   6.3311062e-03   4.8946295e-02
   6.3388130e-03   5.3704963e-02
   6.3553525e-03   5.4384772e-02
   6.3955423e-03   5.5064582e-02
   6.4102942e-03   5.6424201e-02
   6.5099311e-03   5.7104011e-02
   6.5145069e-03   5.8463630e-02
   6.5291766e-03   6.0503059e-02
   6.5426084e-03   6.3902107e-02
   6.5484528e-03   6.6621346e-02
   6.5896328e-03   6.7301156e-02
   6.6013133e-03   7.0020394e-02
   6.6495517e-03   7.0700204e-02
   6.6678768e-03   7.2059823e-02
   6.6864076e-03   7.4099252e-02
   6.7649293e-03   7.5458872e-02
   6.7675798e-03   7.9537729e-02
   6.7938255e-03   8.0217539e-02
   6.8028686e-03   8.0897349e-02
   6.8697533e-03   8.2256968e-02
   6.9477302e-03   8.4976207e-02
   6.9666404e-03   8.7015636e-02
   6.9953026e-03   9.1094494e-02
   7.0081816e-03   9.2454113e-02
   7.0140519e-03   9.3133923e-02
   7.0507932e-03   9.3813732e-02
   7.0636531e-03   9.8572400e-02
   7.0936063e-03   9.9252209e-02
   7.1248251e-03   9.9932019e-02
   7.1427966e-03   1.0129164e-01
   7.2278146e-03   1.0197145e-01
   7.2308090e-03   1.0333107e-01
   7.2517926e-03   1.0537050e-01
   7.2575635e-03   1.0605031e-01
   7.2672620e-03   1.0808973e-01
   7.3140916e-03   1.1012916e-01
   7.4001083e-03   1.1080897e-01
   7.4211833e-03   1.1284840e-01
   7.4727651e-03   1.1896669e-01
   7.4797874e-03   1.2236574e-01
   7.5136196e-03   1.2440517e-01
   7.5137204e-03   1.2576479e-01
   7.5258973e-03   1.2712441e-01
   7.5516114e-03   1.2780421e-01
   7.5825067e-03   1.2848402e-01
   7.6010292e-03   1.3052345e-01
   7.6966879e-03   1.3324269e-01
   7.7004909e-03   1.3528212e-01
   7.7216883e-03   1.3732155e-01
   7.7313163e-03   1.4208022e-01
   7.7751496e-03   1.4276003e-01
   7.7906064e-03   1.4615908e-01
   7.8030060e-03   1.4683889e-01
   7.8764752e-03   1.4751869e-01
   7.9281258e-03   1.4955812e-01
   7.9385929e-03   1.5091774e-01
   7.9450357e-03   1.5227736e-01
   7.9763990e-03   1.5771584e-01
   7.9892221e-03   1.6451394e-01
   7.9893579e-03   1.6655337e-01
   8.0511371e-03   1.6723317e-01
   8.0595760e-03   1.6791298e-01
   8.1326506e-03   1.6859279e-01
   8.1566858e-03   1.7131203e-01
   8.1631753e-03   1.7267165e-01
   8.1658564e-03   1.7403127e-01
   8.1865578e-03   1.7471108e-01
   8.1962192e-03   1.7878994e-01
   8.2363603e-03   1.7946975e-01
   8.2495048e-03   1.8014956e-01
   8.2517202e-03   1.8082937e-01
   8.3336323e-03   1.8354861e-01
   8.3648730e-03   1.8422842e-01
   8.3942518e-03   1.8490823e-01
   8.4045168e-03   1.9034670e-01
   8.4104476e-03   1.9850442e-01
   8.4400485e-03   1.9986404e-01
   8.4522912e-03   2.0054385e-01
   8.5010905e-03   2.0734194e-01
   8.5195979e-03   2.0938137e-01
   8.5384765e-03   2.1074099e-01
   8.6110295e-03   2.1142080e-01
   8.6291329e-03   2.1278042e-01
   8.6323740e-03   2.1414004e-01
   8.6516237e-03   2.1821890e-01
   8.6985819e-03   2.1957852e-01
   8.7271319e-03   2.2229776e-01
   8.7701578e-03   2.2365738e-01
   8.8609453e-03   2.2977566e-01
   8.8654909e-03   2.3045547e-01
   8.8927349e-03   2.3317471e-01
   8.9040160e-03   2.3929300e-01
   8.9158010e-03   2.4133243e-01
   8.9617216e-03   2.4201224e-01
   8.9842877e-03   2.4269205e-01
   8.9866333e-03   2.4337186e-01
   9.0425062e-03   2.4677090e-01
   9.0672408e-03   2.4813052e-01
   9.0956606e-03   2.5152957e-01
   9.0983278e-03   2.5220938e-01
   9.1163333e-03   2.5288919e-01
   9.1254457e-03   2.5492862e-01
   9.1612569e-03   2.5560843e-01
   9.1756150e-03   2.5764786e-01
   9.2501458e-03   2.5900748e-01
   9.2743023e-03   2.5968729e-01
   9.3191179e-03   2.6240653e-01
   9.3360565e-03   2.6784500e-01
   9.3419608e-03   2.7328348e-01
   9.4223076e-03   2.7804215e-01
   9.4229165e-03   2.7872196e-01
   9.4404881e-03   2.8212101e-01
   9.4650659e-03   2.8280082e-01
   9.5616509e-03   2.8348063e-01
   9.5668260e-03   2.8552005e-01
   9.5817054e-03   2.8687967e-01
   9.5902364e-03   2.8891910e-01
   9.5915980e-03   2.8959891e-01
   9.5990216e-03   2.9095853e-01
   9.6231965e-03   2.9231815e-01
   9.6292052e-03   2.9299796e-01
   9.6387275e-03   2.9435758e-01
   9.6880813e-03   2.9639701e-01
   9.7094340e-03   2.9707682e-01
   9.7743544e-03   2.9843644e-01
   9.7937648e-03   2.9979606e-01
   9.8016292e-03   3.0047587e-01
   9.8016476e-03   3.0183549e-01
   9.8075136e-03   3.0251530e-01
   9.8315985e-03   3.0931339e-01
   9.8439595e-03   3.1407206e-01
   9.8965988e-03   3.1475187e-01
   9.9576191e-03   3.1679130e-01
   1.0010514e-02   3.1747111e-01
   1.0028208e-02   3.1951054e-01
   1.0030864e-02   3.2154997e-01
   1.0046071e-02   3.2222978e-01
   1.0055756e-02   3.2494901e-01
   1.0086594e-02   3.2630863e-01
   1.0102170e-02   3.2698844e-01
   1.0147916e-02   3.2766825e-01
   1.0167615e-02   3.2970768e-01
   1.0169160e-02   3.3038749e-01
   1.0203125e-02   3.3242692e-01
   1.0230623e-02   3.3378654e-01
   1.0257587e-02   3.3446635e-01
   1.0267240e-02   3.3990483e-01
   1.0273711e-02   3.4194426e-01
   1.0303122e-02   3.4330387e-01
   1.0308662e-02   3.4398368e-01
   1.0325108e-02   3.4466349e-01
   1.0333304e-02   3.4602311e-01
   1.0345754e-02   3.4738273e-01
   1.0363893e-02   3.4806254e-01
   1.0366007e-02   3.4874235e-01
   1.0455826e-02   3.4942216e-01
   1.0493646e-02   3.5078178e-01
   1.0494310e-02   3.5146159e-01
   1.0497441e-02   3.5350102e-01
   1.0506824e-02   3.5486064e-01
   1.0511672e-02   3.5554045e-01
   1.0521380e-02   3.5622026e-01
   1.0536210e-02   3.5690007e-01
   1.0549779e-02   3.5757988e-01
   1.0565272e-02   3.5893950e-01
   1.0608775e-02   3.6301835e-01
   1.0617019e-02   3.6437797e-01
   1.0630090e-02   3.6641740e-01
   1.0652741e-02   3.6709721e-01
   1.0726021e-02   3.6981645e-01
   1.0732924e-02   3.7049626e-01
   1.0739951e-02   3.7117607e-01
   1.0760600e-02   3.7389531e-01
   1.0772923e-02   3.7457512e-01
   1.0785975e-02   3.7525493e-01
   1.0807836e-02   3.7661455e-01
   1.0818433e-02   3.7729436e-01
   1.0826518e-02   3.8069341e-01
   1.0875376e-02   3.8205303e-01
   1.0899195e-02   3.8273283e-01
   1.0940396e-02   3.8341264e-01
   1.0960226e-02   3.8545207e-01
   1.0976835e-02   3.8817131e-01
   1.0986492e-02   3.8953093e-01
   1.1013718e-02   3.9089055e-01
   1.1029253e-02   3.9157036e-01
   1.1038343e-02   3.9225017e-01
   1.1067165e-02   3.9360979e-01
   1.1069644e-02   3.9428960e-01
   1.1082706e-02   3.9496941e-01
   1.1111200e-02   3.9564922e-01
   1.1145300e-02   3.9632903e-01
   1.1192714e-02   3.9768865e-01
   1.1199188e-02   4.0108770e-01
   1.1205099e-02   4.0176751e-01
   1.1225078e-02   4.0244731e-01
   1.1232841e-02   4.0312712e-01
   1.1237951e-02   4.0448674e-01
   1.1238691e-02   4.0516655e-01
   1.1270744e-02   4.0652617e-01
   1.1271715e-02   4.0720598e-01
   1.1333008e-02   4.0856560e-01
   1.1351563e-02   4.0924541e-01
   1.1417644e-02   4.1332427e-01
   1.1426815e-02   4.1400408e-01
   1.1429492e-02   4.1468389e-01
   1.1442609e-02   4.1536370e-01
   1.1447709e-02   4.1604351e-01
   1.1451759e-02   4.1876275e-01
   1.1477373e-02   4.1944256e-01
   1.1492831e-02   4.2012237e-01
   1.1518854e-02   4.2148199e-01
   1.1531418e-02   4.2284160e-01
   1.1552698e-02   4.2352141e-01
   1.1554938e-02   4.2420122e-01
   1.1608902e-02   4.2488103e-01
   1.1629502e-02   4.2692046e-01
   1.1638300e-02   4.2828008e-01
   1.1658840e-02   4.2895989e-01
   1.1665487e-02   4.2963970e-01
   1.1671411e-02   4.3099932e-01
   1.1690209e-02   4.3167913e-01
   1.1701984e-02   4.3235894e-01
   1.1726682e-02   4.3371856e-01
   1.1733456e-02   4.3439837e-01
   1.1794850e-02   4.3643780e-01
   1.1819291e-02   4.3711761e-01
   1.1892856e-02   4.3779742e-01
   1.1917024e-02   4.3983685e-01
   1.1927208e-02   4.4187627e-01
   1.1927691e-02   4.4323589e-01
   1.1941729e-02   4.4391570e-01
   1.1972070e-02   4.4459551e-01
   1.1992451e-02   4.4595513e-01
   1.2014273e-02   4.4731475e-01
   1.2062102e-02   4.4799456e-01
   1.2069242e-02   4.4935418e-01
   1.2125534e-02   4.5139361e-01
   1.2131271e-02   4.5343304e-01
   1.2196302e-02   4.5479266e-01
   1.2227449e-02   4.5547247e-01
   1.2253111e-02   4.5819171e-01
   1.2255395e-02   4.5887152e-01
   1.2281871e-02   4.5955133e-01
   1.2332329e-02   4.6091094e-01
   1.2359460e-02   4.6295037e-01
   1.2362127e-02   4.6363018e-01
   1.2365569e-02   4.6430999e-01
   1.2373829e-02   4.6566961e-01
   1.2405647e-02   4.6634942e-01
   1.2425858e-02   4.6702923e-01
   1.2454943e-02   4.6838885e-01
   1.2461983e-02   4.6906866e-01
   1.2476339e-02   4.6974847e-01
   1.2510934e-02   4.7042828e-01
   1.2521452e-02   4.7110809e-01
   1.2536475e-02   4.7246771e-01
   1.2559948e-02   4.7382733e-01
   1.2591660e-02   4.7450714e-01
   1.2597626e-02   4.7518695e-01
   1.2603530e-02   4.7586676e-01
   1.2619688e-02   4.7654657e-01
   1.2632035e-02   4.7722638e-01
   1.2716826e-02   4.7790619e-01
   1.2718317e-02   4.7926581e-01
   1.2741407e-02   4.7994562e-01
   1.2790427e-02   4.8130523e-01
   1.2805483e-02   4.8198504e-01
   1.2822009e-02   4.8266485e-01
   1.2839200e-02   4.8334466e-01
   1.2848338e-02   4.8402447e-01
   1.2865964e-02   4.8470428e-01
   1.2885392e-02   4.8538409e-01
   1.2962192e-02   4.8606390e-01
   1.3008855e-02   4.8742352e-01
   1.3028727e-02   4.8810333e-01
   1.3062140e-02   4.8878314e-01
   1.3069334e-02   4.9014276e-01
   1.3097512e-02   4.9150238e-01
   1.3123429e-02   4.9218219e-01
   1.3209352e-02   4.9286200e-01
   1.3249544e-02   4.9354181e-01
   1.3279795e-02   4.9490143e-01
   1.3294789e-02   4.9626105e-01
   1.3298747e-02   4.9694086e-01
   1.3304680e-02   4.9830048e-01
   1.3336424e-02   4.9966010e-01
   1.3388429e-02   5.0033990e-01
   1.3398323e-02   5.0101971e-01
   1.3398635e-02   5.0169952e-01
   1.3439327e-02   5.0237933e-01
   1.3439372e-02   5.0305914e-01
   1.3442496e-02   5.0373895e-01
   1.3448240e-02   5.0441876e-01
   1.3520026e-02   5.0509857e-01
   1.3529276e-02   5.0577838e-01
   1.3550150e-02   5.0849762e-01
   1.3563072e-02   5.0985724e-01
   1.3604038e-02   5.1053705e-01
   1.3605737e-02   5.1189667e-01
   1.3652350e-02   5.1257648e-01
   1.3664818e-02   5.1325629e-01
   1.3697755e-02   5.1393610e-01
   1.3721185e-02   5.1597553e-01
   1.3738852e-02   5.1801496e-01
   1.3760861e-02   5.1869477e-01
   1.3765927e-02   5.1937458e-01
   1.3770742e-02   5.2005438e-01
   1.3780451e-02   5.2141400e-01
   1.3799088e-02   5.2209381e-01
   1.3814622e-02   5.2277362e-01
   1.3930230e-02   5.2481305e-01
   1.3982451e-02   5.2549286e-01
   1.4001633e-02   5.2617267e-01
   1.4038263e-02   5.2685248e-01
   1.4051310e-02   5.2753229e-01
   1.4070055e-02   5.2821210e-01
   1.4102708e-02   5.2889191e-01
   1.4126669e-02   5.3161115e-01
   1.4199021e-02   5.3229096e-01
   1.4236306e-02   5.3365058e-01
   1.4249650e-02   5.3433039e-01
   1.4264154e-02   5.3501020e-01
   1.4279718e-02   5.3569001e-01
   1.4292124e-02   5.3704963e-01
   1.4327961e-02   5.3772944e-01
   1.4436377e-02   5.3840925e-01
   1.4455629e-02   5.3908906e-01
   1.4457302e-02   5.3976886e-01
   1.4461585e-02   5.4044867e-01
   1.4467495e-02   5.4112848e-01
   1.4469742e-02   5.4180829e-01
   1.4533905e-02   5.4248810e-01
   1.4625188e-02   5.4384772e-01
   1.4628654e-02   5.4452753e-01
   1.4633758e-02   5.4520734e-01
   1.4658953e-02   5.4588715e-01
   1.4670269e-02   5.4656696e-01
   1.4702446e-02   5.4724677e-01
   1.4711596e-02   5.4792658e-01
   1.4733193e-02   5.4860639e-01
   1.4791730e-02   5.4928620e-01
   1.4800217e-02   5.4996601e-01
   1.4825355e-02   5.5132563e-01
   1.4853033e-02   5.5268525e-01
   1.4870224e-02   5.5336506e-01
   1.4923428e-02   5.5404487e-01
   1.4928039e-02   5.5472468e-01
   1.4946660e-02   5.5540449e-01
   1.4958446e-02   5.5608430e-01
   1.4979804e-02   5.5744392e-01
   1.4980082e-02   5.5812373e-01
   1.5019690e-02   5.5880354e-01
   1.5160190e-02   5.5948334e-01
   1.5161704e-02   5.6084296e-01
   1.5165467e-02   5.6152277e-01
   1.5168620e-02   5.6288239e-01
   1.5168762e-02   5.6356220e-01
   1.5177192e-02   5.6492182e-01
   1.5194063e-02   5.6560163e-01
   1.5233146e-02   5.6628144e-01
   1.5355293e-02   5.6764106e-01
   1.5389291e-02   5.6900068e-01
   1.5393957e-02   5.6968049e-01
   1.5437379e-02   5.7036030e-01
   1.5443891e-02   5.7171992e-01
   1.5454682e-02   5.7239973e-01
   1.5476065e-02   5.7307954e-01
   1.5514527e-02   5.7375935e-01
   1.5515861e-02   5.7443916e-01
   1.5516967e-02   5.7511897e-01
   1.5528854e-02   5.7579878e-01
   1.5536666e-02   5.7647859e-01
   1.5600684e-02   5.7715840e-01
   1.5626257e-02   5.7783821e-01
   1.5697216e-02   5.7987763e-01
   1.5711466e-02   5.8055744e-01
   1.5718663e-02   5.8123725e-01
   1.5753623e-02   5.8191706e-01
   1.5818986e-02   5.8259687e-01
   1.5856248e-02   5.8395649e-01
   1.5877186e-02   5.8463630e-01
   1.5953296e-02   5.8531611e-01
   1.5978716e-02   5.8599592e-01
   1.6089671e-02   5.8667573e-01
   1.6092902e-02   5.8735554e-01
   1.6109066e-02   5.8803535e-01
   1.6123705e-02   5.8939497e-01
   1.6139290e-02   5.9007478e-01
   1.6161437e-02   5.9143440e-01
   1.6239217e-02   5.9211421e-01
   1.6265724e-02   5.9347383e-01
   1.6266868e-02   5.9415364e-01
   1.6275791e-02   5.9619307e-01
   1.6313372e-02   5.9687288e-01
   1.6325799e-02   5.9755269e-01
   1.6332260e-02   5.9823249e-01
   1.6343088e-02   5.9891230e-01
   1.6373116e-02   6.0095173e-01
   1.6440167e-02   6.0163154e-01
   1.6442853e-02   6.0231135e-01
   1.6473203e-02   6.0367097e-01
   1.6487989e-02   6.0435078e-01
   1.6542524e-02   6.0503059e-01
   1.6604809e-02   6.0571040e-01
   1.6625287e-02   6.0707002e-01
   1.6659851e-02   6.0842964e-01
   1.6702125e-02   6.0910945e-01
   1.6719179e-02   6.1046907e-01
   1.6736789e-02   6.1114888e-01
   1.6769717e-02   6.1250850e-01
   1.6788504e-02   6.1454793e-01
   1.6798773e-02   6.1522774e-01
   1.6808498e-02   6.1590755e-01
   1.6811455e-02   6.1658736e-01
   1.6838136e-02   6.1726717e-01
   1.6848534e-02   6.1794697e-01
   1.6849757e-02   6.1862678e-01
   1.6850596e-02   6.1930659e-01
   1.6880097e-02   6.1998640e-01
   1.6993103e-02   6.2066621e-01
   1.7031926e-02   6.2202583e-01
   1.7054233e-02   6.2338545e-01
   1.7076762e-02   6.2406526e-01
   1.7081819e-02   6.2474507e-01
   1.7137426e-02   6.2542488e-01
   1.7220532e-02   6.2610469e-01
   1.7231090e-02   6.2678450e-01
   1.7258266e-02   6.2814412e-01
   1.7264748e-02   6.2950374e-01
   1.7286833e-02   6.3086336e-01
   1.7302727e-02   6.3222298e-01
   1.7354838e-02   6.3290279e-01
   1.7397164e-02   6.3494222e-01
   1.7427528e-02   6.3630184e-01
   1.7454264e-02   6.3698165e-01
   1.7658563e-02   6.3766145e-01
   1.7681685e-02   6.3834126e-01
   1.7721891e-02   6.3902107e-01
   1.7730697e-02   6.3970088e-01
   1.7739969e-02   6.4106050e-01
   1.7752340e-02   6.4174031e-01
   1.7807527e-02   6.4242012e-01
   1.7812172e-02   6.4309993e-01
   1.7832103e-02   6.4445955e-01
   1.7902427e-02   6.4513936e-01
   1.7906499e-02   6.4581917e-01
   1.7959500e-02   6.4785860e-01
   1.7984999e-02   6.4921822e-01
   1.8012840e-02   6.4989803e-01
   1.8018571e-02   6.5057784e-01
   1.8034054e-02   6.5125765e-01
   1.8039979e-02   6.5193746e-01
   1.8040626e-02   6.5261727e-01
   1.8086120e-02   6.5329708e-01
   1.8090759e-02   6.5397689e-01
   1.8184972e-02   6.5465670e-01
   1.8188017e-02   6.5533651e-01
   1.8191321e-02   6.5601632e-01
   1.8228342e-02   6.5737593e-01
   1.8232667e-02   6.5873555e-01
   1.8250891e-02   6.5941536e-01
   1.8326798e-02   6.6009517e-01
   1.8352352e-02   6.6077498e-01
   1.8416983e-02   6.6145479e-01
   1.8465749e-02   6.6281441e-01
   1.8470701e-02   6.6349422e-01
   1.8548163e-02   6.6417403e-01
   1.8579883e-02   6.6553365e-01
   1.8649441e-02   6.6621346e-01
   1.8672113e-02   6.6689327e-01
   1.8683922e-02   6.6757308e-01
   1.8688725e-02   6.6825289e-01
   1.8759529e-02   6.6893270e-01
   1.8773248e-02   6.6961251e-01
   1.8814743e-02   6.7029232e-01
   1.8844779e-02   6.7097213e-01
   1.8864912e-02   6.7165194e-01
   1.8868266e-02   6.7233175e-01
   1.8915902e-02   6.7301156e-01
   1.8930942e-02   6.7369137e-01
   1.8947154e-02   6.7437118e-01
   1.9123855e-02   6.7505099e-01
   1.9129759e-02   6.7573080e-01
   1.9162807e-02   6.7641061e-01
   1.9181080e-02   6.7777022e-01
   1.9199289e-02   6.7845003e-01
   1.9223361e-02   6.7912984e-01
   1.9277455e-02   6.7980965e-01
   1.9306401e-02   6.8048946e-01
   1.9324825e-02   6.8116927e-01
   1.9371095e-02   6.8184908e-01
   1.9376349e-02   6.8252889e-01
   1.9396781e-02   6.8320870e-01
   1.9480647e-02   6.8388851e-01
   1.9543234e-02   6.8456832e-01
   1.9663812e-02   6.8592794e-01
   1.9723620e-02   6.8660775e-01
   1.9823293e-02   6.8728756e-01
   1.9847047e-02   6.8796737e-01
   1.9914786e-02   6.8864718e-01
   1.9917731e-02   6.8932699e-01
   1.9945051e-02   6.9136642e-01
   1.9969081e-02   6.9204623e-01
   2.0031175e-02   6.9272604e-01
   2.0055839e-02   6.9340585e-01
   2.0062308e-02   6.9408566e-01
   2.0093271e-02   6.9476547e-01
   2.0152576e-02   6.9544528e-01
   2.0173813e-02   6.9748470e-01
   2.0289400e-02   6.9816451e-01
   2.0294205e-02   6.9952413e-01
   2.0295833e-02   7.0020394e-01
   2.0303326e-02   7.0224337e-01
   2.0312410e-02   7.0292318e-01
   2.0327976e-02   7.0360299e-01
   2.0341830e-02   7.0428280e-01
   2.0384926e-02   7.0496261e-01
   2.0431976e-02   7.0564242e-01
   2.0514939e-02   7.0632223e-01
   2.0519785e-02   7.0700204e-01
   2.0535068e-02   7.0768185e-01
   2.0547422e-02   7.0836166e-01
   2.0592639e-02   7.0904147e-01
   2.0599135e-02   7.0972128e-01
   2.0644746e-02   7.1108090e-01
   2.0845616e-02   7.1176071e-01
   2.0908961e-02   7.1244052e-01
   2.0911328e-02   7.1312033e-01
   2.0927551e-02   7.1380014e-01
   2.0972011e-02   7.1447995e-01
   2.0988424e-02   7.1515976e-01
   2.0994331e-02   7.1583956e-01
   2.1056926e-02   7.1651937e-01
   2.1102465e-02   7.1719918e-01
   2.1113231e-02   7.1787899e-01
   2.1153710e-02   7.1923861e-01
   2.1226503e-02   7.1991842e-01
   2.1235650e-02   7.2059823e-01
   2.1290989e-02   7.2127804e-01
   2.1357139e-02   7.2195785e-01
   2.1429057e-02   7.2263766e-01
   2.1445104e-02   7.2331747e-01
   2.1452605e-02   7.2399728e-01
   2.1478773e-02   7.2467709e-01
   2.1489086e-02   7.2535690e-01
   2.1518981e-02   7.2603671e-01
   2.1545846e-02   7.2671652e-01
   2.1563438e-02   7.2739633e-01
   2.1593035e-02   7.2807614e-01
   2.1616162e-02   7.2875595e-01
   2.1709769e-02   7.2943576e-01
   2.1720834e-02   7.3011557e-01
   2.1724797e-02   7.3147519e-01
   2.1919298e-02   7.3215500e-01
   2.1920866e-02   7.3283481e-01
   2.1921028e-02   7.3351462e-01
   2.1923133e-02   7.3419443e-01
   2.1926924e-02   7.3487424e-01
   2.1972457e-02   7.3555404e-01
   2.2024399e-02   7.3623385e-01
   2.2139766e-02   7.3691366e-01
   2.2167976e-02   7.3827328e-01
   2.2174665e-02   7.3963290e-01
   2.2190244e-02   7.4031271e-01
   2.2199896e-02   7.4099252e-01
   2.2222877e-02   7.4167233e-01
   2.2283519e-02   7.4235214e-01
   2.2319067e-02   7.4303195e-01
   2.2387615e-02   7.4371176e-01
   2.2398376e-02   7.4439157e-01
   2.2449330e-02   7.4507138e-01
   2.2478061e-02   7.4575119e-01
   2.2491039e-02   7.4643100e-01
   2.2618359e-02   7.4711081e-01
   2.2619225e-02   7.4779062e-01
   2.2621591e-02   7.4847043e-01
   2.2701985e-02   7.4915024e-01
   2.2864667e-02   7.4983005e-01
   2.2903856e-02   7.5050986e-01
   2.3003503e-02   7.5118967e-01
   2.3084457e-02   7.5186948e-01
   2.3105395e-02   7.5254929e-01
   2.3129668e-02   7.5322910e-01
   2.3194055e-02   7.5390891e-01
   2.3216165e-02   7.5458872e-01
   2.3243524e-02   7.5526852e-01
   2.3570445e-02   7.5594833e-01
   2.3618826e-02   7.5662814e-01
   2.3630378e-02   7.5730795e-01
   2.3725544e-02   7.5798776e-01
   2.3733670e-02   7.5934738e-01
   2.3765040e-02   7.6002719e-01
   2.3796751e-02   7.6070700e-01
   2.3843433e-02   7.6206662e-01
   2.3869735e-02   7.6274643e-01
   2.3908218e-02   7.6342624e-01
   2.3968074e-02   7.6410605e-01
   2.4019902e-02   7.6546567e-01
   2.4137145e-02   7.6614548e-01
   2.4170839e-02   7.6682529e-01
   2.4252315e-02   7.6750510e-01
   2.4377858e-02   7.6818491e-01
   2.4394370e-02   7.7022434e-01
   2.4498700e-02   7.7090415e-01
   2.4506222e-02   7.7158396e-01
   2.4519110e-02   7.7226377e-01
   2.4527435e-02   7.7294358e-01
   2.4559673e-02   7.7362339e-01
   2.4711958e-02   7.7430320e-01
   2.4755324e-02   7.7498300e-01
   2.4775122e-02   7.7566281e-01
   2.4869277e-02   7.7634262e-01
   2.4923966e-02   7.7702243e-01
   2.4946275e-02   7.7770224e-01
   2.4950013e-02   7.7838205e-01
   2.4972765e-02   7.7906186e-01
   2.4985292e-02   7.7974167e-01
   2.5021508e-02   7.8042148e-01
   2.5098064e-02   7.8110129e-01
   2.5184399e-02   7.8178110e-01
   2.5213015e-02   7.8246091e-01
   2.5311632e-02   7.8314072e-01
   2.5489226e-02   7.8382053e-01
   2.5490603e-02   7.8450034e-01
   2.5672858e-02   7.8585996e-01
   2.5679090e-02   7.8653977e-01
   2.5697274e-02   7.8721958e-01
   2.5714464e-02   7.8789939e-01
   2.5737498e-02   7.8857920e-01
   2.5901522e-02   7.8925901e-01
   2.5944932e-02   7.9061863e-01
   2.5974790e-02   7.9129844e-01
   2.6100704e-02   7.9197825e-01
   2.6117069e-02   7.9265806e-01
   2.6205054e-02   7.9333787e-01
   2.6234996e-02   7.9401768e-01
   2.6343936e-02   7.9469748e-01
   2.6398382e-02   7.9537729e-01
   2.6582013e-02   7.9605710e-01
   2.6582268e-02   7.9809653e-01
   2.6583686e-02   7.9877634e-01
   2.6630761e-02   7.9945615e-01
   2.6747904e-02   8.0013596e-01
   2.6747927e-02   8.0081577e-01
   2.6768917e-02   8.0149558e-01
   2.6797352e-02   8.0217539e-01
   2.6829024e-02   8.0285520e-01
   2.6832349e-02   8.0421482e-01
   2.6855069e-02   8.0489463e-01
   2.6884519e-02   8.0557444e-01
   2.7008898e-02   8.0625425e-01
   2.7201287e-02   8.0693406e-01
   2.7319775e-02   8.0761387e-01
   2.7345563e-02   8.0829368e-01
   2.7348917e-02   8.0897349e-01
   2.7419183e-02   8.0965330e-01
   2.7443061e-02   8.1033311e-01
   2.7469983e-02   8.1101292e-01
   2.7498509e-02   8.1169273e-01
   2.7522277e-02   8.1237254e-01
   2.7532547e-02   8.1305235e-01
   2.7611036e-02   8.1373215e-01
   2.7638808e-02   8.1441196e-01
   2.7675752e-02   8.1509177e-01
   2.7780437e-02   8.1577158e-01
   2.7813723e-02   8.1645139e-01
   2.8150206e-02   8.1713120e-01
   2.8192927e-02   8.1781101e-01
   2.8208844e-02   8.1849082e-01
   2.8246733e-02   8.1917063e-01
   2.8397265e-02   8.1985044e-01
   2.8397390e-02   8.2053025e-01
   2.8447907e-02   8.2121006e-01
   2.8521370e-02   8.2188987e-01
   2.8603417e-02   8.2256968e-01
   2.8680020e-02   8.2324949e-01
   2.8683818e-02   8.2392930e-01
   2.8812339e-02   8.2460911e-01
   2.9119148e-02   8.2528892e-01
   2.9127995e-02   8.2596873e-01
   2.9160619e-02   8.2664854e-01
   2.9160664e-02   8.2732835e-01
   2.9172194e-02   8.2800816e-01
   2.9177305e-02   8.2868797e-01
   2.9230260e-02   8.2936778e-01
   2.9236798e-02   8.3004759e-01
   2.9243454e-02   8.3072740e-01
   2.9257484e-02   8.3140721e-01
   2.9332767e-02   8.3208702e-01
   2.9378891e-02   8.3276683e-01
   2.9380731e-02   8.3344663e-01
   2.9617486e-02   8.3412644e-01
   2.9626634e-02   8.3548606e-01
   2.9669761e-02   8.3616587e-01
   2.9718279e-02   8.3684568e-01
   2.9768038e-02   8.3752549e-01
   2.9779009e-02   8.3820530e-01
   2.9788023e-02   8.3888511e-01
   2.9853741e-02   8.3956492e-01
   2.9870518e-02   8.4024473e-01
   3.0046242e-02   8.4092454e-01
   3.0068313e-02   8.4160435e-01
   3.0084047e-02   8.4228416e-01
   3.0433498e-02   8.4296397e-01
   3.0589498e-02   8.4364378e-01
   3.0600665e-02   8.4432359e-01
   3.0632254e-02   8.4500340e-01
   3.0699926e-02   8.4568321e-01
   3.0772526e-02   8.4636302e-01
   3.0828636e-02   8.4704283e-01
   3.1048441e-02   8.4772264e-01
   3.1100598e-02   8.4840245e-01
   3.1135618e-02   8.4908226e-01
   3.1242821e-02   8.4976207e-01
   3.1266395e-02   8.5044188e-01
   3.1348289e-02   8.5112169e-01
   3.1493207e-02   8.5180150e-01
   3.1508238e-02   8.5248131e-01
   3.1510698e-02   8.5316111e-01
   3.1535616e-02   8.5384092e-01
   3.1600090e-02   8.5452073e-01
   3.1686139e-02   8.5520054e-01
   3.1817513e-02   8.5588035e-01
   3.1998267e-02   8.5656016e-01
   3.2068104e-02   8.5723997e-01
   3.2141858e-02   8.5791978e-01
   3.2153544e-02   8.5859959e-01
   3.2423998e-02   8.5927940e-01
   3.2706781e-02   8.5995921e-01
   3.2811655e-02   8.6063902e-01
   3.2893866e-02   8.6131883e-01
   3.2929894e-02   8.6199864e-01
   3.3079401e-02   8.6267845e-01
   3.3157515e-02   8.6335826e-01
   3.3424719e-02   8.6403807e-01
   3.3434789e-02   8.6539769e-01
   3.3462462e-02   8.6607750e-01
   3.3544430e-02   8.6675731e-01
   3.3605208e-02   8.6743712e-01
   3.3710207e-02   8.6811693e-01
   3.3866682e-02   8.6879674e-01
   3.3925229e-02   8.6947655e-01
   3.4001206e-02   8.7015636e-01
   3.4128730e-02   8.7083617e-01
   3.4171260e-02   8.7151598e-01
   3.4433371e-02   8.7219579e-01
   3.4498032e-02   8.7287559e-01
   3.4517084e-02   8.7355540e-01
   3.4533370e-02   8.7423521e-01
   3.4573133e-02   8.7491502e-01
   3.4577235e-02   8.7559483e-01
   3.4621852e-02   8.7627464e-01
   3.4737246e-02   8.7695445e-01
   3.4792804e-02   8.7763426e-01
   3.4854911e-02   8.7831407e-01
   3.5069734e-02   8.7899388e-01
   3.5079079e-02   8.7967369e-01
   3.5150470e-02   8.8035350e-01
   3.5166886e-02   8.8103331e-01
   3.5286313e-02   8.8171312e-01
   3.5360153e-02   8.8239293e-01
   3.5406646e-02   8.8307274e-01
   3.5443214e-02   8.8375255e-01
   3.5573547e-02   8.8443236e-01
   3.6003123e-02   8.8511217e-01
   3.6842445e-02   8.8579198e-01
   3.7077856e-02   8.8647179e-01
   3.7122176e-02   8.8715160e-01
   3.7160807e-02   8.8783141e-01
   3.7453729e-02   8.8851122e-01
   3.7472810e-02   8.8919103e-01
   3.7717993e-02   8.8987084e-01
   3.7762899e-02   8.9055065e-01
   3.8020807e-02   8.9123046e-01
   3.8035254e-02   8.9191027e-01
   3.8129954e-02   8.9259007e-01
   3.8292596e-02   8.9326988e-01
   3.8542669e-02   8.9394969e-01
   3.8567818e-02   8.9462950e-01
   3.8569449e-02   8.9530931e-01
   3.8880885e-02   8.9598912e-01
   3.9608358e-02   8.9666893e-01
   3.9653387e-02   8.9734874e-01
   3.9721006e-02   8.9802855e-01
   3.9798305e-02   8.9870836e-01
   3.9874435e-02   8.9938817e-01
   3.9905936e-02   9.0006798e-01
   4.0041349e-02   9.0074779e-01
   4.0161664e-02   9.0142760e-01
   4.0163784e-02   9.0210741e-01
   4.0186016e-02   9.0278722e-01
   4.0347869e-02   9.0346703e-01
   4.0384741e-02   9.0414684e-01
   4.0666612e-02   9.0482665e-01
   4.0721329e-02   9.0550646e-01
   4.0831610e-02   9.0618627e-01
   4.0832827e-02   9.0686608e-01
   4.0870147e-02   9.0754589e-01
   4.1030548e-02   9.0822570e-01
   4.1039571e-02   9.0890551e-01
   4.1245737e-02   9.0958532e-01
   4.1520696e-02   9.1026513e-01
   4.1550102e-02   9.1094494e-01
   4.1693175e-02   9.1162475e-01
   4.2005401e-02   9.1230455e-01
   4.2084819e-02   9.1298436e-01
   4.2219721e-02   9.1366417e-01
   4.2271855e-02   9.1434398e-01
   4.2509838e-02   9.1502379e-01
   4.2568022e-02   9.1570360e-01
   4.2838027e-02   9.1638341e-01
   4.2904513e-02   9.1706322e-01
   4.2934158e-02   9.1774303e-01
   4.3022724e-02   9.1842284e-01
   4.3029438e-02   9.1910265e-01
   4.3092844e-02   9.1978246e-01
   4.3367982e-02   9.2046227e-01
   4.3435396e-02   9.2114208e-01
   4.3591134e-02   9.2182189e-01
   4.3837272e-02   9.2250170e-01
   4.4010631e-02   9.2318151e-01
   4.4222998e-02   9.2386132e-01
   4.4410681e-02   9.2454113e-01
   4.4539167e-02   9.2522094e-01
   4.4770285e-02   9.2590075e-01
   4.6046380e-02   9.2658056e-01
   4.6116511e-02   9.2726037e-01
   4.6124550e-02   9.2794018e-01
   4.6164580e-02   9.2861999e-01
   4.6386443e-02   9.2929980e-01
   4.6628146e-02   9.3065942e-01
   4.6709209e-02   9.3133923e-01
   4.6803699e-02   9.3201903e-01
   4.6977935e-02   9.3269884e-01
   4.7048742e-02   9.3337865e-01
   4.7347451e-02   9.3405846e-01
   4.7413165e-02   9.3473827e-01
   4.7538096e-02   9.3541808e-01
   4.7615705e-02   9.3609789e-01
   4.8102733e-02   9.3677770e-01
   4.8124213e-02   9.3745751e-01
   4.8629507e-02   9.3813732e-01
   4.8733853e-02   9.3881713e-01
   4.8735084e-02   9.3949694e-01
   4.8970678e-02   9.4017675e-01
   4.9023817e-02   9.4085656e-01
   5.0240491e-02   9.4153637e-01
   5.0648334e-02   9.4221618e-01
   5.1082012e-02   9.4289599e-01
   5.1095821e-02   9.4357580e-01
   5.1793627e-02   9.4425561e-01
   5.2013790e-02   9.4493542e-01
   5.2260156e-02   9.4561523e-01
   5.2434279e-02   9.4629504e-01
   5.2576186e-02   9.4697485e-01
   5.3571072e-02   9.4765466e-01
   5.4351532e-02   9.4833447e-01
   5.4525814e-02   9.4901428e-01
   5.4567414e-02   9.4969409e-01
   5.4982290e-02   9.5037390e-01
   5.6428382e-02   9.5105370e-01
   5.7311978e-02   9.5173351e-01
   5.7854706e-02   9.5241332e-01
   5.8135236e-02   9.5309313e-01
   5.8567641e-02   9.5377294e-01
   5.9244597e-02   9.5445275e-01
   5.9717207e-02   9.5513256e-01
   5.9724224e-02   9.5581237e-01
   5.9964716e-02   9.5649218e-01
   6.0354700e-02   9.5717199e-01
   6.0606248e-02   9.5785180e-01
   6.0735143e-02   9.5853161e-01
   6.1599988e-02   9.5921142e-01
   6.1850126e-02   9.5989123e-01
   6.1863110e-02   9.6057104e-01
   6.2998919e-02   9.6125085e-01
   6.3675940e-02   9.6193066e-01
   6.3904406e-02   9.6261047e-01
   6.4290310e-02   9.6329028e-01
   6.4356272e-02   9.6397009e-01
   6.4419076e-02   9.6464990e-01
   6.4624861e-02   9.6532971e-01
   6.5059650e-02   9.6600952e-01
   6.6059626e-02   9.6668933e-01
   6.6418026e-02   9.6736914e-01
   6.6488505e-02   9.6804895e-01
   6.6545876e-02   9.6872876e-01
   6.6633270e-02   9.6940857e-01
   6.6667330e-02   9.7008838e-01
   6.7439973e-02   9.7076818e-01
   6.7981244e-02   9.7144799e-01
   6.8029218e-02   9.7212780e-01
   6.8101390e-02   9.7280761e-01
   7.1448528e-02   9.7348742e-01
   7.1981698e-02   9.7416723e-01
   7.2250971e-02   9.7484704e-01
   7.2350481e-02   9.7552685e-01
   7.2826751e-02   9.7620666e-01
   7.2983378e-02   9.7688647e-01
   7.3532089e-02   9.7756628e-01
   7.3667713e-02   9.7824609e-01
   7.4874679e-02   9.7892590e-01
   7.4910435e-02   9.7960571e-01
   7.5038506e-02   9.8028552e-01
   7.7356348e-02   9.8096533e-01
   7.7666006e-02   9.8164514e-01
   7.7705662e-02   9.8232495e-01
   7.7932229e-02   9.8300476e-01
   7.8789600e-02   9.8368457e-01
   7.9414548e-02   9.8436438e-01
   8.7193982e-02   9.8504419e-01
   8.7809997e-02   9.8572400e-01
   8.7878797e-02   9.8640381e-01
   8.8844522e-02   9.8708362e-01
   8.9644116e-02   9.8776343e-01
   9.0394816e-02   9.8844324e-01
   9.1116872e-02   9.8912305e-01
   9.3270610e-02   9.8980286e-01
   9.4138776e-02   9.9048266e-01
   9.5369506e-02   9.9116247e-01
   9.8157748e-02   9.9184228e-01
   1.1259731e-01   9.9252209e-01
   1.1319289e-01   9.9320190e-01
   1.1635033e-01   9.9388171e-01
   1.2079493e-01   9.9456152e-01
   1.2948425e-01   9.9524133e-01
   1.3387594e-01   9.9592114e-01
   1.4049599e-01   9.9660095e-01
   1.4799590e-01   9.9728076e-01
   1.4842516e-01   9.9796057e-01
   1.6333852e-01   9.9864038e-01
   1.6391599e-01   9.9932019e-01
   2.5556496e-01   1.0000000e+00
