   3.2864000e-03   0.0000000e+00
   3.2864000e-03   6.6666667e-03
   3.7560000e-03   2.0000000e-02
   4.2256000e-03   5.3333333e-02
   4.6952000e-03   7.3333333e-02
   5.1640000e-03   1.2000000e-01
   5.6336000e-03   1.5333333e-01
   6.1032000e-03   1.9333333e-01
   6.5728000e-03   2.2666667e-01
   7.0424000e-03   2.9333333e-01
   7.5120000e-03   3.6000000e-01
   7.9816000e-03   3.7333333e-01
   8.4504000e-03   4.0666667e-01
   8.9200000e-03   4.8000000e-01
   9.3896000e-03   5.0666667e-01
   9.8592000e-03   5.5333333e-01
   1.0328800e-02   6.0666667e-01
   1.0798400e-02   6.2666667e-01
   1.1267200e-02   6.6000000e-01
   1.1736800e-02   6.8000000e-01
   1.2206400e-02   7.0000000e-01
   1.3615200e-02   7.2000000e-01
   1.4084800e-02   7.5333333e-01
   1.4554400e-02   7.6666667e-01
   1.5023200e-02   7.7333333e-01
   1.5492800e-02   7.8666667e-01
   1.5962400e-02   8.0000000e-01
   1.6432000e-02   8.2000000e-01
   1.6901600e-02   8.3333333e-01
   1.7840800e-02   8.4666667e-01
   1.9248800e-02   8.5333333e-01
   1.9718400e-02   8.6666667e-01
   2.0657600e-02   8.8666667e-01
   2.2065600e-02   9.0000000e-01
   2.2535200e-02   9.0666667e-01
   2.5821600e-02   9.2000000e-01
   2.7699200e-02   9.2666667e-01
   3.0047200e-02   9.3333333e-01
   3.0516000e-02   9.4000000e-01
   3.0985600e-02   9.4666667e-01
   3.7558400e-02   9.5333333e-01
   3.8967200e-02   9.6000000e-01
   3.9436800e-02   9.6666667e-01
   3.9906400e-02   9.7333333e-01
   4.0844800e-02   9.8000000e-01
   7.9342400e-02   9.8666667e-01
   1.3615040e-01   9.9333333e-01
   1.5023440e-01   1.0000000e+00
