   5.2080000e-03   0.0000000e+00
   5.2080000e-03   8.4033613e-03
   5.7288000e-03   2.5210084e-02
   6.2504000e-03   4.2016807e-02
   6.7712000e-03   5.8823529e-02
   7.2920000e-03   6.7226891e-02
   7.8128000e-03   7.5630252e-02
   9.3752000e-03   9.2436975e-02
   9.8960000e-03   1.1764706e-01
   1.1458400e-02   1.4285714e-01
   1.1979200e-02   1.5126050e-01
   1.2500000e-02   1.8487395e-01
   1.3020800e-02   2.0168067e-01
   1.3541600e-02   2.1008403e-01
   1.4062400e-02   2.3529412e-01
   1.4583200e-02   2.4369748e-01
   1.5104000e-02   2.5210084e-01
   1.6145600e-02   2.6890756e-01
   1.6666400e-02   2.8571429e-01
   1.7708000e-02   2.9411765e-01
   1.8750400e-02   3.1092437e-01
   1.9270400e-02   3.2773109e-01
   2.0312800e-02   3.5294118e-01
   2.0833600e-02   3.6134454e-01
   2.1875200e-02   3.6974790e-01
   2.2396000e-02   3.9495798e-01
   2.2916800e-02   4.2016807e-01
   2.3437600e-02   4.3697479e-01
   2.3958400e-02   4.4537815e-01
   2.4479200e-02   4.7899160e-01
   2.5000000e-02   4.8739496e-01
   2.6041600e-02   5.0420168e-01
   2.7083200e-02   5.2100840e-01
   2.8124800e-02   5.2941176e-01
   2.9166400e-02   5.3781513e-01
   2.9687200e-02   5.4621849e-01
   3.0729600e-02   5.5462185e-01
   3.1770400e-02   5.6302521e-01
   3.2292000e-02   5.7142857e-01
   3.4375200e-02   5.7983193e-01
   3.4896000e-02   5.8823529e-01
   3.5416800e-02   5.9663866e-01
   3.5937600e-02   6.0504202e-01
   3.6458400e-02   6.1344538e-01
   3.6979200e-02   6.2184874e-01
   3.8020800e-02   6.3025210e-01
   3.8541600e-02   6.3865546e-01
   4.0104000e-02   6.4705882e-01
   4.0624800e-02   6.8067227e-01
   4.2708000e-02   6.9747899e-01
   4.3229600e-02   7.2268908e-01
   4.3750400e-02   7.3949580e-01
   4.5312800e-02   7.5630252e-01
   4.6875200e-02   7.7310924e-01
   4.8958400e-02   7.8151261e-01
   5.0000000e-02   7.8991597e-01
   5.3124800e-02   7.9831933e-01
   5.4687200e-02   8.0672269e-01
   5.5208000e-02   8.1512605e-01
   6.0937600e-02   8.2352941e-01
   6.3020800e-02   8.3193277e-01
   6.4583200e-02   8.4033613e-01
   6.8229600e-02   8.4873950e-01
   7.3958400e-02   8.5714286e-01
   7.5520800e-02   8.6554622e-01
   7.6562400e-02   8.7394958e-01
   7.9687200e-02   8.8235294e-01
   8.4375200e-02   8.9075630e-01
   8.6458400e-02   8.9915966e-01
   8.6979200e-02   9.0756303e-01
   9.6875200e-02   9.2436975e-01
   1.0104160e-01   9.3277311e-01
   1.0989600e-01   9.4957983e-01
   1.1927120e-01   9.5798319e-01
   1.2812480e-01   9.6638655e-01
   1.2864560e-01   9.7478992e-01
   1.3229200e-01   9.8319328e-01
   1.4895840e-01   9.9159664e-01
   2.8124960e-01   1.0000000e+00
