   2.4792000e-03   0.0000000e+00
   2.4792000e-03   3.1347962e-03
   3.3056000e-03   6.2695925e-03
   4.1320000e-03   1.2539185e-02
   4.5456000e-03   3.1347962e-02
   4.9584000e-03   4.3887147e-02
   5.3720000e-03   6.8965517e-02
   5.7848000e-03   9.0909091e-02
   6.1984000e-03   1.0971787e-01
   6.6112000e-03   1.3479624e-01
   7.0248000e-03   1.7868339e-01
   7.4384000e-03   1.9749216e-01
   7.8512000e-03   2.1630094e-01
   8.2648000e-03   2.3824451e-01
   8.6776000e-03   2.6959248e-01
   9.0912000e-03   2.9780564e-01
   9.5040000e-03   3.1034483e-01
   9.9176000e-03   3.4482759e-01
   1.0330400e-02   3.6363636e-01
   1.0744000e-02   3.7617555e-01
   1.1156800e-02   4.1065831e-01
   1.1570400e-02   4.3260188e-01
   1.1983200e-02   4.5454545e-01
   1.2396800e-02   4.8275862e-01
   1.2809600e-02   4.9843260e-01
   1.3223200e-02   5.0783699e-01
   1.3636800e-02   5.2664577e-01
   1.4049600e-02   5.5799373e-01
   1.4463200e-02   5.7053292e-01
   1.4876000e-02   5.9247649e-01
   1.5289600e-02   6.0815047e-01
   1.5702400e-02   6.3636364e-01
   1.6116000e-02   6.6457680e-01
   1.6528800e-02   6.8338558e-01
   1.6942400e-02   6.8965517e-01
   1.7355200e-02   7.0219436e-01
   1.7768800e-02   7.0846395e-01
   1.8181600e-02   7.2100313e-01
   1.9008000e-02   7.2413793e-01
   1.9421600e-02   7.3354232e-01
   1.9834400e-02   7.3981191e-01
   2.0248000e-02   7.4608150e-01
   2.0660800e-02   7.5862069e-01
   2.1074400e-02   7.7429467e-01
   2.1488000e-02   7.7742947e-01
   2.2727200e-02   7.8369906e-01
   2.3140800e-02   7.9623824e-01
   2.3553600e-02   8.0564263e-01
   2.4380000e-02   8.1191223e-01
   2.4793600e-02   8.1504702e-01
   2.5206400e-02   8.2445141e-01
   2.5620000e-02   8.3699060e-01
   2.6032800e-02   8.4326019e-01
   2.6446400e-02   8.4639498e-01
   2.7272800e-02   8.4952978e-01
   2.8099200e-02   8.5266458e-01
   2.8512000e-02   8.5893417e-01
   2.8925600e-02   8.6520376e-01
   2.9339200e-02   8.7147335e-01
   3.0165600e-02   8.7460815e-01
   3.0992000e-02   8.7774295e-01
   3.1404800e-02   8.8087774e-01
   3.1818400e-02   8.8714734e-01
   3.2231200e-02   8.9028213e-01
   3.2644800e-02   8.9341693e-01
   3.3057600e-02   8.9968652e-01
   3.3884000e-02   9.0595611e-01
   3.4297600e-02   9.0909091e-01
   3.6364000e-02   9.1222571e-01
   3.7190400e-02   9.1536050e-01
   3.8429600e-02   9.1849530e-01
   3.9256000e-02   9.2476489e-01
   3.9669600e-02   9.2789969e-01
   4.0082400e-02   9.3103448e-01
   4.1322400e-02   9.3416928e-01
   4.1735200e-02   9.4043887e-01
   4.3388000e-02   9.4357367e-01
   4.4628000e-02   9.4670846e-01
   4.5041600e-02   9.4984326e-01
   4.6694400e-02   9.5611285e-01
   4.8760000e-02   9.5924765e-01
   5.1240000e-02   9.6238245e-01
   5.2892800e-02   9.6551724e-01
   5.4958400e-02   9.6865204e-01
   6.5289600e-02   9.7178683e-01
   7.1487200e-02   9.7492163e-01
   7.3553600e-02   9.7805643e-01
   7.6446400e-02   9.8432602e-01
   7.7272800e-02   9.8746082e-01
   8.3471200e-02   9.9059561e-01
   1.1115680e-01   9.9373041e-01
   1.1322320e-01   9.9686520e-01
   2.3553680e-01   1.0000000e+00
