   5.4889288e-03   0.0000000e+00
   5.4889288e-03   1.5082956e-03
   6.1863136e-03   3.0165913e-03
   6.2102415e-03   4.5248869e-03
   6.7658147e-03   7.5414781e-03
   7.2237029e-03   9.0497738e-03
   7.3781264e-03   1.0558069e-02
   7.4975437e-03   1.2066365e-02
   7.6990665e-03   1.3574661e-02
   7.8352077e-03   1.5082956e-02
   8.0844898e-03   1.6591252e-02
   8.0977137e-03   1.9607843e-02
   8.1961702e-03   2.1116139e-02
   8.2539472e-03   2.4132730e-02
   8.3744478e-03   2.8657617e-02
   8.3850254e-03   3.0165913e-02
   8.5765048e-03   3.1674208e-02
   8.5769243e-03   3.3182504e-02
   8.6678892e-03   3.4690799e-02
   8.8173377e-03   3.6199095e-02
   8.8961031e-03   3.7707391e-02
   9.0220923e-03   3.9215686e-02
   9.0775598e-03   4.0723982e-02
   9.0965032e-03   4.2232278e-02
   9.2590272e-03   4.5248869e-02
   9.2781234e-03   4.6757164e-02
   9.2972755e-03   4.8265460e-02
   9.3905461e-03   5.1282051e-02
   9.4989552e-03   5.2790347e-02
   9.5371635e-03   5.4298643e-02
   9.6981132e-03   5.7315234e-02
   9.8180178e-03   5.8823529e-02
   9.9736983e-03   6.6365008e-02
   9.9822577e-03   6.7873303e-02
   9.9828570e-03   6.9381599e-02
   9.9894688e-03   7.0889894e-02
   1.0093528e-02   7.2398190e-02
   1.0112592e-02   7.3906486e-02
   1.0208616e-02   7.5414781e-02
   1.0257947e-02   7.6923077e-02
   1.0275009e-02   7.8431373e-02
   1.0327155e-02   7.9939668e-02
   1.0348368e-02   8.1447964e-02
   1.0689278e-02   8.2956259e-02
   1.0689517e-02   8.4464555e-02
   1.0707603e-02   8.5972851e-02
   1.0737776e-02   8.7481146e-02
   1.0834732e-02   9.0497738e-02
   1.0920930e-02   9.6530920e-02
   1.0971176e-02   9.8039216e-02
   1.0978333e-02   9.9547511e-02
   1.1039689e-02   1.0105581e-01
   1.1066856e-02   1.0407240e-01
   1.1141447e-02   1.0708899e-01
   1.1167036e-02   1.1010558e-01
   1.1261381e-02   1.1161388e-01
   1.1397637e-02   1.1312217e-01
   1.1398511e-02   1.1463047e-01
   1.1426886e-02   1.1915535e-01
   1.1435557e-02   1.2066365e-01
   1.1556778e-02   1.2217195e-01
   1.1699087e-02   1.2368024e-01
   1.1752330e-02   1.2820513e-01
   1.1763759e-02   1.3273002e-01
   1.1818922e-02   1.3423831e-01
   1.1978980e-02   1.3574661e-01
   1.2107731e-02   1.3876320e-01
   1.2108427e-02   1.4328808e-01
   1.2146110e-02   1.4479638e-01
   1.2179701e-02   1.4630468e-01
   1.2279435e-02   1.4932127e-01
   1.2348484e-02   1.5233786e-01
   1.2371552e-02   1.5384615e-01
   1.2420483e-02   1.5686275e-01
   1.2470449e-02   1.5837104e-01
   1.2585510e-02   1.5987934e-01
   1.2600792e-02   1.6289593e-01
   1.2706056e-02   1.6591252e-01
   1.2820387e-02   1.6742081e-01
   1.2839643e-02   1.6892911e-01
   1.2839865e-02   1.7043741e-01
   1.2865472e-02   1.7496229e-01
   1.3002092e-02   1.7647059e-01
   1.3141379e-02   1.7797888e-01
   1.3182238e-02   1.7948718e-01
   1.3298459e-02   1.8099548e-01
   1.3307359e-02   1.8250377e-01
   1.3319071e-02   1.8401207e-01
   1.3364829e-02   1.8702866e-01
   1.3427821e-02   1.9004525e-01
   1.3445239e-02   1.9155354e-01
   1.3532236e-02   1.9457014e-01
   1.3544816e-02   1.9607843e-01
   1.3558072e-02   1.9758673e-01
   1.3585769e-02   1.9909502e-01
   1.3723622e-02   2.0361991e-01
   1.3781352e-02   2.0663650e-01
   1.3888460e-02   2.0814480e-01
   1.4007876e-02   2.0965309e-01
   1.4029173e-02   2.1116139e-01
   1.4037799e-02   2.1417798e-01
   1.4149737e-02   2.1568627e-01
   1.4199872e-02   2.1719457e-01
   1.4306304e-02   2.2171946e-01
   1.4343383e-02   2.2322775e-01
   1.4488796e-02   2.2473605e-01
   1.4496085e-02   2.2624434e-01
   1.4562736e-02   2.2775264e-01
   1.4584298e-02   2.3227753e-01
   1.4665697e-02   2.3529412e-01
   1.4719566e-02   2.4132730e-01
   1.4756253e-02   2.4434389e-01
   1.4762937e-02   2.4585219e-01
   1.4872177e-02   2.4886878e-01
   1.4961320e-02   2.5339367e-01
   1.4995018e-02   2.5490196e-01
   1.5065189e-02   2.5641026e-01
   1.5168935e-02   2.5942685e-01
   1.5198014e-02   2.6093514e-01
   1.5213534e-02   2.6244344e-01
   1.5385963e-02   2.6395173e-01
   1.5469461e-02   2.6546003e-01
   1.5475239e-02   2.6696833e-01
   1.5670415e-02   2.6847662e-01
   1.5676914e-02   2.7149321e-01
   1.5718411e-02   2.7300151e-01
   1.5912635e-02   2.7450980e-01
   1.6082535e-02   2.7601810e-01
   1.6106952e-02   2.7903469e-01
   1.6145185e-02   2.8054299e-01
   1.6168270e-02   2.8205128e-01
   1.6467905e-02   2.8506787e-01
   1.6507894e-02   2.8959276e-01
   1.6613122e-02   2.9110106e-01
   1.6653903e-02   2.9260935e-01
   1.6768359e-02   2.9562594e-01
   1.6827508e-02   2.9864253e-01
   1.6859133e-02   3.0165913e-01
   1.6917896e-02   3.0316742e-01
   1.6957003e-02   3.0467572e-01
   1.7038481e-02   3.0769231e-01
   1.7097962e-02   3.0920060e-01
   1.7107959e-02   3.1221719e-01
   1.7153849e-02   3.1372549e-01
   1.7335778e-02   3.1523379e-01
   1.7470295e-02   3.1674208e-01
   1.7485964e-02   3.1825038e-01
   1.7535365e-02   3.1975867e-01
   1.7548764e-02   3.2126697e-01
   1.7574175e-02   3.2277526e-01
   1.7760365e-02   3.2428356e-01
   1.7909303e-02   3.2579186e-01
   1.7968527e-02   3.2730015e-01
   1.8043771e-02   3.2880845e-01
   1.8086365e-02   3.3182504e-01
   1.8192376e-02   3.3333333e-01
   1.8289140e-02   3.3484163e-01
   1.8482883e-02   3.3785822e-01
   1.8518659e-02   3.3936652e-01
   1.8542285e-02   3.4389140e-01
   1.8557865e-02   3.4539970e-01
   1.8593989e-02   3.4690799e-01
   1.8630725e-02   3.5143288e-01
   1.8780481e-02   3.5595777e-01
   1.8885056e-02   3.5746606e-01
   1.8990466e-02   3.5897436e-01
   1.9230721e-02   3.6048265e-01
   1.9259718e-02   3.6199095e-01
   1.9260305e-02   3.6349925e-01
   1.9351599e-02   3.6500754e-01
   1.9395096e-02   3.6802413e-01
   1.9472305e-02   3.6953243e-01
   1.9601027e-02   3.7254902e-01
   1.9643338e-02   3.7556561e-01
   1.9707140e-02   3.7707391e-01
   1.9806845e-02   3.7858220e-01
   2.0012062e-02   3.8009050e-01
   2.0034787e-02   3.8310709e-01
   2.0073196e-02   3.8461538e-01
   2.0184881e-02   3.8612368e-01
   2.0186365e-02   3.8763198e-01
   2.0224668e-02   3.8914027e-01
   2.0243824e-02   3.9064857e-01
   2.0298572e-02   3.9215686e-01
   2.0357741e-02   3.9366516e-01
   2.0433650e-02   3.9668175e-01
   2.0437923e-02   3.9969834e-01
   2.0455784e-02   4.0120664e-01
   2.0528787e-02   4.0422323e-01
   2.0696182e-02   4.0573152e-01
   2.0696935e-02   4.1025641e-01
   2.0794382e-02   4.1176471e-01
   2.0902041e-02   4.1478130e-01
   2.0963126e-02   4.1628959e-01
   2.1011946e-02   4.1779789e-01
   2.1055099e-02   4.1930618e-01
   2.1079971e-02   4.2081448e-01
   2.1082536e-02   4.2383107e-01
   2.1129884e-02   4.2533937e-01
   2.1155372e-02   4.2684766e-01
   2.1251338e-02   4.2835596e-01
   2.1365376e-02   4.2986425e-01
   2.1371923e-02   4.3288084e-01
   2.1414356e-02   4.3438914e-01
   2.1415105e-02   4.3589744e-01
   2.1515481e-02   4.3740573e-01
   2.1560619e-02   4.3891403e-01
   2.1682797e-02   4.4042232e-01
   2.1723654e-02   4.4193062e-01
   2.1801602e-02   4.4494721e-01
   2.1802128e-02   4.4645551e-01
   2.1873164e-02   4.4796380e-01
   2.1973370e-02   4.4947210e-01
   2.2084412e-02   4.5098039e-01
   2.2093864e-02   4.5248869e-01
   2.2094176e-02   4.5550528e-01
   2.2134582e-02   4.5852187e-01
   2.2144229e-02   4.6153846e-01
   2.2403094e-02   4.6304676e-01
   2.2469505e-02   4.6606335e-01
   2.2523887e-02   4.7209653e-01
   2.2590157e-02   4.7511312e-01
   2.2597805e-02   4.7812971e-01
   2.2639943e-02   4.7963801e-01
   2.2695332e-02   4.8416290e-01
   2.2759909e-02   4.8567119e-01
   2.2795393e-02   4.8717949e-01
   2.2810447e-02   4.8868778e-01
   2.2815924e-02   4.9321267e-01
   2.2821304e-02   4.9472097e-01
   2.2852526e-02   4.9622926e-01
   2.2959127e-02   4.9773756e-01
   2.3004598e-02   4.9924585e-01
   2.3096164e-02   5.0075415e-01
   2.3242346e-02   5.0226244e-01
   2.3269038e-02   5.0377074e-01
   2.3398653e-02   5.0527903e-01
   2.3417903e-02   5.0678733e-01
   2.3505004e-02   5.0829563e-01
   2.3527616e-02   5.0980392e-01
   2.3633504e-02   5.1131222e-01
   2.3640200e-02   5.1282051e-01
   2.3843467e-02   5.1583710e-01
   2.3867605e-02   5.1734540e-01
   2.3898401e-02   5.1885370e-01
   2.3906430e-02   5.2337858e-01
   2.3962372e-02   5.2488688e-01
   2.3987498e-02   5.2639517e-01
   2.4215462e-02   5.2790347e-01
   2.4219219e-02   5.2941176e-01
   2.4245110e-02   5.3092006e-01
   2.4401848e-02   5.3242836e-01
   2.4448724e-02   5.3393665e-01
   2.4563698e-02   5.3544495e-01
   2.4571282e-02   5.3846154e-01
   2.4624705e-02   5.3996983e-01
   2.4689747e-02   5.4147813e-01
   2.4745392e-02   5.4298643e-01
   2.4837523e-02   5.4449472e-01
   2.4840966e-02   5.4751131e-01
   2.4861929e-02   5.4901961e-01
   2.4928793e-02   5.5052790e-01
   2.4946879e-02   5.5203620e-01
   2.4961771e-02   5.5354449e-01
   2.5011505e-02   5.5656109e-01
   2.5012863e-02   5.5806938e-01
   2.5080886e-02   5.5957768e-01
   2.5167510e-02   5.6108597e-01
   2.5170486e-02   5.6259427e-01
   2.5202694e-02   5.6410256e-01
   2.5343178e-02   5.6561086e-01
   2.5412546e-02   5.6862745e-01
   2.5464027e-02   5.7013575e-01
   2.5483843e-02   5.7164404e-01
   2.5490491e-02   5.7315234e-01
   2.5561830e-02   5.7466063e-01
   2.5584514e-02   5.7616893e-01
   2.5640367e-02   5.7767722e-01
   2.5649166e-02   5.7918552e-01
   2.5705114e-02   5.8069382e-01
   2.5730167e-02   5.8220211e-01
   2.5730774e-02   5.8371041e-01
   2.5801826e-02   5.8672700e-01
   2.5892861e-02   5.8823529e-01
   2.5923532e-02   5.8974359e-01
   2.6004778e-02   5.9125189e-01
   2.6034555e-02   5.9276018e-01
   2.6133370e-02   5.9426848e-01
   2.6307102e-02   5.9577677e-01
   2.6365011e-02   5.9728507e-01
   2.6370746e-02   5.9879336e-01
   2.6430181e-02   6.0030166e-01
   2.6566790e-02   6.0180995e-01
   2.6615251e-02   6.0331825e-01
   2.6638142e-02   6.0784314e-01
   2.6737798e-02   6.0935143e-01
   2.6808855e-02   6.1085973e-01
   2.6855766e-02   6.1236802e-01
   2.7029090e-02   6.1387632e-01
   2.7066548e-02   6.1538462e-01
   2.7067440e-02   6.1689291e-01
   2.7116145e-02   6.1840121e-01
   2.7171538e-02   6.1990950e-01
   2.7231950e-02   6.2141780e-01
   2.7244501e-02   6.2292609e-01
   2.7336526e-02   6.2594268e-01
   2.7454248e-02   6.2745098e-01
   2.7539927e-02   6.2895928e-01
   2.7964539e-02   6.3046757e-01
   2.8058943e-02   6.3197587e-01
   2.8142573e-02   6.3348416e-01
   2.8306968e-02   6.3499246e-01
   2.8448477e-02   6.3650075e-01
   2.8473760e-02   6.3800905e-01
   2.8495776e-02   6.3951735e-01
   2.8513477e-02   6.4102564e-01
   2.8589219e-02   6.4253394e-01
   2.8593750e-02   6.4555053e-01
   2.8610719e-02   6.4705882e-01
   2.8755768e-02   6.4856712e-01
   2.8781372e-02   6.5007541e-01
   2.8824724e-02   6.5158371e-01
   2.8888187e-02   6.5460030e-01
   2.9093209e-02   6.5610860e-01
   2.9408592e-02   6.5761689e-01
   2.9503214e-02   6.5912519e-01
   2.9536950e-02   6.6063348e-01
   2.9607918e-02   6.6214178e-01
   2.9608864e-02   6.6515837e-01
   2.9627554e-02   6.6666667e-01
   2.9728472e-02   6.6817496e-01
   2.9733952e-02   6.6968326e-01
   2.9740435e-02   6.7119155e-01
   2.9889777e-02   6.7269985e-01
   3.0038957e-02   6.7420814e-01
   3.0052967e-02   6.7571644e-01
   3.0151604e-02   6.7722474e-01
   3.0171870e-02   6.7873303e-01
   3.0175753e-02   6.8174962e-01
   3.0280584e-02   6.8325792e-01
   3.0392231e-02   6.8476621e-01
   3.0499943e-02   6.8627451e-01
   3.0624985e-02   6.8778281e-01
   3.1006527e-02   6.9079940e-01
   3.1098756e-02   6.9230769e-01
   3.1210661e-02   6.9381599e-01
   3.1362448e-02   6.9532428e-01
   3.1395354e-02   6.9683258e-01
   3.1483048e-02   6.9834087e-01
   3.1604845e-02   6.9984917e-01
   3.1619576e-02   7.0135747e-01
   3.1954241e-02   7.0286576e-01
   3.2050583e-02   7.0437406e-01
   3.2214708e-02   7.0588235e-01
   3.2389279e-02   7.0889894e-01
   3.2439638e-02   7.1040724e-01
   3.2579585e-02   7.1191554e-01
   3.2612653e-02   7.1342383e-01
   3.2660034e-02   7.1493213e-01
   3.2776292e-02   7.1644042e-01
   3.2786464e-02   7.1794872e-01
   3.2817659e-02   7.1945701e-01
   3.2868730e-02   7.2096531e-01
   3.2935167e-02   7.2247360e-01
   3.3005016e-02   7.2398190e-01
   3.3063607e-02   7.2549020e-01
   3.3109199e-02   7.2699849e-01
   3.3113007e-02   7.2850679e-01
   3.3157119e-02   7.3001508e-01
   3.3200555e-02   7.3152338e-01
   3.3214088e-02   7.3303167e-01
   3.3423747e-02   7.3453997e-01
   3.3485954e-02   7.3604827e-01
   3.3529159e-02   7.3755656e-01
   3.3536139e-02   7.3906486e-01
   3.3551103e-02   7.4057315e-01
   3.3655860e-02   7.4358974e-01
   3.3756073e-02   7.4509804e-01
   3.3880329e-02   7.4660633e-01
   3.3968351e-02   7.4811463e-01
   3.4219667e-02   7.4962293e-01
   3.4251775e-02   7.5113122e-01
   3.4433149e-02   7.5263952e-01
   3.4453517e-02   7.5565611e-01
   3.4548266e-02   7.5716440e-01
   3.4670946e-02   7.5867270e-01
   3.4676832e-02   7.6018100e-01
   3.4776457e-02   7.6319759e-01
   3.4922273e-02   7.6470588e-01
   3.4941712e-02   7.6621418e-01
   3.4973059e-02   7.6772247e-01
   3.4999304e-02   7.6923077e-01
   3.5094384e-02   7.7073906e-01
   3.5181320e-02   7.7224736e-01
   3.5309698e-02   7.7375566e-01
   3.5357892e-02   7.7677225e-01
   3.5521352e-02   7.7828054e-01
   3.5639325e-02   7.7978884e-01
   3.5649826e-02   7.8129713e-01
   3.5818318e-02   7.8280543e-01
   3.6366827e-02   7.8431373e-01
   3.6384751e-02   7.8582202e-01
   3.6837789e-02   7.8733032e-01
   3.6861472e-02   7.8883861e-01
   3.6890835e-02   7.9034691e-01
   3.6941162e-02   7.9336350e-01
   3.7158050e-02   7.9487179e-01
   3.7395801e-02   7.9638009e-01
   3.7662449e-02   7.9788839e-01
   3.7755996e-02   7.9939668e-01
   3.7828371e-02   8.0090498e-01
   3.7877605e-02   8.0241327e-01
   3.8169148e-02   8.0392157e-01
   3.8236375e-02   8.0542986e-01
   3.8521601e-02   8.0693816e-01
   3.8782737e-02   8.0844646e-01
   3.9005149e-02   8.0995475e-01
   3.9048137e-02   8.1146305e-01
   3.9191181e-02   8.1297134e-01
   3.9348222e-02   8.1447964e-01
   3.9404903e-02   8.1598793e-01
   3.9413798e-02   8.1749623e-01
   3.9586311e-02   8.1900452e-01
   3.9727289e-02   8.2051282e-01
   3.9956188e-02   8.2202112e-01
   4.0294291e-02   8.2352941e-01
   4.0477201e-02   8.2503771e-01
   4.0603971e-02   8.2654600e-01
   4.0675801e-02   8.2805430e-01
   4.0715976e-02   8.2956259e-01
   4.0788257e-02   8.3107089e-01
   4.0939556e-02   8.3257919e-01
   4.0956301e-02   8.3408748e-01
   4.0958846e-02   8.3559578e-01
   4.1238492e-02   8.3710407e-01
   4.1376320e-02   8.3861237e-01
   4.2055590e-02   8.4012066e-01
   4.2088116e-02   8.4162896e-01
   4.2949902e-02   8.4313725e-01
   4.3089774e-02   8.4464555e-01
   4.3158104e-02   8.4615385e-01
   4.3452241e-02   8.4766214e-01
   4.3463666e-02   8.4917044e-01
   4.3803004e-02   8.5067873e-01
   4.4005398e-02   8.5218703e-01
   4.4324986e-02   8.5369532e-01
   4.4351841e-02   8.5520362e-01
   4.4602606e-02   8.5671192e-01
   4.4759160e-02   8.5822021e-01
   4.4784149e-02   8.5972851e-01
   4.4987845e-02   8.6123680e-01
   4.5113971e-02   8.6274510e-01
   4.5181423e-02   8.6425339e-01
   4.5438135e-02   8.6576169e-01
   4.5799751e-02   8.6726998e-01
   4.5848566e-02   8.6877828e-01
   4.6063547e-02   8.7028658e-01
   4.6303396e-02   8.7179487e-01
   4.6606351e-02   8.7330317e-01
   4.6968025e-02   8.7481146e-01
   4.7392645e-02   8.7631976e-01
   4.7557854e-02   8.7782805e-01
   4.8089892e-02   8.7933635e-01
   4.8227111e-02   8.8084465e-01
   4.8519961e-02   8.8235294e-01
   4.8806764e-02   8.8386124e-01
   4.9242982e-02   8.8536953e-01
   4.9490333e-02   8.8687783e-01
   4.9867960e-02   8.8838612e-01
   5.1669032e-02   8.8989442e-01
   5.2199377e-02   8.9140271e-01
   5.2371104e-02   8.9291101e-01
   5.2507576e-02   8.9441931e-01
   5.2970774e-02   8.9592760e-01
   5.2971715e-02   8.9743590e-01
   5.3425261e-02   8.9894419e-01
   5.3448671e-02   9.0045249e-01
   5.3619820e-02   9.0196078e-01
   5.3622868e-02   9.0497738e-01
   5.3854774e-02   9.0648567e-01
   5.3855030e-02   9.0799397e-01
   5.3874233e-02   9.0950226e-01
   5.4161306e-02   9.1101056e-01
   5.4382616e-02   9.1251885e-01
   5.4655422e-02   9.1402715e-01
   5.4772048e-02   9.1553544e-01
   5.4984359e-02   9.1704374e-01
   5.5013430e-02   9.1855204e-01
   5.5126061e-02   9.2006033e-01
   5.5334711e-02   9.2156863e-01
   5.5587490e-02   9.2307692e-01
   5.6511565e-02   9.2458522e-01
   5.7617141e-02   9.2609351e-01
   5.8930005e-02   9.2760181e-01
   5.9059056e-02   9.2911011e-01
   5.9132143e-02   9.3061840e-01
   5.9781597e-02   9.3212670e-01
   5.9827989e-02   9.3363499e-01
   5.9844855e-02   9.3514329e-01
   5.9930062e-02   9.3665158e-01
   5.9933716e-02   9.3815988e-01
   6.2682833e-02   9.3966817e-01
   6.2969525e-02   9.4117647e-01
   6.3053396e-02   9.4268477e-01
   6.3528129e-02   9.4419306e-01
   6.3756639e-02   9.4570136e-01
   6.5197474e-02   9.4720965e-01
   6.5704020e-02   9.4871795e-01
   6.5892894e-02   9.5022624e-01
   6.6593084e-02   9.5173454e-01
   6.6846404e-02   9.5324284e-01
   6.7229760e-02   9.5475113e-01
   6.7429341e-02   9.5625943e-01
   6.9032859e-02   9.5776772e-01
   7.0154973e-02   9.5927602e-01
   7.0644176e-02   9.6078431e-01
   7.0675206e-02   9.6229261e-01
   7.0841467e-02   9.6380090e-01
   7.5619966e-02   9.6530920e-01
   7.9554844e-02   9.6681750e-01
   7.9877519e-02   9.6832579e-01
   8.2805881e-02   9.6983409e-01
   8.6894384e-02   9.7134238e-01
   8.8156617e-02   9.7285068e-01
   8.9906061e-02   9.7435897e-01
   9.0961374e-02   9.7586727e-01
   9.0978123e-02   9.7737557e-01
   9.4725397e-02   9.7888386e-01
   9.5956418e-02   9.8039216e-01
   9.8000251e-02   9.8190045e-01
   9.8643971e-02   9.8340875e-01
   1.0568805e-01   9.8491704e-01
   1.0914424e-01   9.8642534e-01
   1.1767175e-01   9.8793363e-01
   1.1834976e-01   9.8944193e-01
   1.2588275e-01   9.9095023e-01
   1.3214677e-01   9.9245852e-01
   1.3534500e-01   9.9396682e-01
   1.3639523e-01   9.9547511e-01
   1.4557822e-01   9.9698341e-01
   1.6897996e-01   9.9849170e-01
   1.9580125e-01   1.0000000e+00
