   4.5529209e-03   0.0000000e+00
   4.5529209e-03   3.3333333e-04
   4.6856544e-03   6.6666667e-04
   5.2106590e-03   1.0000000e-03
   5.2717125e-03   1.3333333e-03
   5.4528639e-03   1.6666667e-03
   5.5493878e-03   2.0000000e-03
   5.7267249e-03   2.3333333e-03
   5.7787686e-03   2.6666667e-03
   5.7904529e-03   3.0000000e-03
   5.8940850e-03   3.6666667e-03
   5.8989737e-03   4.6666667e-03
   5.9779962e-03   5.0000000e-03
   6.0129530e-03   6.0000000e-03
   6.0280159e-03   6.6666667e-03
   6.0970553e-03   7.3333333e-03
   6.2243412e-03   8.0000000e-03
   6.3087512e-03   9.0000000e-03
   6.3909405e-03   9.3333333e-03
   6.4123799e-03   1.0666667e-02
   6.4929436e-03   1.1333333e-02
   6.4941933e-03   1.1666667e-02
   6.5375390e-03   1.2000000e-02
   6.5800121e-03   1.2333333e-02
   6.5952180e-03   1.2666667e-02
   6.6139907e-03   1.6333333e-02
   6.6211846e-03   1.6666667e-02
   6.7339764e-03   1.7666667e-02
   6.7441293e-03   1.8000000e-02
   6.7479458e-03   1.9000000e-02
   6.7676487e-03   1.9333333e-02
   6.8279717e-03   2.1666667e-02
   6.8919581e-03   2.2666667e-02
   6.9053214e-03   2.3000000e-02
   6.9258024e-03   2.3333333e-02
   6.9262325e-03   2.5000000e-02
   6.9503818e-03   2.5333333e-02
   7.0115115e-03   2.5666667e-02
   7.0128104e-03   2.6000000e-02
   7.0482378e-03   2.6333333e-02
   7.0531969e-03   2.6666667e-02
   7.0622431e-03   2.7333333e-02
   7.1233880e-03   2.7666667e-02
   7.1308499e-03   2.8000000e-02
   7.2325648e-03   2.8333333e-02
   7.2355818e-03   2.8666667e-02
   7.2457944e-03   3.1666667e-02
   7.2667759e-03   3.2000000e-02
   7.2827111e-03   3.2666667e-02
   7.2886242e-03   3.5000000e-02
   7.3351421e-03   3.5333333e-02
   7.3467959e-03   3.6333333e-02
   7.3950109e-03   3.7000000e-02
   7.4361962e-03   3.7333333e-02
   7.4416302e-03   3.8666667e-02
   7.5332971e-03   3.9333333e-02
   7.5485757e-03   3.9666667e-02
   7.5607232e-03   4.0333333e-02
   7.5704982e-03   4.1666667e-02
   7.5731015e-03   4.4333333e-02
   7.6283166e-03   4.4666667e-02
   7.6488071e-03   4.7333333e-02
   7.7330028e-03   4.7666667e-02
   7.7581420e-03   5.0000000e-02
   7.7863439e-03   5.2000000e-02
   7.7980301e-03   5.2333333e-02
   7.8088659e-03   5.3666667e-02
   7.8650119e-03   5.4000000e-02
   7.8664290e-03   5.8666667e-02
   7.9009867e-03   6.1333333e-02
   7.9258164e-03   6.1666667e-02
   7.9264587e-03   6.2000000e-02
   7.9570822e-03   6.3000000e-02
   8.0469749e-03   6.5666667e-02
   8.0532586e-03   6.7333333e-02
   8.0744150e-03   6.8000000e-02
   8.0749575e-03   6.9000000e-02
   8.0809600e-03   7.1666667e-02
   8.0936535e-03   7.5000000e-02
   8.1350348e-03   7.5333333e-02
   8.1664933e-03   7.8000000e-02
   8.2359697e-03   7.9000000e-02
   8.2721402e-03   8.0666667e-02
   8.3055179e-03   8.1333333e-02
   8.3150893e-03   8.3666667e-02
   8.3296947e-03   8.5666667e-02
   8.3523537e-03   8.6333333e-02
   8.3560474e-03   8.6666667e-02
   8.3855909e-03   9.0000000e-02
   8.4087764e-03   9.0666667e-02
   8.4294844e-03   9.1666667e-02
   8.4737689e-03   9.9666667e-02
   8.5066705e-03   1.0000000e-01
   8.5655434e-03   1.0200000e-01
   8.5738246e-03   1.0433333e-01
   8.5742076e-03   1.0500000e-01
   8.5888335e-03   1.0800000e-01
   8.5926661e-03   1.0900000e-01
   8.6136358e-03   1.1300000e-01
   8.6315990e-03   1.1333333e-01
   8.6429709e-03   1.1400000e-01
   8.6682963e-03   1.1433333e-01
   8.6851184e-03   1.1600000e-01
   8.7283269e-03   1.1633333e-01
   8.7403295e-03   1.1766667e-01
   8.7681636e-03   1.1800000e-01
   8.7869429e-03   1.2133333e-01
   8.8259488e-03   1.2533333e-01
   8.8315278e-03   1.2633333e-01
   8.8499365e-03   1.2966667e-01
   8.8682286e-03   1.3166667e-01
   8.9054965e-03   1.3566667e-01
   8.9166670e-03   1.3733333e-01
   8.9173847e-03   1.3800000e-01
   8.9346756e-03   1.3900000e-01
   8.9909336e-03   1.4133333e-01
   9.0765232e-03   1.4233333e-01
   9.0843120e-03   1.4600000e-01
   9.0944093e-03   1.4900000e-01
   9.1034774e-03   1.5000000e-01
   9.1047354e-03   1.5400000e-01
   9.1342500e-03   1.5833333e-01
   9.1527570e-03   1.6166667e-01
   9.1557976e-03   1.6200000e-01
   9.2039924e-03   1.6466667e-01
   9.2471436e-03   1.6533333e-01
   9.2615266e-03   1.6700000e-01
   9.3453535e-03   1.7066667e-01
   9.3459963e-03   1.7100000e-01
   9.3489112e-03   1.7333333e-01
   9.3713087e-03   1.8533333e-01
   9.3808733e-03   1.8800000e-01
   9.4155297e-03   1.8866667e-01
   9.4255042e-03   1.9200000e-01
   9.4279436e-03   1.9866667e-01
   9.4419548e-03   2.0166667e-01
   9.4713415e-03   2.0200000e-01
   9.5078554e-03   2.0600000e-01
   9.5306659e-03   2.0633333e-01
   9.5801142e-03   2.0700000e-01
   9.6027625e-03   2.0933333e-01
   9.6098957e-03   2.1000000e-01
   9.6150288e-03   2.1400000e-01
   9.6183492e-03   2.1666667e-01
   9.6192320e-03   2.2133333e-01
   9.6470998e-03   2.2233333e-01
   9.6554147e-03   2.2566667e-01
   9.6632465e-03   2.2633333e-01
   9.7224466e-03   2.2800000e-01
   9.7354057e-03   2.2966667e-01
   9.7547447e-03   2.3133333e-01
   9.7584025e-03   2.3166667e-01
   9.7894870e-03   2.3200000e-01
   9.8178016e-03   2.3866667e-01
   9.8341890e-03   2.3933333e-01
   9.8654040e-03   2.4433333e-01
   9.8661305e-03   2.4866667e-01
   9.8921375e-03   2.5166667e-01
   9.8948053e-03   2.5433333e-01
   9.9172985e-03   2.5466667e-01
   9.9388916e-03   2.5533333e-01
   9.9454951e-03   2.5666667e-01
   9.9501732e-03   2.5933333e-01
   9.9596326e-03   2.6033333e-01
   9.9600254e-03   2.6066667e-01
   1.0025761e-02   2.6466667e-01
   1.0032737e-02   2.6600000e-01
   1.0086093e-02   2.6800000e-01
   1.0109989e-02   2.6833333e-01
   1.0121940e-02   2.7533333e-01
   1.0132036e-02   2.7633333e-01
   1.0134993e-02   2.7766667e-01
   1.0135670e-02   2.8133333e-01
   1.0140958e-02   2.8166667e-01
   1.0175205e-02   2.8600000e-01
   1.0175472e-02   2.8933333e-01
   1.0185007e-02   2.9000000e-01
   1.0241271e-02   2.9066667e-01
   1.0242206e-02   2.9966667e-01
   1.0264297e-02   3.0266667e-01
   1.0274828e-02   3.0300000e-01
   1.0313129e-02   3.0366667e-01
   1.0333613e-02   3.0533333e-01
   1.0333673e-02   3.0600000e-01
   1.0384182e-02   3.1033333e-01
   1.0385532e-02   3.1500000e-01
   1.0408924e-02   3.1733333e-01
   1.0412379e-02   3.1833333e-01
   1.0420234e-02   3.1933333e-01
   1.0450686e-02   3.2000000e-01
   1.0451429e-02   3.2400000e-01
   1.0451649e-02   3.2433333e-01
   1.0460041e-02   3.2500000e-01
   1.0465665e-02   3.2966667e-01
   1.0536194e-02   3.3100000e-01
   1.0543800e-02   3.3300000e-01
   1.0592818e-02   3.3366667e-01
   1.0600158e-02   3.3433333e-01
   1.0637733e-02   3.3466667e-01
   1.0641280e-02   3.3866667e-01
   1.0647020e-02   3.4066667e-01
   1.0651706e-02   3.4633333e-01
   1.0655755e-02   3.5066667e-01
   1.0687534e-02   3.5100000e-01
   1.0696147e-02   3.5566667e-01
   1.0702387e-02   3.5600000e-01
   1.0748963e-02   3.5800000e-01
   1.0758243e-02   3.6100000e-01
   1.0760997e-02   3.6200000e-01
   1.0774246e-02   3.6366667e-01
   1.0851080e-02   3.6866667e-01
   1.0902497e-02   3.7166667e-01
   1.0905167e-02   3.7300000e-01
   1.0912283e-02   3.7366667e-01
   1.0924126e-02   3.7666667e-01
   1.0925490e-02   3.7700000e-01
   1.0933208e-02   3.8833333e-01
   1.0944827e-02   3.8966667e-01
   1.0945247e-02   3.9066667e-01
   1.0964079e-02   3.9233333e-01
   1.0970466e-02   3.9433333e-01
   1.0985285e-02   3.9733333e-01
   1.1041650e-02   3.9866667e-01
   1.1062246e-02   4.0133333e-01
   1.1064726e-02   4.0166667e-01
   1.1078026e-02   4.0200000e-01
   1.1101482e-02   4.0433333e-01
   1.1136295e-02   4.0466667e-01
   1.1160210e-02   4.0700000e-01
   1.1162345e-02   4.0833333e-01
   1.1168802e-02   4.0900000e-01
   1.1176430e-02   4.1266667e-01
   1.1201083e-02   4.1500000e-01
   1.1216237e-02   4.2033333e-01
   1.1234871e-02   4.2066667e-01
   1.1257395e-02   4.2166667e-01
   1.1260614e-02   4.2266667e-01
   1.1266343e-02   4.2300000e-01
   1.1280545e-02   4.2600000e-01
   1.1285813e-02   4.2866667e-01
   1.1337809e-02   4.3033333e-01
   1.1367730e-02   4.3233333e-01
   1.1395924e-02   4.3266667e-01
   1.1420506e-02   4.3500000e-01
   1.1425419e-02   4.4100000e-01
   1.1431448e-02   4.4266667e-01
   1.1439837e-02   4.4466667e-01
   1.1440936e-02   4.4566667e-01
   1.1441929e-02   4.4733333e-01
   1.1453450e-02   4.4900000e-01
   1.1478522e-02   4.5300000e-01
   1.1482251e-02   4.5333333e-01
   1.1505572e-02   4.5833333e-01
   1.1548022e-02   4.6033333e-01
   1.1580272e-02   4.6133333e-01
   1.1599321e-02   4.6166667e-01
   1.1610541e-02   4.6266667e-01
   1.1637175e-02   4.6333333e-01
   1.1643000e-02   4.6366667e-01
   1.1678348e-02   4.6600000e-01
   1.1679807e-02   4.6800000e-01
   1.1685706e-02   4.7100000e-01
   1.1696543e-02   4.7500000e-01
   1.1715192e-02   4.7566667e-01
   1.1715276e-02   4.7733333e-01
   1.1736939e-02   4.8000000e-01
   1.1765239e-02   4.8066667e-01
   1.1767326e-02   4.8200000e-01
   1.1787108e-02   4.8233333e-01
   1.1797947e-02   4.8366667e-01
   1.1799584e-02   4.8700000e-01
   1.1842076e-02   4.8766667e-01
   1.1885337e-02   4.9066667e-01
   1.1939247e-02   4.9600000e-01
   1.1939326e-02   4.9700000e-01
   1.1939951e-02   4.9733333e-01
   1.1940196e-02   4.9800000e-01
   1.1945158e-02   5.0033333e-01
   1.1955481e-02   5.0166667e-01
   1.1974279e-02   5.0466667e-01
   1.1992452e-02   5.0766667e-01
   1.1994814e-02   5.0866667e-01
   1.2025296e-02   5.1033333e-01
   1.2056032e-02   5.1300000e-01
   1.2058942e-02   5.1333333e-01
   1.2072623e-02   5.1366667e-01
   1.2099121e-02   5.2066667e-01
   1.2101199e-02   5.2200000e-01
   1.2121650e-02   5.2466667e-01
   1.2139983e-02   5.2500000e-01
   1.2194111e-02   5.2633333e-01
   1.2198957e-02   5.2800000e-01
   1.2199138e-02   5.2833333e-01
   1.2203419e-02   5.3033333e-01
   1.2217243e-02   5.3266667e-01
   1.2222103e-02   5.3333333e-01
   1.2229530e-02   5.3366667e-01
   1.2245281e-02   5.3466667e-01
   1.2257053e-02   5.3700000e-01
   1.2270521e-02   5.3733333e-01
   1.2278172e-02   5.4166667e-01
   1.2283712e-02   5.4200000e-01
   1.2311042e-02   5.4300000e-01
   1.2319345e-02   5.4500000e-01
   1.2348778e-02   5.4600000e-01
   1.2402573e-02   5.4766667e-01
   1.2440505e-02   5.4800000e-01
   1.2447995e-02   5.4933333e-01
   1.2457623e-02   5.5033333e-01
   1.2465503e-02   5.5366667e-01
   1.2472021e-02   5.5400000e-01
   1.2494520e-02   5.5533333e-01
   1.2506735e-02   5.5566667e-01
   1.2507564e-02   5.5700000e-01
   1.2507572e-02   5.5800000e-01
   1.2517896e-02   5.5900000e-01
   1.2545672e-02   5.6066667e-01
   1.2552913e-02   5.6100000e-01
   1.2565744e-02   5.6300000e-01
   1.2605269e-02   5.6333333e-01
   1.2617502e-02   5.6400000e-01
   1.2629694e-02   5.6433333e-01
   1.2632495e-02   5.6566667e-01
   1.2644009e-02   5.6700000e-01
   1.2685644e-02   5.6766667e-01
   1.2710887e-02   5.6966667e-01
   1.2718749e-02   5.7033333e-01
   1.2720859e-02   5.7133333e-01
   1.2737377e-02   5.7400000e-01
   1.2744774e-02   5.7666667e-01
   1.2777776e-02   5.7800000e-01
   1.2778095e-02   5.7900000e-01
   1.2782244e-02   5.8000000e-01
   1.2789987e-02   5.8100000e-01
   1.2824092e-02   5.8366667e-01
   1.2838480e-02   5.8400000e-01
   1.2838574e-02   5.8633333e-01
   1.2855994e-02   5.8666667e-01
   1.2862908e-02   5.8766667e-01
   1.2920689e-02   5.8900000e-01
   1.2942167e-02   5.8933333e-01
   1.2942659e-02   5.8966667e-01
   1.2976689e-02   5.9100000e-01
   1.2976991e-02   5.9133333e-01
   1.2985322e-02   5.9166667e-01
   1.2988387e-02   5.9266667e-01
   1.3015349e-02   5.9500000e-01
   1.3022046e-02   5.9666667e-01
   1.3022474e-02   5.9933333e-01
   1.3048575e-02   6.0000000e-01
   1.3061517e-02   6.0033333e-01
   1.3065476e-02   6.0133333e-01
   1.3072297e-02   6.0166667e-01
   1.3075260e-02   6.0333333e-01
   1.3111038e-02   6.0433333e-01
   1.3125505e-02   6.0500000e-01
   1.3136659e-02   6.0633333e-01
   1.3144751e-02   6.0733333e-01
   1.3160755e-02   6.0766667e-01
   1.3190136e-02   6.0833333e-01
   1.3227335e-02   6.0933333e-01
   1.3238069e-02   6.1133333e-01
   1.3239049e-02   6.1266667e-01
   1.3243053e-02   6.1333333e-01
   1.3258097e-02   6.1466667e-01
   1.3260566e-02   6.1600000e-01
   1.3281774e-02   6.1633333e-01
   1.3286334e-02   6.1733333e-01
   1.3297910e-02   6.1866667e-01
   1.3302343e-02   6.2066667e-01
   1.3338365e-02   6.2100000e-01
   1.3356427e-02   6.2133333e-01
   1.3358499e-02   6.2266667e-01
   1.3363799e-02   6.2300000e-01
   1.3438378e-02   6.2633333e-01
   1.3445596e-02   6.2666667e-01
   1.3445908e-02   6.2833333e-01
   1.3468634e-02   6.2900000e-01
   1.3471555e-02   6.2933333e-01
   1.3489334e-02   6.2966667e-01
   1.3495348e-02   6.3033333e-01
   1.3505740e-02   6.3100000e-01
   1.3506177e-02   6.3266667e-01
   1.3535591e-02   6.3333333e-01
   1.3535924e-02   6.3400000e-01
   1.3538446e-02   6.3433333e-01
   1.3546486e-02   6.3466667e-01
   1.3585921e-02   6.3600000e-01
   1.3586060e-02   6.3700000e-01
   1.3616893e-02   6.3733333e-01
   1.3623856e-02   6.3800000e-01
   1.3655317e-02   6.3866667e-01
   1.3655398e-02   6.3966667e-01
   1.3657656e-02   6.4166667e-01
   1.3744559e-02   6.4200000e-01
   1.3744713e-02   6.4300000e-01
   1.3757501e-02   6.4366667e-01
   1.3758014e-02   6.4533333e-01
   1.3776628e-02   6.4666667e-01
   1.3778247e-02   6.4700000e-01
   1.3783916e-02   6.4733333e-01
   1.3805474e-02   6.4766667e-01
   1.3809905e-02   6.4800000e-01
   1.3814846e-02   6.4833333e-01
   1.3818791e-02   6.4866667e-01
   1.3853127e-02   6.4900000e-01
   1.3872988e-02   6.5033333e-01
   1.3877875e-02   6.5233333e-01
   1.3901226e-02   6.5266667e-01
   1.3949865e-02   6.5333333e-01
   1.3950760e-02   6.5366667e-01
   1.3956891e-02   6.5433333e-01
   1.3962138e-02   6.5466667e-01
   1.3979438e-02   6.5533333e-01
   1.4015255e-02   6.5600000e-01
   1.4023105e-02   6.5633333e-01
   1.4025621e-02   6.5766667e-01
   1.4031059e-02   6.5800000e-01
   1.4046060e-02   6.5833333e-01
   1.4050772e-02   6.5900000e-01
   1.4054776e-02   6.6000000e-01
   1.4056420e-02   6.6066667e-01
   1.4097118e-02   6.6133333e-01
   1.4105787e-02   6.6200000e-01
   1.4123390e-02   6.6233333e-01
   1.4123475e-02   6.6266667e-01
   1.4124486e-02   6.6400000e-01
   1.4162932e-02   6.6433333e-01
   1.4168528e-02   6.6466667e-01
   1.4174716e-02   6.6533333e-01
   1.4214919e-02   6.6566667e-01
   1.4247022e-02   6.6600000e-01
   1.4258449e-02   6.6633333e-01
   1.4262343e-02   6.6700000e-01
   1.4276064e-02   6.6733333e-01
   1.4278041e-02   6.6766667e-01
   1.4292522e-02   6.6833333e-01
   1.4292692e-02   6.6866667e-01
   1.4298982e-02   6.6966667e-01
   1.4304845e-02   6.7100000e-01
   1.4328397e-02   6.7233333e-01
   1.4338797e-02   6.7366667e-01
   1.4349940e-02   6.7433333e-01
   1.4367667e-02   6.7566667e-01
   1.4382544e-02   6.7600000e-01
   1.4397930e-02   6.7633333e-01
   1.4442965e-02   6.7666667e-01
   1.4455710e-02   6.7833333e-01
   1.4456047e-02   6.7866667e-01
   1.4465848e-02   6.7900000e-01
   1.4475571e-02   6.7933333e-01
   1.4491589e-02   6.8000000e-01
   1.4519176e-02   6.8033333e-01
   1.4534136e-02   6.8100000e-01
   1.4540795e-02   6.8133333e-01
   1.4546659e-02   6.8166667e-01
   1.4565540e-02   6.8266667e-01
   1.4570777e-02   6.8333333e-01
   1.4576661e-02   6.8433333e-01
   1.4608565e-02   6.8466667e-01
   1.4609305e-02   6.8600000e-01
   1.4624914e-02   6.8633333e-01
   1.4626286e-02   6.8666667e-01
   1.4632320e-02   6.8766667e-01
   1.4656050e-02   6.8800000e-01
   1.4670940e-02   6.8833333e-01
   1.4684473e-02   6.8866667e-01
   1.4694216e-02   6.8966667e-01
   1.4751153e-02   6.9100000e-01
   1.4779556e-02   6.9166667e-01
   1.4782534e-02   6.9200000e-01
   1.4794249e-02   6.9266667e-01
   1.4798106e-02   6.9333333e-01
   1.4809237e-02   6.9533333e-01
   1.4809458e-02   6.9566667e-01
   1.4814936e-02   6.9600000e-01
   1.4819699e-02   6.9700000e-01
   1.4859549e-02   6.9733333e-01
   1.4872088e-02   6.9766667e-01
   1.4883260e-02   6.9833333e-01
   1.4893311e-02   7.0000000e-01
   1.4918038e-02   7.0033333e-01
   1.4926129e-02   7.0066667e-01
   1.4962134e-02   7.0133333e-01
   1.4963055e-02   7.0166667e-01
   1.4964872e-02   7.0266667e-01
   1.4978013e-02   7.0300000e-01
   1.5003665e-02   7.0433333e-01
   1.5049105e-02   7.0466667e-01
   1.5053659e-02   7.0666667e-01
   1.5058173e-02   7.0833333e-01
   1.5066589e-02   7.1033333e-01
   1.5081191e-02   7.1066667e-01
   1.5087716e-02   7.1333333e-01
   1.5096439e-02   7.1366667e-01
   1.5098034e-02   7.1433333e-01
   1.5121597e-02   7.1466667e-01
   1.5126956e-02   7.1500000e-01
   1.5141683e-02   7.1566667e-01
   1.5146808e-02   7.1733333e-01
   1.5198277e-02   7.1766667e-01
   1.5213184e-02   7.1833333e-01
   1.5245280e-02   7.1866667e-01
   1.5255966e-02   7.1933333e-01
   1.5295499e-02   7.1966667e-01
   1.5297614e-02   7.2033333e-01
   1.5307512e-02   7.2066667e-01
   1.5313113e-02   7.2133333e-01
   1.5317664e-02   7.2233333e-01
   1.5325711e-02   7.2333333e-01
   1.5326388e-02   7.2466667e-01
   1.5340445e-02   7.2500000e-01
   1.5349419e-02   7.2566667e-01
   1.5356472e-02   7.2666667e-01
   1.5380839e-02   7.2700000e-01
   1.5398551e-02   7.2800000e-01
   1.5404275e-02   7.2900000e-01
   1.5456442e-02   7.2933333e-01
   1.5469929e-02   7.2966667e-01
   1.5470289e-02   7.3000000e-01
   1.5516954e-02   7.3066667e-01
   1.5552286e-02   7.3100000e-01
   1.5572720e-02   7.3266667e-01
   1.5596677e-02   7.3333333e-01
   1.5604268e-02   7.3366667e-01
   1.5618862e-02   7.3466667e-01
   1.5630893e-02   7.3566667e-01
   1.5634904e-02   7.3800000e-01
   1.5651117e-02   7.3900000e-01
   1.5667269e-02   7.3933333e-01
   1.5689828e-02   7.3966667e-01
   1.5701095e-02   7.4000000e-01
   1.5713166e-02   7.4066667e-01
   1.5732858e-02   7.4100000e-01
   1.5736566e-02   7.4133333e-01
   1.5762227e-02   7.4166667e-01
   1.5807034e-02   7.4200000e-01
   1.5815217e-02   7.4233333e-01
   1.5831565e-02   7.4300000e-01
   1.5837776e-02   7.4333333e-01
   1.5837826e-02   7.4433333e-01
   1.5852185e-02   7.4466667e-01
   1.5861197e-02   7.4566667e-01
   1.5870895e-02   7.4666667e-01
   1.5900920e-02   7.4700000e-01
   1.5901005e-02   7.4733333e-01
   1.5914817e-02   7.4766667e-01
   1.5916320e-02   7.4800000e-01
   1.5938240e-02   7.4833333e-01
   1.5956600e-02   7.4866667e-01
   1.5958297e-02   7.4933333e-01
   1.5978104e-02   7.5033333e-01
   1.5979048e-02   7.5166667e-01
   1.6030062e-02   7.5233333e-01
   1.6031189e-02   7.5300000e-01
   1.6056992e-02   7.5333333e-01
   1.6094016e-02   7.5466667e-01
   1.6107649e-02   7.5566667e-01
   1.6112980e-02   7.5633333e-01
   1.6135902e-02   7.5700000e-01
   1.6139104e-02   7.5766667e-01
   1.6149196e-02   7.5800000e-01
   1.6151842e-02   7.5900000e-01
   1.6187831e-02   7.6000000e-01
   1.6200566e-02   7.6033333e-01
   1.6203118e-02   7.6066667e-01
   1.6227775e-02   7.6133333e-01
   1.6252490e-02   7.6200000e-01
   1.6263917e-02   7.6233333e-01
   1.6307177e-02   7.6266667e-01
   1.6309352e-02   7.6333333e-01
   1.6333623e-02   7.6400000e-01
   1.6350395e-02   7.6466667e-01
   1.6350672e-02   7.6566667e-01
   1.6354089e-02   7.6633333e-01
   1.6358031e-02   7.6700000e-01
   1.6359900e-02   7.6800000e-01
   1.6381375e-02   7.6966667e-01
   1.6421772e-02   7.7200000e-01
   1.6428434e-02   7.7233333e-01
   1.6471234e-02   7.7266667e-01
   1.6477927e-02   7.7300000e-01
   1.6487496e-02   7.7366667e-01
   1.6544280e-02   7.7400000e-01
   1.6550881e-02   7.7433333e-01
   1.6562253e-02   7.7566667e-01
   1.6572415e-02   7.7633333e-01
   1.6612167e-02   7.7666667e-01
   1.6612449e-02   7.7700000e-01
   1.6627637e-02   7.7733333e-01
   1.6659933e-02   7.7800000e-01
   1.6662421e-02   7.7866667e-01
   1.6673344e-02   7.7933333e-01
   1.6704341e-02   7.7966667e-01
   1.6707806e-02   7.8033333e-01
   1.6743390e-02   7.8066667e-01
   1.6760485e-02   7.8100000e-01
   1.6772307e-02   7.8266667e-01
   1.6776971e-02   7.8333333e-01
   1.6816862e-02   7.8366667e-01
   1.6851684e-02   7.8400000e-01
   1.6852031e-02   7.8466667e-01
   1.6858534e-02   7.8500000e-01
   1.6869886e-02   7.8566667e-01
   1.6877574e-02   7.8633333e-01
   1.6877713e-02   7.8666667e-01
   1.6902136e-02   7.8766667e-01
   1.6941530e-02   7.8800000e-01
   1.6941947e-02   7.8833333e-01
   1.6955474e-02   7.8900000e-01
   1.6975820e-02   7.8966667e-01
   1.6990898e-02   7.9000000e-01
   1.6998076e-02   7.9066667e-01
   1.6998206e-02   7.9133333e-01
   1.7019550e-02   7.9166667e-01
   1.7067333e-02   7.9200000e-01
   1.7131027e-02   7.9266667e-01
   1.7131438e-02   7.9333333e-01
   1.7145892e-02   7.9366667e-01
   1.7148415e-02   7.9400000e-01
   1.7156343e-02   7.9433333e-01
   1.7157024e-02   7.9466667e-01
   1.7176543e-02   7.9500000e-01
   1.7180175e-02   7.9566667e-01
   1.7184656e-02   7.9600000e-01
   1.7228400e-02   7.9700000e-01
   1.7259317e-02   7.9800000e-01
   1.7291567e-02   7.9833333e-01
   1.7325816e-02   7.9966667e-01
   1.7335634e-02   8.0000000e-01
   1.7363716e-02   8.0033333e-01
   1.7370725e-02   8.0100000e-01
   1.7395436e-02   8.0133333e-01
   1.7397991e-02   8.0166667e-01
   1.7417255e-02   8.0200000e-01
   1.7422322e-02   8.0300000e-01
   1.7454594e-02   8.0466667e-01
   1.7456234e-02   8.0500000e-01
   1.7462721e-02   8.0566667e-01
   1.7508473e-02   8.0600000e-01
   1.7517907e-02   8.0633333e-01
   1.7523614e-02   8.0666667e-01
   1.7573225e-02   8.0700000e-01
   1.7576510e-02   8.0766667e-01
   1.7651321e-02   8.0866667e-01
   1.7655061e-02   8.0900000e-01
   1.7660086e-02   8.0933333e-01
   1.7662509e-02   8.0966667e-01
   1.7662966e-02   8.1000000e-01
   1.7668228e-02   8.1066667e-01
   1.7675041e-02   8.1100000e-01
   1.7681193e-02   8.1133333e-01
   1.7686267e-02   8.1166667e-01
   1.7691524e-02   8.1200000e-01
   1.7701003e-02   8.1300000e-01
   1.7748406e-02   8.1366667e-01
   1.7758101e-02   8.1400000e-01
   1.7811501e-02   8.1500000e-01
   1.7890431e-02   8.1533333e-01
   1.7908049e-02   8.1600000e-01
   1.7933477e-02   8.1700000e-01
   1.7958527e-02   8.1800000e-01
   1.7974807e-02   8.1866667e-01
   1.7982903e-02   8.1900000e-01
   1.7987073e-02   8.1966667e-01
   1.7989712e-02   8.2000000e-01
   1.8019288e-02   8.2100000e-01
   1.8038249e-02   8.2133333e-01
   1.8084705e-02   8.2166667e-01
   1.8139614e-02   8.2233333e-01
   1.8152339e-02   8.2266667e-01
   1.8163496e-02   8.2300000e-01
   1.8168032e-02   8.2400000e-01
   1.8170702e-02   8.2533333e-01
   1.8177459e-02   8.2566667e-01
   1.8179892e-02   8.2600000e-01
   1.8188830e-02   8.2633333e-01
   1.8209471e-02   8.2666667e-01
   1.8221245e-02   8.2800000e-01
   1.8248887e-02   8.2866667e-01
   1.8269026e-02   8.2966667e-01
   1.8291818e-02   8.3066667e-01
   1.8305047e-02   8.3100000e-01
   1.8320349e-02   8.3133333e-01
   1.8345040e-02   8.3166667e-01
   1.8367376e-02   8.3200000e-01
   1.8431132e-02   8.3300000e-01
   1.8438076e-02   8.3366667e-01
   1.8463283e-02   8.3400000e-01
   1.8483546e-02   8.3500000e-01
   1.8493593e-02   8.3533333e-01
   1.8499170e-02   8.3566667e-01
   1.8503683e-02   8.3666667e-01
   1.8531106e-02   8.3766667e-01
   1.8531552e-02   8.3800000e-01
   1.8558618e-02   8.3900000e-01
   1.8627335e-02   8.3933333e-01
   1.8686434e-02   8.3966667e-01
   1.8697822e-02   8.4000000e-01
   1.8708873e-02   8.4033333e-01
   1.8710908e-02   8.4166667e-01
   1.8722569e-02   8.4200000e-01
   1.8742074e-02   8.4266667e-01
   1.8762235e-02   8.4300000e-01
   1.8788588e-02   8.4333333e-01
   1.8789659e-02   8.4366667e-01
   1.8807886e-02   8.4400000e-01
   1.8826335e-02   8.4466667e-01
   1.8850902e-02   8.4500000e-01
   1.8855206e-02   8.4566667e-01
   1.8865293e-02   8.4633333e-01
   1.8883456e-02   8.4666667e-01
   1.8946531e-02   8.4800000e-01
   1.8949532e-02   8.4833333e-01
   1.8957877e-02   8.4866667e-01
   1.8965678e-02   8.4900000e-01
   1.8966773e-02   8.4966667e-01
   1.8984058e-02   8.5000000e-01
   1.8993066e-02   8.5033333e-01
   1.9016187e-02   8.5100000e-01
   1.9019288e-02   8.5133333e-01
   1.9043412e-02   8.5200000e-01
   1.9061332e-02   8.5266667e-01
   1.9078404e-02   8.5300000e-01
   1.9096774e-02   8.5333333e-01
   1.9119890e-02   8.5366667e-01
   1.9146953e-02   8.5433333e-01
   1.9173185e-02   8.5466667e-01
   1.9181676e-02   8.5500000e-01
   1.9210162e-02   8.5600000e-01
   1.9219791e-02   8.5633333e-01
   1.9228734e-02   8.5666667e-01
   1.9236472e-02   8.5700000e-01
   1.9262903e-02   8.5800000e-01
   1.9326967e-02   8.5833333e-01
   1.9370978e-02   8.5866667e-01
   1.9466182e-02   8.5933333e-01
   1.9467997e-02   8.5966667e-01
   1.9470372e-02   8.6000000e-01
   1.9478266e-02   8.6166667e-01
   1.9478450e-02   8.6200000e-01
   1.9509489e-02   8.6233333e-01
   1.9534017e-02   8.6300000e-01
   1.9598822e-02   8.6333333e-01
   1.9635411e-02   8.6366667e-01
   1.9666013e-02   8.6400000e-01
   1.9668378e-02   8.6433333e-01
   1.9724659e-02   8.6500000e-01
   1.9730808e-02   8.6533333e-01
   1.9747322e-02   8.6566667e-01
   1.9750135e-02   8.6633333e-01
   1.9754107e-02   8.6666667e-01
   1.9789611e-02   8.6700000e-01
   1.9830354e-02   8.6766667e-01
   1.9839919e-02   8.6833333e-01
   1.9878210e-02   8.6866667e-01
   1.9900807e-02   8.6933333e-01
   1.9985863e-02   8.6966667e-01
   2.0000324e-02   8.7000000e-01
   2.0000978e-02   8.7033333e-01
   2.0014790e-02   8.7066667e-01
   2.0025035e-02   8.7100000e-01
   2.0063425e-02   8.7133333e-01
   2.0065047e-02   8.7166667e-01
   2.0101331e-02   8.7200000e-01
   2.0118654e-02   8.7266667e-01
   2.0151826e-02   8.7300000e-01
   2.0185755e-02   8.7366667e-01
   2.0190900e-02   8.7433333e-01
   2.0207500e-02   8.7466667e-01
   2.0233464e-02   8.7500000e-01
   2.0243881e-02   8.7566667e-01
   2.0250241e-02   8.7600000e-01
   2.0250918e-02   8.7633333e-01
   2.0264519e-02   8.7666667e-01
   2.0265391e-02   8.7800000e-01
   2.0270498e-02   8.7900000e-01
   2.0270767e-02   8.7933333e-01
   2.0348501e-02   8.7966667e-01
   2.0365082e-02   8.8000000e-01
   2.0390541e-02   8.8033333e-01
   2.0409938e-02   8.8066667e-01
   2.0410630e-02   8.8166667e-01
   2.0483288e-02   8.8200000e-01
   2.0505602e-02   8.8233333e-01
   2.0529007e-02   8.8266667e-01
   2.0543206e-02   8.8300000e-01
   2.0546369e-02   8.8366667e-01
   2.0569491e-02   8.8466667e-01
   2.0581918e-02   8.8500000e-01
   2.0585641e-02   8.8566667e-01
   2.0634182e-02   8.8600000e-01
   2.0667812e-02   8.8633333e-01
   2.0713977e-02   8.8666667e-01
   2.0763183e-02   8.8733333e-01
   2.0791421e-02   8.8866667e-01
   2.0818347e-02   8.8933333e-01
   2.0841172e-02   8.8966667e-01
   2.0856416e-02   8.9000000e-01
   2.0871086e-02   8.9066667e-01
   2.0901371e-02   8.9100000e-01
   2.0920083e-02   8.9133333e-01
   2.0930202e-02   8.9166667e-01
   2.0989912e-02   8.9200000e-01
   2.1002669e-02   8.9266667e-01
   2.1011874e-02   8.9300000e-01
   2.1014709e-02   8.9333333e-01
   2.1037893e-02   8.9366667e-01
   2.1058557e-02   8.9400000e-01
   2.1072822e-02   8.9433333e-01
   2.1087116e-02   8.9466667e-01
   2.1158984e-02   8.9500000e-01
   2.1184656e-02   8.9533333e-01
   2.1208025e-02   8.9566667e-01
   2.1224780e-02   8.9600000e-01
   2.1228368e-02   8.9633333e-01
   2.1286618e-02   8.9666667e-01
   2.1302478e-02   8.9700000e-01
   2.1303412e-02   8.9733333e-01
   2.1311511e-02   8.9766667e-01
   2.1353555e-02   8.9800000e-01
   2.1368985e-02   8.9833333e-01
   2.1375553e-02   8.9866667e-01
   2.1395581e-02   8.9900000e-01
   2.1430271e-02   8.9933333e-01
   2.1469874e-02   8.9966667e-01
   2.1488545e-02   9.0000000e-01
   2.1496147e-02   9.0133333e-01
   2.1521495e-02   9.0166667e-01
   2.1541920e-02   9.0200000e-01
   2.1544684e-02   9.0233333e-01
   2.1552270e-02   9.0266667e-01
   2.1577478e-02   9.0300000e-01
   2.1587360e-02   9.0366667e-01
   2.1605504e-02   9.0400000e-01
   2.1609571e-02   9.0500000e-01
   2.1681873e-02   9.0533333e-01
   2.1701690e-02   9.0633333e-01
   2.1717206e-02   9.0666667e-01
   2.1745062e-02   9.0700000e-01
   2.1804462e-02   9.0766667e-01
   2.1809235e-02   9.0866667e-01
   2.1810335e-02   9.0900000e-01
   2.1820419e-02   9.0966667e-01
   2.1832182e-02   9.1000000e-01
   2.1855978e-02   9.1033333e-01
   2.1873916e-02   9.1066667e-01
   2.1911012e-02   9.1100000e-01
   2.1912380e-02   9.1133333e-01
   2.1929267e-02   9.1166667e-01
   2.1941405e-02   9.1200000e-01
   2.1955128e-02   9.1233333e-01
   2.2025235e-02   9.1266667e-01
   2.2069547e-02   9.1300000e-01
   2.2083299e-02   9.1366667e-01
   2.2124117e-02   9.1400000e-01
   2.2147966e-02   9.1433333e-01
   2.2172706e-02   9.1466667e-01
   2.2199907e-02   9.1500000e-01
   2.2218255e-02   9.1533333e-01
   2.2264504e-02   9.1600000e-01
   2.2296823e-02   9.1633333e-01
   2.2322952e-02   9.1700000e-01
   2.2340566e-02   9.1733333e-01
   2.2357902e-02   9.1766667e-01
   2.2385678e-02   9.1800000e-01
   2.2428331e-02   9.1833333e-01
   2.2442442e-02   9.1866667e-01
   2.2472434e-02   9.1900000e-01
   2.2539721e-02   9.1933333e-01
   2.2561090e-02   9.1966667e-01
   2.2572051e-02   9.2000000e-01
   2.2579448e-02   9.2033333e-01
   2.2583949e-02   9.2066667e-01
   2.2590020e-02   9.2100000e-01
   2.2628358e-02   9.2166667e-01
   2.2638950e-02   9.2233333e-01
   2.2641980e-02   9.2300000e-01
   2.2735633e-02   9.2333333e-01
   2.2762392e-02   9.2400000e-01
   2.2797185e-02   9.2433333e-01
   2.2839989e-02   9.2466667e-01
   2.2840125e-02   9.2566667e-01
   2.2850276e-02   9.2600000e-01
   2.2854431e-02   9.2633333e-01
   2.2863987e-02   9.2666667e-01
   2.2888618e-02   9.2733333e-01
   2.2946421e-02   9.2766667e-01
   2.2964501e-02   9.2800000e-01
   2.3011144e-02   9.2833333e-01
   2.3080103e-02   9.2866667e-01
   2.3098603e-02   9.2900000e-01
   2.3120403e-02   9.2933333e-01
   2.3123701e-02   9.3033333e-01
   2.3180203e-02   9.3066667e-01
   2.3188968e-02   9.3100000e-01
   2.3189688e-02   9.3166667e-01
   2.3195545e-02   9.3200000e-01
   2.3196327e-02   9.3233333e-01
   2.3252521e-02   9.3266667e-01
   2.3303887e-02   9.3300000e-01
   2.3356236e-02   9.3333333e-01
   2.3370888e-02   9.3366667e-01
   2.3395216e-02   9.3400000e-01
   2.3407235e-02   9.3466667e-01
   2.3464477e-02   9.3500000e-01
   2.3594316e-02   9.3533333e-01
   2.3596137e-02   9.3566667e-01
   2.3623373e-02   9.3600000e-01
   2.3668900e-02   9.3633333e-01
   2.3702960e-02   9.3666667e-01
   2.3709769e-02   9.3700000e-01
   2.3731968e-02   9.3733333e-01
   2.3766973e-02   9.3766667e-01
   2.3878740e-02   9.3800000e-01
   2.3889057e-02   9.3833333e-01
   2.3890317e-02   9.3866667e-01
   2.3897523e-02   9.3933333e-01
   2.3913784e-02   9.3966667e-01
   2.3945303e-02   9.4000000e-01
   2.3948557e-02   9.4066667e-01
   2.3993989e-02   9.4100000e-01
   2.4059056e-02   9.4133333e-01
   2.4117559e-02   9.4166667e-01
   2.4136585e-02   9.4233333e-01
   2.4140991e-02   9.4266667e-01
   2.4157146e-02   9.4300000e-01
   2.4185020e-02   9.4333333e-01
   2.4190542e-02   9.4366667e-01
   2.4198241e-02   9.4433333e-01
   2.4212839e-02   9.4466667e-01
   2.4242880e-02   9.4500000e-01
   2.4343414e-02   9.4566667e-01
   2.4410651e-02   9.4600000e-01
   2.4416899e-02   9.4666667e-01
   2.4459685e-02   9.4700000e-01
   2.4638691e-02   9.4733333e-01
   2.4801457e-02   9.4766667e-01
   2.4917685e-02   9.4800000e-01
   2.4931007e-02   9.4833333e-01
   2.5049028e-02   9.4900000e-01
   2.5081415e-02   9.4933333e-01
   2.5157898e-02   9.4966667e-01
   2.5265242e-02   9.5000000e-01
   2.5266425e-02   9.5033333e-01
   2.5270991e-02   9.5066667e-01
   2.5322043e-02   9.5133333e-01
   2.5353204e-02   9.5200000e-01
   2.5383067e-02   9.5266667e-01
   2.5383155e-02   9.5300000e-01
   2.5419822e-02   9.5366667e-01
   2.5421774e-02   9.5400000e-01
   2.5434866e-02   9.5433333e-01
   2.5450817e-02   9.5466667e-01
   2.5455091e-02   9.5500000e-01
   2.5460940e-02   9.5533333e-01
   2.5462043e-02   9.5566667e-01
   2.5475331e-02   9.5600000e-01
   2.5489666e-02   9.5633333e-01
   2.5509869e-02   9.5700000e-01
   2.5537128e-02   9.5733333e-01
   2.5545596e-02   9.5766667e-01
   2.5564125e-02   9.5800000e-01
   2.5611139e-02   9.5833333e-01
   2.5640137e-02   9.5900000e-01
   2.5733784e-02   9.5933333e-01
   2.5754128e-02   9.5966667e-01
   2.5957378e-02   9.6000000e-01
   2.6030698e-02   9.6033333e-01
   2.6042969e-02   9.6066667e-01
   2.6051127e-02   9.6100000e-01
   2.6063972e-02   9.6133333e-01
   2.6223357e-02   9.6200000e-01
   2.6243090e-02   9.6233333e-01
   2.6248878e-02   9.6266667e-01
   2.6273318e-02   9.6300000e-01
   2.6280300e-02   9.6333333e-01
   2.6322399e-02   9.6366667e-01
   2.6394495e-02   9.6400000e-01
   2.6491620e-02   9.6433333e-01
   2.6561481e-02   9.6466667e-01
   2.6596417e-02   9.6500000e-01
   2.6716998e-02   9.6533333e-01
   2.6877392e-02   9.6633333e-01
   2.6882654e-02   9.6666667e-01
   2.6996505e-02   9.6700000e-01
   2.7098451e-02   9.6733333e-01
   2.7116557e-02   9.6766667e-01
   2.7182768e-02   9.6800000e-01
   2.7233392e-02   9.6833333e-01
   2.7313758e-02   9.6866667e-01
   2.7403276e-02   9.6900000e-01
   2.7442535e-02   9.6933333e-01
   2.7467393e-02   9.6966667e-01
   2.7683007e-02   9.7000000e-01
   2.7756367e-02   9.7033333e-01
   2.7763169e-02   9.7066667e-01
   2.7797596e-02   9.7100000e-01
   2.7803851e-02   9.7133333e-01
   2.7833979e-02   9.7166667e-01
   2.7923907e-02   9.7200000e-01
   2.8444470e-02   9.7233333e-01
   2.8572274e-02   9.7266667e-01
   2.8733196e-02   9.7300000e-01
   2.8777485e-02   9.7333333e-01
   2.8965115e-02   9.7366667e-01
   2.9052764e-02   9.7400000e-01
   2.9076408e-02   9.7433333e-01
   2.9501864e-02   9.7466667e-01
   2.9559112e-02   9.7500000e-01
   2.9610876e-02   9.7566667e-01
   2.9639422e-02   9.7600000e-01
   2.9865403e-02   9.7633333e-01
   2.9928121e-02   9.7666667e-01
   3.0134883e-02   9.7700000e-01
   3.0290493e-02   9.7733333e-01
   3.0297427e-02   9.7766667e-01
   3.0329359e-02   9.7800000e-01
   3.0369352e-02   9.7833333e-01
   3.0680337e-02   9.7866667e-01
   3.0724260e-02   9.7900000e-01
   3.0980319e-02   9.7933333e-01
   3.1025958e-02   9.7966667e-01
   3.1236594e-02   9.8000000e-01
   3.1244863e-02   9.8033333e-01
   3.1334015e-02   9.8066667e-01
   3.1353141e-02   9.8100000e-01
   3.1500186e-02   9.8133333e-01
   3.1566631e-02   9.8166667e-01
   3.1689975e-02   9.8200000e-01
   3.2113891e-02   9.8233333e-01
   3.2498394e-02   9.8266667e-01
   3.2664298e-02   9.8300000e-01
   3.3089473e-02   9.8333333e-01
   3.3280003e-02   9.8366667e-01
   3.3670824e-02   9.8400000e-01
   3.3709038e-02   9.8433333e-01
   3.3755148e-02   9.8466667e-01
   3.4002433e-02   9.8500000e-01
   3.4018314e-02   9.8533333e-01
   3.4081309e-02   9.8566667e-01
   3.4138387e-02   9.8600000e-01
   3.4139232e-02   9.8633333e-01
   3.4168878e-02   9.8666667e-01
   3.4261519e-02   9.8700000e-01
   3.4438978e-02   9.8733333e-01
   3.4929010e-02   9.8766667e-01
   3.4961318e-02   9.8800000e-01
   3.5015923e-02   9.8833333e-01
   3.5016452e-02   9.8866667e-01
   3.5145960e-02   9.8900000e-01
   3.5308338e-02   9.8933333e-01
   3.5467523e-02   9.8966667e-01
   3.5558538e-02   9.9000000e-01
   3.6319306e-02   9.9033333e-01
   3.6328477e-02   9.9066667e-01
   3.6976077e-02   9.9100000e-01
   3.7250972e-02   9.9133333e-01
   3.7373999e-02   9.9166667e-01
   3.7420695e-02   9.9200000e-01
   3.7669295e-02   9.9233333e-01
   3.8056579e-02   9.9266667e-01
   3.8275553e-02   9.9300000e-01
   3.8968250e-02   9.9333333e-01
   3.9742241e-02   9.9366667e-01
   3.9980586e-02   9.9400000e-01
   4.0246006e-02   9.9433333e-01
   4.0335683e-02   9.9466667e-01
   4.0682271e-02   9.9500000e-01
   4.1025862e-02   9.9533333e-01
   4.2706128e-02   9.9566667e-01
   4.2925751e-02   9.9600000e-01
   4.3658161e-02   9.9633333e-01
   4.6260747e-02   9.9666667e-01
   4.6679612e-02   9.9700000e-01
   4.6928471e-02   9.9733333e-01
   4.9073533e-02   9.9766667e-01
   5.0780191e-02   9.9800000e-01
   5.1746779e-02   9.9833333e-01
   5.6813253e-02   9.9866667e-01
   5.9628064e-02   9.9900000e-01
   6.0672808e-02   9.9933333e-01
   6.2111472e-02   9.9966667e-01
   7.0393104e-02   1.0000000e+00
