   2.1392000e-03   0.0000000e+00
   2.1392000e-03   1.0235415e-03
   3.5648000e-03   6.1412487e-03
   3.9216000e-03   1.5353122e-02
   4.2784000e-03   2.1494371e-02
   4.6344000e-03   3.0706244e-02
   4.9912000e-03   6.4483112e-02
   5.3472000e-03   7.6765609e-02
   5.7040000e-03   9.9283521e-02
   6.0608000e-03   1.3408393e-01
   6.4168000e-03   1.6990788e-01
   6.7736000e-03   1.9344933e-01
   7.1304000e-03   2.2006141e-01
   7.4864000e-03   2.7533265e-01
   7.8432000e-03   2.9068577e-01
   8.2000000e-03   3.1525077e-01
   8.5560000e-03   3.4288639e-01
   8.9128000e-03   3.6028659e-01
   9.2688000e-03   3.7768680e-01
   9.6256000e-03   3.8996929e-01
   9.9824000e-03   4.3295803e-01
   1.0338400e-02   4.4319345e-01
   1.0695200e-02   4.6468782e-01
   1.1052000e-02   4.7594678e-01
   1.1408000e-02   4.9334698e-01
   1.1764800e-02   5.0870010e-01
   1.2121600e-02   5.1893552e-01
   1.2477600e-02   5.5578301e-01
   1.2834400e-02   5.6294780e-01
   1.3190400e-02   5.7215967e-01
   1.3547200e-02   5.8137155e-01
   1.3904000e-02   5.9467758e-01
   1.4260000e-02   6.0696008e-01
   1.4616800e-02   6.1310133e-01
   1.4973600e-02   6.3050154e-01
   1.5329600e-02   6.3868987e-01
   1.5686400e-02   6.4994882e-01
   1.6042400e-02   6.6325486e-01
   1.6399200e-02   6.6939611e-01
   1.6756000e-02   6.7451382e-01
   1.7112000e-02   6.8065507e-01
   1.7468800e-02   6.9293756e-01
   1.7825600e-02   6.9396111e-01
   1.8181600e-02   7.0112590e-01
   1.8538400e-02   7.1136131e-01
   1.8895200e-02   7.2262027e-01
   1.9251200e-02   7.2671443e-01
   1.9608000e-02   7.3080860e-01
   1.9964000e-02   7.4411464e-01
   2.0320800e-02   7.5127943e-01
   2.0677600e-02   7.5639713e-01
   2.1033600e-02   7.6151484e-01
   2.1390400e-02   7.6765609e-01
   2.1747200e-02   7.7175026e-01
   2.2103200e-02   7.7789150e-01
   2.2460000e-02   7.8915046e-01
   2.2816800e-02   8.0040942e-01
   2.3172800e-02   8.0962129e-01
   2.3529600e-02   8.1166837e-01
   2.3885600e-02   8.1371546e-01
   2.4242400e-02   8.1985670e-01
   2.4599200e-02   8.2497441e-01
   2.4955200e-02   8.3520983e-01
   2.5312000e-02   8.3623337e-01
   2.5668800e-02   8.3828045e-01
   2.6024800e-02   8.4442170e-01
   2.6381600e-02   8.4851586e-01
   2.6738400e-02   8.5056295e-01
   2.7094400e-02   8.5977482e-01
   2.7451200e-02   8.6284545e-01
   2.7807200e-02   8.6489253e-01
   2.8164000e-02   8.6796315e-01
   2.8876800e-02   8.7308086e-01
   2.9233600e-02   8.7512794e-01
   2.9589600e-02   8.8024565e-01
   2.9946400e-02   8.8433982e-01
   3.0303200e-02   8.8638690e-01
   3.0659200e-02   8.8843398e-01
   3.1016000e-02   8.8945752e-01
   3.1372800e-02   8.9252815e-01
   3.2798400e-02   8.9559877e-01
   3.3155200e-02   8.9764585e-01
   3.3512000e-02   8.9866940e-01
   3.3868000e-02   8.9969294e-01
   3.4937600e-02   9.0481064e-01
   3.5294400e-02   9.0583419e-01
   3.5650400e-02   9.0992835e-01
   3.6007200e-02   9.1095189e-01
   3.6364000e-02   9.1606960e-01
   3.6720000e-02   9.1811668e-01
   3.7076800e-02   9.1914023e-01
   3.7432800e-02   9.2323439e-01
   3.7789600e-02   9.2425793e-01
   3.8502400e-02   9.2528147e-01
   3.8859200e-02   9.2835210e-01
   3.9216000e-02   9.2937564e-01
   3.9572000e-02   9.3039918e-01
   3.9928800e-02   9.3142272e-01
   4.0284800e-02   9.3244626e-01
   4.0641600e-02   9.3449335e-01
   4.0998400e-02   9.3551689e-01
   4.1354400e-02   9.3756397e-01
   4.1711200e-02   9.3961105e-01
   4.2068000e-02   9.4063460e-01
   4.2424000e-02   9.4370522e-01
   4.3137600e-02   9.4472876e-01
   4.3850400e-02   9.4882293e-01
   4.4563200e-02   9.5087001e-01
   4.4920000e-02   9.5291709e-01
   4.5276000e-02   9.5394063e-01
   4.5632800e-02   9.5598772e-01
   4.7059200e-02   9.5701126e-01
   4.7415200e-02   9.6008188e-01
   4.8484800e-02   9.6110542e-01
   4.8841600e-02   9.6212897e-01
   4.9911200e-02   9.6315251e-01
   5.0267200e-02   9.6417605e-01
   5.3476000e-02   9.6622313e-01
   5.3832800e-02   9.6724667e-01
   5.4188800e-02   9.6827021e-01
   5.4901600e-02   9.7134084e-01
   5.5615200e-02   9.7236438e-01
   5.5971200e-02   9.7338792e-01
   5.6328000e-02   9.7441146e-01
   5.7040800e-02   9.7543501e-01
   5.7397600e-02   9.7645855e-01
   5.8110400e-02   9.7850563e-01
   5.8467200e-02   9.7952917e-01
   5.8823200e-02   9.8055271e-01
   5.9536800e-02   9.8259980e-01
   6.0962400e-02   9.8362334e-01
   6.2388800e-02   9.8464688e-01
   6.3458400e-02   9.8567042e-01
   6.5240800e-02   9.8669396e-01
   6.5953600e-02   9.8771750e-01
   6.7023200e-02   9.9078813e-01
   6.8448800e-02   9.9283521e-01
   6.9518400e-02   9.9385875e-01
   7.2371200e-02   9.9488229e-01
   8.0570400e-02   9.9590583e-01
   8.2352800e-02   9.9692938e-01
   8.9839200e-02   9.9795292e-01
   1.6862720e-01   9.9897646e-01
   1.7754000e-01   1.0000000e+00
