   2.7744000e-03   0.0000000e+00
   2.7744000e-03   1.1415525e-03
   3.2368000e-03   8.5616438e-03
   3.6992000e-03   2.2831050e-02
   4.1616000e-03   5.7077626e-02
   4.6240000e-03   1.1472603e-01
   5.0864000e-03   1.7180365e-01
   5.5488000e-03   2.8310502e-01
   6.0112000e-03   3.6757991e-01
   6.4736000e-03   4.5205479e-01
   6.9368000e-03   5.3881279e-01
   7.3992000e-03   5.8789954e-01
   7.8616000e-03   6.3641553e-01
   8.3240000e-03   6.9121005e-01
   8.7864000e-03   7.3116438e-01
   9.2488000e-03   7.5684932e-01
   9.7112000e-03   7.9337900e-01
   1.0173600e-02   8.1963470e-01
   1.0636000e-02   8.4075342e-01
   1.1098400e-02   8.6872146e-01
   1.1560800e-02   8.8755708e-01
   1.2023200e-02   9.0525114e-01
   1.2485600e-02   9.2465753e-01
   1.2948000e-02   9.4178082e-01
   1.3410400e-02   9.4805936e-01
   1.3872800e-02   9.5547945e-01
   1.4335200e-02   9.6289954e-01
   1.4797600e-02   9.6974886e-01
   1.5260000e-02   9.7659817e-01
   1.5722400e-02   9.8287671e-01
   1.6184800e-02   9.8458904e-01
   1.6647200e-02   9.8801370e-01
   1.7109600e-02   9.8972603e-01
   1.7572000e-02   9.9143836e-01
   1.8034400e-02   9.9257991e-01
   1.8496800e-02   9.9372146e-01
   1.8959200e-02   9.9429224e-01
   1.9422400e-02   9.9486301e-01
   2.0347200e-02   9.9543379e-01
   2.1734400e-02   9.9657534e-01
   2.2196800e-02   9.9714612e-01
   2.2659200e-02   9.9771689e-01
   2.4046400e-02   9.9828767e-01
   2.4508800e-02   9.9885845e-01
   2.5896000e-02   9.9942922e-01
   3.1444800e-02   1.0000000e+00
