   5.0928000e-03   0.0000000e+00
   5.0928000e-03   9.4339623e-03
   5.4848000e-03   1.8867925e-02
   5.8768000e-03   3.7735849e-02
   6.2680000e-03   4.7169811e-02
   6.6600000e-03   5.6603774e-02
   7.0520000e-03   6.6037736e-02
   7.4440000e-03   8.4905660e-02
   9.0104000e-03   1.0377358e-01
   9.7944000e-03   1.1320755e-01
   1.0186400e-02   1.3207547e-01
   1.0969600e-02   1.6037736e-01
   1.1361600e-02   1.6981132e-01
   1.2144800e-02   1.7924528e-01
   1.2536800e-02   1.8867925e-01
   1.3320000e-02   1.9811321e-01
   1.4104000e-02   2.3584906e-01
   1.4887200e-02   2.5471698e-01
   1.5279200e-02   2.7358491e-01
   1.6454400e-02   2.8301887e-01
   1.6846400e-02   2.9245283e-01
   1.7238400e-02   3.0188679e-01
   1.8021600e-02   3.2075472e-01
   1.9196800e-02   3.3018868e-01
   1.9588800e-02   3.3962264e-01
   2.1156000e-02   3.4905660e-01
   2.1939200e-02   3.5849057e-01
   2.2331200e-02   3.7735849e-01
   2.2723200e-02   3.8679245e-01
   2.3114400e-02   4.0566038e-01
   2.3506400e-02   4.2452830e-01
   2.5464800e-02   4.4339623e-01
   2.5856800e-02   4.5283019e-01
   2.6248800e-02   4.7169811e-01
   2.6640800e-02   4.8113208e-01
   2.8599200e-02   4.9056604e-01
   2.8991200e-02   5.0000000e-01
   3.0558400e-02   5.0943396e-01
   3.1341600e-02   5.1886792e-01
   3.1733600e-02   5.2830189e-01
   3.2125600e-02   5.3773585e-01
   3.2516800e-02   5.4716981e-01
   3.2908800e-02   5.5660377e-01
   3.4084000e-02   5.6603774e-01
   3.5651200e-02   5.7547170e-01
   3.6043200e-02   5.8490566e-01
   3.6826400e-02   6.0377358e-01
   4.0352800e-02   6.1320755e-01
   4.0744000e-02   6.2264151e-01
   4.1528000e-02   6.3207547e-01
   4.2311200e-02   6.4150943e-01
   4.2703200e-02   6.5094340e-01
   4.3878400e-02   6.6037736e-01
   4.4662400e-02   6.6981132e-01
   4.6228800e-02   6.7924528e-01
   4.8188000e-02   6.8867925e-01
   5.0930400e-02   6.9811321e-01
   5.6415200e-02   7.0754717e-01
   5.7590400e-02   7.1698113e-01
   5.8765600e-02   7.2641509e-01
   6.3859200e-02   7.4528302e-01
   6.5817600e-02   7.5471698e-01
   6.6209600e-02   7.6415094e-01
   6.6601600e-02   7.7358491e-01
   6.7384800e-02   7.8301887e-01
   7.2086400e-02   7.9245283e-01
   7.2869600e-02   8.0188679e-01
   7.4828800e-02   8.1132075e-01
   7.5220000e-02   8.3962264e-01
   7.5612000e-02   8.4905660e-01
   7.6787200e-02   8.5849057e-01
   8.1880800e-02   8.6792453e-01
   8.6581600e-02   8.7735849e-01
   8.8540800e-02   8.8679245e-01
   9.0499200e-02   8.9622642e-01
   9.7160000e-02   9.0566038e-01
   9.7943200e-02   9.1509434e-01
   9.9902400e-02   9.2452830e-01
   1.0068560e-01   9.3396226e-01
   1.0382000e-01   9.4339623e-01
   1.0656240e-01   9.5283019e-01
   1.1361440e-01   9.6226415e-01
   1.1478960e-01   9.7169811e-01
   1.1635680e-01   9.8113208e-01
   1.1714000e-01   9.9056604e-01
   1.8883440e-01   1.0000000e+00
