   4.0304000e-03   0.0000000e+00
   4.0304000e-03   9.7087379e-03
   4.3664000e-03   1.9417476e-02
   5.0376000e-03   4.8543689e-02
   5.3736000e-03   5.8252427e-02
   6.0456000e-03   6.7961165e-02
   6.3808000e-03   8.7378641e-02
   6.7168000e-03   9.7087379e-02
   7.0528000e-03   1.0679612e-01
   7.3888000e-03   1.3592233e-01
   7.7248000e-03   1.9417476e-01
   8.0608000e-03   2.1359223e-01
   8.7320000e-03   3.0097087e-01
   9.7400000e-03   3.1067961e-01
   1.0075200e-02   3.3980583e-01
   1.0411200e-02   3.6893204e-01
   1.0747200e-02   3.9805825e-01
   1.1419200e-02   4.1747573e-01
   1.1754400e-02   4.2718447e-01
   1.2090400e-02   4.3689320e-01
   1.2426400e-02   4.6601942e-01
   1.2762400e-02   4.7572816e-01
   1.3098400e-02   4.9514563e-01
   1.3769600e-02   5.3398058e-01
   1.5113600e-02   5.7281553e-01
   1.5448800e-02   5.9223301e-01
   1.6120800e-02   6.1165049e-01
   1.6456800e-02   6.3106796e-01
   1.6792800e-02   6.5048544e-01
   1.7128800e-02   6.6019417e-01
   1.7464000e-02   6.9902913e-01
   1.7800000e-02   7.1844660e-01
   1.8136000e-02   7.4757282e-01
   1.8808000e-02   7.6699029e-01
   1.9143200e-02   7.7669903e-01
   1.9479200e-02   7.8640777e-01
   1.9815200e-02   7.9611650e-01
   2.0151200e-02   8.0582524e-01
   2.0487200e-02   8.1553398e-01
   2.0822400e-02   8.3495146e-01
   2.1158400e-02   8.5436893e-01
   2.1830400e-02   8.6407767e-01
   2.4181600e-02   8.8349515e-01
   2.5188800e-02   8.9320388e-01
   2.6196800e-02   9.0291262e-01
   3.0226400e-02   9.1262136e-01
   3.1906400e-02   9.2233010e-01
   3.2577600e-02   9.3203883e-01
   3.7951200e-02   9.4174757e-01
   5.1049600e-02   9.5145631e-01
   6.3140000e-02   9.6116505e-01
   6.6834400e-02   9.7087379e-01
   6.7506400e-02   9.8058252e-01
   1.7262800e-01   9.9029126e-01
   1.8438320e-01   1.0000000e+00
