   4.2192000e-03   0.0000000e+00
   4.2192000e-03   3.1545741e-03
   4.6416000e-03   7.8864353e-03
   5.0632000e-03   9.4637224e-03
   5.4856000e-03   2.2082019e-02
   5.9072000e-03   2.9968454e-02
   6.3288000e-03   5.0473186e-02
   6.7512000e-03   6.1514196e-02
   7.1728000e-03   8.2018927e-02
   7.5952000e-03   1.0252366e-01
   8.0168000e-03   1.2460568e-01
   8.4392000e-03   1.3722397e-01
   8.8608000e-03   1.6088328e-01
   9.2824000e-03   1.7665615e-01
   9.7048000e-03   1.8611987e-01
   1.0126400e-02   2.0977918e-01
   1.0548800e-02   2.3186120e-01
   1.0970400e-02   2.4921136e-01
   1.1392000e-02   2.6971609e-01
   1.1814400e-02   2.8864353e-01
   1.2236000e-02   3.0283912e-01
   1.2658400e-02   3.2492114e-01
   1.3080000e-02   3.4384858e-01
   1.3502400e-02   3.6593060e-01
   1.3924000e-02   3.8328076e-01
   1.4346400e-02   4.0378549e-01
   1.4768000e-02   4.1482650e-01
   1.5189600e-02   4.3533123e-01
   1.5612000e-02   4.5268139e-01
   1.6033600e-02   4.6214511e-01
   1.6456000e-02   4.7003155e-01
   1.6877600e-02   4.8107256e-01
   1.7300000e-02   4.8895899e-01
   1.7721600e-02   5.0788644e-01
   1.8143200e-02   5.2208202e-01
   1.8565600e-02   5.3312303e-01
   1.8987200e-02   5.4731861e-01
   1.9409600e-02   5.5362776e-01
   1.9831200e-02   5.6624606e-01
   2.0252800e-02   5.7570978e-01
   2.0675200e-02   5.9148265e-01
   2.1096800e-02   6.0883281e-01
   2.1519200e-02   6.2302839e-01
   2.1940800e-02   6.3722397e-01
   2.2363200e-02   6.5141956e-01
   2.2784800e-02   6.5772871e-01
   2.3206400e-02   6.6246057e-01
   2.3628800e-02   6.6719243e-01
   2.4050400e-02   6.7192429e-01
   2.4472800e-02   6.7665615e-01
   2.4894400e-02   6.8454259e-01
   2.5738400e-02   6.9085174e-01
   2.6160000e-02   6.9716088e-01
   2.6582400e-02   7.0031546e-01
   2.7004000e-02   7.0820189e-01
   2.7426400e-02   7.1608833e-01
   2.7848000e-02   7.1766562e-01
   2.8270400e-02   7.2239748e-01
   2.8692000e-02   7.2712934e-01
   2.9113600e-02   7.3343849e-01
   2.9536000e-02   7.3974763e-01
   2.9957600e-02   7.4132492e-01
   3.0380000e-02   7.4447950e-01
   3.0801600e-02   7.4763407e-01
   3.1224000e-02   7.5552050e-01
   3.1645600e-02   7.5867508e-01
   3.2067200e-02   7.6025237e-01
   3.2489600e-02   7.7129338e-01
   3.2911200e-02   7.7917981e-01
   3.3333600e-02   7.8233438e-01
   3.3755200e-02   7.9179811e-01
   3.4177600e-02   7.9337539e-01
   3.4599200e-02   7.9968454e-01
   3.5020800e-02   8.0757098e-01
   3.5443200e-02   8.1230284e-01
   3.5864800e-02   8.1703470e-01
   3.6287200e-02   8.2334385e-01
   3.6708800e-02   8.2492114e-01
   3.7131200e-02   8.2649842e-01
   3.7552800e-02   8.3123028e-01
   3.7974400e-02   8.3438486e-01
   3.8396800e-02   8.3911672e-01
   3.9240800e-02   8.4227129e-01
   3.9662400e-02   8.4384858e-01
   4.0084000e-02   8.4542587e-01
   4.1350400e-02   8.5015773e-01
   4.2194400e-02   8.5331230e-01
   4.2616000e-02   8.5488959e-01
   4.3037600e-02   8.5804416e-01
   4.3460000e-02   8.6119874e-01
   4.3881600e-02   8.6593060e-01
   4.4304000e-02   8.6750789e-01
   4.4725600e-02   8.7066246e-01
   4.5569600e-02   8.7381703e-01
   4.6413600e-02   8.8012618e-01
   4.8101600e-02   8.8485804e-01
   4.8523200e-02   8.8643533e-01
   4.8944800e-02   8.9274448e-01
   4.9788800e-02   8.9432177e-01
   5.0211200e-02   8.9747634e-01
   5.1055200e-02   8.9905363e-01
   5.1898400e-02   9.0063091e-01
   5.2320800e-02   9.0220820e-01
   5.2742400e-02   9.0378549e-01
   5.3164800e-02   9.0536278e-01
   5.3586400e-02   9.0694006e-01
   5.4008800e-02   9.0851735e-01
   5.4430400e-02   9.1009464e-01
   5.4852000e-02   9.1482650e-01
   5.5274400e-02   9.1640379e-01
   5.5696000e-02   9.1955836e-01
   5.6540000e-02   9.2113565e-01
   5.6962400e-02   9.2429022e-01
   5.7384000e-02   9.2586751e-01
   5.7805600e-02   9.2744479e-01
   5.8649600e-02   9.2902208e-01
   5.9072000e-02   9.3059937e-01
   5.9916000e-02   9.3375394e-01
   6.0337600e-02   9.3690852e-01
   6.0759200e-02   9.4006309e-01
   6.1181600e-02   9.4164038e-01
   6.1603200e-02   9.4479495e-01
   6.2025600e-02   9.4637224e-01
   6.4135200e-02   9.4952681e-01
   6.4556800e-02   9.5110410e-01
   6.4979200e-02   9.5425868e-01
   6.5823200e-02   9.5583596e-01
   6.6244800e-02   9.5741325e-01
   6.7088800e-02   9.6056782e-01
   6.7510400e-02   9.6214511e-01
   6.9198400e-02   9.6372240e-01
   7.0042400e-02   9.6687697e-01
   7.0886400e-02   9.6845426e-01
   7.2152000e-02   9.7003155e-01
   7.3417600e-02   9.7318612e-01
   7.3840000e-02   9.7476341e-01
   7.4261600e-02   9.7634069e-01
   7.5527200e-02   9.7791798e-01
   7.7636800e-02   9.7949527e-01
   7.8059200e-02   9.8107256e-01
   7.8480800e-02   9.8264984e-01
   7.9324800e-02   9.8422713e-01
   8.4388000e-02   9.8580442e-01
   8.4810400e-02   9.8738170e-01
   8.5654400e-02   9.8895899e-01
   8.7341600e-02   9.9053628e-01
   8.7764000e-02   9.9211356e-01
   9.5358400e-02   9.9369085e-01
   9.5780800e-02   9.9526814e-01
   1.0042160e-01   9.9684543e-01
   1.0548560e-01   9.9842271e-01
   1.2194080e-01   1.0000000e+00
