   3.0072000e-03   0.0000000e+00
   3.0072000e-03   1.5503876e-03
   3.4368000e-03   3.1007752e-03
   3.8672000e-03   1.0852713e-02
   4.2968000e-03   2.1705426e-02
   4.7264000e-03   3.8759690e-02
   5.1560000e-03   4.6511628e-02
   5.5856000e-03   9.3023256e-02
   6.0152000e-03   1.0542636e-01
   6.4448000e-03   1.4263566e-01
   6.8744000e-03   1.8139535e-01
   7.3040000e-03   2.0930233e-01
   7.7336000e-03   2.4806202e-01
   8.1632000e-03   2.5736434e-01
   8.5928000e-03   2.8992248e-01
   9.0224000e-03   3.1317829e-01
   9.4520000e-03   3.2403101e-01
   9.8816000e-03   3.4573643e-01
   1.0311200e-02   3.6434109e-01
   1.0740800e-02   3.8449612e-01
   1.1171200e-02   4.0155039e-01
   1.1600000e-02   4.0930233e-01
   1.2030400e-02   4.1395349e-01
   1.2460000e-02   4.2635659e-01
   1.2889600e-02   4.3720930e-01
   1.3319200e-02   4.5581395e-01
   1.3748800e-02   4.7286822e-01
   1.4178400e-02   4.8682171e-01
   1.4608000e-02   4.9922481e-01
   1.5037600e-02   5.0542636e-01
   1.5467200e-02   5.2558140e-01
   1.5896800e-02   5.3798450e-01
   1.6326400e-02   5.4573643e-01
   1.6756000e-02   5.5503876e-01
   1.7185600e-02   5.6434109e-01
   1.7615200e-02   5.7364341e-01
   1.8044800e-02   5.7984496e-01
   1.8474400e-02   5.8759690e-01
   1.8904000e-02   6.0155039e-01
   1.9334400e-02   6.0775194e-01
   1.9764000e-02   6.1860465e-01
   2.0193600e-02   6.2015504e-01
   2.0623200e-02   6.2325581e-01
   2.1052800e-02   6.3100775e-01
   2.1482400e-02   6.3410853e-01
   2.1912000e-02   6.3875969e-01
   2.2341600e-02   6.4961240e-01
   2.2771200e-02   6.5426357e-01
   2.3200800e-02   6.6201550e-01
   2.3630400e-02   6.6821705e-01
   2.4060000e-02   6.7596899e-01
   2.4489600e-02   6.8217054e-01
   2.4919200e-02   6.8992248e-01
   2.5348800e-02   6.9612403e-01
   2.5778400e-02   7.0542636e-01
   2.6208000e-02   7.0852713e-01
   2.6638400e-02   7.1472868e-01
   2.7068000e-02   7.2093023e-01
   2.7497600e-02   7.3023256e-01
   2.7927200e-02   7.3178295e-01
   2.8356800e-02   7.3953488e-01
   2.8786400e-02   7.4418605e-01
   2.9216000e-02   7.5038760e-01
   2.9645600e-02   7.5658915e-01
   3.0075200e-02   7.6124031e-01
   3.0934400e-02   7.6279070e-01
   3.1364000e-02   7.6899225e-01
   3.1793600e-02   7.7364341e-01
   3.2223200e-02   7.7829457e-01
   3.2652800e-02   7.7984496e-01
   3.3082400e-02   7.9224806e-01
   3.3512000e-02   7.9534884e-01
   3.3941600e-02   7.9844961e-01
   3.4372000e-02   8.0465116e-01
   3.4801600e-02   8.0620155e-01
   3.5231200e-02   8.0775194e-01
   3.5660800e-02   8.0930233e-01
   3.6520000e-02   8.1705426e-01
   3.7379200e-02   8.2015504e-01
   3.7808800e-02   8.2790698e-01
   3.9097600e-02   8.3100775e-01
   3.9956800e-02   8.3565891e-01
   4.0816000e-02   8.3720930e-01
   4.1245600e-02   8.4186047e-01
   4.2105600e-02   8.4651163e-01
   4.2535200e-02   8.4806202e-01
   4.3394400e-02   8.5271318e-01
   4.3824000e-02   8.5581395e-01
   4.4253600e-02   8.6046512e-01
   4.5112800e-02   8.6201550e-01
   4.5972000e-02   8.6511628e-01
   4.6401600e-02   8.6976744e-01
   4.6831200e-02   8.7131783e-01
   4.7260800e-02   8.7286822e-01
   4.7690400e-02   8.7441860e-01
   4.8549600e-02   8.7596899e-01
   4.8980000e-02   8.8217054e-01
   4.9839200e-02   8.8372093e-01
   5.0268800e-02   8.8682171e-01
   5.0698400e-02   8.8992248e-01
   5.1987200e-02   8.9147287e-01
   5.2416800e-02   8.9302326e-01
   5.2846400e-02   8.9457364e-01
   5.3705600e-02   8.9612403e-01
   5.4564800e-02   8.9767442e-01
   5.4994400e-02   9.0077519e-01
   5.5853600e-02   9.0387597e-01
   5.6712800e-02   9.0542636e-01
   5.7572800e-02   9.0697674e-01
   5.8432000e-02   9.1007752e-01
   5.9291200e-02   9.1317829e-01
   5.9720800e-02   9.1627907e-01
   6.0580000e-02   9.1782946e-01
   6.1868800e-02   9.2093023e-01
   6.2298400e-02   9.2248062e-01
   6.2728000e-02   9.2403101e-01
   6.3157600e-02   9.2713178e-01
   6.4016800e-02   9.2868217e-01
   6.4447200e-02   9.3333333e-01
   6.6165600e-02   9.3488372e-01
   6.6595200e-02   9.3798450e-01
   6.7884000e-02   9.3953488e-01
   6.9602400e-02   9.4108527e-01
   7.0032000e-02   9.4418605e-01
   7.0891200e-02   9.4728682e-01
   7.5617600e-02   9.4883721e-01
   7.6476800e-02   9.5038760e-01
   7.9484000e-02   9.5193798e-01
   8.0344000e-02   9.5348837e-01
   8.2062400e-02   9.5503876e-01
   8.2492000e-02   9.5658915e-01
   8.3351200e-02   9.5813953e-01
   8.3780800e-02   9.5968992e-01
   8.4210400e-02   9.6124031e-01
   8.5499200e-02   9.6279070e-01
   9.1084800e-02   9.6589147e-01
   9.1944000e-02   9.6744186e-01
   9.4522400e-02   9.6899225e-01
   9.5381600e-02   9.7054264e-01
   9.8818400e-02   9.7209302e-01
   1.0010720e-01   9.7364341e-01
   1.0440400e-01   9.7519380e-01
   1.1772320e-01   9.7674419e-01
   1.2201920e-01   9.7829457e-01
   1.2975280e-01   9.7984496e-01
   1.3018240e-01   9.8139535e-01
   1.3619760e-01   9.8294574e-01
   1.3705680e-01   9.8449612e-01
   1.3748640e-01   9.8604651e-01
   1.4178320e-01   9.8759690e-01
   1.4264240e-01   9.8914729e-01
   1.4479040e-01   9.9069767e-01
   1.4822800e-01   9.9224806e-01
   1.4865760e-01   9.9379845e-01
   1.5037600e-01   9.9534884e-01
   1.7271760e-01   9.9689922e-01
   1.9291120e-01   9.9844961e-01
   2.1353360e-01   1.0000000e+00
