   2.4464000e-03   0.0000000e+00
   2.4464000e-03   2.5284450e-03
   2.8544000e-03   3.7926675e-03
   3.2616000e-03   6.3211125e-03
   3.6696000e-03   2.0227560e-02
   4.0776000e-03   2.7812895e-02
   4.4856000e-03   3.5398230e-02
   4.8928000e-03   7.0796460e-02
   5.3008000e-03   8.5967130e-02
   5.7088000e-03   1.2262958e-01
   6.1160000e-03   1.6940582e-01
   6.5240000e-03   1.9721871e-01
   6.9320000e-03   2.2123894e-01
   7.3392000e-03   2.7180784e-01
   7.7472000e-03   3.0214918e-01
   8.1552000e-03   3.2869785e-01
   8.5624000e-03   3.6662453e-01
   8.9704000e-03   4.0328698e-01
   9.3784000e-03   4.2604298e-01
   9.7856000e-03   4.5385588e-01
   1.0193600e-02   4.8040455e-01
   1.0601600e-02   5.0568900e-01
   1.1008800e-02   5.2718078e-01
   1.1416800e-02   5.4993679e-01
   1.1824800e-02   5.6890013e-01
   1.2232800e-02   5.8912769e-01
   1.2640000e-02   6.1567636e-01
   1.3048000e-02   6.3211125e-01
   1.3456000e-02   6.4475348e-01
   1.3863200e-02   6.6498104e-01
   1.4271200e-02   6.8268015e-01
   1.4679200e-02   6.9785082e-01
   1.5086400e-02   7.1175727e-01
   1.5494400e-02   7.2060683e-01
   1.5902400e-02   7.3198483e-01
   1.6309600e-02   7.5600506e-01
   1.6717600e-02   7.5979772e-01
   1.7125600e-02   7.6485461e-01
   1.7532800e-02   7.8381795e-01
   1.7940800e-02   7.8761062e-01
   1.8348800e-02   7.9140329e-01
   1.8756800e-02   8.0404551e-01
   1.9164000e-02   8.0657396e-01
   1.9572000e-02   8.1542351e-01
   1.9980000e-02   8.2932996e-01
   2.0387200e-02   8.3944374e-01
   2.0795200e-02   8.4197219e-01
   2.1203200e-02   8.5335019e-01
   2.1610400e-02   8.5967130e-01
   2.2018400e-02   8.6346397e-01
   2.2426400e-02   8.7104930e-01
   2.3241600e-02   8.7610619e-01
   2.3649600e-02   8.8874842e-01
   2.4056800e-02   8.9127686e-01
   2.4872800e-02   9.0012642e-01
   2.5280000e-02   9.0265487e-01
   2.5688000e-02   9.0518331e-01
   2.6096000e-02   9.1276865e-01
   2.6503200e-02   9.1656131e-01
   2.6911200e-02   9.1782554e-01
   2.7319200e-02   9.2161820e-01
   2.7727200e-02   9.2288243e-01
   2.8542400e-02   9.2414665e-01
   2.8950400e-02   9.2667509e-01
   2.9357600e-02   9.3046776e-01
   2.9765600e-02   9.3173198e-01
   3.0173600e-02   9.3552465e-01
   3.1804000e-02   9.3678887e-01
   3.2212000e-02   9.3805310e-01
   3.3435200e-02   9.3931732e-01
   3.3843200e-02   9.4058154e-01
   3.4250400e-02   9.4437421e-01
   3.4658400e-02   9.4943110e-01
   3.5066400e-02   9.5195954e-01
   3.5881600e-02   9.5448799e-01
   3.6289600e-02   9.5575221e-01
   3.6697600e-02   9.5701643e-01
   3.7104800e-02   9.5828066e-01
   3.7512800e-02   9.5954488e-01
   3.8736000e-02   9.6207332e-01
   3.9144000e-02   9.6333755e-01
   3.9959200e-02   9.6586599e-01
   4.0774400e-02   9.6713021e-01
   4.1182400e-02   9.6839444e-01
   4.2405600e-02   9.7092288e-01
   4.2813600e-02   9.7345133e-01
   4.4852000e-02   9.7471555e-01
   4.8114400e-02   9.7597977e-01
   5.0560800e-02   9.7724399e-01
   5.1376000e-02   9.7850822e-01
   5.6268800e-02   9.7977244e-01
   6.1162400e-02   9.8103666e-01
   6.2792800e-02   9.8230088e-01
   6.4016000e-02   9.8356511e-01
   6.6870400e-02   9.8482933e-01
   6.9724800e-02   9.8609355e-01
   7.0540000e-02   9.8735777e-01
   7.0948000e-02   9.8862200e-01
   7.8287200e-02   9.8988622e-01
   8.3588000e-02   9.9115044e-01
   9.0520000e-02   9.9241466e-01
   9.9082400e-02   9.9367889e-01
   1.2028560e-01   9.9494311e-01
   1.5290560e-01   9.9620733e-01
   1.8674800e-01   9.9747155e-01
   1.9449520e-01   9.9873578e-01
   2.0632000e-01   1.0000000e+00
