   4.5263070e-03   0.0000000e+00
   4.5263070e-03   1.1848341e-03
   4.7985683e-03   2.3696682e-03
   5.0923192e-03   3.5545024e-03
   5.9284168e-03   4.7393365e-03
   6.2866851e-03   7.1090047e-03
   6.3998164e-03   9.4786730e-03
   6.6177838e-03   1.0663507e-02
   6.7500502e-03   1.1848341e-02
   6.7751794e-03   1.3033175e-02
   6.8077788e-03   1.4218009e-02
   6.8506266e-03   1.5402844e-02
   7.0587751e-03   1.7772512e-02
   7.0664636e-03   1.8957346e-02
   7.1187298e-03   2.0142180e-02
   7.2985224e-03   2.1327014e-02
   7.3551995e-03   2.2511848e-02
   7.3665032e-03   2.3696682e-02
   7.5161735e-03   2.4881517e-02
   7.6243565e-03   2.8436019e-02
   7.6618853e-03   3.1990521e-02
   7.6742714e-03   3.3175355e-02
   7.9257613e-03   3.4360190e-02
   8.0755990e-03   3.5545024e-02
   8.0913837e-03   3.7914692e-02
   8.1894323e-03   3.9099526e-02
   8.1908697e-03   4.3838863e-02
   8.2313964e-03   4.5023697e-02
   8.3035258e-03   4.7393365e-02
   8.4259130e-03   4.8578199e-02
   8.4381162e-03   5.0947867e-02
   8.4673416e-03   5.8056872e-02
   8.4866397e-03   5.9241706e-02
   8.4869630e-03   6.0426540e-02
   8.5428563e-03   6.1611374e-02
   8.6362646e-03   6.2796209e-02
   8.6364571e-03   6.3981043e-02
   8.7540886e-03   6.6350711e-02
   8.7551199e-03   6.8720379e-02
   8.7895080e-03   7.1090047e-02
   8.8604919e-03   7.2274882e-02
   8.9671175e-03   7.3459716e-02
   8.9761000e-03   7.5829384e-02
   9.0327359e-03   7.7014218e-02
   9.0477056e-03   7.9383886e-02
   9.0520676e-03   8.4123223e-02
   9.0984048e-03   8.7677725e-02
   9.3175763e-03   9.4786730e-02
   9.3208434e-03   9.7156398e-02
   9.3210470e-03   9.8341232e-02
   9.3480745e-03   1.0426540e-01
   9.3584068e-03   1.0545024e-01
   9.4130282e-03   1.1018957e-01
   9.5348712e-03   1.1137441e-01
   9.5971366e-03   1.1492891e-01
   9.6095135e-03   1.1848341e-01
   9.6186263e-03   1.1966825e-01
   9.6412284e-03   1.2085308e-01
   9.6727326e-03   1.2322275e-01
   9.7328228e-03   1.2677725e-01
   9.8425879e-03   1.2796209e-01
   9.8782259e-03   1.2914692e-01
   9.8808174e-03   1.3388626e-01
   9.8866011e-03   1.3507109e-01
   9.9079200e-03   1.3744076e-01
   9.9666126e-03   1.3981043e-01
   9.9836489e-03   1.4099526e-01
   9.9936632e-03   1.4336493e-01
   1.0027029e-02   1.4573460e-01
   1.0162205e-02   1.4691943e-01
   1.0171267e-02   1.5165877e-01
   1.0178236e-02   1.5284360e-01
   1.0184638e-02   1.5402844e-01
   1.0212229e-02   1.5995261e-01
   1.0283711e-02   1.6113744e-01
   1.0321767e-02   1.6232227e-01
   1.0435690e-02   1.6350711e-01
   1.0452386e-02   1.6706161e-01
   1.0467923e-02   1.7180095e-01
   1.0489919e-02   1.7298578e-01
   1.0521928e-02   1.7772512e-01
   1.0558270e-02   1.7890995e-01
   1.0579336e-02   1.8009479e-01
   1.0605408e-02   1.8483412e-01
   1.0655173e-02   1.8601896e-01
   1.0677499e-02   1.8838863e-01
   1.0718569e-02   1.9075829e-01
   1.0727372e-02   1.9194313e-01
   1.0733931e-02   1.9549763e-01
   1.0750066e-02   2.0379147e-01
   1.0770273e-02   2.0616114e-01
   1.0802962e-02   2.0853081e-01
   1.0836555e-02   2.1208531e-01
   1.0994630e-02   2.1327014e-01
   1.1009053e-02   2.2274882e-01
   1.1017625e-02   2.2511848e-01
   1.1028990e-02   2.2748815e-01
   1.1077849e-02   2.3104265e-01
   1.1121952e-02   2.3341232e-01
   1.1132336e-02   2.3459716e-01
   1.1155694e-02   2.3933649e-01
   1.1216955e-02   2.4052133e-01
   1.1292068e-02   2.4289100e-01
   1.1296929e-02   2.4407583e-01
   1.1316079e-02   2.4644550e-01
   1.1329545e-02   2.4763033e-01
   1.1367644e-02   2.5236967e-01
   1.1390228e-02   2.5473934e-01
   1.1393888e-02   2.5829384e-01
   1.1478967e-02   2.6184834e-01
   1.1554054e-02   2.6540284e-01
   1.1554490e-02   2.6658768e-01
   1.1572906e-02   2.6895735e-01
   1.1590538e-02   2.7251185e-01
   1.1594232e-02   2.7369668e-01
   1.1620992e-02   2.7488152e-01
   1.1635169e-02   2.7725118e-01
   1.1686424e-02   2.7843602e-01
   1.1687205e-02   2.7962085e-01
   1.1707027e-02   2.8317536e-01
   1.1778076e-02   2.8436019e-01
   1.1857391e-02   2.8554502e-01
   1.1859684e-02   2.8909953e-01
   1.1881507e-02   2.9146919e-01
   1.1889455e-02   2.9383886e-01
   1.1896594e-02   2.9502370e-01
   1.1933006e-02   2.9739336e-01
   1.1945473e-02   3.0094787e-01
   1.2027895e-02   3.0450237e-01
   1.2039482e-02   3.0568720e-01
   1.2114283e-02   3.0805687e-01
   1.2136592e-02   3.0924171e-01
   1.2137450e-02   3.1635071e-01
   1.2148726e-02   3.1753555e-01
   1.2186852e-02   3.2227488e-01
   1.2193290e-02   3.2464455e-01
   1.2250418e-02   3.2819905e-01
   1.2260103e-02   3.3175355e-01
   1.2340234e-02   3.3293839e-01
   1.2422218e-02   3.3767773e-01
   1.2423214e-02   3.3886256e-01
   1.2447519e-02   3.4004739e-01
   1.2449412e-02   3.4123223e-01
   1.2454486e-02   3.4241706e-01
   1.2471054e-02   3.4360190e-01
   1.2497819e-02   3.4478673e-01
   1.2501684e-02   3.4952607e-01
   1.2544800e-02   3.5071090e-01
   1.2574001e-02   3.5189573e-01
   1.2578733e-02   3.5426540e-01
   1.2612818e-02   3.5781991e-01
   1.2681285e-02   3.5900474e-01
   1.2714585e-02   3.6374408e-01
   1.2751613e-02   3.6729858e-01
   1.2755632e-02   3.6848341e-01
   1.2799633e-02   3.7085308e-01
   1.2807788e-02   3.7203791e-01
   1.2814308e-02   3.7322275e-01
   1.2815157e-02   3.7559242e-01
   1.2902088e-02   3.7677725e-01
   1.2986426e-02   3.7914692e-01
   1.2987658e-02   3.8033175e-01
   1.3010351e-02   3.8507109e-01
   1.3012580e-02   3.8625592e-01
   1.3012947e-02   3.8981043e-01
   1.3013690e-02   3.9218009e-01
   1.3058256e-02   3.9336493e-01
   1.3118922e-02   3.9454976e-01
   1.3131520e-02   3.9691943e-01
   1.3137223e-02   3.9928910e-01
   1.3227512e-02   4.0165877e-01
   1.3276409e-02   4.0639810e-01
   1.3279885e-02   4.0995261e-01
   1.3305800e-02   4.1113744e-01
   1.3311034e-02   4.1232227e-01
   1.3318016e-02   4.1350711e-01
   1.3346838e-02   4.1469194e-01
   1.3379386e-02   4.1706161e-01
   1.3451731e-02   4.1943128e-01
   1.3464880e-02   4.2061611e-01
   1.3550359e-02   4.2417062e-01
   1.3571199e-02   4.3127962e-01
   1.3572800e-02   4.3246445e-01
   1.3578959e-02   4.3483412e-01
   1.3616679e-02   4.3601896e-01
   1.3628203e-02   4.3720379e-01
   1.3653261e-02   4.3838863e-01
   1.3701253e-02   4.4075829e-01
   1.3830702e-02   4.4786730e-01
   1.3845768e-02   4.4905213e-01
   1.3871113e-02   4.5260664e-01
   1.3883317e-02   4.5379147e-01
   1.3888390e-02   4.5497630e-01
   1.3925738e-02   4.5616114e-01
   1.3944329e-02   4.5971564e-01
   1.4002552e-02   4.6090047e-01
   1.4023395e-02   4.6208531e-01
   1.4044406e-02   4.6327014e-01
   1.4054169e-02   4.6445498e-01
   1.4102105e-02   4.6563981e-01
   1.4113919e-02   4.6682464e-01
   1.4118112e-02   4.7037915e-01
   1.4133068e-02   4.7274882e-01
   1.4174625e-02   4.7511848e-01
   1.4193762e-02   4.7630332e-01
   1.4238575e-02   4.7748815e-01
   1.4264815e-02   4.7985782e-01
   1.4324137e-02   4.8104265e-01
   1.4395676e-02   4.8222749e-01
   1.4402536e-02   4.8341232e-01
   1.4408443e-02   4.8578199e-01
   1.4411088e-02   4.9052133e-01
   1.4431534e-02   4.9289100e-01
   1.4431820e-02   4.9644550e-01
   1.4449223e-02   4.9763033e-01
   1.4472959e-02   4.9881517e-01
   1.4482087e-02   5.0000000e-01
   1.4590576e-02   5.0118483e-01
   1.4683115e-02   5.0236967e-01
   1.4693124e-02   5.0473934e-01
   1.4695077e-02   5.1184834e-01
   1.4710399e-02   5.1421801e-01
   1.4793252e-02   5.1658768e-01
   1.4960755e-02   5.1895735e-01
   1.4965896e-02   5.2132701e-01
   1.4976503e-02   5.2251185e-01
   1.4991869e-02   5.2369668e-01
   1.5014543e-02   5.2725118e-01
   1.5032347e-02   5.2843602e-01
   1.5055612e-02   5.2962085e-01
   1.5073841e-02   5.3080569e-01
   1.5107891e-02   5.3199052e-01
   1.5153429e-02   5.3317536e-01
   1.5242586e-02   5.3554502e-01
   1.5249281e-02   5.3672986e-01
   1.5254226e-02   5.3791469e-01
   1.5257421e-02   5.4028436e-01
   1.5292664e-02   5.4146919e-01
   1.5324375e-02   5.4502370e-01
   1.5349187e-02   5.4739336e-01
   1.5392972e-02   5.4857820e-01
   1.5425792e-02   5.4976303e-01
   1.5510042e-02   5.5094787e-01
   1.5553082e-02   5.5450237e-01
   1.5580464e-02   5.5568720e-01
   1.5597232e-02   5.5687204e-01
   1.5638395e-02   5.5924171e-01
   1.5639848e-02   5.6516588e-01
   1.5675109e-02   5.6635071e-01
   1.5717098e-02   5.6753555e-01
   1.5807076e-02   5.7109005e-01
   1.5814343e-02   5.7464455e-01
   1.5815030e-02   5.7701422e-01
   1.5819505e-02   5.7819905e-01
   1.5889424e-02   5.8175355e-01
   1.5905355e-02   5.8293839e-01
   1.5933103e-02   5.8412322e-01
   1.5957536e-02   5.8530806e-01
   1.5975210e-02   5.8649289e-01
   1.5978408e-02   5.8886256e-01
   1.6070602e-02   5.9123223e-01
   1.6090503e-02   5.9241706e-01
   1.6108799e-02   5.9597156e-01
   1.6114118e-02   5.9834123e-01
   1.6225311e-02   5.9952607e-01
   1.6280300e-02   6.0189573e-01
   1.6312831e-02   6.0308057e-01
   1.6371126e-02   6.0426540e-01
   1.6379996e-02   6.0545024e-01
   1.6382343e-02   6.1137441e-01
   1.6397157e-02   6.1492891e-01
   1.6407814e-02   6.2085308e-01
   1.6462636e-02   6.2322275e-01
   1.6515872e-02   6.2440758e-01
   1.6521578e-02   6.2559242e-01
   1.6607689e-02   6.2796209e-01
   1.6625343e-02   6.3033175e-01
   1.6674147e-02   6.3151659e-01
   1.6675966e-02   6.3270142e-01
   1.6712268e-02   6.3507109e-01
   1.6714567e-02   6.3625592e-01
   1.6726263e-02   6.3744076e-01
   1.6772665e-02   6.3862559e-01
   1.6849096e-02   6.4218009e-01
   1.6935814e-02   6.4336493e-01
   1.6938849e-02   6.4454976e-01
   1.6944528e-02   6.4573460e-01
   1.6944866e-02   6.4691943e-01
   1.6945107e-02   6.4810427e-01
   1.6973307e-02   6.5047393e-01
   1.6995018e-02   6.5284360e-01
   1.7020008e-02   6.5521327e-01
   1.7020726e-02   6.5758294e-01
   1.7051034e-02   6.5876777e-01
   1.7057772e-02   6.5995261e-01
   1.7085807e-02   6.6113744e-01
   1.7086838e-02   6.6232227e-01
   1.7220002e-02   6.6350711e-01
   1.7220474e-02   6.6469194e-01
   1.7237569e-02   6.6706161e-01
   1.7274172e-02   6.6943128e-01
   1.7328681e-02   6.7061611e-01
   1.7392241e-02   6.7180095e-01
   1.7393409e-02   6.7298578e-01
   1.7401894e-02   6.7417062e-01
   1.7492652e-02   6.7535545e-01
   1.7500040e-02   6.7772512e-01
   1.7508105e-02   6.7890995e-01
   1.7510805e-02   6.8009479e-01
   1.7578383e-02   6.8127962e-01
   1.7651674e-02   6.8246445e-01
   1.7720769e-02   6.8364929e-01
   1.7738148e-02   6.8483412e-01
   1.7783607e-02   6.8838863e-01
   1.7818959e-02   6.9075829e-01
   1.7855185e-02   6.9194313e-01
   1.7873784e-02   6.9312796e-01
   1.7885767e-02   6.9431280e-01
   1.7951537e-02   6.9668246e-01
   1.8042951e-02   6.9786730e-01
   1.8064890e-02   7.0023697e-01
   1.8070987e-02   7.0142180e-01
   1.8086414e-02   7.0260664e-01
   1.8095308e-02   7.0379147e-01
   1.8105266e-02   7.0497630e-01
   1.8136739e-02   7.0616114e-01
   1.8170638e-02   7.0734597e-01
   1.8196164e-02   7.0971564e-01
   1.8214959e-02   7.1090047e-01
   1.8215965e-02   7.1327014e-01
   1.8273108e-02   7.1563981e-01
   1.8295742e-02   7.1682464e-01
   1.8297634e-02   7.1919431e-01
   1.8350625e-02   7.2156398e-01
   1.8366972e-02   7.2274882e-01
   1.8371373e-02   7.2393365e-01
   1.8536835e-02   7.2511848e-01
   1.8629261e-02   7.2748815e-01
   1.8634555e-02   7.2867299e-01
   1.8642094e-02   7.2985782e-01
   1.8696016e-02   7.3104265e-01
   1.8717342e-02   7.3341232e-01
   1.8747585e-02   7.3459716e-01
   1.8911686e-02   7.3578199e-01
   1.8916039e-02   7.3696682e-01
   1.8991781e-02   7.3815166e-01
   1.9022003e-02   7.3933649e-01
   1.9100653e-02   7.4052133e-01
   1.9145437e-02   7.4170616e-01
   1.9197734e-02   7.4526066e-01
   1.9218416e-02   7.4644550e-01
   1.9236706e-02   7.5000000e-01
   1.9240452e-02   7.5236967e-01
   1.9292087e-02   7.5355450e-01
   1.9345362e-02   7.5473934e-01
   1.9435910e-02   7.5592417e-01
   1.9476143e-02   7.5829384e-01
   1.9481487e-02   7.5947867e-01
   1.9487245e-02   7.6184834e-01
   1.9499070e-02   7.6303318e-01
   1.9502686e-02   7.6540284e-01
   1.9594634e-02   7.6658768e-01
   1.9630199e-02   7.6777251e-01
   1.9665185e-02   7.7014218e-01
   1.9751074e-02   7.7132701e-01
   1.9756221e-02   7.7251185e-01
   1.9759287e-02   7.7369668e-01
   1.9772639e-02   7.7606635e-01
   1.9780676e-02   7.7725118e-01
   1.9866558e-02   7.7843602e-01
   1.9896743e-02   7.8080569e-01
   1.9910454e-02   7.8199052e-01
   1.9933690e-02   7.8436019e-01
   1.9967298e-02   7.8554502e-01
   1.9970491e-02   7.8672986e-01
   2.0050993e-02   7.8791469e-01
   2.0068636e-02   7.8909953e-01
   2.0081460e-02   7.9146919e-01
   2.0160146e-02   7.9383886e-01
   2.0176097e-02   7.9502370e-01
   2.0314357e-02   7.9620853e-01
   2.0323831e-02   7.9739336e-01
   2.0326131e-02   7.9857820e-01
   2.0338078e-02   7.9976303e-01
   2.0414097e-02   8.0213270e-01
   2.0424458e-02   8.0450237e-01
   2.0442294e-02   8.0805687e-01
   2.0474984e-02   8.1042654e-01
   2.0567873e-02   8.1161137e-01
   2.0605353e-02   8.1516588e-01
   2.0634013e-02   8.1753555e-01
   2.0643373e-02   8.1872038e-01
   2.0905630e-02   8.1990521e-01
   2.0936352e-02   8.2109005e-01
   2.0982304e-02   8.2227488e-01
   2.1035117e-02   8.2345972e-01
   2.1088920e-02   8.2464455e-01
   2.1119918e-02   8.2701422e-01
   2.1177212e-02   8.2819905e-01
   2.1199970e-02   8.2938389e-01
   2.1237525e-02   8.3056872e-01
   2.1289647e-02   8.3293839e-01
   2.1470006e-02   8.3412322e-01
   2.1545129e-02   8.3649289e-01
   2.1599530e-02   8.3767773e-01
   2.1734268e-02   8.4004739e-01
   2.1740791e-02   8.4123223e-01
   2.1743016e-02   8.4360190e-01
   2.1765906e-02   8.4478673e-01
   2.1890229e-02   8.4597156e-01
   2.1979692e-02   8.4715640e-01
   2.2017566e-02   8.5071090e-01
   2.2057980e-02   8.5189573e-01
   2.2084257e-02   8.5308057e-01
   2.2110361e-02   8.5426540e-01
   2.2156175e-02   8.5545024e-01
   2.2299096e-02   8.5663507e-01
   2.2357216e-02   8.5781991e-01
   2.2410484e-02   8.5900474e-01
   2.2423599e-02   8.6018957e-01
   2.2593331e-02   8.6137441e-01
   2.2601791e-02   8.6255924e-01
   2.2648931e-02   8.6374408e-01
   2.2661290e-02   8.6492891e-01
   2.2713283e-02   8.6611374e-01
   2.2769301e-02   8.6729858e-01
   2.2780921e-02   8.6848341e-01
   2.2788482e-02   8.7085308e-01
   2.2863039e-02   8.7203791e-01
   2.2873637e-02   8.7322275e-01
   2.2885568e-02   8.7440758e-01
   2.2935383e-02   8.7677725e-01
   2.2963496e-02   8.7796209e-01
   2.2986785e-02   8.8033175e-01
   2.2994455e-02   8.8151659e-01
   2.3223856e-02   8.8270142e-01
   2.3284770e-02   8.8388626e-01
   2.3438696e-02   8.8507109e-01
   2.3580160e-02   8.8625592e-01
   2.3710320e-02   8.8862559e-01
   2.3735056e-02   8.8981043e-01
   2.3742425e-02   8.9099526e-01
   2.3763013e-02   8.9336493e-01
   2.3778409e-02   8.9454976e-01
   2.3828908e-02   8.9691943e-01
   2.3891593e-02   8.9810427e-01
   2.3936808e-02   8.9928910e-01
   2.3992813e-02   9.0047393e-01
   2.4004336e-02   9.0165877e-01
   2.4020219e-02   9.0284360e-01
   2.4279595e-02   9.0402844e-01
   2.4511222e-02   9.0521327e-01
   2.4520861e-02   9.0639810e-01
   2.4569428e-02   9.0758294e-01
   2.4584301e-02   9.1113744e-01
   2.4683178e-02   9.1469194e-01
   2.4844437e-02   9.1587678e-01
   2.4865071e-02   9.1706161e-01
   2.4908526e-02   9.1824645e-01
   2.5003535e-02   9.1943128e-01
   2.5074801e-02   9.2061611e-01
   2.5122378e-02   9.2180095e-01
   2.5151395e-02   9.2298578e-01
   2.5251797e-02   9.2417062e-01
   2.5254304e-02   9.2535545e-01
   2.5311586e-02   9.2772512e-01
   2.5460465e-02   9.2890995e-01
   2.5760567e-02   9.3009479e-01
   2.5802805e-02   9.3127962e-01
   2.5907983e-02   9.3246445e-01
   2.5944420e-02   9.3364929e-01
   2.6037506e-02   9.3483412e-01
   2.6262194e-02   9.3601896e-01
   2.6426935e-02   9.3720379e-01
   2.6540802e-02   9.3838863e-01
   2.6857325e-02   9.3957346e-01
   2.6957360e-02   9.4075829e-01
   2.7105738e-02   9.4194313e-01
   2.7116263e-02   9.4312796e-01
   2.7133246e-02   9.4431280e-01
   2.7170648e-02   9.4549763e-01
   2.7441219e-02   9.4668246e-01
   2.7508498e-02   9.4786730e-01
   2.7607366e-02   9.4905213e-01
   2.7664832e-02   9.5023697e-01
   2.7928542e-02   9.5260664e-01
   2.7947807e-02   9.5379147e-01
   2.8044090e-02   9.5497630e-01
   2.8154872e-02   9.5616114e-01
   2.8226938e-02   9.5734597e-01
   2.8236232e-02   9.5853081e-01
   2.8239085e-02   9.5971564e-01
   2.8319768e-02   9.6090047e-01
   2.8520406e-02   9.6208531e-01
   2.8528282e-02   9.6327014e-01
   2.8530256e-02   9.6445498e-01
   2.8822735e-02   9.6563981e-01
   2.8883135e-02   9.6682464e-01
   2.9079065e-02   9.6800948e-01
   2.9213879e-02   9.6919431e-01
   2.9278421e-02   9.7037915e-01
   2.9356414e-02   9.7156398e-01
   2.9642641e-02   9.7274882e-01
   2.9845939e-02   9.7393365e-01
   3.0338210e-02   9.7511848e-01
   3.0784768e-02   9.7630332e-01
   3.0990377e-02   9.7748815e-01
   3.1493513e-02   9.7867299e-01
   3.1628684e-02   9.7985782e-01
   3.2421037e-02   9.8104265e-01
   3.2450622e-02   9.8222749e-01
   3.2887506e-02   9.8341232e-01
   3.3929775e-02   9.8459716e-01
   3.5944488e-02   9.8578199e-01
   3.6921943e-02   9.8696682e-01
   3.7040976e-02   9.8815166e-01
   3.8673258e-02   9.8933649e-01
   3.8761248e-02   9.9052133e-01
   4.1100777e-02   9.9170616e-01
   4.1593794e-02   9.9289100e-01
   4.4656910e-02   9.9407583e-01
   4.5062897e-02   9.9526066e-01
   5.0189693e-02   9.9644550e-01
   7.4051294e-02   9.9763033e-01
   9.5422623e-02   9.9881517e-01
   1.2813209e-01   1.0000000e+00
