   8.0360000e-03   0.0000000e+00
   8.0360000e-03   4.6511628e-02
   1.1160800e-02   6.9767442e-02
   1.2053600e-02   9.3023256e-02
   1.4285600e-02   1.1627907e-01
   1.4732000e-02   1.3953488e-01
   1.5178400e-02   1.6279070e-01
   1.6517600e-02   1.8604651e-01
   1.7410400e-02   2.3255814e-01
   2.1875200e-02   2.5581395e-01
   2.2321600e-02   2.7906977e-01
   2.4107200e-02   3.2558140e-01
   2.5446400e-02   3.4883721e-01
   2.5892800e-02   3.9534884e-01
   2.6339200e-02   4.1860465e-01
   2.6785600e-02   4.6511628e-01
   2.7678400e-02   4.8837209e-01
   2.9464000e-02   5.1162791e-01
   3.2143200e-02   5.3488372e-01
   3.3482400e-02   5.5813953e-01
   3.3928800e-02   5.8139535e-01
   3.4375200e-02   6.0465116e-01
   4.1517600e-02   6.2790698e-01
   4.1964000e-02   6.5116279e-01
   4.6428800e-02   6.7441860e-01
   4.9553600e-02   6.9767442e-01
   5.0446400e-02   7.2093023e-01
   5.0892800e-02   7.4418605e-01
   5.1785600e-02   7.6744186e-01
   5.5356800e-02   7.9069767e-01
   5.7589600e-02   8.1395349e-01
   5.8928800e-02   8.3720930e-01
   6.0268000e-02   8.6046512e-01
   6.2500000e-02   8.8372093e-01
   6.8750400e-02   9.0697674e-01
   7.0982400e-02   9.3023256e-01
   7.7232000e-02   9.5348837e-01
   1.2232160e-01   9.7674419e-01
   2.0089280e-01   1.0000000e+00
