   3.7936000e-03   0.0000000e+00
   3.7936000e-03   1.7182131e-02
   4.2152000e-03   2.7491409e-02
   4.6368000e-03   5.4982818e-02
   5.0576000e-03   8.5910653e-02
   5.4792000e-03   1.0309278e-01
   5.9008000e-03   1.3058419e-01
   6.3224000e-03   1.6838488e-01
   6.7440000e-03   2.3711340e-01
   7.1656000e-03   2.6460481e-01
   7.5872000e-03   2.7491409e-01
   8.0088000e-03   3.2646048e-01
   8.4296000e-03   3.4364261e-01
   8.8512000e-03   3.7113402e-01
   9.2728000e-03   3.8144330e-01
   9.6944000e-03   3.9862543e-01
   1.0116000e-02   4.3642612e-01
   1.0537600e-02   4.5360825e-01
   1.0959200e-02   4.7422680e-01
   1.1380800e-02   4.8797251e-01
   1.1801600e-02   5.0171821e-01
   1.2223200e-02   5.1202749e-01
   1.2644800e-02   5.2233677e-01
   1.3066400e-02   5.3951890e-01
   1.3488000e-02   5.6013746e-01
   1.3909600e-02   5.7388316e-01
   1.4331200e-02   5.8419244e-01
   1.4752000e-02   6.0137457e-01
   1.5173600e-02   6.1168385e-01
   1.5595200e-02   6.2886598e-01
   1.6016800e-02   6.3917526e-01
   1.6438400e-02   6.4261168e-01
   1.6860000e-02   6.4604811e-01
   1.7281600e-02   6.5635739e-01
   1.7703200e-02   6.6666667e-01
   1.8124000e-02   6.7697595e-01
   1.8545600e-02   6.8041237e-01
   1.8967200e-02   6.9415808e-01
   1.9388800e-02   7.0446735e-01
   1.9810400e-02   7.1134021e-01
   2.0232000e-02   7.2508591e-01
   2.1074400e-02   7.2852234e-01
   2.1496000e-02   7.3195876e-01
   2.2760800e-02   7.4570447e-01
   2.3182400e-02   7.4914089e-01
   2.3604000e-02   7.5945017e-01
   2.4025600e-02   7.6632302e-01
   2.4446400e-02   7.6975945e-01
   2.4868000e-02   7.7663230e-01
   2.6132800e-02   7.9725086e-01
   2.6554400e-02   8.0068729e-01
   2.7818400e-02   8.0412371e-01
   2.8240000e-02   8.1099656e-01
   2.9083200e-02   8.1786942e-01
   2.9504800e-02   8.2130584e-01
   3.0348000e-02   8.2817869e-01
   3.0769600e-02   8.3161512e-01
   3.1612000e-02   8.3505155e-01
   3.2033600e-02   8.4192440e-01
   3.2455200e-02   8.4536082e-01
   3.3720000e-02   8.4879725e-01
   3.4140800e-02   8.5223368e-01
   3.4984000e-02   8.5567010e-01
   3.5827200e-02   8.6254296e-01
   3.6670400e-02   8.6597938e-01
   3.7513600e-02   8.6941581e-01
   3.7934400e-02   8.7628866e-01
   3.8777600e-02   8.8316151e-01
   3.9199200e-02   8.9003436e-01
   4.4678400e-02   8.9690722e-01
   4.5100000e-02   9.0034364e-01
   4.5943200e-02   9.0378007e-01
   4.6364800e-02   9.0721649e-01
   4.7207200e-02   9.1065292e-01
   4.8050400e-02   9.1408935e-01
   4.8472000e-02   9.1752577e-01
   4.9736800e-02   9.2096220e-01
   5.3951200e-02   9.2439863e-01
   5.4794400e-02   9.2783505e-01
   5.6059200e-02   9.3127148e-01
   5.6480800e-02   9.3470790e-01
   5.6901600e-02   9.3814433e-01
   5.7744800e-02   9.4158076e-01
   5.8588000e-02   9.4501718e-01
   6.8282400e-02   9.4845361e-01
   7.1654400e-02   9.5189003e-01
   7.9663200e-02   9.5532646e-01
   8.6406400e-02   9.5876289e-01
   8.8936000e-02   9.6219931e-01
   9.9894400e-02   9.6563574e-01
   1.0158080e-01   9.6907216e-01
   1.0790320e-01   9.7250859e-01
   1.4836640e-01   9.7594502e-01
   1.6227600e-01   9.7938144e-01
   1.9683840e-01   9.8281787e-01
   2.0189680e-01   9.8625430e-01
   2.1580640e-01   9.8969072e-01
   2.2170720e-01   9.9312715e-01
   2.8408880e-01   9.9656357e-01
   2.9462560e-01   1.0000000e+00
