   5.1701220e-03   0.0000000e+00
   5.1701220e-03   2.6385224e-03
   5.2200392e-03   5.2770449e-03
   5.4753722e-03   7.9155673e-03
   5.5792693e-03   1.3192612e-02
   5.5882107e-03   1.5831135e-02
   5.7790889e-03   1.8469657e-02
   5.9687674e-03   2.1108179e-02
   5.9954255e-03   2.3746702e-02
   6.0836800e-03   2.6385224e-02
   6.1933089e-03   2.9023747e-02
   6.3548891e-03   3.1662269e-02
   6.6419934e-03   3.4300792e-02
   6.9625739e-03   3.9577836e-02
   7.1736883e-03   4.2216359e-02
   7.2410402e-03   4.4854881e-02
   7.2452365e-03   5.0131926e-02
   7.2877948e-03   5.2770449e-02
   7.3002956e-03   5.5408971e-02
   7.3528296e-03   6.3324538e-02
   7.5386172e-03   6.5963061e-02
   7.5575311e-03   6.8601583e-02
   7.5703588e-03   7.1240106e-02
   7.7775143e-03   7.6517150e-02
   8.0115207e-03   7.9155673e-02
   8.1528637e-03   8.1794195e-02
   8.1586149e-03   8.4432718e-02
   8.2080596e-03   8.7071240e-02
   8.4431077e-03   9.2348285e-02
   8.4582436e-03   9.4986807e-02
   8.5169113e-03   9.7625330e-02
   8.5472252e-03   1.0026385e-01
   8.6182218e-03   1.0817942e-01
   8.6578912e-03   1.1081794e-01
   8.7517121e-03   1.1345646e-01
   8.7606960e-03   1.1609499e-01
   8.7861457e-03   1.2401055e-01
   8.8662870e-03   1.2664908e-01
   9.0651098e-03   1.2928760e-01
   9.1252191e-03   1.3456464e-01
   9.1466197e-03   1.4511873e-01
   9.2251345e-03   1.4775726e-01
   9.3529331e-03   1.5039578e-01
   9.3635820e-03   1.5567282e-01
   9.3890007e-03   1.6094987e-01
   9.4742644e-03   1.6886544e-01
   9.5752013e-03   1.7150396e-01
   9.5806900e-03   1.7414248e-01
   9.6488227e-03   1.7678100e-01
   9.6721572e-03   1.7941953e-01
   9.7323111e-03   1.8205805e-01
   9.7335269e-03   1.8469657e-01
   9.7471186e-03   1.8733509e-01
   9.8322197e-03   1.8997361e-01
   9.9346448e-03   1.9261214e-01
   9.9374377e-03   1.9525066e-01
   9.9520592e-03   1.9788918e-01
   9.9585665e-03   2.0052770e-01
   9.9826848e-03   2.0316623e-01
   1.0082282e-02   2.0844327e-01
   1.0137489e-02   2.1372032e-01
   1.0252646e-02   2.1635884e-01
   1.0261991e-02   2.1899736e-01
   1.0349202e-02   2.2427441e-01
   1.0439447e-02   2.2691293e-01
   1.0553755e-02   2.2955145e-01
   1.0610182e-02   2.3218997e-01
   1.0637096e-02   2.3482850e-01
   1.0730376e-02   2.3746702e-01
   1.0747438e-02   2.4010554e-01
   1.0861308e-02   2.4538259e-01
   1.0899646e-02   2.5065963e-01
   1.0951371e-02   2.5329815e-01
   1.1156167e-02   2.5593668e-01
   1.1158539e-02   2.5857520e-01
   1.1170705e-02   2.6121372e-01
   1.1174773e-02   2.6385224e-01
   1.1176421e-02   2.6649077e-01
   1.1213634e-02   2.6912929e-01
   1.1218259e-02   2.7176781e-01
   1.1336636e-02   2.7440633e-01
   1.1461716e-02   2.7704485e-01
   1.1559052e-02   2.8232190e-01
   1.1654869e-02   2.8759894e-01
   1.1759187e-02   2.9023747e-01
   1.1772699e-02   2.9551451e-01
   1.1777121e-02   3.0079156e-01
   1.1907127e-02   3.0343008e-01
   1.2017601e-02   3.0606860e-01
   1.2062641e-02   3.0870712e-01
   1.2066819e-02   3.1134565e-01
   1.2102187e-02   3.1398417e-01
   1.2157544e-02   3.1662269e-01
   1.2262399e-02   3.2189974e-01
   1.2334254e-02   3.2453826e-01
   1.2384284e-02   3.3245383e-01
   1.2410397e-02   3.3509235e-01
   1.2478724e-02   3.3773087e-01
   1.2576138e-02   3.4036939e-01
   1.2624263e-02   3.4300792e-01
   1.2672778e-02   3.4564644e-01
   1.2685772e-02   3.4828496e-01
   1.2709778e-02   3.5620053e-01
   1.2743460e-02   3.5883905e-01
   1.2925688e-02   3.6147757e-01
   1.2967244e-02   3.6411609e-01
   1.2971448e-02   3.6675462e-01
   1.2992166e-02   3.6939314e-01
   1.3331733e-02   3.7203166e-01
   1.3383976e-02   3.7467018e-01
   1.3572527e-02   3.7730871e-01
   1.4085394e-02   3.7994723e-01
   1.4127358e-02   3.8258575e-01
   1.4197277e-02   3.8522427e-01
   1.4204969e-02   3.8786280e-01
   1.4339706e-02   3.9050132e-01
   1.4347377e-02   3.9313984e-01
   1.4482080e-02   3.9577836e-01
   1.4514881e-02   3.9841689e-01
   1.4600591e-02   4.0105541e-01
   1.4812095e-02   4.0369393e-01
   1.4839036e-02   4.0633245e-01
   1.5140718e-02   4.0897098e-01
   1.5208899e-02   4.1160950e-01
   1.5393237e-02   4.1424802e-01
   1.5432565e-02   4.1688654e-01
   1.5469910e-02   4.1952507e-01
   1.5556072e-02   4.2216359e-01
   1.5817207e-02   4.2480211e-01
   1.5980666e-02   4.2744063e-01
   1.6026618e-02   4.3007916e-01
   1.6027201e-02   4.3271768e-01
   1.6266814e-02   4.3535620e-01
   1.6284371e-02   4.3799472e-01
   1.6285725e-02   4.4327177e-01
   1.6309782e-02   4.4854881e-01
   1.6356443e-02   4.5118734e-01
   1.6416119e-02   4.5382586e-01
   1.6537920e-02   4.5646438e-01
   1.6592200e-02   4.5910290e-01
   1.6803875e-02   4.6174142e-01
   1.6890408e-02   4.6701847e-01
   1.7095136e-02   4.6965699e-01
   1.7267470e-02   4.7229551e-01
   1.7369506e-02   4.7493404e-01
   1.7488507e-02   4.7757256e-01
   1.7843945e-02   4.8021108e-01
   1.7848936e-02   4.8284960e-01
   1.7989515e-02   4.8548813e-01
   1.8089821e-02   4.8812665e-01
   1.8130220e-02   4.9076517e-01
   1.8341159e-02   4.9340369e-01
   1.8501381e-02   4.9604222e-01
   1.8517547e-02   4.9868074e-01
   1.8788824e-02   5.0131926e-01
   1.8859348e-02   5.0395778e-01
   1.8909070e-02   5.0659631e-01
   1.9297645e-02   5.0923483e-01
   1.9344882e-02   5.1451187e-01
   1.9644983e-02   5.1715040e-01
   1.9672314e-02   5.1978892e-01
   1.9733783e-02   5.2242744e-01
   1.9734013e-02   5.2506596e-01
   1.9908032e-02   5.2770449e-01
   2.0023664e-02   5.3034301e-01
   2.0235850e-02   5.3298153e-01
   2.0523557e-02   5.3562005e-01
   2.0523983e-02   5.3825858e-01
   2.0560336e-02   5.4089710e-01
   2.0675878e-02   5.4353562e-01
   2.0684271e-02   5.4617414e-01
   2.1143094e-02   5.4881266e-01
   2.1359679e-02   5.5145119e-01
   2.1476345e-02   5.5408971e-01
   2.1677201e-02   5.5672823e-01
   2.1829021e-02   5.5936675e-01
   2.2166994e-02   5.6200528e-01
   2.2437105e-02   5.6464380e-01
   2.2509195e-02   5.6728232e-01
   2.2597436e-02   5.6992084e-01
   2.2948334e-02   5.7255937e-01
   2.2953431e-02   5.7519789e-01
   2.3205532e-02   5.7783641e-01
   2.3454307e-02   5.8047493e-01
   2.3489720e-02   5.8311346e-01
   2.3671236e-02   5.8575198e-01
   2.3877121e-02   5.8839050e-01
   2.4052815e-02   5.9102902e-01
   2.4167184e-02   5.9366755e-01
   2.4261422e-02   5.9630607e-01
   2.4433454e-02   5.9894459e-01
   2.4725982e-02   6.0158311e-01
   2.5329323e-02   6.0422164e-01
   2.5400656e-02   6.0686016e-01
   2.5680383e-02   6.0949868e-01
   2.5750495e-02   6.1213720e-01
   2.5855303e-02   6.1477573e-01
   2.6567478e-02   6.1741425e-01
   2.6706877e-02   6.2005277e-01
   2.7268258e-02   6.2269129e-01
   2.7745616e-02   6.2532982e-01
   2.7878017e-02   6.2796834e-01
   2.7903984e-02   6.3060686e-01
   2.7910884e-02   6.3324538e-01
   2.8307747e-02   6.3588391e-01
   2.8343028e-02   6.3852243e-01
   2.9013438e-02   6.4116095e-01
   2.9075394e-02   6.4379947e-01
   2.9084994e-02   6.4643799e-01
   2.9136543e-02   6.4907652e-01
   2.9744050e-02   6.5171504e-01
   3.0020173e-02   6.5435356e-01
   3.0088779e-02   6.5699208e-01
   3.0396858e-02   6.5963061e-01
   3.0402788e-02   6.6226913e-01
   3.0417798e-02   6.6490765e-01
   3.0453971e-02   6.6754617e-01
   3.0461965e-02   6.7018470e-01
   3.0773193e-02   6.7282322e-01
   3.0951787e-02   6.7546174e-01
   3.1112143e-02   6.7810026e-01
   3.1164230e-02   6.8073879e-01
   3.1406402e-02   6.8337731e-01
   3.1660866e-02   6.8601583e-01
   3.1720338e-02   6.8865435e-01
   3.1993275e-02   6.9129288e-01
   3.2046723e-02   6.9393140e-01
   3.2174383e-02   6.9656992e-01
   3.2830543e-02   6.9920844e-01
   3.2848414e-02   7.0184697e-01
   3.3020063e-02   7.0448549e-01
   3.3199044e-02   7.0712401e-01
   3.3962975e-02   7.0976253e-01
   3.4058878e-02   7.1240106e-01
   3.4393989e-02   7.1503958e-01
   3.4413821e-02   7.1767810e-01
   3.4439764e-02   7.2031662e-01
   3.4631184e-02   7.2295515e-01
   3.4679362e-02   7.2559367e-01
   3.4825030e-02   7.2823219e-01
   3.5035802e-02   7.3087071e-01
   3.5043453e-02   7.3350923e-01
   3.5576715e-02   7.3614776e-01
   3.6182414e-02   7.3878628e-01
   3.6238676e-02   7.4142480e-01
   3.6471478e-02   7.4406332e-01
   3.6553838e-02   7.4934037e-01
   3.6913554e-02   7.5197889e-01
   3.7283636e-02   7.5461741e-01
   3.7968200e-02   7.5725594e-01
   3.8742934e-02   7.5989446e-01
   4.0290519e-02   7.6253298e-01
   4.0366217e-02   7.6517150e-01
   4.0389585e-02   7.6781003e-01
   4.0684517e-02   7.7044855e-01
   4.0756041e-02   7.7308707e-01
   4.1494986e-02   7.7572559e-01
   4.2141137e-02   7.7836412e-01
   4.2329603e-02   7.8100264e-01
   4.2332569e-02   7.8364116e-01
   4.2819490e-02   7.8627968e-01
   4.2863938e-02   7.8891821e-01
   4.3680434e-02   7.9155673e-01
   4.3736401e-02   7.9683377e-01
   4.3790622e-02   7.9947230e-01
   4.4255871e-02   8.0211082e-01
   4.4625193e-02   8.0474934e-01
   4.8704606e-02   8.0738786e-01
   4.9162364e-02   8.1002639e-01
   5.2092169e-02   8.1266491e-01
   5.2388268e-02   8.1530343e-01
   5.2472789e-02   8.1794195e-01
   5.2482687e-02   8.2058047e-01
   5.3302995e-02   8.2321900e-01
   5.3618885e-02   8.2585752e-01
   5.4881079e-02   8.2849604e-01
   5.6052575e-02   8.3113456e-01
   5.8226590e-02   8.3377309e-01
   5.9314891e-02   8.3641161e-01
   5.9626202e-02   8.3905013e-01
   6.0087365e-02   8.4168865e-01
   6.1639161e-02   8.4432718e-01
   6.3834966e-02   8.4696570e-01
   6.3934016e-02   8.4960422e-01
   6.4108325e-02   8.5224274e-01
   6.4858254e-02   8.5488127e-01
   6.5493380e-02   8.5751979e-01
   6.5760006e-02   8.6015831e-01
   6.6167828e-02   8.6279683e-01
   6.8037029e-02   8.6543536e-01
   6.8273288e-02   8.6807388e-01
   7.1790793e-02   8.7071240e-01
   7.8397864e-02   8.7335092e-01
   7.8398488e-02   8.7598945e-01
   7.8516004e-02   8.7862797e-01
   8.1347798e-02   8.8126649e-01
   8.2439141e-02   8.8390501e-01
   8.3098416e-02   8.8654354e-01
   8.3829046e-02   8.8918206e-01
   8.4816490e-02   8.9182058e-01
   8.5509311e-02   8.9445910e-01
   8.6100282e-02   8.9709763e-01
   8.8563363e-02   8.9973615e-01
   9.0538540e-02   9.0237467e-01
   9.1446669e-02   9.0501319e-01
   9.1746238e-02   9.0765172e-01
   9.1989648e-02   9.1029024e-01
   9.4627632e-02   9.1292876e-01
   9.4985953e-02   9.1556728e-01
   9.7743437e-02   9.1820580e-01
   9.9250677e-02   9.2084433e-01
   9.9330315e-02   9.2348285e-01
   9.9349979e-02   9.2612137e-01
   9.9668369e-02   9.2875989e-01
   1.0023635e-01   9.3139842e-01
   1.0202732e-01   9.3403694e-01
   1.0495814e-01   9.3667546e-01
   1.0911489e-01   9.3931398e-01
   1.1331472e-01   9.4195251e-01
   1.1351692e-01   9.4459103e-01
   1.1859697e-01   9.4722955e-01
   1.2034039e-01   9.4986807e-01
   1.2881675e-01   9.5250660e-01
   1.3137640e-01   9.5514512e-01
   1.3414777e-01   9.5778364e-01
   1.4092225e-01   9.6042216e-01
   1.4472400e-01   9.6306069e-01
   1.4606264e-01   9.6569921e-01
   1.5201112e-01   9.6833773e-01
   1.9431500e-01   9.7097625e-01
   2.0024150e-01   9.7361478e-01
   2.0963342e-01   9.7625330e-01
   2.2055514e-01   9.7889182e-01
   2.4281425e-01   9.8153034e-01
   2.5311392e-01   9.8416887e-01
   2.6171920e-01   9.8680739e-01
   2.7591756e-01   9.8944591e-01
   2.8447663e-01   9.9208443e-01
   3.0279770e-01   9.9472296e-01
   3.4984213e-01   9.9736148e-01
   3.5190568e-01   1.0000000e+00
