   3.3256000e-03   0.0000000e+00
   3.3256000e-03   3.0581040e-03
   3.8008000e-03   2.7522936e-02
   4.2752000e-03   3.0581040e-02
   4.7504000e-03   4.8929664e-02
   5.2256000e-03   6.1162080e-02
   5.7008000e-03   6.7278287e-02
   6.1760000e-03   1.0397554e-01
   6.6512000e-03   1.1926606e-01
   7.1256000e-03   1.3149847e-01
   7.6008000e-03   1.6207951e-01
   8.0760000e-03   1.7125382e-01
   8.5512000e-03   1.8042813e-01
   9.0264000e-03   2.1100917e-01
   9.5008000e-03   2.2935780e-01
   9.9760000e-03   2.6605505e-01
   1.0451200e-02   2.7828746e-01
   1.0926400e-02   2.9357798e-01
   1.1401600e-02   3.0886850e-01
   1.1876800e-02   3.3639144e-01
   1.2351200e-02   3.7003058e-01
   1.2826400e-02   3.9755352e-01
   1.3301600e-02   4.0672783e-01
   1.3776800e-02   4.3119266e-01
   1.4252000e-02   4.3730887e-01
   1.4727200e-02   4.6177370e-01
   1.5201600e-02   4.7706422e-01
   1.5676800e-02   4.8318043e-01
   1.6152000e-02   4.9235474e-01
   1.6627200e-02   5.0152905e-01
   1.7102400e-02   5.1376147e-01
   1.7577600e-02   5.2599388e-01
   1.8052000e-02   5.2905199e-01
   1.8527200e-02   5.4740061e-01
   1.9002400e-02   5.6269113e-01
   1.9477600e-02   5.6880734e-01
   1.9952800e-02   5.8103976e-01
   2.0427200e-02   5.8715596e-01
   2.0902400e-02   6.0244648e-01
   2.1377600e-02   6.1773700e-01
   2.1852800e-02   6.2079511e-01
   2.2328000e-02   6.2691131e-01
   2.2803200e-02   6.3302752e-01
   2.3277600e-02   6.3914373e-01
   2.3752800e-02   6.4525994e-01
   2.4228000e-02   6.5137615e-01
   2.4703200e-02   6.5443425e-01
   2.5178400e-02   6.6360856e-01
   2.6128000e-02   6.6666667e-01
   2.7078400e-02   6.6972477e-01
   2.8504000e-02   6.7584098e-01
   2.8978400e-02   6.7889908e-01
   2.9453600e-02   6.8501529e-01
   2.9928800e-02   6.9418960e-01
   3.0404000e-02   7.0030581e-01
   3.1353600e-02   7.0336391e-01
   3.1828800e-02   7.0642202e-01
   3.2304000e-02   7.0948012e-01
   3.2779200e-02   7.1253823e-01
   3.3254400e-02   7.1559633e-01
   3.3728800e-02   7.2171254e-01
   3.4204000e-02   7.2477064e-01
   3.4679200e-02   7.3088685e-01
   3.5629600e-02   7.3394495e-01
   3.6104800e-02   7.4006116e-01
   3.6580000e-02   7.4617737e-01
   3.7054400e-02   7.5229358e-01
   3.7529600e-02   7.6452599e-01
   3.8004800e-02   7.6758410e-01
   3.8480000e-02   7.7370031e-01
   3.8955200e-02   7.7981651e-01
   3.9429600e-02   7.8287462e-01
   3.9904800e-02   7.8593272e-01
   4.0380000e-02   7.8899083e-01
   4.2280000e-02   7.9510703e-01
   4.2755200e-02   8.0122324e-01
   4.3230400e-02   8.0428135e-01
   4.3705600e-02   8.0733945e-01
   4.5605600e-02   8.1039755e-01
   4.6556000e-02   8.1345566e-01
   4.7031200e-02   8.1651376e-01
   4.8456000e-02   8.1957187e-01
   4.8931200e-02   8.2262997e-01
   5.0831200e-02   8.2568807e-01
   5.1781600e-02   8.2874618e-01
   5.3681600e-02   8.3180428e-01
   5.4156800e-02   8.4097859e-01
   5.5581600e-02   8.4709480e-01
   5.6532000e-02   8.5015291e-01
   5.8907200e-02   8.5321101e-01
   5.9857600e-02   8.5626911e-01
   6.1757600e-02   8.6238532e-01
   6.4132800e-02   8.6544343e-01
   6.4608000e-02   8.7155963e-01
   6.6508000e-02   8.7461774e-01
   6.7458400e-02   8.7767584e-01
   6.7933600e-02   8.8073394e-01
   6.8884000e-02   8.8379205e-01
   6.9833600e-02   8.8685015e-01
   7.0308800e-02   8.8990826e-01
   7.2684000e-02   8.9296636e-01
   7.3634400e-02   8.9602446e-01
   7.8384800e-02   8.9908257e-01
   7.9810400e-02   9.0519878e-01
   8.1235200e-02   9.0825688e-01
   8.1710400e-02   9.1131498e-01
   8.2660000e-02   9.1437309e-01
   8.3135200e-02   9.1743119e-01
   8.4560800e-02   9.2048930e-01
   8.5036000e-02   9.2354740e-01
   8.8836000e-02   9.2660550e-01
   9.0736000e-02   9.2966361e-01
   9.1686400e-02   9.3272171e-01
   9.2636800e-02   9.3577982e-01
   9.4536800e-02   9.3883792e-01
   9.9762400e-02   9.4189602e-01
   1.0356320e-01   9.4495413e-01
   1.1211440e-01   9.4801223e-01
   1.1638960e-01   9.5107034e-01
   1.1828960e-01   9.5412844e-01
   1.2161520e-01   9.5718654e-01
   1.2256560e-01   9.6024465e-01
   1.2351520e-01   9.6330275e-01
   1.2399040e-01   9.6941896e-01
   1.2779120e-01   9.7247706e-01
   1.2969120e-01   9.7553517e-01
   1.5819440e-01   9.7859327e-01
   1.6342080e-01   9.8165138e-01
   1.6674560e-01   9.8470948e-01
   1.8147280e-01   9.8776758e-01
   1.8242320e-01   9.9082569e-01
   1.8574800e-01   9.9388379e-01
   2.1282640e-01   9.9694190e-01
   2.2612800e-01   1.0000000e+00
