   2.8832000e-03   0.0000000e+00
   2.8832000e-03   3.4129693e-03
   3.2432000e-03   1.0238908e-02
   4.3240000e-03   1.3651877e-02
   4.6848000e-03   2.0477816e-02
   5.0448000e-03   3.4129693e-02
   5.4056000e-03   3.7542662e-02
   5.7656000e-03   4.4368601e-02
   6.1264000e-03   5.1194539e-02
   6.4864000e-03   5.4607509e-02
   6.8472000e-03   5.8020478e-02
   7.2072000e-03   6.8259386e-02
   7.5672000e-03   7.1672355e-02
   7.9280000e-03   7.8498294e-02
   8.2880000e-03   9.2150171e-02
   8.6488000e-03   1.0580205e-01
   9.0088000e-03   1.0921502e-01
   9.3696000e-03   1.1945392e-01
   9.7296000e-03   1.2286689e-01
   1.0090400e-02   1.2969283e-01
   1.0450400e-02   1.3310580e-01
   1.0810400e-02   1.4334471e-01
   1.1171200e-02   1.7064846e-01
   1.1531200e-02   1.8088737e-01
   1.1892000e-02   1.8771331e-01
   1.2252000e-02   2.0136519e-01
   1.2612800e-02   2.1160410e-01
   1.2972800e-02   2.1501706e-01
   1.3333600e-02   2.2184300e-01
   1.3693600e-02   2.3890785e-01
   1.4054400e-02   2.5255973e-01
   1.4414400e-02   2.5938567e-01
   1.4774400e-02   2.6962457e-01
   1.5135200e-02   2.9010239e-01
   1.5495200e-02   3.0375427e-01
   1.5856000e-02   3.0716724e-01
   1.6216000e-02   3.1740614e-01
   1.6576800e-02   3.2423208e-01
   1.6936800e-02   3.3447099e-01
   1.7297600e-02   3.5153584e-01
   1.7657600e-02   3.7201365e-01
   1.8018400e-02   3.8225256e-01
   1.8378400e-02   3.9590444e-01
   1.8738400e-02   4.1638225e-01
   1.9459200e-02   4.2320819e-01
   1.9820000e-02   4.3003413e-01
   2.0180000e-02   4.3686007e-01
   2.0540800e-02   4.4368601e-01
   2.0900800e-02   4.5051195e-01
   2.1261600e-02   4.7098976e-01
   2.1621600e-02   4.8122867e-01
   2.1981600e-02   4.9146758e-01
   2.2342400e-02   5.0511945e-01
   2.3063200e-02   5.1535836e-01
   2.3423200e-02   5.2559727e-01
   2.3784000e-02   5.4266212e-01
   2.4144000e-02   5.4607509e-01
   2.4504800e-02   5.5290102e-01
   2.4864800e-02   5.5972696e-01
   2.5585600e-02   5.6313993e-01
   2.5945600e-02   5.6655290e-01
   2.6306400e-02   5.7337884e-01
   2.6666400e-02   5.7679181e-01
   2.7027200e-02   5.8361775e-01
   2.7387200e-02   6.0068259e-01
   2.7748000e-02   6.0409556e-01
   2.8108000e-02   6.1774744e-01
   2.8468800e-02   6.2457338e-01
   2.8828800e-02   6.3481229e-01
   2.9188800e-02   6.4505119e-01
   2.9549600e-02   6.5187713e-01
   2.9909600e-02   6.6894198e-01
   3.0270400e-02   6.7235495e-01
   3.0630400e-02   6.8600683e-01
   3.1351200e-02   6.9283276e-01
   3.1712000e-02   6.9965870e-01
   3.2072000e-02   7.0648464e-01
   3.2792800e-02   7.1672355e-01
   3.3152800e-02   7.2013652e-01
   3.3513600e-02   7.2354949e-01
   3.3873600e-02   7.3378840e-01
   3.4234400e-02   7.4402730e-01
   3.4594400e-02   7.5085324e-01
   3.4955200e-02   7.5426621e-01
   3.6036000e-02   7.5767918e-01
   3.6396800e-02   7.6109215e-01
   3.6756800e-02   7.7133106e-01
   3.7477600e-02   7.7474403e-01
   3.7837600e-02   7.7815700e-01
   3.8198400e-02   7.8498294e-01
   3.8558400e-02   7.9180887e-01
   3.8919200e-02   7.9863481e-01
   3.9279200e-02   8.0546075e-01
   3.9640000e-02   8.0887372e-01
   4.0000000e-02   8.1911263e-01
   4.0720800e-02   8.3276451e-01
   4.1441600e-02   8.3617747e-01
   4.1801600e-02   8.4300341e-01
   4.2522400e-02   8.5665529e-01
   4.3243200e-02   8.6006826e-01
   4.3603200e-02   8.6348123e-01
   4.4684800e-02   8.7030717e-01
   4.5765600e-02   8.7372014e-01
   4.6486400e-02   8.7713311e-01
   4.6847200e-02   8.8054608e-01
   4.7207200e-02   8.8395904e-01
   4.7567200e-02   8.8737201e-01
   4.9008800e-02   8.9078498e-01
   4.9369600e-02   8.9419795e-01
   4.9729600e-02   8.9761092e-01
   5.0090400e-02   9.0102389e-01
   5.1171200e-02   9.0443686e-01
   5.2252000e-02   9.0784983e-01
   5.2612800e-02   9.1126280e-01
   5.2972800e-02   9.1808874e-01
   5.3333600e-02   9.2150171e-01
   5.3693600e-02   9.2491468e-01
   5.6216000e-02   9.2832765e-01
   5.6576800e-02   9.3174061e-01
   5.8738400e-02   9.3515358e-01
   5.9099200e-02   9.3856655e-01
   6.2342400e-02   9.4197952e-01
   6.2702400e-02   9.4539249e-01
   6.3063200e-02   9.5221843e-01
   6.4864800e-02   9.5563140e-01
   6.7027200e-02   9.5904437e-01
   6.7387200e-02   9.6245734e-01
   6.8108000e-02   9.7269625e-01
   7.3513600e-02   9.7610922e-01
   8.5044800e-02   9.7952218e-01
   8.7207200e-02   9.8293515e-01
   8.9729600e-02   9.8634812e-01
   9.4414400e-02   9.8976109e-01
   9.8738400e-02   9.9317406e-01
   1.1135120e-01   9.9658703e-01
   1.1747760e-01   1.0000000e+00
