   4.9424000e-03   0.0000000e+00
   4.9424000e-03   2.3622047e-02
   5.2720000e-03   3.1496063e-02
   6.2600000e-03   4.7244094e-02
   6.9192000e-03   6.2992126e-02
   7.5784000e-03   7.0866142e-02
   8.2376000e-03   8.6614173e-02
   8.8960000e-03   9.4488189e-02
   9.2256000e-03   1.0236220e-01
   9.8848000e-03   1.1023622e-01
   1.0872800e-02   1.3385827e-01
   1.1202400e-02   1.4173228e-01
   1.1861600e-02   1.5748031e-01
   1.2191200e-02   1.6535433e-01
   1.2520800e-02   1.9685039e-01
   1.3179200e-02   2.2047244e-01
   1.3508800e-02   2.3622047e-01
   1.4497600e-02   2.4409449e-01
   1.4827200e-02   2.5196850e-01
   1.5485600e-02   2.6771654e-01
   1.6144800e-02   2.7559055e-01
   1.6804000e-02   2.8346457e-01
   1.7133600e-02   2.9133858e-01
   1.7463200e-02   2.9921260e-01
   1.7792000e-02   3.1496063e-01
   1.8780800e-02   3.4645669e-01
   1.9440000e-02   3.5433071e-01
   2.0428000e-02   3.6220472e-01
   2.0757600e-02   3.7007874e-01
   2.1087200e-02   3.7795276e-01
   2.1416800e-02   3.8582677e-01
   2.1746400e-02   3.9370079e-01
   2.2076000e-02   4.0157480e-01
   2.2405600e-02   4.0944882e-01
   2.2734400e-02   4.2519685e-01
   2.3064000e-02   4.3307087e-01
   2.3393600e-02   4.6456693e-01
   2.3723200e-02   4.7244094e-01
   2.4052800e-02   4.8031496e-01
   2.5041600e-02   4.9606299e-01
   2.5370400e-02   5.1181102e-01
   2.5700000e-02   5.1968504e-01
   2.6029600e-02   5.3543307e-01
   2.6359200e-02   5.5905512e-01
   2.6688800e-02   5.7480315e-01
   2.7018400e-02   5.8267717e-01
   2.7347200e-02   5.9055118e-01
   2.9324800e-02   5.9842520e-01
   2.9654400e-02   6.0629921e-01
   2.9983200e-02   6.1417323e-01
   3.0642400e-02   6.2992126e-01
   3.1301600e-02   6.3779528e-01
   3.1960800e-02   6.4566929e-01
   3.2289600e-02   6.5354331e-01
   3.2948800e-02   6.6141732e-01
   3.3937600e-02   6.6929134e-01
   3.4925600e-02   6.9291339e-01
   3.6244000e-02   7.0078740e-01
   3.6903200e-02   7.0866142e-01
   3.7561600e-02   7.2440945e-01
   3.8220800e-02   7.3228346e-01
   3.8880000e-02   7.4015748e-01
   3.9538400e-02   7.4803150e-01
   4.0527200e-02   7.6377953e-01
   4.2504000e-02   7.7165354e-01
   4.3492800e-02   7.7952756e-01
   4.4810400e-02   7.8740157e-01
   4.5140000e-02   8.1102362e-01
   4.5469600e-02   8.2677165e-01
   4.6128800e-02   8.3464567e-01
   4.7446400e-02   8.4251969e-01
   4.8764800e-02   8.5039370e-01
   4.9093600e-02   8.6614173e-01
   4.9423200e-02   8.7401575e-01
   4.9752800e-02   8.8188976e-01
   5.1400000e-02   8.8976378e-01
   5.7990400e-02   8.9763780e-01
   5.8320000e-02   9.0551181e-01
   5.8648800e-02   9.1338583e-01
   5.8978400e-02   9.2913386e-01
   5.9967200e-02   9.3700787e-01
   6.2273600e-02   9.4488189e-01
   6.2603200e-02   9.5275591e-01
   6.7875200e-02   9.6062992e-01
   7.2488000e-02   9.6850394e-01
   8.7973600e-02   9.7637795e-01
   9.4563200e-02   9.8425197e-01
   9.6211200e-02   9.9212598e-01
   1.1927520e-01   1.0000000e+00
