   4.6222305e-03   0.0000000e+00
   4.6222305e-03   2.0964361e-03
   4.8377291e-03   4.1928721e-03
   5.0054657e-03   6.2893082e-03
   5.5824567e-03   8.3857442e-03
   5.6036808e-03   1.2578616e-02
   5.8907848e-03   1.4675052e-02
   6.1960485e-03   1.6771488e-02
   6.2579101e-03   1.8867925e-02
   6.4806187e-03   2.0964361e-02
   6.4984445e-03   2.3060797e-02
   6.5162524e-03   2.5157233e-02
   6.7455849e-03   2.9350105e-02
   6.7763894e-03   3.3542977e-02
   6.8164834e-03   3.5639413e-02
   7.1229525e-03   3.7735849e-02
   7.1423206e-03   3.9832285e-02
   7.1658669e-03   4.1928721e-02
   7.1960076e-03   4.4025157e-02
   7.3291170e-03   4.6121593e-02
   7.3794421e-03   5.4507338e-02
   7.5078466e-03   5.8700210e-02
   7.5508981e-03   6.4989518e-02
   7.6663514e-03   6.9182390e-02
   7.7013610e-03   7.3375262e-02
   7.7037175e-03   7.5471698e-02
   7.7861071e-03   7.7568134e-02
   7.8985871e-03   8.1761006e-02
   7.9150092e-03   8.3857442e-02
   7.9771470e-03   8.5953878e-02
   8.0339590e-03   9.0146751e-02
   8.0849973e-03   9.2243187e-02
   8.2519043e-03   9.4339623e-02
   8.2865727e-03   9.6436059e-02
   8.2933204e-03   1.0062893e-01
   8.3771001e-03   1.0482180e-01
   8.5014522e-03   1.0691824e-01
   8.5601764e-03   1.0901468e-01
   8.5631455e-03   1.1320755e-01
   8.6261504e-03   1.1740042e-01
   8.6937134e-03   1.1949686e-01
   8.7290161e-03   1.2159329e-01
   8.8391977e-03   1.2788260e-01
   8.8424765e-03   1.3417191e-01
   8.8634167e-03   1.3626834e-01
   8.8858747e-03   1.4465409e-01
   8.9682991e-03   1.4675052e-01
   9.0476661e-03   1.5094340e-01
   9.1304409e-03   1.5303983e-01
   9.1553645e-03   1.5723270e-01
   9.1961209e-03   1.6142558e-01
   9.3180970e-03   1.6561845e-01
   9.4262477e-03   1.6771488e-01
   9.4563965e-03   1.7190776e-01
   9.4784290e-03   1.7610063e-01
   9.5724878e-03   1.7819706e-01
   9.6256275e-03   1.8238994e-01
   9.7203628e-03   1.8448637e-01
   9.7291814e-03   1.8867925e-01
   9.9081613e-03   1.9077568e-01
   9.9342779e-03   1.9287212e-01
   9.9695899e-03   1.9496855e-01
   1.0040339e-02   1.9706499e-01
   1.0070388e-02   1.9916143e-01
   1.0098019e-02   2.0125786e-01
   1.0191119e-02   2.0545073e-01
   1.0298585e-02   2.0754717e-01
   1.0310587e-02   2.0964361e-01
   1.0315267e-02   2.1174004e-01
   1.0426586e-02   2.1593291e-01
   1.0498506e-02   2.2012579e-01
   1.0616249e-02   2.2222222e-01
   1.0626206e-02   2.2431866e-01
   1.0852566e-02   2.2641509e-01
   1.0900514e-02   2.2851153e-01
   1.0902052e-02   2.3270440e-01
   1.0931659e-02   2.3480084e-01
   1.0974744e-02   2.3689727e-01
   1.0994444e-02   2.3899371e-01
   1.1022961e-02   2.4109015e-01
   1.1088451e-02   2.4737945e-01
   1.1191360e-02   2.4947589e-01
   1.1213373e-02   2.5157233e-01
   1.1223719e-02   2.5366876e-01
   1.1255497e-02   2.5576520e-01
   1.1333267e-02   2.5786164e-01
   1.1365191e-02   2.5995807e-01
   1.1379979e-02   2.6205451e-01
   1.1441822e-02   2.6415094e-01
   1.1517631e-02   2.6624738e-01
   1.1576134e-02   2.6834382e-01
   1.1579719e-02   2.7253669e-01
   1.1586447e-02   2.7672956e-01
   1.1664484e-02   2.7882600e-01
   1.1759857e-02   2.8092243e-01
   1.1780978e-02   2.8511530e-01
   1.1799693e-02   2.8721174e-01
   1.1843288e-02   2.8930818e-01
   1.1928202e-02   2.9140461e-01
   1.1950417e-02   2.9350105e-01
   1.1994618e-02   2.9559748e-01
   1.2031403e-02   2.9979036e-01
   1.2082073e-02   3.0188679e-01
   1.2153659e-02   3.0607966e-01
   1.2178825e-02   3.0817610e-01
   1.2254251e-02   3.1027254e-01
   1.2270187e-02   3.1656184e-01
   1.2370684e-02   3.1865828e-01
   1.2390966e-02   3.2285115e-01
   1.2414023e-02   3.2914046e-01
   1.2667220e-02   3.3123690e-01
   1.2708170e-02   3.3333333e-01
   1.2771219e-02   3.3542977e-01
   1.2807090e-02   3.3962264e-01
   1.2902638e-02   3.4171908e-01
   1.3032565e-02   3.4591195e-01
   1.3035911e-02   3.4800839e-01
   1.3054428e-02   3.5010482e-01
   1.3300568e-02   3.5220126e-01
   1.3338080e-02   3.5429769e-01
   1.3386813e-02   3.5639413e-01
   1.3451887e-02   3.5849057e-01
   1.3477084e-02   3.6058700e-01
   1.3574833e-02   3.6268344e-01
   1.3700255e-02   3.6477987e-01
   1.3739498e-02   3.6687631e-01
   1.3815137e-02   3.6897275e-01
   1.3854988e-02   3.7106918e-01
   1.3892395e-02   3.7316562e-01
   1.3893347e-02   3.7735849e-01
   1.4074778e-02   3.7945493e-01
   1.4139331e-02   3.8155136e-01
   1.4157155e-02   3.8364780e-01
   1.4162790e-02   3.8784067e-01
   1.4166272e-02   3.8993711e-01
   1.4211412e-02   3.9203354e-01
   1.4217079e-02   3.9412998e-01
   1.4332043e-02   3.9622642e-01
   1.4390894e-02   3.9832285e-01
   1.4474936e-02   4.0041929e-01
   1.4484818e-02   4.0461216e-01
   1.4533961e-02   4.0880503e-01
   1.4629611e-02   4.1090147e-01
   1.4727401e-02   4.1299790e-01
   1.4835430e-02   4.1509434e-01
   1.4859443e-02   4.1719078e-01
   1.4999602e-02   4.1928721e-01
   1.5027824e-02   4.2138365e-01
   1.5076666e-02   4.2557652e-01
   1.5188276e-02   4.2767296e-01
   1.5208066e-02   4.2976939e-01
   1.5297479e-02   4.3186583e-01
   1.5349845e-02   4.3396226e-01
   1.5356094e-02   4.3605870e-01
   1.5435132e-02   4.3815514e-01
   1.5610405e-02   4.4234801e-01
   1.5622111e-02   4.4444444e-01
   1.5628284e-02   4.4654088e-01
   1.5829578e-02   4.4863732e-01
   1.5923158e-02   4.5073375e-01
   1.5951065e-02   4.5283019e-01
   1.5969424e-02   4.5492662e-01
   1.6162660e-02   4.5702306e-01
   1.6760140e-02   4.5911950e-01
   1.6867489e-02   4.6121593e-01
   1.7126291e-02   4.6331237e-01
   1.7164555e-02   4.6540881e-01
   1.7220745e-02   4.6750524e-01
   1.7327475e-02   4.6960168e-01
   1.7362175e-02   4.7169811e-01
   1.7693381e-02   4.7379455e-01
   1.7843401e-02   4.7589099e-01
   1.7908023e-02   4.7798742e-01
   1.7935475e-02   4.8008386e-01
   1.7981349e-02   4.8218029e-01
   1.8046545e-02   4.8427673e-01
   1.8126760e-02   4.8637317e-01
   1.8142433e-02   4.8846960e-01
   1.8268094e-02   4.9056604e-01
   1.8310729e-02   4.9266247e-01
   1.8489333e-02   4.9475891e-01
   1.8561469e-02   4.9685535e-01
   1.8630794e-02   4.9895178e-01
   1.8648652e-02   5.0104822e-01
   1.8695991e-02   5.0314465e-01
   1.8717656e-02   5.0524109e-01
   1.8763343e-02   5.0733753e-01
   1.8797264e-02   5.0943396e-01
   1.8873387e-02   5.1153040e-01
   1.8908684e-02   5.1362683e-01
   1.8969669e-02   5.1572327e-01
   1.9440726e-02   5.1781971e-01
   1.9448739e-02   5.1991614e-01
   1.9548817e-02   5.2201258e-01
   1.9653287e-02   5.2410901e-01
   1.9751754e-02   5.2620545e-01
   2.0028807e-02   5.2830189e-01
   2.0077194e-02   5.3039832e-01
   2.0086955e-02   5.3249476e-01
   2.0333415e-02   5.3459119e-01
   2.0350971e-02   5.3668763e-01
   2.0550637e-02   5.3878407e-01
   2.0620626e-02   5.4088050e-01
   2.0678676e-02   5.4297694e-01
   2.0721813e-02   5.4507338e-01
   2.0733331e-02   5.4716981e-01
   2.0785832e-02   5.4926625e-01
   2.0804726e-02   5.5136268e-01
   2.0819560e-02   5.5345912e-01
   2.1244748e-02   5.5555556e-01
   2.1503010e-02   5.5765199e-01
   2.1592643e-02   5.5974843e-01
   2.1824152e-02   5.6184486e-01
   2.1855230e-02   5.6394130e-01
   2.1863363e-02   5.6603774e-01
   2.2391666e-02   5.6813417e-01
   2.2510399e-02   5.7023061e-01
   2.2523919e-02   5.7232704e-01
   2.2553393e-02   5.7442348e-01
   2.3123859e-02   5.7651992e-01
   2.3565107e-02   5.8071279e-01
   2.3565578e-02   5.8280922e-01
   2.3856313e-02   5.8490566e-01
   2.3860332e-02   5.8700210e-01
   2.4275685e-02   5.8909853e-01
   2.4756395e-02   5.9119497e-01
   2.4781931e-02   5.9329140e-01
   2.4949432e-02   5.9538784e-01
   2.5054671e-02   5.9748428e-01
   2.5145010e-02   5.9958071e-01
   2.5166608e-02   6.0167715e-01
   2.5255782e-02   6.0377358e-01
   2.5847448e-02   6.0587002e-01
   2.6510351e-02   6.1006289e-01
   2.7265283e-02   6.1215933e-01
   2.7628000e-02   6.1425577e-01
   2.7719256e-02   6.1635220e-01
   2.7994923e-02   6.1844864e-01
   2.8054613e-02   6.2054507e-01
   2.8300778e-02   6.2264151e-01
   2.8439212e-02   6.2473795e-01
   2.8866719e-02   6.2683438e-01
   2.9516198e-02   6.2893082e-01
   2.9614895e-02   6.3102725e-01
   3.0335346e-02   6.3312369e-01
   3.0628957e-02   6.3522013e-01
   3.0801686e-02   6.3731656e-01
   3.0912596e-02   6.3941300e-01
   3.1446662e-02   6.4150943e-01
   3.1642554e-02   6.4360587e-01
   3.1734989e-02   6.4570231e-01
   3.1816930e-02   6.4779874e-01
   3.1960690e-02   6.4989518e-01
   3.2348405e-02   6.5199161e-01
   3.2541119e-02   6.5408805e-01
   3.2649154e-02   6.5618449e-01
   3.3236751e-02   6.5828092e-01
   3.4529419e-02   6.6037736e-01
   3.4540067e-02   6.6247379e-01
   3.4778689e-02   6.6457023e-01
   3.4880022e-02   6.6666667e-01
   3.5182109e-02   6.6876310e-01
   3.5280806e-02   6.7085954e-01
   3.5419765e-02   6.7295597e-01
   3.5442610e-02   6.7505241e-01
   3.6709238e-02   6.7714885e-01
   3.7272555e-02   6.7924528e-01
   3.7609239e-02   6.8134172e-01
   3.8307977e-02   6.8343816e-01
   3.8650735e-02   6.8553459e-01
   3.8689752e-02   6.8763103e-01
   3.8704948e-02   6.8972746e-01
   3.8806282e-02   6.9182390e-01
   3.9280274e-02   6.9392034e-01
   3.9751123e-02   6.9601677e-01
   3.9954893e-02   6.9811321e-01
   4.0117591e-02   7.0020964e-01
   4.0245494e-02   7.0230608e-01
   4.0847637e-02   7.0440252e-01
   4.1133148e-02   7.0649895e-01
   4.1233718e-02   7.0859539e-01
   4.1241253e-02   7.1069182e-01
   4.1678317e-02   7.1278826e-01
   4.1816373e-02   7.1488470e-01
   4.2182443e-02   7.1698113e-01
   4.2523783e-02   7.1907757e-01
   4.2718859e-02   7.2117400e-01
   4.2895032e-02   7.2327044e-01
   4.2944780e-02   7.2536688e-01
   4.3080476e-02   7.2746331e-01
   4.4348221e-02   7.2955975e-01
   4.4546646e-02   7.3165618e-01
   4.4590965e-02   7.3375262e-01
   4.5670047e-02   7.3584906e-01
   4.6613127e-02   7.3794549e-01
   4.6884385e-02   7.4004193e-01
   4.7707178e-02   7.4213836e-01
   4.7823218e-02   7.4423480e-01
   4.8203343e-02   7.4633124e-01
   4.8890591e-02   7.4842767e-01
   4.9251980e-02   7.5052411e-01
   4.9771519e-02   7.5262055e-01
   5.0573993e-02   7.5471698e-01
   5.1477421e-02   7.5681342e-01
   5.1589421e-02   7.5890985e-01
   5.1653847e-02   7.6100629e-01
   5.1753943e-02   7.6310273e-01
   5.1853631e-02   7.6519916e-01
   5.3104362e-02   7.6729560e-01
   5.3201653e-02   7.6939203e-01
   5.3972413e-02   7.7148847e-01
   5.4034937e-02   7.7358491e-01
   5.4116305e-02   7.7568134e-01
   5.4491247e-02   7.7777778e-01
   5.5053093e-02   7.7987421e-01
   5.6666453e-02   7.8406709e-01
   5.7284291e-02   7.8616352e-01
   5.7421646e-02   7.8825996e-01
   5.7821274e-02   7.9035639e-01
   5.8320950e-02   7.9245283e-01
   5.8689911e-02   7.9454927e-01
   5.9166242e-02   7.9664570e-01
   5.9230445e-02   7.9874214e-01
   5.9375077e-02   8.0083857e-01
   5.9395360e-02   8.0293501e-01
   5.9715943e-02   8.0503145e-01
   5.9777064e-02   8.0712788e-01
   6.0082118e-02   8.0922432e-01
   6.0458742e-02   8.1132075e-01
   6.1001304e-02   8.1341719e-01
   6.1046187e-02   8.1551363e-01
   6.2052761e-02   8.1761006e-01
   6.2212471e-02   8.1970650e-01
   6.2755184e-02   8.2180294e-01
   6.3222204e-02   8.2389937e-01
   6.3913074e-02   8.2599581e-01
   6.4523376e-02   8.2809224e-01
   6.6225113e-02   8.3018868e-01
   6.8726484e-02   8.3228512e-01
   6.9376305e-02   8.3438155e-01
   6.9557935e-02   8.3647799e-01
   7.0541951e-02   8.3857442e-01
   7.0783592e-02   8.4067086e-01
   7.1316538e-02   8.4276730e-01
   7.1511147e-02   8.4486373e-01
   7.3227100e-02   8.4696017e-01
   7.3338894e-02   8.4905660e-01
   7.4380373e-02   8.5115304e-01
   7.5441644e-02   8.5324948e-01
   7.5815371e-02   8.5534591e-01
   7.6825387e-02   8.5744235e-01
   7.6870495e-02   8.5953878e-01
   7.8144633e-02   8.6163522e-01
   7.9836403e-02   8.6373166e-01
   8.2266722e-02   8.6582809e-01
   8.2890991e-02   8.6792453e-01
   8.3321857e-02   8.7002096e-01
   8.4000049e-02   8.7211740e-01
   8.5412708e-02   8.7421384e-01
   8.5469958e-02   8.7631027e-01
   8.6118160e-02   8.7840671e-01
   8.6170844e-02   8.8050314e-01
   8.6278270e-02   8.8259958e-01
   8.6286125e-02   8.8469602e-01
   8.9142577e-02   8.8679245e-01
   9.0254580e-02   8.8888889e-01
   9.0534777e-02   8.9098532e-01
   9.0772809e-02   8.9308176e-01
   9.1557325e-02   8.9517820e-01
   9.1625442e-02   8.9727463e-01
   9.2657459e-02   8.9937107e-01
   9.3355922e-02   9.0146751e-01
   9.3432745e-02   9.0356394e-01
   9.3713973e-02   9.0566038e-01
   9.4371540e-02   9.0775681e-01
   9.5901310e-02   9.0985325e-01
   9.6654941e-02   9.1194969e-01
   9.7127357e-02   9.1404612e-01
   9.7942367e-02   9.1614256e-01
   9.8659933e-02   9.1823899e-01
   9.8988847e-02   9.2033543e-01
   1.0061222e-01   9.2243187e-01
   1.0079095e-01   9.2452830e-01
   1.0131516e-01   9.2662474e-01
   1.0225749e-01   9.2872117e-01
   1.0301776e-01   9.3081761e-01
   1.0370246e-01   9.3291405e-01
   1.0424734e-01   9.3501048e-01
   1.0546454e-01   9.3710692e-01
   1.0691877e-01   9.3920335e-01
   1.1132933e-01   9.4129979e-01
   1.1146219e-01   9.4339623e-01
   1.1486348e-01   9.4549266e-01
   1.1890543e-01   9.4758910e-01
   1.2011928e-01   9.4968553e-01
   1.2191006e-01   9.5178197e-01
   1.3052019e-01   9.5387841e-01
   1.3076198e-01   9.5597484e-01
   1.3310073e-01   9.5807128e-01
   1.4089291e-01   9.6016771e-01
   1.4215824e-01   9.6226415e-01
   1.4220662e-01   9.6436059e-01
   1.4407268e-01   9.6645702e-01
   1.4916470e-01   9.6855346e-01
   1.5151354e-01   9.7064990e-01
   1.5195359e-01   9.7274633e-01
   1.5343594e-01   9.7484277e-01
   1.6102263e-01   9.7693920e-01
   1.6217274e-01   9.7903564e-01
   1.6587127e-01   9.8113208e-01
   1.6740397e-01   9.8322851e-01
   1.6771618e-01   9.8532495e-01
   1.7497849e-01   9.8742138e-01
   1.8109304e-01   9.8951782e-01
   2.0065680e-01   9.9161426e-01
   2.0803931e-01   9.9371069e-01
   2.1266981e-01   9.9580713e-01
   2.5478031e-01   9.9790356e-01
   4.0954793e-01   1.0000000e+00
