   1.5618290e-02   0.0000000e+00
   1.5618290e-02   5.0000000e-02
   1.9939326e-02   1.0000000e-01
   2.0642331e-02   1.5000000e-01
   2.1022331e-02   2.0000000e-01
   2.1037807e-02   2.5000000e-01
   2.1070082e-02   3.0000000e-01
   2.2349116e-02   3.5000000e-01
   2.2404109e-02   4.0000000e-01
   2.3623785e-02   4.5000000e-01
   2.9336159e-02   5.0000000e-01
   2.9507488e-02   5.5000000e-01
   3.3075078e-02   6.0000000e-01
   3.5364198e-02   6.5000000e-01
   3.7800902e-02   7.0000000e-01
   6.4144343e-02   7.5000000e-01
   6.8119560e-02   8.0000000e-01
   7.2990713e-02   8.5000000e-01
   8.4906602e-02   9.0000000e-01
   8.5761557e-02   9.5000000e-01
   1.1456293e-01   1.0000000e+00
