   1.0820437e-02   0.0000000e+00
   1.0820437e-02   2.2222222e-02
   2.0635557e-02   4.4444444e-02
   2.1870689e-02   6.6666667e-02
   2.2604564e-02   8.8888889e-02
   2.2811831e-02   1.1111111e-01
   3.4170302e-02   1.3333333e-01
   3.5324228e-02   1.5555556e-01
   3.7556456e-02   1.7777778e-01
   3.7575880e-02   2.0000000e-01
   4.0070065e-02   2.2222222e-01
   4.1090176e-02   2.4444444e-01
   4.5707745e-02   2.6666667e-01
   4.6166398e-02   2.8888889e-01
   4.7129862e-02   3.1111111e-01
   4.7735554e-02   3.3333333e-01
   5.1565769e-02   3.5555556e-01
   5.3255169e-02   3.7777778e-01
   5.3353377e-02   4.0000000e-01
   5.5732481e-02   4.2222222e-01
   5.8330274e-02   4.4444444e-01
   6.0865777e-02   4.6666667e-01
   6.1997219e-02   4.8888889e-01
   6.3753984e-02   5.1111111e-01
   6.4684593e-02   5.3333333e-01
   6.4777013e-02   5.5555556e-01
   6.5875712e-02   5.7777778e-01
   6.6038050e-02   6.0000000e-01
   6.8856967e-02   6.2222222e-01
   7.0649123e-02   6.4444444e-01
   7.6603396e-02   6.6666667e-01
   8.1783866e-02   6.8888889e-01
   8.1925349e-02   7.1111111e-01
   8.4361848e-02   7.3333333e-01
   9.6173737e-02   7.5555556e-01
   1.0883157e-01   7.7777778e-01
   1.1298797e-01   8.0000000e-01
   1.1526961e-01   8.2222222e-01
   1.6019719e-01   8.4444444e-01
   1.9708855e-01   8.6666667e-01
   2.0357656e-01   8.8888889e-01
   2.1216969e-01   9.1111111e-01
   2.5899890e-01   9.3333333e-01
   2.8628010e-01   9.5555556e-01
   2.9156342e-01   9.7777778e-01
   3.4680482e-01   1.0000000e+00
