   4.9686120e-03   0.0000000e+00
   4.9686120e-03   3.9215686e-03
   6.2786761e-03   7.8431373e-03
   6.5342681e-03   1.1764706e-02
   7.0820890e-03   1.5686275e-02
   7.1102802e-03   2.3529412e-02
   7.2019070e-03   2.7450980e-02
   7.4256733e-03   3.1372549e-02
   7.4843472e-03   3.5294118e-02
   7.6027337e-03   3.9215686e-02
   7.7563984e-03   4.3137255e-02
   7.7781069e-03   5.0980392e-02
   8.0131382e-03   5.8823529e-02
   8.2086843e-03   6.2745098e-02
   8.2679122e-03   6.6666667e-02
   8.4308201e-03   7.4509804e-02
   8.4590295e-03   7.8431373e-02
   8.5364440e-03   8.2352941e-02
   8.5406623e-03   8.6274510e-02
   8.6676992e-03   9.0196078e-02
   8.7740179e-03   9.8039216e-02
   8.7756951e-03   1.0196078e-01
   8.8235773e-03   1.0980392e-01
   9.1059039e-03   1.1764706e-01
   9.1276988e-03   1.2549020e-01
   9.1335452e-03   1.2941176e-01
   9.1991066e-03   1.3333333e-01
   9.3372771e-03   1.3725490e-01
   9.4471679e-03   1.4901961e-01
   9.4512597e-03   1.5294118e-01
   9.4912028e-03   1.6078431e-01
   9.5827011e-03   1.6862745e-01
   9.7804808e-03   1.7254902e-01
   9.7988278e-03   1.7647059e-01
   9.8086626e-03   1.8431373e-01
   9.8634441e-03   1.8823529e-01
   1.0001942e-02   1.9607843e-01
   1.0159804e-02   2.0000000e-01
   1.0164914e-02   2.0392157e-01
   1.0369349e-02   2.0784314e-01
   1.0455114e-02   2.1176471e-01
   1.0470456e-02   2.1568627e-01
   1.0554674e-02   2.1960784e-01
   1.0667906e-02   2.2745098e-01
   1.0794165e-02   2.3137255e-01
   1.0829201e-02   2.4313725e-01
   1.0850467e-02   2.5098039e-01
   1.0941155e-02   2.5882353e-01
   1.1016585e-02   2.6274510e-01
   1.1129792e-02   2.6666667e-01
   1.1157988e-02   2.7450980e-01
   1.1335402e-02   2.7843137e-01
   1.1422409e-02   2.8235294e-01
   1.1467930e-02   2.8627451e-01
   1.1476292e-02   2.9411765e-01
   1.1482329e-02   2.9803922e-01
   1.1524254e-02   3.0196078e-01
   1.1679278e-02   3.0588235e-01
   1.1736632e-02   3.0980392e-01
   1.1814869e-02   3.1764706e-01
   1.1826886e-02   3.2156863e-01
   1.1863688e-02   3.2549020e-01
   1.1950496e-02   3.3333333e-01
   1.1968815e-02   3.3725490e-01
   1.2096478e-02   3.4117647e-01
   1.2141834e-02   3.4509804e-01
   1.2169855e-02   3.4901961e-01
   1.2479258e-02   3.5686275e-01
   1.2532206e-02   3.6078431e-01
   1.2672016e-02   3.6470588e-01
   1.2746129e-02   3.6862745e-01
   1.2815854e-02   3.7254902e-01
   1.2872211e-02   3.8039216e-01
   1.3154033e-02   3.8431373e-01
   1.3160430e-02   3.8823529e-01
   1.3176491e-02   3.9215686e-01
   1.3182243e-02   3.9607843e-01
   1.3398678e-02   4.0000000e-01
   1.3471006e-02   4.0392157e-01
   1.3489974e-02   4.0784314e-01
   1.3568996e-02   4.1176471e-01
   1.3624698e-02   4.1568627e-01
   1.3658179e-02   4.1960784e-01
   1.3670317e-02   4.2352941e-01
   1.3779889e-02   4.2745098e-01
   1.3834132e-02   4.3137255e-01
   1.3871748e-02   4.3529412e-01
   1.3878909e-02   4.3921569e-01
   1.3917977e-02   4.4313725e-01
   1.3941982e-02   4.4705882e-01
   1.4053003e-02   4.5098039e-01
   1.4144571e-02   4.5490196e-01
   1.4164759e-02   4.5882353e-01
   1.4320496e-02   4.6274510e-01
   1.4403814e-02   4.6666667e-01
   1.4435301e-02   4.7058824e-01
   1.4504217e-02   4.7450980e-01
   1.4681538e-02   4.7843137e-01
   1.4839035e-02   4.8235294e-01
   1.4851900e-02   4.9019608e-01
   1.4894849e-02   4.9411765e-01
   1.5179051e-02   4.9803922e-01
   1.5207246e-02   5.0980392e-01
   1.5344788e-02   5.1372549e-01
   1.5352284e-02   5.1764706e-01
   1.5513375e-02   5.2156863e-01
   1.5529196e-02   5.2549020e-01
   1.5613665e-02   5.2941176e-01
   1.5633303e-02   5.3333333e-01
   1.5641082e-02   5.3725490e-01
   1.5870231e-02   5.4509804e-01
   1.6201922e-02   5.4901961e-01
   1.6243802e-02   5.5294118e-01
   1.6314190e-02   5.5686275e-01
   1.6556966e-02   5.6078431e-01
   1.6862217e-02   5.6470588e-01
   1.6876933e-02   5.7254902e-01
   1.7201896e-02   5.7647059e-01
   1.7279069e-02   5.8039216e-01
   1.7547439e-02   5.8431373e-01
   1.7586884e-02   5.8823529e-01
   1.7848128e-02   5.9215686e-01
   1.7878523e-02   5.9607843e-01
   1.7941197e-02   6.0000000e-01
   1.7946616e-02   6.0784314e-01
   1.8142408e-02   6.1176471e-01
   1.8211233e-02   6.1568627e-01
   1.8254783e-02   6.1960784e-01
   1.8398213e-02   6.2745098e-01
   1.8549743e-02   6.3137255e-01
   1.8553417e-02   6.3529412e-01
   1.8557975e-02   6.3921569e-01
   1.8581628e-02   6.4313725e-01
   1.8634263e-02   6.4705882e-01
   1.8811894e-02   6.5490196e-01
   1.8893742e-02   6.5882353e-01
   1.8936211e-02   6.6274510e-01
   1.9286331e-02   6.6666667e-01
   1.9916034e-02   6.7058824e-01
   2.0004332e-02   6.7450980e-01
   2.0241131e-02   6.7843137e-01
   2.0305669e-02   6.8235294e-01
   2.0486940e-02   6.8627451e-01
   2.0953387e-02   6.9019608e-01
   2.1278235e-02   6.9411765e-01
   2.1308177e-02   6.9803922e-01
   2.1330841e-02   7.0196078e-01
   2.1493930e-02   7.0588235e-01
   2.1588330e-02   7.0980392e-01
   2.1781483e-02   7.1372549e-01
   2.2023250e-02   7.1764706e-01
   2.2277574e-02   7.2156863e-01
   2.2453042e-02   7.2941176e-01
   2.2670343e-02   7.3333333e-01
   2.2808201e-02   7.3725490e-01
   2.3114110e-02   7.4117647e-01
   2.3216308e-02   7.4509804e-01
   2.3240335e-02   7.5294118e-01
   2.3248104e-02   7.5686275e-01
   2.3307221e-02   7.6078431e-01
   2.3311169e-02   7.6470588e-01
   2.3361114e-02   7.6862745e-01
   2.3727377e-02   7.7254902e-01
   2.4030556e-02   7.7647059e-01
   2.4396344e-02   7.8039216e-01
   2.4414118e-02   7.8431373e-01
   2.4469679e-02   7.8823529e-01
   2.4471033e-02   7.9215686e-01
   2.4947334e-02   7.9607843e-01
   2.4952330e-02   8.0000000e-01
   2.5327210e-02   8.0392157e-01
   2.5523267e-02   8.0784314e-01
   2.5999876e-02   8.1176471e-01
   2.6052708e-02   8.1568627e-01
   2.6177039e-02   8.1960784e-01
   2.6354060e-02   8.2352941e-01
   2.6435077e-02   8.2745098e-01
   2.7654713e-02   8.3137255e-01
   2.7817845e-02   8.3529412e-01
   2.7921804e-02   8.3921569e-01
   2.8441724e-02   8.4313725e-01
   2.9116521e-02   8.4705882e-01
   2.9882171e-02   8.5098039e-01
   3.0034363e-02   8.5490196e-01
   3.0347951e-02   8.5882353e-01
   3.0411601e-02   8.6274510e-01
   3.0890925e-02   8.6666667e-01
   3.1338479e-02   8.7058824e-01
   3.2055186e-02   8.7450980e-01
   3.2282559e-02   8.7843137e-01
   3.3072309e-02   8.8235294e-01
   3.3467922e-02   8.8627451e-01
   3.3503722e-02   8.9019608e-01
   3.3588338e-02   8.9411765e-01
   3.5839926e-02   8.9803922e-01
   3.7350217e-02   9.0196078e-01
   3.9031682e-02   9.0588235e-01
   3.9084807e-02   9.0980392e-01
   3.9530206e-02   9.1372549e-01
   3.9704137e-02   9.1764706e-01
   4.1636969e-02   9.2156863e-01
   4.1996525e-02   9.2549020e-01
   4.2563705e-02   9.2941176e-01
   4.2780097e-02   9.3333333e-01
   4.2814909e-02   9.3725490e-01
   4.3467271e-02   9.4117647e-01
   4.6683627e-02   9.4509804e-01
   4.8253441e-02   9.4901961e-01
   4.8426519e-02   9.5294118e-01
   4.8766498e-02   9.5686275e-01
   4.9951247e-02   9.6078431e-01
   5.4008622e-02   9.6470588e-01
   5.4338221e-02   9.6862745e-01
   5.7250634e-02   9.7254902e-01
   5.8032751e-02   9.7647059e-01
   5.9389688e-02   9.8039216e-01
   6.0704185e-02   9.8431373e-01
   7.4861685e-02   9.8823529e-01
   7.7323649e-02   9.9215686e-01
   8.3102635e-02   9.9607843e-01
   1.0056173e-01   1.0000000e+00
