   6.6152000e-03   0.0000000e+00
   6.6152000e-03   2.9411765e-02
   7.0560000e-03   5.8823529e-02
   9.7024000e-03   8.8235294e-02
   1.0584000e-02   1.1764706e-01
   1.4112800e-02   1.4705882e-01
   1.4553600e-02   1.7647059e-01
   2.1609600e-02   2.0588235e-01
   2.2050400e-02   2.3529412e-01
   2.7343200e-02   2.6470588e-01
   2.8665600e-02   2.9411765e-01
   2.9107200e-02   3.5294118e-01
   3.6163200e-02   3.8235294e-01
   3.6604000e-02   4.1176471e-01
   3.7045600e-02   4.4117647e-01
   3.9250400e-02   4.7058824e-01
   4.1455200e-02   5.0000000e-01
   4.2337600e-02   5.2941176e-01
   4.3660000e-02   5.5882353e-01
   4.5865600e-02   5.8823529e-01
   4.7629600e-02   6.1764706e-01
   5.3804000e-02   6.4705882e-01
   5.4685600e-02   6.7647059e-01
   5.8655200e-02   7.0588235e-01
   6.3064800e-02   7.3529412e-01
   6.4828800e-02   7.9411765e-01
   6.9239200e-02   8.2352941e-01
   9.1731200e-02   8.5294118e-01
   9.3054400e-02   8.8235294e-01
   1.0363840e-01   9.1176471e-01
   1.1422240e-01   9.4117647e-01
   1.4597600e-01   9.7058824e-01
   2.2183040e-01   1.0000000e+00
