   2.1392000e-03   0.0000000e+00
   2.1392000e-03   8.3822297e-04
   2.8520000e-03   2.5146689e-03
   3.2088000e-03   4.1911148e-03
   3.5648000e-03   1.4249790e-02
   3.9216000e-03   2.8499581e-02
   4.2784000e-03   4.2749371e-02
   4.6344000e-03   5.4484493e-02
   4.9912000e-03   1.1232188e-01
   5.3472000e-03   1.3411567e-01
   5.7040000e-03   1.7015926e-01
   6.0608000e-03   2.1542330e-01
   6.4168000e-03   2.6320201e-01
   6.7736000e-03   2.9589271e-01
   7.1304000e-03   3.2439229e-01
   7.4864000e-03   3.7803856e-01
   7.8432000e-03   3.9228835e-01
   8.2000000e-03   4.1408215e-01
   8.5560000e-03   4.4341995e-01
   8.9128000e-03   4.5934619e-01
   9.2688000e-03   4.7443420e-01
   9.6256000e-03   4.8616932e-01
   9.9824000e-03   5.2472758e-01
   1.0338400e-02   5.3394803e-01
   1.0695200e-02   5.5155071e-01
   1.1052000e-02   5.6328583e-01
   1.1408000e-02   5.8005029e-01
   1.1764800e-02   5.9262364e-01
   1.2121600e-02   6.0184409e-01
   1.2477600e-02   6.3285834e-01
   1.2834400e-02   6.3872590e-01
   1.3190400e-02   6.4710813e-01
   1.3547200e-02   6.5465214e-01
   1.3904000e-02   6.6554904e-01
   1.4260000e-02   6.7644593e-01
   1.4616800e-02   6.8147527e-01
   1.4973600e-02   6.9572506e-01
   1.5329600e-02   7.0243085e-01
   1.5686400e-02   7.1165130e-01
   1.6042400e-02   7.2338642e-01
   1.6399200e-02   7.2841576e-01
   1.6756000e-02   7.3260687e-01
   1.7112000e-02   7.3763621e-01
   1.7468800e-02   7.4769489e-01
   1.7825600e-02   7.4853311e-01
   1.8181600e-02   7.5440067e-01
   1.8538400e-02   7.6278290e-01
   1.8895200e-02   7.7200335e-01
   1.9251200e-02   7.7535624e-01
   1.9608000e-02   7.7870914e-01
   1.9964000e-02   7.8960604e-01
   2.0320800e-02   7.9547360e-01
   2.0677600e-02   7.9966471e-01
   2.1033600e-02   8.0385583e-01
   2.1390400e-02   8.0888516e-01
   2.1747200e-02   8.1223806e-01
   2.2103200e-02   8.1726739e-01
   2.2460000e-02   8.2648785e-01
   2.2816800e-02   8.3570830e-01
   2.3172800e-02   8.4325231e-01
   2.3529600e-02   8.4492875e-01
   2.3885600e-02   8.4660520e-01
   2.4242400e-02   8.5163453e-01
   2.4599200e-02   8.5582565e-01
   2.4955200e-02   8.6420788e-01
   2.5312000e-02   8.6504610e-01
   2.5668800e-02   8.6672255e-01
   2.6024800e-02   8.7175189e-01
   2.6381600e-02   8.7510478e-01
   2.6738400e-02   8.7678122e-01
   2.7094400e-02   8.8432523e-01
   2.7451200e-02   8.8683990e-01
   2.7807200e-02   8.8851635e-01
   2.8164000e-02   8.9103101e-01
   2.8876800e-02   8.9522213e-01
   2.9233600e-02   8.9689858e-01
   2.9589600e-02   9.0108969e-01
   2.9946400e-02   9.0444258e-01
   3.0303200e-02   9.0611903e-01
   3.0659200e-02   9.0779547e-01
   3.1016000e-02   9.0863370e-01
   3.1372800e-02   9.1114837e-01
   3.2798400e-02   9.1366303e-01
   3.3155200e-02   9.1533948e-01
   3.3512000e-02   9.1617770e-01
   3.3868000e-02   9.1701593e-01
   3.4937600e-02   9.2120704e-01
   3.5294400e-02   9.2204526e-01
   3.5650400e-02   9.2539816e-01
   3.6007200e-02   9.2623638e-01
   3.6364000e-02   9.3042749e-01
   3.6720000e-02   9.3210394e-01
   3.7076800e-02   9.3294216e-01
   3.7432800e-02   9.3629505e-01
   3.7789600e-02   9.3713328e-01
   3.8502400e-02   9.3797150e-01
   3.8859200e-02   9.4048617e-01
   3.9216000e-02   9.4216262e-01
   3.9572000e-02   9.4300084e-01
   3.9928800e-02   9.4383906e-01
   4.0284800e-02   9.4467728e-01
   4.0641600e-02   9.4635373e-01
   4.0998400e-02   9.4719195e-01
   4.1354400e-02   9.4886840e-01
   4.1711200e-02   9.5054484e-01
   4.2068000e-02   9.5138307e-01
   4.2424000e-02   9.5389774e-01
   4.3137600e-02   9.5473596e-01
   4.3850400e-02   9.5808885e-01
   4.4563200e-02   9.5976530e-01
   4.4920000e-02   9.6144174e-01
   4.5276000e-02   9.6227997e-01
   4.5632800e-02   9.6395641e-01
   4.7059200e-02   9.6479464e-01
   4.7415200e-02   9.6730930e-01
   4.8484800e-02   9.6814753e-01
   4.8841600e-02   9.6898575e-01
   4.9911200e-02   9.6982397e-01
   5.0267200e-02   9.7066220e-01
   5.3476000e-02   9.7233864e-01
   5.3832800e-02   9.7317687e-01
   5.4188800e-02   9.7401509e-01
   5.4901600e-02   9.7652976e-01
   5.5615200e-02   9.7736798e-01
   5.5971200e-02   9.7820620e-01
   5.6328000e-02   9.7904443e-01
   5.7040800e-02   9.7988265e-01
   5.7397600e-02   9.8072087e-01
   5.8110400e-02   9.8239732e-01
   5.8467200e-02   9.8323554e-01
   5.8823200e-02   9.8407376e-01
   5.9536800e-02   9.8575021e-01
   6.0962400e-02   9.8658843e-01
   6.2388800e-02   9.8742666e-01
   6.3458400e-02   9.8826488e-01
   6.5240800e-02   9.8910310e-01
   6.5953600e-02   9.8994132e-01
   6.7023200e-02   9.9245599e-01
   6.8448800e-02   9.9413244e-01
   6.9518400e-02   9.9497066e-01
   7.2371200e-02   9.9580889e-01
   8.0570400e-02   9.9664711e-01
   8.2352800e-02   9.9748533e-01
   8.9839200e-02   9.9832355e-01
   1.6862720e-01   9.9916178e-01
   1.7754000e-01   1.0000000e+00
