   4.1320000e-03   0.0000000e+00
   4.1320000e-03   1.0256410e-02
   4.5456000e-03   1.5384615e-02
   4.9584000e-03   4.1025641e-02
   5.3720000e-03   5.1282051e-02
   5.7848000e-03   6.1538462e-02
   6.1984000e-03   9.7435897e-02
   6.6112000e-03   1.1794872e-01
   7.0248000e-03   1.5384615e-01
   7.8512000e-03   1.8461538e-01
   8.2648000e-03   2.0000000e-01
   8.6776000e-03   2.2051282e-01
   9.0912000e-03   2.2564103e-01
   9.5040000e-03   2.4615385e-01
   9.9176000e-03   2.7179487e-01
   1.0330400e-02   3.0256410e-01
   1.0744000e-02   3.4358974e-01
   1.1156800e-02   3.5384615e-01
   1.1570400e-02   3.5897436e-01
   1.1983200e-02   3.8461538e-01
   1.2396800e-02   4.0512821e-01
   1.2809600e-02   4.3589744e-01
   1.3223200e-02   4.4615385e-01
   1.3636800e-02   4.5641026e-01
   1.4049600e-02   4.7692308e-01
   1.4876000e-02   4.9743590e-01
   1.5289600e-02   5.0769231e-01
   1.5702400e-02   5.1794872e-01
   1.6116000e-02   5.3333333e-01
   1.6942400e-02   5.4871795e-01
   1.7355200e-02   5.5384615e-01
   1.7768800e-02   5.6410256e-01
   1.8181600e-02   5.7435897e-01
   1.8595200e-02   5.8461538e-01
   1.9421600e-02   5.9487179e-01
   1.9834400e-02   6.0512821e-01
   2.0660800e-02   6.1025641e-01
   2.1074400e-02   6.1538462e-01
   2.1488000e-02   6.2564103e-01
   2.1900800e-02   6.4102564e-01
   2.2314400e-02   6.4615385e-01
   2.2727200e-02   6.6153846e-01
   2.3553600e-02   6.7692308e-01
   2.3967200e-02   6.9230769e-01
   2.4380000e-02   6.9743590e-01
   2.4793600e-02   7.0256410e-01
   2.6446400e-02   7.1794872e-01
   2.6859200e-02   7.2307692e-01
   2.8925600e-02   7.2820513e-01
   2.9752000e-02   7.3333333e-01
   3.0165600e-02   7.4358974e-01
   3.0578400e-02   7.5384615e-01
   3.1404800e-02   7.5897436e-01
   3.2644800e-02   7.6410256e-01
   3.3057600e-02   7.6923077e-01
   3.3471200e-02   7.8461538e-01
   3.5950400e-02   7.8974359e-01
   3.7603200e-02   7.9487179e-01
   3.8843200e-02   8.0512821e-01
   4.0908800e-02   8.1025641e-01
   4.1322400e-02   8.1538462e-01
   4.2148800e-02   8.2564103e-01
   4.2561600e-02   8.3076923e-01
   4.2975200e-02   8.4102564e-01
   4.3801600e-02   8.4615385e-01
   4.5041600e-02   8.5128205e-01
   4.5454400e-02   8.5641026e-01
   4.7520800e-02   8.6153846e-01
   4.7933600e-02   8.6666667e-01
   4.9173600e-02   8.7179487e-01
   5.0826400e-02   8.7692308e-01
   5.1240000e-02   8.8205128e-01
   5.2066400e-02   8.8717949e-01
   5.2892800e-02   8.9230769e-01
   5.4132000e-02   8.9743590e-01
   5.7024800e-02   9.0256410e-01
   5.9504000e-02   9.0769231e-01
   6.0330400e-02   9.1282051e-01
   6.1156800e-02   9.1794872e-01
   6.2809600e-02   9.2307692e-01
   6.3223200e-02   9.2820513e-01
   6.4049600e-02   9.3333333e-01
   6.9421600e-02   9.3846154e-01
   7.1487200e-02   9.4358974e-01
   7.6032800e-02   9.4871795e-01
   9.2148800e-02   9.5384615e-01
   1.2314080e-01   9.5897436e-01
   1.3801680e-01   9.6410256e-01
   1.4008240e-01   9.6923077e-01
   1.6363600e-01   9.7435897e-01
   1.7148800e-01   9.7948718e-01
   1.8719040e-01   9.8461538e-01
   1.9338880e-01   9.8974359e-01
   2.3677680e-01   9.9487179e-01
   2.4834720e-01   1.0000000e+00
