   4.9488000e-03   0.0000000e+00
   4.9488000e-03   1.2903226e-02
   6.1856000e-03   3.2258065e-02
   6.5976000e-03   3.8709677e-02
   7.0104000e-03   5.1612903e-02
   7.4224000e-03   8.3870968e-02
   7.8352000e-03   1.0322581e-01
   8.2472000e-03   1.0967742e-01
   8.6600000e-03   1.2258065e-01
   9.4848000e-03   1.2903226e-01
   9.8968000e-03   1.6129032e-01
   1.0309600e-02   1.7419355e-01
   1.0721600e-02   1.9354839e-01
   1.1133600e-02   2.1290323e-01
   1.1546400e-02   2.2580645e-01
   1.2371200e-02   2.4516129e-01
   1.3608000e-02   2.5161290e-01
   1.4020800e-02   2.7741935e-01
   1.4432800e-02   2.9032258e-01
   1.4845600e-02   3.3548387e-01
   1.5257600e-02   3.4838710e-01
   1.5670400e-02   3.6129032e-01
   1.6495200e-02   3.6774194e-01
   1.7732000e-02   3.8064516e-01
   1.8144000e-02   4.1935484e-01
   1.8556800e-02   4.2580645e-01
   1.8968800e-02   4.3225806e-01
   1.9381600e-02   4.5161290e-01
   1.9793600e-02   4.6451613e-01
   2.0618400e-02   4.7096774e-01
   2.1031200e-02   4.7741935e-01
   2.1443200e-02   4.9032258e-01
   2.1856000e-02   4.9677419e-01
   2.2680800e-02   5.0322581e-01
   2.3092800e-02   5.2258065e-01
   2.3504800e-02   5.2903226e-01
   2.4329600e-02   5.5483871e-01
   2.5154400e-02   5.7419355e-01
   2.6392000e-02   5.8709677e-01
   2.6804000e-02   5.9354839e-01
   2.8040800e-02   6.0000000e-01
   2.8866400e-02   6.0645161e-01
   2.9690400e-02   6.1290323e-01
   3.1340000e-02   6.1935484e-01
   3.1752800e-02   6.2580645e-01
   3.3402400e-02   6.3225806e-01
   3.4227200e-02   6.3870968e-01
   3.6288800e-02   6.4516129e-01
   3.7938400e-02   6.5161290e-01
   3.9175200e-02   6.5806452e-01
   4.0000000e-02   6.6451613e-01
   4.0412000e-02   6.7096774e-01
   4.1236800e-02   6.7741935e-01
   4.2886400e-02   6.8387097e-01
   4.3299200e-02   6.9032258e-01
   4.3711200e-02   7.2258065e-01
   4.7010400e-02   7.2903226e-01
   4.7422400e-02   7.3548387e-01
   4.8247200e-02   7.4838710e-01
   4.9072000e-02   7.5483871e-01
   4.9484800e-02   7.6129032e-01
   4.9896800e-02   7.7419355e-01
   5.1959200e-02   7.8064516e-01
   5.2371200e-02   7.8709677e-01
   5.3608000e-02   7.9354839e-01
   5.4020800e-02   8.0000000e-01
   5.5257600e-02   8.0645161e-01
   5.5670400e-02   8.1290323e-01
   6.3092800e-02   8.1935484e-01
   6.8041600e-02   8.2580645e-01
   6.9690400e-02   8.3225806e-01
   7.0515200e-02   8.3870968e-01
   7.3814400e-02   8.4516129e-01
   7.9175200e-02   8.5161290e-01
   8.0000000e-02   8.5806452e-01
   8.6185600e-02   8.7096774e-01
   8.7010400e-02   8.7741935e-01
   9.1134400e-02   8.8387097e-01
   9.2371200e-02   8.9032258e-01
   1.0350480e-01   8.9677419e-01
   1.0639200e-01   9.0322581e-01
   1.0969040e-01   9.0967742e-01
   1.1340240e-01   9.1612903e-01
   1.1670080e-01   9.2258065e-01
   1.2783520e-01   9.2903226e-01
   1.4103120e-01   9.3548387e-01
   1.4515440e-01   9.4193548e-01
   1.5793840e-01   9.4838710e-01
   1.6288640e-01   9.5483871e-01
   1.7154640e-01   9.6129032e-01
   1.7731920e-01   9.6774194e-01
   1.8061840e-01   9.7419355e-01
   1.8927840e-01   9.8064516e-01
   2.0866000e-01   9.8709677e-01
   2.2144320e-01   9.9354839e-01
   2.7298960e-01   1.0000000e+00
