   6.0300286e-03   0.0000000e+00
   6.0300286e-03   4.1493776e-03
   6.3388917e-03   8.2987552e-03
   6.9800878e-03   1.2448133e-02
   7.0766801e-03   1.6597510e-02
   7.1672494e-03   2.0746888e-02
   7.2179038e-03   2.4896266e-02
   7.7825069e-03   2.9045643e-02
   7.9965009e-03   3.7344398e-02
   8.0219609e-03   4.1493776e-02
   8.3594566e-03   4.5643154e-02
   8.6199168e-03   5.3941909e-02
   8.6612407e-03   5.8091286e-02
   8.6827017e-03   6.6390041e-02
   8.7510034e-03   7.8838174e-02
   8.7827086e-03   8.2987552e-02
   8.8836741e-03   8.7136929e-02
   8.8904579e-03   9.1286307e-02
   8.9337428e-03   9.5435685e-02
   8.9810614e-03   9.9585062e-02
   9.0851394e-03   1.0373444e-01
   9.4557134e-03   1.0788382e-01
   9.4647642e-03   1.1203320e-01
   9.6370020e-03   1.1618257e-01
   9.7495071e-03   1.2033195e-01
   9.7696493e-03   1.2448133e-01
   9.8302138e-03   1.2863071e-01
   1.0028045e-02   1.4107884e-01
   1.0039103e-02   1.4937759e-01
   1.0159152e-02   1.5767635e-01
   1.0309780e-02   1.6182573e-01
   1.0312306e-02   1.6597510e-01
   1.0320920e-02   1.7012448e-01
   1.0356893e-02   1.7427386e-01
   1.0601211e-02   1.7842324e-01
   1.0603956e-02   1.8257261e-01
   1.0835647e-02   1.9087137e-01
   1.0918838e-02   1.9917012e-01
   1.0923896e-02   2.0331950e-01
   1.0977064e-02   2.0746888e-01
   1.1188419e-02   2.1576763e-01
   1.1233601e-02   2.1991701e-01
   1.1304049e-02   2.2406639e-01
   1.1319170e-02   2.2821577e-01
   1.1464439e-02   2.3236515e-01
   1.1491653e-02   2.3651452e-01
   1.1493389e-02   2.4066390e-01
   1.1548849e-02   2.4481328e-01
   1.1745798e-02   2.4896266e-01
   1.1762255e-02   2.5311203e-01
   1.1891213e-02   2.5726141e-01
   1.2067984e-02   2.6141079e-01
   1.2100978e-02   2.6970954e-01
   1.2209076e-02   2.7385892e-01
   1.2317155e-02   2.7800830e-01
   1.2319547e-02   2.8215768e-01
   1.2330258e-02   2.8630705e-01
   1.2616321e-02   2.9045643e-01
   1.2699365e-02   2.9460581e-01
   1.2888800e-02   2.9875519e-01
   1.2984225e-02   3.0290456e-01
   1.3024053e-02   3.1120332e-01
   1.3117959e-02   3.1535270e-01
   1.3186326e-02   3.1950207e-01
   1.3626486e-02   3.2365145e-01
   1.3660716e-02   3.2780083e-01
   1.3689286e-02   3.3195021e-01
   1.3752424e-02   3.3609959e-01
   1.3873156e-02   3.4439834e-01
   1.4153360e-02   3.4854772e-01
   1.4422151e-02   3.5269710e-01
   1.4518378e-02   3.5684647e-01
   1.4598895e-02   3.6099585e-01
   1.4614270e-02   3.6514523e-01
   1.4832060e-02   3.6929461e-01
   1.4865855e-02   3.7344398e-01
   1.4909895e-02   3.7759336e-01
   1.5093283e-02   3.8174274e-01
   1.5187893e-02   3.9004149e-01
   1.5316453e-02   3.9834025e-01
   1.5953583e-02   4.0248963e-01
   1.6144660e-02   4.0663900e-01
   1.6287029e-02   4.1078838e-01
   1.6513681e-02   4.1493776e-01
   1.6549174e-02   4.1908714e-01
   1.6623900e-02   4.2323651e-01
   1.6695339e-02   4.2738589e-01
   1.7195494e-02   4.3153527e-01
   1.7219319e-02   4.3568465e-01
   1.7490669e-02   4.3983402e-01
   1.7572482e-02   4.4398340e-01
   1.7641340e-02   4.4813278e-01
   1.7780353e-02   4.5228216e-01
   1.7867486e-02   4.5643154e-01
   1.8061045e-02   4.6058091e-01
   1.8126460e-02   4.6473029e-01
   1.8445274e-02   4.6887967e-01
   1.8632169e-02   4.7302905e-01
   1.8762348e-02   4.7717842e-01
   1.9203500e-02   4.8132780e-01
   1.9205461e-02   4.8962656e-01
   1.9316859e-02   4.9377593e-01
   1.9335757e-02   5.0207469e-01
   1.9507208e-02   5.0622407e-01
   1.9607803e-02   5.1037344e-01
   1.9659302e-02   5.1452282e-01
   1.9730029e-02   5.1867220e-01
   1.9744672e-02   5.2282158e-01
   2.0165293e-02   5.2697095e-01
   2.0368240e-02   5.3112033e-01
   2.1515088e-02   5.3526971e-01
   2.1573625e-02   5.3941909e-01
   2.1582407e-02   5.4356846e-01
   2.1847791e-02   5.4771784e-01
   2.1933994e-02   5.5186722e-01
   2.1937643e-02   5.5601660e-01
   2.2217304e-02   5.6016598e-01
   2.2353901e-02   5.6431535e-01
   2.2355178e-02   5.6846473e-01
   2.2859746e-02   5.7261411e-01
   2.3297813e-02   5.7676349e-01
   2.3381152e-02   5.8091286e-01
   2.3610272e-02   5.8506224e-01
   2.3676282e-02   5.8921162e-01
   2.3782006e-02   5.9336100e-01
   2.3792605e-02   5.9751037e-01
   2.3911368e-02   6.0165975e-01
   2.4305817e-02   6.0580913e-01
   2.5595986e-02   6.0995851e-01
   2.5787221e-02   6.1410788e-01
   2.6127236e-02   6.1825726e-01
   2.6171085e-02   6.2240664e-01
   2.6701794e-02   6.2655602e-01
   2.6944631e-02   6.3070539e-01
   2.7173486e-02   6.3485477e-01
   2.7320213e-02   6.3900415e-01
   2.7477974e-02   6.4315353e-01
   2.7643318e-02   6.4730290e-01
   2.8249101e-02   6.5145228e-01
   2.8393731e-02   6.5560166e-01
   2.8400592e-02   6.5975104e-01
   2.8521113e-02   6.6390041e-01
   2.8524296e-02   6.6804979e-01
   2.8752350e-02   6.7219917e-01
   2.8903663e-02   6.7634855e-01
   2.9435137e-02   6.8049793e-01
   2.9797360e-02   6.8464730e-01
   3.0263313e-02   6.8879668e-01
   3.0351751e-02   6.9294606e-01
   3.0856007e-02   6.9709544e-01
   3.1213877e-02   7.0124481e-01
   3.1396995e-02   7.0539419e-01
   3.1903635e-02   7.0954357e-01
   3.2159208e-02   7.1369295e-01
   3.2163656e-02   7.1784232e-01
   3.2717628e-02   7.2199170e-01
   3.3852168e-02   7.2614108e-01
   3.3905617e-02   7.3029046e-01
   3.4059038e-02   7.3443983e-01
   3.4441124e-02   7.3858921e-01
   3.4689535e-02   7.4273859e-01
   3.4843890e-02   7.4688797e-01
   3.5813938e-02   7.5103734e-01
   3.6165221e-02   7.5518672e-01
   3.6670726e-02   7.5933610e-01
   3.6774790e-02   7.6348548e-01
   3.6776593e-02   7.6763485e-01
   3.6883523e-02   7.7178423e-01
   3.7671885e-02   7.7593361e-01
   3.7964821e-02   7.8008299e-01
   3.9550639e-02   7.8423237e-01
   3.9589674e-02   7.8838174e-01
   4.0033250e-02   7.9253112e-01
   4.2121020e-02   7.9668050e-01
   4.2181523e-02   8.0082988e-01
   4.2253707e-02   8.0497925e-01
   4.2869308e-02   8.0912863e-01
   4.2904928e-02   8.1327801e-01
   4.4643893e-02   8.1742739e-01
   4.6013272e-02   8.2157676e-01
   4.6442927e-02   8.2572614e-01
   4.7037349e-02   8.2987552e-01
   4.7273655e-02   8.3402490e-01
   4.7358739e-02   8.3817427e-01
   4.8280163e-02   8.4232365e-01
   4.8836790e-02   8.4647303e-01
   4.9419549e-02   8.5062241e-01
   4.9651210e-02   8.5477178e-01
   5.0375763e-02   8.5892116e-01
   5.2129342e-02   8.6307054e-01
   5.2654740e-02   8.6721992e-01
   5.3004333e-02   8.7136929e-01
   5.3859721e-02   8.7551867e-01
   5.4868912e-02   8.7966805e-01
   5.6946872e-02   8.8381743e-01
   5.7583704e-02   8.8796680e-01
   6.1595252e-02   8.9211618e-01
   6.3274815e-02   8.9626556e-01
   6.3807606e-02   9.0041494e-01
   6.6855091e-02   9.0456432e-01
   7.2024755e-02   9.0871369e-01
   7.2446942e-02   9.1286307e-01
   7.3393459e-02   9.1701245e-01
   7.3546778e-02   9.2116183e-01
   7.6976343e-02   9.2531120e-01
   8.0263603e-02   9.2946058e-01
   8.0412585e-02   9.3360996e-01
   8.1157417e-02   9.3775934e-01
   9.3732543e-02   9.4190871e-01
   9.7530659e-02   9.4605809e-01
   9.7973380e-02   9.5020747e-01
   1.0915206e-01   9.5435685e-01
   1.1607413e-01   9.5850622e-01
   1.1688019e-01   9.6265560e-01
   1.2502686e-01   9.6680498e-01
   1.6691194e-01   9.7095436e-01
   1.9900668e-01   9.7510373e-01
   2.2657577e-01   9.7925311e-01
   2.3182112e-01   9.8340249e-01
   2.8537022e-01   9.8755187e-01
   3.2531109e-01   9.9170124e-01
   3.7585703e-01   9.9585062e-01
   3.7745304e-01   1.0000000e+00
