   2.4792000e-03   0.0000000e+00
   2.4792000e-03   1.6260163e-03
   2.8928000e-03   4.8780488e-03
   3.3056000e-03   1.0569106e-02
   3.7192000e-03   1.9512195e-02
   4.1320000e-03   3.9024390e-02
   4.5456000e-03   7.1544715e-02
   4.9584000e-03   1.0162602e-01
   5.3720000e-03   1.5853659e-01
   5.7848000e-03   2.0894309e-01
   6.1984000e-03   2.5853659e-01
   6.6112000e-03   3.1707317e-01
   7.0248000e-03   3.4715447e-01
   7.4384000e-03   3.9593496e-01
   7.8512000e-03   4.4146341e-01
   8.2648000e-03   4.6910569e-01
   8.6776000e-03   5.1626016e-01
   9.0912000e-03   5.5040650e-01
   9.5040000e-03   5.8861789e-01
   9.9176000e-03   6.2195122e-01
   1.0330400e-02   6.5121951e-01
   1.0744000e-02   6.9268293e-01
   1.1156800e-02   7.1707317e-01
   1.1570400e-02   7.3739837e-01
   1.1983200e-02   7.6991870e-01
   1.2396800e-02   7.8617886e-01
   1.2809600e-02   8.0975610e-01
   1.3223200e-02   8.2520325e-01
   1.3636800e-02   8.3495935e-01
   1.4049600e-02   8.5853659e-01
   1.4463200e-02   8.6666667e-01
   1.4876000e-02   8.8536585e-01
   1.5289600e-02   8.9918699e-01
   1.5702400e-02   9.0569106e-01
   1.6116000e-02   9.1869919e-01
   1.6528800e-02   9.2520325e-01
   1.6942400e-02   9.2926829e-01
   1.7355200e-02   9.4065041e-01
   1.7768800e-02   9.4308943e-01
   1.8181600e-02   9.4552846e-01
   1.8595200e-02   9.5447154e-01
   1.9008000e-02   9.5853659e-01
   1.9421600e-02   9.6666667e-01
   1.9834400e-02   9.6747967e-01
   2.0248000e-02   9.6991870e-01
   2.0660800e-02   9.7317073e-01
   2.1074400e-02   9.7479675e-01
   2.1900800e-02   9.7642276e-01
   2.2314400e-02   9.7804878e-01
   2.2727200e-02   9.8130081e-01
   2.3553600e-02   9.8211382e-01
   2.3967200e-02   9.8292683e-01
   2.5206400e-02   9.8373984e-01
   2.6032800e-02   9.8699187e-01
   2.6446400e-02   9.8861789e-01
   2.6859200e-02   9.9024390e-01
   2.7685600e-02   9.9105691e-01
   2.8099200e-02   9.9268293e-01
   2.9339200e-02   9.9349593e-01
   3.4297600e-02   9.9430894e-01
   3.4710400e-02   9.9512195e-01
   3.7603200e-02   9.9593496e-01
   3.9669600e-02   9.9674797e-01
   4.1322400e-02   9.9756098e-01
   4.9173600e-02   9.9837398e-01
   8.6364000e-02   9.9918699e-01
   1.1446320e-01   1.0000000e+00
