   3.5000000e-03   0.0000000e+00
   3.5000000e-03   5.2910053e-03
   4.0000000e-03   2.6455026e-02
   4.5000000e-03   4.7619048e-02
   5.0000000e-03   7.1428571e-02
   5.5000000e-03   1.0052910e-01
   6.0000000e-03   1.1904762e-01
   6.5000000e-03   1.7195767e-01
   7.0000000e-03   2.0370370e-01
   7.5000000e-03   2.2751323e-01
   8.0000000e-03   2.6455026e-01
   8.5000000e-03   2.8571429e-01
   9.0000000e-03   3.0952381e-01
   9.5000000e-03   3.2010582e-01
   1.0000000e-02   3.4126984e-01
   1.0500000e-02   3.6772487e-01
   1.1000000e-02   3.8888889e-01
   1.1500000e-02   4.1005291e-01
   1.2000000e-02   4.2592593e-01
   1.2500000e-02   4.3915344e-01
   1.3000000e-02   4.5238095e-01
   1.3500000e-02   4.7089947e-01
   1.4000000e-02   4.9470899e-01
   1.4500000e-02   5.1851852e-01
   1.5000000e-02   5.3174603e-01
   1.5500000e-02   5.5291005e-01
   1.6000000e-02   5.6613757e-01
   1.6500000e-02   5.8465608e-01
   1.7000000e-02   5.8730159e-01
   1.7500000e-02   5.8994709e-01
   1.8000000e-02   6.0582011e-01
   1.8500000e-02   6.2169312e-01
   1.9000000e-02   6.2698413e-01
   1.9500000e-02   6.3227513e-01
   2.0000000e-02   6.4285714e-01
   2.0500000e-02   6.5079365e-01
   2.1000000e-02   6.6402116e-01
   2.1500000e-02   6.6666667e-01
   2.2500000e-02   6.7195767e-01
   2.3000000e-02   6.7989418e-01
   2.3500000e-02   6.9047619e-01
   2.4000000e-02   6.9841270e-01
   2.4500000e-02   7.0105820e-01
   2.5000000e-02   7.0370370e-01
   2.6000000e-02   7.1428571e-01
   2.6500000e-02   7.2486772e-01
   2.7000000e-02   7.3544974e-01
   2.7500000e-02   7.4338624e-01
   2.8000000e-02   7.4867725e-01
   2.8500000e-02   7.5396825e-01
   3.0000000e-02   7.5661376e-01
   3.0500000e-02   7.5925926e-01
   3.1000000e-02   7.6455026e-01
   3.1500000e-02   7.6719577e-01
   3.2000000e-02   7.7513228e-01
   3.2500000e-02   7.8042328e-01
   3.3000000e-02   7.8306878e-01
   3.3500000e-02   7.8571429e-01
   3.4500000e-02   7.8835979e-01
   3.5000000e-02   7.9100529e-01
   3.6500000e-02   7.9365079e-01
   3.7000000e-02   7.9629630e-01
   3.8000000e-02   7.9894180e-01
   3.8500000e-02   8.0158730e-01
   3.9500000e-02   8.0687831e-01
   4.2000000e-02   8.0952381e-01
   4.3000000e-02   8.1216931e-01
   4.3500000e-02   8.1481481e-01
   4.4000000e-02   8.2010582e-01
   4.4500000e-02   8.2275132e-01
   4.6000000e-02   8.2539683e-01
   4.7000000e-02   8.2804233e-01
   4.7500000e-02   8.3068783e-01
   4.8000000e-02   8.3333333e-01
   4.8500000e-02   8.3597884e-01
   5.0000000e-02   8.3862434e-01
   5.1500000e-02   8.4656085e-01
   5.2500000e-02   8.4920635e-01
   5.3000000e-02   8.5185185e-01
   5.3500000e-02   8.5449735e-01
   5.4500000e-02   8.5714286e-01
   5.6000000e-02   8.6243386e-01
   5.8000000e-02   8.6772487e-01
   5.8500000e-02   8.7037037e-01
   5.9000000e-02   8.7301587e-01
   5.9500000e-02   8.7566138e-01
   6.1000000e-02   8.7830688e-01
   6.3500000e-02   8.8095238e-01
   6.4000000e-02   8.8359788e-01
   6.6500000e-02   8.8624339e-01
   6.7500000e-02   8.8888889e-01
   6.9500000e-02   8.9153439e-01
   7.0000000e-02   8.9417989e-01
   7.1000000e-02   8.9682540e-01
   7.1500000e-02   8.9947090e-01
   7.2000000e-02   9.0476190e-01
   7.3000000e-02   9.0740741e-01
   7.8000000e-02   9.1005291e-01
   9.0000000e-02   9.1269841e-01
   9.2000000e-02   9.1534392e-01
   9.3000000e-02   9.1798942e-01
   9.3500000e-02   9.2063492e-01
   9.4500000e-02   9.2328042e-01
   9.5000000e-02   9.2592593e-01
   1.0700000e-01   9.2857143e-01
   1.0800000e-01   9.3386243e-01
   1.0850000e-01   9.3650794e-01
   1.1100000e-01   9.3915344e-01
   1.1450000e-01   9.4179894e-01
   1.1500000e-01   9.4444444e-01
   1.2000000e-01   9.4708995e-01
   1.2450000e-01   9.4973545e-01
   1.2800000e-01   9.5502646e-01
   1.2900000e-01   9.5767196e-01
   1.3250000e-01   9.6031746e-01
   1.3700000e-01   9.6296296e-01
   1.4250000e-01   9.6560847e-01
   1.4400000e-01   9.6825397e-01
   1.4500000e-01   9.7089947e-01
   1.5700000e-01   9.7354497e-01
   1.6450000e-01   9.7619048e-01
   1.6600000e-01   9.7883598e-01
   1.7650000e-01   9.8148148e-01
   1.7850000e-01   9.8412698e-01
   1.8700000e-01   9.8677249e-01
   1.8950000e-01   9.8941799e-01
   1.9150000e-01   9.9206349e-01
   1.9250000e-01   9.9470899e-01
   1.9600000e-01   9.9735450e-01
   2.4650000e-01   1.0000000e+00
