   2.6048000e-03   0.0000000e+00
   2.6048000e-03   1.2295082e-02
   2.9768000e-03   2.0491803e-02
   3.3488000e-03   3.2786885e-02
   3.7208000e-03   4.5081967e-02
   4.0928000e-03   5.3278689e-02
   4.4648000e-03   1.2295082e-01
   4.8376000e-03   1.3524590e-01
   5.2096000e-03   1.7213115e-01
   5.5816000e-03   2.2950820e-01
   5.9536000e-03   2.6639344e-01
   6.3256000e-03   3.0327869e-01
   6.6976000e-03   3.3606557e-01
   7.0696000e-03   3.8934426e-01
   7.4416000e-03   4.2213115e-01
   7.8136000e-03   4.7131148e-01
   8.1864000e-03   5.1229508e-01
   8.5584000e-03   5.2868852e-01
   8.9304000e-03   5.9016393e-01
   9.3024000e-03   6.1475410e-01
   9.6744000e-03   6.3524590e-01
   1.0046400e-02   6.5983607e-01
   1.0418400e-02   6.8032787e-01
   1.0790400e-02   6.9262295e-01
   1.1535200e-02   7.1721311e-01
   1.1907200e-02   7.3360656e-01
   1.2279200e-02   7.6229508e-01
   1.2651200e-02   7.7459016e-01
   1.3023200e-02   7.8688525e-01
   1.3395200e-02   7.9918033e-01
   1.3767200e-02   8.0327869e-01
   1.4139200e-02   8.1967213e-01
   1.4511200e-02   8.2786885e-01
   1.4884000e-02   8.4016393e-01
   1.5256000e-02   8.5245902e-01
   1.6000000e-02   8.5655738e-01
   1.6744000e-02   8.6065574e-01
   1.7116000e-02   8.6475410e-01
   2.1209600e-02   8.7295082e-01
   2.1581600e-02   8.7704918e-01
   2.2325600e-02   8.8114754e-01
   2.2697600e-02   8.8524590e-01
   2.4558400e-02   8.8934426e-01
   2.6790400e-02   8.9344262e-01
   2.8279200e-02   8.9754098e-01
   2.9023200e-02   9.0163934e-01
   2.9395200e-02   9.0573770e-01
   3.0139200e-02   9.0983607e-01
   3.0511200e-02   9.1393443e-01
   3.2000000e-02   9.1803279e-01
   3.7209600e-02   9.2213115e-01
   4.0186400e-02   9.3032787e-01
   4.1302400e-02   9.3442623e-01
   4.2046400e-02   9.4262295e-01
   4.4279200e-02   9.4672131e-01
   4.4651200e-02   9.5081967e-01
   4.5395200e-02   9.5491803e-01
   5.2092800e-02   9.5901639e-01
   5.6930400e-02   9.6311475e-01
   5.8790400e-02   9.6721311e-01
   6.7720800e-02   9.7131148e-01
   8.0372000e-02   9.7540984e-01
   8.0744000e-02   9.7950820e-01
   8.8558400e-02   9.8360656e-01
   9.1162400e-02   9.8770492e-01
   9.9348800e-02   9.9180328e-01
   1.0790720e-01   9.9590164e-01
   1.8753520e-01   1.0000000e+00
