   6.5239584e-03   0.0000000e+00
   6.5239584e-03   8.8495575e-03
   6.9227844e-03   1.7699115e-02
   7.1827979e-03   2.6548673e-02
   7.7148873e-03   3.5398230e-02
   8.0214038e-03   4.4247788e-02
   8.1040495e-03   5.3097345e-02
   9.0530829e-03   6.1946903e-02
   9.0604530e-03   7.9646018e-02
   9.0878614e-03   8.8495575e-02
   9.4249345e-03   9.7345133e-02
   9.4704952e-03   1.0619469e-01
   9.6236427e-03   1.1504425e-01
   9.6897862e-03   1.2389381e-01
   1.0081035e-02   1.3274336e-01
   1.0105547e-02   1.4159292e-01
   1.0154726e-02   1.5044248e-01
   1.0234816e-02   1.5929204e-01
   1.0320363e-02   1.6814159e-01
   1.0399253e-02   1.7699115e-01
   1.0429871e-02   1.8584071e-01
   1.0449225e-02   1.9469027e-01
   1.0470340e-02   2.0353982e-01
   1.0573913e-02   2.1238938e-01
   1.0911861e-02   2.2123894e-01
   1.1309072e-02   2.3008850e-01
   1.1762971e-02   2.3893805e-01
   1.1939834e-02   2.4778761e-01
   1.2205638e-02   2.5663717e-01
   1.2210836e-02   2.6548673e-01
   1.2228937e-02   2.7433628e-01
   1.2638325e-02   2.8318584e-01
   1.2792892e-02   2.9203540e-01
   1.3077586e-02   3.0088496e-01
   1.3172165e-02   3.0973451e-01
   1.3347120e-02   3.1858407e-01
   1.4117777e-02   3.2743363e-01
   1.4212530e-02   3.3628319e-01
   1.4536856e-02   3.4513274e-01
   1.5172089e-02   3.5398230e-01
   1.5379500e-02   3.6283186e-01
   1.5525720e-02   3.7168142e-01
   1.5557814e-02   3.8053097e-01
   1.5729789e-02   3.8938053e-01
   1.6427672e-02   3.9823009e-01
   1.6553764e-02   4.0707965e-01
   1.6654025e-02   4.1592920e-01
   1.6770013e-02   4.2477876e-01
   1.7057430e-02   4.3362832e-01
   1.7562839e-02   4.4247788e-01
   1.7606716e-02   4.5132743e-01
   1.8214296e-02   4.6017699e-01
   1.8456938e-02   4.6902655e-01
   1.8642803e-02   4.7787611e-01
   1.9201232e-02   4.8672566e-01
   1.9248155e-02   4.9557522e-01
   1.9450755e-02   5.0442478e-01
   1.9817884e-02   5.1327434e-01
   2.0215544e-02   5.2212389e-01
   2.0218264e-02   5.3097345e-01
   2.0631765e-02   5.3982301e-01
   2.0824267e-02   5.4867257e-01
   2.1068034e-02   5.5752212e-01
   2.1668949e-02   5.6637168e-01
   2.2681557e-02   5.7522124e-01
   2.2888237e-02   5.8407080e-01
   2.3409631e-02   5.9292035e-01
   2.3416505e-02   6.0176991e-01
   2.3467644e-02   6.1946903e-01
   2.3746673e-02   6.2831858e-01
   2.3947165e-02   6.3716814e-01
   2.4252290e-02   6.4601770e-01
   2.5402888e-02   6.5486726e-01
   2.5432192e-02   6.6371681e-01
   2.5918283e-02   6.7256637e-01
   2.6305152e-02   6.8141593e-01
   2.6609312e-02   6.9026549e-01
   2.6938916e-02   6.9911504e-01
   2.6965896e-02   7.0796460e-01
   2.7988717e-02   7.1681416e-01
   2.9012298e-02   7.2566372e-01
   3.0040028e-02   7.3451327e-01
   3.0069573e-02   7.4336283e-01
   3.7551830e-02   7.5221239e-01
   3.7774334e-02   7.6106195e-01
   3.8081780e-02   7.6991150e-01
   3.9777753e-02   7.7876106e-01
   4.3456511e-02   7.8761062e-01
   4.7136915e-02   7.9646018e-01
   5.5613740e-02   8.0530973e-01
   5.6547180e-02   8.1415929e-01
   6.8884630e-02   8.2300885e-01
   6.9195804e-02   8.3185841e-01
   7.4208588e-02   8.4070796e-01
   8.2408648e-02   8.4955752e-01
   8.5127377e-02   8.5840708e-01
   9.4641283e-02   8.6725664e-01
   9.8189879e-02   8.7610619e-01
   1.0818208e-01   8.8495575e-01
   1.1357594e-01   8.9380531e-01
   1.1762905e-01   9.0265487e-01
   1.2983805e-01   9.1150442e-01
   1.4646479e-01   9.2035398e-01
   1.7449527e-01   9.2920354e-01
   1.7895754e-01   9.3805310e-01
   1.9247324e-01   9.4690265e-01
   1.9504237e-01   9.5575221e-01
   2.2723531e-01   9.6460177e-01
   2.3336515e-01   9.7345133e-01
   2.3897775e-01   9.8230088e-01
   2.4340589e-01   9.9115044e-01
   3.8624196e-01   1.0000000e+00
