   6.2301055e-03   0.0000000e+00
   6.2301055e-03   6.4102564e-03
   8.3127268e-03   1.2820513e-02
   8.6881595e-03   1.9230769e-02
   8.8034836e-03   2.5641026e-02
   8.9432931e-03   3.2051282e-02
   9.4818409e-03   3.8461538e-02
   1.0078358e-02   4.4871795e-02
   1.0197351e-02   5.1282051e-02
   1.0655158e-02   5.7692308e-02
   1.0920171e-02   6.4102564e-02
   1.1533399e-02   7.0512821e-02
   1.1833108e-02   7.6923077e-02
   1.1859492e-02   8.3333333e-02
   1.2014781e-02   8.9743590e-02
   1.2132920e-02   9.6153846e-02
   1.2141893e-02   1.0256410e-01
   1.2263949e-02   1.0897436e-01
   1.2367649e-02   1.1538462e-01
   1.2499714e-02   1.2179487e-01
   1.2761114e-02   1.2820513e-01
   1.3012513e-02   1.3461538e-01
   1.3055302e-02   1.4102564e-01
   1.3728612e-02   1.4743590e-01
   1.4276351e-02   1.5384615e-01
   1.4397005e-02   1.6025641e-01
   1.4426240e-02   1.6666667e-01
   1.5244144e-02   1.7307692e-01
   1.5389867e-02   1.7948718e-01
   1.5891217e-02   1.8589744e-01
   1.6033715e-02   1.9230769e-01
   1.6903102e-02   1.9871795e-01
   1.7181267e-02   2.1153846e-01
   1.7290844e-02   2.1794872e-01
   1.7329332e-02   2.2435897e-01
   1.7758350e-02   2.3076923e-01
   1.8432507e-02   2.3717949e-01
   1.8496403e-02   2.4358974e-01
   1.8914768e-02   2.5000000e-01
   1.8926897e-02   2.5641026e-01
   1.8932649e-02   2.6282051e-01
   1.9009004e-02   2.6923077e-01
   1.9079200e-02   2.7564103e-01
   1.9814450e-02   2.8205128e-01
   2.0204966e-02   2.8846154e-01
   2.0435673e-02   2.9487179e-01
   2.0722545e-02   3.0128205e-01
   2.0822910e-02   3.0769231e-01
   2.1029882e-02   3.1410256e-01
   2.1234710e-02   3.2051282e-01
   2.1464355e-02   3.2692308e-01
   2.1588462e-02   3.3333333e-01
   2.2323334e-02   3.3974359e-01
   2.2556268e-02   3.4615385e-01
   2.3335639e-02   3.5256410e-01
   2.3515251e-02   3.5897436e-01
   2.5092841e-02   3.6538462e-01
   2.5790620e-02   3.7179487e-01
   2.6226201e-02   3.7820513e-01
   2.6618472e-02   3.8461538e-01
   2.6663781e-02   3.9102564e-01
   2.7576183e-02   3.9743590e-01
   2.7952413e-02   4.0384615e-01
   2.8133610e-02   4.1025641e-01
   2.8852850e-02   4.1666667e-01
   2.9123805e-02   4.2307692e-01
   2.9739197e-02   4.2948718e-01
   2.9742351e-02   4.3589744e-01
   2.9893267e-02   4.4230769e-01
   3.0234507e-02   4.4871795e-01
   3.1600262e-02   4.5512821e-01
   3.3034998e-02   4.6153846e-01
   3.3269416e-02   4.6794872e-01
   3.3309934e-02   4.7435897e-01
   3.3576287e-02   4.8076923e-01
   3.4152650e-02   4.8717949e-01
   3.4487018e-02   4.9358974e-01
   3.4918603e-02   5.0000000e-01
   3.6252721e-02   5.0641026e-01
   3.7128707e-02   5.1282051e-01
   3.7896897e-02   5.1923077e-01
   4.0875746e-02   5.2564103e-01
   4.0913282e-02   5.3205128e-01
   4.1334596e-02   5.3846154e-01
   4.1861976e-02   5.4487179e-01
   4.2000043e-02   5.5128205e-01
   4.3584275e-02   5.5769231e-01
   4.3719241e-02   5.6410256e-01
   4.4407964e-02   5.7051282e-01
   4.5350910e-02   5.7692308e-01
   4.5774557e-02   5.8333333e-01
   4.7214961e-02   5.8974359e-01
   4.7495484e-02   5.9615385e-01
   4.8822800e-02   6.0256410e-01
   4.9082723e-02   6.0897436e-01
   4.9421029e-02   6.1538462e-01
   5.0419384e-02   6.2179487e-01
   5.2382164e-02   6.2820513e-01
   5.3997932e-02   6.3461538e-01
   5.5883305e-02   6.4102564e-01
   5.8630976e-02   6.4743590e-01
   5.8987259e-02   6.5384615e-01
   6.2769863e-02   6.6025641e-01
   6.5053540e-02   6.6666667e-01
   6.5070574e-02   6.7307692e-01
   6.6283821e-02   6.7948718e-01
   6.8027778e-02   6.8589744e-01
   6.9209373e-02   6.9230769e-01
   7.0139139e-02   6.9871795e-01
   7.0546615e-02   7.0512821e-01
   7.1072098e-02   7.1153846e-01
   7.2489106e-02   7.1794872e-01
   7.3264441e-02   7.2435897e-01
   7.3736961e-02   7.3076923e-01
   7.5118171e-02   7.3717949e-01
   7.5202129e-02   7.4358974e-01
   7.9182603e-02   7.5000000e-01
   8.0391482e-02   7.5641026e-01
   8.5484910e-02   7.6282051e-01
   8.5715794e-02   7.6923077e-01
   8.6869916e-02   7.7564103e-01
   8.7674951e-02   7.8205128e-01
   8.9552587e-02   7.8846154e-01
   9.4576091e-02   7.9487179e-01
   9.5932418e-02   8.0128205e-01
   9.6270545e-02   8.0769231e-01
   1.0118311e-01   8.1410256e-01
   1.0143549e-01   8.2051282e-01
   1.0296743e-01   8.2692308e-01
   1.0518145e-01   8.3333333e-01
   1.0701870e-01   8.3974359e-01
   1.0860613e-01   8.4615385e-01
   1.0927519e-01   8.5256410e-01
   1.1003195e-01   8.5897436e-01
   1.1112323e-01   8.6538462e-01
   1.1147278e-01   8.7179487e-01
   1.1286603e-01   8.7820513e-01
   1.1294730e-01   8.8461538e-01
   1.1895697e-01   8.9102564e-01
   1.2596233e-01   8.9743590e-01
   1.2795159e-01   9.0384615e-01
   1.2852728e-01   9.1025641e-01
   1.3128015e-01   9.1666667e-01
   1.3232173e-01   9.2307692e-01
   1.3544563e-01   9.2948718e-01
   1.4454457e-01   9.3589744e-01
   1.5384022e-01   9.4230769e-01
   1.5627617e-01   9.4871795e-01
   1.6334957e-01   9.5512821e-01
   1.6903252e-01   9.6153846e-01
   1.7396145e-01   9.6794872e-01
   1.8424899e-01   9.7435897e-01
   1.8728396e-01   9.8076923e-01
   2.1038888e-01   9.8717949e-01
   2.3993164e-01   9.9358974e-01
   2.5472838e-01   1.0000000e+00
