   2.1672000e-03   0.0000000e+00
   2.1672000e-03   3.3333333e-04
   3.0336000e-03   1.0000000e-03
   3.4672000e-03   3.3333333e-03
   3.9000000e-03   8.3333333e-03
   4.3336000e-03   1.3333333e-02
   4.7672000e-03   3.1333333e-02
   5.2008000e-03   4.9333333e-02
   5.6336000e-03   7.8000000e-02
   6.0672000e-03   1.0700000e-01
   6.5008000e-03   1.4033333e-01
   6.9336000e-03   1.9000000e-01
   7.3672000e-03   2.5200000e-01
   7.8008000e-03   2.9066667e-01
   8.2336000e-03   3.3533333e-01
   8.6672000e-03   3.8133333e-01
   9.1008000e-03   4.2400000e-01
   9.5344000e-03   4.4766667e-01
   9.9672000e-03   4.9400000e-01
   1.0400800e-02   5.1666667e-01
   1.0834400e-02   5.3900000e-01
   1.1267200e-02   5.8300000e-01
   1.1700800e-02   5.9800000e-01
   1.2134400e-02   6.2300000e-01
   1.2568000e-02   6.5566667e-01
   1.3000800e-02   6.7600000e-01
   1.3434400e-02   6.9733333e-01
   1.3868000e-02   7.2366667e-01
   1.4301600e-02   7.3700000e-01
   1.4734400e-02   7.5300000e-01
   1.5168000e-02   7.7166667e-01
   1.5601600e-02   7.8866667e-01
   1.6034400e-02   8.0333333e-01
   1.6468000e-02   8.1633333e-01
   1.6901600e-02   8.2800000e-01
   1.7335200e-02   8.3800000e-01
   1.7768000e-02   8.4500000e-01
   1.8201600e-02   8.5400000e-01
   1.8635200e-02   8.6466667e-01
   1.9068000e-02   8.7500000e-01
   1.9501600e-02   8.8300000e-01
   1.9935200e-02   8.9400000e-01
   2.0368800e-02   8.9933333e-01
   2.0801600e-02   9.0333333e-01
   2.1235200e-02   9.1566667e-01
   2.1668800e-02   9.2000000e-01
   2.2101600e-02   9.2333333e-01
   2.2535200e-02   9.3100000e-01
   2.2968800e-02   9.3333333e-01
   2.3401600e-02   9.3633333e-01
   2.3835200e-02   9.4033333e-01
   2.4268800e-02   9.4300000e-01
   2.4702400e-02   9.4466667e-01
   2.5135200e-02   9.4933333e-01
   2.5568800e-02   9.5066667e-01
   2.6002400e-02   9.5333333e-01
   2.6435200e-02   9.5533333e-01
   2.6868800e-02   9.5766667e-01
   2.7302400e-02   9.5900000e-01
   2.7736000e-02   9.6133333e-01
   2.8168800e-02   9.6366667e-01
   2.8602400e-02   9.6433333e-01
   2.9468800e-02   9.6566667e-01
   2.9902400e-02   9.6733333e-01
   3.0336000e-02   9.6833333e-01
   3.0769600e-02   9.6966667e-01
   3.1202400e-02   9.7200000e-01
   3.1636000e-02   9.7333333e-01
   3.2069600e-02   9.7433333e-01
   3.2502400e-02   9.7566667e-01
   3.2936000e-02   9.7600000e-01
   3.3369600e-02   9.7666667e-01
   3.3802400e-02   9.7833333e-01
   3.4236000e-02   9.8066667e-01
   3.4669600e-02   9.8333333e-01
   3.5103200e-02   9.8566667e-01
   3.5536000e-02   9.8766667e-01
   3.5969600e-02   9.8900000e-01
   3.6403200e-02   9.9000000e-01
   3.6836800e-02   9.9166667e-01
   3.7269600e-02   9.9300000e-01
   3.7703200e-02   9.9333333e-01
   3.8136800e-02   9.9366667e-01
   3.8569600e-02   9.9400000e-01
   3.9003200e-02   9.9433333e-01
   3.9436800e-02   9.9466667e-01
   4.0303200e-02   9.9533333e-01
   4.2470400e-02   9.9633333e-01
   4.3770400e-02   9.9666667e-01
   4.5504000e-02   9.9700000e-01
   4.7670400e-02   9.9733333e-01
   4.8104000e-02   9.9766667e-01
   4.8970400e-02   9.9800000e-01
   4.9404000e-02   9.9833333e-01
   5.1571200e-02   9.9866667e-01
   5.2437600e-02   9.9900000e-01
   5.4171200e-02   9.9933333e-01
   6.3272000e-02   9.9966667e-01
   6.8472000e-02   1.0000000e+00
