   5.8710698e-03   0.0000000e+00
   5.8710698e-03   2.4509804e-03
   6.7909780e-03   4.9019608e-03
   6.8077615e-03   7.3529412e-03
   7.1263599e-03   9.8039216e-03
   7.3296251e-03   1.2254902e-02
   7.3533198e-03   1.4705882e-02
   7.6106570e-03   1.9607843e-02
   7.8200887e-03   2.2058824e-02
   7.8744060e-03   2.4509804e-02
   8.0470448e-03   2.6960784e-02
   8.2247544e-03   2.9411765e-02
   8.2937392e-03   3.1862745e-02
   8.3784446e-03   3.4313725e-02
   8.4511867e-03   3.6764706e-02
   9.1401373e-03   3.9215686e-02
   9.4182955e-03   4.1666667e-02
   9.7516396e-03   4.4117647e-02
   9.9185723e-03   4.6568627e-02
   9.9194130e-03   4.9019608e-02
   1.0050107e-02   5.1470588e-02
   1.0100247e-02   5.3921569e-02
   1.0350041e-02   5.6372549e-02
   1.0428105e-02   6.1274510e-02
   1.0480182e-02   6.3725490e-02
   1.0650406e-02   6.6176471e-02
   1.0656799e-02   6.8627451e-02
   1.0659133e-02   7.3529412e-02
   1.0666066e-02   7.5980392e-02
   1.0692184e-02   7.8431373e-02
   1.0769951e-02   8.0882353e-02
   1.1193130e-02   8.3333333e-02
   1.1425123e-02   8.5784314e-02
   1.1430430e-02   8.8235294e-02
   1.1610435e-02   9.0686275e-02
   1.1665744e-02   9.3137255e-02
   1.1694839e-02   9.5588235e-02
   1.2082424e-02   9.8039216e-02
   1.2173678e-02   1.0049020e-01
   1.2176633e-02   1.0539216e-01
   1.2197218e-02   1.0784314e-01
   1.2235348e-02   1.1029412e-01
   1.2380957e-02   1.1274510e-01
   1.2591385e-02   1.1519608e-01
   1.2621493e-02   1.1764706e-01
   1.2681760e-02   1.2009804e-01
   1.2703260e-02   1.2254902e-01
   1.2740025e-02   1.2745098e-01
   1.2750010e-02   1.2990196e-01
   1.2880003e-02   1.3235294e-01
   1.2941941e-02   1.3480392e-01
   1.3100119e-02   1.3725490e-01
   1.3189973e-02   1.4215686e-01
   1.3191077e-02   1.4460784e-01
   1.3300966e-02   1.4705882e-01
   1.3316567e-02   1.4950980e-01
   1.3429319e-02   1.5196078e-01
   1.3609071e-02   1.5441176e-01
   1.3693484e-02   1.5686275e-01
   1.3698303e-02   1.5931373e-01
   1.3764693e-02   1.6666667e-01
   1.3825991e-02   1.6911765e-01
   1.3905720e-02   1.7156863e-01
   1.3931952e-02   1.7401961e-01
   1.4013980e-02   1.7892157e-01
   1.4073928e-02   1.8137255e-01
   1.4149683e-02   1.8382353e-01
   1.4231518e-02   1.8627451e-01
   1.4274474e-02   1.8872549e-01
   1.4435086e-02   1.9117647e-01
   1.4476395e-02   1.9362745e-01
   1.4716751e-02   1.9607843e-01
   1.4784256e-02   1.9852941e-01
   1.4844914e-02   2.0098039e-01
   1.5067277e-02   2.0343137e-01
   1.5128838e-02   2.0588235e-01
   1.5134893e-02   2.1078431e-01
   1.5214315e-02   2.1568627e-01
   1.5250478e-02   2.1813725e-01
   1.5256409e-02   2.2058824e-01
   1.5470980e-02   2.2303922e-01
   1.5576858e-02   2.2794118e-01
   1.5576988e-02   2.3039216e-01
   1.5645420e-02   2.3284314e-01
   1.5726607e-02   2.3529412e-01
   1.5730084e-02   2.4019608e-01
   1.5732561e-02   2.4264706e-01
   1.5787847e-02   2.4509804e-01
   1.5890973e-02   2.4754902e-01
   1.5975044e-02   2.5000000e-01
   1.5987828e-02   2.5245098e-01
   1.5998815e-02   2.5735294e-01
   1.6032144e-02   2.5980392e-01
   1.6086704e-02   2.6225490e-01
   1.6190759e-02   2.6470588e-01
   1.6225370e-02   2.6715686e-01
   1.6232267e-02   2.6960784e-01
   1.6240744e-02   2.7205882e-01
   1.6269514e-02   2.7696078e-01
   1.6373447e-02   2.8186275e-01
   1.6400524e-02   2.8431373e-01
   1.6481770e-02   2.8921569e-01
   1.6493168e-02   2.9166667e-01
   1.6544438e-02   2.9411765e-01
   1.6561661e-02   2.9656863e-01
   1.6724712e-02   2.9901961e-01
   1.6749563e-02   3.0147059e-01
   1.6755764e-02   3.1127451e-01
   1.6788817e-02   3.1372549e-01
   1.6823381e-02   3.1617647e-01
   1.7151722e-02   3.1862745e-01
   1.7335910e-02   3.2107843e-01
   1.7392549e-02   3.2598039e-01
   1.7524853e-02   3.3088235e-01
   1.7550776e-02   3.3333333e-01
   1.7560719e-02   3.3823529e-01
   1.7613022e-02   3.4068627e-01
   1.7750664e-02   3.4313725e-01
   1.7901600e-02   3.4558824e-01
   1.7975562e-02   3.4803922e-01
   1.8002984e-02   3.5049020e-01
   1.8008445e-02   3.5294118e-01
   1.8062576e-02   3.5784314e-01
   1.8063099e-02   3.6029412e-01
   1.8125076e-02   3.6274510e-01
   1.8191221e-02   3.6764706e-01
   1.8268976e-02   3.7009804e-01
   1.8276341e-02   3.7254902e-01
   1.8352190e-02   3.7745098e-01
   1.8510353e-02   3.8235294e-01
   1.8550400e-02   3.8480392e-01
   1.8560071e-02   3.8725490e-01
   1.8563093e-02   3.8970588e-01
   1.8671852e-02   3.9215686e-01
   1.8763917e-02   3.9460784e-01
   1.8767719e-02   3.9705882e-01
   1.8835470e-02   3.9950980e-01
   1.8873870e-02   4.0196078e-01
   1.9017851e-02   4.0441176e-01
   1.9029129e-02   4.0686275e-01
   1.9145072e-02   4.0931373e-01
   1.9165843e-02   4.1176471e-01
   1.9209937e-02   4.1421569e-01
   1.9279198e-02   4.1666667e-01
   1.9486097e-02   4.1911765e-01
   1.9502775e-02   4.2401961e-01
   1.9525468e-02   4.2647059e-01
   1.9540702e-02   4.3382353e-01
   1.9563431e-02   4.3627451e-01
   1.9720454e-02   4.3872549e-01
   1.9784669e-02   4.4117647e-01
   1.9880615e-02   4.4362745e-01
   1.9888659e-02   4.4607843e-01
   2.0032813e-02   4.4852941e-01
   2.0046546e-02   4.5098039e-01
   2.0095851e-02   4.5343137e-01
   2.0109355e-02   4.5588235e-01
   2.0117236e-02   4.5833333e-01
   2.0160602e-02   4.6078431e-01
   2.0228738e-02   4.6323529e-01
   2.0359096e-02   4.6568627e-01
   2.0383111e-02   4.6813725e-01
   2.0396453e-02   4.7058824e-01
   2.0616672e-02   4.7303922e-01
   2.0658888e-02   4.7549020e-01
   2.0673763e-02   4.8039216e-01
   2.0699608e-02   4.8284314e-01
   2.0739202e-02   4.8529412e-01
   2.0796242e-02   4.8774510e-01
   2.0800800e-02   4.9019608e-01
   2.0807068e-02   4.9264706e-01
   2.0830642e-02   4.9509804e-01
   2.0855842e-02   4.9754902e-01
   2.0959842e-02   5.0245098e-01
   2.1112623e-02   5.0490196e-01
   2.1317139e-02   5.0735294e-01
   2.1331568e-02   5.0980392e-01
   2.1357989e-02   5.1225490e-01
   2.1539394e-02   5.1470588e-01
   2.1552915e-02   5.1715686e-01
   2.1683325e-02   5.1960784e-01
   2.1757686e-02   5.2205882e-01
   2.1807204e-02   5.2450980e-01
   2.1808558e-02   5.2696078e-01
   2.1819840e-02   5.2941176e-01
   2.1821825e-02   5.3186275e-01
   2.1875119e-02   5.3431373e-01
   2.1950967e-02   5.3676471e-01
   2.2065600e-02   5.3921569e-01
   2.2149039e-02   5.4166667e-01
   2.2156886e-02   5.4411765e-01
   2.2315370e-02   5.4901961e-01
   2.2326334e-02   5.5147059e-01
   2.2350034e-02   5.5392157e-01
   2.2567547e-02   5.5882353e-01
   2.2572316e-02   5.6127451e-01
   2.2591496e-02   5.6617647e-01
   2.2678524e-02   5.6862745e-01
   2.2729782e-02   5.7107843e-01
   2.2851154e-02   5.7352941e-01
   2.3100494e-02   5.7598039e-01
   2.3130201e-02   5.7843137e-01
   2.3131075e-02   5.8088235e-01
   2.3146904e-02   5.8333333e-01
   2.3157827e-02   5.8578431e-01
   2.3219771e-02   5.8823529e-01
   2.3286153e-02   5.9068627e-01
   2.3330903e-02   5.9313725e-01
   2.3368596e-02   5.9558824e-01
   2.3451120e-02   5.9803922e-01
   2.3484092e-02   6.0049020e-01
   2.3646840e-02   6.0539216e-01
   2.3670276e-02   6.0784314e-01
   2.3732849e-02   6.1029412e-01
   2.3838798e-02   6.1274510e-01
   2.3852915e-02   6.1519608e-01
   2.3869209e-02   6.1764706e-01
   2.4002766e-02   6.2009804e-01
   2.4098687e-02   6.2254902e-01
   2.4118589e-02   6.2500000e-01
   2.4164350e-02   6.2990196e-01
   2.4242601e-02   6.3235294e-01
   2.4305192e-02   6.3480392e-01
   2.4431677e-02   6.3725490e-01
   2.4480599e-02   6.3970588e-01
   2.4555585e-02   6.4215686e-01
   2.4582116e-02   6.4460784e-01
   2.4674396e-02   6.4705882e-01
   2.4704771e-02   6.4950980e-01
   2.4711758e-02   6.5196078e-01
   2.4733659e-02   6.5441176e-01
   2.4849600e-02   6.5686275e-01
   2.5037088e-02   6.5931373e-01
   2.5063202e-02   6.6176471e-01
   2.5104457e-02   6.6421569e-01
   2.5181968e-02   6.6911765e-01
   2.5214756e-02   6.7156863e-01
   2.5375195e-02   6.7401961e-01
   2.5399750e-02   6.7647059e-01
   2.5672842e-02   6.7892157e-01
   2.5833828e-02   6.8137255e-01
   2.5867040e-02   6.8382353e-01
   2.5874306e-02   6.8627451e-01
   2.5905676e-02   6.8872549e-01
   2.6120241e-02   6.9117647e-01
   2.6132716e-02   6.9362745e-01
   2.6179661e-02   6.9607843e-01
   2.6376882e-02   6.9852941e-01
   2.6414857e-02   7.0098039e-01
   2.6499572e-02   7.0343137e-01
   2.6664318e-02   7.0588235e-01
   2.6879799e-02   7.0833333e-01
   2.6887669e-02   7.1078431e-01
   2.6890364e-02   7.1323529e-01
   2.6979889e-02   7.1568627e-01
   2.6993368e-02   7.1813725e-01
   2.7106782e-02   7.2058824e-01
   2.7513292e-02   7.2303922e-01
   2.7528850e-02   7.2549020e-01
   2.7642941e-02   7.2794118e-01
   2.7654860e-02   7.3039216e-01
   2.7656476e-02   7.3284314e-01
   2.7726638e-02   7.3529412e-01
   2.7758896e-02   7.3774510e-01
   2.7839035e-02   7.4019608e-01
   2.7863472e-02   7.4264706e-01
   2.7924089e-02   7.4754902e-01
   2.7953027e-02   7.5000000e-01
   2.8099037e-02   7.5245098e-01
   2.8167482e-02   7.5490196e-01
   2.8314305e-02   7.5735294e-01
   2.8412028e-02   7.5980392e-01
   2.8451795e-02   7.6225490e-01
   2.8462480e-02   7.6470588e-01
   2.8604913e-02   7.6715686e-01
   2.8618675e-02   7.6960784e-01
   2.8641405e-02   7.7205882e-01
   2.8655494e-02   7.7450980e-01
   2.8666702e-02   7.7696078e-01
   2.8821842e-02   7.7941176e-01
   2.8919809e-02   7.8186275e-01
   2.9057072e-02   7.8431373e-01
   2.9168474e-02   7.8676471e-01
   2.9253793e-02   7.8921569e-01
   2.9301271e-02   7.9166667e-01
   2.9462474e-02   7.9411765e-01
   2.9470656e-02   7.9656863e-01
   2.9592388e-02   7.9901961e-01
   2.9721882e-02   8.0147059e-01
   2.9757190e-02   8.0392157e-01
   2.9801125e-02   8.0882353e-01
   2.9845006e-02   8.1127451e-01
   3.0028411e-02   8.1372549e-01
   3.0175810e-02   8.1617647e-01
   3.0307707e-02   8.1862745e-01
   3.0451352e-02   8.2107843e-01
   3.0500401e-02   8.2352941e-01
   3.0635671e-02   8.2598039e-01
   3.0975556e-02   8.2843137e-01
   3.1030815e-02   8.3088235e-01
   3.1049459e-02   8.3333333e-01
   3.1209305e-02   8.3578431e-01
   3.1463836e-02   8.3823529e-01
   3.1464549e-02   8.4313725e-01
   3.1519420e-02   8.4558824e-01
   3.1781533e-02   8.4803922e-01
   3.2017107e-02   8.5049020e-01
   3.2093117e-02   8.5294118e-01
   3.2398766e-02   8.5539216e-01
   3.2538473e-02   8.5784314e-01
   3.2623707e-02   8.6029412e-01
   3.2746377e-02   8.6274510e-01
   3.3105665e-02   8.6519608e-01
   3.3314394e-02   8.6764706e-01
   3.3488899e-02   8.7009804e-01
   3.3630963e-02   8.7254902e-01
   3.3702043e-02   8.7500000e-01
   3.3788896e-02   8.7745098e-01
   3.3949628e-02   8.7990196e-01
   3.4016149e-02   8.8235294e-01
   3.4305215e-02   8.8480392e-01
   3.4716720e-02   8.8725490e-01
   3.4809459e-02   8.8970588e-01
   3.4933357e-02   8.9215686e-01
   3.5045534e-02   8.9460784e-01
   3.5246941e-02   8.9950980e-01
   3.5442289e-02   9.0196078e-01
   3.5685946e-02   9.0441176e-01
   3.5738020e-02   9.0686275e-01
   3.6099464e-02   9.0931373e-01
   3.7064901e-02   9.1176471e-01
   3.7135944e-02   9.1421569e-01
   3.7315455e-02   9.1666667e-01
   3.7377903e-02   9.1911765e-01
   3.7409501e-02   9.2156863e-01
   3.7750166e-02   9.2401961e-01
   3.7780481e-02   9.2647059e-01
   3.8352276e-02   9.2892157e-01
   3.8731947e-02   9.3137255e-01
   3.8796382e-02   9.3382353e-01
   3.9590807e-02   9.3627451e-01
   4.0015400e-02   9.3872549e-01
   4.0039572e-02   9.4117647e-01
   4.0618183e-02   9.4362745e-01
   4.0656228e-02   9.4607843e-01
   4.0895179e-02   9.4852941e-01
   4.1418603e-02   9.5098039e-01
   4.1602731e-02   9.5343137e-01
   4.2348906e-02   9.5588235e-01
   4.2713314e-02   9.5833333e-01
   4.2789725e-02   9.6078431e-01
   4.2958367e-02   9.6323529e-01
   4.3140031e-02   9.6568627e-01
   4.3225474e-02   9.6813725e-01
   4.3387633e-02   9.7058824e-01
   4.4814407e-02   9.7303922e-01
   4.4888327e-02   9.7549020e-01
   4.8995486e-02   9.7794118e-01
   4.9159482e-02   9.8039216e-01
   5.2284481e-02   9.8284314e-01
   5.2506353e-02   9.8529412e-01
   5.3503424e-02   9.8774510e-01
   5.5513171e-02   9.9019608e-01
   5.6489465e-02   9.9264706e-01
   5.9744982e-02   9.9509804e-01
   7.3394709e-02   9.9754902e-01
   7.7103763e-02   1.0000000e+00
