   2.1392000e-03   0.0000000e+00
   2.1392000e-03   1.2150668e-03
   2.5672000e-03   2.4301337e-03
   2.9944000e-03   7.2904010e-03
   3.4224000e-03   1.4580802e-02
   3.8504000e-03   2.0656136e-02
   4.2784000e-03   4.2527339e-02
   4.7056000e-03   6.3183475e-02
   5.1336000e-03   9.5990279e-02
   5.5616000e-03   1.3365735e-01
   5.9896000e-03   1.6403402e-01
   6.4168000e-03   2.1871203e-01
   6.8448000e-03   2.6123937e-01
   7.2728000e-03   2.8918591e-01
   7.7008000e-03   3.3292831e-01
   8.1280000e-03   3.8517618e-01
   8.5560000e-03   4.1190765e-01
   8.9840000e-03   4.3742406e-01
   9.4120000e-03   4.6172539e-01
   9.8392000e-03   4.9210207e-01
   1.0267200e-02   5.1640340e-01
   1.0695200e-02   5.3705954e-01
   1.1123200e-02   5.5528554e-01
   1.1550400e-02   5.7594168e-01
   1.1978400e-02   5.8687728e-01
   1.2406400e-02   6.0388821e-01
   1.2834400e-02   6.1482382e-01
   1.3261600e-02   6.2818955e-01
   1.3689600e-02   6.4763062e-01
   1.4117600e-02   6.6099635e-01
   1.4545600e-02   6.7436209e-01
   1.4973600e-02   6.9015796e-01
   1.5400800e-02   6.9623329e-01
   1.5828800e-02   7.0109356e-01
   1.6256800e-02   7.2296476e-01
   1.6684800e-02   7.3025516e-01
   1.7112000e-02   7.3511543e-01
   1.7540000e-02   7.4483597e-01
   1.7968000e-02   7.4969623e-01
   1.8396000e-02   7.5698663e-01
   1.8823200e-02   7.5941677e-01
   1.9251200e-02   7.6792224e-01
   1.9679200e-02   7.7399757e-01
   2.0107200e-02   7.7885784e-01
   2.0534400e-02   7.8857837e-01
   2.0962400e-02   7.9586877e-01
   2.1390400e-02   8.0680437e-01
   2.1818400e-02   8.1409478e-01
   2.2245600e-02   8.1530984e-01
   2.2673600e-02   8.2381531e-01
   2.3101600e-02   8.2746051e-01
   2.3529600e-02   8.3353584e-01
   2.3957600e-02   8.3839611e-01
   2.4384800e-02   8.4568651e-01
   2.4812800e-02   8.5419198e-01
   2.5240800e-02   8.5905225e-01
   2.5668800e-02   8.6026731e-01
   2.6096000e-02   8.6391252e-01
   2.6524000e-02   8.7120292e-01
   2.6952000e-02   8.7484812e-01
   2.7380000e-02   8.7727825e-01
   2.7807200e-02   8.7970838e-01
   2.8235200e-02   8.8092345e-01
   2.8663200e-02   8.8213852e-01
   2.9518400e-02   8.8456865e-01
   2.9946400e-02   8.8578372e-01
   3.0802400e-02   8.8821385e-01
   3.1229600e-02   8.8942892e-01
   3.1657600e-02   8.9064399e-01
   3.2085600e-02   8.9185905e-01
   3.2513600e-02   8.9550425e-01
   3.2940800e-02   8.9671932e-01
   3.3368800e-02   9.0036452e-01
   3.3796800e-02   9.0157959e-01
   3.4224800e-02   9.0400972e-01
   3.4652000e-02   9.0522479e-01
   3.5080000e-02   9.1130012e-01
   3.5508000e-02   9.1494532e-01
   3.5936000e-02   9.1980559e-01
   3.6364000e-02   9.2102066e-01
   3.6791200e-02   9.2345079e-01
   3.7647200e-02   9.2466586e-01
   3.8502400e-02   9.2709599e-01
   3.8930400e-02   9.2952612e-01
   3.9786400e-02   9.3074119e-01
   4.0213600e-02   9.3317132e-01
   4.0641600e-02   9.3438639e-01
   4.1069600e-02   9.3560146e-01
   4.1497600e-02   9.3803159e-01
   4.2352800e-02   9.3924666e-01
   4.4064000e-02   9.4167679e-01
   4.4920000e-02   9.4775213e-01
   4.5347200e-02   9.4896719e-01
   4.5775200e-02   9.5018226e-01
   4.6631200e-02   9.5139733e-01
   4.7059200e-02   9.5504253e-01
   4.8770400e-02   9.5625759e-01
   5.0908800e-02   9.5868773e-01
   5.1336800e-02   9.5990279e-01
   5.2192800e-02   9.6111786e-01
   5.2620000e-02   9.6233293e-01
   5.4331200e-02   9.6354800e-01
   5.4759200e-02   9.6476306e-01
   5.6898400e-02   9.6597813e-01
   5.7326400e-02   9.6719320e-01
   5.9465600e-02   9.6962333e-01
   6.1604000e-02   9.7083840e-01
   6.2460000e-02   9.7205346e-01
   6.3315200e-02   9.7326853e-01
   6.6310400e-02   9.7448360e-01
   6.7593600e-02   9.7569866e-01
   7.0160800e-02   9.7812880e-01
   7.1444000e-02   9.7934386e-01
   7.1872000e-02   9.8055893e-01
   7.3155200e-02   9.8177400e-01
   7.3583200e-02   9.8298906e-01
   7.4010400e-02   9.8420413e-01
   7.4438400e-02   9.8541920e-01
   7.4866400e-02   9.8663426e-01
   7.6149600e-02   9.8784933e-01
   8.1711200e-02   9.8906440e-01
   8.5989600e-02   9.9027947e-01
   8.6844800e-02   9.9149453e-01
   9.3689600e-02   9.9270960e-01
   9.7112000e-02   9.9392467e-01
   1.1080240e-01   9.9513973e-01
   1.5358320e-01   9.9635480e-01
   1.5700560e-01   9.9756987e-01
   1.8524080e-01   9.9878493e-01
   2.9946560e-01   1.0000000e+00
