   2.2920000e-03   0.0000000e+00
   2.2920000e-03   4.2390844e-04
   2.6744000e-03   8.4781687e-04
   3.4384000e-03   1.6956337e-03
   3.8208000e-03   2.5434506e-03
   4.2024000e-03   6.3586265e-03
   4.5848000e-03   1.1021619e-02
   4.9664000e-03   1.7804154e-02
   5.3488000e-03   4.4086477e-02
   5.7304000e-03   6.4434082e-02
   6.1128000e-03   1.0724883e-01
   6.4944000e-03   1.4497669e-01
   6.8768000e-03   2.0601950e-01
   7.2592000e-03   2.5392115e-01
   7.6408000e-03   2.9376855e-01
   8.0232000e-03   3.7727851e-01
   8.4048000e-03   4.1585418e-01
   8.7872000e-03   4.7350572e-01
   9.1688000e-03   5.0953794e-01
   9.5512000e-03   5.6252649e-01
   9.9328000e-03   5.9389572e-01
   1.0315200e-02   6.2229758e-01
   1.0696800e-02   6.6044934e-01
   1.1079200e-02   6.7655786e-01
   1.1461600e-02   7.0538364e-01
   1.1843200e-02   7.2318779e-01
   1.2225600e-02   7.5116575e-01
   1.2607200e-02   7.6939381e-01
   1.2989600e-02   7.9016532e-01
   1.3371200e-02   8.0881730e-01
   1.3753600e-02   8.2534972e-01
   1.4136000e-02   8.3806698e-01
   1.4517600e-02   8.4781687e-01
   1.4900000e-02   8.6646884e-01
   1.5281600e-02   8.7367529e-01
   1.5664000e-02   8.8342518e-01
   1.6045600e-02   8.9232726e-01
   1.6428000e-02   9.0122933e-01
   1.6809600e-02   9.0674014e-01
   1.7192000e-02   9.1352268e-01
   1.7574400e-02   9.2200085e-01
   1.7956000e-02   9.2835947e-01
   1.8338400e-02   9.3217465e-01
   1.8720000e-02   9.3938109e-01
   1.9102400e-02   9.4616363e-01
   1.9484000e-02   9.4913099e-01
   1.9866400e-02   9.5421789e-01
   2.0248000e-02   9.5972870e-01
   2.0630400e-02   9.6311997e-01
   2.1012800e-02   9.6396778e-01
   2.1394400e-02   9.6863078e-01
   2.1776800e-02   9.7286986e-01
   2.2158400e-02   9.7414159e-01
   2.2540800e-02   9.7541331e-01
   2.2922400e-02   9.7838067e-01
   2.3304800e-02   9.7965240e-01
   2.3686400e-02   9.8177194e-01
   2.4068800e-02   9.8219585e-01
   2.4451200e-02   9.8516320e-01
   2.4832800e-02   9.8643493e-01
   2.5215200e-02   9.8685884e-01
   2.5596800e-02   9.8855447e-01
   2.5979200e-02   9.8940229e-01
   2.6743200e-02   9.8982620e-01
   2.7888800e-02   9.9067401e-01
   2.8271200e-02   9.9109792e-01
   2.8653600e-02   9.9236965e-01
   2.9417600e-02   9.9279356e-01
   2.9799200e-02   9.9364137e-01
   3.0945600e-02   9.9406528e-01
   3.1709600e-02   9.9448919e-01
   3.2473600e-02   9.9491310e-01
   3.3237600e-02   9.9533701e-01
   3.4384000e-02   9.9576092e-01
   3.4766400e-02   9.9618482e-01
   3.7440000e-02   9.9788046e-01
   3.9350400e-02   9.9830437e-01
   4.8520000e-02   9.9915218e-01
   5.0812000e-02   9.9957609e-01
   5.6160800e-02   1.0000000e+00
