   7.1742987e-03   0.0000000e+00
   7.1742987e-03   2.6315789e-02
   9.2726875e-03   5.2631579e-02
   9.5793522e-03   7.8947368e-02
   1.1910406e-02   1.0526316e-01
   1.2175002e-02   1.3157895e-01
   1.2231525e-02   1.5789474e-01
   1.2498735e-02   1.8421053e-01
   1.4007190e-02   2.1052632e-01
   1.5360238e-02   2.3684211e-01
   1.5643998e-02   2.6315789e-01
   1.5854131e-02   2.8947368e-01
   1.5984064e-02   3.1578947e-01
   1.6183819e-02   3.4210526e-01
   1.6289963e-02   3.6842105e-01
   1.6647789e-02   3.9473684e-01
   1.8346344e-02   4.2105263e-01
   1.9304625e-02   4.4736842e-01
   2.0090177e-02   4.7368421e-01
   2.0805957e-02   5.0000000e-01
   2.0994172e-02   5.5263158e-01
   2.1474670e-02   5.7894737e-01
   2.3264413e-02   6.0526316e-01
   2.6375194e-02   6.3157895e-01
   2.7511386e-02   6.5789474e-01
   2.8981142e-02   6.8421053e-01
   3.2139321e-02   7.1052632e-01
   3.5074536e-02   7.3684211e-01
   3.7645580e-02   7.6315789e-01
   4.1715246e-02   7.8947368e-01
   4.1810238e-02   8.1578947e-01
   5.6079145e-02   8.4210526e-01
   6.0831545e-02   8.6842105e-01
   6.0872586e-02   8.9473684e-01
   6.9441828e-02   9.2105263e-01
   9.8434997e-02   9.4736842e-01
   1.4778386e-01   9.7368421e-01
   1.5584518e-01   1.0000000e+00
