   7.3360000e-03   0.0000000e+00
   7.3360000e-03   1.1111111e-02
   9.4320000e-03   2.2222222e-02
   1.0829600e-02   4.4444444e-02
   1.2576000e-02   6.6666667e-02
   1.3624800e-02   8.8888889e-02
   1.4323200e-02   1.0000000e-01
   1.4672800e-02   1.1111111e-01
   1.6069600e-02   1.3333333e-01
   1.7467200e-02   1.4444444e-01
   1.8515200e-02   1.6666667e-01
   1.9214400e-02   1.7777778e-01
   2.1659200e-02   2.0000000e-01
   2.2358400e-02   2.1111111e-01
   2.2707200e-02   2.2222222e-01
   2.4104800e-02   2.3333333e-01
   2.5152800e-02   2.5555556e-01
   2.5851200e-02   2.6666667e-01
   2.7248800e-02   2.8888889e-01
   2.7948000e-02   3.0000000e-01
   2.8646400e-02   3.2222222e-01
   2.9344800e-02   3.3333333e-01
   2.9694400e-02   3.4444444e-01
   3.1092000e-02   3.6666667e-01
   3.1440800e-02   4.0000000e-01
   3.1790400e-02   4.1111111e-01
   3.2140000e-02   4.2222222e-01
   3.3188000e-02   4.5555556e-01
   3.4584800e-02   4.6666667e-01
   3.4934400e-02   4.7777778e-01
   3.5632800e-02   4.8888889e-01
   3.6681600e-02   5.0000000e-01
   3.7030400e-02   5.1111111e-01
   3.9476000e-02   5.2222222e-01
   3.9825600e-02   5.3333333e-01
   4.2270400e-02   5.4444444e-01
   4.2620000e-02   5.5555556e-01
   4.2969600e-02   5.7777778e-01
   4.4367200e-02   5.8888889e-01
   4.5065600e-02   6.0000000e-01
   4.5415200e-02   6.1111111e-01
   4.6463200e-02   6.2222222e-01
   4.6812000e-02   6.3333333e-01
   4.7860000e-02   6.4444444e-01
   4.9257600e-02   6.5555556e-01
   4.9607200e-02   6.7777778e-01
   5.0305600e-02   6.8888889e-01
   5.2401600e-02   7.0000000e-01
   5.3100800e-02   7.1111111e-01
   5.5895200e-02   7.3333333e-01
   5.6244800e-02   7.4444444e-01
   5.8689600e-02   7.5555556e-01
   6.0087200e-02   7.7777778e-01
   6.0436800e-02   7.8888889e-01
   6.1484800e-02   8.0000000e-01
   6.6724800e-02   8.1111111e-01
   6.7772800e-02   8.2222222e-01
   6.8471200e-02   8.3333333e-01
   7.0916800e-02   8.4444444e-01
   7.1964800e-02   8.5555556e-01
   7.2664000e-02   8.6666667e-01
   7.9301600e-02   8.7777778e-01
   8.0698400e-02   8.8888889e-01
   8.1048000e-02   9.0000000e-01
   8.1746400e-02   9.1111111e-01
   8.7685600e-02   9.2222222e-01
   8.8733600e-02   9.3333333e-01
   1.1004400e-01   9.4444444e-01
   1.2995600e-01   9.5555556e-01
   1.3310080e-01   9.6666667e-01
   1.7257680e-01   9.7777778e-01
   1.7641920e-01   9.8888889e-01
   1.8061120e-01   1.0000000e+00
