   6.9230561e-03   0.0000000e+00
   6.9230561e-03   7.9365079e-03
   8.0869594e-03   1.5873016e-02
   8.1369938e-03   2.3809524e-02
   8.2265136e-03   3.1746032e-02
   8.3654798e-03   3.9682540e-02
   9.0213471e-03   4.7619048e-02
   9.2702449e-03   5.5555556e-02
   9.2718414e-03   6.3492063e-02
   9.4483941e-03   7.1428571e-02
   9.5354781e-03   7.9365079e-02
   1.0095704e-02   9.5238095e-02
   1.0325606e-02   1.0317460e-01
   1.0391505e-02   1.1111111e-01
   1.0984645e-02   1.2698413e-01
   1.1008217e-02   1.3492063e-01
   1.1077278e-02   1.4285714e-01
   1.1079877e-02   1.5079365e-01
   1.1251084e-02   1.5873016e-01
   1.1328849e-02   1.6666667e-01
   1.1573381e-02   1.7460317e-01
   1.1588115e-02   1.8253968e-01
   1.1655821e-02   1.9047619e-01
   1.2127738e-02   1.9841270e-01
   1.2233592e-02   2.0634921e-01
   1.2328978e-02   2.1428571e-01
   1.2406530e-02   2.2222222e-01
   1.2407179e-02   2.3015873e-01
   1.2807107e-02   2.3809524e-01
   1.2905829e-02   2.4603175e-01
   1.3006035e-02   2.5396825e-01
   1.3012883e-02   2.6190476e-01
   1.3278514e-02   2.6984127e-01
   1.3284616e-02   2.7777778e-01
   1.3938346e-02   2.8571429e-01
   1.3971241e-02   2.9365079e-01
   1.4152333e-02   3.0158730e-01
   1.4244299e-02   3.0952381e-01
   1.4442816e-02   3.1746032e-01
   1.5134394e-02   3.2539683e-01
   1.5452625e-02   3.3333333e-01
   1.5578734e-02   3.4126984e-01
   1.5600715e-02   3.4920635e-01
   1.6037638e-02   3.5714286e-01
   1.6371333e-02   3.7301587e-01
   1.6488142e-02   3.8095238e-01
   1.6723081e-02   3.8888889e-01
   1.6879792e-02   3.9682540e-01
   1.6903533e-02   4.0476190e-01
   1.7093782e-02   4.1269841e-01
   1.7354506e-02   4.2063492e-01
   1.7926557e-02   4.2857143e-01
   1.8043352e-02   4.3650794e-01
   1.8174054e-02   4.4444444e-01
   1.8226418e-02   4.5238095e-01
   1.8441444e-02   4.6031746e-01
   1.8549712e-02   4.6825397e-01
   1.8751671e-02   4.7619048e-01
   1.9045915e-02   4.8412698e-01
   1.9720398e-02   4.9206349e-01
   1.9935771e-02   5.0000000e-01
   2.0058734e-02   5.0793651e-01
   2.0772124e-02   5.1587302e-01
   2.0825857e-02   5.2380952e-01
   2.0858360e-02   5.3174603e-01
   2.1134483e-02   5.3968254e-01
   2.1343175e-02   5.4761905e-01
   2.2017564e-02   5.5555556e-01
   2.2242811e-02   5.6349206e-01
   2.2245840e-02   5.7142857e-01
   2.2585200e-02   5.7936508e-01
   2.2727985e-02   5.8730159e-01
   2.2912474e-02   5.9523810e-01
   2.3088305e-02   6.0317460e-01
   2.3129517e-02   6.1111111e-01
   2.3844070e-02   6.1904762e-01
   2.4894056e-02   6.2698413e-01
   2.5485292e-02   6.3492063e-01
   2.5684398e-02   6.4285714e-01
   2.5689563e-02   6.5079365e-01
   2.6966414e-02   6.5873016e-01
   2.7034230e-02   6.6666667e-01
   2.7599742e-02   6.7460317e-01
   2.7692852e-02   6.8253968e-01
   2.8147349e-02   6.9047619e-01
   2.8573163e-02   6.9841270e-01
   2.8742610e-02   7.0634921e-01
   2.9451866e-02   7.1428571e-01
   2.9525811e-02   7.2222222e-01
   2.9722414e-02   7.3015873e-01
   3.1443341e-02   7.3809524e-01
   3.2145780e-02   7.4603175e-01
   3.2374357e-02   7.5396825e-01
   3.3222483e-02   7.6190476e-01
   3.3830679e-02   7.6984127e-01
   3.5607177e-02   7.7777778e-01
   3.5947334e-02   7.8571429e-01
   3.8366829e-02   7.9365079e-01
   3.9978747e-02   8.0158730e-01
   4.1726996e-02   8.0952381e-01
   4.2826594e-02   8.1746032e-01
   4.9970156e-02   8.2539683e-01
   5.6454620e-02   8.3333333e-01
   5.7576118e-02   8.4126984e-01
   5.9344530e-02   8.4920635e-01
   5.9843625e-02   8.5714286e-01
   6.7838640e-02   8.6507937e-01
   6.9529676e-02   8.7301587e-01
   7.2995475e-02   8.8095238e-01
   7.8692107e-02   8.8888889e-01
   8.6302873e-02   8.9682540e-01
   8.9582817e-02   9.0476190e-01
   9.2238417e-02   9.1269841e-01
   9.4456883e-02   9.2063492e-01
   9.4735852e-02   9.2857143e-01
   9.9058108e-02   9.3650794e-01
   1.0681475e-01   9.4444444e-01
   1.1658167e-01   9.5238095e-01
   1.4186283e-01   9.6031746e-01
   1.5127161e-01   9.6825397e-01
   1.6344351e-01   9.7619048e-01
   2.0010103e-01   9.8412698e-01
   2.1649703e-01   9.9206349e-01
   2.5209236e-01   1.0000000e+00
