   3.2864000e-03   0.0000000e+00
   3.2864000e-03   2.0040080e-03
   3.7560000e-03   4.0080160e-03
   4.2256000e-03   8.0160321e-03
   4.6952000e-03   1.4028056e-02
   5.1640000e-03   3.2064128e-02
   5.6336000e-03   6.0120240e-02
   6.1032000e-03   8.6172345e-02
   6.5728000e-03   1.1623246e-01
   7.0424000e-03   1.5030060e-01
   7.5120000e-03   1.9438878e-01
   7.9816000e-03   2.2845691e-01
   8.4504000e-03   2.8056112e-01
   8.9200000e-03   3.3466934e-01
   9.3896000e-03   3.7074148e-01
   9.8592000e-03   3.9679359e-01
   1.0328800e-02   4.2885772e-01
   1.0798400e-02   4.4488978e-01
   1.1267200e-02   4.7494990e-01
   1.1736800e-02   5.0501002e-01
   1.2206400e-02   5.2505010e-01
   1.2676000e-02   5.4108216e-01
   1.3145600e-02   5.7114228e-01
   1.3615200e-02   5.9919840e-01
   1.4084800e-02   6.2124248e-01
   1.4554400e-02   6.4729459e-01
   1.5023200e-02   6.7134269e-01
   1.5492800e-02   6.8136273e-01
   1.5962400e-02   6.9539078e-01
   1.6432000e-02   7.1142285e-01
   1.6901600e-02   7.1943888e-01
   1.7371200e-02   7.2144289e-01
   1.7840800e-02   7.2745491e-01
   1.8309600e-02   7.3747495e-01
   1.8779200e-02   7.4348697e-01
   1.9248800e-02   7.5150301e-01
   1.9718400e-02   7.5951904e-01
   2.0188000e-02   7.6553106e-01
   2.0657600e-02   7.7154309e-01
   2.1127200e-02   7.7555110e-01
   2.1596000e-02   7.7755511e-01
   2.2065600e-02   7.8557114e-01
   2.2535200e-02   7.8957916e-01
   2.3474400e-02   7.9759519e-01
   2.3944000e-02   8.0360721e-01
   2.4412800e-02   8.1162325e-01
   2.4882400e-02   8.1963928e-01
   2.5352000e-02   8.3166333e-01
   2.6291200e-02   8.3567134e-01
   2.6760800e-02   8.3967936e-01
   2.7230400e-02   8.4368737e-01
   2.7699200e-02   8.4569138e-01
   2.8168800e-02   8.4969940e-01
   2.8638400e-02   8.5571142e-01
   2.9577600e-02   8.6172345e-01
   3.0985600e-02   8.6573146e-01
   3.1924800e-02   8.6973948e-01
   3.2864000e-02   8.7374749e-01
   3.4272000e-02   8.7775551e-01
   3.4741600e-02   8.7975952e-01
   3.5680800e-02   8.8176353e-01
   3.6150400e-02   8.8577154e-01
   3.6620000e-02   8.8777555e-01
   3.7088800e-02   8.8977956e-01
   3.7558400e-02   8.9178357e-01
   3.8028000e-02   8.9378758e-01
   3.8497600e-02   9.0180361e-01
   3.9906400e-02   9.0380762e-01
   4.1314400e-02   9.0781563e-01
   4.1784000e-02   9.1182365e-01
   4.2723200e-02   9.1583166e-01
   4.4131200e-02   9.1783567e-01
   4.4600800e-02   9.1983968e-01
   4.5540000e-02   9.2184369e-01
   4.6009600e-02   9.2585170e-01
   4.6948000e-02   9.2985972e-01
   4.7887200e-02   9.3186373e-01
   4.8356800e-02   9.3587174e-01
   5.2112800e-02   9.3987976e-01
   5.2582400e-02   9.4188377e-01
   5.3052000e-02   9.4388778e-01
   5.3520800e-02   9.4589178e-01
   5.3990400e-02   9.4789579e-01
   5.4460000e-02   9.5190381e-01
   5.5399200e-02   9.5390782e-01
   5.6337600e-02   9.5591182e-01
   5.6807200e-02   9.5791583e-01
   5.7746400e-02   9.5991984e-01
   5.8216000e-02   9.6192385e-01
   6.1032800e-02   9.6392786e-01
   6.1972000e-02   9.6593186e-01
   6.5728000e-02   9.6793587e-01
   6.8075200e-02   9.6993988e-01
   6.8544800e-02   9.7194389e-01
   7.1361600e-02   9.7394790e-01
   7.7464800e-02   9.7595190e-01
   7.9812000e-02   9.7795591e-01
   8.1220800e-02   9.7995992e-01
   8.1690400e-02   9.8196393e-01
   8.2160000e-02   9.8396794e-01
   8.6854400e-02   9.8597194e-01
   8.7793600e-02   9.8797595e-01
   9.5304800e-02   9.8997996e-01
   1.0000000e-01   9.9198397e-01
   1.0281680e-01   9.9398798e-01
   1.1220640e-01   9.9599198e-01
   1.2629120e-01   9.9799599e-01
   1.4882640e-01   1.0000000e+00
