   4.6432000e-03   0.0000000e+00
   4.6432000e-03   9.8039216e-03
   5.3568000e-03   3.9215686e-02
   5.7144000e-03   4.9019608e-02
   6.0712000e-03   6.8627451e-02
   6.4288000e-03   1.0294118e-01
   6.7856000e-03   1.0784314e-01
   7.1432000e-03   1.2254902e-01
   7.5000000e-03   1.2745098e-01
   7.8568000e-03   1.6176471e-01
   8.2144000e-03   1.7156863e-01
   8.5712000e-03   2.1078431e-01
   8.9288000e-03   2.2058824e-01
   9.2856000e-03   2.4509804e-01
   9.6432000e-03   2.5000000e-01
   1.0000000e-02   2.5980392e-01
   1.0356800e-02   2.8921569e-01
   1.0714400e-02   2.9411765e-01
   1.1071200e-02   3.2843137e-01
   1.1428800e-02   3.4313725e-01
   1.1785600e-02   3.5294118e-01
   1.2143200e-02   3.7745098e-01
   1.3214400e-02   3.9705882e-01
   1.3571200e-02   4.0196078e-01
   1.3928800e-02   4.0686275e-01
   1.4285600e-02   4.2647059e-01
   1.5000000e-02   4.3137255e-01
   1.5356800e-02   4.4117647e-01
   1.5714400e-02   4.5098039e-01
   1.6428800e-02   4.7549020e-01
   1.6785600e-02   4.8039216e-01
   1.7143200e-02   5.0000000e-01
   1.8214400e-02   5.0980392e-01
   1.8571200e-02   5.2450980e-01
   1.9285600e-02   5.2941176e-01
   1.9643200e-02   5.3431373e-01
   2.0356800e-02   5.3921569e-01
   2.1071200e-02   5.4901961e-01
   2.1428800e-02   5.5882353e-01
   2.1785600e-02   5.6372549e-01
   2.2500000e-02   5.7843137e-01
   2.3214400e-02   5.8333333e-01
   2.3571200e-02   5.9803922e-01
   2.4643200e-02   6.0294118e-01
   2.5000000e-02   6.1764706e-01
   2.5356800e-02   6.2254902e-01
   2.5714400e-02   6.3235294e-01
   2.6071200e-02   6.4215686e-01
   2.6785600e-02   6.5196078e-01
   2.7500000e-02   6.5686275e-01
   2.7856800e-02   6.6176471e-01
   2.8214400e-02   6.7156863e-01
   2.8928800e-02   6.7647059e-01
   2.9643200e-02   6.8627451e-01
   3.0356800e-02   6.9117647e-01
   3.0714400e-02   6.9607843e-01
   3.1785600e-02   7.0098039e-01
   3.2143200e-02   7.0588235e-01
   3.2500000e-02   7.1078431e-01
   3.2856800e-02   7.1568627e-01
   3.3571200e-02   7.2058824e-01
   3.3928800e-02   7.3039216e-01
   3.4285600e-02   7.3529412e-01
   3.5356800e-02   7.4019608e-01
   3.6071200e-02   7.5000000e-01
   3.7500000e-02   7.5490196e-01
   3.7856800e-02   7.6470588e-01
   3.8928800e-02   7.6960784e-01
   4.0356800e-02   7.8431373e-01
   4.1428800e-02   7.8921569e-01
   4.1785600e-02   7.9411765e-01
   4.2143200e-02   7.9901961e-01
   4.2500000e-02   8.0392157e-01
   4.2856800e-02   8.0882353e-01
   4.3214400e-02   8.1372549e-01
   4.4643200e-02   8.2352941e-01
   4.5000000e-02   8.3333333e-01
   4.5356800e-02   8.4313725e-01
   4.6071200e-02   8.4803922e-01
   4.6785600e-02   8.5784314e-01
   4.7143200e-02   8.6274510e-01
   4.7856800e-02   8.6764706e-01
   4.8214400e-02   8.7254902e-01
   4.9285600e-02   8.7745098e-01
   4.9643200e-02   8.8235294e-01
   5.0000000e-02   8.9215686e-01
   5.0356800e-02   8.9705882e-01
   5.2500000e-02   9.0196078e-01
   6.0356800e-02   9.0686275e-01
   6.0714400e-02   9.1176471e-01
   6.2500000e-02   9.1666667e-01
   6.4285600e-02   9.2156863e-01
   6.5000000e-02   9.2647059e-01
   6.5356800e-02   9.3137255e-01
   6.5714400e-02   9.3627451e-01
   6.6428800e-02   9.4607843e-01
   7.1428800e-02   9.5098039e-01
   7.3928800e-02   9.5588235e-01
   7.6071200e-02   9.6568627e-01
   7.7500000e-02   9.7549020e-01
   8.3928800e-02   9.8039216e-01
   8.7500000e-02   9.8529412e-01
   8.8214400e-02   9.9019608e-01
   9.6428800e-02   9.9509804e-01
   1.3000000e-01   1.0000000e+00
