   2.5088000e-03   0.0000000e+00
   2.5088000e-03   6.2735257e-04
   2.8672000e-03   1.8820577e-03
   3.2256000e-03   3.7641154e-03
   3.5840000e-03   1.2547051e-02
   3.9424000e-03   2.0702635e-02
   4.3008000e-03   3.9523212e-02
   4.6592000e-03   5.2697616e-02
   5.0176000e-03   1.0790464e-01
   5.3760000e-03   1.3864492e-01
   5.7344000e-03   1.7816813e-01
   6.0928000e-03   2.2961104e-01
   6.4520000e-03   2.7728984e-01
   6.8104000e-03   3.2559598e-01
   7.1688000e-03   3.5445420e-01
   7.5272000e-03   4.2973651e-01
   7.8856000e-03   4.5608532e-01
   8.2440000e-03   4.8870765e-01
   8.6024000e-03   5.3011292e-01
   8.9608000e-03   5.5646173e-01
   9.3192000e-03   5.8218319e-01
   9.6776000e-03   5.9222083e-01
   1.0036000e-02   6.2672522e-01
   1.0394400e-02   6.4429109e-01
   1.0752800e-02   6.6122961e-01
   1.1111200e-02   6.8318695e-01
   1.1469600e-02   6.9698871e-01
   1.1828000e-02   7.1455458e-01
   1.2186400e-02   7.2521957e-01
   1.2544800e-02   7.5094103e-01
   1.2903200e-02   7.5721455e-01
   1.3261600e-02   7.6725220e-01
   1.3620000e-02   7.8042660e-01
   1.3978400e-02   7.9360100e-01
   1.4336800e-02   8.0175659e-01
   1.4695200e-02   8.0865747e-01
   1.5053600e-02   8.2371393e-01
   1.5412000e-02   8.2873275e-01
   1.5770400e-02   8.3500627e-01
   1.6128800e-02   8.4253450e-01
   1.6487200e-02   8.5006274e-01
   1.6845600e-02   8.5570891e-01
   1.7204000e-02   8.5696361e-01
   1.7562400e-02   8.6323714e-01
   1.7920800e-02   8.6762861e-01
   1.8279200e-02   8.7390213e-01
   1.8637600e-02   8.8205772e-01
   1.8996000e-02   8.8456713e-01
   1.9354400e-02   8.8958595e-01
   1.9713600e-02   8.9021330e-01
   2.0072000e-02   8.9711418e-01
   2.0430400e-02   8.9774153e-01
   2.0788800e-02   9.0150565e-01
   2.1147200e-02   9.0903388e-01
   2.1505600e-02   9.1342535e-01
   2.1864000e-02   9.1781681e-01
   2.2222400e-02   9.2032622e-01
   2.2580800e-02   9.2471769e-01
   2.2939200e-02   9.2659975e-01
   2.3297600e-02   9.2910916e-01
   2.3656000e-02   9.3224592e-01
   2.4014400e-02   9.3350063e-01
   2.4372800e-02   9.3412798e-01
   2.4731200e-02   9.3475533e-01
   2.5089600e-02   9.3726474e-01
   2.5448000e-02   9.3789210e-01
   2.5806400e-02   9.4040151e-01
   2.6164800e-02   9.4416562e-01
   2.6523200e-02   9.4479297e-01
   2.6881600e-02   9.4667503e-01
   2.7240000e-02   9.4730238e-01
   2.7598400e-02   9.4981179e-01
   2.7956800e-02   9.5106650e-01
   2.8315200e-02   9.5232120e-01
   2.8673600e-02   9.5420326e-01
   2.9032000e-02   9.5483061e-01
   2.9390400e-02   9.5545797e-01
   2.9748800e-02   9.5796738e-01
   3.0107200e-02   9.5922208e-01
   3.0465600e-02   9.6173149e-01
   3.0824800e-02   9.6235885e-01
   3.1182400e-02   9.6549561e-01
   3.1900000e-02   9.6612296e-01
   3.2616800e-02   9.6675031e-01
   3.2975200e-02   9.6800502e-01
   3.3692000e-02   9.6925972e-01
   3.4050400e-02   9.6988708e-01
   3.4408800e-02   9.7114178e-01
   3.4767200e-02   9.7176913e-01
   3.5484000e-02   9.7239649e-01
   3.6917600e-02   9.7302384e-01
   3.7276000e-02   9.7427854e-01
   3.7634400e-02   9.7490590e-01
   3.8709600e-02   9.7616060e-01
   3.9068000e-02   9.7678795e-01
   3.9426400e-02   9.7867001e-01
   3.9784800e-02   9.7929737e-01
   4.0143200e-02   9.8180678e-01
   4.0501600e-02   9.8306148e-01
   4.1576800e-02   9.8431619e-01
   4.1935200e-02   9.8557089e-01
   4.3369600e-02   9.8619824e-01
   4.3727200e-02   9.8682560e-01
   4.5878400e-02   9.8745295e-01
   4.7670400e-02   9.8870765e-01
   4.9462400e-02   9.8933501e-01
   5.0537600e-02   9.8996236e-01
   5.1971200e-02   9.9058971e-01
   5.3046400e-02   9.9121706e-01
   5.4480000e-02   9.9184442e-01
   5.5196800e-02   9.9247177e-01
   5.7348000e-02   9.9309912e-01
   5.7706400e-02   9.9372647e-01
   6.3799200e-02   9.9435383e-01
   6.7741600e-02   9.9498118e-01
   6.8817600e-02   9.9560853e-01
   7.1326400e-02   9.9623588e-01
   7.2401600e-02   9.9686324e-01
   7.8852800e-02   9.9749059e-01
   8.0286400e-02   9.9811794e-01
   1.1684560e-01   9.9874529e-01
   1.3835120e-01   9.9937265e-01
   1.6344080e-01   1.0000000e+00
