   4.7679660e-03   0.0000000e+00
   4.7679660e-03   2.0242915e-03
   5.0791602e-03   4.0485830e-03
   5.3260735e-03   8.0971660e-03
   5.5891484e-03   1.0121457e-02
   5.6350681e-03   1.2145749e-02
   5.9884019e-03   1.4170040e-02
   6.0767067e-03   1.6194332e-02
   6.2461296e-03   1.8218623e-02
   6.2845489e-03   2.2267206e-02
   6.4427374e-03   2.4291498e-02
   6.4550081e-03   2.6315789e-02
   6.5089997e-03   2.8340081e-02
   6.7484019e-03   3.2388664e-02
   6.8257780e-03   3.4412955e-02
   6.8353278e-03   3.6437247e-02
   6.8605234e-03   3.8461538e-02
   6.9830911e-03   4.2510121e-02
   7.0012222e-03   4.6558704e-02
   7.0096296e-03   4.8582996e-02
   7.0803354e-03   5.2631579e-02
   7.1693026e-03   5.4655870e-02
   7.2660598e-03   6.0728745e-02
   7.3156055e-03   6.2753036e-02
   7.3873373e-03   6.4777328e-02
   7.4038271e-03   6.6801619e-02
   7.5319022e-03   6.8825911e-02
   7.5416491e-03   7.0850202e-02
   7.6713403e-03   7.2874494e-02
   7.7326528e-03   7.6923077e-02
   7.8630432e-03   8.0971660e-02
   8.0557331e-03   8.2995951e-02
   8.0674324e-03   8.7044534e-02
   8.1002639e-03   8.9068826e-02
   8.2225893e-03   9.1093117e-02
   8.2686770e-03   9.3117409e-02
   8.3844965e-03   9.9190283e-02
   8.4206920e-03   1.0323887e-01
   8.6059443e-03   1.0526316e-01
   8.6589246e-03   1.0931174e-01
   8.6762345e-03   1.1133603e-01
   8.7299463e-03   1.1538462e-01
   8.7310010e-03   1.2145749e-01
   8.9418390e-03   1.2348178e-01
   8.9429713e-03   1.3360324e-01
   8.9758895e-03   1.3562753e-01
   9.0445475e-03   1.3765182e-01
   9.0484953e-03   1.3967611e-01
   9.1521515e-03   1.4170040e-01
   9.2170494e-03   1.4372470e-01
   9.2327562e-03   1.4574899e-01
   9.2818653e-03   1.4979757e-01
   9.2821586e-03   1.5182186e-01
   9.2875423e-03   1.5789474e-01
   9.3647236e-03   1.6396761e-01
   9.3724448e-03   1.6801619e-01
   9.4480135e-03   1.7004049e-01
   9.4795845e-03   1.7206478e-01
   9.4996603e-03   1.7813765e-01
   9.5307745e-03   1.8016194e-01
   9.6034316e-03   1.8421053e-01
   9.6255854e-03   1.8623482e-01
   9.6899219e-03   1.9028340e-01
   9.7895568e-03   1.9433198e-01
   9.7939376e-03   1.9635628e-01
   9.8155456e-03   1.9838057e-01
   9.8351345e-03   2.0040486e-01
   9.9120743e-03   2.0242915e-01
   9.9255185e-03   2.0445344e-01
   9.9726172e-03   2.0850202e-01
   1.0057721e-02   2.1052632e-01
   1.0060356e-02   2.1457490e-01
   1.0093992e-02   2.1659919e-01
   1.0145265e-02   2.1862348e-01
   1.0156899e-02   2.2064777e-01
   1.0158810e-02   2.2469636e-01
   1.0234651e-02   2.2874494e-01
   1.0322627e-02   2.3076923e-01
   1.0334536e-02   2.3279352e-01
   1.0346591e-02   2.3481781e-01
   1.0347890e-02   2.3684211e-01
   1.0368760e-02   2.3886640e-01
   1.0388752e-02   2.4898785e-01
   1.0400898e-02   2.5101215e-01
   1.0460654e-02   2.5506073e-01
   1.0500768e-02   2.5910931e-01
   1.0615877e-02   2.6113360e-01
   1.0619326e-02   2.6315789e-01
   1.0641828e-02   2.6518219e-01
   1.0696964e-02   2.6923077e-01
   1.0805052e-02   2.7125506e-01
   1.0847672e-02   2.7327935e-01
   1.0893314e-02   2.7530364e-01
   1.1010279e-02   2.7935223e-01
   1.1068806e-02   2.8137652e-01
   1.1105405e-02   2.8542510e-01
   1.1135837e-02   2.9149798e-01
   1.1197329e-02   2.9352227e-01
   1.1210383e-02   2.9554656e-01
   1.1227586e-02   2.9757085e-01
   1.1249381e-02   2.9959514e-01
   1.1433979e-02   3.0364372e-01
   1.1461226e-02   3.0566802e-01
   1.1471144e-02   3.0971660e-01
   1.1515548e-02   3.1174089e-01
   1.1601281e-02   3.1376518e-01
   1.1722030e-02   3.1578947e-01
   1.1754187e-02   3.1781377e-01
   1.2010925e-02   3.1983806e-01
   1.2029073e-02   3.2186235e-01
   1.2052570e-02   3.2388664e-01
   1.2142728e-02   3.2591093e-01
   1.2153823e-02   3.2793522e-01
   1.2196973e-02   3.2995951e-01
   1.2237517e-02   3.3198381e-01
   1.2259719e-02   3.3603239e-01
   1.2290790e-02   3.3805668e-01
   1.2296238e-02   3.4008097e-01
   1.2355982e-02   3.4210526e-01
   1.2423074e-02   3.4412955e-01
   1.2426224e-02   3.4615385e-01
   1.2463895e-02   3.4817814e-01
   1.2500535e-02   3.5222672e-01
   1.2569098e-02   3.5627530e-01
   1.2618146e-02   3.5829960e-01
   1.2630779e-02   3.6032389e-01
   1.2849210e-02   3.6234818e-01
   1.2850445e-02   3.6437247e-01
   1.2855285e-02   3.6639676e-01
   1.2946208e-02   3.6842105e-01
   1.2975529e-02   3.7044534e-01
   1.2975832e-02   3.7246964e-01
   1.3065872e-02   3.7449393e-01
   1.3128591e-02   3.7651822e-01
   1.3146736e-02   3.8056680e-01
   1.3163628e-02   3.8663968e-01
   1.3391474e-02   3.8866397e-01
   1.3407676e-02   3.9271255e-01
   1.3443939e-02   3.9473684e-01
   1.3543911e-02   3.9676113e-01
   1.3558861e-02   3.9878543e-01
   1.3567342e-02   4.0080972e-01
   1.3586532e-02   4.0283401e-01
   1.3670656e-02   4.0485830e-01
   1.3692113e-02   4.0688259e-01
   1.3720367e-02   4.0890688e-01
   1.3741178e-02   4.1093117e-01
   1.3769062e-02   4.1295547e-01
   1.3790784e-02   4.1902834e-01
   1.3821081e-02   4.2105263e-01
   1.3841569e-02   4.2510121e-01
   1.3849705e-02   4.2712551e-01
   1.3966182e-02   4.2914980e-01
   1.4002854e-02   4.3117409e-01
   1.4018638e-02   4.3319838e-01
   1.4053928e-02   4.3522267e-01
   1.4189586e-02   4.3724696e-01
   1.4222393e-02   4.3927126e-01
   1.4322597e-02   4.4129555e-01
   1.4338605e-02   4.4331984e-01
   1.4362980e-02   4.4534413e-01
   1.4524888e-02   4.4939271e-01
   1.4560985e-02   4.5141700e-01
   1.4804602e-02   4.5344130e-01
   1.4831547e-02   4.5546559e-01
   1.4876538e-02   4.5748988e-01
   1.4925836e-02   4.6153846e-01
   1.5129166e-02   4.6356275e-01
   1.5168584e-02   4.6558704e-01
   1.5261285e-02   4.6963563e-01
   1.5301412e-02   4.7165992e-01
   1.5315387e-02   4.7368421e-01
   1.5327441e-02   4.7570850e-01
   1.5363478e-02   4.7773279e-01
   1.5430842e-02   4.7975709e-01
   1.5436646e-02   4.8178138e-01
   1.5565171e-02   4.8380567e-01
   1.5682916e-02   4.8582996e-01
   1.5736342e-02   4.8785425e-01
   1.5753247e-02   4.8987854e-01
   1.5878231e-02   4.9190283e-01
   1.5880642e-02   4.9595142e-01
   1.5939455e-02   4.9797571e-01
   1.6033788e-02   5.0000000e-01
   1.6112127e-02   5.0202429e-01
   1.6135559e-02   5.0404858e-01
   1.6207348e-02   5.0607287e-01
   1.6208475e-02   5.1012146e-01
   1.6210710e-02   5.1214575e-01
   1.6281875e-02   5.1619433e-01
   1.6289849e-02   5.2024291e-01
   1.6321169e-02   5.2226721e-01
   1.6592244e-02   5.2429150e-01
   1.6597753e-02   5.2631579e-01
   1.6758603e-02   5.2834008e-01
   1.6796802e-02   5.3036437e-01
   1.6824194e-02   5.3238866e-01
   1.6840867e-02   5.3441296e-01
   1.6988176e-02   5.3643725e-01
   1.6992410e-02   5.3846154e-01
   1.7009232e-02   5.4048583e-01
   1.7094717e-02   5.4251012e-01
   1.7095578e-02   5.4453441e-01
   1.7150492e-02   5.4858300e-01
   1.7326171e-02   5.5060729e-01
   1.7353566e-02   5.5263158e-01
   1.7397912e-02   5.5465587e-01
   1.7398642e-02   5.5668016e-01
   1.7615971e-02   5.5870445e-01
   1.7752298e-02   5.6072874e-01
   1.7767568e-02   5.6275304e-01
   1.7883678e-02   5.6477733e-01
   1.7909522e-02   5.6680162e-01
   1.8021497e-02   5.6882591e-01
   1.8034652e-02   5.7085020e-01
   1.8089095e-02   5.7489879e-01
   1.8156992e-02   5.7692308e-01
   1.8157944e-02   5.8097166e-01
   1.8206643e-02   5.8299595e-01
   1.8222729e-02   5.8502024e-01
   1.8470959e-02   5.8704453e-01
   1.8507163e-02   5.8906883e-01
   1.8564317e-02   5.9109312e-01
   1.8574582e-02   5.9311741e-01
   1.8638685e-02   5.9514170e-01
   1.8651323e-02   5.9716599e-01
   1.8715387e-02   5.9919028e-01
   1.8730611e-02   6.0121457e-01
   1.8733164e-02   6.0323887e-01
   1.8736432e-02   6.0526316e-01
   1.8774967e-02   6.0728745e-01
   1.8810289e-02   6.0931174e-01
   1.8888852e-02   6.1133603e-01
   1.8927588e-02   6.1336032e-01
   1.9053454e-02   6.1538462e-01
   1.9273815e-02   6.1740891e-01
   1.9288074e-02   6.1943320e-01
   1.9293909e-02   6.2145749e-01
   1.9294991e-02   6.2348178e-01
   1.9320235e-02   6.2550607e-01
   1.9597418e-02   6.2753036e-01
   1.9670269e-02   6.2955466e-01
   1.9874077e-02   6.3157895e-01
   1.9918778e-02   6.3360324e-01
   2.0054675e-02   6.3562753e-01
   2.0126353e-02   6.3765182e-01
   2.0287396e-02   6.3967611e-01
   2.0372446e-02   6.4170040e-01
   2.0393593e-02   6.4372470e-01
   2.0402653e-02   6.4574899e-01
   2.0470624e-02   6.4777328e-01
   2.0473408e-02   6.4979757e-01
   2.0531534e-02   6.5182186e-01
   2.0622499e-02   6.5384615e-01
   2.0706971e-02   6.5587045e-01
   2.0736770e-02   6.5789474e-01
   2.0746641e-02   6.5991903e-01
   2.0912355e-02   6.6194332e-01
   2.0951949e-02   6.6396761e-01
   2.1043634e-02   6.6599190e-01
   2.1155126e-02   6.6801619e-01
   2.1191036e-02   6.7004049e-01
   2.1238653e-02   6.7206478e-01
   2.1240347e-02   6.7408907e-01
   2.1250370e-02   6.7611336e-01
   2.1393928e-02   6.7813765e-01
   2.1470691e-02   6.8016194e-01
   2.1561677e-02   6.8218623e-01
   2.1583340e-02   6.8421053e-01
   2.1885828e-02   6.8623482e-01
   2.1902402e-02   6.8825911e-01
   2.2119490e-02   6.9028340e-01
   2.2138608e-02   6.9230769e-01
   2.2167067e-02   6.9433198e-01
   2.2256080e-02   6.9635628e-01
   2.2431190e-02   6.9838057e-01
   2.2474161e-02   7.0040486e-01
   2.2570871e-02   7.0242915e-01
   2.2633823e-02   7.0445344e-01
   2.2694058e-02   7.0647773e-01
   2.2774794e-02   7.0850202e-01
   2.2941855e-02   7.1052632e-01
   2.3298706e-02   7.1255061e-01
   2.3490360e-02   7.1457490e-01
   2.3524345e-02   7.1659919e-01
   2.3531764e-02   7.1862348e-01
   2.3620756e-02   7.2064777e-01
   2.3771041e-02   7.2267206e-01
   2.4023198e-02   7.2469636e-01
   2.4105140e-02   7.2672065e-01
   2.4158272e-02   7.2874494e-01
   2.4209477e-02   7.3076923e-01
   2.4307768e-02   7.3279352e-01
   2.4699855e-02   7.3481781e-01
   2.4851565e-02   7.3684211e-01
   2.4851797e-02   7.3886640e-01
   2.4956452e-02   7.4089069e-01
   2.5152896e-02   7.4291498e-01
   2.5154346e-02   7.4493927e-01
   2.5212518e-02   7.4696356e-01
   2.5442656e-02   7.4898785e-01
   2.5488285e-02   7.5101215e-01
   2.5542853e-02   7.5303644e-01
   2.5548797e-02   7.5506073e-01
   2.5734631e-02   7.5708502e-01
   2.5809428e-02   7.5910931e-01
   2.5982329e-02   7.6113360e-01
   2.6214748e-02   7.6315789e-01
   2.6293471e-02   7.6518219e-01
   2.6417751e-02   7.6720648e-01
   2.6825250e-02   7.6923077e-01
   2.6825732e-02   7.7125506e-01
   2.7011940e-02   7.7530364e-01
   2.7114328e-02   7.7732794e-01
   2.7181647e-02   7.7935223e-01
   2.7322828e-02   7.8137652e-01
   2.7374315e-02   7.8340081e-01
   2.7446374e-02   7.8542510e-01
   2.7654430e-02   7.8744939e-01
   2.7847112e-02   7.8947368e-01
   2.8255589e-02   7.9149798e-01
   2.8438754e-02   7.9352227e-01
   2.8445441e-02   7.9554656e-01
   2.8478744e-02   7.9757085e-01
   2.8608839e-02   7.9959514e-01
   2.8754940e-02   8.0161943e-01
   2.8809672e-02   8.0364372e-01
   2.8823615e-02   8.0769231e-01
   2.9440159e-02   8.0971660e-01
   2.9813690e-02   8.1376518e-01
   2.9851673e-02   8.1578947e-01
   3.0166019e-02   8.1781377e-01
   3.0330236e-02   8.1983806e-01
   3.0471466e-02   8.2186235e-01
   3.0695045e-02   8.2388664e-01
   3.1324800e-02   8.2591093e-01
   3.1472683e-02   8.2793522e-01
   3.1562951e-02   8.2995951e-01
   3.1914401e-02   8.3198381e-01
   3.2217294e-02   8.3400810e-01
   3.2417853e-02   8.3603239e-01
   3.2640704e-02   8.3805668e-01
   3.2735531e-02   8.4008097e-01
   3.3110838e-02   8.4210526e-01
   3.3239295e-02   8.4412955e-01
   3.3795460e-02   8.4615385e-01
   3.4127432e-02   8.4817814e-01
   3.4291359e-02   8.5020243e-01
   3.4610375e-02   8.5222672e-01
   3.4614567e-02   8.5425101e-01
   3.4676664e-02   8.5627530e-01
   3.4836755e-02   8.5829960e-01
   3.4902620e-02   8.6032389e-01
   3.5528746e-02   8.6234818e-01
   3.5564704e-02   8.6437247e-01
   3.5907081e-02   8.6639676e-01
   3.6524675e-02   8.6842105e-01
   3.6614492e-02   8.7044534e-01
   3.6691769e-02   8.7246964e-01
   3.6980574e-02   8.7449393e-01
   3.7085441e-02   8.7651822e-01
   3.7250817e-02   8.7854251e-01
   3.7555757e-02   8.8056680e-01
   3.8132674e-02   8.8259109e-01
   3.8181348e-02   8.8461538e-01
   3.8379321e-02   8.8663968e-01
   3.8575551e-02   8.8866397e-01
   3.9981419e-02   8.9068826e-01
   4.0029867e-02   8.9271255e-01
   4.0079368e-02   8.9473684e-01
   4.1492748e-02   8.9676113e-01
   4.1861208e-02   8.9878543e-01
   4.2464639e-02   9.0080972e-01
   4.2691441e-02   9.0283401e-01
   4.2825649e-02   9.0485830e-01
   4.2883976e-02   9.0688259e-01
   4.4357417e-02   9.0890688e-01
   4.5458053e-02   9.1093117e-01
   4.6490946e-02   9.1295547e-01
   4.6601802e-02   9.1497976e-01
   4.6712074e-02   9.1700405e-01
   4.7453090e-02   9.1902834e-01
   4.7871542e-02   9.2105263e-01
   4.8563864e-02   9.2307692e-01
   4.8600987e-02   9.2510121e-01
   4.8894181e-02   9.2712551e-01
   4.9494349e-02   9.2914980e-01
   4.9682709e-02   9.3117409e-01
   5.0184245e-02   9.3319838e-01
   5.0321375e-02   9.3522267e-01
   5.0523728e-02   9.3724696e-01
   5.1229389e-02   9.3927126e-01
   5.1241245e-02   9.4129555e-01
   5.2513720e-02   9.4331984e-01
   5.2523603e-02   9.4534413e-01
   5.2711226e-02   9.4736842e-01
   5.3097763e-02   9.4939271e-01
   5.4982456e-02   9.5141700e-01
   5.5029907e-02   9.5344130e-01
   5.7083816e-02   9.5546559e-01
   6.0036252e-02   9.5748988e-01
   6.0085856e-02   9.5951417e-01
   6.3204863e-02   9.6153846e-01
   6.4128125e-02   9.6356275e-01
   6.4389953e-02   9.6558704e-01
   6.4835030e-02   9.6761134e-01
   6.6343056e-02   9.6963563e-01
   6.7447680e-02   9.7165992e-01
   6.8082682e-02   9.7368421e-01
   7.1249761e-02   9.7570850e-01
   7.1664694e-02   9.7773279e-01
   7.3767682e-02   9.7975709e-01
   7.4870485e-02   9.8178138e-01
   7.7937076e-02   9.8380567e-01
   7.8284229e-02   9.8582996e-01
   8.3988619e-02   9.8785425e-01
   8.6465455e-02   9.8987854e-01
   8.6826574e-02   9.9190283e-01
   9.5411513e-02   9.9392713e-01
   1.0238257e-01   9.9595142e-01
   1.0493457e-01   9.9797571e-01
   1.2901676e-01   1.0000000e+00
