   4.0896000e-03   0.0000000e+00
   4.0896000e-03   3.3112583e-03
   4.9080000e-03   2.6490066e-02
   5.3168000e-03   3.6423841e-02
   5.7256000e-03   5.9602649e-02
   6.1352000e-03   8.9403974e-02
   6.5440000e-03   1.0927152e-01
   6.9528000e-03   1.4900662e-01
   7.3616000e-03   1.7549669e-01
   7.7712000e-03   2.0529801e-01
   8.1800000e-03   2.3841060e-01
   8.5888000e-03   2.7814570e-01
   8.9976000e-03   3.0463576e-01
   9.4072000e-03   3.2781457e-01
   9.8160000e-03   3.6754967e-01
   1.0224800e-02   3.9072848e-01
   1.0633600e-02   4.0728477e-01
   1.1043200e-02   4.2715232e-01
   1.1452000e-02   4.4370861e-01
   1.1860800e-02   4.6026490e-01
   1.2269600e-02   4.9006623e-01
   1.2679200e-02   5.0000000e-01
   1.3088000e-02   5.2980132e-01
   1.3496800e-02   5.5298013e-01
   1.3905600e-02   5.6291391e-01
   1.4315200e-02   5.7615894e-01
   1.4724000e-02   5.9602649e-01
   1.5132800e-02   6.1258278e-01
   1.5541600e-02   6.2582781e-01
   1.5951200e-02   6.4569536e-01
   1.6360000e-02   6.5562914e-01
   1.6768800e-02   6.8211921e-01
   1.7177600e-02   6.9536424e-01
   1.7587200e-02   7.0529801e-01
   1.7996000e-02   7.0860927e-01
   1.8404800e-02   7.1192053e-01
   1.8813600e-02   7.2516556e-01
   1.9223200e-02   7.3178808e-01
   1.9632000e-02   7.4834437e-01
   2.0040800e-02   7.5165563e-01
   2.0449600e-02   7.5496689e-01
   2.0859200e-02   7.6158940e-01
   2.1268000e-02   7.6821192e-01
   2.1676800e-02   7.7152318e-01
   2.2085600e-02   7.7483444e-01
   2.2495200e-02   7.7814570e-01
   2.2904000e-02   7.8807947e-01
   2.3312800e-02   7.9139073e-01
   2.3721600e-02   8.0463576e-01
   2.4540000e-02   8.1125828e-01
   2.5767200e-02   8.1788079e-01
   2.6176000e-02   8.2119205e-01
   2.6584800e-02   8.3112583e-01
   2.7403200e-02   8.3443709e-01
   2.7812000e-02   8.3774834e-01
   2.8220800e-02   8.4437086e-01
   2.9039200e-02   8.5430464e-01
   2.9448000e-02   8.5761589e-01
   2.9856800e-02   8.6092715e-01
   3.1084000e-02   8.6423841e-01
   3.1492800e-02   8.6754967e-01
   3.1901600e-02   8.7086093e-01
   3.2720000e-02   8.7417219e-01
   3.3946400e-02   8.7748344e-01
   3.4356000e-02   8.8079470e-01
   3.4764800e-02   8.8741722e-01
   3.5582400e-02   8.9072848e-01
   3.6400800e-02   8.9403974e-01
   3.6809600e-02   9.0066225e-01
   3.7219200e-02   9.0728477e-01
   3.7628000e-02   9.1721854e-01
   3.8036800e-02   9.2052980e-01
   3.9672800e-02   9.2384106e-01
   4.1308800e-02   9.3377483e-01
   4.1717600e-02   9.3708609e-01
   4.5399200e-02   9.4370861e-01
   4.8261600e-02   9.4701987e-01
   4.9080000e-02   9.5033113e-01
   5.0716000e-02   9.5364238e-01
   5.1124800e-02   9.5695364e-01
   5.5624000e-02   9.6026490e-01
   5.8486400e-02   9.6357616e-01
   5.9304800e-02   9.6688742e-01
   6.1349600e-02   9.7350993e-01
   6.8302400e-02   9.7682119e-01
   6.9938400e-02   9.8013245e-01
   7.6892000e-02   9.8344371e-01
   8.7934400e-02   9.8675497e-01
   1.0593040e-01   9.9006623e-01
   1.4928400e-01   9.9337748e-01
   1.5092000e-01   9.9668874e-01
   1.6073600e-01   1.0000000e+00
