   5.6987547e-03   0.0000000e+00
   5.6987547e-03   2.9761905e-03
   6.7806454e-03   5.9523810e-03
   8.4877885e-03   8.9285714e-03
   8.6483569e-03   1.1904762e-02
   8.8849598e-03   1.4880952e-02
   8.9097642e-03   1.7857143e-02
   9.2516865e-03   2.0833333e-02
   9.3717342e-03   2.3809524e-02
   9.6001184e-03   2.6785714e-02
   9.8175815e-03   2.9761905e-02
   9.8736551e-03   3.2738095e-02
   1.0110072e-02   3.5714286e-02
   1.0793731e-02   3.8690476e-02
   1.0949179e-02   4.1666667e-02
   1.1005951e-02   4.4642857e-02
   1.1052602e-02   4.7619048e-02
   1.1119670e-02   5.0595238e-02
   1.1219913e-02   5.3571429e-02
   1.1586135e-02   5.6547619e-02
   1.1714082e-02   5.9523810e-02
   1.2396447e-02   6.2500000e-02
   1.2467320e-02   6.5476190e-02
   1.2640408e-02   6.8452381e-02
   1.2651334e-02   7.1428571e-02
   1.2678335e-02   7.4404762e-02
   1.3112794e-02   7.7380952e-02
   1.3248084e-02   8.0357143e-02
   1.3359449e-02   8.3333333e-02
   1.4300025e-02   8.9285714e-02
   1.4767681e-02   9.2261905e-02
   1.4777601e-02   9.5238095e-02
   1.4795545e-02   9.8214286e-02
   1.4944553e-02   1.0119048e-01
   1.4994708e-02   1.0416667e-01
   1.5193126e-02   1.0714286e-01
   1.5276983e-02   1.1011905e-01
   1.5744433e-02   1.1309524e-01
   1.6239027e-02   1.1607143e-01
   1.6600142e-02   1.1904762e-01
   1.6693718e-02   1.2202381e-01
   1.6831921e-02   1.2500000e-01
   1.7249669e-02   1.2797619e-01
   1.7325895e-02   1.3392857e-01
   1.7390977e-02   1.3690476e-01
   1.7514858e-02   1.3988095e-01
   1.7531190e-02   1.4285714e-01
   1.7542964e-02   1.4583333e-01
   1.7556573e-02   1.4880952e-01
   1.7769920e-02   1.5178571e-01
   1.7792984e-02   1.5476190e-01
   1.7909056e-02   1.5773810e-01
   1.8037145e-02   1.6071429e-01
   1.8075121e-02   1.6369048e-01
   1.8083729e-02   1.6666667e-01
   1.8258067e-02   1.6964286e-01
   1.8344127e-02   1.7261905e-01
   1.8546433e-02   1.7559524e-01
   1.8978907e-02   1.7857143e-01
   1.9008021e-02   1.8154762e-01
   1.9098469e-02   1.8452381e-01
   1.9117182e-02   1.8750000e-01
   1.9129636e-02   1.9047619e-01
   1.9241896e-02   1.9345238e-01
   1.9383236e-02   1.9642857e-01
   1.9864446e-02   1.9940476e-01
   2.0002802e-02   2.0238095e-01
   2.0174432e-02   2.0535714e-01
   2.0509412e-02   2.0833333e-01
   2.0645043e-02   2.1130952e-01
   2.1078176e-02   2.1428571e-01
   2.1169916e-02   2.1726190e-01
   2.1280976e-02   2.2023810e-01
   2.1524658e-02   2.2321429e-01
   2.1974113e-02   2.2619048e-01
   2.2067324e-02   2.2916667e-01
   2.2142842e-02   2.3214286e-01
   2.2178047e-02   2.3511905e-01
   2.2205048e-02   2.3809524e-01
   2.2206178e-02   2.4107143e-01
   2.2230270e-02   2.4404762e-01
   2.2239340e-02   2.4702381e-01
   2.2793536e-02   2.5000000e-01
   2.2963188e-02   2.5297619e-01
   2.3428843e-02   2.5595238e-01
   2.3486532e-02   2.5892857e-01
   2.3712780e-02   2.6190476e-01
   2.3915985e-02   2.6488095e-01
   2.4179465e-02   2.6785714e-01
   2.4939142e-02   2.7083333e-01
   2.5037324e-02   2.7380952e-01
   2.5037501e-02   2.7678571e-01
   2.5243220e-02   2.7976190e-01
   2.5248421e-02   2.8273810e-01
   2.5316332e-02   2.8571429e-01
   2.6087031e-02   2.8869048e-01
   2.6167000e-02   2.9166667e-01
   2.6225589e-02   2.9464286e-01
   2.6406119e-02   2.9761905e-01
   2.6415428e-02   3.0059524e-01
   2.6429980e-02   3.0357143e-01
   2.6648384e-02   3.0654762e-01
   2.6745230e-02   3.0952381e-01
   2.6821431e-02   3.1250000e-01
   2.6877759e-02   3.1547619e-01
   2.6879435e-02   3.1845238e-01
   2.7030050e-02   3.2142857e-01
   2.7181244e-02   3.2440476e-01
   2.7192000e-02   3.2738095e-01
   2.7280338e-02   3.3035714e-01
   2.7610440e-02   3.3333333e-01
   2.7721414e-02   3.3630952e-01
   2.7960069e-02   3.3928571e-01
   2.8358722e-02   3.4226190e-01
   2.8397490e-02   3.4523810e-01
   2.8705810e-02   3.4821429e-01
   2.8829615e-02   3.5119048e-01
   2.8882713e-02   3.5714286e-01
   2.9000326e-02   3.6011905e-01
   2.9014507e-02   3.6309524e-01
   2.9028659e-02   3.6607143e-01
   2.9074046e-02   3.6904762e-01
   2.9177726e-02   3.7202381e-01
   2.9265512e-02   3.7500000e-01
   2.9441032e-02   3.7797619e-01
   2.9570960e-02   3.8095238e-01
   2.9811293e-02   3.8392857e-01
   3.0217219e-02   3.8690476e-01
   3.0340077e-02   3.8988095e-01
   3.0445753e-02   3.9285714e-01
   3.1121089e-02   3.9583333e-01
   3.1193473e-02   3.9880952e-01
   3.1224764e-02   4.0178571e-01
   3.1434863e-02   4.0476190e-01
   3.1488199e-02   4.0773810e-01
   3.1730427e-02   4.1071429e-01
   3.1845341e-02   4.1369048e-01
   3.2028909e-02   4.1666667e-01
   3.2258218e-02   4.1964286e-01
   3.2556060e-02   4.2261905e-01
   3.2586947e-02   4.2559524e-01
   3.2680310e-02   4.3154762e-01
   3.2927791e-02   4.3452381e-01
   3.3086634e-02   4.3750000e-01
   3.3157805e-02   4.4047619e-01
   3.3889428e-02   4.4345238e-01
   3.3943977e-02   4.4642857e-01
   3.3949031e-02   4.4940476e-01
   3.4193812e-02   4.5238095e-01
   3.4211956e-02   4.5535714e-01
   3.4248897e-02   4.5833333e-01
   3.4627574e-02   4.6130952e-01
   3.4712506e-02   4.6428571e-01
   3.5074737e-02   4.6726190e-01
   3.5294179e-02   4.7023810e-01
   3.5841187e-02   4.7321429e-01
   3.5891359e-02   4.7619048e-01
   3.6008539e-02   4.7916667e-01
   3.6068831e-02   4.8214286e-01
   3.6113375e-02   4.8511905e-01
   3.6520570e-02   4.8809524e-01
   3.6691468e-02   4.9107143e-01
   3.7115084e-02   4.9404762e-01
   3.7230926e-02   4.9702381e-01
   3.7282282e-02   5.0000000e-01
   3.7298145e-02   5.0297619e-01
   3.7889878e-02   5.0595238e-01
   3.8195246e-02   5.0892857e-01
   3.8258663e-02   5.1190476e-01
   3.8720923e-02   5.1488095e-01
   3.8867933e-02   5.1785714e-01
   3.8987992e-02   5.2083333e-01
   3.9887725e-02   5.2380952e-01
   3.9969762e-02   5.2678571e-01
   4.0327553e-02   5.2976190e-01
   4.0371082e-02   5.3273810e-01
   4.0437927e-02   5.3571429e-01
   4.0618462e-02   5.3869048e-01
   4.0685504e-02   5.4166667e-01
   4.0730972e-02   5.4464286e-01
   4.0958754e-02   5.4761905e-01
   4.1087933e-02   5.5059524e-01
   4.1252602e-02   5.5357143e-01
   4.1746089e-02   5.5654762e-01
   4.1866615e-02   5.5952381e-01
   4.2501133e-02   5.6250000e-01
   4.2663254e-02   5.6547619e-01
   4.3500215e-02   5.6845238e-01
   4.3851377e-02   5.7142857e-01
   4.4057948e-02   5.7440476e-01
   4.4806706e-02   5.7738095e-01
   4.5351494e-02   5.8035714e-01
   4.5745627e-02   5.8333333e-01
   4.5894704e-02   5.8630952e-01
   4.6666798e-02   5.8928571e-01
   4.6675775e-02   5.9226190e-01
   4.6961179e-02   5.9523810e-01
   4.7278607e-02   5.9821429e-01
   4.7359009e-02   6.0119048e-01
   4.7707794e-02   6.0416667e-01
   4.8163215e-02   6.0714286e-01
   4.8167726e-02   6.1011905e-01
   4.8247624e-02   6.1309524e-01
   4.8512324e-02   6.1607143e-01
   4.8955397e-02   6.1904762e-01
   4.8972700e-02   6.2202381e-01
   4.9451402e-02   6.2500000e-01
   4.9606091e-02   6.2797619e-01
   4.9984956e-02   6.3095238e-01
   5.0054773e-02   6.3392857e-01
   5.0069642e-02   6.3690476e-01
   5.0374303e-02   6.3988095e-01
   5.0415954e-02   6.4285714e-01
   5.0768799e-02   6.4583333e-01
   5.0866278e-02   6.4880952e-01
   5.1398156e-02   6.5178571e-01
   5.1622591e-02   6.5476190e-01
   5.1664818e-02   6.5773810e-01
   5.1815616e-02   6.6071429e-01
   5.1839689e-02   6.6369048e-01
   5.1869423e-02   6.6666667e-01
   5.2074528e-02   6.6964286e-01
   5.2143163e-02   6.7261905e-01
   5.2173519e-02   6.7559524e-01
   5.2202035e-02   6.7857143e-01
   5.2826235e-02   6.8154762e-01
   5.2876232e-02   6.8452381e-01
   5.3132552e-02   6.8750000e-01
   5.3367501e-02   6.9047619e-01
   5.3422728e-02   6.9345238e-01
   5.3587970e-02   6.9642857e-01
   5.3641232e-02   6.9940476e-01
   5.3959074e-02   7.0238095e-01
   5.4103020e-02   7.0535714e-01
   5.4270575e-02   7.0833333e-01
   5.4496955e-02   7.1130952e-01
   5.4716518e-02   7.1428571e-01
   5.4758074e-02   7.1726190e-01
   5.4774761e-02   7.2023810e-01
   5.4785843e-02   7.2321429e-01
   5.4923359e-02   7.2619048e-01
   5.5207254e-02   7.2916667e-01
   5.5373087e-02   7.3214286e-01
   5.5870585e-02   7.3511905e-01
   5.6095699e-02   7.3809524e-01
   5.6991617e-02   7.4107143e-01
   5.7808153e-02   7.4404762e-01
   5.7834779e-02   7.4702381e-01
   5.7912608e-02   7.5000000e-01
   5.8377751e-02   7.5297619e-01
   5.8724724e-02   7.5595238e-01
   5.8881531e-02   7.5892857e-01
   5.9150858e-02   7.6190476e-01
   5.9714569e-02   7.6488095e-01
   5.9836348e-02   7.6785714e-01
   6.0199738e-02   7.7083333e-01
   6.0966010e-02   7.7380952e-01
   6.1080792e-02   7.7678571e-01
   6.2112045e-02   7.7976190e-01
   6.3212421e-02   7.8273810e-01
   6.3306909e-02   7.8571429e-01
   6.3691855e-02   7.8869048e-01
   6.3842381e-02   7.9166667e-01
   6.4532726e-02   7.9464286e-01
   6.4796797e-02   7.9761905e-01
   6.5167915e-02   8.0059524e-01
   6.5339183e-02   8.0357143e-01
   6.5915690e-02   8.0654762e-01
   6.6315849e-02   8.0952381e-01
   6.6605611e-02   8.1250000e-01
   6.6638528e-02   8.1547619e-01
   6.6865395e-02   8.1845238e-01
   6.6997886e-02   8.2142857e-01
   6.7094452e-02   8.2440476e-01
   6.7270447e-02   8.2738095e-01
   6.7559786e-02   8.3035714e-01
   6.8848545e-02   8.3333333e-01
   6.8867104e-02   8.3630952e-01
   6.8973018e-02   8.3928571e-01
   6.9163045e-02   8.4226190e-01
   7.0490452e-02   8.4523810e-01
   7.0535007e-02   8.4821429e-01
   7.0629678e-02   8.5119048e-01
   7.1138812e-02   8.5416667e-01
   7.1522383e-02   8.5714286e-01
   7.1571796e-02   8.6011905e-01
   7.1627719e-02   8.6309524e-01
   7.2620496e-02   8.6607143e-01
   7.3515383e-02   8.6904762e-01
   7.4655953e-02   8.7202381e-01
   7.5506986e-02   8.7500000e-01
   7.5693027e-02   8.7797619e-01
   7.9042028e-02   8.8095238e-01
   7.9981518e-02   8.8392857e-01
   8.0121856e-02   8.8690476e-01
   8.2098947e-02   8.8988095e-01
   8.2544601e-02   8.9285714e-01
   8.2936871e-02   8.9583333e-01
   8.3590769e-02   8.9880952e-01
   8.6166428e-02   9.0178571e-01
   8.7619570e-02   9.0476190e-01
   8.7683456e-02   9.0773810e-01
   8.9203356e-02   9.1071429e-01
   9.0623734e-02   9.1369048e-01
   9.1062708e-02   9.1666667e-01
   9.1199056e-02   9.1964286e-01
   9.1623633e-02   9.2261905e-01
   9.2006348e-02   9.2559524e-01
   9.2950426e-02   9.2857143e-01
   9.7701665e-02   9.3154762e-01
   9.8980317e-02   9.3452381e-01
   1.0019547e-01   9.3750000e-01
   1.0108371e-01   9.4047619e-01
   1.0151979e-01   9.4345238e-01
   1.0342432e-01   9.4642857e-01
   1.0452428e-01   9.4940476e-01
   1.0566023e-01   9.5238095e-01
   1.0829260e-01   9.5535714e-01
   1.0922702e-01   9.5833333e-01
   1.1075164e-01   9.6130952e-01
   1.1212282e-01   9.6428571e-01
   1.1244127e-01   9.6726190e-01
   1.1391012e-01   9.7023810e-01
   1.1440401e-01   9.7321429e-01
   1.1540718e-01   9.7619048e-01
   1.2428058e-01   9.7916667e-01
   1.2996107e-01   9.8214286e-01
   1.3061741e-01   9.8511905e-01
   1.3327291e-01   9.8809524e-01
   1.3682838e-01   9.9107143e-01
   1.6033263e-01   9.9404762e-01
   1.9080682e-01   9.9702381e-01
   1.9370765e-01   1.0000000e+00
