   4.2592000e-03   0.0000000e+00
   4.2592000e-03   9.1743119e-03
   4.9688000e-03   1.8348624e-02
   6.0336000e-03   2.7522936e-02
   6.3888000e-03   3.6697248e-02
   6.7432000e-03   4.5871560e-02
   7.4536000e-03   6.4220183e-02
   7.8080000e-03   7.3394495e-02
   8.5184000e-03   9.1743119e-02
   8.8728000e-03   1.1009174e-01
   9.2280000e-03   1.1926606e-01
   9.9376000e-03   1.5596330e-01
   1.1357600e-02   1.6513761e-01
   1.2422400e-02   2.1100917e-01
   1.3132000e-02   2.3853211e-01
   1.3487200e-02   2.5688073e-01
   1.4196800e-02   2.6605505e-01
   1.5261600e-02   2.9357798e-01
   1.5616800e-02   3.1192661e-01
   1.5971200e-02   3.2110092e-01
   1.6681600e-02   3.3944954e-01
   1.7036000e-02   3.5779817e-01
   1.7391200e-02   3.6697248e-01
   1.7746400e-02   3.9449541e-01
   1.8100800e-02   4.0366972e-01
   1.8456000e-02   4.1284404e-01
   1.8811200e-02   4.2201835e-01
   1.9165600e-02   4.3119266e-01
   1.9520800e-02   4.4036697e-01
   1.9876000e-02   4.5871560e-01
   2.0585600e-02   4.6788991e-01
   2.0940800e-02   4.9541284e-01
   2.1295200e-02   5.1376147e-01
   2.1650400e-02   5.2293578e-01
   2.2005600e-02   5.3211009e-01
   2.3070400e-02   5.4128440e-01
   2.3424800e-02   5.5045872e-01
   2.3780000e-02   5.5963303e-01
   2.4135200e-02   5.6880734e-01
   2.5200000e-02   5.7798165e-01
   2.5554400e-02   5.8715596e-01
   2.6264000e-02   6.0550459e-01
   2.6619200e-02   6.1467890e-01
   2.6974400e-02   6.2385321e-01
   2.7684000e-02   6.4220183e-01
   2.8394400e-02   6.5137615e-01
   2.9813600e-02   6.6055046e-01
   3.1233600e-02   6.6972477e-01
   3.1588000e-02   6.7889908e-01
   3.2652800e-02   6.8807339e-01
   3.3008000e-02   6.9724771e-01
   3.3363200e-02   7.0642202e-01
   3.4782400e-02   7.2477064e-01
   3.5492800e-02   7.4311927e-01
   3.5847200e-02   7.5229358e-01
   3.7621600e-02   7.6146789e-01
   3.9751200e-02   7.7064220e-01
   4.0106400e-02   7.8899083e-01
   4.1171200e-02   7.9816514e-01
   4.1880800e-02   8.0733945e-01
   4.2945600e-02   8.1651376e-01
   4.4365600e-02   8.2568807e-01
   4.5075200e-02   8.3486239e-01
   4.5430400e-02   8.4403670e-01
   4.5785600e-02   8.5321101e-01
   4.8269600e-02   8.6238532e-01
   4.9334400e-02   8.7155963e-01
   5.1108800e-02   8.8073394e-01
   5.5013600e-02   8.8990826e-01
   6.3176800e-02   8.9908257e-01
   6.6016000e-02   9.0825688e-01
   6.6725600e-02   9.1743119e-01
   6.7790400e-02   9.2660550e-01
   8.1987200e-02   9.3577982e-01
   8.8021600e-02   9.4495413e-01
   9.5120000e-02   9.5412844e-01
   1.0328320e-01   9.6330275e-01
   1.0363760e-01   9.7247706e-01
   1.0434800e-01   9.8165138e-01
   1.2919280e-01   9.9082569e-01
   1.9343360e-01   1.0000000e+00
