   3.4744000e-03   0.0000000e+00
   3.4744000e-03   3.5787321e-03
   3.9088000e-03   1.0224949e-02
   4.3432000e-03   1.9427403e-02
   4.7776000e-03   3.8854806e-02
   5.2120000e-03   7.9243354e-02
   5.6464000e-03   1.1349693e-01
   6.0800000e-03   1.6922290e-01
   6.5144000e-03   2.2546012e-01
   6.9488000e-03   2.9294479e-01
   7.3832000e-03   3.4662577e-01
   7.8176000e-03   3.9314928e-01
   8.2520000e-03   4.4631902e-01
   8.6864000e-03   4.9335378e-01
   9.1208000e-03   5.3834356e-01
   9.5544000e-03   5.6595092e-01
   9.9888000e-03   5.9815951e-01
   1.0423200e-02   6.2781186e-01
   1.0857600e-02   6.5695297e-01
   1.1292000e-02   6.8507157e-01
   1.1726400e-02   7.1216769e-01
   1.2160800e-02   7.2903885e-01
   1.2595200e-02   7.5664622e-01
   1.3029600e-02   7.7300613e-01
   1.3464000e-02   7.9294479e-01
   1.3897600e-02   8.1697342e-01
   1.4332000e-02   8.2924335e-01
   1.4766400e-02   8.4151329e-01
   1.5200800e-02   8.5685072e-01
   1.5635200e-02   8.6656442e-01
   1.6069600e-02   8.7781186e-01
   1.6504000e-02   8.9110429e-01
   1.6938400e-02   8.9570552e-01
   1.7372000e-02   9.0132924e-01
   1.7806400e-02   9.1104294e-01
   1.8240800e-02   9.1462168e-01
   1.8675200e-02   9.1871166e-01
   1.9109600e-02   9.2535787e-01
   1.9544000e-02   9.2944785e-01
   1.9978400e-02   9.3404908e-01
   2.0412800e-02   9.3762781e-01
   2.0847200e-02   9.3865031e-01
   2.1281600e-02   9.4069530e-01
   2.1715200e-02   9.4734151e-01
   2.2149600e-02   9.5092025e-01
   2.2584000e-02   9.5501022e-01
   2.3018400e-02   9.5807771e-01
   2.3452800e-02   9.5961145e-01
   2.3887200e-02   9.6114519e-01
   2.4321600e-02   9.6319018e-01
   2.4756000e-02   9.6421268e-01
   2.5190400e-02   9.6472393e-01
   2.5624000e-02   9.6523517e-01
   2.6058400e-02   9.6728016e-01
   2.6492800e-02   9.6881391e-01
   2.6927200e-02   9.7137014e-01
   2.7361600e-02   9.7290389e-01
   2.7796000e-02   9.7494888e-01
   2.8230400e-02   9.7546012e-01
   2.8664800e-02   9.7597137e-01
   2.9099200e-02   9.7750511e-01
   2.9532800e-02   9.7955010e-01
   2.9967200e-02   9.8057260e-01
   3.0401600e-02   9.8159509e-01
   3.1270400e-02   9.8210634e-01
   3.1704800e-02   9.8261759e-01
   3.2573600e-02   9.8312883e-01
   3.3007200e-02   9.8364008e-01
   3.3876000e-02   9.8466258e-01
   3.4310400e-02   9.8568507e-01
   3.5179200e-02   9.8619632e-01
   3.6916000e-02   9.8670757e-01
   3.7350400e-02   9.8773006e-01
   3.8219200e-02   9.8977505e-01
   3.8653600e-02   9.9130879e-01
   4.0391200e-02   9.9233129e-01
   4.0825600e-02   9.9284254e-01
   4.2128000e-02   9.9335378e-01
   4.6036800e-02   9.9386503e-01
   4.7774400e-02   9.9437628e-01
   4.9511200e-02   9.9488753e-01
   5.5592000e-02   9.9539877e-01
   5.9066400e-02   9.9591002e-01
   5.9935200e-02   9.9642127e-01
   6.0369600e-02   9.9744376e-01
   6.2106400e-02   9.9795501e-01
   6.2540800e-02   9.9846626e-01
   6.4712000e-02   9.9897751e-01
   7.8610400e-02   9.9948875e-01
   1.3463600e-01   1.0000000e+00
