   7.5544000e-03   0.0000000e+00
   7.5544000e-03   3.8461538e-02
   1.6700000e-02   1.1538462e-01
   1.7495200e-02   1.5384615e-01
   1.8290400e-02   2.3076923e-01
   1.9085600e-02   2.6923077e-01
   2.0278400e-02   3.0769231e-01
   2.1471200e-02   3.4615385e-01
   2.1868800e-02   3.8461538e-01
   2.2266400e-02   4.2307692e-01
   2.9820800e-02   4.6153846e-01
   3.0218400e-02   5.0000000e-01
   3.2604800e-02   5.3846154e-01
   3.6978400e-02   5.7692308e-01
   3.9364000e-02   6.1538462e-01
   4.9304000e-02   6.5384615e-01
   5.0099200e-02   6.9230769e-01
   5.2882400e-02   7.3076923e-01
   5.4075200e-02   7.6923077e-01
   5.6859200e-02   8.0769231e-01
   5.9642400e-02   8.4615385e-01
   6.2028000e-02   8.8461538e-01
   6.4811200e-02   9.2307692e-01
   7.6341600e-02   9.6153846e-01
   1.3320080e-01   1.0000000e+00
