   3.1952000e-03   0.0000000e+00
   3.1952000e-03   5.8823529e-03
   3.8336000e-03   2.3529412e-02
   4.1536000e-03   2.9411765e-02
   4.4728000e-03   3.5294118e-02
   4.7920000e-03   5.2941176e-02
   5.1120000e-03   8.2352941e-02
   5.4312000e-03   8.8235294e-02
   5.7504000e-03   1.0000000e-01
   6.0704000e-03   1.3529412e-01
   6.3896000e-03   1.5294118e-01
   6.7096000e-03   1.5882353e-01
   7.3480000e-03   1.7647059e-01
   7.6680000e-03   2.1176471e-01
   7.9872000e-03   2.2941176e-01
   8.6264000e-03   2.6470588e-01
   8.9456000e-03   2.7647059e-01
   9.2648000e-03   2.8823529e-01
   9.5848000e-03   3.0000000e-01
   9.9040000e-03   3.1176471e-01
   1.0543200e-02   3.2352941e-01
   1.0862400e-02   3.2941176e-01
   1.1182400e-02   3.4117647e-01
   1.1501600e-02   3.6470588e-01
   1.1820800e-02   3.8235294e-01
   1.2140800e-02   3.9411765e-01
   1.2460000e-02   4.1176471e-01
   1.2779200e-02   4.2352941e-01
   1.3738400e-02   4.4705882e-01
   1.4057600e-02   4.5882353e-01
   1.4376800e-02   4.7647059e-01
   1.4696800e-02   4.8235294e-01
   1.5016000e-02   5.1176471e-01
   1.5335200e-02   5.1764706e-01
   1.5655200e-02   5.2352941e-01
   1.5974400e-02   5.2941176e-01
   1.6293600e-02   5.4705882e-01
   1.6613600e-02   5.6470588e-01
   1.6932800e-02   5.7058824e-01
   1.7572000e-02   5.8823529e-01
   1.8211200e-02   5.9411765e-01
   1.8530400e-02   6.0588235e-01
   1.8849600e-02   6.2352941e-01
   1.9488800e-02   6.5294118e-01
   1.9808000e-02   6.5882353e-01
   2.1086400e-02   6.6470588e-01
   2.1405600e-02   6.7058824e-01
   2.1725600e-02   6.7647059e-01
   2.2364000e-02   6.8823529e-01
   2.2684000e-02   6.9411765e-01
   2.3961600e-02   7.0588235e-01
   2.4920000e-02   7.1176471e-01
   2.5878400e-02   7.1764706e-01
   2.6198400e-02   7.3529412e-01
   2.8434400e-02   7.4117647e-01
   2.8754400e-02   7.4705882e-01
   2.9392800e-02   7.5294118e-01
   3.0032000e-02   7.5882353e-01
   3.0351200e-02   7.7058824e-01
   3.1629600e-02   7.7647059e-01
   3.2268800e-02   7.8235294e-01
   3.3227200e-02   7.8823529e-01
   3.3546400e-02   7.9411765e-01
   3.3865600e-02   8.0588235e-01
   3.4185600e-02   8.1176471e-01
   3.5144000e-02   8.2352941e-01
   3.6741600e-02   8.3529412e-01
   3.7380000e-02   8.4117647e-01
   3.8338400e-02   8.4705882e-01
   3.9616800e-02   8.5294118e-01
   4.0575200e-02   8.5882353e-01
   4.4728800e-02   8.6470588e-01
   4.6325600e-02   8.7647059e-01
   4.7604000e-02   8.8235294e-01
   4.8243200e-02   8.8823529e-01
   4.9201600e-02   8.9411765e-01
   5.2076800e-02   9.0000000e-01
   5.2396000e-02   9.0588235e-01
   5.3674400e-02   9.1176471e-01
   5.4952000e-02   9.1764706e-01
   5.6868800e-02   9.2352941e-01
   5.9744000e-02   9.2941176e-01
   6.8690400e-02   9.3529412e-01
   7.0926400e-02   9.4117647e-01
   7.3482400e-02   9.4705882e-01
   7.4440800e-02   9.5294118e-01
   8.0830400e-02   9.5882353e-01
   8.1788800e-02   9.6470588e-01
   8.5942400e-02   9.7058824e-01
   8.9776000e-02   9.7647059e-01
   9.5527200e-02   9.8235294e-01
   1.0575040e-01   9.8823529e-01
   1.2939280e-01   9.9411765e-01
   1.4217280e-01   1.0000000e+00
