   5.7772918e-03   0.0000000e+00
   5.7772918e-03   9.7087379e-03
   7.8503151e-03   1.9417476e-02
   7.8897642e-03   2.9126214e-02
   8.2712180e-03   3.8834951e-02
   8.2919262e-03   4.8543689e-02
   9.1435332e-03   5.8252427e-02
   9.2731883e-03   6.7961165e-02
   9.5674606e-03   7.7669903e-02
   1.0029536e-02   8.7378641e-02
   1.0156896e-02   9.7087379e-02
   1.0397672e-02   1.0679612e-01
   1.0606501e-02   1.1650485e-01
   1.0784581e-02   1.3592233e-01
   1.0824365e-02   1.4563107e-01
   1.1162537e-02   1.5533981e-01
   1.1548741e-02   1.6504854e-01
   1.1776916e-02   1.7475728e-01
   1.2019427e-02   1.8446602e-01
   1.2032445e-02   1.9417476e-01
   1.2103820e-02   2.0388350e-01
   1.2294164e-02   2.1359223e-01
   1.2465921e-02   2.2330097e-01
   1.2676875e-02   2.3300971e-01
   1.2835234e-02   2.4271845e-01
   1.2967329e-02   2.5242718e-01
   1.3070616e-02   2.6213592e-01
   1.3088819e-02   2.7184466e-01
   1.3491900e-02   2.8155340e-01
   1.3565921e-02   2.9126214e-01
   1.4100952e-02   3.0097087e-01
   1.4376989e-02   3.1067961e-01
   1.4449607e-02   3.2038835e-01
   1.5180402e-02   3.3009709e-01
   1.5918330e-02   3.3980583e-01
   1.6263472e-02   3.4951456e-01
   1.6788461e-02   3.5922330e-01
   1.6809979e-02   3.6893204e-01
   1.6882376e-02   3.7864078e-01
   1.7338085e-02   3.8834951e-01
   1.7385298e-02   3.9805825e-01
   1.7431511e-02   4.0776699e-01
   1.7887689e-02   4.1747573e-01
   1.8211164e-02   4.2718447e-01
   1.8414780e-02   4.3689320e-01
   1.8864197e-02   4.4660194e-01
   1.9116056e-02   4.5631068e-01
   2.0046953e-02   4.6601942e-01
   2.1341452e-02   4.7572816e-01
   2.1362385e-02   4.8543689e-01
   2.1769580e-02   4.9514563e-01
   2.1867495e-02   5.0485437e-01
   2.2049666e-02   5.1456311e-01
   2.2073769e-02   5.2427184e-01
   2.2234883e-02   5.3398058e-01
   2.2302219e-02   5.4368932e-01
   2.2368392e-02   5.5339806e-01
   2.2371493e-02   5.6310680e-01
   2.2840720e-02   5.7281553e-01
   2.2960843e-02   5.8252427e-01
   2.3482885e-02   5.9223301e-01
   2.3508755e-02   6.0194175e-01
   2.3619992e-02   6.1165049e-01
   2.3677206e-02   6.2135922e-01
   2.3926496e-02   6.3106796e-01
   2.4207351e-02   6.4077670e-01
   2.4848791e-02   6.5048544e-01
   2.4855014e-02   6.6019417e-01
   2.5331698e-02   6.6990291e-01
   2.6101402e-02   6.7961165e-01
   2.7064845e-02   6.8932039e-01
   2.7066894e-02   6.9902913e-01
   2.7827559e-02   7.0873786e-01
   2.8983021e-02   7.1844660e-01
   2.9315067e-02   7.2815534e-01
   2.9669017e-02   7.3786408e-01
   3.0669794e-02   7.4757282e-01
   3.0979623e-02   7.5728155e-01
   3.1775325e-02   7.6699029e-01
   3.1951118e-02   7.7669903e-01
   3.2459242e-02   7.8640777e-01
   3.4673575e-02   7.9611650e-01
   3.4860204e-02   8.0582524e-01
   3.5330804e-02   8.1553398e-01
   3.7040518e-02   8.2524272e-01
   3.8438695e-02   8.3495146e-01
   3.8871609e-02   8.4466019e-01
   4.1306490e-02   8.5436893e-01
   4.2308241e-02   8.6407767e-01
   4.5364050e-02   8.7378641e-01
   4.6966744e-02   8.8349515e-01
   4.9509136e-02   8.9320388e-01
   5.2379502e-02   9.0291262e-01
   5.5241907e-02   9.1262136e-01
   5.5249935e-02   9.2233010e-01
   5.9854008e-02   9.3203883e-01
   6.1063444e-02   9.4174757e-01
   6.6438544e-02   9.5145631e-01
   6.8346940e-02   9.6116505e-01
   7.5525142e-02   9.7087379e-01
   1.2901787e-01   9.8058252e-01
   2.2829244e-01   9.9029126e-01
   2.3172704e-01   1.0000000e+00
