   3.9024000e-03   0.0000000e+00
   3.9024000e-03   9.7087379e-03
   5.0728000e-03   2.9126214e-02
   5.8536000e-03   4.8543689e-02
   6.2440000e-03   5.8252427e-02
   6.6344000e-03   6.7961165e-02
   7.0240000e-03   7.7669903e-02
   7.4144000e-03   8.7378641e-02
   7.8048000e-03   1.3592233e-01
   8.5856000e-03   1.4563107e-01
   9.3656000e-03   1.6504854e-01
   9.7560000e-03   2.0388350e-01
   1.0146400e-02   2.1359223e-01
   1.0536800e-02   2.3300971e-01
   1.0927200e-02   2.4271845e-01
   1.1707200e-02   2.5242718e-01
   1.2488000e-02   2.7184466e-01
   1.3268000e-02   2.9126214e-01
   1.3658400e-02   3.1067961e-01
   1.4829600e-02   3.2038835e-01
   1.5219200e-02   3.3009709e-01
   1.6000000e-02   3.3980583e-01
   1.6390400e-02   3.4951456e-01
   1.7560800e-02   3.6893204e-01
   1.7951200e-02   3.8834951e-01
   1.8732000e-02   4.0776699e-01
   1.9121600e-02   4.2718447e-01
   2.0683200e-02   4.3689320e-01
   2.1073600e-02   4.4660194e-01
   2.1853600e-02   4.7572816e-01
   2.2244000e-02   5.0485437e-01
   2.2634400e-02   5.1456311e-01
   2.3024800e-02   5.2427184e-01
   2.3414400e-02   5.3398058e-01
   2.3804800e-02   5.4368932e-01
   2.4585600e-02   5.5339806e-01
   2.5365600e-02   5.6310680e-01
   2.5756000e-02   5.7281553e-01
   2.7707200e-02   5.8252427e-01
   2.8878400e-02   5.9223301e-01
   2.9268000e-02   6.1165049e-01
   2.9658400e-02   6.2135922e-01
   3.0829600e-02   6.3106796e-01
   3.1219200e-02   6.4077670e-01
   3.3560800e-02   6.6019417e-01
   3.3951200e-02   6.6990291e-01
   3.4341600e-02   6.7961165e-01
   3.4732000e-02   6.8932039e-01
   3.5121600e-02   6.9902913e-01
   3.5512000e-02   7.1844660e-01
   3.7853600e-02   7.2815534e-01
   3.8634400e-02   7.5728155e-01
   3.9804800e-02   7.6699029e-01
   4.0195200e-02   7.7669903e-01
   4.0976000e-02   7.8640777e-01
   4.2146400e-02   7.9611650e-01
   4.2926400e-02   8.0582524e-01
   4.3707200e-02   8.1553398e-01
   4.5268000e-02   8.2524272e-01
   4.9170400e-02   8.3495146e-01
   4.9560800e-02   8.4466019e-01
   4.9951200e-02   8.5436893e-01
   5.3463200e-02   8.6407767e-01
   5.4634400e-02   8.7378641e-01
   5.7756000e-02   8.8349515e-01
   6.4780800e-02   8.9320388e-01
   6.5951200e-02   9.0291262e-01
   8.0780800e-02   9.1262136e-01
   8.1951200e-02   9.2233010e-01
   9.4439200e-02   9.3203883e-01
   1.2643920e-01   9.4174757e-01
   1.3658560e-01   9.5145631e-01
   1.4439040e-01   9.6116505e-01
   1.5609760e-01   9.7087379e-01
   1.6273200e-01   9.8058252e-01
   2.0839040e-01   9.9029126e-01
   2.4507280e-01   1.0000000e+00
