   5.0952000e-03   0.0000000e+00
   5.0952000e-03   1.4492754e-02
   8.0680000e-03   2.8985507e-02
   8.4928000e-03   5.7971014e-02
   9.3416000e-03   7.2463768e-02
   1.0191200e-02   1.0144928e-01
   1.0616000e-02   1.1594203e-01
   1.1040000e-02   1.3043478e-01
   1.1464800e-02   1.4492754e-01
   1.2314400e-02   1.5942029e-01
   1.2739200e-02   1.7391304e-01
   1.3588000e-02   1.8840580e-01
   1.4012800e-02   2.1739130e-01
   1.4437600e-02   2.3188406e-01
   1.4862400e-02   2.4637681e-01
   1.5286400e-02   2.6086957e-01
   1.5711200e-02   2.8985507e-01
   1.6136000e-02   3.1884058e-01
   1.6984800e-02   3.4782609e-01
   1.7834400e-02   3.7681159e-01
   1.9108000e-02   4.2028986e-01
   1.9957600e-02   4.4927536e-01
   2.0807200e-02   4.6376812e-01
   2.2080800e-02   4.7826087e-01
   2.3354400e-02   4.9275362e-01
   2.5477600e-02   5.0724638e-01
   2.6327200e-02   5.3623188e-01
   2.6751200e-02   5.5072464e-01
   2.7176000e-02   5.7971014e-01
   2.8025600e-02   5.9420290e-01
   2.9299200e-02   6.0869565e-01
   3.0573600e-02   6.2318841e-01
   3.1847200e-02   6.3768116e-01
   3.4395200e-02   6.6666667e-01
   3.4819200e-02   6.8115942e-01
   3.9915200e-02   6.9565217e-01
   4.1188800e-02   7.1014493e-01
   4.2038400e-02   7.2463768e-01
   4.2887200e-02   7.5362319e-01
   4.3736800e-02   7.6811594e-01
   4.4161600e-02   7.8260870e-01
   4.5860000e-02   7.9710145e-01
   4.7558400e-02   8.1159420e-01
   5.0106400e-02   8.4057971e-01
   5.1380000e-02   8.6956522e-01
   6.5392800e-02   8.8405797e-01
   6.7091200e-02   8.9855072e-01
   6.7516000e-02   9.1304348e-01
   7.0064000e-02   9.2753623e-01
   8.1528800e-02   9.4202899e-01
   8.3227200e-02   9.5652174e-01
   1.2611440e-01   9.7101449e-01
   1.5456480e-01   9.8550725e-01
   1.8811040e-01   1.0000000e+00
