   2.0200000e-03   0.0000000e+00
   2.0200000e-03   1.5723270e-03
   2.6936000e-03   4.7169811e-03
   3.3672000e-03   6.2893082e-03
   3.7040000e-03   1.2578616e-02
   4.0408000e-03   1.4150943e-02
   4.3768000e-03   2.0440252e-02
   4.7136000e-03   3.1446541e-02
   5.0504000e-03   4.5597484e-02
   5.3872000e-03   5.5031447e-02
   5.7240000e-03   6.6037736e-02
   6.0608000e-03   8.0188679e-02
   6.3976000e-03   1.0062893e-01
   6.7344000e-03   1.1163522e-01
   7.0704000e-03   1.3050314e-01
   7.4072000e-03   1.6352201e-01
   7.7440000e-03   1.7924528e-01
   8.0808000e-03   2.0597484e-01
   8.4176000e-03   2.2327044e-01
   8.7544000e-03   2.5943396e-01
   9.0912000e-03   2.6729560e-01
   9.4272000e-03   2.8301887e-01
   9.7640000e-03   2.8930818e-01
   1.0100800e-02   3.1446541e-01
   1.0437600e-02   3.2704403e-01
   1.0774400e-02   3.4119497e-01
   1.1111200e-02   3.6320755e-01
   1.1448000e-02   3.7893082e-01
   1.1784800e-02   4.0251572e-01
   1.2121600e-02   4.1352201e-01
   1.2457600e-02   4.3553459e-01
   1.2794400e-02   4.4811321e-01
   1.3131200e-02   4.7169811e-01
   1.3468000e-02   4.8113208e-01
   1.3804800e-02   5.1415094e-01
   1.4141600e-02   5.2672956e-01
   1.4478400e-02   5.3930818e-01
   1.4815200e-02   5.5817610e-01
   1.5151200e-02   5.7232704e-01
   1.5488000e-02   5.7861635e-01
   1.5824800e-02   5.9276730e-01
   1.6161600e-02   6.0691824e-01
   1.6498400e-02   6.1320755e-01
   1.6835200e-02   6.1949686e-01
   1.7172000e-02   6.2106918e-01
   1.7508000e-02   6.3679245e-01
   1.7844800e-02   6.4779874e-01
   1.8181600e-02   6.5566038e-01
   1.8518400e-02   6.6194969e-01
   1.8855200e-02   6.7138365e-01
   1.9192000e-02   6.8396226e-01
   1.9528800e-02   6.8553459e-01
   1.9865600e-02   6.9025157e-01
   2.0202400e-02   6.9182390e-01
   2.0538400e-02   7.0125786e-01
   2.0875200e-02   7.0911950e-01
   2.1212000e-02   7.2169811e-01
   2.1548800e-02   7.2641509e-01
   2.1885600e-02   7.3427673e-01
   2.2222400e-02   7.3742138e-01
   2.2559200e-02   7.4056604e-01
   2.2895200e-02   7.4528302e-01
   2.3232000e-02   7.4842767e-01
   2.3568800e-02   7.5314465e-01
   2.4242400e-02   7.5471698e-01
   2.4579200e-02   7.5628931e-01
   2.4916000e-02   7.5943396e-01
   2.5252800e-02   7.6257862e-01
   2.5589600e-02   7.6572327e-01
   2.5925600e-02   7.6886792e-01
   2.6262400e-02   7.8459119e-01
   2.6936000e-02   7.8930818e-01
   2.7272800e-02   7.9245283e-01
   2.7609600e-02   7.9559748e-01
   2.7946400e-02   8.0188679e-01
   2.8283200e-02   8.0503145e-01
   2.8619200e-02   8.1132075e-01
   2.8956000e-02   8.1289308e-01
   2.9292800e-02   8.1446541e-01
   2.9629600e-02   8.1603774e-01
   2.9966400e-02   8.2547170e-01
   3.0303200e-02   8.2704403e-01
   3.0640000e-02   8.3018868e-01
   3.0976000e-02   8.3176101e-01
   3.1312800e-02   8.3333333e-01
   3.1649600e-02   8.3490566e-01
   3.1986400e-02   8.4119497e-01
   3.2323200e-02   8.4276730e-01
   3.2660000e-02   8.4591195e-01
   3.2996800e-02   8.5377358e-01
   3.3333600e-02   8.5691824e-01
   3.3669600e-02   8.6163522e-01
   3.4006400e-02   8.6477987e-01
   3.4343200e-02   8.6635220e-01
   3.4680000e-02   8.6792453e-01
   3.5016800e-02   8.7893082e-01
   3.5353600e-02   8.8050314e-01
   3.5690400e-02   8.8207547e-01
   3.6027200e-02   8.8364780e-01
   3.6364000e-02   8.8522013e-01
   3.7036800e-02   8.8679245e-01
   3.7373600e-02   8.8836478e-01
   3.8047200e-02   8.9465409e-01
   3.8384000e-02   8.9622642e-01
   3.8720800e-02   9.0094340e-01
   3.9393600e-02   9.0251572e-01
   3.9730400e-02   9.0408805e-01
   4.0067200e-02   9.0566038e-01
   4.0404000e-02   9.0880503e-01
   4.0740800e-02   9.1352201e-01
   4.1077600e-02   9.1666667e-01
   4.1414400e-02   9.1823899e-01
   4.1751200e-02   9.1981132e-01
   4.2087200e-02   9.2138365e-01
   4.2424000e-02   9.2610063e-01
   4.2760800e-02   9.2924528e-01
   4.3771200e-02   9.3238994e-01
   4.4444800e-02   9.3396226e-01
   4.5117600e-02   9.3553459e-01
   4.6128000e-02   9.3710692e-01
   4.7474400e-02   9.3867925e-01
   4.7811200e-02   9.4025157e-01
   4.8821600e-02   9.4182390e-01
   4.9158400e-02   9.4339623e-01
   4.9495200e-02   9.4496855e-01
   5.0168000e-02   9.4654088e-01
   5.0504800e-02   9.4811321e-01
   5.1852000e-02   9.4968553e-01
   5.2188800e-02   9.5125786e-01
   5.2861600e-02   9.5283019e-01
   5.3198400e-02   9.5440252e-01
   5.3535200e-02   9.5754717e-01
   5.4545600e-02   9.5911950e-01
   5.5219200e-02   9.6069182e-01
   5.6902400e-02   9.6226415e-01
   5.7576000e-02   9.6383648e-01
   5.7912800e-02   9.6540881e-01
   5.8248800e-02   9.6698113e-01
   5.8922400e-02   9.7012579e-01
   6.0269600e-02   9.7327044e-01
   6.1279200e-02   9.7484277e-01
   6.1952800e-02   9.7641509e-01
   6.4646400e-02   9.7955975e-01
   6.5656800e-02   9.8113208e-01
   6.8687200e-02   9.8270440e-01
   6.9023200e-02   9.8427673e-01
   7.1380800e-02   9.8742138e-01
   7.4410400e-02   9.8899371e-01
   7.5420800e-02   9.9056604e-01
   7.7440800e-02   9.9213836e-01
   8.3501600e-02   9.9371069e-01
   9.1919200e-02   9.9528302e-01
   9.3602400e-02   9.9685535e-01
   1.0471360e-01   9.9842767e-01
   1.1750880e-01   1.0000000e+00
