   4.8784000e-03   0.0000000e+00
   4.8784000e-03   6.4239829e-03
   5.2032000e-03   1.0706638e-02
   5.5288000e-03   1.4989293e-02
   5.8536000e-03   1.9271949e-02
   6.1792000e-03   3.2119914e-02
   6.5040000e-03   3.6402570e-02
   6.8296000e-03   5.9957173e-02
   7.1544000e-03   6.4239829e-02
   7.4800000e-03   7.9229122e-02
   7.8048000e-03   8.5653105e-02
   8.1304000e-03   1.0064240e-01
   8.4552000e-03   1.0706638e-01
   8.7808000e-03   1.3276231e-01
   9.1056000e-03   1.4561028e-01
   9.4312000e-03   1.6702355e-01
   9.7560000e-03   1.7130621e-01
   1.0081600e-02   1.8415418e-01
   1.0406400e-02   1.9700214e-01
   1.0732000e-02   2.1627409e-01
   1.1056800e-02   2.2912206e-01
   1.1382400e-02   2.4625268e-01
   1.1707200e-02   2.5481799e-01
   1.2032800e-02   2.6980728e-01
   1.2357600e-02   2.8907923e-01
   1.2683200e-02   3.1049251e-01
   1.3008000e-02   3.2762313e-01
   1.3333600e-02   3.4261242e-01
   1.3658400e-02   3.6402570e-01
   1.3984000e-02   3.6616702e-01
   1.4308800e-02   3.7687366e-01
   1.4634400e-02   3.8758030e-01
   1.4959200e-02   4.1327623e-01
   1.5284800e-02   4.1970021e-01
   1.5609600e-02   4.5182013e-01
   1.5935200e-02   4.5396146e-01
   1.6260000e-02   4.7751606e-01
   1.6585600e-02   4.7965739e-01
   1.6910400e-02   4.8822270e-01
   1.7236000e-02   4.9678801e-01
   1.7560800e-02   5.0963597e-01
   1.7886400e-02   5.1820128e-01
   1.8211200e-02   5.2462527e-01
   1.8536800e-02   5.3747323e-01
   1.8861600e-02   5.4603854e-01
   1.9187200e-02   5.5246253e-01
   1.9512000e-02   5.6531049e-01
   1.9837600e-02   5.7815846e-01
   2.0162400e-02   5.8672377e-01
   2.0488000e-02   5.9528908e-01
   2.0812800e-02   6.0171306e-01
   2.1138400e-02   6.2526767e-01
   2.1463200e-02   6.2955032e-01
   2.1788800e-02   6.3597430e-01
   2.2439200e-02   6.4882227e-01
   2.2764000e-02   6.5096360e-01
   2.3089600e-02   6.6167024e-01
   2.3414400e-02   6.6595289e-01
   2.3740000e-02   6.8522484e-01
   2.4390400e-02   6.9164882e-01
   2.4715200e-02   6.9379015e-01
   2.5040800e-02   7.0021413e-01
   2.5365600e-02   7.0663812e-01
   2.5691200e-02   7.1092077e-01
   2.6341600e-02   7.1734475e-01
   2.6992000e-02   7.1948608e-01
   2.7316800e-02   7.2805139e-01
   2.7642400e-02   7.3233405e-01
   2.8292800e-02   7.3447537e-01
   2.8617600e-02   7.4304069e-01
   2.8943200e-02   7.4732334e-01
   2.9268000e-02   7.5160600e-01
   2.9918400e-02   7.5374732e-01
   3.0568800e-02   7.5802998e-01
   3.1219200e-02   7.6659529e-01
   3.1869600e-02   7.7730193e-01
   3.2195200e-02   7.8158458e-01
   3.2520000e-02   7.8372591e-01
   3.3170400e-02   7.9014989e-01
   3.3496000e-02   7.9657388e-01
   3.3820800e-02   8.0513919e-01
   3.4471200e-02   8.1156317e-01
   3.4796800e-02   8.1584582e-01
   3.5772000e-02   8.1798715e-01
   3.6097600e-02   8.2012848e-01
   3.6422400e-02   8.2655246e-01
   3.6748000e-02   8.3083512e-01
   3.7073600e-02   8.3725910e-01
   3.7398400e-02   8.3940043e-01
   3.7724000e-02   8.4154176e-01
   3.8699200e-02   8.4582441e-01
   3.9349600e-02   8.4796574e-01
   3.9674400e-02   8.5010707e-01
   4.0000000e-02   8.5224839e-01
   4.0650400e-02   8.5438972e-01
   4.0976000e-02   8.5867238e-01
   4.1300800e-02   8.6081370e-01
   4.1626400e-02   8.6295503e-01
   4.1951200e-02   8.6509636e-01
   4.2276000e-02   8.6723769e-01
   4.2601600e-02   8.6937901e-01
   4.2926400e-02   8.7152034e-01
   4.3252000e-02   8.7366167e-01
   4.4878400e-02   8.7580300e-01
   4.5203200e-02   8.8008565e-01
   4.6179200e-02   8.8222698e-01
   4.6829600e-02   8.8436831e-01
   4.7480000e-02   8.8650964e-01
   4.7804800e-02   8.8865096e-01
   4.8130400e-02   8.9079229e-01
   4.8780800e-02   8.9507495e-01
   4.9105600e-02   8.9721627e-01
   5.0081600e-02   9.0149893e-01
   5.0406400e-02   9.0364026e-01
   5.0732000e-02   9.0578158e-01
   5.1382400e-02   9.0792291e-01
   5.2357600e-02   9.1006424e-01
   5.2683200e-02   9.1220557e-01
   5.3008000e-02   9.1434690e-01
   5.4634400e-02   9.1648822e-01
   5.4959200e-02   9.1862955e-01
   5.5609600e-02   9.2077088e-01
   5.6910400e-02   9.2291221e-01
   5.7560800e-02   9.2505353e-01
   5.7886400e-02   9.2719486e-01
   5.8861600e-02   9.2933619e-01
   6.2764000e-02   9.3147752e-01
   6.3089600e-02   9.3361884e-01
   6.3414400e-02   9.3576017e-01
   6.5691200e-02   9.3790150e-01
   6.6341600e-02   9.4004283e-01
   6.7642400e-02   9.4218415e-01
   6.8617600e-02   9.4432548e-01
   6.8943200e-02   9.4646681e-01
   7.0244000e-02   9.4860814e-01
   7.1544800e-02   9.5074946e-01
   7.2520000e-02   9.5289079e-01
   7.3170400e-02   9.5503212e-01
   7.3820800e-02   9.5717345e-01
   7.4146400e-02   9.5931478e-01
   7.4471200e-02   9.6145610e-01
   7.5121600e-02   9.6359743e-01
   7.6097600e-02   9.6573876e-01
   8.0000000e-02   9.6788009e-01
   8.1951200e-02   9.7002141e-01
   8.3577600e-02   9.7216274e-01
   8.7480000e-02   9.7644540e-01
   8.8455200e-02   9.7858672e-01
   9.1382400e-02   9.8072805e-01
   9.6260000e-02   9.8286938e-01
   9.7886400e-02   9.8501071e-01
   9.8861600e-02   9.8715203e-01
   9.9837600e-02   9.8929336e-01
   1.1642240e-01   9.9143469e-01
   1.1804880e-01   9.9357602e-01
   1.2585360e-01   9.9571734e-01
   1.2682960e-01   9.9785867e-01
   1.5934960e-01   1.0000000e+00
