   2.7584000e-03   0.0000000e+00
   2.7584000e-03   2.3566379e-03
   3.5464000e-03   1.0212097e-02
   3.9408000e-03   2.2780833e-02
   4.3352000e-03   3.6920660e-02
   4.7288000e-03   5.2631579e-02
   5.1232000e-03   8.6410055e-02
   5.5176000e-03   1.0369207e-01
   5.9112000e-03   1.2647290e-01
   6.3056000e-03   1.7282011e-01
   6.6992000e-03   1.9324430e-01
   7.0936000e-03   2.1131186e-01
   7.4880000e-03   2.8279654e-01
   7.8816000e-03   2.9536528e-01
   8.2760000e-03   3.2678712e-01
   8.6696000e-03   3.6213668e-01
   9.0640000e-03   3.8020424e-01
   9.4584000e-03   3.9670071e-01
   9.8520000e-03   4.2419482e-01
   1.0246400e-02   4.4619010e-01
   1.0640000e-02   4.7132757e-01
   1.1034400e-02   4.9096622e-01
   1.1428800e-02   5.1453260e-01
   1.1822400e-02   5.2945797e-01
   1.2216800e-02   5.4045562e-01
   1.2610400e-02   5.6873527e-01
   1.3004800e-02   5.8208955e-01
   1.3399200e-02   5.9701493e-01
   1.3792800e-02   6.2215240e-01
   1.4187200e-02   6.3550668e-01
   1.4581600e-02   6.4964650e-01
   1.4975200e-02   6.7321288e-01
   1.5369600e-02   6.7949725e-01
   1.5763200e-02   6.9442262e-01
   1.6157600e-02   7.1406127e-01
   1.6552000e-02   7.2113119e-01
   1.6945600e-02   7.3527101e-01
   1.7340000e-02   7.4705420e-01
   1.7733600e-02   7.5490966e-01
   1.8128000e-02   7.6433621e-01
   1.8522400e-02   7.7140613e-01
   1.8916000e-02   7.8711705e-01
   1.9310400e-02   7.9418696e-01
   1.9704000e-02   8.0047133e-01
   2.0098400e-02   8.0911233e-01
   2.0492800e-02   8.1618225e-01
   2.0886400e-02   8.2168107e-01
   2.1280800e-02   8.3267871e-01
   2.1675200e-02   8.3503535e-01
   2.2068800e-02   8.4210526e-01
   2.2463200e-02   8.5545954e-01
   2.2856800e-02   8.5781618e-01
   2.3251200e-02   8.6331500e-01
   2.3645600e-02   8.7274156e-01
   2.4039200e-02   8.7352710e-01
   2.4827200e-02   8.7509819e-01
   2.5221600e-02   8.7902592e-01
   2.5616000e-02   8.8295365e-01
   2.6009600e-02   8.8609584e-01
   2.6404000e-02   8.8845247e-01
   2.6797600e-02   8.9002357e-01
   2.7192000e-02   8.9238020e-01
   2.7586400e-02   8.9630793e-01
   2.7980000e-02   9.0023566e-01
   2.8374400e-02   9.0102121e-01
   2.8768800e-02   9.0887667e-01
   2.9162400e-02   9.1123331e-01
   2.9556800e-02   9.1516104e-01
   2.9950400e-02   9.1987431e-01
   3.0344800e-02   9.2301650e-01
   3.0739200e-02   9.2458759e-01
   3.1132800e-02   9.2615868e-01
   3.1527200e-02   9.2772977e-01
   3.1920800e-02   9.3165750e-01
   3.2315200e-02   9.3322859e-01
   3.2709600e-02   9.3637078e-01
   3.3103200e-02   9.3794187e-01
   3.3497600e-02   9.3872742e-01
   3.3891200e-02   9.4108405e-01
   3.4285600e-02   9.4265515e-01
   3.4680000e-02   9.4422624e-01
   3.5073600e-02   9.4579733e-01
   3.5468000e-02   9.5051060e-01
   3.5862400e-02   9.5129615e-01
   3.6256000e-02   9.5365279e-01
   3.6650400e-02   9.5522388e-01
   3.7044000e-02   9.5600943e-01
   3.7438400e-02   9.5758052e-01
   3.7832800e-02   9.5915161e-01
   3.8226400e-02   9.5993716e-01
   3.8620800e-02   9.6072270e-01
   3.9014400e-02   9.6150825e-01
   3.9408800e-02   9.6229379e-01
   3.9803200e-02   9.6307934e-01
   4.0984800e-02   9.6386489e-01
   4.1773600e-02   9.6465043e-01
   4.2167200e-02   9.6543598e-01
   4.2561600e-02   9.6622152e-01
   4.2956000e-02   9.6700707e-01
   4.3744000e-02   9.7014925e-01
   4.4137600e-02   9.7093480e-01
   4.6108000e-02   9.7172035e-01
   4.6896800e-02   9.7250589e-01
   4.7290400e-02   9.7329144e-01
   5.0443200e-02   9.7407698e-01
   5.1231200e-02   9.7486253e-01
   5.1625600e-02   9.7564808e-01
   5.2413600e-02   9.7643362e-01
   5.2808000e-02   9.7721917e-01
   5.3202400e-02   9.7800471e-01
   5.4384000e-02   9.7879026e-01
   5.4778400e-02   9.7957581e-01
   5.5172000e-02   9.8036135e-01
   5.5566400e-02   9.8114690e-01
   5.7143200e-02   9.8193244e-01
   6.1872000e-02   9.8271799e-01
   6.2660000e-02   9.8350353e-01
   6.3054400e-02   9.8428908e-01
   6.6600800e-02   9.8507463e-01
   6.8571200e-02   9.8586017e-01
   6.8965600e-02   9.8664572e-01
   7.2512000e-02   9.8743126e-01
   7.3694400e-02   9.8821681e-01
   7.4482400e-02   9.8900236e-01
   7.7635200e-02   9.8978790e-01
   7.9605600e-02   9.9057345e-01
   8.0000000e-02   9.9135899e-01
   8.5517600e-02   9.9293009e-01
   8.8669600e-02   9.9371563e-01
   9.0640000e-02   9.9450118e-01
   9.4975200e-02   9.9528672e-01
   1.0049280e-01   9.9607227e-01
   1.0640400e-01   9.9685782e-01
   1.1270960e-01   9.9764336e-01
   1.3123120e-01   9.9842891e-01
   1.3320160e-01   9.9921445e-01
   2.1438400e-01   1.0000000e+00
