   4.2872000e-03   0.0000000e+00
   4.2872000e-03   2.6315789e-02
   6.0024000e-03   7.8947368e-02
   6.4312000e-03   1.0526316e-01
   7.2880000e-03   1.3157895e-01
   8.1456000e-03   1.8421053e-01
   9.8608000e-03   2.3684211e-01
   1.0718400e-02   2.8947368e-01
   1.1575200e-02   3.4210526e-01
   1.2004000e-02   3.9473684e-01
   1.2861600e-02   4.2105263e-01
   1.3290400e-02   4.4736842e-01
   1.3719200e-02   5.0000000e-01
   1.4148000e-02   5.2631579e-01
   1.5434400e-02   5.5263158e-01
   1.5862400e-02   6.3157895e-01
   1.6291200e-02   6.5789474e-01
   1.7148800e-02   6.8421053e-01
   1.8435200e-02   7.1052632e-01
   2.1007200e-02   7.3684211e-01
   2.2722400e-02   7.6315789e-01
   2.7867200e-02   7.8947368e-01
   3.3440800e-02   8.1578947e-01
   3.9013600e-02   8.4210526e-01
   3.9442400e-02   8.6842105e-01
   4.2872800e-02   8.9473684e-01
   5.9164000e-02   9.2105263e-01
   6.1307200e-02   9.4736842e-01
   7.3312000e-02   9.7368421e-01
   1.4190800e-01   1.0000000e+00
