   4.7396872e-03   0.0000000e+00
   4.7396872e-03   5.7077626e-04
   5.3100972e-03   1.7123288e-03
   5.3653163e-03   2.2831050e-03
   5.6419825e-03   2.8538813e-03
   5.7314118e-03   3.4246575e-03
   5.9359507e-03   4.5662100e-03
   5.9911959e-03   5.1369863e-03
   6.0228853e-03   6.2785388e-03
   6.2447779e-03   7.4200913e-03
   6.2688094e-03   7.9908676e-03
   6.2834985e-03   9.7031963e-03
   6.3838296e-03   1.0273973e-02
   6.5005297e-03   1.1986301e-02
   6.5663679e-03   1.2557078e-02
   6.6172548e-03   1.3698630e-02
   6.6302705e-03   1.4840183e-02
   6.7306934e-03   1.5410959e-02
   6.7520078e-03   1.5981735e-02
   6.8687443e-03   1.9406393e-02
   6.8956364e-03   2.0547945e-02
   6.8989362e-03   2.1118721e-02
   6.9292652e-03   2.1689498e-02
   6.9789524e-03   2.2260274e-02
   6.9854718e-03   2.2831050e-02
   7.1167112e-03   2.3401826e-02
   7.1195541e-03   2.3972603e-02
   7.1270116e-03   2.4543379e-02
   7.1873348e-03   2.6255708e-02
   7.1881665e-03   2.9680365e-02
   7.2409702e-03   3.3105023e-02
   7.2434465e-03   3.4817352e-02
   7.3485713e-03   3.5958904e-02
   7.3519468e-03   3.7100457e-02
   7.4931883e-03   3.8812785e-02
   7.5065101e-03   3.9383562e-02
   7.5162565e-03   4.2808219e-02
   7.5224633e-03   4.7374429e-02
   7.5918598e-03   5.3082192e-02
   7.6034769e-03   5.3652968e-02
   7.7171822e-03   5.5365297e-02
   7.7346036e-03   5.5936073e-02
   7.8092381e-03   5.8219178e-02
   7.8144473e-03   6.4497717e-02
   7.8548581e-03   7.0776256e-02
   7.8697394e-03   7.3630137e-02
   7.8904556e-03   7.4771689e-02
   7.9140537e-03   7.5342466e-02
   7.9491971e-03   7.7625571e-02
   7.9740725e-03   7.8196347e-02
   8.1179996e-03   8.3333333e-02
   8.1356552e-03   8.9041096e-02
   8.1373132e-03   8.9611872e-02
   8.1492902e-03   9.3036530e-02
   8.2007436e-03   9.8744292e-02
   8.2283516e-03   1.0102740e-01
   8.2782295e-03   1.0216895e-01
   8.3127210e-03   1.0445205e-01
   8.3544916e-03   1.0559361e-01
   8.4324730e-03   1.1529680e-01
   8.4408093e-03   1.1815068e-01
   8.4697278e-03   1.1929224e-01
   8.4700817e-03   1.2214612e-01
   8.4961110e-03   1.2557078e-01
   8.5535836e-03   1.2899543e-01
   8.5975268e-03   1.3184932e-01
   8.6816544e-03   1.3641553e-01
   8.7360063e-03   1.3698630e-01
   8.7436803e-03   1.4383562e-01
   8.7555697e-03   1.5410959e-01
   8.7761172e-03   1.5981735e-01
   8.8121439e-03   1.6609589e-01
   8.8541290e-03   1.6780822e-01
   8.9125521e-03   1.7465753e-01
   8.9286813e-03   1.7522831e-01
   8.9747665e-03   1.7751142e-01
   9.0553361e-03   1.7808219e-01
   9.0556803e-03   1.8664384e-01
   9.0677956e-03   1.9406393e-01
   9.0868915e-03   2.0205479e-01
   9.1231535e-03   2.0662100e-01
   9.1369082e-03   2.0833333e-01
   9.1609865e-03   2.1404110e-01
   9.2208767e-03   2.1518265e-01
   9.2385315e-03   2.1632420e-01
   9.2769377e-03   2.1860731e-01
   9.3383924e-03   2.1917808e-01
   9.3596489e-03   2.2146119e-01
   9.3690083e-03   2.2831050e-01
   9.3764034e-03   2.3573059e-01
   9.4040744e-03   2.4143836e-01
   9.4255711e-03   2.5684932e-01
   9.4332019e-03   2.5970320e-01
   9.4597907e-03   2.6027397e-01
   9.4794987e-03   2.6141553e-01
   9.5158637e-03   2.6826484e-01
   9.5376785e-03   2.6940639e-01
   9.5958929e-03   2.7111872e-01
   9.6278163e-03   2.7226027e-01
   9.6461267e-03   2.7739726e-01
   9.6793550e-03   2.8767123e-01
   9.6948447e-03   2.9223744e-01
   9.7049850e-03   3.0022831e-01
   9.7501580e-03   3.0308219e-01
   9.7512691e-03   3.0479452e-01
   9.7708433e-03   3.1278539e-01
   9.8147685e-03   3.1506849e-01
   9.8446681e-03   3.1792237e-01
   9.8761252e-03   3.2191781e-01
   9.9438001e-03   3.2248858e-01
   9.9782454e-03   3.2305936e-01
   9.9950793e-03   3.3105023e-01
   9.9979851e-03   3.4246575e-01
   1.0019588e-02   3.4760274e-01
   1.0030901e-02   3.5102740e-01
   1.0040654e-02   3.6130137e-01
   1.0105552e-02   3.6358447e-01
   1.0122034e-02   3.7214612e-01
   1.0148847e-02   3.7328767e-01
   1.0171376e-02   3.7385845e-01
   1.0199621e-02   3.7442922e-01
   1.0217716e-02   3.7614155e-01
   1.0241203e-02   3.8184932e-01
   1.0303951e-02   3.9611872e-01
   1.0321365e-02   3.9954338e-01
   1.0324132e-02   4.0696347e-01
   1.0354643e-02   4.0753425e-01
   1.0376684e-02   4.1038813e-01
   1.0382722e-02   4.1780822e-01
   1.0396861e-02   4.2009132e-01
   1.0469307e-02   4.2751142e-01
   1.0478547e-02   4.3949772e-01
   1.0530450e-02   4.4006849e-01
   1.0551710e-02   4.4121005e-01
   1.0587400e-02   4.4235160e-01
   1.0597809e-02   4.4292237e-01
   1.0610599e-02   4.4463470e-01
   1.0620706e-02   4.5205479e-01
   1.0620752e-02   4.5890411e-01
   1.0657105e-02   4.6289954e-01
   1.0657728e-02   4.6461187e-01
   1.0661612e-02   4.6518265e-01
   1.0730577e-02   4.7317352e-01
   1.0731253e-02   4.7545662e-01
   1.0769668e-02   4.7602740e-01
   1.0777546e-02   4.7716895e-01
   1.0810975e-02   4.7773973e-01
   1.0839858e-02   4.8287671e-01
   1.0840583e-02   4.8515982e-01
   1.0928328e-02   4.8915525e-01
   1.0944660e-02   4.9600457e-01
   1.0947920e-02   4.9942922e-01
   1.0959274e-02   5.0057078e-01
   1.0977796e-02   5.0285388e-01
   1.0983878e-02   5.0456621e-01
   1.0996284e-02   5.0970320e-01
   1.1003245e-02   5.1426941e-01
   1.1083676e-02   5.1826484e-01
   1.1093766e-02   5.1883562e-01
   1.1161293e-02   5.2168950e-01
   1.1161712e-02   5.2226027e-01
   1.1205503e-02   5.2682648e-01
   1.1218633e-02   5.2910959e-01
   1.1243422e-02   5.3196347e-01
   1.1246553e-02   5.3481735e-01
   1.1275192e-02   5.3881279e-01
   1.1284555e-02   5.4623288e-01
   1.1341113e-02   5.5079909e-01
   1.1357079e-02   5.5479452e-01
   1.1360658e-02   5.5593607e-01
   1.1370540e-02   5.5650685e-01
   1.1371034e-02   5.5707763e-01
   1.1376297e-02   5.5764840e-01
   1.1441532e-02   5.6050228e-01
   1.1471709e-02   5.6107306e-01
   1.1547798e-02   5.6392694e-01
   1.1552971e-02   5.6621005e-01
   1.1565419e-02   5.7077626e-01
   1.1566267e-02   5.7134703e-01
   1.1574505e-02   5.7477169e-01
   1.1575071e-02   5.7819635e-01
   1.1602794e-02   5.8219178e-01
   1.1610462e-02   5.8276256e-01
   1.1611741e-02   5.8732877e-01
   1.1629834e-02   5.9075342e-01
   1.1691091e-02   5.9303653e-01
   1.1718478e-02   5.9474886e-01
   1.1734033e-02   5.9531963e-01
   1.1740601e-02   5.9703196e-01
   1.1803712e-02   6.0045662e-01
   1.1866572e-02   6.0273973e-01
   1.1872462e-02   6.0616438e-01
   1.1878177e-02   6.0673516e-01
   1.1893759e-02   6.0901826e-01
   1.1911382e-02   6.1358447e-01
   1.1948198e-02   6.1529680e-01
   1.1953799e-02   6.1986301e-01
   1.1983009e-02   6.2271689e-01
   1.1992479e-02   6.2500000e-01
   1.2012558e-02   6.2557078e-01
   1.2045771e-02   6.2899543e-01
   1.2086762e-02   6.3184932e-01
   1.2124137e-02   6.3356164e-01
   1.2162910e-02   6.3413242e-01
   1.2169831e-02   6.3584475e-01
   1.2175271e-02   6.3641553e-01
   1.2177838e-02   6.3926941e-01
   1.2186800e-02   6.4269406e-01
   1.2201115e-02   6.4440639e-01
   1.2221823e-02   6.4497717e-01
   1.2227930e-02   6.4783105e-01
   1.2256447e-02   6.4840183e-01
   1.2300906e-02   6.5182648e-01
   1.2325275e-02   6.5353881e-01
   1.2328781e-02   6.5410959e-01
   1.2343404e-02   6.5525114e-01
   1.2387167e-02   6.5696347e-01
   1.2387530e-02   6.5753425e-01
   1.2404747e-02   6.5810502e-01
   1.2415876e-02   6.5981735e-01
   1.2461322e-02   6.6038813e-01
   1.2490089e-02   6.6381279e-01
   1.2498464e-02   6.6837900e-01
   1.2509554e-02   6.6952055e-01
   1.2513148e-02   6.7351598e-01
   1.2538209e-02   6.7465753e-01
   1.2540245e-02   6.7636986e-01
   1.2567468e-02   6.7979452e-01
   1.2609029e-02   6.8207763e-01
   1.2609334e-02   6.8321918e-01
   1.2627366e-02   6.8378995e-01
   1.2652646e-02   6.8664384e-01
   1.2704592e-02   6.8721461e-01
   1.2710403e-02   6.9121005e-01
   1.2722078e-02   6.9235160e-01
   1.2768349e-02   6.9406393e-01
   1.2786395e-02   6.9520548e-01
   1.2802897e-02   6.9748858e-01
   1.2808712e-02   6.9920091e-01
   1.2827746e-02   7.0091324e-01
   1.2845149e-02   7.0319635e-01
   1.2883081e-02   7.0376712e-01
   1.2911949e-02   7.0490868e-01
   1.2913249e-02   7.0547945e-01
   1.2968513e-02   7.0605023e-01
   1.3001742e-02   7.0719178e-01
   1.3009321e-02   7.0947489e-01
   1.3083452e-02   7.1175799e-01
   1.3113922e-02   7.1461187e-01
   1.3124544e-02   7.1632420e-01
   1.3133243e-02   7.1803653e-01
   1.3134876e-02   7.1917808e-01
   1.3165036e-02   7.2089041e-01
   1.3182375e-02   7.2203196e-01
   1.3189750e-02   7.2260274e-01
   1.3235124e-02   7.2374429e-01
   1.3287287e-02   7.2431507e-01
   1.3362944e-02   7.2488584e-01
   1.3369243e-02   7.2831050e-01
   1.3428121e-02   7.2888128e-01
   1.3431080e-02   7.2945205e-01
   1.3454395e-02   7.3287671e-01
   1.3462046e-02   7.3515982e-01
   1.3463255e-02   7.3573059e-01
   1.3471070e-02   7.3630137e-01
   1.3479187e-02   7.3687215e-01
   1.3504718e-02   7.3744292e-01
   1.3509734e-02   7.3858447e-01
   1.3514094e-02   7.3915525e-01
   1.3525087e-02   7.4143836e-01
   1.3593781e-02   7.4257991e-01
   1.3614905e-02   7.4429224e-01
   1.3644289e-02   7.4486301e-01
   1.3706009e-02   7.4600457e-01
   1.3732775e-02   7.4771689e-01
   1.3738027e-02   7.4942922e-01
   1.3750692e-02   7.5057078e-01
   1.3753948e-02   7.5285388e-01
   1.3791863e-02   7.5399543e-01
   1.3798993e-02   7.5570776e-01
   1.3820381e-02   7.5627854e-01
   1.3857797e-02   7.5684932e-01
   1.3861286e-02   7.5913242e-01
   1.3871634e-02   7.6084475e-01
   1.3912504e-02   7.6141553e-01
   1.3958541e-02   7.6198630e-01
   1.3972046e-02   7.6369863e-01
   1.4049338e-02   7.6484018e-01
   1.4053487e-02   7.6598174e-01
   1.4053845e-02   7.6655251e-01
   1.4081060e-02   7.6712329e-01
   1.4082757e-02   7.6997717e-01
   1.4138828e-02   7.7340183e-01
   1.4219186e-02   7.7511416e-01
   1.4234098e-02   7.7568493e-01
   1.4253310e-02   7.7853881e-01
   1.4332784e-02   7.7968037e-01
   1.4362370e-02   7.8139269e-01
   1.4375797e-02   7.8310502e-01
   1.4376899e-02   7.8367580e-01
   1.4410851e-02   7.8424658e-01
   1.4415904e-02   7.8481735e-01
   1.4432980e-02   7.8538813e-01
   1.4468347e-02   7.8595890e-01
   1.4469573e-02   7.8652968e-01
   1.4483055e-02   7.8710046e-01
   1.4487506e-02   7.8824201e-01
   1.4576875e-02   7.8938356e-01
   1.4582965e-02   7.9052511e-01
   1.4631606e-02   7.9166667e-01
   1.4677556e-02   7.9394977e-01
   1.4678978e-02   7.9566210e-01
   1.4696854e-02   7.9680365e-01
   1.4702305e-02   7.9794521e-01
   1.4707739e-02   7.9851598e-01
   1.4763082e-02   7.9908676e-01
   1.4818776e-02   7.9965753e-01
   1.4842358e-02   8.0022831e-01
   1.4851613e-02   8.0079909e-01
   1.4934996e-02   8.0194064e-01
   1.4987507e-02   8.0308219e-01
   1.4997496e-02   8.0593607e-01
   1.5003158e-02   8.0650685e-01
   1.5029777e-02   8.0707763e-01
   1.5045517e-02   8.0936073e-01
   1.5064015e-02   8.0993151e-01
   1.5084979e-02   8.1107306e-01
   1.5113776e-02   8.1164384e-01
   1.5115820e-02   8.1221461e-01
   1.5183489e-02   8.1278539e-01
   1.5207586e-02   8.1506849e-01
   1.5219108e-02   8.1621005e-01
   1.5296442e-02   8.1792237e-01
   1.5300967e-02   8.1963470e-01
   1.5305154e-02   8.2020548e-01
   1.5322445e-02   8.2191781e-01
   1.5326479e-02   8.2305936e-01
   1.5334430e-02   8.2534247e-01
   1.5369477e-02   8.2705479e-01
   1.5389775e-02   8.2933790e-01
   1.5395211e-02   8.2990868e-01
   1.5423717e-02   8.3047945e-01
   1.5441832e-02   8.3105023e-01
   1.5469877e-02   8.3162100e-01
   1.5470341e-02   8.3276256e-01
   1.5539156e-02   8.3447489e-01
   1.5575736e-02   8.3504566e-01
   1.5595647e-02   8.3618721e-01
   1.5612238e-02   8.3732877e-01
   1.5619604e-02   8.3847032e-01
   1.5628084e-02   8.3904110e-01
   1.5630026e-02   8.3961187e-01
   1.5637104e-02   8.4018265e-01
   1.5645039e-02   8.4075342e-01
   1.5652091e-02   8.4132420e-01
   1.5660982e-02   8.4189498e-01
   1.5672344e-02   8.4417808e-01
   1.5709541e-02   8.4474886e-01
   1.5740090e-02   8.4760274e-01
   1.5791682e-02   8.4874429e-01
   1.5827406e-02   8.5045662e-01
   1.5832382e-02   8.5102740e-01
   1.5898131e-02   8.5159817e-01
   1.5924648e-02   8.5388128e-01
   1.5930849e-02   8.5502283e-01
   1.5943107e-02   8.5616438e-01
   1.5948795e-02   8.5730594e-01
   1.5961683e-02   8.5844749e-01
   1.5986143e-02   8.5901826e-01
   1.6016479e-02   8.6015982e-01
   1.6053557e-02   8.6130137e-01
   1.6083093e-02   8.6187215e-01
   1.6096065e-02   8.6244292e-01
   1.6234228e-02   8.6301370e-01
   1.6237130e-02   8.6529680e-01
   1.6242076e-02   8.6700913e-01
   1.6251799e-02   8.6757991e-01
   1.6256370e-02   8.7043379e-01
   1.6260197e-02   8.7100457e-01
   1.6271186e-02   8.7157534e-01
   1.6299711e-02   8.7271689e-01
   1.6324331e-02   8.7328767e-01
   1.6326426e-02   8.7385845e-01
   1.6366443e-02   8.7500000e-01
   1.6401278e-02   8.7557078e-01
   1.6457333e-02   8.7728311e-01
   1.6501692e-02   8.7899543e-01
   1.6556630e-02   8.8127854e-01
   1.6564234e-02   8.8242009e-01
   1.6603570e-02   8.8299087e-01
   1.6625150e-02   8.8356164e-01
   1.6648253e-02   8.8413242e-01
   1.6721871e-02   8.8527397e-01
   1.6862166e-02   8.8584475e-01
   1.6864870e-02   8.8641553e-01
   1.6867386e-02   8.8698630e-01
   1.6882750e-02   8.8869863e-01
   1.6890852e-02   8.8926941e-01
   1.6926538e-02   8.8984018e-01
   1.6940004e-02   8.9041096e-01
   1.6947823e-02   8.9098174e-01
   1.6993350e-02   8.9212329e-01
   1.6993502e-02   8.9269406e-01
   1.7012126e-02   8.9326484e-01
   1.7082420e-02   8.9383562e-01
   1.7146824e-02   8.9440639e-01
   1.7172695e-02   8.9554795e-01
   1.7182487e-02   8.9668950e-01
   1.7185775e-02   8.9897260e-01
   1.7194408e-02   8.9954338e-01
   1.7215113e-02   9.0011416e-01
   1.7224720e-02   9.0068493e-01
   1.7270442e-02   9.0125571e-01
   1.7290931e-02   9.0182648e-01
   1.7487330e-02   9.0239726e-01
   1.7487953e-02   9.0296804e-01
   1.7509162e-02   9.0410959e-01
   1.7511028e-02   9.0468037e-01
   1.7523997e-02   9.0525114e-01
   1.7553365e-02   9.0582192e-01
   1.7556467e-02   9.0639269e-01
   1.7590044e-02   9.0696347e-01
   1.7619770e-02   9.0753425e-01
   1.7624096e-02   9.0867580e-01
   1.7714332e-02   9.1095890e-01
   1.7807687e-02   9.1267123e-01
   1.7808413e-02   9.1324201e-01
   1.7840390e-02   9.1381279e-01
   1.7841840e-02   9.1438356e-01
   1.7971986e-02   9.1552511e-01
   1.7974205e-02   9.1609589e-01
   1.8111293e-02   9.1723744e-01
   1.8112609e-02   9.1780822e-01
   1.8135602e-02   9.2009132e-01
   1.8421504e-02   9.2066210e-01
   1.8434400e-02   9.2237443e-01
   1.8459652e-02   9.2294521e-01
   1.8488090e-02   9.2351598e-01
   1.8511203e-02   9.2408676e-01
   1.8554274e-02   9.2465753e-01
   1.8569810e-02   9.2522831e-01
   1.8675863e-02   9.2579909e-01
   1.8697231e-02   9.2694064e-01
   1.8734867e-02   9.2808219e-01
   1.8737991e-02   9.2865297e-01
   1.8752706e-02   9.2979452e-01
   1.8807018e-02   9.3150685e-01
   1.8814644e-02   9.3207763e-01
   1.8851613e-02   9.3378995e-01
   1.9046147e-02   9.3607306e-01
   1.9052476e-02   9.3721461e-01
   1.9074659e-02   9.3778539e-01
   1.9080029e-02   9.3892694e-01
   1.9150648e-02   9.4063927e-01
   1.9191589e-02   9.4121005e-01
   1.9226271e-02   9.4178082e-01
   1.9358650e-02   9.4235160e-01
   1.9374735e-02   9.4349315e-01
   1.9438308e-02   9.4406393e-01
   1.9518528e-02   9.4463470e-01
   1.9584385e-02   9.4577626e-01
   1.9637682e-02   9.4634703e-01
   1.9665083e-02   9.4691781e-01
   1.9670929e-02   9.4748858e-01
   1.9752662e-02   9.4805936e-01
   1.9777395e-02   9.5034247e-01
   1.9886744e-02   9.5091324e-01
   1.9891922e-02   9.5148402e-01
   1.9946789e-02   9.5205479e-01
   1.9956265e-02   9.5262557e-01
   1.9994750e-02   9.5319635e-01
   1.9996488e-02   9.5433790e-01
   2.0060350e-02   9.5490868e-01
   2.0117372e-02   9.5547945e-01
   2.0125705e-02   9.5605023e-01
   2.0298957e-02   9.5662100e-01
   2.0312671e-02   9.5719178e-01
   2.0313254e-02   9.5776256e-01
   2.0415911e-02   9.5833333e-01
   2.0422326e-02   9.5947489e-01
   2.0648765e-02   9.6004566e-01
   2.0683564e-02   9.6061644e-01
   2.0697929e-02   9.6232877e-01
   2.0716360e-02   9.6289954e-01
   2.0752240e-02   9.6347032e-01
   2.0765906e-02   9.6404110e-01
   2.0921443e-02   9.6461187e-01
   2.0939415e-02   9.6518265e-01
   2.0957518e-02   9.6575342e-01
   2.0980104e-02   9.6632420e-01
   2.1057515e-02   9.6689498e-01
   2.1268704e-02   9.6746575e-01
   2.1434918e-02   9.6803653e-01
   2.1545736e-02   9.6860731e-01
   2.1730952e-02   9.6917808e-01
   2.1815593e-02   9.6974886e-01
   2.1856115e-02   9.7031963e-01
   2.1866717e-02   9.7203196e-01
   2.1918547e-02   9.7260274e-01
   2.2169417e-02   9.7317352e-01
   2.2171793e-02   9.7374429e-01
   2.2184758e-02   9.7431507e-01
   2.2186756e-02   9.7488584e-01
   2.2217781e-02   9.7545662e-01
   2.2268406e-02   9.7602740e-01
   2.2281795e-02   9.7659817e-01
   2.2358917e-02   9.7716895e-01
   2.2421944e-02   9.7773973e-01
   2.2492547e-02   9.7831050e-01
   2.2509402e-02   9.7945205e-01
   2.2519154e-02   9.8002283e-01
   2.2525133e-02   9.8059361e-01
   2.2607697e-02   9.8116438e-01
   2.2632467e-02   9.8173516e-01
   2.2984023e-02   9.8230594e-01
   2.3101578e-02   9.8287671e-01
   2.3118430e-02   9.8344749e-01
   2.3148435e-02   9.8401826e-01
   2.3417281e-02   9.8458904e-01
   2.3481800e-02   9.8515982e-01
   2.3502156e-02   9.8573059e-01
   2.3538498e-02   9.8630137e-01
   2.3847329e-02   9.8687215e-01
   2.4051257e-02   9.8801370e-01
   2.4077396e-02   9.8858447e-01
   2.4120433e-02   9.8915525e-01
   2.4165272e-02   9.8972603e-01
   2.4208903e-02   9.9029680e-01
   2.4236694e-02   9.9086758e-01
   2.4373084e-02   9.9143836e-01
   2.4832085e-02   9.9200913e-01
   2.5026416e-02   9.9257991e-01
   2.5408813e-02   9.9315068e-01
   2.5785157e-02   9.9372146e-01
   2.6044645e-02   9.9429224e-01
   2.6364915e-02   9.9486301e-01
   2.6695534e-02   9.9543379e-01
   2.7790509e-02   9.9600457e-01
   2.8568081e-02   9.9657534e-01
   2.9030660e-02   9.9714612e-01
   3.0919318e-02   9.9771689e-01
   3.2314649e-02   9.9828767e-01
   3.4074766e-02   9.9885845e-01
   4.4985093e-02   9.9942922e-01
   5.0882514e-02   1.0000000e+00
