   5.5039913e-03   0.0000000e+00
   5.5039913e-03   5.1282051e-03
   5.9411237e-03   1.0256410e-02
   6.3706931e-03   1.5384615e-02
   6.8469906e-03   2.0512821e-02
   7.1557532e-03   2.5641026e-02
   7.2462685e-03   3.0769231e-02
   7.5805447e-03   3.5897436e-02
   7.6445738e-03   4.1025641e-02
   7.7270929e-03   4.6153846e-02
   7.7406914e-03   5.1282051e-02
   8.1896619e-03   5.6410256e-02
   8.2565515e-03   6.1538462e-02
   8.2699644e-03   6.6666667e-02
   8.7539900e-03   7.1794872e-02
   8.8865615e-03   7.6923077e-02
   9.1046267e-03   8.2051282e-02
   9.1214908e-03   8.7179487e-02
   9.2817929e-03   9.2307692e-02
   9.3461979e-03   9.7435897e-02
   9.7721605e-03   1.0256410e-01
   9.8286105e-03   1.1282051e-01
   9.8528845e-03   1.1794872e-01
   1.0037418e-02   1.2307692e-01
   1.0060868e-02   1.2820513e-01
   1.0100320e-02   1.3333333e-01
   1.0111451e-02   1.3846154e-01
   1.0221850e-02   1.4358974e-01
   1.0957942e-02   1.4871795e-01
   1.1009112e-02   1.5897436e-01
   1.1208985e-02   1.6923077e-01
   1.1214351e-02   1.7435897e-01
   1.1305125e-02   1.7948718e-01
   1.1322295e-02   1.8461538e-01
   1.1611251e-02   1.8974359e-01
   1.1686358e-02   1.9487179e-01
   1.1710205e-02   2.0000000e-01
   1.1739053e-02   2.0512821e-01
   1.1778518e-02   2.2051282e-01
   1.2049233e-02   2.2564103e-01
   1.2052271e-02   2.3076923e-01
   1.2191575e-02   2.3589744e-01
   1.2427738e-02   2.4102564e-01
   1.2580875e-02   2.4615385e-01
   1.2660273e-02   2.5128205e-01
   1.2773608e-02   2.5641026e-01
   1.2846231e-02   2.6153846e-01
   1.2903102e-02   2.6666667e-01
   1.2973638e-02   2.7179487e-01
   1.3380990e-02   2.7692308e-01
   1.3483666e-02   2.8205128e-01
   1.3615801e-02   2.8717949e-01
   1.3832158e-02   2.9230769e-01
   1.3841877e-02   3.0256410e-01
   1.3852539e-02   3.0769231e-01
   1.3955636e-02   3.1282051e-01
   1.4372692e-02   3.1794872e-01
   1.4391807e-02   3.2307692e-01
   1.4504556e-02   3.3333333e-01
   1.4554536e-02   3.3846154e-01
   1.4801977e-02   3.4358974e-01
   1.4941882e-02   3.4871795e-01
   1.4954028e-02   3.5384615e-01
   1.5091277e-02   3.5897436e-01
   1.5403972e-02   3.6410256e-01
   1.5849527e-02   3.6923077e-01
   1.5920789e-02   3.7435897e-01
   1.6204907e-02   3.8461538e-01
   1.6558653e-02   3.8974359e-01
   1.6714654e-02   3.9487179e-01
   1.7063466e-02   4.0000000e-01
   1.7140369e-02   4.1025641e-01
   1.7200398e-02   4.1538462e-01
   1.7507980e-02   4.2051282e-01
   1.8138067e-02   4.2564103e-01
   1.8290578e-02   4.3076923e-01
   1.8714699e-02   4.3589744e-01
   1.9342805e-02   4.4102564e-01
   1.9381959e-02   4.4615385e-01
   1.9414183e-02   4.5128205e-01
   2.0747815e-02   4.5641026e-01
   2.0781394e-02   4.6153846e-01
   2.1200152e-02   4.6666667e-01
   2.1229075e-02   4.7179487e-01
   2.1408800e-02   4.7692308e-01
   2.1650449e-02   4.8205128e-01
   2.1904880e-02   4.8717949e-01
   2.2115060e-02   4.9230769e-01
   2.2329787e-02   4.9743590e-01
   2.2404243e-02   5.0256410e-01
   2.2455177e-02   5.0769231e-01
   2.3372930e-02   5.1282051e-01
   2.3565653e-02   5.1794872e-01
   2.3669385e-02   5.2307692e-01
   2.4382805e-02   5.2820513e-01
   2.4587401e-02   5.3333333e-01
   2.4676397e-02   5.3846154e-01
   2.5135106e-02   5.4358974e-01
   2.5142977e-02   5.4871795e-01
   2.5174826e-02   5.5384615e-01
   2.5478245e-02   5.5897436e-01
   2.5506679e-02   5.6410256e-01
   2.5754162e-02   5.6923077e-01
   2.5809574e-02   5.7435897e-01
   2.5947504e-02   5.7948718e-01
   2.7125044e-02   5.8461538e-01
   2.7154055e-02   5.8974359e-01
   2.7339084e-02   5.9487179e-01
   2.7361275e-02   6.0000000e-01
   2.8123954e-02   6.0512821e-01
   2.8474060e-02   6.1025641e-01
   2.8763473e-02   6.1538462e-01
   2.9316005e-02   6.2051282e-01
   2.9532927e-02   6.2564103e-01
   2.9706954e-02   6.3076923e-01
   2.9978515e-02   6.3589744e-01
   3.0515867e-02   6.4102564e-01
   3.1208573e-02   6.4615385e-01
   3.1442534e-02   6.5128205e-01
   3.2726823e-02   6.5641026e-01
   3.2904874e-02   6.6153846e-01
   3.3555726e-02   6.6666667e-01
   3.3601025e-02   6.7179487e-01
   3.4881545e-02   6.7692308e-01
   3.4945593e-02   6.8205128e-01
   3.5602052e-02   6.8717949e-01
   3.6262682e-02   6.9230769e-01
   3.6754199e-02   6.9743590e-01
   3.8178961e-02   7.0256410e-01
   3.9455819e-02   7.0769231e-01
   3.9705833e-02   7.1282051e-01
   4.0271620e-02   7.1794872e-01
   4.0518651e-02   7.2307692e-01
   4.1210064e-02   7.2820513e-01
   4.1227932e-02   7.3333333e-01
   4.1351229e-02   7.3846154e-01
   4.2242806e-02   7.4358974e-01
   4.3405841e-02   7.4871795e-01
   4.4670036e-02   7.5384615e-01
   4.6418135e-02   7.5897436e-01
   4.6572873e-02   7.6410256e-01
   4.6812294e-02   7.6923077e-01
   4.7833185e-02   7.7435897e-01
   4.8917002e-02   7.7948718e-01
   4.9423291e-02   7.8461538e-01
   5.2195668e-02   7.8974359e-01
   5.2712526e-02   7.9487179e-01
   5.3457286e-02   8.0000000e-01
   5.3850233e-02   8.0512821e-01
   5.5165103e-02   8.1025641e-01
   5.5698334e-02   8.1538462e-01
   5.6793883e-02   8.2051282e-01
   5.9630602e-02   8.2564103e-01
   6.0831424e-02   8.3076923e-01
   6.1765373e-02   8.3589744e-01
   6.2349133e-02   8.4102564e-01
   6.3622873e-02   8.4615385e-01
   6.3716538e-02   8.5128205e-01
   6.3991001e-02   8.5641026e-01
   6.5318742e-02   8.6153846e-01
   6.5435292e-02   8.6666667e-01
   6.5534070e-02   8.7179487e-01
   6.6886170e-02   8.7692308e-01
   7.0014345e-02   8.8205128e-01
   7.3262830e-02   8.8717949e-01
   7.5288660e-02   8.9230769e-01
   7.5624408e-02   8.9743590e-01
   7.7105446e-02   9.0256410e-01
   8.6775045e-02   9.0769231e-01
   8.9962064e-02   9.1282051e-01
   9.0091868e-02   9.1794872e-01
   9.0978611e-02   9.2307692e-01
   9.4746822e-02   9.2820513e-01
   9.4780393e-02   9.3333333e-01
   1.0017922e-01   9.3846154e-01
   1.0080174e-01   9.4358974e-01
   1.1860787e-01   9.4871795e-01
   1.5014813e-01   9.5384615e-01
   1.5220298e-01   9.5897436e-01
   1.5686199e-01   9.6410256e-01
   1.7643847e-01   9.6923077e-01
   1.9830412e-01   9.7435897e-01
   2.3582839e-01   9.7948718e-01
   2.6394757e-01   9.8461538e-01
   2.6495765e-01   9.8974359e-01
   3.4808314e-01   9.9487179e-01
   4.1112246e-01   1.0000000e+00
