   2.3272000e-03   0.0000000e+00
   2.3272000e-03   2.8011204e-03
   2.6600000e-03   4.2016807e-03
   2.9928000e-03   9.8039216e-03
   3.3248000e-03   1.6806723e-02
   3.6576000e-03   2.6610644e-02
   3.9904000e-03   3.2212885e-02
   4.3224000e-03   5.0420168e-02
   4.6552000e-03   6.0224090e-02
   4.9872000e-03   7.9831933e-02
   5.3200000e-03   8.9635854e-02
   5.6528000e-03   1.0504202e-01
   5.9848000e-03   1.1764706e-01
   6.3176000e-03   1.4425770e-01
   6.6504000e-03   1.6106443e-01
   6.9824000e-03   1.9467787e-01
   7.3152000e-03   2.1708683e-01
   7.6472000e-03   2.3669468e-01
   7.9800000e-03   2.6050420e-01
   8.3128000e-03   2.7450980e-01
   8.6448000e-03   2.9831933e-01
   8.9776000e-03   3.0812325e-01
   9.3104000e-03   3.3893557e-01
   9.6424000e-03   3.4313725e-01
   9.9752000e-03   3.6554622e-01
   1.0308000e-02   3.7254902e-01
   1.0640000e-02   3.8795518e-01
   1.0972800e-02   3.9495798e-01
   1.1304800e-02   4.1456583e-01
   1.1637600e-02   4.2436975e-01
   1.1970400e-02   4.4397759e-01
   1.2302400e-02   4.5658263e-01
   1.2635200e-02   4.7198880e-01
   1.2968000e-02   4.8179272e-01
   1.3300000e-02   4.9439776e-01
   1.3632800e-02   5.0700280e-01
   1.3964800e-02   5.1540616e-01
   1.4297600e-02   5.2661064e-01
   1.4630400e-02   5.2941176e-01
   1.4962400e-02   5.4201681e-01
   1.5295200e-02   5.4621849e-01
   1.5627200e-02   5.5602241e-01
   1.5960000e-02   5.6162465e-01
   1.6292800e-02   5.7422969e-01
   1.6624800e-02   5.7983193e-01
   1.6957600e-02   5.8683473e-01
   1.7290400e-02   5.9243697e-01
   1.7622400e-02   5.9803922e-01
   1.7955200e-02   6.0224090e-01
   1.8288000e-02   6.1344538e-01
   1.8620000e-02   6.2605042e-01
   1.8952800e-02   6.2885154e-01
   1.9284800e-02   6.3585434e-01
   1.9617600e-02   6.3725490e-01
   1.9950400e-02   6.5266106e-01
   2.0282400e-02   6.5546218e-01
   2.0615200e-02   6.6246499e-01
   2.0947200e-02   6.6806723e-01
   2.1280000e-02   6.7366947e-01
   2.1944800e-02   6.7787115e-01
   2.2277600e-02   6.8067227e-01
   2.2610400e-02   6.8907563e-01
   2.2942400e-02   6.9467787e-01
   2.3275200e-02   6.9887955e-01
   2.3608000e-02   7.0308123e-01
   2.3940000e-02   7.0728291e-01
   2.4272800e-02   7.0868347e-01
   2.4604800e-02   7.1288515e-01
   2.4937600e-02   7.1848739e-01
   2.5270400e-02   7.1988796e-01
   2.5602400e-02   7.2689076e-01
   2.5935200e-02   7.2829132e-01
   2.6268000e-02   7.3249300e-01
   2.6600000e-02   7.3389356e-01
   2.6932800e-02   7.3809524e-01
   2.7265600e-02   7.4229692e-01
   2.7597600e-02   7.4789916e-01
   2.7930400e-02   7.5070028e-01
   2.8262400e-02   7.5350140e-01
   2.8595200e-02   7.5770308e-01
   2.8928000e-02   7.5910364e-01
   2.9260000e-02   7.6470588e-01
   2.9592800e-02   7.6750700e-01
   2.9925600e-02   7.7030812e-01
   3.0257600e-02   7.7170868e-01
   3.0590400e-02   7.7310924e-01
   3.0922400e-02   7.7450980e-01
   3.1588000e-02   7.7591036e-01
   3.1920000e-02   7.8431373e-01
   3.2252800e-02   7.8851541e-01
   3.2584800e-02   7.8991597e-01
   3.2917600e-02   7.9131653e-01
   3.3250400e-02   7.9411765e-01
   3.3582400e-02   8.0112045e-01
   3.3915200e-02   8.0392157e-01
   3.4248000e-02   8.0532213e-01
   3.4912800e-02   8.1372549e-01
   3.5244800e-02   8.1792717e-01
   3.5577600e-02   8.2492997e-01
   3.5910400e-02   8.2773109e-01
   3.6242400e-02   8.3613445e-01
   3.6575200e-02   8.4033613e-01
   3.6908000e-02   8.4173669e-01
   3.8237600e-02   8.4453782e-01
   3.8902400e-02   8.4873950e-01
   3.9235200e-02   8.5294118e-01
   3.9568000e-02   8.5434174e-01
   4.0232800e-02   8.5574230e-01
   4.0565600e-02   8.6554622e-01
   4.1230400e-02   8.6694678e-01
   4.1895200e-02   8.6834734e-01
   4.2560000e-02   8.7394958e-01
   4.2892800e-02   8.7535014e-01
   4.3225600e-02   8.7675070e-01
   4.3557600e-02   8.7815126e-01
   4.3890400e-02   8.7955182e-01
   4.4223200e-02   8.8095238e-01
   4.4888000e-02   8.8235294e-01
   4.5552800e-02   8.8375350e-01
   4.6217600e-02   8.8515406e-01
   4.6883200e-02   8.8795518e-01
   4.7215200e-02   8.8935574e-01
   4.7548000e-02   8.9355742e-01
   4.8212800e-02   8.9775910e-01
   4.8545600e-02   8.9915966e-01
   4.8877600e-02   9.0056022e-01
   4.9210400e-02   9.0196078e-01
   4.9875200e-02   9.0616246e-01
   5.0540000e-02   9.1036415e-01
   5.1205600e-02   9.1316527e-01
   5.2203200e-02   9.1456583e-01
   5.2535200e-02   9.1596639e-01
   5.2868000e-02   9.1736695e-01
   5.3200000e-02   9.2016807e-01
   5.3532800e-02   9.2436975e-01
   5.3865600e-02   9.2577031e-01
   5.4197600e-02   9.2717087e-01
   5.6857600e-02   9.2857143e-01
   5.7190400e-02   9.2997199e-01
   5.7523200e-02   9.3137255e-01
   5.7855200e-02   9.3277311e-01
   5.8520000e-02   9.3417367e-01
   5.8852800e-02   9.3697479e-01
   5.9185600e-02   9.3837535e-01
   5.9850400e-02   9.3977591e-01
   6.0183200e-02   9.4257703e-01
   6.0515200e-02   9.4397759e-01
   6.2177600e-02   9.4537815e-01
   6.5170400e-02   9.4677871e-01
   6.6500800e-02   9.4817927e-01
   6.7165600e-02   9.4957983e-01
   6.9492800e-02   9.5098039e-01
   7.0823200e-02   9.5238095e-01
   7.1155200e-02   9.5378151e-01
   7.1820800e-02   9.5798319e-01
   7.2817600e-02   9.5938375e-01
   7.3150400e-02   9.6078431e-01
   7.3815200e-02   9.6358543e-01
   7.5145600e-02   9.6498599e-01
   7.5810400e-02   9.6638655e-01
   7.6143200e-02   9.6778711e-01
   7.6475200e-02   9.6918768e-01
   7.7472800e-02   9.7058824e-01
   7.8137600e-02   9.7198880e-01
   7.8803200e-02   9.7478992e-01
   7.9800800e-02   9.7619048e-01
   8.1130400e-02   9.7899160e-01
   8.1463200e-02   9.8039216e-01
   8.2128000e-02   9.8179272e-01
   8.4455200e-02   9.8319328e-01
   8.9443200e-02   9.8459384e-01
   9.5095200e-02   9.8739496e-01
   9.6425600e-02   9.8879552e-01
   1.0141280e-01   9.9019608e-01
   1.0507040e-01   9.9159664e-01
   1.2335840e-01   9.9299720e-01
   1.3532800e-01   9.9439776e-01
   1.4197840e-01   9.9579832e-01
   1.4630080e-01   9.9719888e-01
   1.4763120e-01   9.9859944e-01
   1.4796320e-01   1.0000000e+00
