   4.7899872e-03   0.0000000e+00
   4.7899872e-03   7.5357950e-04
   5.1998086e-03   1.5071590e-03
   5.4004210e-03   2.2607385e-03
   5.8421288e-03   3.0143180e-03
   6.0784303e-03   3.7678975e-03
   6.4016136e-03   4.5214770e-03
   6.6006604e-03   5.2750565e-03
   6.6129601e-03   6.0286360e-03
   6.6753575e-03   6.7822155e-03
   6.8028060e-03   8.2893745e-03
   6.8832974e-03   9.0429540e-03
   6.8870528e-03   9.7965335e-03
   6.9310778e-03   1.0550113e-02
   6.9429751e-03   1.1303693e-02
   7.2007573e-03   1.2810852e-02
   7.2045235e-03   1.4318011e-02
   7.2052836e-03   1.5071590e-02
   7.2732092e-03   1.5825170e-02
   7.2808097e-03   1.6578749e-02
   7.3727334e-03   1.7332329e-02
   7.4823213e-03   2.0346647e-02
   7.4824910e-03   2.1100226e-02
   7.5306337e-03   2.1853806e-02
   7.5306466e-03   2.2607385e-02
   7.5613520e-03   2.3360965e-02
   7.6247414e-03   2.4114544e-02
   7.7755253e-03   2.4868124e-02
   7.7969839e-03   2.5621703e-02
   7.8003118e-03   2.7128862e-02
   7.8720301e-03   3.0143180e-02
   7.9872052e-03   3.1650339e-02
   8.0786187e-03   3.6171816e-02
   8.0819878e-03   3.7678975e-02
   8.1190794e-03   3.8432555e-02
   8.1301586e-03   3.9186134e-02
   8.1303803e-03   3.9939714e-02
   8.2223180e-03   4.2200452e-02
   8.3442902e-03   4.2954032e-02
   8.3559387e-03   4.4461191e-02
   8.3739962e-03   5.1243406e-02
   8.3899089e-03   5.3504145e-02
   8.4009967e-03   5.4257724e-02
   8.4699905e-03   5.5011304e-02
   8.5304829e-03   5.5764883e-02
   8.5809544e-03   6.1039940e-02
   8.6746933e-03   6.3300678e-02
   8.6822826e-03   6.7822155e-02
   8.6903870e-03   6.9329314e-02
   8.7096759e-03   7.3850791e-02
   8.7300860e-03   7.5357950e-02
   8.7856039e-03   7.6111530e-02
   8.9007349e-03   7.6865109e-02
   8.9476057e-03   7.9125848e-02
   8.9726542e-03   8.2893745e-02
   8.9843300e-03   8.3647325e-02
   9.0010937e-03   8.9675961e-02
   9.0364793e-03   9.3443858e-02
   9.0686640e-03   9.6458176e-02
   9.1271899e-03   9.7965335e-02
   9.1757220e-03   9.8718915e-02
   9.2723463e-03   1.0474755e-01
   9.2814966e-03   1.0926903e-01
   9.3014886e-03   1.1152977e-01
   9.3298420e-03   1.1454408e-01
   9.3689230e-03   1.2207988e-01
   9.5392905e-03   1.2358704e-01
   9.5715234e-03   1.2509420e-01
   9.5799744e-03   1.2961567e-01
   9.6165954e-03   1.3112283e-01
   9.6247831e-03   1.3338357e-01
   9.6681343e-03   1.3639789e-01
   9.6982800e-03   1.3790505e-01
   9.7076680e-03   1.3941221e-01
   9.7709634e-03   1.4016579e-01
   9.7923275e-03   1.4167295e-01
   9.8265671e-03   1.4242653e-01
   9.8698311e-03   1.4694800e-01
   9.8813119e-03   1.4996232e-01
   9.8941735e-03   1.5222306e-01
   9.9091302e-03   1.5373022e-01
   9.9297187e-03   1.5825170e-01
   9.9548255e-03   1.6051243e-01
   9.9794755e-03   1.6126601e-01
   1.0013841e-02   1.6277317e-01
   1.0051495e-02   1.6352675e-01
   1.0081569e-02   1.6503391e-01
   1.0170537e-02   1.6729465e-01
   1.0175084e-02   1.7106255e-01
   1.0181967e-02   1.7181613e-01
   1.0215516e-02   1.7709118e-01
   1.0266621e-02   1.7784476e-01
   1.0290397e-02   1.7935192e-01
   1.0366765e-02   1.8085908e-01
   1.0399210e-02   1.8236624e-01
   1.0467024e-02   1.8538056e-01
   1.0481732e-02   1.8839488e-01
   1.0487823e-02   1.9442351e-01
   1.0499806e-02   1.9517709e-01
   1.0529548e-02   1.9819141e-01
   1.0541763e-02   1.9894499e-01
   1.0542793e-02   2.0422005e-01
   1.0715343e-02   2.0723436e-01
   1.0726193e-02   2.1024868e-01
   1.0751739e-02   2.1100226e-01
   1.0769655e-02   2.1401658e-01
   1.0771290e-02   2.1627732e-01
   1.0801430e-02   2.1853806e-01
   1.0806857e-02   2.2155237e-01
   1.0865734e-02   2.2305953e-01
   1.0873397e-02   2.2456669e-01
   1.0874811e-02   2.2682743e-01
   1.0904177e-02   2.2758101e-01
   1.0962559e-02   2.2833459e-01
   1.0975410e-02   2.2908817e-01
   1.1050630e-02   2.3059533e-01
   1.1065603e-02   2.3436323e-01
   1.1081049e-02   2.3662396e-01
   1.1082167e-02   2.3963828e-01
   1.1092162e-02   2.4114544e-01
   1.1107304e-02   2.4340618e-01
   1.1129406e-02   2.4415976e-01
   1.1131001e-02   2.4642050e-01
   1.1209174e-02   2.5169555e-01
   1.1212397e-02   2.5470987e-01
   1.1320890e-02   2.5546345e-01
   1.1368434e-02   2.5923135e-01
   1.1368894e-02   2.6073851e-01
   1.1398484e-02   2.6375283e-01
   1.1400984e-02   2.6676714e-01
   1.1462782e-02   2.6752072e-01
   1.1464951e-02   2.6978146e-01
   1.1466958e-02   2.7204220e-01
   1.1553794e-02   2.7354936e-01
   1.1559863e-02   2.7505652e-01
   1.1663853e-02   2.7957800e-01
   1.1676999e-02   2.8108515e-01
   1.1680948e-02   2.8334589e-01
   1.1720997e-02   2.8485305e-01
   1.1728762e-02   2.8711379e-01
   1.1795245e-02   2.9012811e-01
   1.1808045e-02   2.9088169e-01
   1.1829694e-02   2.9163527e-01
   1.1899961e-02   2.9389601e-01
   1.1915945e-02   2.9615674e-01
   1.1964802e-02   2.9766390e-01
   1.1968219e-02   2.9841748e-01
   1.1992024e-02   3.0369254e-01
   1.2001081e-02   3.0519970e-01
   1.2033345e-02   3.0595328e-01
   1.2047991e-02   3.0821402e-01
   1.2052793e-02   3.1047476e-01
   1.2058586e-02   3.1122833e-01
   1.2064356e-02   3.1198191e-01
   1.2134526e-02   3.1499623e-01
   1.2156861e-02   3.1650339e-01
   1.2194517e-02   3.1725697e-01
   1.2249882e-02   3.1801055e-01
   1.2261700e-02   3.1951771e-01
   1.2272441e-02   3.2403919e-01
   1.2277528e-02   3.2554635e-01
   1.2280866e-02   3.2705350e-01
   1.2311822e-02   3.2931424e-01
   1.2329266e-02   3.3232856e-01
   1.2380347e-02   3.3534288e-01
   1.2392174e-02   3.3685004e-01
   1.2405967e-02   3.3835720e-01
   1.2410374e-02   3.3911078e-01
   1.2477871e-02   3.4212509e-01
   1.2562071e-02   3.4438583e-01
   1.2567048e-02   3.4589299e-01
   1.2601766e-02   3.4664657e-01
   1.2637241e-02   3.4966089e-01
   1.2663732e-02   3.5116805e-01
   1.2717057e-02   3.5267521e-01
   1.2753665e-02   3.5568953e-01
   1.2803588e-02   3.5644310e-01
   1.2824268e-02   3.5719668e-01
   1.2860289e-02   3.6096458e-01
   1.2871432e-02   3.6171816e-01
   1.2880821e-02   3.6397890e-01
   1.2903645e-02   3.6473248e-01
   1.2929186e-02   3.6699322e-01
   1.2967282e-02   3.6774680e-01
   1.3004540e-02   3.6850038e-01
   1.3016030e-02   3.6925396e-01
   1.3106964e-02   3.7000754e-01
   1.3119599e-02   3.7076112e-01
   1.3159002e-02   3.7377543e-01
   1.3167075e-02   3.7452901e-01
   1.3174786e-02   3.7528259e-01
   1.3179410e-02   3.7754333e-01
   1.3185736e-02   3.7829691e-01
   1.3201321e-02   3.8055765e-01
   1.3227040e-02   3.8357197e-01
   1.3236939e-02   3.8507913e-01
   1.3263174e-02   3.8733986e-01
   1.3287795e-02   3.8809344e-01
   1.3300939e-02   3.8884702e-01
   1.3380591e-02   3.8960060e-01
   1.3391472e-02   3.9110776e-01
   1.3401539e-02   3.9261492e-01
   1.3458981e-02   3.9336850e-01
   1.3463962e-02   3.9638282e-01
   1.3480771e-02   3.9864356e-01
   1.3496199e-02   3.9939714e-01
   1.3528592e-02   4.0241145e-01
   1.3603247e-02   4.0316503e-01
   1.3606286e-02   4.0391861e-01
   1.3639213e-02   4.0542577e-01
   1.3679874e-02   4.0693293e-01
   1.3703920e-02   4.0919367e-01
   1.3757292e-02   4.1070083e-01
   1.3766027e-02   4.1296157e-01
   1.3774208e-02   4.1446873e-01
   1.3801418e-02   4.1522231e-01
   1.3817090e-02   4.1597589e-01
   1.3829309e-02   4.1672946e-01
   1.3855976e-02   4.1748304e-01
   1.3862156e-02   4.1899020e-01
   1.3886408e-02   4.2275810e-01
   1.3949593e-02   4.2351168e-01
   1.3981162e-02   4.2426526e-01
   1.4057824e-02   4.2727958e-01
   1.4061006e-02   4.2803316e-01
   1.4061068e-02   4.2878674e-01
   1.4080179e-02   4.3029390e-01
   1.4099747e-02   4.3104748e-01
   1.4128541e-02   4.3330821e-01
   1.4143023e-02   4.3556895e-01
   1.4153667e-02   4.3632253e-01
   1.4222415e-02   4.3707611e-01
   1.4300546e-02   4.3782969e-01
   1.4365597e-02   4.4084401e-01
   1.4369350e-02   4.4235117e-01
   1.4400972e-02   4.4385833e-01
   1.4408557e-02   4.4687265e-01
   1.4453727e-02   4.4762622e-01
   1.4462312e-02   4.4837980e-01
   1.4473074e-02   4.4913338e-01
   1.4547049e-02   4.5064054e-01
   1.4561385e-02   4.5139412e-01
   1.4656770e-02   4.5440844e-01
   1.4674369e-02   4.5516202e-01
   1.4680154e-02   4.5666918e-01
   1.4683030e-02   4.5742276e-01
   1.4728571e-02   4.5817634e-01
   1.4732660e-02   4.5968350e-01
   1.4788734e-02   4.6119066e-01
   1.4801113e-02   4.6345139e-01
   1.4806307e-02   4.6495855e-01
   1.4812766e-02   4.6571213e-01
   1.4929725e-02   4.6646571e-01
   1.4952775e-02   4.6797287e-01
   1.4965208e-02   4.6948003e-01
   1.5001657e-02   4.7098719e-01
   1.5060150e-02   4.7174077e-01
   1.5061383e-02   4.7400151e-01
   1.5143780e-02   4.7626225e-01
   1.5145165e-02   4.7776940e-01
   1.5159400e-02   4.7852298e-01
   1.5168992e-02   4.8003014e-01
   1.5251603e-02   4.8078372e-01
   1.5254463e-02   4.8229088e-01
   1.5255230e-02   4.8379804e-01
   1.5277285e-02   4.8530520e-01
   1.5280715e-02   4.9058026e-01
   1.5322956e-02   4.9133384e-01
   1.5328542e-02   4.9284099e-01
   1.5335372e-02   4.9359457e-01
   1.5352881e-02   4.9434815e-01
   1.5376278e-02   4.9510173e-01
   1.5392059e-02   4.9886963e-01
   1.5484607e-02   5.0037679e-01
   1.5494119e-02   5.0188395e-01
   1.5533095e-02   5.0263753e-01
   1.5551051e-02   5.0414469e-01
   1.5560957e-02   5.0489827e-01
   1.5564859e-02   5.0640543e-01
   1.5593341e-02   5.0715901e-01
   1.5611283e-02   5.0791258e-01
   1.5628845e-02   5.0866616e-01
   1.5649291e-02   5.0941974e-01
   1.5727507e-02   5.1243406e-01
   1.5742936e-02   5.1394122e-01
   1.5750262e-02   5.1544838e-01
   1.5827892e-02   5.1620196e-01
   1.5851812e-02   5.1695554e-01
   1.5854904e-02   5.1770912e-01
   1.5871365e-02   5.1846270e-01
   1.5880155e-02   5.1921628e-01
   1.5894436e-02   5.1996986e-01
   1.5914134e-02   5.2072344e-01
   1.5943418e-02   5.2147702e-01
   1.5950892e-02   5.2223060e-01
   1.6065603e-02   5.2298417e-01
   1.6150007e-02   5.2373775e-01
   1.6156633e-02   5.2524491e-01
   1.6164543e-02   5.2976639e-01
   1.6174788e-02   5.3051997e-01
   1.6186649e-02   5.3278071e-01
   1.6305341e-02   5.3353429e-01
   1.6444161e-02   5.3504145e-01
   1.6449304e-02   5.3730219e-01
   1.6454094e-02   5.3805576e-01
   1.6466455e-02   5.3880934e-01
   1.6480156e-02   5.3956292e-01
   1.6498436e-02   5.4031650e-01
   1.6566465e-02   5.4107008e-01
   1.6712553e-02   5.4182366e-01
   1.6747957e-02   5.4408440e-01
   1.6752264e-02   5.4559156e-01
   1.6753714e-02   5.4785230e-01
   1.6764256e-02   5.4935946e-01
   1.6800853e-02   5.5086662e-01
   1.6801405e-02   5.5162020e-01
   1.6828419e-02   5.5237378e-01
   1.6860452e-02   5.5312735e-01
   1.6867908e-02   5.5388093e-01
   1.6870195e-02   5.5463451e-01
   1.6940481e-02   5.5614167e-01
   1.7020615e-02   5.5764883e-01
   1.7040762e-02   5.5840241e-01
   1.7047035e-02   5.5990957e-01
   1.7052775e-02   5.6066315e-01
   1.7062413e-02   5.6141673e-01
   1.7080163e-02   5.6367747e-01
   1.7097726e-02   5.6443105e-01
   1.7099115e-02   5.6518463e-01
   1.7128572e-02   5.6744537e-01
   1.7155094e-02   5.6819894e-01
   1.7162111e-02   5.6895252e-01
   1.7197223e-02   5.7121326e-01
   1.7230616e-02   5.7196684e-01
   1.7303234e-02   5.7272042e-01
   1.7331029e-02   5.7422758e-01
   1.7346599e-02   5.7648832e-01
   1.7374551e-02   5.7724190e-01
   1.7460172e-02   5.7950264e-01
   1.7538606e-02   5.8176338e-01
   1.7570541e-02   5.8402411e-01
   1.7638240e-02   5.8477769e-01
   1.7644928e-02   5.8628485e-01
   1.7652087e-02   5.8703843e-01
   1.7680204e-02   5.8779201e-01
   1.7691145e-02   5.9005275e-01
   1.7744492e-02   5.9080633e-01
   1.7756496e-02   5.9155991e-01
   1.7796512e-02   5.9231349e-01
   1.7801768e-02   5.9382065e-01
   1.7841142e-02   5.9457423e-01
   1.7894104e-02   5.9532781e-01
   1.7911441e-02   5.9608139e-01
   1.7945338e-02   5.9758855e-01
   1.7946938e-02   5.9909570e-01
   1.7963768e-02   5.9984928e-01
   1.7969170e-02   6.0060286e-01
   1.8011380e-02   6.0211002e-01
   1.8059917e-02   6.0361718e-01
   1.8137950e-02   6.0587792e-01
   1.8153998e-02   6.0738508e-01
   1.8250241e-02   6.0813866e-01
   1.8252012e-02   6.0964582e-01
   1.8253607e-02   6.1115298e-01
   1.8265058e-02   6.1266014e-01
   1.8280224e-02   6.1341372e-01
   1.8284537e-02   6.1416729e-01
   1.8306972e-02   6.1567445e-01
   1.8328051e-02   6.1718161e-01
   1.8334427e-02   6.1793519e-01
   1.8374478e-02   6.1868877e-01
   1.8396467e-02   6.2170309e-01
   1.8403918e-02   6.2245667e-01
   1.8430068e-02   6.2321025e-01
   1.8483003e-02   6.2396383e-01
   1.8544160e-02   6.2547099e-01
   1.8563554e-02   6.2622457e-01
   1.8588518e-02   6.2773173e-01
   1.8601742e-02   6.2999246e-01
   1.8602840e-02   6.3074604e-01
   1.8639735e-02   6.3149962e-01
   1.8659766e-02   6.3225320e-01
   1.8693988e-02   6.3300678e-01
   1.8727292e-02   6.3451394e-01
   1.8811466e-02   6.3526752e-01
   1.8834243e-02   6.3602110e-01
   1.8841089e-02   6.3677468e-01
   1.8849909e-02   6.3752826e-01
   1.8856263e-02   6.3828184e-01
   1.8871891e-02   6.3903542e-01
   1.8877732e-02   6.3978900e-01
   1.8880248e-02   6.4129616e-01
   1.8925154e-02   6.4280332e-01
   1.8928661e-02   6.4581763e-01
   1.8945880e-02   6.4732479e-01
   1.9081166e-02   6.4883195e-01
   1.9082272e-02   6.4958553e-01
   1.9143047e-02   6.5033911e-01
   1.9158822e-02   6.5109269e-01
   1.9162800e-02   6.5259985e-01
   1.9178601e-02   6.5335343e-01
   1.9194754e-02   6.5410701e-01
   1.9202427e-02   6.5561417e-01
   1.9250685e-02   6.5636775e-01
   1.9259552e-02   6.5787491e-01
   1.9335143e-02   6.5862849e-01
   1.9400438e-02   6.5938206e-01
   1.9446368e-02   6.6088922e-01
   1.9447377e-02   6.6164280e-01
   1.9450308e-02   6.6465712e-01
   1.9471935e-02   6.6541070e-01
   1.9480306e-02   6.6691786e-01
   1.9541927e-02   6.6767144e-01
   1.9585711e-02   6.6842502e-01
   1.9594773e-02   6.6917860e-01
   1.9754924e-02   6.6993218e-01
   1.9757958e-02   6.7068576e-01
   1.9763195e-02   6.7143934e-01
   1.9788473e-02   6.7219292e-01
   1.9901713e-02   6.7294650e-01
   1.9982451e-02   6.7370008e-01
   2.0004140e-02   6.7445365e-01
   2.0038587e-02   6.7520723e-01
   2.0043119e-02   6.7746797e-01
   2.0066998e-02   6.7897513e-01
   2.0080339e-02   6.8123587e-01
   2.0128170e-02   6.8198945e-01
   2.0137600e-02   6.8274303e-01
   2.0167192e-02   6.8349661e-01
   2.0244362e-02   6.8425019e-01
   2.0328690e-02   6.8500377e-01
   2.0338280e-02   6.8575735e-01
   2.0341054e-02   6.8651093e-01
   2.0350775e-02   6.8726451e-01
   2.0364637e-02   6.8801809e-01
   2.0381807e-02   6.8877167e-01
   2.0408662e-02   6.8952524e-01
   2.0430549e-02   6.9178598e-01
   2.0458655e-02   6.9253956e-01
   2.0533749e-02   6.9404672e-01
   2.0636237e-02   6.9480030e-01
   2.0640065e-02   6.9555388e-01
   2.0680377e-02   6.9706104e-01
   2.0681631e-02   6.9856820e-01
   2.0692291e-02   6.9932178e-01
   2.0700437e-02   7.0007536e-01
   2.0722852e-02   7.0082894e-01
   2.0728197e-02   7.0158252e-01
   2.0756420e-02   7.0233610e-01
   2.0782175e-02   7.0308968e-01
   2.0940163e-02   7.0610399e-01
   2.0946263e-02   7.0685757e-01
   2.0962332e-02   7.0761115e-01
   2.0975645e-02   7.0836473e-01
   2.1022125e-02   7.0911831e-01
   2.1164768e-02   7.0987189e-01
   2.1248886e-02   7.1062547e-01
   2.1261707e-02   7.1137905e-01
   2.1293176e-02   7.1288621e-01
   2.1329219e-02   7.1363979e-01
   2.1331097e-02   7.1439337e-01
   2.1371906e-02   7.1514695e-01
   2.1415861e-02   7.1590053e-01
   2.1452589e-02   7.1665411e-01
   2.1474523e-02   7.1740769e-01
   2.1539326e-02   7.1816127e-01
   2.1543104e-02   7.1966843e-01
   2.1562202e-02   7.2042200e-01
   2.1673483e-02   7.2117558e-01
   2.1731469e-02   7.2192916e-01
   2.1749827e-02   7.2418990e-01
   2.1915838e-02   7.2494348e-01
   2.1936488e-02   7.2569706e-01
   2.1951237e-02   7.2645064e-01
   2.2008715e-02   7.2720422e-01
   2.2130663e-02   7.2795780e-01
   2.2137967e-02   7.2871138e-01
   2.2162656e-02   7.2946496e-01
   2.2164226e-02   7.3021854e-01
   2.2219291e-02   7.3097212e-01
   2.2330661e-02   7.3172570e-01
   2.2409873e-02   7.3247928e-01
   2.2418978e-02   7.3323286e-01
   2.2424353e-02   7.3398644e-01
   2.2431666e-02   7.3549359e-01
   2.2480539e-02   7.3624717e-01
   2.2528635e-02   7.3700075e-01
   2.2552576e-02   7.3775433e-01
   2.2672534e-02   7.3850791e-01
   2.2728864e-02   7.3926149e-01
   2.2735738e-02   7.4001507e-01
   2.2737788e-02   7.4152223e-01
   2.2759026e-02   7.4302939e-01
   2.2767455e-02   7.4378297e-01
   2.2784546e-02   7.4453655e-01
   2.2875324e-02   7.4529013e-01
   2.2930006e-02   7.4604371e-01
   2.3007213e-02   7.4679729e-01
   2.3017172e-02   7.4755087e-01
   2.3031036e-02   7.4830445e-01
   2.3043395e-02   7.4905803e-01
   2.3047739e-02   7.4981161e-01
   2.3118633e-02   7.5056518e-01
   2.3119084e-02   7.5131876e-01
   2.3179306e-02   7.5207234e-01
   2.3192261e-02   7.5282592e-01
   2.3236053e-02   7.5357950e-01
   2.3327120e-02   7.5433308e-01
   2.3332625e-02   7.5508666e-01
   2.3366463e-02   7.5584024e-01
   2.3368961e-02   7.5659382e-01
   2.3453034e-02   7.5734740e-01
   2.3458653e-02   7.5810098e-01
   2.3486250e-02   7.5885456e-01
   2.3508715e-02   7.5960814e-01
   2.3515334e-02   7.6036172e-01
   2.3627077e-02   7.6111530e-01
   2.3629343e-02   7.6337604e-01
   2.3639528e-02   7.6412962e-01
   2.3648413e-02   7.6488320e-01
   2.3667110e-02   7.6639035e-01
   2.3710457e-02   7.6714393e-01
   2.3768237e-02   7.6789751e-01
   2.3935867e-02   7.6865109e-01
   2.3961810e-02   7.6940467e-01
   2.3962268e-02   7.7015825e-01
   2.4070568e-02   7.7091183e-01
   2.4106018e-02   7.7166541e-01
   2.4128611e-02   7.7241899e-01
   2.4175885e-02   7.7392615e-01
   2.4213345e-02   7.7467973e-01
   2.4228289e-02   7.7543331e-01
   2.4261572e-02   7.7618689e-01
   2.4280727e-02   7.7694047e-01
   2.4327951e-02   7.7769405e-01
   2.4357880e-02   7.7920121e-01
   2.4391054e-02   7.7995479e-01
   2.4468623e-02   7.8146194e-01
   2.4535250e-02   7.8221552e-01
   2.4560729e-02   7.8296910e-01
   2.4576480e-02   7.8372268e-01
   2.4727458e-02   7.8447626e-01
   2.4846807e-02   7.8522984e-01
   2.4851211e-02   7.8673700e-01
   2.4949230e-02   7.8749058e-01
   2.5073561e-02   7.8824416e-01
   2.5096809e-02   7.8899774e-01
   2.5140049e-02   7.8975132e-01
   2.5149472e-02   7.9050490e-01
   2.5257847e-02   7.9125848e-01
   2.5399782e-02   7.9201206e-01
   2.5480293e-02   7.9351922e-01
   2.5534512e-02   7.9427280e-01
   2.5734108e-02   7.9502638e-01
   2.5773644e-02   7.9577995e-01
   2.5802499e-02   7.9653353e-01
   2.5860405e-02   7.9728711e-01
   2.5863567e-02   7.9804069e-01
   2.5896168e-02   7.9879427e-01
   2.5998917e-02   7.9954785e-01
   2.6009080e-02   8.0030143e-01
   2.6018374e-02   8.0105501e-01
   2.6025425e-02   8.0180859e-01
   2.6080788e-02   8.0256217e-01
   2.6115325e-02   8.0331575e-01
   2.6128763e-02   8.0482291e-01
   2.6195443e-02   8.0557649e-01
   2.6319237e-02   8.0633007e-01
   2.6332189e-02   8.0708365e-01
   2.6525833e-02   8.0783723e-01
   2.6616598e-02   8.0859081e-01
   2.6622726e-02   8.1160512e-01
   2.6645477e-02   8.1235870e-01
   2.6680448e-02   8.1311228e-01
   2.6720959e-02   8.1386586e-01
   2.6728818e-02   8.1461944e-01
   2.6780261e-02   8.1537302e-01
   2.6931964e-02   8.1612660e-01
   2.6932525e-02   8.1688018e-01
   2.6953181e-02   8.1763376e-01
   2.6992398e-02   8.1838734e-01
   2.6995542e-02   8.1914092e-01
   2.7043921e-02   8.1989450e-01
   2.7125928e-02   8.2064808e-01
   2.7202168e-02   8.2140166e-01
   2.7223188e-02   8.2215524e-01
   2.7237411e-02   8.2290882e-01
   2.7268261e-02   8.2366240e-01
   2.7360100e-02   8.2441598e-01
   2.7407195e-02   8.2516956e-01
   2.7619055e-02   8.2592313e-01
   2.7627627e-02   8.2667671e-01
   2.7659065e-02   8.2743029e-01
   2.7805410e-02   8.2818387e-01
   2.7822975e-02   8.2893745e-01
   2.7880029e-02   8.2969103e-01
   2.7883718e-02   8.3044461e-01
   2.7898063e-02   8.3119819e-01
   2.8122012e-02   8.3195177e-01
   2.8132180e-02   8.3270535e-01
   2.8178661e-02   8.3345893e-01
   2.8359640e-02   8.3421251e-01
   2.8405185e-02   8.3496609e-01
   2.8413880e-02   8.3647325e-01
   2.8444854e-02   8.3798041e-01
   2.8520494e-02   8.3948757e-01
   2.8651946e-02   8.4024115e-01
   2.8714570e-02   8.4099472e-01
   2.8748425e-02   8.4174830e-01
   2.8857110e-02   8.4250188e-01
   2.8945496e-02   8.4325546e-01
   2.9024852e-02   8.4400904e-01
   2.9128574e-02   8.4476262e-01
   2.9189972e-02   8.4551620e-01
   2.9197452e-02   8.4702336e-01
   2.9229390e-02   8.4777694e-01
   2.9307976e-02   8.4853052e-01
   2.9334334e-02   8.4928410e-01
   2.9469529e-02   8.5003768e-01
   2.9645564e-02   8.5079126e-01
   2.9672130e-02   8.5154484e-01
   2.9692174e-02   8.5229842e-01
   2.9728637e-02   8.5305200e-01
   2.9908520e-02   8.5455916e-01
   3.0001284e-02   8.5531274e-01
   3.0006211e-02   8.5606631e-01
   3.0207434e-02   8.5681989e-01
   3.0241138e-02   8.5757347e-01
   3.0318801e-02   8.5832705e-01
   3.0388896e-02   8.5908063e-01
   3.0511591e-02   8.5983421e-01
   3.0804325e-02   8.6058779e-01
   3.0806141e-02   8.6134137e-01
   3.1083780e-02   8.6209495e-01
   3.1110690e-02   8.6284853e-01
   3.1114532e-02   8.6360211e-01
   3.1203508e-02   8.6435569e-01
   3.1236035e-02   8.6510927e-01
   3.1341306e-02   8.6586285e-01
   3.1627264e-02   8.6661643e-01
   3.1659074e-02   8.6737001e-01
   3.1729959e-02   8.6812359e-01
   3.1996795e-02   8.6887717e-01
   3.1999571e-02   8.6963075e-01
   3.2432502e-02   8.7038433e-01
   3.2597203e-02   8.7113791e-01
   3.2648613e-02   8.7189148e-01
   3.2680665e-02   8.7264506e-01
   3.2815375e-02   8.7339864e-01
   3.2827406e-02   8.7415222e-01
   3.2910282e-02   8.7490580e-01
   3.2933704e-02   8.7565938e-01
   3.2938946e-02   8.7641296e-01
   3.2967476e-02   8.7716654e-01
   3.3136522e-02   8.7792012e-01
   3.3196266e-02   8.7867370e-01
   3.3364992e-02   8.7942728e-01
   3.3485337e-02   8.8018086e-01
   3.3496297e-02   8.8093444e-01
   3.3527950e-02   8.8168802e-01
   3.3867652e-02   8.8244160e-01
   3.4082166e-02   8.8319518e-01
   3.4324020e-02   8.8394876e-01
   3.4326801e-02   8.8470234e-01
   3.4410706e-02   8.8545592e-01
   3.4471184e-02   8.8620950e-01
   3.4735215e-02   8.8696307e-01
   3.4760365e-02   8.8771665e-01
   3.4990429e-02   8.8847023e-01
   3.4994232e-02   8.8922381e-01
   3.5081042e-02   8.8997739e-01
   3.5488820e-02   8.9073097e-01
   3.5855694e-02   8.9148455e-01
   3.5911102e-02   8.9223813e-01
   3.5975571e-02   8.9299171e-01
   3.6003832e-02   8.9374529e-01
   3.6021376e-02   8.9449887e-01
   3.6078751e-02   8.9525245e-01
   3.6188966e-02   8.9600603e-01
   3.6192967e-02   8.9675961e-01
   3.6214637e-02   8.9751319e-01
   3.6252379e-02   8.9826677e-01
   3.6458243e-02   8.9902035e-01
   3.6716880e-02   8.9977393e-01
   3.6719678e-02   9.0052751e-01
   3.6764323e-02   9.0128109e-01
   3.6796801e-02   9.0203466e-01
   3.7026135e-02   9.0278824e-01
   3.7063558e-02   9.0354182e-01
   3.7229595e-02   9.0429540e-01
   3.7356403e-02   9.0504898e-01
   3.7412455e-02   9.0580256e-01
   3.7539080e-02   9.0655614e-01
   3.7653932e-02   9.0730972e-01
   3.7756084e-02   9.0806330e-01
   3.7850309e-02   9.0881688e-01
   3.8047087e-02   9.0957046e-01
   3.8243873e-02   9.1032404e-01
   3.8360553e-02   9.1183120e-01
   3.8428333e-02   9.1258478e-01
   3.8668739e-02   9.1333836e-01
   3.8760719e-02   9.1409194e-01
   3.8885058e-02   9.1484552e-01
   3.8973464e-02   9.1559910e-01
   3.9014244e-02   9.1635268e-01
   3.9090530e-02   9.1710625e-01
   3.9202253e-02   9.1785983e-01
   3.9416642e-02   9.1861341e-01
   3.9604505e-02   9.1936699e-01
   3.9760240e-02   9.2012057e-01
   3.9781265e-02   9.2087415e-01
   3.9918266e-02   9.2162773e-01
   4.0318613e-02   9.2238131e-01
   4.0555304e-02   9.2313489e-01
   4.0728181e-02   9.2388847e-01
   4.1587594e-02   9.2464205e-01
   4.1776416e-02   9.2539563e-01
   4.1951291e-02   9.2614921e-01
   4.2083123e-02   9.2690279e-01
   4.2329537e-02   9.2765637e-01
   4.2635085e-02   9.2840995e-01
   4.2661124e-02   9.2916353e-01
   4.2693045e-02   9.2991711e-01
   4.2901159e-02   9.3067069e-01
   4.2929497e-02   9.3142427e-01
   4.3530169e-02   9.3217784e-01
   4.4058498e-02   9.3293142e-01
   4.4587183e-02   9.3368500e-01
   4.4837327e-02   9.3443858e-01
   4.4852788e-02   9.3519216e-01
   4.4859457e-02   9.3594574e-01
   4.4894946e-02   9.3669932e-01
   4.5181568e-02   9.3745290e-01
   4.5677163e-02   9.3820648e-01
   4.5680709e-02   9.3896006e-01
   4.6010629e-02   9.3971364e-01
   4.6675224e-02   9.4046722e-01
   4.6723792e-02   9.4122080e-01
   4.6880683e-02   9.4197438e-01
   4.7081801e-02   9.4272796e-01
   4.7272951e-02   9.4348154e-01
   4.7323721e-02   9.4423512e-01
   4.7502777e-02   9.4498870e-01
   4.7875255e-02   9.4574228e-01
   4.8367194e-02   9.4649586e-01
   4.8791102e-02   9.4724943e-01
   4.8804666e-02   9.4800301e-01
   4.9980077e-02   9.4875659e-01
   5.0580233e-02   9.4951017e-01
   5.1005489e-02   9.5026375e-01
   5.1263646e-02   9.5101733e-01
   5.1318128e-02   9.5177091e-01
   5.1775407e-02   9.5252449e-01
   5.1986543e-02   9.5327807e-01
   5.2313708e-02   9.5403165e-01
   5.3185192e-02   9.5478523e-01
   5.3605574e-02   9.5553881e-01
   5.3989474e-02   9.5629239e-01
   5.4179833e-02   9.5704597e-01
   5.4202876e-02   9.5779955e-01
   5.4480824e-02   9.5855313e-01
   5.4715443e-02   9.6006029e-01
   5.5530488e-02   9.6081387e-01
   5.5539117e-02   9.6156745e-01
   5.5606054e-02   9.6232102e-01
   5.6960773e-02   9.6307460e-01
   5.8045574e-02   9.6382818e-01
   5.8549517e-02   9.6458176e-01
   5.8914745e-02   9.6533534e-01
   5.8935786e-02   9.6608892e-01
   5.9130330e-02   9.6684250e-01
   5.9484296e-02   9.6759608e-01
   6.0100200e-02   9.6834966e-01
   6.0461035e-02   9.6910324e-01
   6.0766065e-02   9.6985682e-01
   6.1445290e-02   9.7061040e-01
   6.2150905e-02   9.7136398e-01
   6.3044703e-02   9.7211756e-01
   6.3070417e-02   9.7287114e-01
   6.4085748e-02   9.7362472e-01
   6.4717779e-02   9.7437830e-01
   6.6144474e-02   9.7513188e-01
   6.6264008e-02   9.7588546e-01
   6.6658179e-02   9.7663904e-01
   6.8550574e-02   9.7739261e-01
   6.8732195e-02   9.7814619e-01
   6.8843452e-02   9.7889977e-01
   6.9432925e-02   9.7965335e-01
   6.9557386e-02   9.8040693e-01
   7.0722019e-02   9.8116051e-01
   7.2110410e-02   9.8191409e-01
   7.3389651e-02   9.8266767e-01
   7.3903454e-02   9.8342125e-01
   7.5283836e-02   9.8417483e-01
   7.7732672e-02   9.8492841e-01
   7.8382597e-02   9.8568199e-01
   7.8662098e-02   9.8643557e-01
   7.8968089e-02   9.8718915e-01
   7.9672186e-02   9.8794273e-01
   8.2269896e-02   9.8869631e-01
   8.2308928e-02   9.8944989e-01
   8.2732654e-02   9.9020347e-01
   8.4039667e-02   9.9095705e-01
   8.4189300e-02   9.9171063e-01
   8.4471439e-02   9.9246420e-01
   8.7172420e-02   9.9321778e-01
   9.8189963e-02   9.9397136e-01
   1.0572846e-01   9.9472494e-01
   1.0577204e-01   9.9547852e-01
   1.0599910e-01   9.9623210e-01
   1.0882624e-01   9.9698568e-01
   1.1127620e-01   9.9773926e-01
   1.1940861e-01   9.9849284e-01
   1.3960537e-01   9.9924642e-01
   1.5512032e-01   1.0000000e+00
