   2.4304000e-03   0.0000000e+00
   2.4304000e-03   9.4339623e-03
   3.1248000e-03   1.8867925e-02
   3.4720000e-03   3.7735849e-02
   3.8192000e-03   5.6603774e-02
   4.8608000e-03   8.4905660e-02
   5.2080000e-03   1.1320755e-01
   5.5552000e-03   1.4150943e-01
   6.2504000e-03   2.3584906e-01
   6.5976000e-03   2.4528302e-01
   6.9448000e-03   2.7358491e-01
   7.2920000e-03   2.9245283e-01
   7.6392000e-03   3.3018868e-01
   7.9864000e-03   3.3962264e-01
   8.3336000e-03   3.7735849e-01
   8.6808000e-03   4.1509434e-01
   9.3752000e-03   4.2452830e-01
   1.0069600e-02   4.4339623e-01
   1.0416800e-02   4.5283019e-01
   1.0764000e-02   4.7169811e-01
   1.1805600e-02   4.8113208e-01
   1.2500000e-02   5.0000000e-01
   1.3888800e-02   5.0943396e-01
   1.4236000e-02   5.1886792e-01
   1.4583200e-02   5.3773585e-01
   1.4930400e-02   5.5660377e-01
   1.5624800e-02   5.7547170e-01
   1.6666400e-02   5.8490566e-01
   1.7013600e-02   5.9433962e-01
   1.7360800e-02   6.0377358e-01
   1.8750400e-02   6.1320755e-01
   2.1180800e-02   6.2264151e-01
   2.2222400e-02   6.3207547e-01
   2.2569600e-02   6.4150943e-01
   2.3264000e-02   6.5094340e-01
   2.5347200e-02   6.6037736e-01
   2.6388800e-02   6.7924528e-01
   2.7083200e-02   6.8867925e-01
   2.9513600e-02   6.9811321e-01
   3.0208000e-02   7.0754717e-01
   3.1250400e-02   7.1698113e-01
   3.1944800e-02   7.3584906e-01
   3.3680800e-02   7.4528302e-01
   3.4722400e-02   7.6415094e-01
   3.5069600e-02   7.7358491e-01
   3.5416800e-02   7.8301887e-01
   3.7500000e-02   7.9245283e-01
   3.8541600e-02   8.0188679e-01
   3.9236000e-02   8.1132075e-01
   3.9930400e-02   8.2075472e-01
   4.1319200e-02   8.3018868e-01
   4.4792000e-02   8.4905660e-01
   4.5833600e-02   8.5849057e-01
   4.6180800e-02   8.7735849e-01
   4.8611200e-02   8.9622642e-01
   4.8958400e-02   9.1509434e-01
   5.1388800e-02   9.2452830e-01
   5.1736000e-02   9.4339623e-01
   5.3124800e-02   9.5283019e-01
   5.8680800e-02   9.6226415e-01
   6.0069600e-02   9.7169811e-01
   6.2500000e-02   9.8113208e-01
   6.3541600e-02   9.9056604e-01
   7.4652800e-02   1.0000000e+00
