   3.2888000e-03   0.0000000e+00
   3.2888000e-03   8.8495575e-03
   3.7000000e-03   1.3274336e-02
   4.1112000e-03   2.0648968e-02
   4.5224000e-03   3.2448378e-02
   4.9336000e-03   5.0147493e-02
   5.3440000e-03   7.9646018e-02
   5.7552000e-03   1.0914454e-01
   6.1664000e-03   1.2831858e-01
   6.5776000e-03   1.9321534e-01
   6.9888000e-03   2.2418879e-01
   7.4000000e-03   2.6106195e-01
   7.8112000e-03   3.0383481e-01
   8.2224000e-03   3.3038348e-01
   8.6328000e-03   3.7315634e-01
   9.0440000e-03   4.0265487e-01
   9.4552000e-03   4.2182891e-01
   9.8664000e-03   4.4985251e-01
   1.0277600e-02   4.8230088e-01
   1.0688800e-02   5.1179941e-01
   1.1100000e-02   5.3097345e-01
   1.1511200e-02   5.4572271e-01
   1.1921600e-02   5.7669617e-01
   1.2332800e-02   5.8849558e-01
   1.2744000e-02   6.0324484e-01
   1.3155200e-02   6.1651917e-01
   1.3566400e-02   6.2241888e-01
   1.3977600e-02   6.4159292e-01
   1.4388800e-02   6.5929204e-01
   1.4799200e-02   6.6961652e-01
   1.5210400e-02   6.8879056e-01
   1.5621600e-02   6.9174041e-01
   1.6032800e-02   6.9911504e-01
   1.6444000e-02   7.0648968e-01
   1.7266400e-02   7.2418879e-01
   1.7677600e-02   7.3598820e-01
   1.8088000e-02   7.4483776e-01
   1.8499200e-02   7.6401180e-01
   1.8910400e-02   7.6991150e-01
   1.9321600e-02   7.7728614e-01
   1.9732800e-02   7.8023599e-01
   2.0144000e-02   7.8171091e-01
   2.0555200e-02   7.8466077e-01
   2.0966400e-02   7.8761062e-01
   2.1376800e-02   7.9056047e-01
   2.1788000e-02   8.0088496e-01
   2.2199200e-02   8.0530973e-01
   2.2610400e-02   8.0825959e-01
   2.3021600e-02   8.1563422e-01
   2.3432800e-02   8.1710914e-01
   2.3844000e-02   8.2595870e-01
   2.4255200e-02   8.3038348e-01
   2.4665600e-02   8.3480826e-01
   2.5076800e-02   8.4070796e-01
   2.5488000e-02   8.4660767e-01
   2.5899200e-02   8.5103245e-01
   2.6310400e-02   8.5545723e-01
   2.6721600e-02   8.5988201e-01
   2.7132800e-02   8.6430678e-01
   2.7544000e-02   8.6873156e-01
   2.7955200e-02   8.7020649e-01
   2.8365600e-02   8.7463127e-01
   2.8776800e-02   8.7610619e-01
   2.9188000e-02   8.7758112e-01
   2.9599200e-02   8.8053097e-01
   3.0010400e-02   8.8200590e-01
   3.0421600e-02   8.8348083e-01
   3.1243200e-02   8.8790560e-01
   3.1654400e-02   8.9085546e-01
   3.2476800e-02   8.9380531e-01
   3.2888000e-02   8.9528024e-01
   3.3299200e-02   8.9675516e-01
   3.4121600e-02   9.0117994e-01
   3.4943200e-02   9.0265487e-01
   3.5354400e-02   9.0707965e-01
   3.5765600e-02   9.1150442e-01
   3.6588000e-02   9.1445428e-01
   3.7410400e-02   9.1887906e-01
   3.8232000e-02   9.2035398e-01
   3.8643200e-02   9.2330383e-01
   3.9054400e-02   9.2477876e-01
   3.9465600e-02   9.2625369e-01
   4.0288000e-02   9.3215339e-01
   4.1110400e-02   9.3510324e-01
   4.1520800e-02   9.3657817e-01
   4.2754400e-02   9.3805310e-01
   4.3165600e-02   9.3952802e-01
   4.3576800e-02   9.4100295e-01
   4.3988000e-02   9.4395280e-01
   4.4809600e-02   9.4837758e-01
   4.8098400e-02   9.4985251e-01
   4.8509600e-02   9.5280236e-01
   5.0154400e-02   9.5427729e-01
   5.2620800e-02   9.5575221e-01
   5.3443200e-02   9.5870206e-01
   5.5498400e-02   9.6017699e-01
   5.7553600e-02   9.6165192e-01
   5.7964800e-02   9.6312684e-01
   5.8376000e-02   9.6460177e-01
   6.0842400e-02   9.6607670e-01
   6.1664800e-02   9.6755162e-01
   6.2076000e-02   9.6902655e-01
   6.4131200e-02   9.7050147e-01
   6.8653600e-02   9.7197640e-01
   6.9064800e-02   9.7345133e-01
   7.1942400e-02   9.7492625e-01
   7.7697600e-02   9.7787611e-01
   7.8931200e-02   9.7935103e-01
   8.0164800e-02   9.8082596e-01
   8.1397600e-02   9.8230088e-01
   8.2631200e-02   9.8377581e-01
   8.8386400e-02   9.8525074e-01
   8.8797600e-02   9.8672566e-01
   9.1264000e-02   9.8820059e-01
   9.3730400e-02   9.8967552e-01
   9.4141600e-02   9.9115044e-01
   1.0811920e-01   9.9262537e-01
   1.2086320e-01   9.9410029e-01
   1.2456320e-01   9.9557522e-01
   1.2785200e-01   9.9705015e-01
   1.2908560e-01   9.9852507e-01
   1.8499520e-01   1.0000000e+00
