   3.1576000e-03   0.0000000e+00
   3.1576000e-03   3.2258065e-03
   3.5088000e-03   6.4516129e-03
   3.8600000e-03   9.6774194e-03
   4.2104000e-03   1.2903226e-02
   4.5616000e-03   1.9354839e-02
   4.9120000e-03   2.9032258e-02
   5.6144000e-03   3.5483871e-02
   5.9648000e-03   4.1935484e-02
   6.3160000e-03   5.8064516e-02
   6.6664000e-03   7.0967742e-02
   7.0176000e-03   8.3870968e-02
   7.3688000e-03   1.0000000e-01
   7.7192000e-03   1.1935484e-01
   8.0704000e-03   1.2580645e-01
   8.4208000e-03   1.4193548e-01
   8.7720000e-03   1.6451613e-01
   9.1232000e-03   1.8387097e-01
   9.4736000e-03   2.0322581e-01
   9.8248000e-03   2.1612903e-01
   1.0175200e-02   2.2258065e-01
   1.0526400e-02   2.3225806e-01
   1.0876800e-02   2.3870968e-01
   1.1228000e-02   2.5806452e-01
   1.1579200e-02   2.6774194e-01
   1.1929600e-02   2.7419355e-01
   1.2280800e-02   2.8064516e-01
   1.2632000e-02   3.0000000e-01
   1.2982400e-02   3.1935484e-01
   1.3333600e-02   3.2580645e-01
   1.3684000e-02   3.5161290e-01
   1.4035200e-02   3.6774194e-01
   1.4385600e-02   3.8387097e-01
   1.4736800e-02   3.9032258e-01
   1.5088000e-02   4.0000000e-01
   1.5789600e-02   4.0645161e-01
   1.6140000e-02   4.1290323e-01
   1.6491200e-02   4.1612903e-01
   1.6842400e-02   4.2258065e-01
   1.7192800e-02   4.2903226e-01
   1.7544000e-02   4.4838710e-01
   1.7894400e-02   4.5483871e-01
   1.8245600e-02   4.5806452e-01
   1.8596800e-02   4.6129032e-01
   1.8947200e-02   4.7419355e-01
   1.9648800e-02   4.7741935e-01
   2.0000000e-02   4.9354839e-01
   2.0351200e-02   5.0000000e-01
   2.0701600e-02   5.0645161e-01
   2.1052800e-02   5.1612903e-01
   2.1403200e-02   5.2903226e-01
   2.1754400e-02   5.3548387e-01
   2.2105600e-02   5.3870968e-01
   2.2456000e-02   5.5161290e-01
   2.2807200e-02   5.5483871e-01
   2.3157600e-02   5.6451613e-01
   2.3508800e-02   5.6774194e-01
   2.3860000e-02   5.7741935e-01
   2.4210400e-02   5.8387097e-01
   2.4561600e-02   5.8709677e-01
   2.4912000e-02   5.9677419e-01
   2.6666400e-02   6.0000000e-01
   2.7017600e-02   6.0322581e-01
   2.7368000e-02   6.0645161e-01
   2.8070400e-02   6.0967742e-01
   2.8772000e-02   6.1612903e-01
   2.9122400e-02   6.2258065e-01
   2.9824800e-02   6.2580645e-01
   3.0175200e-02   6.3225806e-01
   3.0526400e-02   6.4516129e-01
   3.0876800e-02   6.5161290e-01
   3.1579200e-02   6.5483871e-01
   3.1929600e-02   6.5806452e-01
   3.2631200e-02   6.6451613e-01
   3.2982400e-02   6.7419355e-01
   3.3333600e-02   6.7741935e-01
   3.3684000e-02   6.8387097e-01
   3.4035200e-02   6.9032258e-01
   3.4385600e-02   6.9677419e-01
   3.4736800e-02   7.0000000e-01
   3.5088000e-02   7.0645161e-01
   3.5438400e-02   7.1612903e-01
   3.5789600e-02   7.2258065e-01
   3.6140000e-02   7.2903226e-01
   3.6491200e-02   7.3225806e-01
   3.6842400e-02   7.3548387e-01
   3.7192800e-02   7.3870968e-01
   3.7544000e-02   7.4193548e-01
   3.7894400e-02   7.4516129e-01
   3.8245600e-02   7.4838710e-01
   3.8947200e-02   7.5483871e-01
   4.0000000e-02   7.6774194e-01
   4.1052800e-02   7.7096774e-01
   4.1403200e-02   7.7419355e-01
   4.1754400e-02   7.8064516e-01
   4.2105600e-02   7.8387097e-01
   4.2807200e-02   7.8709677e-01
   4.3157600e-02   7.9032258e-01
   4.4210400e-02   7.9354839e-01
   4.4561600e-02   7.9677419e-01
   4.5263200e-02   8.0322581e-01
   4.5613600e-02   8.0967742e-01
   4.5964800e-02   8.1290323e-01
   4.6666400e-02   8.1612903e-01
   4.8070400e-02   8.1935484e-01
   4.8420800e-02   8.2258065e-01
   4.8772000e-02   8.2903226e-01
   4.9122400e-02   8.3225806e-01
   4.9473600e-02   8.4193548e-01
   4.9824800e-02   8.4838710e-01
   5.0175200e-02   8.5483871e-01
   5.0526400e-02   8.6451613e-01
   5.0877600e-02   8.6774194e-01
   5.1228000e-02   8.7741935e-01
   5.2632000e-02   8.8064516e-01
   5.5088000e-02   8.8387097e-01
   5.6842400e-02   8.8709677e-01
   5.7192800e-02   8.9032258e-01
   5.7544000e-02   8.9354839e-01
   5.8947200e-02   8.9677419e-01
   5.9298400e-02   9.0322581e-01
   6.0000000e-02   9.0645161e-01
   6.0351200e-02   9.0967742e-01
   6.1403200e-02   9.1290323e-01
   6.7368000e-02   9.1935484e-01
   6.8772000e-02   9.2580645e-01
   6.9473600e-02   9.3225806e-01
   7.2280800e-02   9.3548387e-01
   7.2982400e-02   9.3870968e-01
   7.4035200e-02   9.4516129e-01
   8.1052800e-02   9.4838710e-01
   8.2456000e-02   9.5161290e-01
   8.3860000e-02   9.5483871e-01
   8.5263200e-02   9.5806452e-01
   8.7719200e-02   9.6129032e-01
   8.9473600e-02   9.6451613e-01
   8.9824800e-02   9.6774194e-01
   9.4035200e-02   9.7096774e-01
   9.5088000e-02   9.7419355e-01
   9.5789600e-02   9.7741935e-01
   9.7544000e-02   9.8064516e-01
   1.0175440e-01   9.8387097e-01
   1.0491200e-01   9.8709677e-01
   1.0561440e-01   9.9032258e-01
   1.1508800e-01   9.9354839e-01
   1.2491200e-01   9.9677419e-01
   2.0701760e-01   1.0000000e+00
