   3.9216000e-03   0.0000000e+00
   3.9216000e-03   4.2194093e-03
   5.2288000e-03   8.4388186e-03
   5.5552000e-03   1.2658228e-02
   5.8824000e-03   2.1097046e-02
   6.2088000e-03   2.9535865e-02
   6.5360000e-03   3.7974684e-02
   6.8624000e-03   6.3291139e-02
   7.1896000e-03   8.4388186e-02
   7.5160000e-03   1.0970464e-01
   7.8432000e-03   1.2236287e-01
   8.1696000e-03   1.3080169e-01
   8.4968000e-03   1.3502110e-01
   8.8232000e-03   1.6033755e-01
   9.1504000e-03   1.8143460e-01
   9.4768000e-03   1.8987342e-01
   9.8040000e-03   1.9831224e-01
   1.0130400e-02   2.1097046e-01
   1.0457600e-02   2.2784810e-01
   1.0784000e-02   2.3628692e-01
   1.1437600e-02   2.4472574e-01
   1.1764800e-02   2.5738397e-01
   1.2091200e-02   2.7004219e-01
   1.2418400e-02   2.8270042e-01
   1.2744800e-02   2.9535865e-01
   1.3072000e-02   3.0379747e-01
   1.3398400e-02   3.0801688e-01
   1.3725600e-02   3.1223629e-01
   1.4052000e-02   3.2489451e-01
   1.4379200e-02   3.4177215e-01
   1.4705600e-02   3.7974684e-01
   1.5032800e-02   3.8818565e-01
   1.5359200e-02   3.9662447e-01
   1.5686400e-02   4.0084388e-01
   1.6012800e-02   4.0928270e-01
   1.6340000e-02   4.3037975e-01
   1.6666400e-02   4.3881857e-01
   1.6993600e-02   4.4303797e-01
   1.7320000e-02   4.5569620e-01
   1.7647200e-02   4.6413502e-01
   1.7973600e-02   4.6835443e-01
   1.8300800e-02   4.7679325e-01
   1.8627200e-02   4.8523207e-01
   1.8954400e-02   4.9367089e-01
   1.9280800e-02   4.9789030e-01
   1.9934400e-02   5.0210970e-01
   2.0261600e-02   5.2320675e-01
   2.0588000e-02   5.2742616e-01
   2.1895200e-02   5.3586498e-01
   2.2222400e-02   5.4430380e-01
   2.2876000e-02   5.5696203e-01
   2.3529600e-02   5.6118143e-01
   2.3856000e-02   5.6962025e-01
   2.4183200e-02   5.7383966e-01
   2.4836800e-02   5.8649789e-01
   2.5163200e-02   5.9493671e-01
   2.5490400e-02   6.0337553e-01
   2.5816800e-02   6.0759494e-01
   2.6144000e-02   6.1603376e-01
   2.6797600e-02   6.2447257e-01
   2.7124000e-02   6.2869198e-01
   2.7451200e-02   6.3291139e-01
   2.7777600e-02   6.4556962e-01
   2.8104800e-02   6.4978903e-01
   2.8758400e-02   6.5822785e-01
   2.9412000e-02   6.6244726e-01
   3.0719200e-02   6.6666667e-01
   3.1372800e-02   6.7510549e-01
   3.2026400e-02   6.7932489e-01
   3.2352800e-02   6.8354430e-01
   3.3006400e-02   6.8776371e-01
   3.3333600e-02   6.9198312e-01
   3.5620800e-02   6.9620253e-01
   3.5948000e-02   7.0464135e-01
   3.6274400e-02   7.0886076e-01
   3.6601600e-02   7.1729958e-01
   3.7908800e-02   7.2573840e-01
   3.8562400e-02   7.2995781e-01
   3.9542400e-02   7.3417722e-01
   4.0523200e-02   7.4261603e-01
   4.1176800e-02   7.4683544e-01
   4.1503200e-02   7.5105485e-01
   4.2156800e-02   7.5949367e-01
   4.2810400e-02   7.6793249e-01
   4.3137600e-02   7.8902954e-01
   4.3791200e-02   7.9746835e-01
   4.4117600e-02   8.0168776e-01
   4.5097600e-02   8.0590717e-01
   4.5424800e-02   8.1012658e-01
   4.7059200e-02   8.1434599e-01
   4.7712000e-02   8.1856540e-01
   4.8692800e-02   8.2278481e-01
   4.9020000e-02   8.3122363e-01
   4.9673600e-02   8.3544304e-01
   5.0000000e-02   8.4388186e-01
   5.0327200e-02   8.4810127e-01
   5.0653600e-02   8.5232068e-01
   5.0980800e-02   8.5654008e-01
   5.1307200e-02   8.6075949e-01
   5.1960800e-02   8.6497890e-01
   5.3268000e-02   8.7341772e-01
   5.3921600e-02   8.7763713e-01
   5.5882400e-02   8.8185654e-01
   5.6536000e-02   8.8607595e-01
   5.7189600e-02   8.9451477e-01
   5.7516000e-02   9.0295359e-01
   5.8496800e-02   9.0717300e-01
   5.8823200e-02   9.1139241e-01
   6.0130400e-02   9.1561181e-01
   6.3398400e-02   9.1983122e-01
   6.5032800e-02   9.2405063e-01
   6.5686400e-02   9.2827004e-01
   6.6340000e-02   9.3248945e-01
   7.1241600e-02   9.3670886e-01
   7.2222400e-02   9.4092827e-01
   7.3202400e-02   9.4514768e-01
   7.3856000e-02   9.4936709e-01
   7.6144000e-02   9.5358650e-01
   7.7777600e-02   9.5780591e-01
   7.8431200e-02   9.6202532e-01
   8.7581600e-02   9.6624473e-01
   8.8562400e-02   9.7046414e-01
   9.0523200e-02   9.7468354e-01
   1.0196080e-01   9.7890295e-01
   1.0228720e-01   9.8312236e-01
   1.0294080e-01   9.8734177e-01
   1.1437920e-01   9.9156118e-01
   1.3823520e-01   9.9578059e-01
   1.6209120e-01   1.0000000e+00
