   3.0152000e-03   0.0000000e+00
   3.0152000e-03   8.9285714e-03
   3.3504000e-03   1.3392857e-02
   3.6848000e-03   4.0178571e-02
   4.0200000e-03   4.9107143e-02
   4.3552000e-03   6.6964286e-02
   4.6904000e-03   7.1428571e-02
   5.0248000e-03   1.4732143e-01
   5.3600000e-03   1.5625000e-01
   5.6952000e-03   2.1428571e-01
   6.0304000e-03   2.3214286e-01
   6.3648000e-03   3.0357143e-01
   6.7000000e-03   3.0803571e-01
   7.0352000e-03   3.4821429e-01
   7.3704000e-03   3.6607143e-01
   7.7048000e-03   3.9285714e-01
   8.0400000e-03   4.1071429e-01
   8.3752000e-03   4.1517857e-01
   8.7104000e-03   4.2857143e-01
   9.0456000e-03   4.3750000e-01
   9.3800000e-03   4.4196429e-01
   9.7152000e-03   4.4642857e-01
   1.0050400e-02   4.5089286e-01
   1.0720000e-02   4.6428571e-01
   1.1055200e-02   4.6875000e-01
   1.1390400e-02   4.8214286e-01
   1.1725600e-02   4.8660714e-01
   1.2060000e-02   4.9107143e-01
   1.2730400e-02   5.2678571e-01
   1.3065600e-02   5.3125000e-01
   1.3400000e-02   5.3571429e-01
   1.3735200e-02   5.4464286e-01
   1.4405600e-02   5.6250000e-01
   1.5075200e-02   5.7589286e-01
   1.5745600e-02   5.8482143e-01
   1.6415200e-02   5.9375000e-01
   1.7085600e-02   6.0267857e-01
   1.7755200e-02   6.1160714e-01
   1.9095200e-02   6.1607143e-01
   1.9765600e-02   6.2053571e-01
   2.0100800e-02   6.2500000e-01
   2.1105600e-02   6.2946429e-01
   2.1775200e-02   6.3839286e-01
   2.2110400e-02   6.4732143e-01
   2.2780800e-02   6.5178571e-01
   2.3116000e-02   6.5625000e-01
   2.4455200e-02   6.6517857e-01
   2.4790400e-02   6.6964286e-01
   2.5125600e-02   6.8303571e-01
   2.5460800e-02   6.9196429e-01
   2.6130400e-02   6.9642857e-01
   2.7470400e-02   7.0089286e-01
   3.0485600e-02   7.0535714e-01
   3.0820800e-02   7.0982143e-01
   3.1156000e-02   7.1428571e-01
   3.1491200e-02   7.2321429e-01
   3.2160800e-02   7.2767857e-01
   3.2830400e-02   7.3214286e-01
   3.4840800e-02   7.3660714e-01
   3.7185600e-02   7.4553571e-01
   3.7856000e-02   7.5000000e-01
   3.8525600e-02   7.5446429e-01
   4.2211200e-02   7.5892857e-01
   4.4220800e-02   7.6339286e-01
   4.4556000e-02   7.6785714e-01
   4.4891200e-02   7.7232143e-01
   4.6231200e-02   7.7678571e-01
   4.6566400e-02   7.8571429e-01
   4.7571200e-02   7.9017857e-01
   4.7906400e-02   7.9910714e-01
   5.2596000e-02   8.0357143e-01
   5.2931200e-02   8.0803571e-01
   5.5276800e-02   8.1250000e-01
   5.7286400e-02   8.1696429e-01
   5.7956800e-02   8.2142857e-01
   5.8291200e-02   8.2589286e-01
   6.0301600e-02   8.3035714e-01
   6.0636800e-02   8.3482143e-01
   6.0971200e-02   8.3928571e-01
   6.8676800e-02   8.4375000e-01
   7.3701600e-02   8.4821429e-01
   7.5041600e-02   8.5267857e-01
   7.7721600e-02   8.5714286e-01
   8.7102400e-02   8.6160714e-01
   9.1457600e-02   8.6607143e-01
   9.1792000e-02   8.7053571e-01
   9.2127200e-02   8.7500000e-01
   9.3132000e-02   8.7946429e-01
   9.7152800e-02   8.8392857e-01
   9.8157600e-02   8.8839286e-01
   1.0016720e-01   8.9285714e-01
   1.0619760e-01   8.9732143e-01
   1.0753760e-01   9.0178571e-01
   1.2361840e-01   9.0625000e-01
   1.3165840e-01   9.1071429e-01
   1.3601360e-01   9.1517857e-01
   1.3768880e-01   9.1964286e-01
   1.3902880e-01   9.2410714e-01
   1.3936320e-01   9.2857143e-01
   1.3969840e-01   9.3303571e-01
   1.4103840e-01   9.3750000e-01
   1.4974880e-01   9.4196429e-01
   1.5343360e-01   9.4642857e-01
   1.5510880e-01   9.5089286e-01
   1.6348400e-01   9.5535714e-01
   1.6817440e-01   9.5982143e-01
   1.7118960e-01   9.6428571e-01
   1.7319920e-01   9.6875000e-01
   1.7889440e-01   9.7321429e-01
   1.8492480e-01   9.7767857e-01
   1.9497520e-01   9.8214286e-01
   1.9664960e-01   9.8660714e-01
   1.9866000e-01   9.9107143e-01
   2.0871040e-01   9.9553571e-01
   2.7269680e-01   1.0000000e+00
