   3.7120000e-03   0.0000000e+00
   3.7120000e-03   2.4509804e-03
   4.1760000e-03   7.3529412e-03
   4.6400000e-03   9.8039216e-03
   5.1048000e-03   2.4509804e-02
   5.5688000e-03   4.4117647e-02
   6.0328000e-03   6.8627451e-02
   6.4968000e-03   8.8235294e-02
   6.9608000e-03   1.1519608e-01
   7.4248000e-03   1.5441176e-01
   7.8888000e-03   1.7892157e-01
   8.3528000e-03   1.9607843e-01
   8.8168000e-03   2.2058824e-01
   9.2808000e-03   2.5245098e-01
   9.7448000e-03   2.6470588e-01
   1.0208800e-02   2.7205882e-01
   1.0672800e-02   2.8431373e-01
   1.1136800e-02   2.9411765e-01
   1.1600800e-02   3.0637255e-01
   1.2064800e-02   3.1617647e-01
   1.2528800e-02   3.3823529e-01
   1.2992800e-02   3.5784314e-01
   1.3456800e-02   3.7745098e-01
   1.3920800e-02   3.8970588e-01
   1.4384800e-02   4.1911765e-01
   1.4849600e-02   4.2156863e-01
   1.5312800e-02   4.4852941e-01
   1.5777600e-02   4.6323529e-01
   1.6241600e-02   4.7794118e-01
   1.6705600e-02   4.8284314e-01
   1.7169600e-02   4.9754902e-01
   1.7633600e-02   5.0245098e-01
   1.8097600e-02   5.0980392e-01
   1.8561600e-02   5.2941176e-01
   1.9025600e-02   5.3431373e-01
   1.9489600e-02   5.4656863e-01
   1.9953600e-02   5.5392157e-01
   2.0417600e-02   5.5882353e-01
   2.0881600e-02   5.6372549e-01
   2.1345600e-02   5.7107843e-01
   2.1809600e-02   5.7843137e-01
   2.2737600e-02   5.9068627e-01
   2.3201600e-02   6.1029412e-01
   2.3665600e-02   6.1519608e-01
   2.4129600e-02   6.2745098e-01
   2.4593600e-02   6.3235294e-01
   2.5058400e-02   6.3725490e-01
   2.5522400e-02   6.4460784e-01
   2.6450400e-02   6.4950980e-01
   2.6914400e-02   6.5931373e-01
   2.7378400e-02   6.6421569e-01
   2.7842400e-02   6.6911765e-01
   2.8306400e-02   6.7892157e-01
   2.8770400e-02   6.8137255e-01
   2.9234400e-02   6.8627451e-01
   2.9698400e-02   6.8872549e-01
   3.0162400e-02   6.9852941e-01
   3.0626400e-02   7.0343137e-01
   3.1090400e-02   7.1078431e-01
   3.1554400e-02   7.1323529e-01
   3.2018400e-02   7.2549020e-01
   3.2482400e-02   7.3039216e-01
   3.2946400e-02   7.3774510e-01
   3.3410400e-02   7.4264706e-01
   3.3874400e-02   7.4754902e-01
   3.4338400e-02   7.5490196e-01
   3.4803200e-02   7.6715686e-01
   3.5266400e-02   7.7450980e-01
   3.6195200e-02   7.7696078e-01
   3.6659200e-02   7.7941176e-01
   3.7123200e-02   7.8186275e-01
   3.7587200e-02   7.8431373e-01
   3.8515200e-02   7.8921569e-01
   3.8979200e-02   7.9656863e-01
   3.9443200e-02   8.0147059e-01
   3.9907200e-02   8.0882353e-01
   4.0835200e-02   8.1617647e-01
   4.2227200e-02   8.1862745e-01
   4.2691200e-02   8.2598039e-01
   4.3619200e-02   8.2843137e-01
   4.4083200e-02   8.3088235e-01
   4.5012000e-02   8.3578431e-01
   4.5475200e-02   8.3823529e-01
   4.5940000e-02   8.4313725e-01
   4.7332000e-02   8.5294118e-01
   4.7796000e-02   8.6029412e-01
   4.8260000e-02   8.6519608e-01
   4.8724000e-02   8.7009804e-01
   4.9188000e-02   8.7254902e-01
   4.9652000e-02   8.7500000e-01
   5.0116000e-02   8.7745098e-01
   5.1044000e-02   8.8235294e-01
   5.1508000e-02   8.8480392e-01
   5.1972000e-02   8.8725490e-01
   5.2436000e-02   8.8970588e-01
   5.3828000e-02   8.9215686e-01
   5.5220800e-02   8.9460784e-01
   5.6148800e-02   8.9705882e-01
   5.6612800e-02   8.9950980e-01
   5.8004800e-02   9.0196078e-01
   5.8468800e-02   9.0441176e-01
   5.8932800e-02   9.0686275e-01
   5.9396800e-02   9.1176471e-01
   6.3108800e-02   9.1421569e-01
   6.5428800e-02   9.1666667e-01
   6.5893600e-02   9.1911765e-01
   6.7749600e-02   9.2156863e-01
   6.8213600e-02   9.2401961e-01
   6.9141600e-02   9.2647059e-01
   7.0997600e-02   9.2892157e-01
   7.2853600e-02   9.3137255e-01
   7.3317600e-02   9.3382353e-01
   7.4245600e-02   9.3627451e-01
   7.5638400e-02   9.3872549e-01
   7.6566400e-02   9.4117647e-01
   7.7030400e-02   9.4362745e-01
   7.8422400e-02   9.4607843e-01
   8.5847200e-02   9.4852941e-01
   9.0487200e-02   9.5098039e-01
   9.1415200e-02   9.5343137e-01
   9.4199200e-02   9.5588235e-01
   9.5592000e-02   9.5833333e-01
   9.7912000e-02   9.6078431e-01
   1.0023200e-01   9.6323529e-01
   1.0162400e-01   9.6568627e-01
   1.0348000e-01   9.6813725e-01
   1.1415280e-01   9.7058824e-01
   1.2204160e-01   9.7303922e-01
   1.2389760e-01   9.7549020e-01
   1.2482560e-01   9.7794118e-01
   1.2575440e-01   9.8039216e-01
   1.3039440e-01   9.8284314e-01
   1.4153120e-01   9.8529412e-01
   1.5266800e-01   9.8774510e-01
   1.6380480e-01   9.9019608e-01
   1.7911840e-01   9.9264706e-01
   1.8839920e-01   9.9509804e-01
   1.9536000e-01   9.9754902e-01
   2.0417600e-01   1.0000000e+00
