   5.7674788e-03   0.0000000e+00
   5.7674788e-03   2.2573363e-03
   6.0562116e-03   4.5146727e-03
   6.0596430e-03   9.0293454e-03
   6.3681345e-03   1.1286682e-02
   6.6709004e-03   1.3544018e-02
   7.0059718e-03   1.5801354e-02
   7.0225254e-03   1.8058691e-02
   7.6880666e-03   2.0316027e-02
   7.7596957e-03   2.2573363e-02
   7.7850493e-03   2.4830700e-02
   7.9925268e-03   2.9345372e-02
   8.6202177e-03   3.3860045e-02
   8.6899204e-03   3.6117381e-02
   8.8069282e-03   3.8374718e-02
   8.9729916e-03   4.0632054e-02
   9.3308243e-03   4.2889391e-02
   9.4192174e-03   4.5146727e-02
   9.5544121e-03   4.7404063e-02
   9.6103501e-03   5.1918736e-02
   9.8507830e-03   5.4176072e-02
   9.8707542e-03   5.6433409e-02
   9.9712668e-03   5.8690745e-02
   1.0341021e-02   6.0948081e-02
   1.0516124e-02   6.5462754e-02
   1.0839732e-02   6.7720090e-02
   1.1147526e-02   6.9977427e-02
   1.1357637e-02   7.2234763e-02
   1.1534494e-02   7.4492099e-02
   1.1673871e-02   7.6749436e-02
   1.1784430e-02   7.9006772e-02
   1.1785504e-02   8.1264108e-02
   1.1821881e-02   8.3521445e-02
   1.1885276e-02   8.5778781e-02
   1.2098898e-02   8.8036117e-02
   1.2112928e-02   9.0293454e-02
   1.2122617e-02   9.2550790e-02
   1.2419081e-02   9.4808126e-02
   1.2424263e-02   9.7065463e-02
   1.2447419e-02   9.9322799e-02
   1.2461852e-02   1.0383747e-01
   1.2530745e-02   1.0609481e-01
   1.2601679e-02   1.0835214e-01
   1.2788076e-02   1.1512415e-01
   1.2900193e-02   1.1738149e-01
   1.3054799e-02   1.1963883e-01
   1.3333760e-02   1.2189616e-01
   1.3398651e-02   1.2415350e-01
   1.3565296e-02   1.2641084e-01
   1.3701790e-02   1.2866817e-01
   1.3777399e-02   1.3092551e-01
   1.4045684e-02   1.3318284e-01
   1.4293165e-02   1.3544018e-01
   1.4552656e-02   1.3769752e-01
   1.4557962e-02   1.3995485e-01
   1.4600852e-02   1.4221219e-01
   1.4648977e-02   1.4446953e-01
   1.4730854e-02   1.4672686e-01
   1.4794521e-02   1.4898420e-01
   1.4819920e-02   1.5124153e-01
   1.4830793e-02   1.5349887e-01
   1.4930893e-02   1.5575621e-01
   1.4964603e-02   1.5801354e-01
   1.5357228e-02   1.6027088e-01
   1.5619988e-02   1.6252822e-01
   1.5638167e-02   1.6478555e-01
   1.5926705e-02   1.6704289e-01
   1.5952762e-02   1.6930023e-01
   1.6054676e-02   1.7155756e-01
   1.6208203e-02   1.7381490e-01
   1.6238868e-02   1.7607223e-01
   1.6259601e-02   1.7832957e-01
   1.6513635e-02   1.8058691e-01
   1.6612949e-02   1.8510158e-01
   1.6733264e-02   1.8961625e-01
   1.6734995e-02   1.9187359e-01
   1.6766658e-02   1.9413093e-01
   1.6877241e-02   1.9638826e-01
   1.7016853e-02   1.9864560e-01
   1.7193395e-02   2.0090293e-01
   1.7204448e-02   2.0316027e-01
   1.7228290e-02   2.0541761e-01
   1.7239304e-02   2.0767494e-01
   1.7241749e-02   2.0993228e-01
   1.7530983e-02   2.1218962e-01
   1.7560356e-02   2.1444695e-01
   1.7772530e-02   2.1670429e-01
   1.7880209e-02   2.1896163e-01
   1.7938603e-02   2.2121896e-01
   1.8125153e-02   2.2347630e-01
   1.8153653e-02   2.2573363e-01
   1.8210836e-02   2.2799097e-01
   1.8297203e-02   2.3250564e-01
   1.8473478e-02   2.3476298e-01
   1.8504163e-02   2.3702032e-01
   1.8640149e-02   2.4153499e-01
   1.8661136e-02   2.4379233e-01
   1.8737638e-02   2.4604966e-01
   1.8785519e-02   2.4830700e-01
   1.8837340e-02   2.5056433e-01
   1.8840640e-02   2.5282167e-01
   1.9083820e-02   2.5507901e-01
   1.9134302e-02   2.5733634e-01
   1.9276521e-02   2.6185102e-01
   1.9429245e-02   2.6410835e-01
   1.9470074e-02   2.6636569e-01
   1.9668063e-02   2.6862302e-01
   1.9830574e-02   2.7088036e-01
   1.9873388e-02   2.7313770e-01
   2.0148359e-02   2.7539503e-01
   2.0152006e-02   2.7765237e-01
   2.0491962e-02   2.7990971e-01
   2.0501668e-02   2.8442438e-01
   2.0582396e-02   2.8668172e-01
   2.0676841e-02   2.8893905e-01
   2.0703556e-02   2.9119639e-01
   2.0707298e-02   2.9345372e-01
   2.0731912e-02   2.9571106e-01
   2.0934335e-02   2.9796840e-01
   2.0939566e-02   3.0022573e-01
   2.1031631e-02   3.0474041e-01
   2.1039845e-02   3.0699774e-01
   2.1068209e-02   3.0925508e-01
   2.1124312e-02   3.1151242e-01
   2.1199014e-02   3.1376975e-01
   2.1222277e-02   3.1602709e-01
   2.1321663e-02   3.2279910e-01
   2.1338314e-02   3.2505643e-01
   2.1363211e-02   3.2731377e-01
   2.1500038e-02   3.2957111e-01
   2.1575569e-02   3.3182844e-01
   2.1589694e-02   3.3408578e-01
   2.1651190e-02   3.3634312e-01
   2.1655591e-02   3.3860045e-01
   2.1782636e-02   3.4085779e-01
   2.1910479e-02   3.4311512e-01
   2.1961351e-02   3.4537246e-01
   2.1984691e-02   3.4762980e-01
   2.2287085e-02   3.4988713e-01
   2.2287205e-02   3.5214447e-01
   2.2293921e-02   3.5665914e-01
   2.2296825e-02   3.5891648e-01
   2.2444998e-02   3.6117381e-01
   2.2628939e-02   3.6568849e-01
   2.2933638e-02   3.6794582e-01
   2.2996617e-02   3.7020316e-01
   2.2997998e-02   3.7246050e-01
   2.3002677e-02   3.7471783e-01
   2.3347331e-02   3.7697517e-01
   2.3592852e-02   3.7923251e-01
   2.3643212e-02   3.8148984e-01
   2.3771213e-02   3.8374718e-01
   2.3895286e-02   3.8600451e-01
   2.3991988e-02   3.8826185e-01
   2.4062853e-02   3.9277652e-01
   2.4541726e-02   3.9503386e-01
   2.4709821e-02   3.9729120e-01
   2.4746454e-02   3.9954853e-01
   2.4841527e-02   4.0180587e-01
   2.4858893e-02   4.0406321e-01
   2.4877908e-02   4.0632054e-01
   2.4893626e-02   4.0857788e-01
   2.4986483e-02   4.1083521e-01
   2.5013039e-02   4.1309255e-01
   2.5159887e-02   4.1534989e-01
   2.5219199e-02   4.1986456e-01
   2.5344990e-02   4.2212190e-01
   2.5517856e-02   4.2437923e-01
   2.5650721e-02   4.2663657e-01
   2.6110207e-02   4.2889391e-01
   2.6125373e-02   4.3115124e-01
   2.6174801e-02   4.3340858e-01
   2.6265272e-02   4.3566591e-01
   2.6416515e-02   4.3792325e-01
   2.6433335e-02   4.4243792e-01
   2.6436669e-02   4.4695260e-01
   2.6492594e-02   4.4920993e-01
   2.6499290e-02   4.5146727e-01
   2.6697947e-02   4.5372460e-01
   2.6718830e-02   4.5598194e-01
   2.6747976e-02   4.5823928e-01
   2.6797301e-02   4.6049661e-01
   2.6845445e-02   4.6275395e-01
   2.6892497e-02   4.6501129e-01
   2.7238953e-02   4.6726862e-01
   2.7419830e-02   4.7178330e-01
   2.7446706e-02   4.7404063e-01
   2.7712206e-02   4.7629797e-01
   2.7719972e-02   4.7855530e-01
   2.7762669e-02   4.8081264e-01
   2.7936446e-02   4.8306998e-01
   2.8083635e-02   4.8532731e-01
   2.8091058e-02   4.8758465e-01
   2.8102378e-02   4.8984199e-01
   2.8232168e-02   4.9209932e-01
   2.8547342e-02   4.9435666e-01
   2.8586330e-02   4.9661400e-01
   2.8907809e-02   4.9887133e-01
   2.9114823e-02   5.0112867e-01
   2.9224004e-02   5.0338600e-01
   2.9272216e-02   5.0564334e-01
   2.9482120e-02   5.0790068e-01
   2.9628106e-02   5.1015801e-01
   2.9833344e-02   5.1241535e-01
   2.9960942e-02   5.1467269e-01
   3.0189608e-02   5.1693002e-01
   3.0247755e-02   5.2144470e-01
   3.0637531e-02   5.2370203e-01
   3.0694805e-02   5.2595937e-01
   3.0773617e-02   5.2821670e-01
   3.0888593e-02   5.3273138e-01
   3.1018840e-02   5.3498871e-01
   3.1203197e-02   5.3724605e-01
   3.1323183e-02   5.3950339e-01
   3.1407836e-02   5.4176072e-01
   3.2049153e-02   5.4401806e-01
   3.2109805e-02   5.4627540e-01
   3.2291947e-02   5.4853273e-01
   3.2473924e-02   5.5079007e-01
   3.2478326e-02   5.5530474e-01
   3.2511429e-02   5.5756208e-01
   3.2548010e-02   5.5981941e-01
   3.2569679e-02   5.6207675e-01
   3.2679699e-02   5.6433409e-01
   3.2724451e-02   5.6659142e-01
   3.2942027e-02   5.6884876e-01
   3.3055118e-02   5.7336343e-01
   3.3072527e-02   5.7562077e-01
   3.3168166e-02   5.7787810e-01
   3.3198550e-02   5.8013544e-01
   3.3355350e-02   5.8239278e-01
   3.3463063e-02   5.8465011e-01
   3.3496911e-02   5.8690745e-01
   3.3566120e-02   5.9367946e-01
   3.3581142e-02   5.9819413e-01
   3.3798605e-02   6.0045147e-01
   3.3849176e-02   6.0270880e-01
   3.3906468e-02   6.0496614e-01
   3.4068833e-02   6.0722348e-01
   3.4183477e-02   6.0948081e-01
   3.4186813e-02   6.1173815e-01
   3.4256640e-02   6.1399549e-01
   3.4489781e-02   6.1851016e-01
   3.4706513e-02   6.2076749e-01
   3.4717873e-02   6.2302483e-01
   3.4824556e-02   6.2528217e-01
   3.4835411e-02   6.2753950e-01
   3.5028528e-02   6.2979684e-01
   3.5035470e-02   6.3205418e-01
   3.5077596e-02   6.3431151e-01
   3.5313637e-02   6.3656885e-01
   3.5465093e-02   6.3882619e-01
   3.5759863e-02   6.4108352e-01
   3.5864629e-02   6.4334086e-01
   3.6234960e-02   6.4559819e-01
   3.6279441e-02   6.4785553e-01
   3.6338279e-02   6.5011287e-01
   3.6518521e-02   6.5237020e-01
   3.6622399e-02   6.5462754e-01
   3.6986967e-02   6.5688488e-01
   3.7432221e-02   6.5914221e-01
   3.7571320e-02   6.6139955e-01
   3.7668228e-02   6.6365688e-01
   3.7734583e-02   6.6591422e-01
   3.7962853e-02   6.6817156e-01
   3.8167640e-02   6.7042889e-01
   3.8238118e-02   6.7268623e-01
   3.8276500e-02   6.7494357e-01
   3.8677478e-02   6.7720090e-01
   3.9395311e-02   6.7945824e-01
   3.9398346e-02   6.8171558e-01
   3.9623896e-02   6.8397291e-01
   3.9785237e-02   6.8623025e-01
   3.9826291e-02   6.8848758e-01
   3.9857641e-02   6.9074492e-01
   3.9897354e-02   6.9300226e-01
   4.0063905e-02   6.9525959e-01
   4.0102677e-02   6.9751693e-01
   4.0179985e-02   6.9977427e-01
   4.0281187e-02   7.0203160e-01
   4.0448592e-02   7.0428894e-01
   4.0538272e-02   7.0654628e-01
   4.0760234e-02   7.0880361e-01
   4.1407628e-02   7.1106095e-01
   4.1413465e-02   7.1331828e-01
   4.1507110e-02   7.1783296e-01
   4.2362567e-02   7.2009029e-01
   4.2475802e-02   7.2234763e-01
   4.2539230e-02   7.2460497e-01
   4.2570986e-02   7.2686230e-01
   4.2987989e-02   7.2911964e-01
   4.3341791e-02   7.3137698e-01
   4.3421123e-02   7.3363431e-01
   4.3501402e-02   7.3814898e-01
   4.3638910e-02   7.4040632e-01
   4.3692689e-02   7.4266366e-01
   4.3785606e-02   7.4492099e-01
   4.4002869e-02   7.4717833e-01
   4.4189360e-02   7.4943567e-01
   4.4285273e-02   7.5169300e-01
   4.4540917e-02   7.5395034e-01
   4.4617708e-02   7.5620767e-01
   4.4941315e-02   7.5846501e-01
   4.5065971e-02   7.6072235e-01
   4.5226858e-02   7.6297968e-01
   4.5247078e-02   7.6523702e-01
   4.5283544e-02   7.6749436e-01
   4.5852253e-02   7.6975169e-01
   4.5963158e-02   7.7200903e-01
   4.6056301e-02   7.7426637e-01
   4.6477587e-02   7.7652370e-01
   4.6828568e-02   7.7878104e-01
   4.7634090e-02   7.8103837e-01
   4.7717359e-02   7.8329571e-01
   4.7747095e-02   7.8555305e-01
   4.7760751e-02   7.8781038e-01
   4.7857641e-02   7.9006772e-01
   4.8133408e-02   7.9232506e-01
   4.9041339e-02   7.9458239e-01
   4.9082321e-02   7.9683973e-01
   4.9565415e-02   7.9909707e-01
   4.9658729e-02   8.0135440e-01
   4.9679808e-02   8.0361174e-01
   4.9906269e-02   8.0586907e-01
   5.0199792e-02   8.0812641e-01
   5.0217976e-02   8.1038375e-01
   5.0329738e-02   8.1264108e-01
   5.0408653e-02   8.1489842e-01
   5.0447451e-02   8.1715576e-01
   5.0983287e-02   8.1941309e-01
   5.1008635e-02   8.2167043e-01
   5.1157482e-02   8.2392777e-01
   5.1229524e-02   8.2618510e-01
   5.1337095e-02   8.2844244e-01
   5.1357562e-02   8.3069977e-01
   5.1430740e-02   8.3295711e-01
   5.1638178e-02   8.3521445e-01
   5.1917601e-02   8.3747178e-01
   5.2305624e-02   8.3972912e-01
   5.2358807e-02   8.4198646e-01
   5.2542268e-02   8.4424379e-01
   5.2604846e-02   8.4650113e-01
   5.3109697e-02   8.4875847e-01
   5.3150042e-02   8.5101580e-01
   5.4576715e-02   8.5327314e-01
   5.5343505e-02   8.5553047e-01
   5.5723006e-02   8.5778781e-01
   5.6534966e-02   8.6004515e-01
   5.7114571e-02   8.6230248e-01
   5.7827232e-02   8.6455982e-01
   5.7883522e-02   8.6681716e-01
   5.8583747e-02   8.6907449e-01
   5.8855392e-02   8.7133183e-01
   5.9089490e-02   8.7358916e-01
   5.9601993e-02   8.7584650e-01
   5.9633002e-02   8.7810384e-01
   5.9640332e-02   8.8036117e-01
   6.0020998e-02   8.8261851e-01
   6.0509828e-02   8.8487585e-01
   6.0672106e-02   8.8713318e-01
   6.1307505e-02   8.8939052e-01
   6.1875098e-02   8.9164786e-01
   6.2051884e-02   8.9390519e-01
   6.2883404e-02   8.9616253e-01
   6.2995768e-02   8.9841986e-01
   6.3072859e-02   9.0067720e-01
   6.4565670e-02   9.0293454e-01
   6.4680247e-02   9.0519187e-01
   6.6871387e-02   9.0744921e-01
   6.7234805e-02   9.0970655e-01
   6.7508248e-02   9.1196388e-01
   6.7698858e-02   9.1422122e-01
   6.8912208e-02   9.1647856e-01
   6.9126118e-02   9.1873589e-01
   6.9431356e-02   9.2099323e-01
   6.9805282e-02   9.2325056e-01
   7.0988869e-02   9.2550790e-01
   7.1044224e-02   9.2776524e-01
   7.1170479e-02   9.3002257e-01
   7.1357853e-02   9.3227991e-01
   7.3905602e-02   9.3453725e-01
   7.4144875e-02   9.3679458e-01
   7.5469710e-02   9.3905192e-01
   7.6699192e-02   9.4130926e-01
   7.7064721e-02   9.4356659e-01
   7.7105431e-02   9.4582393e-01
   7.7718662e-02   9.4808126e-01
   7.8173782e-02   9.5033860e-01
   7.8986918e-02   9.5259594e-01
   7.9152739e-02   9.5485327e-01
   8.0062169e-02   9.5711061e-01
   8.0564786e-02   9.5936795e-01
   8.0837617e-02   9.6162528e-01
   8.1470441e-02   9.6388262e-01
   8.8507379e-02   9.6613995e-01
   9.0378290e-02   9.6839729e-01
   9.3056521e-02   9.7065463e-01
   9.5457631e-02   9.7291196e-01
   9.5618648e-02   9.7516930e-01
   9.7532270e-02   9.7742664e-01
   1.0029931e-01   9.7968397e-01
   1.0227962e-01   9.8194131e-01
   1.0541273e-01   9.8419865e-01
   1.0572351e-01   9.8645598e-01
   1.0628193e-01   9.8871332e-01
   1.1072178e-01   9.9097065e-01
   1.1590716e-01   9.9322799e-01
   1.1710742e-01   9.9548533e-01
   1.2367920e-01   9.9774266e-01
   1.8453930e-01   1.0000000e+00
