   3.1576000e-03   0.0000000e+00
   3.1576000e-03   3.7593985e-03
   4.5616000e-03   1.1278195e-02
   4.9120000e-03   1.8796992e-02
   5.6144000e-03   2.2556391e-02
   6.3160000e-03   2.6315789e-02
   6.6664000e-03   3.7593985e-02
   7.0176000e-03   4.5112782e-02
   7.3688000e-03   5.6390977e-02
   7.7192000e-03   7.8947368e-02
   8.0704000e-03   8.2706767e-02
   8.4208000e-03   1.0150376e-01
   8.7720000e-03   1.2030075e-01
   9.1232000e-03   1.4285714e-01
   9.4736000e-03   1.6541353e-01
   9.8248000e-03   1.8045113e-01
   1.0526400e-02   1.8796992e-01
   1.0876800e-02   1.9172932e-01
   1.1228000e-02   2.0676692e-01
   1.1579200e-02   2.1804511e-01
   1.1929600e-02   2.2556391e-01
   1.2280800e-02   2.2932331e-01
   1.2632000e-02   2.4812030e-01
   1.2982400e-02   2.7067669e-01
   1.3333600e-02   2.7819549e-01
   1.3684000e-02   3.0451128e-01
   1.4035200e-02   3.1954887e-01
   1.4385600e-02   3.3082707e-01
   1.4736800e-02   3.3834586e-01
   1.5088000e-02   3.4962406e-01
   1.5789600e-02   3.5714286e-01
   1.6140000e-02   3.6466165e-01
   1.6491200e-02   3.6842105e-01
   1.6842400e-02   3.7593985e-01
   1.7192800e-02   3.8345865e-01
   1.7544000e-02   4.0601504e-01
   1.7894400e-02   4.1353383e-01
   1.8947200e-02   4.2481203e-01
   2.0000000e-02   4.4360902e-01
   2.0351200e-02   4.5112782e-01
   2.0701600e-02   4.5864662e-01
   2.1052800e-02   4.6992481e-01
   2.1403200e-02   4.8120301e-01
   2.1754400e-02   4.8872180e-01
   2.2105600e-02   4.9248120e-01
   2.2456000e-02   5.0375940e-01
   2.2807200e-02   5.0751880e-01
   2.3157600e-02   5.1879699e-01
   2.3508800e-02   5.2255639e-01
   2.3860000e-02   5.3383459e-01
   2.4210400e-02   5.3759398e-01
   2.4561600e-02   5.4135338e-01
   2.4912000e-02   5.5263158e-01
   2.6666400e-02   5.5639098e-01
   2.7017600e-02   5.6015038e-01
   2.7368000e-02   5.6390977e-01
   2.8070400e-02   5.6766917e-01
   2.8772000e-02   5.7518797e-01
   2.9122400e-02   5.8270677e-01
   2.9824800e-02   5.8646617e-01
   3.0175200e-02   5.9398496e-01
   3.0526400e-02   6.0526316e-01
   3.0876800e-02   6.1278195e-01
   3.1579200e-02   6.1654135e-01
   3.1929600e-02   6.2030075e-01
   3.2631200e-02   6.2781955e-01
   3.2982400e-02   6.3909774e-01
   3.3333600e-02   6.4285714e-01
   3.3684000e-02   6.5037594e-01
   3.4035200e-02   6.5789474e-01
   3.4385600e-02   6.6541353e-01
   3.4736800e-02   6.6917293e-01
   3.5088000e-02   6.7669173e-01
   3.5438400e-02   6.8796992e-01
   3.5789600e-02   6.9548872e-01
   3.6140000e-02   7.0300752e-01
   3.6491200e-02   7.0676692e-01
   3.6842400e-02   7.1052632e-01
   3.7192800e-02   7.1428571e-01
   3.7544000e-02   7.1804511e-01
   3.7894400e-02   7.2180451e-01
   3.8245600e-02   7.2556391e-01
   3.8947200e-02   7.3308271e-01
   4.0000000e-02   7.4812030e-01
   4.1403200e-02   7.5187970e-01
   4.1754400e-02   7.5939850e-01
   4.2105600e-02   7.6315789e-01
   4.2807200e-02   7.6691729e-01
   4.3157600e-02   7.7067669e-01
   4.4210400e-02   7.7443609e-01
   4.4561600e-02   7.7819549e-01
   4.5263200e-02   7.8571429e-01
   4.5613600e-02   7.9323308e-01
   4.5964800e-02   7.9699248e-01
   4.6666400e-02   8.0075188e-01
   4.8070400e-02   8.0451128e-01
   4.8420800e-02   8.0827068e-01
   4.8772000e-02   8.1578947e-01
   4.9122400e-02   8.1954887e-01
   4.9473600e-02   8.3082707e-01
   4.9824800e-02   8.3834586e-01
   5.0175200e-02   8.4586466e-01
   5.0526400e-02   8.5714286e-01
   5.1228000e-02   8.6842105e-01
   5.2632000e-02   8.7218045e-01
   5.5088000e-02   8.7593985e-01
   5.6842400e-02   8.7969925e-01
   5.7192800e-02   8.8345865e-01
   5.7544000e-02   8.8721805e-01
   5.8947200e-02   8.9097744e-01
   5.9298400e-02   8.9849624e-01
   6.0000000e-02   9.0225564e-01
   6.1403200e-02   9.0601504e-01
   6.7368000e-02   9.1353383e-01
   6.8772000e-02   9.2105263e-01
   6.9473600e-02   9.2857143e-01
   7.2280800e-02   9.3233083e-01
   7.2982400e-02   9.3609023e-01
   7.4035200e-02   9.4360902e-01
   8.1052800e-02   9.4736842e-01
   8.2456000e-02   9.5112782e-01
   8.3860000e-02   9.5488722e-01
   8.5263200e-02   9.5864662e-01
   8.7719200e-02   9.6240602e-01
   8.9824800e-02   9.6616541e-01
   9.4035200e-02   9.6992481e-01
   9.5088000e-02   9.7368421e-01
   9.7544000e-02   9.7744361e-01
   1.0175440e-01   9.8120301e-01
   1.0491200e-01   9.8496241e-01
   1.0561440e-01   9.8872180e-01
   1.1508800e-01   9.9248120e-01
   1.2491200e-01   9.9624060e-01
   2.0701760e-01   1.0000000e+00
