   4.8006413e-03   0.0000000e+00
   4.8006413e-03   3.4129693e-03
   5.6335839e-03   1.0238908e-02
   6.1146066e-03   1.3651877e-02
   6.3068227e-03   1.7064846e-02
   6.3390316e-03   2.0477816e-02
   7.4233767e-03   2.3890785e-02
   7.5117277e-03   2.7303754e-02
   7.6556631e-03   3.0716724e-02
   8.7728606e-03   3.4129693e-02
   8.8083198e-03   3.7542662e-02
   8.9507671e-03   4.0955631e-02
   9.2972439e-03   4.4368601e-02
   9.4695728e-03   4.7781570e-02
   9.5251970e-03   5.1194539e-02
   9.7606345e-03   5.4607509e-02
   9.9843029e-03   5.8020478e-02
   9.9852808e-03   6.1433447e-02
   1.0225962e-02   6.4846416e-02
   1.0615719e-02   6.8259386e-02
   1.1396993e-02   7.1672355e-02
   1.1562021e-02   7.5085324e-02
   1.2359185e-02   7.8498294e-02
   1.2525130e-02   8.1911263e-02
   1.2614181e-02   8.5324232e-02
   1.2873893e-02   8.8737201e-02
   1.2918990e-02   9.2150171e-02
   1.3397851e-02   9.5563140e-02
   1.3776251e-02   9.8976109e-02
   1.4501757e-02   1.0238908e-01
   1.4713297e-02   1.0580205e-01
   1.4718694e-02   1.0921502e-01
   1.4727331e-02   1.1262799e-01
   1.5250736e-02   1.1604096e-01
   1.5329292e-02   1.1945392e-01
   1.5502658e-02   1.2286689e-01
   1.5602121e-02   1.2969283e-01
   1.6298718e-02   1.3310580e-01
   1.6603986e-02   1.3651877e-01
   1.7332122e-02   1.3993174e-01
   1.7408371e-02   1.4334471e-01
   1.7449158e-02   1.4675768e-01
   1.7473460e-02   1.5017065e-01
   1.7545858e-02   1.5358362e-01
   1.7623556e-02   1.6040956e-01
   1.7627695e-02   1.6382253e-01
   1.7705781e-02   1.7064846e-01
   1.7942847e-02   1.7406143e-01
   1.8027116e-02   1.7747440e-01
   1.8213022e-02   1.8088737e-01
   1.8634993e-02   1.8430034e-01
   1.8666087e-02   1.8771331e-01
   1.8917436e-02   1.9112628e-01
   1.8921004e-02   1.9453925e-01
   1.9160542e-02   1.9795222e-01
   1.9184389e-02   2.0136519e-01
   1.9236019e-02   2.0477816e-01
   1.9737084e-02   2.0819113e-01
   1.9773666e-02   2.1160410e-01
   1.9871208e-02   2.1501706e-01
   2.0007526e-02   2.1843003e-01
   2.0169411e-02   2.2184300e-01
   2.0250465e-02   2.2525597e-01
   2.0336348e-02   2.2866894e-01
   2.0405889e-02   2.3208191e-01
   2.0656846e-02   2.3549488e-01
   2.0755847e-02   2.3890785e-01
   2.0762208e-02   2.4232082e-01
   2.1033139e-02   2.4573379e-01
   2.1153540e-02   2.4914676e-01
   2.1281157e-02   2.5255973e-01
   2.1293211e-02   2.5597270e-01
   2.1306127e-02   2.5938567e-01
   2.1388960e-02   2.6279863e-01
   2.1679193e-02   2.6621160e-01
   2.1814752e-02   2.6962457e-01
   2.1821773e-02   2.7303754e-01
   2.1868710e-02   2.7645051e-01
   2.1900319e-02   2.7986348e-01
   2.1972978e-02   2.8327645e-01
   2.2070240e-02   2.8668942e-01
   2.2114065e-02   2.9010239e-01
   2.2352664e-02   2.9351536e-01
   2.2422828e-02   2.9692833e-01
   2.2613498e-02   3.0034130e-01
   2.2730767e-02   3.0375427e-01
   2.2876709e-02   3.0716724e-01
   2.2966915e-02   3.1058020e-01
   2.3150112e-02   3.1399317e-01
   2.3182949e-02   3.1740614e-01
   2.3272787e-02   3.2081911e-01
   2.3283471e-02   3.2423208e-01
   2.3646660e-02   3.2764505e-01
   2.3654033e-02   3.3105802e-01
   2.3845471e-02   3.3447099e-01
   2.4176281e-02   3.3788396e-01
   2.4702770e-02   3.4129693e-01
   2.4972183e-02   3.4470990e-01
   2.5253987e-02   3.4812287e-01
   2.5718167e-02   3.5153584e-01
   2.5837981e-02   3.5494881e-01
   2.6020480e-02   3.5836177e-01
   2.6112871e-02   3.6177474e-01
   2.6325976e-02   3.6518771e-01
   2.6650634e-02   3.6860068e-01
   2.6743523e-02   3.7201365e-01
   2.6768853e-02   3.7542662e-01
   2.6998579e-02   3.7883959e-01
   2.7417313e-02   3.8225256e-01
   2.7703464e-02   3.8566553e-01
   2.7819510e-02   3.8907850e-01
   2.7858837e-02   3.9249147e-01
   2.8160642e-02   3.9590444e-01
   2.8377811e-02   3.9931741e-01
   2.8643497e-02   4.0273038e-01
   2.8870173e-02   4.0614334e-01
   2.9963974e-02   4.0955631e-01
   2.9991235e-02   4.1296928e-01
   3.0152452e-02   4.1638225e-01
   3.0167788e-02   4.1979522e-01
   3.0291379e-02   4.2320819e-01
   3.0502076e-02   4.2662116e-01
   3.0509425e-02   4.3003413e-01
   3.0659704e-02   4.3344710e-01
   3.0819013e-02   4.3686007e-01
   3.1050670e-02   4.4027304e-01
   3.1278789e-02   4.4368601e-01
   3.1492706e-02   4.4709898e-01
   3.1512546e-02   4.5051195e-01
   3.1528140e-02   4.5392491e-01
   3.1534591e-02   4.5733788e-01
   3.1542101e-02   4.6075085e-01
   3.1561985e-02   4.6757679e-01
   3.1793380e-02   4.7098976e-01
   3.1809112e-02   4.7440273e-01
   3.2214625e-02   4.7781570e-01
   3.2273339e-02   4.8122867e-01
   3.2440090e-02   4.8464164e-01
   3.2490649e-02   4.8805461e-01
   3.2844426e-02   4.9146758e-01
   3.3630271e-02   4.9488055e-01
   3.4194521e-02   4.9829352e-01
   3.5014806e-02   5.0170648e-01
   3.5031372e-02   5.0511945e-01
   3.5218932e-02   5.0853242e-01
   3.5242428e-02   5.1194539e-01
   3.5262412e-02   5.1535836e-01
   3.5386043e-02   5.1877133e-01
   3.5498890e-02   5.2218430e-01
   3.5588361e-02   5.2559727e-01
   3.6410914e-02   5.2901024e-01
   3.7230995e-02   5.3242321e-01
   3.7421018e-02   5.3583618e-01
   3.7570961e-02   5.3924915e-01
   3.7642938e-02   5.4266212e-01
   3.7663620e-02   5.4607509e-01
   3.8127444e-02   5.4948805e-01
   3.8239063e-02   5.5290102e-01
   3.8556036e-02   5.5631399e-01
   3.8600805e-02   5.5972696e-01
   3.8625010e-02   5.6313993e-01
   3.8638124e-02   5.6655290e-01
   3.8706211e-02   5.6996587e-01
   3.8812933e-02   5.7337884e-01
   3.8998895e-02   5.7679181e-01
   3.9183650e-02   5.8020478e-01
   3.9198177e-02   5.8361775e-01
   3.9422546e-02   5.8703072e-01
   3.9436674e-02   5.9044369e-01
   3.9525214e-02   5.9385666e-01
   3.9690797e-02   5.9726962e-01
   3.9980045e-02   6.0068259e-01
   4.0068692e-02   6.0409556e-01
   4.0400493e-02   6.0750853e-01
   4.0613634e-02   6.1092150e-01
   4.0660059e-02   6.1433447e-01
   4.0729411e-02   6.1774744e-01
   4.0792720e-02   6.2116041e-01
   4.0975046e-02   6.2457338e-01
   4.1198680e-02   6.2798635e-01
   4.1240357e-02   6.3139932e-01
   4.1261411e-02   6.3481229e-01
   4.1289208e-02   6.3822526e-01
   4.1329845e-02   6.4163823e-01
   4.1542071e-02   6.4505119e-01
   4.1560587e-02   6.4846416e-01
   4.1607201e-02   6.5187713e-01
   4.1815468e-02   6.5529010e-01
   4.2288367e-02   6.5870307e-01
   4.2319625e-02   6.6211604e-01
   4.3102116e-02   6.6552901e-01
   4.4406250e-02   6.6894198e-01
   4.4603098e-02   6.7235495e-01
   4.5001981e-02   6.7576792e-01
   4.5462055e-02   6.7918089e-01
   4.6050739e-02   6.8259386e-01
   4.6108907e-02   6.8600683e-01
   4.6186713e-02   6.8941980e-01
   4.6223137e-02   6.9283276e-01
   4.6459896e-02   6.9624573e-01
   4.6567612e-02   6.9965870e-01
   4.6653497e-02   7.0307167e-01
   4.7084857e-02   7.0648464e-01
   4.7300302e-02   7.0989761e-01
   4.7513683e-02   7.1331058e-01
   4.7558072e-02   7.1672355e-01
   4.7666025e-02   7.2013652e-01
   4.7764200e-02   7.2354949e-01
   4.7848016e-02   7.2696246e-01
   4.8853691e-02   7.3037543e-01
   4.8886968e-02   7.3378840e-01
   4.9104495e-02   7.3720137e-01
   4.9497020e-02   7.4061433e-01
   4.9807894e-02   7.4402730e-01
   5.0192176e-02   7.4744027e-01
   5.0429442e-02   7.5085324e-01
   5.0652788e-02   7.5426621e-01
   5.2029326e-02   7.5767918e-01
   5.2883499e-02   7.6109215e-01
   5.3261957e-02   7.6450512e-01
   5.3344517e-02   7.6791809e-01
   5.3941790e-02   7.7133106e-01
   5.4062747e-02   7.7474403e-01
   5.4681752e-02   7.7815700e-01
   5.4835590e-02   7.8156997e-01
   5.5438686e-02   7.8498294e-01
   5.5644000e-02   7.8839590e-01
   5.6237338e-02   7.9180887e-01
   5.6489333e-02   7.9522184e-01
   5.6562296e-02   7.9863481e-01
   5.6786181e-02   8.0204778e-01
   5.7215042e-02   8.0546075e-01
   5.7850948e-02   8.0887372e-01
   5.8040711e-02   8.1228669e-01
   5.8326807e-02   8.1569966e-01
   5.8510402e-02   8.1911263e-01
   5.8868080e-02   8.2252560e-01
   5.9159847e-02   8.2593857e-01
   5.9253610e-02   8.2935154e-01
   5.9368133e-02   8.3276451e-01
   5.9534641e-02   8.3617747e-01
   5.9730944e-02   8.3959044e-01
   5.9844942e-02   8.4300341e-01
   6.0412827e-02   8.4641638e-01
   6.0538377e-02   8.4982935e-01
   6.0773095e-02   8.5324232e-01
   6.2324100e-02   8.5665529e-01
   6.2599632e-02   8.6006826e-01
   6.2973372e-02   8.6348123e-01
   6.3507990e-02   8.6689420e-01
   6.3527814e-02   8.7030717e-01
   6.3628641e-02   8.7372014e-01
   6.4114706e-02   8.7713311e-01
   6.4214885e-02   8.8054608e-01
   6.4637025e-02   8.8395904e-01
   6.5006424e-02   8.8737201e-01
   6.5393094e-02   8.9078498e-01
   6.8388486e-02   8.9419795e-01
   6.8747062e-02   8.9761092e-01
   7.0198053e-02   9.0102389e-01
   7.0413298e-02   9.0443686e-01
   7.3305997e-02   9.0784983e-01
   7.3838397e-02   9.1126280e-01
   7.4156362e-02   9.1467577e-01
   7.6198622e-02   9.1808874e-01
   7.6760112e-02   9.2150171e-01
   7.9614893e-02   9.2491468e-01
   8.0436404e-02   9.2832765e-01
   8.2333439e-02   9.3174061e-01
   8.3789431e-02   9.3515358e-01
   8.7717736e-02   9.3856655e-01
   8.8056358e-02   9.4197952e-01
   9.0883044e-02   9.4539249e-01
   9.1802624e-02   9.4880546e-01
   9.4326363e-02   9.5221843e-01
   9.7191544e-02   9.5563140e-01
   9.7792455e-02   9.5904437e-01
   9.9651941e-02   9.6245734e-01
   1.0134033e-01   9.6587031e-01
   1.0139078e-01   9.6928328e-01
   1.0139441e-01   9.7269625e-01
   1.0263104e-01   9.7610922e-01
   1.1168069e-01   9.7952218e-01
   1.1390710e-01   9.8293515e-01
   1.2252828e-01   9.8634812e-01
   1.3054325e-01   9.8976109e-01
   1.5072721e-01   9.9317406e-01
   1.5964132e-01   9.9658703e-01
   1.6798082e-01   1.0000000e+00
