   5.2367881e-03   0.0000000e+00
   5.2367881e-03   1.8018018e-03
   5.5886697e-03   3.6036036e-03
   5.8965165e-03   5.4054054e-03
   5.9917851e-03   7.2072072e-03
   6.4163927e-03   9.0090090e-03
   7.0135475e-03   1.0810811e-02
   7.0169550e-03   1.2612613e-02
   7.4336511e-03   1.6216216e-02
   7.5263451e-03   1.8018018e-02
   7.5713113e-03   2.1621622e-02
   7.7789274e-03   2.3423423e-02
   7.8009782e-03   2.5225225e-02
   8.0818607e-03   2.8828829e-02
   8.1297378e-03   3.0630631e-02
   8.1872252e-03   3.2432432e-02
   8.2113644e-03   3.4234234e-02
   8.2355163e-03   3.6036036e-02
   8.4204033e-03   3.9639640e-02
   8.4446397e-03   4.1441441e-02
   8.4829763e-03   4.3243243e-02
   8.5429892e-03   4.5045045e-02
   8.6280854e-03   4.8648649e-02
   8.6378614e-03   5.0450450e-02
   8.6449972e-03   5.2252252e-02
   8.6667515e-03   5.4054054e-02
   8.6762798e-03   5.5855856e-02
   8.6887322e-03   5.7657658e-02
   8.7674454e-03   6.3063063e-02
   8.8811981e-03   6.4864865e-02
   8.9417716e-03   6.8468468e-02
   8.9686764e-03   7.2072072e-02
   9.0973136e-03   7.3873874e-02
   9.1941333e-03   8.1081081e-02
   9.2040426e-03   8.2882883e-02
   9.2181459e-03   8.4684685e-02
   9.2252670e-03   8.6486486e-02
   9.2472396e-03   9.0090090e-02
   9.3676263e-03   9.1891892e-02
   9.4140966e-03   9.3693694e-02
   9.4335034e-03   9.5495495e-02
   9.4737210e-03   9.7297297e-02
   9.5010820e-03   9.9099099e-02
   9.5183254e-03   1.0090090e-01
   9.5605677e-03   1.0270270e-01
   9.5738786e-03   1.0450450e-01
   9.5896722e-03   1.0810811e-01
   9.7506904e-03   1.0990991e-01
   9.7625585e-03   1.1171171e-01
   9.7714362e-03   1.1711712e-01
   9.7746911e-03   1.1891892e-01
   9.8263581e-03   1.2432432e-01
   9.8810084e-03   1.2612613e-01
   9.9070556e-03   1.2972973e-01
   9.9278437e-03   1.3153153e-01
   1.0034952e-02   1.3693694e-01
   1.0035023e-02   1.3873874e-01
   1.0068829e-02   1.4054054e-01
   1.0118965e-02   1.4414414e-01
   1.0207249e-02   1.4774775e-01
   1.0229332e-02   1.5135135e-01
   1.0286003e-02   1.5315315e-01
   1.0308076e-02   1.5855856e-01
   1.0321102e-02   1.6216216e-01
   1.0324758e-02   1.6396396e-01
   1.0326163e-02   1.6576577e-01
   1.0364865e-02   1.6756757e-01
   1.0371560e-02   1.7477477e-01
   1.0437770e-02   1.7657658e-01
   1.0473170e-02   1.7837838e-01
   1.0539965e-02   1.8018018e-01
   1.0554760e-02   1.8378378e-01
   1.0590063e-02   1.8738739e-01
   1.0590410e-02   1.8918919e-01
   1.0620196e-02   1.9099099e-01
   1.0647934e-02   1.9279279e-01
   1.0670962e-02   1.9639640e-01
   1.0676331e-02   1.9819820e-01
   1.0689249e-02   2.0000000e-01
   1.0694728e-02   2.0180180e-01
   1.0763363e-02   2.0360360e-01
   1.0767544e-02   2.0540541e-01
   1.0877989e-02   2.0720721e-01
   1.0878636e-02   2.0900901e-01
   1.0884366e-02   2.1081081e-01
   1.0922848e-02   2.1441441e-01
   1.0994861e-02   2.1981982e-01
   1.1013265e-02   2.2162162e-01
   1.1090829e-02   2.2522523e-01
   1.1146198e-02   2.2882883e-01
   1.1172923e-02   2.3063063e-01
   1.1177339e-02   2.3243243e-01
   1.1226832e-02   2.3423423e-01
   1.1308799e-02   2.3603604e-01
   1.1433601e-02   2.3963964e-01
   1.1537254e-02   2.4144144e-01
   1.1551095e-02   2.4324324e-01
   1.1552113e-02   2.4504505e-01
   1.1649180e-02   2.4864865e-01
   1.1702867e-02   2.5405405e-01
   1.1725653e-02   2.5585586e-01
   1.1730725e-02   2.5945946e-01
   1.1736106e-02   2.6126126e-01
   1.1771996e-02   2.6306306e-01
   1.1775585e-02   2.6486486e-01
   1.1793033e-02   2.6666667e-01
   1.1851065e-02   2.6846847e-01
   1.1889814e-02   2.7027027e-01
   1.1984026e-02   2.7387387e-01
   1.1988361e-02   2.7747748e-01
   1.1996838e-02   2.7927928e-01
   1.2023203e-02   2.8288288e-01
   1.2040597e-02   2.8468468e-01
   1.2079103e-02   2.8648649e-01
   1.2204158e-02   2.8828829e-01
   1.2222168e-02   2.9009009e-01
   1.2264323e-02   2.9189189e-01
   1.2273601e-02   2.9549550e-01
   1.2279548e-02   2.9729730e-01
   1.2294874e-02   2.9909910e-01
   1.2323443e-02   3.0090090e-01
   1.2351219e-02   3.0630631e-01
   1.2394796e-02   3.0810811e-01
   1.2432448e-02   3.0990991e-01
   1.2488252e-02   3.1171171e-01
   1.2490255e-02   3.1351351e-01
   1.2501847e-02   3.1531532e-01
   1.2537039e-02   3.1711712e-01
   1.2537616e-02   3.1891892e-01
   1.2543560e-02   3.2252252e-01
   1.2574847e-02   3.2612613e-01
   1.2599228e-02   3.2792793e-01
   1.2751393e-02   3.2972973e-01
   1.2759942e-02   3.3153153e-01
   1.2818885e-02   3.3333333e-01
   1.2854184e-02   3.3513514e-01
   1.2940466e-02   3.3873874e-01
   1.3013869e-02   3.4054054e-01
   1.3095175e-02   3.4234234e-01
   1.3158402e-02   3.4594595e-01
   1.3189422e-02   3.4774775e-01
   1.3225143e-02   3.4954955e-01
   1.3364919e-02   3.5315315e-01
   1.3381339e-02   3.5675676e-01
   1.3386948e-02   3.5855856e-01
   1.3425316e-02   3.6036036e-01
   1.3486600e-02   3.6216216e-01
   1.3534445e-02   3.6396396e-01
   1.3545278e-02   3.6576577e-01
   1.3560783e-02   3.6756757e-01
   1.3570149e-02   3.6936937e-01
   1.3652829e-02   3.7117117e-01
   1.3654676e-02   3.7657658e-01
   1.3679987e-02   3.8018018e-01
   1.3778059e-02   3.8198198e-01
   1.3797783e-02   3.8378378e-01
   1.3870759e-02   3.8738739e-01
   1.3890493e-02   3.8918919e-01
   1.3933604e-02   3.9099099e-01
   1.3939628e-02   3.9459459e-01
   1.3942089e-02   3.9819820e-01
   1.3972261e-02   4.0000000e-01
   1.4033261e-02   4.0180180e-01
   1.4112961e-02   4.0540541e-01
   1.4139896e-02   4.0720721e-01
   1.4213093e-02   4.0900901e-01
   1.4264527e-02   4.1081081e-01
   1.4343265e-02   4.1261261e-01
   1.4427325e-02   4.1441441e-01
   1.4486959e-02   4.1801802e-01
   1.4496942e-02   4.1981982e-01
   1.4528425e-02   4.2162162e-01
   1.4539114e-02   4.2342342e-01
   1.4584843e-02   4.2522523e-01
   1.4627805e-02   4.2702703e-01
   1.4756180e-02   4.2882883e-01
   1.4837704e-02   4.3063063e-01
   1.4898923e-02   4.3423423e-01
   1.5044108e-02   4.3783784e-01
   1.5056310e-02   4.4144144e-01
   1.5081400e-02   4.4324324e-01
   1.5089030e-02   4.4504505e-01
   1.5143229e-02   4.4684685e-01
   1.5201061e-02   4.4864865e-01
   1.5326295e-02   4.5045045e-01
   1.5393001e-02   4.5225225e-01
   1.5424957e-02   4.5405405e-01
   1.5437358e-02   4.5585586e-01
   1.5521032e-02   4.5945946e-01
   1.5634204e-02   4.6306306e-01
   1.5648519e-02   4.6486486e-01
   1.5680838e-02   4.6666667e-01
   1.5746556e-02   4.6846847e-01
   1.5827995e-02   4.7207207e-01
   1.5865113e-02   4.7387387e-01
   1.5905683e-02   4.7567568e-01
   1.5908457e-02   4.7747748e-01
   1.5931170e-02   4.8108108e-01
   1.5952218e-02   4.8288288e-01
   1.5985327e-02   4.8468468e-01
   1.6014855e-02   4.8648649e-01
   1.6108390e-02   4.8828829e-01
   1.6173108e-02   4.9009009e-01
   1.6188036e-02   4.9189189e-01
   1.6260604e-02   4.9369369e-01
   1.6272146e-02   4.9549550e-01
   1.6316983e-02   4.9729730e-01
   1.6442819e-02   5.0090090e-01
   1.6450613e-02   5.0270270e-01
   1.6454816e-02   5.0450450e-01
   1.6467136e-02   5.0810811e-01
   1.6592206e-02   5.0990991e-01
   1.6889783e-02   5.1171171e-01
   1.6917583e-02   5.1351351e-01
   1.7000871e-02   5.1531532e-01
   1.7026373e-02   5.2072072e-01
   1.7035088e-02   5.2252252e-01
   1.7210713e-02   5.2432432e-01
   1.7324776e-02   5.2612613e-01
   1.7333011e-02   5.2972973e-01
   1.7351459e-02   5.3153153e-01
   1.7397278e-02   5.3333333e-01
   1.7535376e-02   5.3693694e-01
   1.7584484e-02   5.3873874e-01
   1.7589095e-02   5.4054054e-01
   1.7640163e-02   5.4234234e-01
   1.7697019e-02   5.4594595e-01
   1.7849032e-02   5.4774775e-01
   1.7874969e-02   5.4954955e-01
   1.8005074e-02   5.5135135e-01
   1.8116679e-02   5.5315315e-01
   1.8117117e-02   5.5495495e-01
   1.8194445e-02   5.5675676e-01
   1.8226134e-02   5.5855856e-01
   1.8249870e-02   5.6036036e-01
   1.8264964e-02   5.6216216e-01
   1.8301070e-02   5.6396396e-01
   1.8324855e-02   5.6576577e-01
   1.8442854e-02   5.6936937e-01
   1.8454091e-02   5.7117117e-01
   1.8672263e-02   5.7297297e-01
   1.8947442e-02   5.7477477e-01
   1.9118916e-02   5.7657658e-01
   1.9222667e-02   5.7837838e-01
   1.9228102e-02   5.8018018e-01
   1.9261131e-02   5.8198198e-01
   1.9304126e-02   5.8378378e-01
   1.9304901e-02   5.8558559e-01
   1.9315244e-02   5.8738739e-01
   1.9346574e-02   5.8918919e-01
   1.9364091e-02   5.9099099e-01
   1.9419661e-02   5.9279279e-01
   1.9495186e-02   5.9459459e-01
   1.9514124e-02   5.9639640e-01
   1.9587406e-02   6.0000000e-01
   1.9611477e-02   6.0180180e-01
   1.9780567e-02   6.0360360e-01
   1.9859771e-02   6.0540541e-01
   1.9922366e-02   6.0720721e-01
   1.9997155e-02   6.0900901e-01
   2.0046830e-02   6.1081081e-01
   2.0311400e-02   6.1441441e-01
   2.0351147e-02   6.1621622e-01
   2.0439595e-02   6.1801802e-01
   2.0575553e-02   6.1981982e-01
   2.0581550e-02   6.2162162e-01
   2.0615563e-02   6.2342342e-01
   2.0649515e-02   6.2522523e-01
   2.0651885e-02   6.2702703e-01
   2.0794763e-02   6.2882883e-01
   2.0875675e-02   6.3063063e-01
   2.0897932e-02   6.3243243e-01
   2.0905133e-02   6.3423423e-01
   2.0912828e-02   6.3603604e-01
   2.0943604e-02   6.3783784e-01
   2.1021692e-02   6.3963964e-01
   2.1079929e-02   6.4324324e-01
   2.1341497e-02   6.4504505e-01
   2.1496495e-02   6.4684685e-01
   2.1737565e-02   6.4864865e-01
   2.1757195e-02   6.5045045e-01
   2.1795956e-02   6.5225225e-01
   2.1857881e-02   6.5405405e-01
   2.1915712e-02   6.5585586e-01
   2.2016615e-02   6.5765766e-01
   2.2026103e-02   6.5945946e-01
   2.2098979e-02   6.6126126e-01
   2.2295599e-02   6.6306306e-01
   2.2299962e-02   6.6486486e-01
   2.2308771e-02   6.6666667e-01
   2.2312754e-02   6.6846847e-01
   2.2405423e-02   6.7207207e-01
   2.2528839e-02   6.7387387e-01
   2.2614483e-02   6.7567568e-01
   2.2785530e-02   6.7747748e-01
   2.2967191e-02   6.7927928e-01
   2.2992641e-02   6.8108108e-01
   2.3027408e-02   6.8288288e-01
   2.3104726e-02   6.8468468e-01
   2.3173205e-02   6.8648649e-01
   2.3246080e-02   6.8828829e-01
   2.3309794e-02   6.9009009e-01
   2.3405201e-02   6.9189189e-01
   2.3435646e-02   6.9369369e-01
   2.3467012e-02   6.9549550e-01
   2.3752832e-02   6.9729730e-01
   2.3959738e-02   6.9909910e-01
   2.3991405e-02   7.0090090e-01
   2.4144239e-02   7.0270270e-01
   2.4345641e-02   7.0450450e-01
   2.4362533e-02   7.0630631e-01
   2.4385054e-02   7.0810811e-01
   2.4459476e-02   7.0990991e-01
   2.4641194e-02   7.1171171e-01
   2.4646220e-02   7.1351351e-01
   2.4799962e-02   7.1531532e-01
   2.4960786e-02   7.1711712e-01
   2.5569342e-02   7.1891892e-01
   2.5628968e-02   7.2072072e-01
   2.5642389e-02   7.2252252e-01
   2.5999762e-02   7.2432432e-01
   2.6183103e-02   7.2612613e-01
   2.6972737e-02   7.2792793e-01
   2.7007864e-02   7.2972973e-01
   2.7027264e-02   7.3333333e-01
   2.7103262e-02   7.3513514e-01
   2.7128014e-02   7.3693694e-01
   2.7329229e-02   7.3873874e-01
   2.7459451e-02   7.4054054e-01
   2.7687293e-02   7.4234234e-01
   2.7824343e-02   7.4414414e-01
   2.7863378e-02   7.4594595e-01
   2.7907868e-02   7.4774775e-01
   2.7970167e-02   7.4954955e-01
   2.8300772e-02   7.5135135e-01
   2.8594430e-02   7.5315315e-01
   2.8919552e-02   7.5495495e-01
   2.8923921e-02   7.5675676e-01
   2.8981553e-02   7.5855856e-01
   2.9233030e-02   7.6036036e-01
   2.9235211e-02   7.6216216e-01
   2.9843595e-02   7.6396396e-01
   2.9976335e-02   7.6576577e-01
   3.0168692e-02   7.6756757e-01
   3.0262910e-02   7.6936937e-01
   3.0267041e-02   7.7117117e-01
   3.0286459e-02   7.7297297e-01
   3.0326689e-02   7.7477477e-01
   3.0374292e-02   7.7657658e-01
   3.0501141e-02   7.7837838e-01
   3.0895708e-02   7.8018018e-01
   3.0974273e-02   7.8198198e-01
   3.1079998e-02   7.8378378e-01
   3.1296494e-02   7.8558559e-01
   3.1345217e-02   7.8738739e-01
   3.1771229e-02   7.8918919e-01
   3.1903903e-02   7.9099099e-01
   3.2520080e-02   7.9279279e-01
   3.2901135e-02   7.9459459e-01
   3.2949806e-02   7.9639640e-01
   3.3318144e-02   7.9819820e-01
   3.3461678e-02   8.0000000e-01
   3.3492929e-02   8.0180180e-01
   3.3505218e-02   8.0360360e-01
   3.3597183e-02   8.0540541e-01
   3.4266764e-02   8.0720721e-01
   3.4289462e-02   8.0900901e-01
   3.4467133e-02   8.1081081e-01
   3.4566165e-02   8.1261261e-01
   3.4824618e-02   8.1441441e-01
   3.5105656e-02   8.1621622e-01
   3.5108052e-02   8.1801802e-01
   3.5314443e-02   8.1981982e-01
   3.5381388e-02   8.2162162e-01
   3.5392923e-02   8.2342342e-01
   3.5468414e-02   8.2522523e-01
   3.5965714e-02   8.2702703e-01
   3.6972037e-02   8.2882883e-01
   3.7337095e-02   8.3063063e-01
   3.7582114e-02   8.3243243e-01
   3.7615778e-02   8.3423423e-01
   3.7979814e-02   8.3603604e-01
   3.8105328e-02   8.3783784e-01
   3.8185923e-02   8.3963964e-01
   3.8261753e-02   8.4144144e-01
   3.8294104e-02   8.4324324e-01
   3.8416176e-02   8.4504505e-01
   3.8643392e-02   8.4684685e-01
   3.8728275e-02   8.4864865e-01
   3.8966363e-02   8.5045045e-01
   3.9791342e-02   8.5225225e-01
   4.0725841e-02   8.5405405e-01
   4.1194375e-02   8.5585586e-01
   4.1707660e-02   8.5765766e-01
   4.1828226e-02   8.5945946e-01
   4.1856426e-02   8.6126126e-01
   4.2174072e-02   8.6306306e-01
   4.4101116e-02   8.6486486e-01
   4.4810246e-02   8.6666667e-01
   4.5277235e-02   8.6846847e-01
   4.5620855e-02   8.7027027e-01
   4.5668471e-02   8.7207207e-01
   4.5697663e-02   8.7387387e-01
   4.5838273e-02   8.7567568e-01
   4.6535431e-02   8.7747748e-01
   4.7081632e-02   8.7927928e-01
   4.7166695e-02   8.8108108e-01
   4.8176926e-02   8.8288288e-01
   4.8665789e-02   8.8468468e-01
   4.8758569e-02   8.8648649e-01
   4.9033755e-02   8.8828829e-01
   4.9650312e-02   8.9009009e-01
   4.9666210e-02   8.9189189e-01
   5.0056051e-02   8.9369369e-01
   5.0208666e-02   8.9549550e-01
   5.0592571e-02   8.9729730e-01
   5.0830071e-02   8.9909910e-01
   5.1955098e-02   9.0090090e-01
   5.2656654e-02   9.0270270e-01
   5.2940280e-02   9.0450450e-01
   5.3621892e-02   9.0630631e-01
   5.3909979e-02   9.0810811e-01
   5.4328481e-02   9.0990991e-01
   5.4815306e-02   9.1171171e-01
   5.5279524e-02   9.1351351e-01
   5.5985409e-02   9.1531532e-01
   5.6007421e-02   9.1711712e-01
   5.6048587e-02   9.1891892e-01
   5.6322482e-02   9.2072072e-01
   5.6733404e-02   9.2252252e-01
   5.8044010e-02   9.2432432e-01
   5.8148468e-02   9.2612613e-01
   5.8651031e-02   9.2792793e-01
   5.9905891e-02   9.2972973e-01
   6.1368043e-02   9.3153153e-01
   6.2485139e-02   9.3333333e-01
   6.3028590e-02   9.3513514e-01
   6.4235934e-02   9.3693694e-01
   6.4375955e-02   9.3873874e-01
   6.5534650e-02   9.4054054e-01
   6.6936481e-02   9.4234234e-01
   6.9865958e-02   9.4414414e-01
   7.1624049e-02   9.4594595e-01
   7.7730099e-02   9.4774775e-01
   7.9201000e-02   9.4954955e-01
   8.0625168e-02   9.5135135e-01
   8.2712643e-02   9.5315315e-01
   8.3117820e-02   9.5495495e-01
   8.4991139e-02   9.5675676e-01
   8.7527985e-02   9.5855856e-01
   8.9377282e-02   9.6036036e-01
   9.5265424e-02   9.6216216e-01
   9.6183724e-02   9.6396396e-01
   9.9194371e-02   9.6576577e-01
   9.9509970e-02   9.6756757e-01
   1.0156478e-01   9.6936937e-01
   1.0191263e-01   9.7117117e-01
   1.0224670e-01   9.7297297e-01
   1.0417887e-01   9.7477477e-01
   1.0620823e-01   9.7657658e-01
   1.1032956e-01   9.7837838e-01
   1.1228760e-01   9.8018018e-01
   1.1680968e-01   9.8198198e-01
   1.2045816e-01   9.8378378e-01
   1.2120269e-01   9.8558559e-01
   1.2356619e-01   9.8738739e-01
   1.2510580e-01   9.8918919e-01
   1.2729566e-01   9.9099099e-01
   1.4898098e-01   9.9279279e-01
   1.5969007e-01   9.9459459e-01
   1.6979682e-01   9.9639640e-01
   1.7195006e-01   9.9819820e-01
   2.0962285e-01   1.0000000e+00
