   5.0088000e-03   0.0000000e+00
   5.0088000e-03   2.4390244e-02
   7.1560000e-03   3.6585366e-02
   8.2288000e-03   4.8780488e-02
   8.5864000e-03   6.0975610e-02
   1.0017600e-02   7.3170732e-02
   1.1807200e-02   9.7560976e-02
   1.2522400e-02   1.0975610e-01
   1.2880000e-02   1.2195122e-01
   1.3596000e-02   1.3414634e-01
   1.3953600e-02   1.4634146e-01
   1.4311200e-02   1.5853659e-01
   1.5384800e-02   1.7073171e-01
   1.6458400e-02   1.9512195e-01
   1.6816000e-02   2.1951220e-01
   1.7173600e-02   2.3170732e-01
   1.7531200e-02   2.8048780e-01
   1.8962400e-02   2.9268293e-01
   1.9320000e-02   3.2926829e-01
   2.0036000e-02   3.7804878e-01
   2.1467200e-02   3.9024390e-01
   2.1824800e-02   4.0243902e-01
   2.2540000e-02   4.1463415e-01
   2.3256000e-02   4.2682927e-01
   2.4328800e-02   4.3902439e-01
   2.5044800e-02   4.6341463e-01
   2.5760000e-02   5.0000000e-01
   2.6118400e-02   5.1219512e-01
   2.6833600e-02   5.2439024e-01
   2.8264800e-02   5.4878049e-01
   2.8622400e-02   5.6097561e-01
   2.8980000e-02   5.7317073e-01
   2.9338400e-02   5.8536585e-01
   2.9696000e-02   5.9756098e-01
   3.1127200e-02   6.0975610e-01
   3.1842400e-02   6.2195122e-01
   3.2200000e-02   6.3414634e-01
   3.2558400e-02   6.4634146e-01
   3.2916000e-02   6.5853659e-01
   3.3631200e-02   6.7073171e-01
   3.3989600e-02   6.8292683e-01
   3.5420800e-02   6.9512195e-01
   3.6851200e-02   7.0731707e-01
   3.7209600e-02   7.1951220e-01
   4.0071200e-02   7.4390244e-01
   4.1502400e-02   7.5609756e-01
   4.1860800e-02   7.8048780e-01
   4.2576000e-02   7.9268293e-01
   4.3649600e-02   8.0487805e-01
   4.4722400e-02   8.1707317e-01
   4.6153600e-02   8.4146341e-01
   4.6869600e-02   8.6585366e-01
   4.9016000e-02   8.9024390e-01
   4.9373600e-02   9.0243902e-01
   5.1162400e-02   9.1463415e-01
   5.3309600e-02   9.2682927e-01
   5.5813600e-02   9.3902439e-01
   5.8676000e-02   9.6341463e-01
   6.5832000e-02   9.7560976e-01
   7.2272000e-02   9.8780488e-01
   8.0858400e-02   1.0000000e+00
