   4.4369109e-03   0.0000000e+00
   4.4369109e-03   3.5971223e-03
   4.7018379e-03   7.1942446e-03
   5.4232005e-03   1.0791367e-02
   5.9611191e-03   1.4388489e-02
   6.0264329e-03   1.7985612e-02
   6.3438497e-03   2.1582734e-02
   6.4813716e-03   2.5179856e-02
   6.6478616e-03   2.8776978e-02
   6.8952761e-03   3.2374101e-02
   6.9017938e-03   3.5971223e-02
   7.3138783e-03   3.9568345e-02
   7.3946489e-03   4.3165468e-02
   7.5087767e-03   5.0359712e-02
   7.6407239e-03   5.3956835e-02
   7.6576689e-03   6.1151079e-02
   7.8007518e-03   6.4748201e-02
   8.1314412e-03   6.8345324e-02
   8.3896110e-03   7.1942446e-02
   8.4200334e-03   7.9136691e-02
   8.5142951e-03   8.2733813e-02
   8.6223334e-03   8.6330935e-02
   8.7047262e-03   8.9928058e-02
   8.8012411e-03   9.3525180e-02
   8.8743732e-03   9.7122302e-02
   9.0683805e-03   1.0071942e-01
   9.1135042e-03   1.0431655e-01
   9.1872721e-03   1.0791367e-01
   9.1977087e-03   1.1151079e-01
   9.3555310e-03   1.1510791e-01
   9.3666768e-03   1.1870504e-01
   9.3850755e-03   1.2230216e-01
   9.5549359e-03   1.2589928e-01
   9.5666262e-03   1.2949640e-01
   9.6313035e-03   1.3309353e-01
   9.6675691e-03   1.3669065e-01
   9.7578503e-03   1.4028777e-01
   9.8477552e-03   1.4388489e-01
   1.0096876e-02   1.5107914e-01
   1.0121585e-02   1.5467626e-01
   1.0169541e-02   1.5827338e-01
   1.0388734e-02   1.6546763e-01
   1.0522797e-02   1.6906475e-01
   1.0530456e-02   1.7266187e-01
   1.0609651e-02   1.7625899e-01
   1.0614293e-02   1.7985612e-01
   1.0654177e-02   1.8345324e-01
   1.0747423e-02   1.8705036e-01
   1.0841847e-02   1.9064748e-01
   1.0927230e-02   1.9784173e-01
   1.1070628e-02   2.0143885e-01
   1.1082945e-02   2.0503597e-01
   1.1099879e-02   2.0863309e-01
   1.1217667e-02   2.1223022e-01
   1.1221406e-02   2.1942446e-01
   1.1309847e-02   2.2661871e-01
   1.1859341e-02   2.3021583e-01
   1.1865984e-02   2.3381295e-01
   1.2068450e-02   2.3741007e-01
   1.2172347e-02   2.4100719e-01
   1.2310173e-02   2.5179856e-01
   1.2556450e-02   2.5539568e-01
   1.2561782e-02   2.5899281e-01
   1.2816463e-02   2.6258993e-01
   1.2830320e-02   2.6618705e-01
   1.2890249e-02   2.6978417e-01
   1.2904276e-02   2.7338129e-01
   1.3011352e-02   2.7697842e-01
   1.3142288e-02   2.8057554e-01
   1.3182702e-02   2.8417266e-01
   1.3541163e-02   2.8776978e-01
   1.3552632e-02   2.9136691e-01
   1.3605031e-02   2.9496403e-01
   1.3613897e-02   2.9856115e-01
   1.3657233e-02   3.0215827e-01
   1.3693430e-02   3.0575540e-01
   1.3887882e-02   3.0935252e-01
   1.3957181e-02   3.1294964e-01
   1.4033296e-02   3.1654676e-01
   1.4164970e-02   3.2014388e-01
   1.4296994e-02   3.2374101e-01
   1.4393885e-02   3.2733813e-01
   1.4560325e-02   3.3093525e-01
   1.4790944e-02   3.3453237e-01
   1.4953281e-02   3.3812950e-01
   1.5019717e-02   3.4172662e-01
   1.5050368e-02   3.4532374e-01
   1.5089702e-02   3.4892086e-01
   1.5220259e-02   3.5251799e-01
   1.5265779e-02   3.5611511e-01
   1.5506417e-02   3.5971223e-01
   1.5980657e-02   3.6330935e-01
   1.6070203e-02   3.6690647e-01
   1.6249561e-02   3.7050360e-01
   1.6293096e-02   3.7410072e-01
   1.6485178e-02   3.7769784e-01
   1.6495041e-02   3.8129496e-01
   1.6602949e-02   3.8489209e-01
   1.6742103e-02   3.8848921e-01
   1.6753716e-02   3.9208633e-01
   1.6941746e-02   3.9568345e-01
   1.6998060e-02   3.9928058e-01
   1.7254760e-02   4.0287770e-01
   1.7361121e-02   4.0647482e-01
   1.7480642e-02   4.1007194e-01
   1.7483767e-02   4.1366906e-01
   1.7605629e-02   4.1726619e-01
   1.7911466e-02   4.2086331e-01
   1.8066144e-02   4.2446043e-01
   1.8106263e-02   4.2805755e-01
   1.8605957e-02   4.3165468e-01
   1.8752273e-02   4.3525180e-01
   1.8805027e-02   4.3884892e-01
   1.8808480e-02   4.4244604e-01
   1.9306037e-02   4.4604317e-01
   2.0085060e-02   4.4964029e-01
   2.0124806e-02   4.5323741e-01
   2.0194406e-02   4.5683453e-01
   2.0483234e-02   4.6043165e-01
   2.0483799e-02   4.6402878e-01
   2.0485849e-02   4.6762590e-01
   2.0508956e-02   4.7122302e-01
   2.0688669e-02   4.7482014e-01
   2.0822242e-02   4.7841727e-01
   2.1002085e-02   4.8201439e-01
   2.1275820e-02   4.8561151e-01
   2.1331892e-02   4.8920863e-01
   2.1878649e-02   4.9280576e-01
   2.2066263e-02   4.9640288e-01
   2.2238930e-02   5.0000000e-01
   2.2650603e-02   5.0359712e-01
   2.2658577e-02   5.0719424e-01
   2.2824841e-02   5.1079137e-01
   2.2989356e-02   5.1438849e-01
   2.3352124e-02   5.1798561e-01
   2.3635430e-02   5.2158273e-01
   2.3664250e-02   5.2517986e-01
   2.3669885e-02   5.2877698e-01
   2.3881032e-02   5.3237410e-01
   2.3941671e-02   5.3597122e-01
   2.3965829e-02   5.3956835e-01
   2.4457681e-02   5.4316547e-01
   2.4482904e-02   5.4676259e-01
   2.4499865e-02   5.5035971e-01
   2.4974037e-02   5.5395683e-01
   2.5075515e-02   5.5755396e-01
   2.5259490e-02   5.6115108e-01
   2.5450476e-02   5.6474820e-01
   2.5464423e-02   5.6834532e-01
   2.5738757e-02   5.7194245e-01
   2.6440987e-02   5.7553957e-01
   2.6891344e-02   5.7913669e-01
   2.6900535e-02   5.8273381e-01
   2.6916614e-02   5.8633094e-01
   2.7075229e-02   5.8992806e-01
   2.7138703e-02   5.9352518e-01
   2.7205142e-02   5.9712230e-01
   2.7341642e-02   6.0071942e-01
   2.7529825e-02   6.0431655e-01
   2.7580618e-02   6.0791367e-01
   2.7593121e-02   6.1151079e-01
   2.7720527e-02   6.1510791e-01
   2.7867290e-02   6.1870504e-01
   2.8859578e-02   6.2230216e-01
   2.8911080e-02   6.2589928e-01
   2.9035253e-02   6.2949640e-01
   2.9689954e-02   6.3309353e-01
   2.9912897e-02   6.3669065e-01
   3.0439880e-02   6.4028777e-01
   3.0523685e-02   6.4388489e-01
   3.0784611e-02   6.4748201e-01
   3.0812857e-02   6.5107914e-01
   3.1013752e-02   6.5467626e-01
   3.1615870e-02   6.5827338e-01
   3.2304601e-02   6.6187050e-01
   3.3560697e-02   6.6546763e-01
   3.3869013e-02   6.6906475e-01
   3.4013037e-02   6.7266187e-01
   3.4171527e-02   6.7625899e-01
   3.4493728e-02   6.7985612e-01
   3.4613624e-02   6.8345324e-01
   3.4839074e-02   6.8705036e-01
   3.5063046e-02   6.9064748e-01
   3.5198382e-02   6.9424460e-01
   3.5236096e-02   6.9784173e-01
   3.6279340e-02   7.0143885e-01
   3.6437262e-02   7.0503597e-01
   3.6518019e-02   7.0863309e-01
   3.7246961e-02   7.1223022e-01
   3.7401280e-02   7.1582734e-01
   3.7415243e-02   7.1942446e-01
   3.7579891e-02   7.2302158e-01
   3.7669897e-02   7.2661871e-01
   3.7693569e-02   7.3021583e-01
   3.9584903e-02   7.3381295e-01
   3.9638545e-02   7.3741007e-01
   3.9644009e-02   7.4100719e-01
   4.0453802e-02   7.4460432e-01
   4.1603857e-02   7.4820144e-01
   4.2114013e-02   7.5179856e-01
   4.2525060e-02   7.5539568e-01
   4.3974976e-02   7.5899281e-01
   4.4193949e-02   7.6258993e-01
   4.4841087e-02   7.6618705e-01
   4.4960997e-02   7.6978417e-01
   4.5003727e-02   7.7338129e-01
   4.6108281e-02   7.7697842e-01
   4.7197892e-02   7.8057554e-01
   4.7407621e-02   7.8417266e-01
   4.8284007e-02   7.8776978e-01
   4.8345615e-02   7.9136691e-01
   4.8409621e-02   7.9496403e-01
   4.8455980e-02   7.9856115e-01
   4.8756033e-02   8.0215827e-01
   4.9606588e-02   8.0575540e-01
   4.9688648e-02   8.0935252e-01
   5.0382105e-02   8.1294964e-01
   5.0608464e-02   8.1654676e-01
   5.1453125e-02   8.2014388e-01
   5.1779833e-02   8.2374101e-01
   5.2023890e-02   8.2733813e-01
   5.2733056e-02   8.3093525e-01
   5.2805268e-02   8.3453237e-01
   5.3546619e-02   8.3812950e-01
   5.4323216e-02   8.4172662e-01
   5.4509782e-02   8.4532374e-01
   5.4681839e-02   8.4892086e-01
   5.6721416e-02   8.5251799e-01
   5.7215452e-02   8.5611511e-01
   5.9464420e-02   8.5971223e-01
   6.0090501e-02   8.6330935e-01
   6.2334743e-02   8.6690647e-01
   6.2534186e-02   8.7050360e-01
   6.2909017e-02   8.7410072e-01
   6.3301109e-02   8.7769784e-01
   6.5389961e-02   8.8129496e-01
   6.6974034e-02   8.8489209e-01
   6.7475930e-02   8.8848921e-01
   6.7506902e-02   8.9208633e-01
   6.7596955e-02   8.9568345e-01
   6.9429030e-02   8.9928058e-01
   6.9982939e-02   9.0287770e-01
   7.1404721e-02   9.0647482e-01
   7.2390358e-02   9.1007194e-01
   7.3552391e-02   9.1366906e-01
   7.3822102e-02   9.1726619e-01
   7.4814428e-02   9.2086331e-01
   7.4970475e-02   9.2446043e-01
   7.4999825e-02   9.2805755e-01
   7.5021028e-02   9.3165468e-01
   7.5188643e-02   9.3525180e-01
   7.7053597e-02   9.3884892e-01
   7.8292400e-02   9.4244604e-01
   7.9249038e-02   9.4604317e-01
   8.3941643e-02   9.4964029e-01
   8.5343075e-02   9.5323741e-01
   8.7128904e-02   9.5683453e-01
   9.1160662e-02   9.6043165e-01
   9.5524159e-02   9.6402878e-01
   9.6017019e-02   9.6762590e-01
   9.6665047e-02   9.7122302e-01
   1.0218067e-01   9.7482014e-01
   1.0247307e-01   9.7841727e-01
   1.0690088e-01   9.8201439e-01
   1.1702210e-01   9.8561151e-01
   1.2057537e-01   9.8920863e-01
   1.3610970e-01   9.9280576e-01
   1.5571226e-01   9.9640288e-01
   1.7945105e-01   1.0000000e+00
