   3.5160000e-03   0.0000000e+00
   3.5160000e-03   4.1493776e-03
   3.9064000e-03   8.2987552e-03
   4.2968000e-03   2.0746888e-02
   4.6872000e-03   2.4896266e-02
   5.0784000e-03   4.5643154e-02
   5.4688000e-03   5.8091286e-02
   5.8592000e-03   8.7136929e-02
   6.2504000e-03   1.3278008e-01
   6.6408000e-03   1.5352697e-01
   7.0312000e-03   1.8257261e-01
   7.4216000e-03   2.3651452e-01
   7.8128000e-03   2.7385892e-01
   8.2032000e-03   3.1120332e-01
   8.5936000e-03   3.1950207e-01
   8.9840000e-03   3.3609959e-01
   9.3752000e-03   3.5269710e-01
   9.7656000e-03   3.5684647e-01
   1.0156000e-02   3.7344398e-01
   1.0547200e-02   3.8174274e-01
   1.0937600e-02   3.9419087e-01
   1.1328000e-02   4.1078838e-01
   1.1718400e-02   4.3153527e-01
   1.2109600e-02   4.5643154e-01
   1.2500000e-02   4.8962656e-01
   1.2890400e-02   4.9377593e-01
   1.3281600e-02   5.1037344e-01
   1.3672000e-02   5.3941909e-01
   1.4062400e-02   5.4771784e-01
   1.4452800e-02   5.6016598e-01
   1.4844000e-02   5.6846473e-01
   1.5234400e-02   5.7261411e-01
   1.5624800e-02   5.8091286e-01
   1.6015200e-02   5.9336100e-01
   1.6406400e-02   6.1410788e-01
   1.6796800e-02   6.2655602e-01
   1.7187200e-02   6.3900415e-01
   1.7578400e-02   6.4730290e-01
   1.7968800e-02   6.5975104e-01
   1.8359200e-02   6.6804979e-01
   1.8750400e-02   6.8049793e-01
   1.9140800e-02   6.8464730e-01
   1.9921600e-02   6.8879668e-01
   2.0312800e-02   6.9294606e-01
   2.0703200e-02   6.9709544e-01
   2.2656000e-02   7.0539419e-01
   2.3047200e-02   7.1369295e-01
   2.3437600e-02   7.1784232e-01
   2.3828000e-02   7.3443983e-01
   2.4218400e-02   7.3858921e-01
   2.4609600e-02   7.4273859e-01
   2.5000000e-02   7.4688797e-01
   2.5390400e-02   7.5103734e-01
   2.5781600e-02   7.5933610e-01
   2.7734400e-02   7.6763485e-01
   2.8124800e-02   7.7593361e-01
   2.8906400e-02   7.8008299e-01
   2.9296800e-02   7.8838174e-01
   2.9687200e-02   8.0082988e-01
   3.0078400e-02   8.0912863e-01
   3.0468800e-02   8.1742739e-01
   3.0859200e-02   8.2157676e-01
   3.1250400e-02   8.2572614e-01
   3.1640800e-02   8.2987552e-01
   3.3203200e-02   8.3817427e-01
   3.4375200e-02   8.5062241e-01
   3.4765600e-02   8.5477178e-01
   3.5156000e-02   8.6721992e-01
   3.5547200e-02   8.7136929e-01
   3.5937600e-02   8.7551867e-01
   3.6328000e-02   8.9211618e-01
   3.8672000e-02   8.9626556e-01
   3.9062400e-02   9.0041494e-01
   4.2187200e-02   9.0456432e-01
   4.2578400e-02   9.0871369e-01
   4.3750400e-02   9.1286307e-01
   4.6484000e-02   9.1701245e-01
   4.8828000e-02   9.2116183e-01
   5.0000000e-02   9.2531120e-01
   5.4296800e-02   9.2946058e-01
   5.5078400e-02   9.3360996e-01
   5.5468800e-02   9.3775934e-01
   5.7031200e-02   9.4190871e-01
   5.7812800e-02   9.4605809e-01
   6.3281600e-02   9.5020747e-01
   6.6015200e-02   9.5435685e-01
   6.6406400e-02   9.5850622e-01
   8.1249600e-02   9.6265560e-01
   1.0546880e-01   9.6680498e-01
   1.1132800e-01   9.7095436e-01
   1.2734400e-01   9.7510373e-01
   1.7812480e-01   9.7925311e-01
   1.8671840e-01   9.8340249e-01
   2.1953120e-01   9.8755187e-01
   2.3593760e-01   9.9170124e-01
   2.4609360e-01   9.9585062e-01
   2.5507840e-01   1.0000000e+00
