   3.3248000e-03   0.0000000e+00
   3.3248000e-03   6.0975610e-03
   3.6576000e-03   2.4390244e-02
   3.9904000e-03   3.6585366e-02
   4.3224000e-03   5.4878049e-02
   4.6552000e-03   6.0975610e-02
   4.9872000e-03   1.0365854e-01
   5.3200000e-03   1.0975610e-01
   5.6528000e-03   1.3414634e-01
   5.9848000e-03   1.4024390e-01
   6.3176000e-03   2.0121951e-01
   6.6504000e-03   2.0731707e-01
   6.9824000e-03   2.2560976e-01
   7.3152000e-03   2.4390244e-01
   7.6472000e-03   2.5609756e-01
   7.9800000e-03   2.7439024e-01
   8.3128000e-03   2.8048780e-01
   8.6448000e-03   2.9268293e-01
   8.9776000e-03   3.0487805e-01
   9.3104000e-03   3.1707317e-01
   9.9752000e-03   3.4146341e-01
   1.0640000e-02   3.5975610e-01
   1.1304800e-02   3.7195122e-01
   1.1970400e-02   3.8414634e-01
   1.2302400e-02   3.9024390e-01
   1.2635200e-02   4.2073171e-01
   1.2968000e-02   4.3292683e-01
   1.3300000e-02   4.3902439e-01
   1.3632800e-02   4.6341463e-01
   1.3964800e-02   4.7560976e-01
   1.5295200e-02   4.8170732e-01
   1.5627200e-02   4.8780488e-01
   1.5960000e-02   4.9390244e-01
   1.6292800e-02   5.0000000e-01
   1.6957600e-02   5.0609756e-01
   1.7622400e-02   5.1219512e-01
   1.8620000e-02   5.2439024e-01
   1.9950400e-02   5.3658537e-01
   2.0282400e-02   5.4268293e-01
   2.0615200e-02   5.4878049e-01
   2.1280000e-02   5.5487805e-01
   2.1944800e-02   5.6097561e-01
   2.2610400e-02   5.7317073e-01
   2.3608000e-02   5.8536585e-01
   2.4937600e-02   5.9146341e-01
   2.5270400e-02   6.0975610e-01
   2.6932800e-02   6.1585366e-01
   2.7597600e-02   6.2804878e-01
   2.7930400e-02   6.3414634e-01
   2.9925600e-02   6.4634146e-01
   3.1588000e-02   6.5243902e-01
   3.3250400e-02   6.5853659e-01
   3.3582400e-02   6.6463415e-01
   3.3915200e-02   6.7682927e-01
   3.4580000e-02   6.8292683e-01
   3.5577600e-02   6.9512195e-01
   3.5910400e-02   7.0121951e-01
   3.6242400e-02   7.0731707e-01
   3.7572800e-02   7.1341463e-01
   3.9568000e-02   7.1951220e-01
   4.1230400e-02   7.2560976e-01
   4.3225600e-02   7.3170732e-01
   4.4888000e-02   7.3780488e-01
   4.5220000e-02   7.4390244e-01
   4.6883200e-02   7.5000000e-01
   4.7548000e-02   7.5609756e-01
   4.9875200e-02   7.6219512e-01
   5.0872800e-02   7.6829268e-01
   5.1537600e-02   7.7439024e-01
   5.2868000e-02   7.8048780e-01
   5.6525600e-02   7.8658537e-01
   5.7523200e-02   7.9268293e-01
   6.1845600e-02   7.9878049e-01
   6.2510400e-02   8.0487805e-01
   7.4148000e-02   8.1097561e-01
   7.4812800e-02   8.1707317e-01
   8.1463200e-02   8.2317073e-01
   8.3125600e-02   8.2926829e-01
   9.0440800e-02   8.3536585e-01
   9.7756000e-02   8.4146341e-01
   9.9750400e-02   8.4756098e-01
   1.0207840e-01   8.5365854e-01
   1.0573600e-01   8.5975610e-01
   1.0640080e-01   8.6585366e-01
   1.0673280e-01   8.7195122e-01
   1.0806320e-01   8.7804878e-01
   1.0872800e-01   8.8414634e-01
   1.0906080e-01   8.9024390e-01
   1.1005840e-01   8.9634146e-01
   1.1305040e-01   9.0243902e-01
   1.2302560e-01   9.0853659e-01
   1.2402320e-01   9.1463415e-01
   1.2435600e-01   9.2073171e-01
   1.3333360e-01   9.2682927e-01
   1.3499600e-01   9.3292683e-01
   1.3832080e-01   9.3902439e-01
   1.4297600e-01   9.4512195e-01
   1.4729840e-01   9.5121951e-01
   1.5926880e-01   9.5731707e-01
   1.7290080e-01   9.6341463e-01
   1.8154640e-01   9.6951220e-01
   1.9052400e-01   9.7560976e-01
   2.1612640e-01   9.8170732e-01
   2.4139680e-01   9.8780488e-01
   2.6600160e-01   9.9390244e-01
   3.1188720e-01   1.0000000e+00
