   2.7976000e-03   0.0000000e+00
   2.7976000e-03   2.5641026e-03
   3.1080000e-03   5.1282051e-03
   3.7296000e-03   7.6923077e-03
   4.9728000e-03   1.7948718e-02
   5.2840000e-03   2.0512821e-02
   5.5944000e-03   3.8461538e-02
   5.9056000e-03   4.1025641e-02
   6.2160000e-03   4.8717949e-02
   6.5272000e-03   5.1282051e-02
   6.8376000e-03   6.6666667e-02
   7.4592000e-03   8.9743590e-02
   7.7704000e-03   9.4871795e-02
   8.0808000e-03   1.0512821e-01
   8.3920000e-03   1.1538462e-01
   8.7024000e-03   1.3846154e-01
   9.0136000e-03   1.4871795e-01
   9.3240000e-03   1.5384615e-01
   9.6352000e-03   1.6153846e-01
   9.9456000e-03   1.7179487e-01
   1.0256800e-02   1.8205128e-01
   1.0567200e-02   1.8461538e-01
   1.0878400e-02   1.8974359e-01
   1.1188800e-02   2.0000000e-01
   1.1500000e-02   2.1025641e-01
   1.1810400e-02   2.2051282e-01
   1.2121600e-02   2.2820513e-01
   1.2432000e-02   2.4871795e-01
   1.2743200e-02   2.6153846e-01
   1.3053600e-02   2.6923077e-01
   1.3364800e-02   2.7179487e-01
   1.3675200e-02   2.8461538e-01
   1.3986400e-02   2.9487179e-01
   1.4296800e-02   3.0000000e-01
   1.4608000e-02   3.0512821e-01
   1.4918400e-02   3.1025641e-01
   1.5229600e-02   3.1794872e-01
   1.5540000e-02   3.2564103e-01
   1.5851200e-02   3.2820513e-01
   1.6161600e-02   3.3846154e-01
   1.6472800e-02   3.4102564e-01
   1.6783200e-02   3.4871795e-01
   1.7094400e-02   3.5128205e-01
   1.7404800e-02   3.7948718e-01
   1.7716000e-02   3.9230769e-01
   1.8026400e-02   4.0000000e-01
   1.8337600e-02   4.1025641e-01
   1.8648000e-02   4.2820513e-01
   1.8959200e-02   4.3589744e-01
   1.9269600e-02   4.4358974e-01
   1.9580800e-02   4.5384615e-01
   1.9891200e-02   4.7179487e-01
   2.0202400e-02   4.7948718e-01
   2.0512800e-02   4.8717949e-01
   2.1134400e-02   4.9743590e-01
   2.1445600e-02   5.0512821e-01
   2.1756000e-02   5.1282051e-01
   2.2067200e-02   5.1538462e-01
   2.2377600e-02   5.2307692e-01
   2.2688800e-02   5.2820513e-01
   2.2999200e-02   5.3589744e-01
   2.3310400e-02   5.3846154e-01
   2.3620800e-02   5.4358974e-01
   2.3932000e-02   5.5128205e-01
   2.4242400e-02   5.5641026e-01
   2.4553600e-02   5.6153846e-01
   2.4864000e-02   5.6923077e-01
   2.5175200e-02   5.7692308e-01
   2.5485600e-02   5.7948718e-01
   2.5796800e-02   5.8461538e-01
   2.6107200e-02   5.8974359e-01
   2.6418400e-02   5.9743590e-01
   2.6728800e-02   6.0512821e-01
   2.7040000e-02   6.1025641e-01
   2.7350400e-02   6.1538462e-01
   2.7661600e-02   6.1794872e-01
   2.7972000e-02   6.2307692e-01
   2.8283200e-02   6.2564103e-01
   2.8593600e-02   6.2820513e-01
   2.8904800e-02   6.3589744e-01
   2.9215200e-02   6.3846154e-01
   2.9836800e-02   6.4615385e-01
   3.0148000e-02   6.5384615e-01
   3.0769600e-02   6.5641026e-01
   3.1080000e-02   6.6153846e-01
   3.1391200e-02   6.7435897e-01
   3.1701600e-02   6.7948718e-01
   3.2323200e-02   6.8205128e-01
   3.2944800e-02   6.8461538e-01
   3.3256000e-02   6.8717949e-01
   3.3566400e-02   6.9743590e-01
   3.3877600e-02   7.1282051e-01
   3.4499200e-02   7.2307692e-01
   3.4809600e-02   7.2820513e-01
   3.5120800e-02   7.3076923e-01
   3.5431200e-02   7.4102564e-01
   3.5742400e-02   7.4615385e-01
   3.6364000e-02   7.5128205e-01
   3.6674400e-02   7.5384615e-01
   3.6985600e-02   7.5641026e-01
   3.7296000e-02   7.5897436e-01
   3.7607200e-02   7.6666667e-01
   3.8228800e-02   7.6923077e-01
   3.8539200e-02   7.7692308e-01
   3.8850400e-02   7.8461538e-01
   3.9160800e-02   7.8974359e-01
   3.9472000e-02   7.9230769e-01
   4.0093600e-02   7.9743590e-01
   4.0404000e-02   8.0000000e-01
   4.0715200e-02   8.1025641e-01
   4.1336800e-02   8.1282051e-01
   4.1647200e-02   8.1538462e-01
   4.1958400e-02   8.1794872e-01
   4.2580000e-02   8.2307692e-01
   4.2890400e-02   8.2564103e-01
   4.3823200e-02   8.2820513e-01
   4.4133600e-02   8.3076923e-01
   4.4444800e-02   8.3333333e-01
   4.4755200e-02   8.3589744e-01
   4.5066400e-02   8.4358974e-01
   4.5376800e-02   8.4615385e-01
   4.5688000e-02   8.4871795e-01
   4.6309600e-02   8.5384615e-01
   4.6620000e-02   8.6410256e-01
   4.7241600e-02   8.6923077e-01
   4.7552800e-02   8.7179487e-01
   4.8174400e-02   8.7435897e-01
   4.9417600e-02   8.7692308e-01
   4.9728000e-02   8.7948718e-01
   5.0349600e-02   8.8461538e-01
   5.0971200e-02   8.8717949e-01
   5.1282400e-02   9.0256410e-01
   5.1904000e-02   9.1025641e-01
   5.2525600e-02   9.1538462e-01
   5.3147200e-02   9.1794872e-01
   5.3768800e-02   9.2307692e-01
   5.4390400e-02   9.2564103e-01
   5.4700800e-02   9.2820513e-01
   5.5633600e-02   9.3076923e-01
   5.9673600e-02   9.3333333e-01
   6.0606400e-02   9.4102564e-01
   6.0916800e-02   9.4615385e-01
   6.1228000e-02   9.4871795e-01
   6.1849600e-02   9.5128205e-01
   6.4336000e-02   9.5384615e-01
   6.4957600e-02   9.5641026e-01
   6.6200800e-02   9.5897436e-01
   6.6511200e-02   9.6153846e-01
   6.6822400e-02   9.6410256e-01
   6.8065600e-02   9.6666667e-01
   6.8687200e-02   9.7179487e-01
   7.2105600e-02   9.7435897e-01
   8.0186400e-02   9.7692308e-01
   8.1119200e-02   9.7948718e-01
   8.1429600e-02   9.8205128e-01
   8.1740800e-02   9.8461538e-01
   8.3294400e-02   9.8717949e-01
   9.7902400e-02   9.8974359e-01
   9.8524000e-02   9.9230769e-01
   1.1064480e-01   9.9487179e-01
   1.1375280e-01   9.9743590e-01
   1.2680640e-01   1.0000000e+00
