   3.8216000e-03   0.0000000e+00
   3.8216000e-03   1.5151515e-02
   4.2464000e-03   2.5252525e-02
   4.6712000e-03   4.0404040e-02
   5.0952000e-03   5.5555556e-02
   5.5200000e-03   8.0808081e-02
   5.9448000e-03   1.2121212e-01
   6.3696000e-03   1.4646465e-01
   6.7944000e-03   1.6666667e-01
   7.2184000e-03   2.0707071e-01
   7.6432000e-03   2.3737374e-01
   8.0680000e-03   2.7777778e-01
   8.4928000e-03   3.0808081e-01
   8.9176000e-03   3.4848485e-01
   9.3416000e-03   3.5353535e-01
   9.7664000e-03   3.9898990e-01
   1.0191200e-02   4.0404040e-01
   1.0616000e-02   4.1919192e-01
   1.1040000e-02   4.3434343e-01
   1.1464800e-02   4.5454545e-01
   1.1889600e-02   4.6464646e-01
   1.2314400e-02   4.8484848e-01
   1.2739200e-02   5.0000000e-01
   1.3163200e-02   5.1010101e-01
   1.3588000e-02   5.3535354e-01
   1.4012800e-02   5.6565657e-01
   1.4437600e-02   5.8080808e-01
   1.4862400e-02   5.9090909e-01
   1.5286400e-02   6.1111111e-01
   1.5711200e-02   6.2626263e-01
   1.6136000e-02   6.4141414e-01
   1.6984800e-02   6.5151515e-01
   1.7409600e-02   6.6666667e-01
   1.7834400e-02   6.7171717e-01
   1.8259200e-02   6.7676768e-01
   1.8684000e-02   6.8181818e-01
   1.9108000e-02   6.8686869e-01
   2.0382400e-02   6.9696970e-01
   2.1231200e-02   7.0202020e-01
   2.1656000e-02   7.0707071e-01
   2.2080800e-02   7.1717172e-01
   2.2505600e-02   7.2727273e-01
   2.3354400e-02   7.5252525e-01
   2.3779200e-02   7.6262626e-01
   2.4204000e-02   7.6767677e-01
   2.4628800e-02   7.7777778e-01
   2.5477600e-02   7.8282828e-01
   2.5902400e-02   7.9292929e-01
   2.6327200e-02   7.9797980e-01
   2.6751200e-02   8.0303030e-01
   2.7176000e-02   8.0808081e-01
   2.7600800e-02   8.1313131e-01
   2.8450400e-02   8.2323232e-01
   2.8874400e-02   8.2828283e-01
   2.9724000e-02   8.3333333e-01
   3.0148800e-02   8.3838384e-01
   3.1847200e-02   8.4848485e-01
   3.2272000e-02   8.5353535e-01
   3.2696000e-02   8.5858586e-01
   3.3120800e-02   8.6363636e-01
   3.3545600e-02   8.6868687e-01
   3.4395200e-02   8.7373737e-01
   3.5668800e-02   8.7878788e-01
   3.9915200e-02   8.8383838e-01
   4.0340000e-02   8.8888889e-01
   4.0764000e-02   8.9393939e-01
   4.1188800e-02   8.9898990e-01
   4.1613600e-02   9.0404040e-01
   4.2463200e-02   9.1414141e-01
   4.4585600e-02   9.1919192e-01
   4.5010400e-02   9.2929293e-01
   4.5860000e-02   9.3434343e-01
   4.6284800e-02   9.3939394e-01
   4.7133600e-02   9.4444444e-01
   4.9681600e-02   9.4949495e-01
   5.0106400e-02   9.5454545e-01
   5.3503200e-02   9.6464646e-01
   6.3694400e-02   9.7474747e-01
   6.6666400e-02   9.7979798e-01
   7.1337600e-02   9.8484848e-01
   8.5350400e-02   9.8989899e-01
   1.7197440e-01   9.9494949e-01
   1.9787680e-01   1.0000000e+00
