   2.6984000e-03   0.0000000e+00
   2.6984000e-03   3.5842294e-03
   3.0352000e-03   7.1684588e-03
   3.7096000e-03   1.7921147e-02
   4.0472000e-03   2.5089606e-02
   4.3848000e-03   3.5842294e-02
   4.7216000e-03   3.9426523e-02
   5.0592000e-03   1.0035842e-01
   5.3960000e-03   1.3261649e-01
   5.7336000e-03   1.5412186e-01
   6.0712000e-03   2.1146953e-01
   6.4080000e-03   2.8673835e-01
   6.7456000e-03   3.0824373e-01
   7.0824000e-03   3.2616487e-01
   7.4200000e-03   4.0860215e-01
   7.7568000e-03   4.6236559e-01
   8.0944000e-03   4.8387097e-01
   8.4320000e-03   5.0179211e-01
   8.7688000e-03   5.4838710e-01
   9.1064000e-03   5.6630824e-01
   9.4432000e-03   5.8781362e-01
   9.7808000e-03   6.1648746e-01
   1.0118400e-02   6.4874552e-01
   1.0455200e-02   6.5949821e-01
   1.0792800e-02   6.7025090e-01
   1.1129600e-02   7.2043011e-01
   1.1467200e-02   7.4910394e-01
   1.1804000e-02   7.5627240e-01
   1.2141600e-02   7.7060932e-01
   1.2479200e-02   8.0286738e-01
   1.2816000e-02   8.2078853e-01
   1.3153600e-02   8.3512545e-01
   1.3490400e-02   8.4946237e-01
   1.3828000e-02   8.8172043e-01
   1.4165600e-02   8.9247312e-01
   1.4502400e-02   8.9964158e-01
   1.4840000e-02   9.0681004e-01
   1.5176800e-02   9.1756272e-01
   1.5514400e-02   9.2114695e-01
   1.6188800e-02   9.2831541e-01
   1.6526400e-02   9.3548387e-01
   1.6863200e-02   9.3906810e-01
   1.7200800e-02   9.4265233e-01
   1.7875200e-02   9.4623656e-01
   1.8549600e-02   9.4982079e-01
   1.8887200e-02   9.5340502e-01
   1.9224000e-02   9.6415771e-01
   1.9898400e-02   9.6774194e-01
   2.0236000e-02   9.7132616e-01
   2.0573600e-02   9.7491039e-01
   2.2596800e-02   9.7849462e-01
   2.4957600e-02   9.8207885e-01
   2.6307200e-02   9.8566308e-01
   3.6424800e-02   9.8924731e-01
   4.0809600e-02   9.9283154e-01
   4.3844800e-02   9.9641577e-01
   7.0152000e-02   1.0000000e+00
