   4.8006413e-03   0.0000000e+00
   4.8006413e-03   3.5842294e-03
   5.6335839e-03   7.1684588e-03
   6.3068227e-03   1.0752688e-02
   7.4233767e-03   1.4336918e-02
   8.7728606e-03   1.7921147e-02
   8.9507671e-03   2.1505376e-02
   9.2972439e-03   2.5089606e-02
   9.4695728e-03   2.8673835e-02
   9.5251970e-03   3.2258065e-02
   9.7606345e-03   3.5842294e-02
   9.9843029e-03   3.9426523e-02
   9.9852808e-03   4.3010753e-02
   1.0225962e-02   4.6594982e-02
   1.1396993e-02   5.0179211e-02
   1.1562021e-02   5.3763441e-02
   1.2359185e-02   5.7347670e-02
   1.2525130e-02   6.0931900e-02
   1.2614181e-02   6.4516129e-02
   1.2873893e-02   6.8100358e-02
   1.2918990e-02   7.1684588e-02
   1.3397851e-02   7.5268817e-02
   1.3776251e-02   7.8853047e-02
   1.4501757e-02   8.2437276e-02
   1.4713297e-02   8.6021505e-02
   1.4718694e-02   8.9605735e-02
   1.4727331e-02   9.3189964e-02
   1.5250736e-02   9.6774194e-02
   1.5329292e-02   1.0035842e-01
   1.5502658e-02   1.0394265e-01
   1.5602121e-02   1.1111111e-01
   1.6298718e-02   1.1469534e-01
   1.6603986e-02   1.1827957e-01
   1.7332122e-02   1.2186380e-01
   1.7408371e-02   1.2544803e-01
   1.7449158e-02   1.2903226e-01
   1.7473460e-02   1.3261649e-01
   1.7545858e-02   1.3620072e-01
   1.7623556e-02   1.4336918e-01
   1.7705781e-02   1.5053763e-01
   1.7942847e-02   1.5412186e-01
   1.8027116e-02   1.5770609e-01
   1.8213022e-02   1.6129032e-01
   1.8634993e-02   1.6487455e-01
   1.8666087e-02   1.6845878e-01
   1.8917436e-02   1.7204301e-01
   1.8921004e-02   1.7562724e-01
   1.9160542e-02   1.7921147e-01
   1.9184389e-02   1.8279570e-01
   1.9236019e-02   1.8637993e-01
   1.9737084e-02   1.8996416e-01
   1.9773666e-02   1.9354839e-01
   1.9871208e-02   1.9713262e-01
   2.0007526e-02   2.0071685e-01
   2.0169411e-02   2.0430108e-01
   2.0336348e-02   2.0788530e-01
   2.0405889e-02   2.1146953e-01
   2.0656846e-02   2.1505376e-01
   2.0755847e-02   2.1863799e-01
   2.0762208e-02   2.2222222e-01
   2.1033139e-02   2.2580645e-01
   2.1153540e-02   2.2939068e-01
   2.1281157e-02   2.3297491e-01
   2.1293211e-02   2.3655914e-01
   2.1306127e-02   2.4014337e-01
   2.1388960e-02   2.4372760e-01
   2.1679193e-02   2.4731183e-01
   2.1814752e-02   2.5089606e-01
   2.1821773e-02   2.5448029e-01
   2.1972978e-02   2.5806452e-01
   2.2070240e-02   2.6164875e-01
   2.2114065e-02   2.6523297e-01
   2.2352664e-02   2.6881720e-01
   2.2422828e-02   2.7240143e-01
   2.2613498e-02   2.7598566e-01
   2.2730767e-02   2.7956989e-01
   2.2876709e-02   2.8315412e-01
   2.3150112e-02   2.8673835e-01
   2.3182949e-02   2.9032258e-01
   2.3272787e-02   2.9390681e-01
   2.3283471e-02   2.9749104e-01
   2.3646660e-02   3.0107527e-01
   2.3654033e-02   3.0465950e-01
   2.3845471e-02   3.0824373e-01
   2.4176281e-02   3.1182796e-01
   2.4702770e-02   3.1541219e-01
   2.4972183e-02   3.1899642e-01
   2.5253987e-02   3.2258065e-01
   2.5718167e-02   3.2616487e-01
   2.5837981e-02   3.2974910e-01
   2.6020480e-02   3.3333333e-01
   2.6112871e-02   3.3691756e-01
   2.6325976e-02   3.4050179e-01
   2.6650634e-02   3.4408602e-01
   2.6743523e-02   3.4767025e-01
   2.6768853e-02   3.5125448e-01
   2.6998579e-02   3.5483871e-01
   2.7703464e-02   3.5842294e-01
   2.7819510e-02   3.6200717e-01
   2.7858837e-02   3.6559140e-01
   2.8160642e-02   3.6917563e-01
   2.8377811e-02   3.7275986e-01
   2.8643497e-02   3.7634409e-01
   2.8870173e-02   3.7992832e-01
   2.9963974e-02   3.8351254e-01
   2.9991235e-02   3.8709677e-01
   3.0152452e-02   3.9068100e-01
   3.0167788e-02   3.9426523e-01
   3.0291379e-02   3.9784946e-01
   3.0502076e-02   4.0143369e-01
   3.0509425e-02   4.0501792e-01
   3.0659704e-02   4.0860215e-01
   3.0819013e-02   4.1218638e-01
   3.1050670e-02   4.1577061e-01
   3.1278789e-02   4.1935484e-01
   3.1492706e-02   4.2293907e-01
   3.1512546e-02   4.2652330e-01
   3.1528140e-02   4.3010753e-01
   3.1534591e-02   4.3369176e-01
   3.1542101e-02   4.3727599e-01
   3.1561985e-02   4.4444444e-01
   3.1793380e-02   4.4802867e-01
   3.1809112e-02   4.5161290e-01
   3.2214625e-02   4.5519713e-01
   3.2273339e-02   4.5878136e-01
   3.2440090e-02   4.6236559e-01
   3.2490649e-02   4.6594982e-01
   3.2844426e-02   4.6953405e-01
   3.3630271e-02   4.7311828e-01
   3.4194521e-02   4.7670251e-01
   3.5014806e-02   4.8028674e-01
   3.5031372e-02   4.8387097e-01
   3.5218932e-02   4.8745520e-01
   3.5242428e-02   4.9103943e-01
   3.5262412e-02   4.9462366e-01
   3.5386043e-02   4.9820789e-01
   3.5498890e-02   5.0179211e-01
   3.5588361e-02   5.0537634e-01
   3.6410914e-02   5.0896057e-01
   3.7230995e-02   5.1254480e-01
   3.7421018e-02   5.1612903e-01
   3.7570961e-02   5.1971326e-01
   3.7642938e-02   5.2329749e-01
   3.7663620e-02   5.2688172e-01
   3.8127444e-02   5.3046595e-01
   3.8239063e-02   5.3405018e-01
   3.8556036e-02   5.3763441e-01
   3.8600805e-02   5.4121864e-01
   3.8625010e-02   5.4480287e-01
   3.8638124e-02   5.4838710e-01
   3.8706211e-02   5.5197133e-01
   3.8812933e-02   5.5555556e-01
   3.8998895e-02   5.5913978e-01
   3.9183650e-02   5.6272401e-01
   3.9198177e-02   5.6630824e-01
   3.9422546e-02   5.6989247e-01
   3.9436674e-02   5.7347670e-01
   3.9525214e-02   5.7706093e-01
   3.9690797e-02   5.8064516e-01
   3.9980045e-02   5.8422939e-01
   4.0068692e-02   5.8781362e-01
   4.0400493e-02   5.9139785e-01
   4.0613634e-02   5.9498208e-01
   4.0660059e-02   5.9856631e-01
   4.0729411e-02   6.0215054e-01
   4.0792720e-02   6.0573477e-01
   4.0975046e-02   6.0931900e-01
   4.1198680e-02   6.1290323e-01
   4.1240357e-02   6.1648746e-01
   4.1261411e-02   6.2007168e-01
   4.1289208e-02   6.2365591e-01
   4.1329845e-02   6.2724014e-01
   4.1542071e-02   6.3082437e-01
   4.1560587e-02   6.3440860e-01
   4.1607201e-02   6.3799283e-01
   4.1815468e-02   6.4157706e-01
   4.2288367e-02   6.4516129e-01
   4.2319625e-02   6.4874552e-01
   4.3102116e-02   6.5232975e-01
   4.4406250e-02   6.5591398e-01
   4.4603098e-02   6.5949821e-01
   4.5001981e-02   6.6308244e-01
   4.5462055e-02   6.6666667e-01
   4.6108907e-02   6.7025090e-01
   4.6186713e-02   6.7383513e-01
   4.6223137e-02   6.7741935e-01
   4.6459896e-02   6.8100358e-01
   4.6567612e-02   6.8458781e-01
   4.6653497e-02   6.8817204e-01
   4.7084857e-02   6.9175627e-01
   4.7300302e-02   6.9534050e-01
   4.7513683e-02   6.9892473e-01
   4.7558072e-02   7.0250896e-01
   4.7666025e-02   7.0609319e-01
   4.7764200e-02   7.0967742e-01
   4.7848016e-02   7.1326165e-01
   4.8853691e-02   7.1684588e-01
   4.8886968e-02   7.2043011e-01
   4.9104495e-02   7.2401434e-01
   4.9497020e-02   7.2759857e-01
   4.9807894e-02   7.3118280e-01
   5.0192176e-02   7.3476703e-01
   5.0429442e-02   7.3835125e-01
   5.0652788e-02   7.4193548e-01
   5.2029326e-02   7.4551971e-01
   5.2883499e-02   7.4910394e-01
   5.3261957e-02   7.5268817e-01
   5.3344517e-02   7.5627240e-01
   5.3941790e-02   7.5985663e-01
   5.4062747e-02   7.6344086e-01
   5.4681752e-02   7.6702509e-01
   5.4835590e-02   7.7060932e-01
   5.5438686e-02   7.7419355e-01
   5.5644000e-02   7.7777778e-01
   5.6237338e-02   7.8136201e-01
   5.6489333e-02   7.8494624e-01
   5.6562296e-02   7.8853047e-01
   5.6786181e-02   7.9211470e-01
   5.7215042e-02   7.9569892e-01
   5.7850948e-02   7.9928315e-01
   5.8040711e-02   8.0286738e-01
   5.8326807e-02   8.0645161e-01
   5.8510402e-02   8.1003584e-01
   5.8868080e-02   8.1362007e-01
   5.9159847e-02   8.1720430e-01
   5.9253610e-02   8.2078853e-01
   5.9368133e-02   8.2437276e-01
   5.9534641e-02   8.2795699e-01
   5.9730944e-02   8.3154122e-01
   5.9844942e-02   8.3512545e-01
   6.0412827e-02   8.3870968e-01
   6.0538377e-02   8.4229391e-01
   6.0773095e-02   8.4587814e-01
   6.2324100e-02   8.4946237e-01
   6.2599632e-02   8.5304659e-01
   6.2973372e-02   8.5663082e-01
   6.3507990e-02   8.6021505e-01
   6.3527814e-02   8.6379928e-01
   6.3628641e-02   8.6738351e-01
   6.4114706e-02   8.7096774e-01
   6.4214885e-02   8.7455197e-01
   6.4637025e-02   8.7813620e-01
   6.5006424e-02   8.8172043e-01
   6.5393094e-02   8.8530466e-01
   6.8388486e-02   8.8888889e-01
   6.8747062e-02   8.9247312e-01
   7.0198053e-02   8.9605735e-01
   7.0413298e-02   8.9964158e-01
   7.3305997e-02   9.0322581e-01
   7.3838397e-02   9.0681004e-01
   7.4156362e-02   9.1039427e-01
   7.6198622e-02   9.1397849e-01
   7.6760112e-02   9.1756272e-01
   7.9614893e-02   9.2114695e-01
   8.0436404e-02   9.2473118e-01
   8.2333439e-02   9.2831541e-01
   8.3789431e-02   9.3189964e-01
   8.7717736e-02   9.3548387e-01
   8.8056358e-02   9.3906810e-01
   9.0883044e-02   9.4265233e-01
   9.1802624e-02   9.4623656e-01
   9.4326363e-02   9.4982079e-01
   9.7191544e-02   9.5340502e-01
   9.7792455e-02   9.5698925e-01
   9.9651941e-02   9.6057348e-01
   1.0134033e-01   9.6415771e-01
   1.0139078e-01   9.6774194e-01
   1.0139441e-01   9.7132616e-01
   1.0263104e-01   9.7491039e-01
   1.1168069e-01   9.7849462e-01
   1.1390710e-01   9.8207885e-01
   1.2252828e-01   9.8566308e-01
   1.3054325e-01   9.8924731e-01
   1.5072721e-01   9.9283154e-01
   1.5964132e-01   9.9641577e-01
   1.6798082e-01   1.0000000e+00
