   1.0820437e-02   0.0000000e+00
   1.0820437e-02   1.8518519e-02
   2.0635557e-02   3.7037037e-02
   2.1870689e-02   5.5555556e-02
   2.2604564e-02   7.4074074e-02
   2.2811831e-02   9.2592593e-02
   2.4167048e-02   1.1111111e-01
   3.4170302e-02   1.2962963e-01
   3.5324228e-02   1.4814815e-01
   3.7556456e-02   1.6666667e-01
   3.7575880e-02   1.8518519e-01
   3.8313339e-02   2.0370370e-01
   4.0070065e-02   2.2222222e-01
   4.1090176e-02   2.4074074e-01
   4.1494303e-02   2.5925926e-01
   4.5595113e-02   2.7777778e-01
   4.5707745e-02   2.9629630e-01
   4.6166398e-02   3.1481481e-01
   4.7129862e-02   3.3333333e-01
   4.7735554e-02   3.5185185e-01
   5.0726426e-02   3.7037037e-01
   5.1565769e-02   3.8888889e-01
   5.3255169e-02   4.0740741e-01
   5.3353377e-02   4.2592593e-01
   5.5732481e-02   4.4444444e-01
   5.8330274e-02   4.6296296e-01
   6.0865777e-02   4.8148148e-01
   6.1997219e-02   5.0000000e-01
   6.3753984e-02   5.1851852e-01
   6.4684593e-02   5.3703704e-01
   6.4777013e-02   5.5555556e-01
   6.5875712e-02   5.7407407e-01
   6.6038050e-02   5.9259259e-01
   6.8856967e-02   6.1111111e-01
   6.9080292e-02   6.2962963e-01
   7.0649123e-02   6.4814815e-01
   7.6603396e-02   6.6666667e-01
   8.1783866e-02   6.8518519e-01
   8.1925349e-02   7.0370370e-01
   8.4361848e-02   7.2222222e-01
   9.6173737e-02   7.4074074e-01
   1.0883157e-01   7.5925926e-01
   1.1298797e-01   7.7777778e-01
   1.1526961e-01   7.9629630e-01
   1.3298592e-01   8.1481481e-01
   1.6019719e-01   8.3333333e-01
   1.6191440e-01   8.5185185e-01
   1.9708855e-01   8.7037037e-01
   2.0357656e-01   8.8888889e-01
   2.1216969e-01   9.0740741e-01
   2.5899890e-01   9.2592593e-01
   2.6241067e-01   9.4444444e-01
   2.8628010e-01   9.6296296e-01
   2.9156342e-01   9.8148148e-01
   3.4680482e-01   1.0000000e+00
