   6.5792000e-03   0.0000000e+00
   6.5792000e-03   1.4388489e-02
   7.0176000e-03   2.1582734e-02
   7.4560000e-03   3.5971223e-02
   7.8944000e-03   4.3165468e-02
   8.3336000e-03   6.4748201e-02
   8.7720000e-03   7.1942446e-02
   9.2104000e-03   8.6330935e-02
   9.6488000e-03   9.3525180e-02
   1.0088000e-02   1.4388489e-01
   1.0526400e-02   1.6546763e-01
   1.0964800e-02   1.7985612e-01
   1.1403200e-02   1.8705036e-01
   1.1842400e-02   2.0143885e-01
   1.2280800e-02   2.1582734e-01
   1.2719200e-02   2.3741007e-01
   1.3157600e-02   2.4460432e-01
   1.3596800e-02   2.5899281e-01
   1.4035200e-02   2.7338129e-01
   1.4473600e-02   2.8057554e-01
   1.4912000e-02   3.0935252e-01
   1.5351200e-02   3.1654676e-01
   1.5789600e-02   3.2374101e-01
   1.6666400e-02   3.3093525e-01
   1.7105600e-02   3.3812950e-01
   1.7544000e-02   3.5251799e-01
   1.8420800e-02   3.9568345e-01
   1.8860000e-02   4.0287770e-01
   1.9298400e-02   4.1726619e-01
   1.9736800e-02   4.3884892e-01
   2.0175200e-02   4.4604317e-01
   2.0613600e-02   4.6043165e-01
   2.1052800e-02   4.6762590e-01
   2.1491200e-02   4.8201439e-01
   2.1929600e-02   4.8920863e-01
   2.2807200e-02   4.9640288e-01
   2.3245600e-02   5.0359712e-01
   2.3684000e-02   5.1079137e-01
   2.4122400e-02   5.2517986e-01
   2.5000000e-02   5.3237410e-01
   2.5877600e-02   5.4676259e-01
   2.6754400e-02   5.6115108e-01
   2.7192800e-02   5.6834532e-01
   2.7632000e-02   5.7553957e-01
   2.8070400e-02   5.8273381e-01
   2.8508800e-02   6.0431655e-01
   2.9386400e-02   6.1151079e-01
   3.1140000e-02   6.2589928e-01
   3.1579200e-02   6.3309353e-01
   3.2456000e-02   6.4028777e-01
   3.2894400e-02   6.5467626e-01
   3.3333600e-02   6.6187050e-01
   3.4210400e-02   6.6906475e-01
   3.5088000e-02   6.7625899e-01
   3.5526400e-02   6.9064748e-01
   3.5964800e-02   6.9784173e-01
   3.6842400e-02   7.0503597e-01
   3.7280800e-02   7.1942446e-01
   3.8157600e-02   7.3381295e-01
   3.8596800e-02   7.4100719e-01
   3.9035200e-02   7.4820144e-01
   4.0351200e-02   7.5539568e-01
   4.2105600e-02   7.6258993e-01
   4.2544000e-02   7.9136691e-01
   4.3860000e-02   7.9856115e-01
   4.6491200e-02   8.0575540e-01
   4.9122400e-02   8.2014388e-01
   5.0438400e-02   8.2733813e-01
   5.2192800e-02   8.3453237e-01
   5.2632000e-02   8.4172662e-01
   5.8772000e-02   8.4892086e-01
   5.9210400e-02   8.5611511e-01
   6.0964800e-02   8.6330935e-01
   6.2280800e-02   8.7050360e-01
   6.2719200e-02   8.7769784e-01
   6.4473600e-02   8.8489209e-01
   6.8860000e-02   8.9208633e-01
   7.1491200e-02   8.9928058e-01
   7.5877600e-02   9.0647482e-01
   7.8508800e-02   9.1366906e-01
   7.8947200e-02   9.2086331e-01
   8.1140000e-02   9.3525180e-01
   8.4210400e-02   9.4244604e-01
   8.5526400e-02   9.4964029e-01
   8.5964800e-02   9.5683453e-01
   9.2544000e-02   9.6402878e-01
   9.2982400e-02   9.7122302e-01
   9.5614400e-02   9.7841727e-01
   1.0394720e-01   9.8561151e-01
   1.1315760e-01   9.9280576e-01
   1.5657920e-01   1.0000000e+00
