   2.0728000e-03   0.0000000e+00
   2.0728000e-03   6.5359477e-04
   3.7304000e-03   5.8823529e-03
   4.1448000e-03   9.1503268e-03
   4.5592000e-03   2.0915033e-02
   4.9744000e-03   4.1176471e-02
   5.3888000e-03   5.2287582e-02
   5.8032000e-03   7.3202614e-02
   6.2176000e-03   9.7385621e-02
   6.6320000e-03   1.2352941e-01
   7.0464000e-03   1.7712418e-01
   7.4608000e-03   2.1895425e-01
   7.8760000e-03   2.5947712e-01
   8.2904000e-03   3.0000000e-01
   8.7048000e-03   3.4248366e-01
   9.1192000e-03   3.6993464e-01
   9.5336000e-03   4.1176471e-01
   9.9480000e-03   4.3986928e-01
   1.0362400e-02   4.6601307e-01
   1.0777600e-02   5.0653595e-01
   1.1192000e-02   5.2614379e-01
   1.1606400e-02   5.5686275e-01
   1.2020800e-02   5.8169935e-01
   1.2435200e-02   5.9673203e-01
   1.2849600e-02   6.2091503e-01
   1.3264000e-02   6.3856209e-01
   1.3678400e-02   6.5490196e-01
   1.4093600e-02   6.8169935e-01
   1.4508000e-02   6.9411765e-01
   1.4922400e-02   7.0718954e-01
   1.5336800e-02   7.3725490e-01
   1.5751200e-02   7.5163399e-01
   1.6165600e-02   7.6209150e-01
   1.6580000e-02   7.7843137e-01
   1.6994400e-02   7.8888889e-01
   1.7409600e-02   7.9673203e-01
   1.7824000e-02   8.1176471e-01
   1.8238400e-02   8.2026144e-01
   1.8652800e-02   8.2549020e-01
   1.9067200e-02   8.3529412e-01
   1.9481600e-02   8.4248366e-01
   1.9896800e-02   8.4705882e-01
   2.0311200e-02   8.5751634e-01
   2.0725600e-02   8.6535948e-01
   2.1140000e-02   8.7385621e-01
   2.1554400e-02   8.7973856e-01
   2.1968800e-02   8.8300654e-01
   2.2383200e-02   8.8627451e-01
   2.2797600e-02   8.8823529e-01
   2.3212000e-02   8.9346405e-01
   2.3627200e-02   8.9803922e-01
   2.4041600e-02   9.0392157e-01
   2.4456000e-02   9.0718954e-01
   2.4870400e-02   9.1045752e-01
   2.5284800e-02   9.1503268e-01
   2.5699200e-02   9.1699346e-01
   2.6113600e-02   9.1895425e-01
   2.6528800e-02   9.2222222e-01
   2.6943200e-02   9.2418301e-01
   2.7357600e-02   9.2745098e-01
   2.7772000e-02   9.3071895e-01
   2.8186400e-02   9.3398693e-01
   2.8600800e-02   9.3594771e-01
   2.9015200e-02   9.3725490e-01
   2.9430400e-02   9.4183007e-01
   2.9844800e-02   9.4248366e-01
   3.0259200e-02   9.4313725e-01
   3.0673600e-02   9.4509804e-01
   3.1088000e-02   9.4640523e-01
   3.1502400e-02   9.4705882e-01
   3.1916800e-02   9.4967320e-01
   3.2331200e-02   9.5032680e-01
   3.2746400e-02   9.5294118e-01
   3.3160800e-02   9.5490196e-01
   3.3575200e-02   9.5620915e-01
   3.3989600e-02   9.5686275e-01
   3.4404000e-02   9.5816993e-01
   3.4818400e-02   9.6013072e-01
   3.5232800e-02   9.6209150e-01
   3.5648000e-02   9.6405229e-01
   3.6062400e-02   9.6732026e-01
   3.6891200e-02   9.6797386e-01
   3.7305600e-02   9.6928105e-01
   3.7720000e-02   9.7058824e-01
   3.8134400e-02   9.7320261e-01
   3.9378400e-02   9.7450980e-01
   4.0207200e-02   9.7516340e-01
   4.1036000e-02   9.7581699e-01
   4.1450400e-02   9.7712418e-01
   4.1865600e-02   9.7843137e-01
   4.2694400e-02   9.7973856e-01
   4.4352000e-02   9.8039216e-01
   4.4767200e-02   9.8169935e-01
   4.5181600e-02   9.8235294e-01
   4.6010400e-02   9.8300654e-01
   4.7253600e-02   9.8496732e-01
   4.7668000e-02   9.8562092e-01
   5.0569600e-02   9.8627451e-01
   5.0984800e-02   9.8692810e-01
   5.3056800e-02   9.8823529e-01
   5.4300800e-02   9.8888889e-01
   5.5544000e-02   9.9019608e-01
   5.6788000e-02   9.9084967e-01
   5.8031200e-02   9.9150327e-01
   6.1347200e-02   9.9215686e-01
   6.3834400e-02   9.9281046e-01
   6.4663200e-02   9.9346405e-01
   6.7564800e-02   9.9411765e-01
   6.7979200e-02   9.9477124e-01
   7.3782400e-02   9.9542484e-01
   7.5855200e-02   9.9607843e-01
   7.8756800e-02   9.9673203e-01
   8.2901600e-02   9.9738562e-01
   8.4559200e-02   9.9803922e-01
   8.7046400e-02   9.9869281e-01
   8.7460800e-02   9.9934641e-01
   9.2435200e-02   1.0000000e+00
