   4.5360000e-03   0.0000000e+00
   4.5360000e-03   5.8479532e-03
   4.9488000e-03   2.9239766e-02
   5.7728000e-03   3.5087719e-02
   6.1856000e-03   6.4327485e-02
   6.5976000e-03   7.0175439e-02
   7.0104000e-03   8.7719298e-02
   7.4224000e-03   1.1695906e-01
   7.8352000e-03   1.3450292e-01
   8.2472000e-03   1.4619883e-01
   8.6600000e-03   1.5789474e-01
   9.0720000e-03   1.6374269e-01
   9.4848000e-03   1.7543860e-01
   9.8968000e-03   2.0467836e-01
   1.0309600e-02   2.2222222e-01
   1.0721600e-02   2.3976608e-01
   1.1133600e-02   2.6315789e-01
   1.1546400e-02   2.7485380e-01
   1.2371200e-02   2.9824561e-01
   1.3608000e-02   3.0409357e-01
   1.4020800e-02   3.2748538e-01
   1.4432800e-02   3.3918129e-01
   1.4845600e-02   3.8011696e-01
   1.5257600e-02   3.9181287e-01
   1.5670400e-02   4.0350877e-01
   1.6495200e-02   4.0935673e-01
   1.7732000e-02   4.2105263e-01
   1.8144000e-02   4.5614035e-01
   1.8556800e-02   4.6198830e-01
   1.8968800e-02   4.6783626e-01
   1.9381600e-02   4.8538012e-01
   1.9793600e-02   4.9707602e-01
   2.0618400e-02   5.0877193e-01
   2.1031200e-02   5.1461988e-01
   2.1443200e-02   5.2631579e-01
   2.1856000e-02   5.3216374e-01
   2.2680800e-02   5.3801170e-01
   2.3092800e-02   5.5555556e-01
   2.3504800e-02   5.6140351e-01
   2.4329600e-02   5.9064327e-01
   2.5154400e-02   6.0818713e-01
   2.6392000e-02   6.1988304e-01
   2.6804000e-02   6.2573099e-01
   2.8040800e-02   6.3157895e-01
   2.8866400e-02   6.3742690e-01
   2.9690400e-02   6.4327485e-01
   3.1340000e-02   6.5497076e-01
   3.1752800e-02   6.6081871e-01
   3.3402400e-02   6.6666667e-01
   3.4227200e-02   6.7251462e-01
   3.6288800e-02   6.7836257e-01
   3.7938400e-02   6.8421053e-01
   3.9175200e-02   6.9005848e-01
   4.0000000e-02   6.9590643e-01
   4.0412000e-02   7.0175439e-01
   4.1236800e-02   7.0760234e-01
   4.2886400e-02   7.1345029e-01
   4.3299200e-02   7.1929825e-01
   4.3711200e-02   7.4853801e-01
   4.7010400e-02   7.5438596e-01
   4.7422400e-02   7.6023392e-01
   4.8247200e-02   7.7192982e-01
   4.9072000e-02   7.7777778e-01
   4.9484800e-02   7.8362573e-01
   4.9896800e-02   7.9532164e-01
   5.1959200e-02   8.0116959e-01
   5.2371200e-02   8.0701754e-01
   5.3608000e-02   8.1286550e-01
   5.4020800e-02   8.1871345e-01
   5.5257600e-02   8.2456140e-01
   5.5670400e-02   8.3040936e-01
   6.3092800e-02   8.3625731e-01
   6.8041600e-02   8.4210526e-01
   6.9690400e-02   8.4795322e-01
   7.0515200e-02   8.5380117e-01
   7.3814400e-02   8.5964912e-01
   7.9175200e-02   8.6549708e-01
   8.0000000e-02   8.7134503e-01
   8.6185600e-02   8.8304094e-01
   8.7010400e-02   8.8888889e-01
   9.1134400e-02   8.9473684e-01
   9.2371200e-02   9.0058480e-01
   1.0350480e-01   9.0643275e-01
   1.0639200e-01   9.1228070e-01
   1.0969040e-01   9.1812865e-01
   1.1340240e-01   9.2397661e-01
   1.1670080e-01   9.2982456e-01
   1.2783520e-01   9.3567251e-01
   1.4103120e-01   9.4152047e-01
   1.4515440e-01   9.4736842e-01
   1.5793840e-01   9.5321637e-01
   1.6288640e-01   9.5906433e-01
   1.7154640e-01   9.6491228e-01
   1.7731920e-01   9.7076023e-01
   1.8061840e-01   9.7660819e-01
   1.8927840e-01   9.8245614e-01
   2.0866000e-01   9.8830409e-01
   2.2144320e-01   9.9415205e-01
   2.7298960e-01   1.0000000e+00
