   2.9008000e-03   0.0000000e+00
   2.9008000e-03   1.9880716e-03
   3.8680000e-03   5.9642147e-03
   4.1904000e-03   1.1928429e-02
   4.5128000e-03   2.1868787e-02
   4.8352000e-03   3.5785288e-02
   5.1568000e-03   4.3737575e-02
   5.4792000e-03   5.1689861e-02
   5.8016000e-03   5.9642147e-02
   6.1240000e-03   7.3558648e-02
   6.4464000e-03   7.9522863e-02
   6.7688000e-03   8.7475149e-02
   7.0912000e-03   9.9403579e-02
   7.4136000e-03   1.2127237e-01
   7.7360000e-03   1.3717694e-01
   8.0576000e-03   1.5308151e-01
   8.3800000e-03   1.6103380e-01
   8.7024000e-03   1.9284294e-01
   9.0248000e-03   2.0278330e-01
   9.3472000e-03   2.1868787e-01
   9.6696000e-03   2.2862823e-01
   9.9920000e-03   2.5248509e-01
   1.0314400e-02   2.5646123e-01
   1.0636800e-02   2.8031809e-01
   1.0959200e-02   2.8827038e-01
   1.1280800e-02   3.3200795e-01
   1.1603200e-02   3.4194831e-01
   1.1925600e-02   3.7176938e-01
   1.2248000e-02   3.8170974e-01
   1.2570400e-02   4.0755467e-01
   1.2892800e-02   4.1948310e-01
   1.3215200e-02   4.5129225e-01
   1.3537600e-02   4.6719682e-01
   1.3860000e-02   4.8906561e-01
   1.4182400e-02   5.0497018e-01
   1.4504800e-02   5.1689861e-01
   1.4826400e-02   5.3479125e-01
   1.5148800e-02   5.5467197e-01
   1.5471200e-02   5.6858847e-01
   1.5793600e-02   5.8051690e-01
   1.6116000e-02   5.9840954e-01
   1.6438400e-02   6.1033797e-01
   1.6760800e-02   6.2027833e-01
   1.7083200e-02   6.3021869e-01
   1.7405600e-02   6.4214712e-01
   1.7727200e-02   6.5009940e-01
   1.8049600e-02   6.6600398e-01
   1.8372000e-02   6.6799205e-01
   1.8694400e-02   6.8588469e-01
   1.9016800e-02   6.9184891e-01
   1.9339200e-02   7.0576541e-01
   1.9661600e-02   7.1769384e-01
   1.9984000e-02   7.2962227e-01
   2.0628800e-02   7.3956262e-01
   2.0951200e-02   7.4353877e-01
   2.1273600e-02   7.5944334e-01
   2.1595200e-02   7.6739563e-01
   2.1917600e-02   7.8131213e-01
   2.2240000e-02   7.8330020e-01
   2.2562400e-02   7.9721670e-01
   2.2884800e-02   8.0119284e-01
   2.3207200e-02   8.1113320e-01
   2.3529600e-02   8.1510934e-01
   2.3852000e-02   8.2107356e-01
   2.4174400e-02   8.2306163e-01
   2.4496000e-02   8.3300199e-01
   2.4818400e-02   8.4493042e-01
   2.5785600e-02   8.4691849e-01
   2.6430400e-02   8.5288270e-01
   2.6752800e-02   8.5884692e-01
   2.7075200e-02   8.6083499e-01
   2.7397600e-02   8.6878728e-01
   2.7719200e-02   8.7276342e-01
   2.8364000e-02   8.7872763e-01
   2.8686400e-02   8.8270378e-01
   2.9008800e-02   8.8469185e-01
   2.9331200e-02   8.8866799e-01
   2.9653600e-02   8.9463221e-01
   3.0942400e-02   8.9860835e-01
   3.1587200e-02   9.0258449e-01
   3.1909600e-02   9.0457256e-01
   3.2232000e-02   9.1053678e-01
   3.2554400e-02   9.1451292e-01
   3.3199200e-02   9.1650099e-01
   3.3521600e-02   9.2047714e-01
   3.3844000e-02   9.2246521e-01
   3.4488000e-02   9.2445328e-01
   3.4810400e-02   9.2842942e-01
   3.5455200e-02   9.3041750e-01
   3.5777600e-02   9.3439364e-01
   3.6100000e-02   9.3638171e-01
   3.6744800e-02   9.3836978e-01
   3.8033600e-02   9.4035785e-01
   3.8678400e-02   9.4433400e-01
   4.0934400e-02   9.4632207e-01
   4.1256800e-02   9.4831014e-01
   4.2546400e-02   9.5029821e-01
   4.3513600e-02   9.5228628e-01
   4.4157600e-02   9.5626243e-01
   4.6092000e-02   9.5825050e-01
   4.6414400e-02   9.6023857e-01
   4.8348000e-02   9.6222664e-01
   5.0282400e-02   9.6421471e-01
   5.0604000e-02   9.6620278e-01
   5.1248800e-02   9.6819085e-01
   5.1571200e-02   9.7017893e-01
   5.3183200e-02   9.7216700e-01
   5.4472000e-02   9.7415507e-01
   5.5761600e-02   9.7614314e-01
   5.7695200e-02   9.7813121e-01
   5.8017600e-02   9.8011928e-01
   5.8662400e-02   9.8210736e-01
   5.9307200e-02   9.8409543e-01
   6.0596000e-02   9.8608350e-01
   6.2208000e-02   9.8807157e-01
   6.4786400e-02   9.9005964e-01
   6.5108800e-02   9.9204771e-01
   8.2836800e-02   9.9403579e-01
   8.3158400e-02   9.9602386e-01
   9.2184000e-02   9.9801193e-01
   1.1313440e-01   1.0000000e+00
