   9.2936521e-03   0.0000000e+00
   9.2936521e-03   7.1942446e-03
   9.3548875e-03   1.4388489e-02
   1.0192589e-02   2.1582734e-02
   1.0373603e-02   2.8776978e-02
   1.2248109e-02   3.5971223e-02
   1.2270743e-02   4.3165468e-02
   1.2655063e-02   5.0359712e-02
   1.2704456e-02   5.7553957e-02
   1.2752468e-02   6.4748201e-02
   1.2779395e-02   7.1942446e-02
   1.2816723e-02   7.9136691e-02
   1.3046776e-02   8.6330935e-02
   1.3113113e-02   9.3525180e-02
   1.3697953e-02   1.0071942e-01
   1.3921664e-02   1.0791367e-01
   1.4313076e-02   1.1510791e-01
   1.4507016e-02   1.2230216e-01
   1.4545603e-02   1.3669065e-01
   1.5360282e-02   1.4388489e-01
   1.5450224e-02   1.5107914e-01
   1.5524558e-02   1.5827338e-01
   1.5651697e-02   1.6546763e-01
   1.5861511e-02   1.7266187e-01
   1.6251650e-02   1.7985612e-01
   1.6555698e-02   1.8705036e-01
   1.7968300e-02   1.9424460e-01
   1.8003511e-02   2.0143885e-01
   1.8299001e-02   2.0863309e-01
   1.8633876e-02   2.1582734e-01
   1.8841127e-02   2.2302158e-01
   1.8861066e-02   2.3021583e-01
   1.9121190e-02   2.3741007e-01
   1.9326966e-02   2.4460432e-01
   2.0695317e-02   2.5179856e-01
   2.0868732e-02   2.5899281e-01
   2.1191957e-02   2.6618705e-01
   2.1235040e-02   2.7338129e-01
   2.1533498e-02   2.8057554e-01
   2.1747858e-02   2.8776978e-01
   2.2311355e-02   2.9496403e-01
   2.2337228e-02   3.0215827e-01
   2.2461082e-02   3.0935252e-01
   2.3263904e-02   3.1654676e-01
   2.3549808e-02   3.2374101e-01
   2.3791956e-02   3.3093525e-01
   2.4381783e-02   3.3812950e-01
   2.4474942e-02   3.4532374e-01
   2.4568588e-02   3.5251799e-01
   2.4798499e-02   3.5971223e-01
   2.5519730e-02   3.6690647e-01
   2.6130261e-02   3.7410072e-01
   2.6278635e-02   3.8129496e-01
   2.6683350e-02   3.8848921e-01
   2.6811063e-02   3.9568345e-01
   2.7157160e-02   4.0287770e-01
   2.7406577e-02   4.1007194e-01
   2.7608270e-02   4.1726619e-01
   2.7749483e-02   4.2446043e-01
   2.7879825e-02   4.3165468e-01
   2.8124002e-02   4.3884892e-01
   2.8531118e-02   4.4604317e-01
   2.9045879e-02   4.5323741e-01
   2.9324313e-02   4.6043165e-01
   3.0259101e-02   4.6762590e-01
   3.0312835e-02   4.7482014e-01
   3.1037800e-02   4.8201439e-01
   3.1590624e-02   4.8920863e-01
   3.1658768e-02   4.9640288e-01
   3.3197555e-02   5.0359712e-01
   3.3721562e-02   5.1079137e-01
   3.3984367e-02   5.1798561e-01
   3.5432202e-02   5.2517986e-01
   3.5548353e-02   5.3237410e-01
   3.5698077e-02   5.3956835e-01
   3.7261806e-02   5.4676259e-01
   3.7475441e-02   5.5395683e-01
   3.8068105e-02   5.6115108e-01
   4.0013872e-02   5.6834532e-01
   4.0283637e-02   5.7553957e-01
   4.0578302e-02   5.8273381e-01
   4.0682779e-02   5.8992806e-01
   4.0871761e-02   5.9712230e-01
   4.2329349e-02   6.0431655e-01
   4.2366734e-02   6.1151079e-01
   4.2642193e-02   6.1870504e-01
   4.2671549e-02   6.2589928e-01
   4.3838488e-02   6.3309353e-01
   4.6504339e-02   6.4028777e-01
   4.6573582e-02   6.4748201e-01
   4.7076466e-02   6.5467626e-01
   4.7438702e-02   6.6187050e-01
   4.7548618e-02   6.6906475e-01
   4.8147429e-02   6.7625899e-01
   4.8610450e-02   6.8345324e-01
   4.9993274e-02   6.9064748e-01
   5.1247492e-02   6.9784173e-01
   5.1472876e-02   7.0503597e-01
   5.4780644e-02   7.1223022e-01
   5.5988479e-02   7.1942446e-01
   5.7193235e-02   7.2661871e-01
   5.8009469e-02   7.3381295e-01
   5.8501007e-02   7.4100719e-01
   5.9233260e-02   7.4820144e-01
   6.0599685e-02   7.5539568e-01
   6.1048814e-02   7.6258993e-01
   6.2479688e-02   7.6978417e-01
   6.3710803e-02   7.7697842e-01
   6.5189842e-02   7.8417266e-01
   6.5346096e-02   7.9136691e-01
   6.5644573e-02   7.9856115e-01
   6.6378026e-02   8.0575540e-01
   6.6690136e-02   8.1294964e-01
   6.7454411e-02   8.2014388e-01
   6.7910312e-02   8.2733813e-01
   6.8046746e-02   8.3453237e-01
   6.9855065e-02   8.4172662e-01
   7.3659012e-02   8.4892086e-01
   7.5751825e-02   8.5611511e-01
   7.6257921e-02   8.6330935e-01
   7.7982478e-02   8.7050360e-01
   7.8830926e-02   8.7769784e-01
   8.8487036e-02   8.8489209e-01
   8.9393769e-02   8.9208633e-01
   8.9646323e-02   8.9928058e-01
   9.2274960e-02   9.0647482e-01
   9.5757850e-02   9.1366906e-01
   9.6473490e-02   9.2086331e-01
   9.7320940e-02   9.2805755e-01
   1.0633394e-01   9.3525180e-01
   1.1725101e-01   9.4244604e-01
   1.1774790e-01   9.4964029e-01
   1.1816955e-01   9.5683453e-01
   1.1879036e-01   9.6402878e-01
   1.2586550e-01   9.7122302e-01
   1.4011293e-01   9.7841727e-01
   1.4132805e-01   9.8561151e-01
   1.5667716e-01   9.9280576e-01
   1.7023115e-01   1.0000000e+00
