   2.8168000e-03   0.0000000e+00
   2.8168000e-03   2.4301337e-03
   3.2192000e-03   9.7205346e-03
   3.6216000e-03   2.1263670e-02
   4.0240000e-03   3.2806804e-02
   4.4264000e-03   4.6172539e-02
   4.8288000e-03   6.5006075e-02
   5.2312000e-03   8.6269745e-02
   5.6336000e-03   1.1421628e-01
   6.0360000e-03   1.4216282e-01
   6.4384000e-03   1.7739976e-01
   6.8408000e-03   2.2782503e-01
   7.2432000e-03   2.5759417e-01
   7.6456000e-03   3.0133657e-01
   8.0480000e-03   3.3657351e-01
   8.4504000e-03   3.6755772e-01
   8.8528000e-03   4.0947752e-01
   9.2552000e-03   4.3863913e-01
   9.6576000e-03   4.5868773e-01
   1.0060000e-02   5.0060753e-01
   1.0462400e-02   5.1518834e-01
   1.0864800e-02   5.2916160e-01
   1.1267200e-02   5.5893074e-01
   1.1669600e-02   5.7472661e-01
   1.2072000e-02   5.9356015e-01
   1.2475200e-02   6.3547995e-01
   1.2877600e-02   6.4763062e-01
   1.3280000e-02   6.6160389e-01
   1.3682400e-02   6.8104496e-01
   1.4084800e-02   6.9562576e-01
   1.4487200e-02   7.0656136e-01
   1.4889600e-02   7.1992710e-01
   1.5292000e-02   7.2782503e-01
   1.5694400e-02   7.3633050e-01
   1.6096800e-02   7.5030377e-01
   1.6499200e-02   7.6366950e-01
   1.6901600e-02   7.7764277e-01
   1.7304000e-02   7.8797084e-01
   1.7706400e-02   7.9647631e-01
   1.8108800e-02   8.0437424e-01
   1.8511200e-02   8.1287971e-01
   1.8913600e-02   8.2563791e-01
   1.9316000e-02   8.3292831e-01
   1.9718400e-02   8.4143378e-01
   2.0120800e-02   8.5054678e-01
   2.0523200e-02   8.5601458e-01
   2.0925600e-02   8.6026731e-01
   2.1328000e-02   8.6755772e-01
   2.1730400e-02   8.7424058e-01
   2.2132800e-02   8.7667072e-01
   2.2535200e-02   8.8153098e-01
   2.2937600e-02   8.8396112e-01
   2.3340000e-02   8.8760632e-01
   2.3742400e-02   8.9550425e-01
   2.4144800e-02   8.9732685e-01
   2.4547200e-02   8.9914945e-01
   2.4949600e-02   9.0279465e-01
   2.5352000e-02   9.0340219e-01
   2.5754400e-02   9.0583232e-01
   2.6156800e-02   9.0947752e-01
   2.6559200e-02   9.1008505e-01
   2.6961600e-02   9.1190765e-01
   2.7766400e-02   9.1433779e-01
   2.8168800e-02   9.1676792e-01
   2.8571200e-02   9.1798299e-01
   2.9376000e-02   9.1859052e-01
   2.9778400e-02   9.1919806e-01
   3.0180800e-02   9.2102066e-01
   3.0583200e-02   9.2162819e-01
   3.0985600e-02   9.2405832e-01
   3.1388000e-02   9.2831106e-01
   3.1790400e-02   9.2952612e-01
   3.2192800e-02   9.3317132e-01
   3.2596000e-02   9.3681652e-01
   3.2997600e-02   9.3742406e-01
   3.3400800e-02   9.3863913e-01
   3.3802400e-02   9.3924666e-01
   3.4205600e-02   9.4046173e-01
   3.4608000e-02   9.4228433e-01
   3.5010400e-02   9.4349939e-01
   3.5412800e-02   9.4471446e-01
   3.5815200e-02   9.4714459e-01
   3.6217600e-02   9.5078979e-01
   3.6620000e-02   9.5139733e-01
   3.7424800e-02   9.5321993e-01
   3.7827200e-02   9.5504253e-01
   3.8229600e-02   9.5565006e-01
   3.8632000e-02   9.5686513e-01
   3.9034400e-02   9.5747266e-01
   3.9436800e-02   9.5808019e-01
   4.0241600e-02   9.5868773e-01
   4.0644000e-02   9.5929526e-01
   4.1046400e-02   9.5990279e-01
   4.2253600e-02   9.6051033e-01
   4.2656000e-02   9.6111786e-01
   4.3058400e-02   9.6172539e-01
   4.3460800e-02   9.6294046e-01
   4.3863200e-02   9.6415553e-01
   4.5472800e-02   9.6537060e-01
   4.6277600e-02   9.6658566e-01
   4.6680000e-02   9.6719320e-01
   4.7082400e-02   9.6780073e-01
   4.8692000e-02   9.6840826e-01
   4.9094400e-02   9.6962333e-01
   4.9496800e-02   9.7023086e-01
   4.9899200e-02   9.7205346e-01
   5.0301600e-02   9.7266100e-01
   5.0704000e-02   9.7326853e-01
   5.2313600e-02   9.7448360e-01
   5.2716000e-02   9.7569866e-01
   5.3520800e-02   9.7630620e-01
   5.4325600e-02   9.7691373e-01
   5.4728000e-02   9.7752126e-01
   5.5533600e-02   9.7812880e-01
   5.6337600e-02   9.7873633e-01
   5.7948000e-02   9.7934386e-01
   5.9155200e-02   9.7995140e-01
   6.1569600e-02   9.8055893e-01
   6.1972000e-02   9.8116646e-01
   6.3179200e-02   9.8238153e-01
   6.4788800e-02   9.8298906e-01
   6.5191200e-02   9.8359660e-01
   6.5996000e-02   9.8420413e-01
   6.6800800e-02   9.8481166e-01
   6.7605600e-02   9.8541920e-01
   6.8812800e-02   9.8602673e-01
   7.4848800e-02   9.8663426e-01
   7.5251200e-02   9.8724180e-01
   7.5653600e-02   9.8784933e-01
   7.6458400e-02   9.8845687e-01
   7.7263200e-02   9.8906440e-01
   7.7666400e-02   9.8967193e-01
   7.8873600e-02   9.9027947e-01
   7.9678400e-02   9.9088700e-01
   8.0885600e-02   9.9149453e-01
   8.1288000e-02   9.9270960e-01
   8.2897600e-02   9.9331713e-01
   8.8531200e-02   9.9392467e-01
   8.8933600e-02   9.9453220e-01
   9.4969600e-02   9.9513973e-01
   9.5774400e-02   9.9574727e-01
   9.9396000e-02   9.9635480e-01
   1.0301840e-01   9.9696233e-01
   1.1106640e-01   9.9756987e-01
   1.2032160e-01   9.9817740e-01
   1.2595600e-01   9.9878493e-01
   1.2635840e-01   9.9939247e-01
   1.7947680e-01   1.0000000e+00
