   4.6968927e-03   0.0000000e+00
   4.6968927e-03   4.0000000e-03
   5.6522396e-03   8.0000000e-03
   6.0612445e-03   1.2000000e-02
   7.1589204e-03   1.6000000e-02
   7.4277301e-03   2.0000000e-02
   8.5280668e-03   2.4000000e-02
   9.2349146e-03   2.8000000e-02
   9.6285533e-03   3.2000000e-02
   1.0397132e-02   3.6000000e-02
   1.0556020e-02   4.0000000e-02
   1.0738115e-02   4.4000000e-02
   1.1255519e-02   4.8000000e-02
   1.1344683e-02   5.2000000e-02
   1.1735402e-02   5.6000000e-02
   1.2399413e-02   6.0000000e-02
   1.2513847e-02   6.4000000e-02
   1.2775919e-02   6.8000000e-02
   1.2927680e-02   7.2000000e-02
   1.3219841e-02   7.6000000e-02
   1.3318529e-02   8.0000000e-02
   1.3506538e-02   8.4000000e-02
   1.3804239e-02   8.8000000e-02
   1.4640870e-02   9.2000000e-02
   1.5563240e-02   9.6000000e-02
   1.6083467e-02   1.0400000e-01
   1.6232322e-02   1.0800000e-01
   1.6232911e-02   1.1200000e-01
   1.6250392e-02   1.1600000e-01
   1.6782131e-02   1.2000000e-01
   1.6798979e-02   1.2400000e-01
   1.6956046e-02   1.2800000e-01
   1.7062967e-02   1.3200000e-01
   1.7150102e-02   1.3600000e-01
   1.7606353e-02   1.4000000e-01
   1.8041390e-02   1.4400000e-01
   1.8156589e-02   1.4800000e-01
   1.8733072e-02   1.5200000e-01
   1.8982313e-02   1.5600000e-01
   1.9239889e-02   1.6000000e-01
   1.9261438e-02   1.6400000e-01
   1.9281491e-02   1.6800000e-01
   1.9295615e-02   1.7200000e-01
   1.9317218e-02   1.8000000e-01
   1.9577491e-02   1.8400000e-01
   1.9887988e-02   1.8800000e-01
   2.0093229e-02   1.9200000e-01
   2.0119196e-02   1.9600000e-01
   2.0206025e-02   2.0000000e-01
   2.0396182e-02   2.0400000e-01
   2.0493850e-02   2.0800000e-01
   2.0520140e-02   2.1200000e-01
   2.0655042e-02   2.1600000e-01
   2.0928002e-02   2.2000000e-01
   2.1064685e-02   2.2400000e-01
   2.1425426e-02   2.2800000e-01
   2.1741734e-02   2.3200000e-01
   2.2009177e-02   2.3600000e-01
   2.2067916e-02   2.4000000e-01
   2.2202965e-02   2.4400000e-01
   2.2307561e-02   2.4800000e-01
   2.2559818e-02   2.5200000e-01
   2.2572039e-02   2.5600000e-01
   2.2597439e-02   2.6000000e-01
   2.3543500e-02   2.6800000e-01
   2.3659563e-02   2.7200000e-01
   2.3698661e-02   2.7600000e-01
   2.4209968e-02   2.8000000e-01
   2.4222096e-02   2.8400000e-01
   2.4240071e-02   2.8800000e-01
   2.4286950e-02   2.9200000e-01
   2.4537398e-02   2.9600000e-01
   2.4701520e-02   3.0000000e-01
   2.5034014e-02   3.0400000e-01
   2.5056023e-02   3.1200000e-01
   2.5244451e-02   3.1600000e-01
   2.5584217e-02   3.2000000e-01
   2.5591625e-02   3.2400000e-01
   2.5749026e-02   3.2800000e-01
   2.6199889e-02   3.3200000e-01
   2.6593799e-02   3.3600000e-01
   2.6738974e-02   3.4000000e-01
   2.6815207e-02   3.4400000e-01
   2.7383506e-02   3.4800000e-01
   2.7386990e-02   3.5200000e-01
   2.7551237e-02   3.5600000e-01
   2.8198448e-02   3.6000000e-01
   2.8343961e-02   3.6400000e-01
   2.8422138e-02   3.6800000e-01
   2.8899621e-02   3.7200000e-01
   2.9078918e-02   3.7600000e-01
   2.9470828e-02   3.8000000e-01
   2.9494237e-02   3.8400000e-01
   3.0303803e-02   3.8800000e-01
   3.0573778e-02   3.9200000e-01
   3.0830054e-02   3.9600000e-01
   3.0854209e-02   4.0000000e-01
   3.0963701e-02   4.0400000e-01
   3.1116143e-02   4.0800000e-01
   3.1360538e-02   4.1200000e-01
   3.1366255e-02   4.1600000e-01
   3.1596766e-02   4.2000000e-01
   3.1621095e-02   4.2400000e-01
   3.1637688e-02   4.3200000e-01
   3.1892177e-02   4.3600000e-01
   3.1931046e-02   4.4000000e-01
   3.2028168e-02   4.5200000e-01
   3.2216100e-02   4.5600000e-01
   3.2217092e-02   4.6000000e-01
   3.2790831e-02   4.6400000e-01
   3.2908275e-02   4.6800000e-01
   3.3182085e-02   4.7200000e-01
   3.3476612e-02   4.7600000e-01
   3.3639030e-02   4.8000000e-01
   3.4126551e-02   4.8400000e-01
   3.5058082e-02   4.8800000e-01
   3.5132725e-02   4.9200000e-01
   3.5769501e-02   4.9600000e-01
   3.6314798e-02   5.0000000e-01
   3.6478440e-02   5.0400000e-01
   3.7207899e-02   5.0800000e-01
   3.7291530e-02   5.1200000e-01
   3.7533238e-02   5.1600000e-01
   3.8061753e-02   5.2000000e-01
   3.8182564e-02   5.2400000e-01
   3.8303943e-02   5.2800000e-01
   3.9034984e-02   5.3200000e-01
   3.9036167e-02   5.3600000e-01
   3.9228025e-02   5.4000000e-01
   3.9344420e-02   5.4400000e-01
   3.9400263e-02   5.4800000e-01
   3.9728572e-02   5.5200000e-01
   3.9763079e-02   5.5600000e-01
   4.0570559e-02   5.6000000e-01
   4.0724020e-02   5.6400000e-01
   4.0762521e-02   5.6800000e-01
   4.1214878e-02   5.7200000e-01
   4.1425661e-02   5.7600000e-01
   4.1544619e-02   5.8000000e-01
   4.1565909e-02   5.8400000e-01
   4.1593644e-02   5.8800000e-01
   4.1882690e-02   5.9200000e-01
   4.2252093e-02   5.9600000e-01
   4.2485542e-02   6.0000000e-01
   4.2610715e-02   6.0400000e-01
   4.2657553e-02   6.1200000e-01
   4.2703144e-02   6.1600000e-01
   4.2736559e-02   6.2000000e-01
   4.2913359e-02   6.2400000e-01
   4.3217088e-02   6.2800000e-01
   4.3522411e-02   6.3200000e-01
   4.3585486e-02   6.3600000e-01
   4.3732300e-02   6.4000000e-01
   4.4387326e-02   6.4400000e-01
   4.4631955e-02   6.4800000e-01
   4.4675920e-02   6.5200000e-01
   4.5093524e-02   6.5600000e-01
   4.5391488e-02   6.6000000e-01
   4.5413812e-02   6.6800000e-01
   4.5458925e-02   6.7200000e-01
   4.5625097e-02   6.7600000e-01
   4.5789267e-02   6.8000000e-01
   4.7776655e-02   6.8400000e-01
   4.8009043e-02   6.8800000e-01
   4.8125453e-02   6.9200000e-01
   4.8626445e-02   6.9600000e-01
   4.8799998e-02   7.0000000e-01
   4.8871718e-02   7.0400000e-01
   4.9283055e-02   7.0800000e-01
   4.9438899e-02   7.1200000e-01
   4.9517259e-02   7.1600000e-01
   4.9571931e-02   7.2000000e-01
   4.9865575e-02   7.2400000e-01
   5.0380750e-02   7.2800000e-01
   5.0660770e-02   7.3200000e-01
   5.1535631e-02   7.3600000e-01
   5.1766306e-02   7.4000000e-01
   5.1775391e-02   7.4400000e-01
   5.2856217e-02   7.4800000e-01
   5.3776804e-02   7.5200000e-01
   5.4293579e-02   7.5600000e-01
   5.4370313e-02   7.6000000e-01
   5.5053482e-02   7.6400000e-01
   5.5856180e-02   7.6800000e-01
   5.6396998e-02   7.7200000e-01
   5.7657045e-02   7.7600000e-01
   5.8266104e-02   7.8000000e-01
   5.8308286e-02   7.8400000e-01
   5.8454658e-02   7.8800000e-01
   5.8502966e-02   7.9200000e-01
   5.9164784e-02   7.9600000e-01
   5.9440345e-02   8.0000000e-01
   5.9778279e-02   8.0400000e-01
   6.0188525e-02   8.0800000e-01
   6.0771183e-02   8.1200000e-01
   6.1313836e-02   8.1600000e-01
   6.1639213e-02   8.2000000e-01
   6.2012202e-02   8.2400000e-01
   6.3012314e-02   8.2800000e-01
   6.3921235e-02   8.3200000e-01
   6.4227220e-02   8.3600000e-01
   6.5211119e-02   8.4000000e-01
   6.5228729e-02   8.4400000e-01
   6.5666932e-02   8.4800000e-01
   6.6421610e-02   8.5200000e-01
   6.6766971e-02   8.5600000e-01
   6.7408868e-02   8.6000000e-01
   6.9067299e-02   8.6400000e-01
   6.9101421e-02   8.6800000e-01
   6.9362555e-02   8.7200000e-01
   6.9458567e-02   8.7600000e-01
   7.0699461e-02   8.8000000e-01
   7.2349068e-02   8.8400000e-01
   7.2900713e-02   8.8800000e-01
   7.5116323e-02   8.9200000e-01
   7.5839404e-02   8.9600000e-01
   7.7357096e-02   9.0000000e-01
   7.8274566e-02   9.0400000e-01
   7.8403283e-02   9.0800000e-01
   8.1329338e-02   9.1200000e-01
   8.1646456e-02   9.1600000e-01
   8.3972532e-02   9.2000000e-01
   8.6401762e-02   9.2400000e-01
   8.9423754e-02   9.2800000e-01
   8.9432764e-02   9.3200000e-01
   9.2713916e-02   9.3600000e-01
   9.2983975e-02   9.4000000e-01
   9.3508898e-02   9.4400000e-01
   1.0075042e-01   9.4800000e-01
   1.0344744e-01   9.5200000e-01
   1.0391774e-01   9.5600000e-01
   1.0437324e-01   9.6000000e-01
   1.0557610e-01   9.6400000e-01
   1.0790407e-01   9.6800000e-01
   1.0858520e-01   9.7200000e-01
   1.1299434e-01   9.7600000e-01
   1.2351520e-01   9.8000000e-01
   1.2760617e-01   9.8400000e-01
   1.3412803e-01   9.8800000e-01
   1.5585641e-01   9.9200000e-01
   1.6451346e-01   9.9600000e-01
   1.8474838e-01   1.0000000e+00
